/*--------------------------------*- C++ -*----------------------------------*\
| =========                 |                                                 |
| \\      /  F ield         | OpenFOAM: The Open Source CFD Toolbox           |
|  \\    /   O peration     | Version:  2.4.0                                 |
|   \\  /    A nd           | Web:      www.OpenFOAM.org                      |
|    \\/     M anipulation  |                                                 |
\*---------------------------------------------------------------------------*/
FoamFile
{
    version     2.0;
    format      ascii;
    class       volScalarField;
    location    "4.18";
    object      epsilon;
}
// * * * * * * * * * * * * * * * * * * * * * * * * * * * * * * * * * * * * * //

dimensions      [0 2 -3 0 0 0 0];

internalField   nonuniform List<scalar> 
6000
(
54.1733
1.09738
0.0203148
0.13445
0.0725572
0.0863808
0.0616891
0.0576807
0.0462625
0.0421296
0.0367241
0.0344795
0.0325287
0.032379
0.032967
0.0347606
0.0372862
0.0407247
0.0449895
0.0503387
0.0569581
0.0651364
0.0750562
0.0868419
0.100484
0.115882
0.13282
0.150981
0.16994
0.189163
0.207988
0.225628
0.241169
0.253578
0.261666
0.264268
0.260313
0.248928
0.22975
0.203141
0.17076
0.135572
0.101358
0.105528
0.16686
0.258111
0.38752
0.570146
0.808422
1.13286
1.51793
2.06257
2.62618
3.58868
4.32783
6.34565
7.02569
12.3943
11.8675
28.5779
17.723
0.975392
0.0253847
0.0742041
0.0418277
0.0474128
0.0344159
0.0316836
0.0255711
0.0231093
0.0201588
0.0188068
0.0176722
0.0174443
0.0176077
0.0183568
0.0194577
0.0209758
0.0228631
0.0252235
0.028128
0.031684
0.0359476
0.0409448
0.0466465
0.0529899
0.0598745
0.067172
0.0747248
0.0823464
0.0898164
0.0968788
0.103239
0.108558
0.11244
0.11449
0.114305
0.111508
0.10584
0.0972213
0.0859774
0.0729131
0.0594158
0.0629536
0.0913475
0.130803
0.183472
0.254014
0.342864
0.459959
0.597722
0.787647
0.98906
1.318
1.59514
2.26836
2.58263
4.31928
4.41128
9.63742
7.13601
0.711125
0.0303184
0.0435346
0.0252921
0.0273222
0.0200984
0.0182362
0.0148049
0.013297
0.0116242
0.0108055
0.0101477
0.00997822
0.0100376
0.01041
0.0109771
0.0117654
0.0127529
0.0139899
0.0155123
0.0173699
0.0195853
0.0221642
0.0250857
0.0283138
0.0317979
0.0354782
0.0392861
0.0431448
0.0469667
0.0506526
0.0540886
0.0571366
0.0596551
0.0614646
0.0623817
0.0622155
0.060795
0.0579955
0.0538401
0.0485583
0.0427848
0.0459397
0.0616813
0.0823411
0.108274
0.140949
0.180232
0.229676
0.286751
0.362675
0.444682
0.572069
0.688804
0.941815
1.09524
1.72442
1.86729
3.68474
3.42005
0.518223
0.0345448
0.0274512
0.0160648
0.0164903
0.0122436
0.0109529
0.00894002
0.00799274
0.00701575
0.00652091
0.00614724
0.0060551
0.00610958
0.00634849
0.00671108
0.00721015
0.00783825
0.00862507
0.00959424
0.0107743
0.0121779
0.0138061
0.0156445
0.0176698
0.0198516
0.0221558
0.0245455
0.0269811
0.02942
0.0318152
0.0341132
0.036252
0.0381725
0.0397806
0.0409848
0.0416846
0.0417798
0.0411809
0.0398567
0.0378577
0.035523
0.038391
0.0483312
0.0608536
0.075863
0.0938606
0.114659
0.139614
0.167728
0.20335
0.24208
0.298553
0.353919
0.46082
0.540518
0.793824
0.899666
1.59492
1.89782
0.395521
0.0386581
0.0190391
0.0107913
0.0104312
0.00777207
0.00685026
0.00561747
0.00500816
0.00442498
0.00413046
0.00392947
0.00390251
0.00397716
0.00417129
0.00445327
0.00483103
0.00530468
0.0058951
0.0066207
0.00750095
0.00854457
0.00975081
0.0111085
0.0126004
0.0142049
0.0158994
0.0176607
0.0194659
0.0212918
0.0231142
0.024905
0.0266437
0.0282947
0.0298083
0.0311357
0.0322202
0.0329996
0.0334099
0.0334085
0.0329777
0.0323339
0.0349651
0.0418954
0.0503299
0.0600709
0.0713094
0.0839555
0.0985955
0.114857
0.134532
0.156055
0.185223
0.215422
0.266862
0.312016
0.425853
0.495993
0.788898
1.19136
0.318418
0.0429832
0.0149633
0.00777133
0.00694543
0.00514864
0.0044613
0.0036711
0.0032698
0.0029169
0.00274819
0.00265369
0.00267449
0.00277043
0.00295064
0.00319875
0.00352107
0.00392182
0.00441783
0.00502504
0.00575852
0.00662495
0.00762297
0.00874338
0.00997253
0.0112945
0.0126936
0.0141548
0.0156645
0.0172099
0.0187781
0.0203547
0.0219343
0.0234906
0.0249946
0.026416
0.0277175
0.0288556
0.029782
0.0304558
0.030837
0.0310856
0.0335223
0.0387288
0.0448698
0.0517297
0.0593749
0.0677903
0.07727
0.087751
0.100028
0.113663
0.130995
0.149901
0.178275
0.206803
0.264388
0.311512
0.448162
0.829182
0.268834
0.0475736
0.0135365
0.00612578
0.00491111
0.00357578
0.00303234
0.00249864
0.002227
0.00201213
0.00192317
0.00189485
0.00194824
0.00206051
0.00223697
0.00246972
0.0027648
0.00312887
0.00357691
0.00412361
0.00478178
0.00555718
0.00644858
0.00744862
0.00854668
0.00973099
0.0109904
0.012315
0.0136962
0.0151261
0.0165973
0.0181021
0.0196355
0.0211781
0.02271
0.024209
0.0256477
0.026993
0.0282077
0.0292574
0.030093
0.0308481
0.033123
0.0372517
0.0419808
0.0471042
0.0526286
0.0585733
0.0651003
0.0722885
0.0805206
0.0898444
0.101189
0.114228
0.131839
0.151707
0.184436
0.217913
0.288266
0.628417
0.235882
0.0523369
0.0138439
0.0054069
0.00374014
0.00262515
0.00216159
0.00177703
0.00158612
0.00145521
0.0014169
0.0014299
0.00150488
0.0016287
0.00180518
0.00203136
0.00231358
0.00266008
0.00308503
0.00360249
0.00422418
0.00495568
0.00579642
0.00674081
0.00778065
0.00890695
0.0101114
0.0113866
0.0127263
0.0141249
0.0155762
0.0170757
0.0186155
0.0201808
0.0217558
0.0233224
0.024859
0.0263388
0.0277327
0.0290118
0.0301197
0.0311803
0.0333171
0.0367194
0.0405075
0.0444956
0.0486607
0.0530344
0.0577104
0.0628211
0.0685627
0.0751786
0.0830128
0.0924534
0.10431
0.119028
0.139568
0.164623
0.204019
0.510218
0.213249
0.0571173
0.0153618
0.00536695
0.00312177
0.00206192
0.00162868
0.00132761
0.00118553
0.00110569
0.00109943
0.00113849
0.00122801
0.00136047
0.0015392
0.00176431
0.0020426
0.00238339
0.00280052
0.0033078
0.00391656
0.00463267
0.00545644
0.00638376
0.00740812
0.00852224
0.00971922
0.0109929
0.0123377
0.0137487
0.0152203
0.0167466
0.0183191
0.0199253
0.0215512
0.023181
0.0247963
0.0263744
0.0278919
0.0293202
0.0306013
0.0318528
0.033868
0.0367494
0.0398678
0.0430611
0.0462921
0.0495965
0.05303
0.0567388
0.0608272
0.0656004
0.0711535
0.0781226
0.0864868
0.0976908
0.111562
0.130891
0.154475
0.43737
0.197245
0.0617443
0.0177479
0.00587237
0.00289654
0.00175709
0.00131073
0.00104952
0.000934219
0.00088462
0.000898434
0.000954332
0.00105432
0.00119419
0.00137721
0.00160543
0.00188612
0.00222934
0.00264883
0.00315843
0.0037695
0.00448846
0.0053165
0.00625063
0.00728548
0.00841464
0.00963185
0.0109312
0.0123074
0.0137552
0.0152685
0.0168394
0.0184594
0.0201168
0.0217985
0.0234895
0.0251735
0.0268302
0.0284402
0.0299665
0.0313635
0.0327345
0.0346393
0.0371277
0.039743
0.0423472
0.0448979
0.0474314
0.049982
0.0526941
0.0556247
0.0590836
0.0630593
0.0682341
0.074278
0.0828844
0.0927152
0.107807
0.122671
0.390902
0.185658
0.0660633
0.0207473
0.00684375
0.00298847
0.00164222
0.00113942
0.000885434
0.000780309
0.000747039
0.000773044
0.000840242
0.000948557
0.00109572
0.00128501
0.00151975
0.00180763
0.00215917
0.00258819
0.00310869
0.00373238
0.0044663
0.00531246
0.00626872
0.00733037
0.00849141
0.0097457
0.0110872
0.0125105
0.0140096
0.0155768
0.0172027
0.0188789
0.0205937
0.0223339
0.0240849
0.0258315
0.0275545
0.0292345
0.0308258
0.0323014
0.0337441
0.035546
0.0377245
0.0399449
0.0420915
0.0441218
0.0460717
0.0479636
0.0499351
0.052018
0.0545062
0.0573435
0.0611801
0.0655922
0.07222
0.0793975
0.0912383
0.10097
0.360496
0.177121
0.0699565
0.0241472
0.00823137
0.00335765
0.00168515
0.00107811
0.000803233
0.000694302
0.000667222
0.000699926
0.000775003
0.000890621
0.00104549
0.00124294
0.00148707
0.00178586
0.00215018
0.00259398
0.00313155
0.00377508
0.00453228
0.00540591
0.00639442
0.00749349
0.00869719
0.00999926
0.0113933
0.0128733
0.0144329
0.0160609
0.0177482
0.0194856
0.0212612
0.0230611
0.0248703
0.0266747
0.028455
0.0301841
0.03182
0.0333471
0.0348273
0.0365308
0.0384558
0.0403542
0.0421314
0.043747
0.0452366
0.0466164
0.0480157
0.0494537
0.0512024
0.0531896
0.0560089
0.0592285
0.0643346
0.0696677
0.0789953
0.0855394
0.340226
0.170763
0.0733524
0.0277572
0.00998924
0.00398409
0.00187751
0.00110947
0.000785875
0.000659836
0.000630602
0.00066574
0.00074638
0.000868818
0.00103206
0.00123937
0.00149531
0.00180805
0.00218867
0.00265126
0.00321051
0.00387911
0.0046655
0.00557306
0.00660067
0.00774422
0.00899767
0.0103544
0.0118076
0.0133506
0.0149756
0.0166687
0.018421
0.0202223
0.0220598
0.0239191
0.0257843
0.0276416
0.0294693
0.0312303
0.0328962
0.0344536
0.0359454
0.037553
0.0392631
0.0408909
0.0423597
0.0436335
0.0447474
0.0457148
0.0466573
0.0475881
0.0487577
0.0500907
0.0521224
0.0544448
0.0583729
0.0623711
0.0697551
0.074231
0.326535
0.166003
0.0762256
0.0314053
0.0120636
0.00486015
0.00221957
0.00122887
0.000825841
0.000668565
0.000629297
0.000663027
0.000747383
0.000876359
0.00104867
0.00126737
0.0015372
0.00186646
0.00226626
0.00275088
0.00333536
0.00403297
0.00485281
0.00579884
0.00687024
0.00806299
0.00937081
0.0107867
0.0123032
0.0139129
0.0156058
0.0173663
0.0191851
0.021051
0.0229502
0.0248671
0.0267851
0.0286904
0.0305512
0.0323333
0.0340165
0.0355864
0.0370693
0.0385818
0.0401041
0.0414979
0.0427022
0.0436858
0.0444842
0.0451098
0.0456774
0.0461978
0.0469027
0.0477192
0.0491301
0.0507605
0.0537692
0.0567709
0.0626517
0.0657337
0.317205
0.162445
0.0785905
0.0349417
0.0143874
0.00598059
0.0027147
0.00144111
0.000922173
0.00071738
0.000659666
0.00068799
0.000774265
0.000909481
0.00109149
0.00132293
0.0016085
0.0019565
0.00237798
0.00288731
0.00349988
0.0042295
0.00508593
0.00607361
0.00719194
0.00843695
0.00980203
0.0112797
0.0128618
0.0145405
0.0163019
0.0181303
0.0200157
0.0219454
0.0239045
0.0258763
0.0278428
0.0297875
0.031669
0.0334636
0.0351523
0.0367191
0.0381761
0.0395928
0.0409463
0.0421326
0.0431044
0.0438359
0.044363
0.0446984
0.0449513
0.0451322
0.0454561
0.0458558
0.0467688
0.0478542
0.0501379
0.0523772
0.0570908
0.0592007
0.310815
0.159806
0.0804908
0.0382451
0.0168793
0.00733375
0.00336948
0.00175517
0.00107905
0.000806967
0.000721011
0.000739311
0.000825453
0.000966442
0.00115862
0.001404
0.00170696
0.00207571
0.00252108
0.00305744
0.00370045
0.00446443
0.00535971
0.00639122
0.00755849
0.00885758
0.0102815
0.0118223
0.0134711
0.0152194
0.0170485
0.0189442
0.0208948
0.0228863
0.0249025
0.0269253
0.0289353
0.0309054
0.0328
0.0345982
0.0362811
0.0378306
0.0392472
0.0405663
0.041764
0.0427621
0.0435253
0.0440331
0.0443223
0.0444066
0.0443905
0.0442851
0.0442917
0.0443489
0.0448568
0.0455051
0.0472106
0.0488545
0.0526551
0.0540663
0.30643
0.157876
0.0819885
0.0412276
0.0194482
0.00889672
0.0041919
0.00217907
0.00130531
0.000941162
0.00081494
0.000817527
0.000900967
0.00104697
0.0012496
0.00150992
0.00183177
0.00222311
0.00269438
0.00325982
0.00393525
0.0047354
0.00567117
0.00674793
0.00796526
0.00931929
0.0108027
0.0124069
0.0141223
0.015939
0.0178347
0.0197958
0.0218092
0.0238594
0.0259288
0.0279978
0.0300403
0.0320262
0.0339264
0.035719
0.0373848
0.0389038
0.0402669
0.0414855
0.042536
0.0433601
0.0439325
0.0442384
0.0443155
0.0441792
0.0439299
0.0435799
0.0433186
0.0430908
0.0432649
0.0435578
0.0447968
0.045968
0.0490475
0.0499432
0.303426
0.156498
0.0831533
0.0438364
0.0219993
0.0106327
0.00518499
0.00272214
0.00161153
0.00112675
0.000945105
0.000924743
0.00100212
0.00115194
0.00136503
0.00164113
0.00198317
0.0023988
0.00289783
0.00349419
0.00420373
0.00504149
0.00601886
0.00714166
0.00840946
0.0098185
0.0113611
0.0130281
0.0148093
0.0166922
0.0186522
0.0206761
0.0227489
0.0248538
0.0269715
0.0290783
0.0311415
0.0331361
0.0350334
0.0368107
0.0384482
0.0399241
0.0412217
0.0423359
0.0432447
0.0439046
0.0442998
0.0444207
0.0443063
0.0439738
0.0435202
0.0429592
0.0424699
0.0420026
0.0418992
0.0419003
0.0427594
0.0435503
0.0460542
0.0465613
0.301375
0.155548
0.084055
0.0460521
0.0244431
0.012491
0.00634346
0.00339445
0.00200658
0.00137356
0.00111717
0.00106451
0.00113137
0.00128324
0.00150644
0.00179891
0.00216229
0.00260377
0.00313225
0.00376122
0.00450633
0.00538281
0.00640249
0.00757162
0.0088897
0.0103532
0.011954
0.0136825
0.0155278
0.0174737
0.0194952
0.0215781
0.0237061
0.0258607
0.02802
0.0301514
0.0322281
0.0342234
0.0361088
0.0378606
0.0394584
0.0408789
0.0420999
0.0431051
0.0438746
0.0443774
0.0446055
0.0445547
0.0442654
0.0437569
0.0431231
0.0423791
0.0416948
0.0410256
0.0406904
0.0404503
0.0409975
0.0414798
0.0435195
0.0437289
0.299986
0.154931
0.0847578
0.047883
0.026703
0.0144096
0.00765089
0.00420233
0.0025007
0.00169132
0.00133892
0.00124187
0.00129228
0.00144366
0.00167617
0.00198532
0.00237096
0.00283969
0.00339922
0.00406232
0.00484428
0.00576034
0.00682268
0.00803801
0.00940567
0.0109224
0.0125799
0.014368
0.0162751
0.0182799
0.020359
0.0224966
0.0246748
0.0268732
0.0290605
0.0312091
0.0332911
0.0352784
0.0371421
0.0388578
0.0404044
0.0417575
0.0428909
0.0437816
0.0444126
0.0447628
0.0448314
0.0446194
0.044169
0.0435015
0.0427081
0.0418053
0.040954
0.0401147
0.0395856
0.0391461
0.0394363
0.0396668
0.0413283
0.0413078
0.299055
0.154568
0.0853169
0.0493588
0.0287214
0.0163199
0.00907844
0.00514574
0.00310362
0.00208884
0.00162011
0.0014634
0.00148954
0.00163689
0.00187735
0.00220314
0.00261168
0.00310888
0.00370088
0.00439951
0.00521942
0.0061757
0.00728076
0.0085418
0.00995791
0.0115263
0.0132383
0.0150835
0.0170484
0.0191083
0.0212405
0.0234276
0.0256501
0.0278788
0.0300866
0.0322444
0.0343229
0.0362925
0.0381243
0.0397927
0.0412763
0.0425499
0.0435851
0.0443553
0.0448468
0.045047
0.0449617
0.0445972
0.0439974
0.0431857
0.0422508
0.0412102
0.0402168
0.039235
0.0385445
0.0379408
0.0380187
0.0380438
0.0393953
0.0391966
0.298441
0.154397
0.0857773
0.0505227
0.0304629
0.0181535
0.0105852
0.00621587
0.00382178
0.00257609
0.0019694
0.00173737
0.00172902
0.00186751
0.00211381
0.00245578
0.00288756
0.00341422
0.00403993
0.00477533
0.00563415
0.00663109
0.00777868
0.00908464
0.0105476
0.0121655
0.0139296
0.0158287
0.0178466
0.0199573
0.0221372
0.0243674
0.0266217
0.0288732
0.0310932
0.0332512
0.0353165
0.0372583
0.039047
0.0406567
0.0420652
0.0432474
0.044174
0.0448171
0.0451669
0.0452181
0.044983
0.044473
0.0437338
0.0427912
0.0417311
0.0405719
0.0394586
0.038359
0.0375354
0.036798
0.0367015
0.0365597
0.0376557
0.0373201
0.298046
0.154368
0.0861737
0.0514254
0.0319145
0.0198486
0.0121205
0.00739346
0.00465613
0.00316141
0.00239587
0.00207244
0.00201785
0.00214101
0.00239014
0.00274729
0.00320224
0.00375907
0.00441953
0.00519277
0.00609131
0.00712918
0.00831886
0.00966866
0.0111767
0.0128415
0.0146547
0.0166042
0.0186695
0.0208257
0.0230457
0.025308
0.0275863
0.0298523
0.0320755
0.0342241
0.0362658
0.0381688
0.039903
0.0414419
0.0427631
0.043842
0.0446494
0.0451585
0.0453633
0.0452657
0.0448837
0.044234
0.0433644
0.0423029
0.0411325
0.0398726
0.0386597
0.0374648
0.0365336
0.0356896
0.0354509
0.0351753
0.0360604
0.0356218
0.2978
0.154442
0.0865314
0.0521183
0.0330829
0.021356
0.0136283
0.00864829
0.00560004
0.00384974
0.00290801
0.00247696
0.00236418
0.00246375
0.00271161
0.00308228
0.00355989
0.00414726
0.0048432
0.00565516
0.00659405
0.00767296
0.00890409
0.0102964
0.0118472
0.0135562
0.015415
0.0174105
0.0195174
0.0217094
0.0239606
0.0262472
0.0285413
0.0308126
0.0330293
0.035158
0.0371651
0.0390178
0.0406853
0.0421409
0.0433624
0.0443259
0.0450038
0.0453715
0.0454275
0.0451802
0.0446535
0.0438694
0.0428776
0.0417083
0.0404419
0.0390978
0.0378044
0.0365351
0.0355195
0.0345934
0.0342407
0.0338602
0.0345716
0.0340586
0.297654
0.154587
0.0868676
0.0526501
0.0339909
0.0226424
0.0150525
0.00994025
0.00663766
0.00464079
0.00351214
0.00295877
0.00277583
0.00284332
0.00308407
0.00346582
0.00396505
0.00458292
0.00531479
0.00616609
0.00714577
0.00826565
0.00953741
0.0109707
0.0125618
0.0143116
0.0162124
0.0182462
0.0203856
0.0226063
0.0248808
0.0271832
0.0294837
0.0317506
0.0339503
0.0360481
0.0380089
0.039799
0.0413872
0.0427468
0.0438559
0.0446921
0.0452301
0.0454489
0.0453518
0.0449536
0.044284
0.04337
0.0422638
0.0409974
0.0396483
0.0382359
0.0368802
0.0355563
0.0344778
0.033492
0.0330506
0.0325907
0.0331601
0.0325975
0.297576
0.154779
0.0871931
0.053064
0.0346717
0.0236927
0.0163424
0.0112221
0.00774321
0.00552709
0.00421072
0.00352409
0.00325963
0.0032866
0.00351508
0.00390333
0.00442255
0.00507045
0.00583828
0.00672925
0.00774996
0.00891058
0.0102219
0.0116944
0.0133231
0.0151091
0.0170447
0.0191092
0.0212741
0.0235156
0.0258049
0.0281138
0.0304111
0.032663
0.0348346
0.0368895
0.0387917
0.0405064
0.0420023
0.0432526
0.0442366
0.0449336
0.0453215
0.0453839
0.0451293
0.0445787
0.0437676
0.0427284
0.0415152
0.040162
0.0387434
0.0372782
0.0358774
0.0345177
0.0333965
0.0323719
0.0318646
0.0313485
0.0318034
0.0312131
0.297541
0.155
0.0875134
0.0533956
0.0351643
0.0245088
0.0174584
0.0124438
0.00888156
0.00649264
0.00500068
0.00417618
0.00382102
0.00379919
0.00400988
0.00440137
0.00493866
0.00561439
0.00641763
0.00734827
0.00840999
0.00961093
0.0109607
0.0124683
0.0141304
0.0159479
0.0179131
0.0199999
0.0221826
0.0244364
0.0267313
0.029037
0.0313203
0.0335461
0.0356776
0.0376772
0.0395077
0.0411337
0.0425237
0.0436516
0.0444975
0.0450436
0.0452715
0.0451701
0.0447537
0.0440494
0.0430984
0.0419385
0.0406259
0.0391963
0.037721
0.0362179
0.0347889
0.0334114
0.0322666
0.0312229
0.0306707
0.0301193
0.0304841
0.0298855
0.297533
0.155235
0.087831
0.0536736
0.0355093
0.025107
0.0183747
0.0135573
0.0100103
0.00751218
0.00587174
0.00491379
0.00446282
0.0043852
0.00457272
0.00496398
0.00551712
0.00621929
0.00705689
0.00802636
0.00912819
0.0103681
0.011754
0.0132937
0.0149852
0.0168291
0.0188164
0.0209181
0.0231105
0.0253676
0.0276581
0.0299499
0.032208
0.0343956
0.0364745
0.0384056
0.0401509
0.0416744
0.0429448
0.0439366
0.0446318
0.0450154
0.0450737
0.0448017
0.0442193
0.0433604
0.0422716
0.040996
0.0395917
0.0380963
0.0365769
0.0350508
0.0336098
0.0322319
0.0310817
0.0300375
0.0294597
0.0288925
0.0291887
0.0285998
0.297542
0.155474
0.0881457
0.0539191
0.0357448
0.0255141
0.0190812
0.0145217
0.0110833
0.00855183
0.00680527
0.00572951
0.00518388
0.00504621
0.00520607
0.00559388
0.00616064
0.00688767
0.00775827
0.00876539
0.00990608
0.0111833
0.012603
0.0141715
0.015888
0.0177532
0.0197545
0.0218631
0.0240565
0.0263071
0.0285826
0.0308492
0.0330701
0.0352069
0.0372198
0.0390687
0.0407147
0.0421215
0.0432581
0.0441005
0.0446323
0.0448423
0.0447221
0.0442731
0.0435216
0.0425077
0.0412838
0.039898
0.0384105
0.0368598
0.0353093
0.0337746
0.0323376
0.030976
0.0298378
0.0288105
0.0282252
0.0276601
0.0279074
0.0273443
0.29756
0.155711
0.0884561
0.0541472
0.0359047
0.0257634
0.019583
0.0153077
0.0120552
0.00957096
0.00777398
0.00660851
0.00597761
0.00578
0.00590967
0.00629161
0.00687017
0.00762055
0.00852272
0.00956605
0.0107441
0.0120567
0.0135077
0.0151016
0.0168385
0.0187197
0.020726
0.0228333
0.0250181
0.0272519
0.0295013
0.0317306
0.0339016
0.0359742
0.0379073
0.0396597
0.0411917
0.0424673
0.0434562
0.0441356
0.0444919
0.0445178
0.0442109
0.0435795
0.0426564
0.0414883
0.0401331
0.0386436
0.0370817
0.0354869
0.0339183
0.0323895
0.0309718
0.0296427
0.0285329
0.0275391
0.026963
0.0264165
0.0266328
0.0261104
0.297583
0.15594
0.0887604
0.0543676
0.0360172
0.0258904
0.0198977
0.0158997
0.0128863
0.0105256
0.00874277
0.00752777
0.00683068
0.00657925
0.00667936
0.00705462
0.00764405
0.00841678
0.00934924
0.0104273
0.0116411
0.0129871
0.0144666
0.0160823
0.017835
0.0197248
0.0217285
0.0238256
0.0259918
0.0281979
0.0304092
0.0325886
0.0346963
0.0366907
0.0385295
0.0401705
0.0415739
0.0427036
0.0435305
0.0440339
0.044203
0.0440353
0.0435346
0.0427166
0.0416209
0.0403006
0.038819
0.0372335
0.0356071
0.03398
0.0324064
0.0308976
0.0295142
0.0282329
0.0271673
0.0262224
0.0256711
0.0251585
0.02536
0.0248918
0.297606
0.156159
0.0890564
0.054586
0.0361044
0.0259296
0.0200522
0.0162969
0.0135468
0.0113725
0.00967086
0.00845632
0.00772216
0.00743037
0.00750593
0.00787619
0.00847707
0.00927211
0.0102342
0.0113458
0.0125936
0.013971
0.0154762
0.01711
0.018874
0.0207644
0.0227575
0.0248351
0.0269725
0.0291393
0.0313001
0.0334162
0.0354466
0.0373482
0.0390777
0.0405923
0.0418519
0.0428212
0.0434723
0.043787
0.0437583
0.0433883
0.0426881
0.0416808
0.0404131
0.0389444
0.0373431
0.0356706
0.0339907
0.0323436
0.0307784
0.0293036
0.027969
0.02675
0.0257431
0.0248614
0.0243494
0.0238847
0.0240862
0.0236845
0.297629
0.156365
0.0893422
0.0548052
0.0361824
0.0259119
0.0200786
0.0165119
0.0140201
0.0120743
0.0105153
0.00935656
0.00862338
0.00831266
0.0083741
0.00874439
0.00935946
0.0101783
0.0111702
0.0123148
0.0135954
0.0150022
0.0165305
0.0181788
0.0199497
0.0218321
0.0238066
0.0258552
0.0279527
0.0300683
0.0321656
0.0342047
0.0361432
0.0379371
0.0395421
0.0409149
0.0420156
0.04281
0.043272
0.0433864
0.04315
0.0425709
0.041667
0.0404698
0.0390327
0.0374214
0.0357089
0.0339601
0.0322388
0.0305848
0.0290416
0.0276146
0.0263425
0.0251995
0.0242646
0.0234593
0.0229996
0.0225953
0.0228104
0.022486
0.29765
0.156558
0.0896166
0.0550258
0.0362624
0.0258634
0.0200106
0.0165676
0.0143038
0.0126032
0.0112352
0.010187
0.00949893
0.00919811
0.00926183
0.00964122
0.010276
0.011122
0.0121457
0.0133236
0.0146364
0.0160711
0.0176201
0.0192795
0.0210515
0.0229189
0.0248665
0.0268762
0.0289228
0.0309749
0.0329953
0.0349431
0.036775
0.0384458
0.0399108
0.0411265
0.0420536
0.0426591
0.0429194
0.0428228
0.0423707
0.0415772
0.0404679
0.0390824
0.0374811
0.0357354
0.0339224
0.0321099
0.0303608
0.0287138
0.0272063
0.0258404
0.0246437
0.0235889
0.0227383
0.0220208
0.0216252
0.0212923
0.0215331
0.0212957
0.297669
0.156739
0.0898784
0.0552472
0.0363509
0.0258045
0.0198803
0.0164943
0.0144088
0.0129445
0.0117964
0.0109058
0.0103087
0.0100522
0.0101402
0.0105421
0.0112051
0.0120843
0.0131435
0.0143566
0.0157021
0.0171639
0.0187317
0.0203992
0.0221662
0.0240122
0.0259247
0.0278858
0.0298703
0.0318463
0.0337762
0.0356184
0.0373286
0.0388611
0.0401706
0.0412141
0.0419531
0.0423567
0.042404
0.0420873
0.0414132
0.0404025
0.0390886
0.0375192
0.0357616
0.0338926
0.0319925
0.0301307
0.0283689
0.0267434
0.0252855
0.0239934
0.022884
0.0219283
0.0211726
0.0205528
0.0202314
0.0199793
0.0202565
0.020114
0.297685
0.156907
0.0901272
0.055468
0.0364513
0.0257503
0.0197162
0.0163251
0.0143575
0.0130976
0.0121755
0.0114757
0.0110112
0.0108356
0.0109744
0.0114162
0.0121192
0.0130399
0.0141406
0.0153927
0.0167725
0.0182618
0.0198474
0.0215208
0.0232769
0.0250955
0.0269651
0.0288681
0.0307794
0.0326669
0.0344927
0.0362149
0.0377884
0.0391673
0.0403064
0.0411632
0.0417007
0.0418904
0.0417149
0.041171
0.0402712
0.0390432
0.0375285
0.035783
0.0338805
0.0319023
0.0299311
0.028037
0.0262788
0.0246902
0.0232955
0.0220892
0.0210775
0.0202301
0.019578
0.0190639
0.0188251
0.0186613
0.0189841
0.018943
0.297699
0.157063
0.090363
0.0556867
0.0365644
0.0257105
0.0195413
0.0160928
0.01418
0.0130756
0.0123625
0.0118678
0.0115676
0.0115072
0.0117249
0.0122269
0.0129842
0.0139572
0.0151074
0.0164043
0.0178222
0.0193406
0.0209441
0.022622
0.0243625
0.0261481
0.0279676
0.0298033
0.0316305
0.0334174
0.035126
0.036714
0.0381363
0.039347
0.0403013
0.0409579
0.0412818
0.0412473
0.0408412
0.0400656
0.0389392
0.0374972
0.0357893
0.0338794
0.0318469
0.0297773
0.0277541
0.0258466
0.0241101
0.0225742
0.0212561
0.0201462
0.0192411
0.0185091
0.0179673
0.0175645
0.0174147
0.0173449
0.0177208
0.0177857
0.297711
0.157208
0.0905858
0.0559019
0.0366895
0.025691
0.0193734
0.0158274
0.0139099
0.0129027
0.0123621
0.0120657
0.0119465
0.0120283
0.0123511
0.0129343
0.0137615
0.0147991
0.0160087
0.0173579
0.0188192
0.0203701
0.0219928
0.0236744
0.0253962
0.0271444
0.0289072
0.0306674
0.0324006
0.0340755
0.0356542
0.0370947
0.038352
0.0393808
0.0401371
0.0405814
0.0406812
0.0404144
0.0397727
0.0387639
0.0374138
0.035765
0.0338757
0.0318172
0.0296742
0.0275346
0.0254815
0.023582
0.0218863
0.020419
0.0191902
0.018186
0.0173945
0.0167826
0.0163551
0.016067
0.0160103
0.0160379
0.0164727
0.0166466
0.29772
0.157344
0.0907963
0.0561122
0.0368247
0.025694
0.0192247
0.0155538
0.0135812
0.0126109
0.0121921
0.0120675
0.0121277
0.0123664
0.0128146
0.0134975
0.0144099
0.0155242
0.0168038
0.0182142
0.0197258
0.0213141
0.0229591
0.0246441
0.0263464
0.028054
0.0297548
0.0314323
0.0330625
0.0346149
0.0360522
0.0373328
0.0384126
0.0392471
0.039794
0.0400158
0.0398835
0.0393792
0.0385001
0.0372606
0.0356937
0.0338502
0.0317961
0.0296098
0.02738
0.0251957
0.023138
0.02127
0.0196351
0.0182525
0.0171245
0.0162335
0.0155599
0.0150702
0.0147584
0.0145854
0.0146236
0.0147494
0.0152472
0.0155309
0.297728
0.15747
0.090995
0.0563166
0.0369678
0.0257197
0.0191029
0.0152914
0.0132246
0.0122355
0.0118812
0.0118856
0.012105
0.0124998
0.0130833
0.013879
0.0148883
0.01609
0.0174492
0.0189297
0.0204994
0.0221312
0.0238028
0.0254929
0.0271761
0.0288413
0.0304765
0.0320654
0.0335852
0.0350061
0.0362919
0.037402
0.0382935
0.0389234
0.0392514
0.0392434
0.0388739
0.0381305
0.0370163
0.0355529
0.0337813
0.0317602
0.0295635
0.0272754
0.0249873
0.0227877
0.0207535
0.0189419
0.0173886
0.0161058
0.0150888
0.0143161
0.0137621
0.0133934
0.0131957
0.0131352
0.0132675
0.0134899
0.0140526
0.0144451
0.297734
0.157588
0.0911827
0.0565145
0.0371165
0.0257662
0.0190115
0.0150538
0.0128663
0.0118117
0.0114649
0.0115457
0.0118876
0.0124209
0.0131363
0.0140483
0.0151603
0.0164557
0.0179011
0.0194591
0.021094
0.0227759
0.0244793
0.0261778
0.027844
0.0294666
0.0310341
0.0325306
0.0339343
0.0352167
0.0363429
0.037274
0.0379686
0.038386
0.038489
0.0382468
0.037639
0.036659
0.0353168
0.0336419
0.0316833
0.0295079
0.0271964
0.0248379
0.0225248
0.0203429
0.0183628
0.0166338
0.0151825
0.0140136
0.0131154
0.0124634
0.0120276
0.0117757
0.0116871
0.0117336
0.0119562
0.0122708
0.0128984
0.0133993
0.297738
0.157698
0.0913603
0.0567054
0.0372686
0.0258311
0.0189512
0.0148496
0.0125262
0.0113711
0.0109808
0.0110824
0.0114988
0.0121375
0.0129665
0.0139866
0.015198
0.0165863
0.0181194
0.0197582
0.0214635
0.0232009
0.0249414
0.0266527
0.028305
0.0298868
0.0313863
0.0327885
0.0340728
0.0352119
0.0361731
0.0369191
0.0374113
0.0376118
0.0374868
0.0370105
0.0361678
0.0349589
0.0334016
0.0315335
0.0294121
0.027112
0.02472
0.0223281
0.0200277
0.0178995
0.0160056
0.0143854
0.0130553
0.0120124
0.0112383
0.0107064
0.0103842
0.0102412
0.0102536
0.0103983
0.0107047
0.0111053
0.0117971
0.0124016
0.297742
0.157802
0.0915285
0.0568891
0.0374221
0.0259113
0.0189204
0.0146829
0.0122184
0.0109396
0.0104651
0.0105352
0.0109731
0.0116726
0.0125831
0.0136897
0.0149864
0.0164576
0.0180721
0.0197889
0.0215648
0.0233603
0.0251419
0.0268704
0.028513
0.0300569
0.0314902
0.0327984
0.0339622
0.0349561
0.0357496
0.0363081
0.0365958
0.0365788
0.0362277
0.0355219
0.0344533
0.0330292
0.0312761
0.0292401
0.0269872
0.0245989
0.0221666
0.0197835
0.0175372
0.0155006
0.0137251
0.0122388
0.0110472
0.0101392
0.00949149
0.00907576
0.00885923
0.0088144
0.00891655
0.00914763
0.00952877
0.0100085
0.0107601
0.0114608
0.297744
0.157901
0.0916882
0.0570658
0.0375755
0.0260036
0.0189164
0.0145545
0.0119513
0.0105369
0.00994913
0.00994398
0.0103517
0.0110617
0.0120108
0.0131705
0.0145262
0.0160597
0.0177396
0.0195231
0.021363
0.0232142
0.0250372
0.0267861
0.0284227
0.0299325
0.0313029
0.0325197
0.0335646
0.0344145
0.0350411
0.0354132
0.0354988
0.0352683
0.034698
0.0337735
0.032494
0.0308755
0.0289531
0.0267821
0.0244363
0.0220031
0.0195766
0.0172485
0.0150998
0.0131929
0.0115667
0.0102364
0.00919676
0.00842937
0.00790663
0.00760012
0.00747856
0.00751828
0.00769634
0.00799967
0.00844392
0.0089933
0.0097987
0.0105862
0.297746
0.157994
0.0918401
0.0572355
0.0377276
0.0261051
0.0189354
0.0144627
0.0117287
0.0101762
0.00945794
0.00934484
0.00967779
0.0103484
0.0112878
0.0124579
0.0138361
0.0154006
0.0171192
0.0189481
0.0208363
0.0227332
0.0245923
0.0263612
0.0279941
0.0294735
0.0307852
0.0319148
0.0328453
0.0335553
0.0340197
0.0342109
0.0341015
0.0336672
0.0328905
0.0317644
0.0302965
0.0285118
0.0264546
0.0241892
0.0217964
0.0193679
0.0169979
0.0147734
0.0127658
0.0110246
0.00957446
0.00841756
0.00753863
0.00691294
0.00651041
0.00630349
0.00626407
0.0063731
0.00661151
0.00697123
0.00746518
0.00807295
0.0089242
0.0097871
0.297747
0.158083
0.0919852
0.0573986
0.0378773
0.0262133
0.0189739
0.0144043
0.011551
0.00986467
0.0090092
0.00876755
0.0089916
0.00957915
0.0104612
0.0115947
0.0129515
0.0145068
0.0162277
0.0180701
0.0199807
0.0219037
0.0237861
0.0255688
0.0271967
0.0286477
0.029905
0.0309531
0.0317756
0.0323532
0.032664
0.0326846
0.0323926
0.03177
0.0308065
0.0295034
0.0278772
0.0259626
0.0238134
0.0215019
0.0191146
0.0167452
0.0144847
0.012412
0.010586
0.0090412
0.00778746
0.00681476
0.00609933
0.00561192
0.00532167
0.00520293
0.00523191
0.00539454
0.0056773
0.00607699
0.00660635
0.00725993
0.00814755
0.00907278
0.297748
0.158167
0.0921241
0.0575555
0.0380242
0.026326
0.019028
0.0143751
0.0114157
0.00960486
0.00861378
0.00823416
0.00832722
0.00879805
0.00958106
0.0106325
0.0119218
0.0134224
0.0151017
0.0169167
0.0188137
0.0207332
0.0226164
0.0243988
0.026015
0.0274365
0.0286421
0.0296147
0.0303375
0.0307931
0.0309627
0.0308276
0.0303713
0.0295825
0.028459
0.0270111
0.025265
0.023265
0.0210742
0.0187717
0.0164474
0.0141937
0.012095
0.0102183
0.00860756
0.0072813
0.00623545
0.00544968
0.00489417
0.00453732
0.00434912
0.00430658
0.00439071
0.00459237
0.00490449
0.00532853
0.00588183
0.00656559
0.00747889
0.00845212
0.297749
0.158249
0.0922575
0.0577067
0.0381677
0.0264412
0.0190944
0.0143708
0.0113189
0.00939574
0.00827661
0.00775884
0.00771044
0.00804295
0.00869547
0.00962623
0.0108049
0.012205
0.0137959
0.015537
0.0173762
0.0192532
0.0211049
0.0228637
0.024454
0.0258397
0.0269938
0.0278956
0.0285278
0.028874
0.0289186
0.0286477
0.028051
0.0271247
0.0258753
0.0243227
0.022503
0.02047
0.0182946
0.0160608
0.0138589
0.0117761
0.00988605
0.00824109
0.00686851
0.0057717
0.00493484
0.00433033
0.00392527
0.00368794
0.00359049
0.0036129
0.00374085
0.00396955
0.00429853
0.00473352
0.00529966
0.0059991
0.00692704
0.00793317
0.297749
0.158328
0.0923862
0.0578525
0.0383076
0.0265577
0.0191701
0.014387
0.0112558
0.00923378
0.00799796
0.00734872
0.00715826
0.00734268
0.00784536
0.00862745
0.00966046
0.0109198
0.0123777
0.0139975
0.0157311
0.0175199
0.0192997
0.0210021
0.0225442
0.0238812
0.0249793
0.0258132
0.0263635
0.0266144
0.0265531
0.0261705
0.0254627
0.0244341
0.0231
0.0214901
0.0196501
0.0176424
0.0155435
0.0134394
0.0114168
0.00955337
0.00790854
0.006518
0.0053929
0.00452377
0.00388668
0.00345041
0.00318195
0.00305132
0.0030336
0.00311164
0.00327503
0.00352242
0.00385939
0.00429582
0.00486478
0.00556708
0.006499
0.00752282
0.297749
0.158405
0.0925108
0.0579936
0.0384441
0.0266742
0.0192526
0.0144197
0.0112214
0.00911404
0.00777483
0.00700527
0.00667953
0.00671629
0.00706175
0.00767965
0.00854375
0.00963192
0.0109199
0.0123762
0.0139581
0.0156115
0.0172742
0.0188804
0.0203443
0.021613
0.0226453
0.0234104
0.0238859
0.0240559
0.0239099
0.0234433
0.0226588
0.0215685
0.0201969
0.0185829
0.0167807
0.0148593
0.0128981
0.0109808
0.00918599
0.00757804
0.00619984
0.00507045
0.00418738
0.00353231
0.00307742
0.00279143
0.00264359
0.00260687
0.00265939
0.00278637
0.00298022
0.00324193
0.00358219
0.00401551
0.00457859
0.0052732
0.00619959
0.0072264
0.297749
0.15848
0.0926319
0.0581304
0.038577
0.0267902
0.0193398
0.0144654
0.0112108
0.00903088
0.00760211
0.00672577
0.00627643
0.00617359
0.00636471
0.00681497
0.00749982
0.00839937
0.00949283
0.0107536
0.0121456
0.0136211
0.0151228
0.0165902
0.0179408
0.0191157
0.020067
0.0207584
0.021164
0.0212669
0.0210583
0.0205377
0.0197138
0.0186065
0.0172483
0.0156863
0.0139813
0.0122054
0.0104372
0.00875345
0.00722058
0.0058869
0.00477863
0.00390068
0.0032412
0.0027777
0.00248253
0.00232707
0.00228422
0.00233024
0.00244588
0.00261791
0.00284037
0.00311561
0.00345839
0.00388663
0.00443878
0.00511797
0.00603106
0.0070473
0.297749
0.158554
0.0927502
0.0582634
0.0387066
0.026905
0.0194302
0.014521
0.0112194
0.0089786
0.00747362
0.00650482
0.00594616
0.00571675
0.00576396
0.00605317
0.00656052
0.00726747
0.00815586
0.00920354
0.0103805
0.0116464
0.0129508
0.0142405
0.0154428
0.0164958
0.0173473
0.0179566
0.0182942
0.0183422
0.0180927
0.0175487
0.0167243
0.0156456
0.0143523
0.012897
0.0113439
0.00976474
0.00823224
0.00681217
0.00555589
0.00449538
0.00364261
0.00299274
0.00252956
0.00223078
0.00207189
0.00202844
0.0020773
0.0021976
0.00237188
0.00258754
0.00283918
0.00312975
0.00347737
0.00390062
0.0044398
0.00509872
0.00599287
0.00698663
0.297749
0.158627
0.0928661
0.0583933
0.0388332
0.0270183
0.0195224
0.014584
0.0112433
0.00895175
0.00738284
0.00633555
0.00568268
0.00534225
0.00526069
0.0054026
0.00574376
0.00626597
0.00695261
0.00778473
0.00873745
0.00977745
0.0108619
0.011946
0.0129708
0.0138762
0.0146091
0.0151261
0.0153958
0.015399
0.0151288
0.0145906
0.0138025
0.0127957
0.0116141
0.0103129
0.00895586
0.00760949
0.0063366
0.00518915
0.00420298
0.00339612
0.00277063
0.00231711
0.00201949
0.00185879
0.00181513
0.00186858
0.00199942
0.00218871
0.00241963
0.00267931
0.00296207
0.00327114
0.00362793
0.00404709
0.00457343
0.00520977
0.00608161
0.00704302
0.297749
0.1587
0.0929804
0.0585205
0.038957
0.02713
0.0196156
0.0146523
0.011279
0.00894543
0.00732345
0.00621055
0.00547817
0.00504293
0.00484988
0.0048623
0.00505491
0.00540902
0.00590848
0.00653625
0.0072713
0.00808606
0.00894513
0.00981131
0.0106418
0.0113821
0.0119818
0.0123982
0.0125996
0.0125665
0.0122929
0.0117859
0.0110662
0.0101671
0.00913405
0.00802094
0.00688656
0.00578846
0.00477683
0.00388928
0.00314838
0.00256239
0.00212858
0.00183743
0.00167612
0.00163052
0.00168565
0.00182543
0.00203244
0.0022884
0.00257592
0.002881
0.00319718
0.00352811
0.00389741
0.00431445
0.00482943
0.00544275
0.00629105
0.00721248
0.29775
0.158772
0.0930935
0.0586455
0.0390785
0.02724
0.0197091
0.0147243
0.0113237
0.00895538
0.00728965
0.00612255
0.00532415
0.00480965
0.00452262
0.00442483
0.00448965
0.00469739
0.00503165
0.00547633
0.00601291
0.00661823
0.00726312
0.00791709
0.00855228
0.0091226
0.0095835
0.00989612
0.0100307
0.00996913
0.00970609
0.00924975
0.00862141
0.0078543
0.00699137
0.00608166
0.00517546
0.0043189
0.00354916
0.00289153
0.00235918
0.00195539
0.00167688
0.00151699
0.00146766
0.00151981
0.00166272
0.001883
0.00216405
0.00248679
0.00283205
0.00318403
0.00353535
0.00389078
0.00427419
0.00469068
0.00519615
0.00578717
0.00661246
0.00748853
0.29775
0.158846
0.0932061
0.058769
0.039198
0.0273484
0.0198025
0.014799
0.0113752
0.00897801
0.00727632
0.00606483
0.0052123
0.00463263
0.00426802
0.00407885
0.00403711
0.004122
0.00431655
0.00460495
0.00497028
0.00539259
0.00584768
0.00631049
0.00676505
0.00717457
0.00750244
0.00771579
0.00778899
0.0077064
0.00746402
0.00707022
0.00654516
0.00591925
0.0052302
0.00451916
0.00382611
0.00318553
0.00262339
0.00215612
0.00179175
0.00153244
0.00137712
0.00132344
0.00136828
0.00150706
0.00173219
0.00203144
0.00238738
0.00277856
0.00318296
0.00358257
0.00396944
0.00435071
0.00474747
0.00516364
0.0056611
0.00623092
0.0070351
0.00786244
0.297751
0.15892
0.0933186
0.0588914
0.0393159
0.0274555
0.0198954
0.0148753
0.0114316
0.00901036
0.00727912
0.00603143
0.00513491
0.00450234
0.00407476
0.00381135
0.00368296
0.00366778
0.00374826
0.00390864
0.00413305
0.00440394
0.00470098
0.00500354
0.00530364
0.0055733
0.00578421
0.00591052
0.00593188
0.00583601
0.00562038
0.00529289
0.00487123
0.00438103
0.00385296
0.0033191
0.00280919
0.00234774
0.00195249
0.00163465
0.00140054
0.00125365
0.00119646
0.00123118
0.00135921
0.00157948
0.00188609
0.00226628
0.00269993
0.00316174
0.00362596
0.0040724
0.00449334
0.00490034
0.00530662
0.00572113
0.00621131
0.00676096
0.00754679
0.00832375
0.297752
0.158995
0.0934316
0.0590133
0.0394326
0.0275613
0.0199879
0.0149526
0.0114917
0.00905005
0.00729442
0.00601726
0.0050852
0.00441006
0.00393199
0.00360923
0.00341174
0.00331698
0.00330693
0.00336591
0.00347888
0.00363016
0.00380253
0.00397904
0.00415619
0.00431346
0.00442996
0.00448662
0.00446845
0.00436664
0.00418005
0.00391561
0.0035877
0.00321642
0.00282501
0.00243699
0.00207348
0.00175157
0.00148387
0.0012793
0.00114461
0.00108591
0.00110957
0.00122209
0.00142864
0.00173047
0.00212178
0.00258731
0.00310232
0.00363632
0.00415937
0.0046496
0.00510095
0.0055283
0.00594052
0.00635077
0.00683359
0.00736371
0.0081345
0.00886081
0.297753
0.159072
0.0935456
0.0591352
0.0395488
0.0276663
0.0200798
0.0150305
0.0115542
0.00909523
0.00731932
0.00601809
0.00505735
0.00434817
0.00382996
0.0034603
0.00320852
0.0030516
0.00297128
0.00295206
0.00297967
0.00303999
0.00311835
0.0032009
0.00328617
0.0033593
0.00340545
0.00341117
0.00336609
0.00326442
0.00310597
0.00289645
0.00264683
0.00237189
0.00208832
0.00181264
0.00155964
0.0013416
0.00116847
0.00104882
0.000991027
0.0010043
0.00109888
0.00128507
0.00157097
0.00195877
0.00244088
0.00299733
0.00359688
0.00420276
0.00478109
0.00530942
0.0057853
0.00622485
0.00663779
0.00704006
0.00751472
0.00802555
0.00878487
0.00946132
0.297754
0.159151
0.0936612
0.0592577
0.0396647
0.0277708
0.0201715
0.0151088
0.0116186
0.00914449
0.00735149
0.00603047
0.00504656
0.0043102
0.00376025
0.0033538
0.0030598
0.00285497
0.00272099
0.00264265
0.00260644
0.00259961
0.00260955
0.00262504
0.00264509
0.00265897
0.00265625
0.00262775
0.00256656
0.00246912
0.00233575
0.00217088
0.00198242
0.0017808
0.0015776
0.00138433
0.00121164
0.00106912
0.000965807
0.000911091
0.000915645
0.000991955
0.00115395
0.00141527
0.00178591
0.0022674
0.00284803
0.00350077
0.00418613
0.00486069
0.00548755
0.0060454
0.00653802
0.00697966
0.0073865
0.00777626
0.00824154
0.00873306
0.00948469
0.0101129
0.297756
0.159232
0.0937789
0.0593813
0.0397809
0.0278751
0.0202629
0.0151874
0.0116843
0.00919676
0.00738914
0.00605168
0.00504892
0.00429082
0.00371579
0.00328061
0.00295399
0.00271254
0.00253804
0.00241563
0.00233251
0.00227712
0.00223857
0.0022077
0.00218328
0.00215741
0.00212272
0.00207294
0.00200356
0.00191239
0.00179996
0.00166949
0.00152653
0.00137825
0.00123272
0.00109824
0.000983074
0.000895708
0.000845446
0.000843264
0.00090252
0.00103911
0.00127051
0.00161312
0.00207755
0.00266256
0.00334965
0.00410225
0.00487144
0.00560764
0.00627274
0.00684884
0.00734906
0.00778076
0.00817403
0.00854652
0.00900108
0.00947323
0.0102211
0.0108033
0.297758
0.159317
0.0938992
0.0595066
0.0398979
0.0279797
0.0203544
0.0152663
0.0117511
0.00925129
0.00743091
0.00607958
0.00506135
0.00428573
0.00369086
0.00323324
0.00288147
0.00261214
0.00240722
0.00225221
0.00213499
0.00204496
0.00197259
0.00191033
0.00185642
0.00180482
0.00175018
0.0016881
0.00161555
0.00153113
0.00143533
0.0013304
0.0012202
0.00110977
0.00100496
0.000912277
0.000838989
0.000793563
0.000786406
0.000830655
0.00094272
0.00114207
0.00144954
0.00188348
0.00245339
0.00315248
0.00395247
0.00480509
0.0056517
0.00643814
0.00712776
0.0077086
0.00820391
0.00861459
0.00898721
0.00933794
0.00978076
0.0102337
0.0109821
0.0115212
0.297761
0.159404
0.0940228
0.0596341
0.0400162
0.0280849
0.0204462
0.0153456
0.0118186
0.00930756
0.00747581
0.00611255
0.00508141
0.00429156
0.00368086
0.00320564
0.00283444
0.00254391
0.00231618
0.00213714
0.00199521
0.0018806
0.00178484
0.00170152
0.00162834
0.00156047
0.00149379
0.00142506
0.0013521
0.00127393
0.00119087
0.00110452
0.00101762
0.000933933
0.000858175
0.000796127
0.000755012
0.000744123
0.00077563
0.00086536
0.00103317
0.00130225
0.00169647
0.00223483
0.00292324
0.00374604
0.00466204
0.00560992
0.0065223
0.00734319
0.00804064
0.00861124
0.00908598
0.0094668
0.0098126
0.0101378
0.0105684
0.0110028
0.0117564
0.012256
0.297764
0.159496
0.0941502
0.0597644
0.0401363
0.0281912
0.0205388
0.0154255
0.011887
0.00936526
0.00752312
0.00614938
0.00510727
0.00430567
0.0036822
0.00319307
0.00280678
0.00250002
0.00225514
0.00205833
0.00189847
0.00176641
0.00165444
0.00155697
0.00147122
0.00139311
0.0013193
0.0012472
0.00117511
0.00110224
0.00102877
0.000955877
0.000885707
0.000821424
0.000767365
0.000729386
0.000715421
0.00073626
0.000806446
0.000945038
0.00117574
0.00152553
0.00202052
0.00267835
0.00349802
0.00445119
0.00548117
0.00651345
0.00747446
0.00831008
0.00899656
0.00954144
0.00998093
0.010323
0.0106369
0.010934
0.0113527
0.0117699
0.0125336
0.0129979
0.297767
0.159592
0.0942819
0.0598981
0.0402587
0.028299
0.0206324
0.0155063
0.0119563
0.00942419
0.00757237
0.00618919
0.00513755
0.00432605
0.00369211
0.00319183
0.00279368
0.00247441
0.00221652
0.00200646
0.00183349
0.00168892
0.00156562
0.0014585
0.00136445
0.00127984
0.00120177
0.00112807
0.00105727
0.000988695
0.000922457
0.000859543
0.0008019
0.000752616
0.000716253
0.000699361
0.000711207
0.000764697
0.000877358
0.00107204
0.00137665
0.00182163
0.0024339
0.00322678
0.00418818
0.00527332
0.00640846
0.00750761
0.008495
0.00932266
0.00997837
0.0104827
0.0108734
0.011169
0.0114474
0.0117149
0.012123
0.0125252
0.0133046
0.0137384
0.297771
0.159693
0.0944187
0.0600357
0.0403841
0.0284089
0.0207274
0.0155881
0.0120266
0.00948431
0.00762323
0.00623134
0.00517121
0.00435117
0.00370847
0.00319909
0.00279147
0.00246241
0.00219453
0.00197446
0.00179176
0.00163808
0.0015067
0.00139284
0.00129314
0.00120427
0.00112359
0.00104917
0.000979702
0.000914594
0.000854003
0.000798953
0.000751522
0.00071515
0.000695111
0.000699189
0.000738562
0.00082887
0.000991258
0.0012529
0.00164599
0.00220358
0.00295095
0.003893
0.00500197
0.00621354
0.00743723
0.00857918
0.00956656
0.010362
0.0109673
0.011418
0.0117476
0.0119909
0.0122318
0.0124698
0.0128698
0.0132601
0.0140613
0.0144704
0.297776
0.159799
0.0945611
0.0601779
0.0405128
0.0285213
0.0208242
0.0156713
0.0120981
0.00954561
0.00767552
0.00627541
0.00520751
0.00437991
0.00372968
0.00321271
0.00279736
0.00246049
0.00218477
0.001957
0.00176693
0.00160646
0.00146914
0.00135041
0.00124671
0.00115491
0.00107255
0.000997849
0.000929659
0.000867516
0.000811742
0.000763615
0.000725645
0.000702
0.000699117
0.000726523
0.000797898
0.000932264
0.00115502
0.00149804
0.00199741
0.00268699
0.00358678
0.00468825
0.00594351
0.00726723
0.0085548
0.00970991
0.0106683
0.0114071
0.011944
0.012325
0.012588
0.0127761
0.0129794
0.0131893
0.0135846
0.0139671
0.0147969
0.0151876
0.297782
0.159912
0.0947098
0.0603253
0.0406455
0.0286365
0.0209232
0.0157561
0.0121709
0.00960814
0.00772913
0.00632106
0.00524587
0.0044114
0.00375453
0.00323103
0.00280922
0.00246594
0.00218393
0.00195008
0.00175428
0.0015886
0.00144678
0.00132437
0.0012177
0.00112378
0.00104031
0.000965635
0.000898791
0.000839532
0.000788493
0.000747423
0.000719562
0.000710174
0.000727302
0.00078276
0.000893351
0.00108215
0.00137936
0.00182154
0.00244752
0.00328892
0.00435552
0.00561998
0.00701096
0.00842304
0.00974251
0.0108772
0.011777
0.0124361
0.0128891
0.0131882
0.0133809
0.0135129
0.0136804
0.0138653
0.0142603
0.0146401
0.0155058
0.0158853
0.297788
0.16003
0.0948653
0.0604784
0.0407826
0.0287551
0.0210247
0.0158429
0.0122452
0.00967193
0.00778394
0.00636805
0.00528586
0.00444496
0.00378206
0.0032528
0.00282542
0.00247675
0.00218954
0.00195074
0.00175034
0.00158052
0.00143516
0.00130986
0.00120092
0.00110546
0.00102132
0.000947042
0.000881894
0.000825965
0.000780374
0.000747581
0.000731861
0.000739964
0.000782024
0.000872725
0.00103266
0.0012896
0.0016788
0.00224089
0.00301504
0.00402619
0.0052681
0.00668971
0.00819509
0.00966257
0.0109763
0.0120554
0.0128681
0.0134274
0.0137844
0.0139933
0.0141141
0.0141916
0.0143268
0.0144909
0.0148912
0.0152742
0.0161838
0.0165599
0.297795
0.160156
0.0950284
0.0606378
0.0409245
0.0288773
0.0211289
0.0159316
0.012321
0.00973693
0.00783984
0.00641613
0.00532708
0.00448004
0.00381152
0.00327701
0.00284469
0.00249133
0.00219969
0.00195674
0.00175253
0.00157933
0.00143115
0.00130352
0.00119284
0.00109635
0.00101209
0.000938823
0.000876156
0.00082466
0.00078614
0.000764031
0.000763984
0.000794671
0.000868855
0.00100473
0.00122734
0.00156959
0.00207155
0.00277618
0.00371922
0.00491316
0.00632977
0.00789108
0.00947854
0.0109608
0.0122281
0.0132168
0.013917
0.0143602
0.0146133
0.0147273
0.0147775
0.0148041
0.014912
0.015061
0.0154728
0.0158659
0.0168279
0.0172094
0.297803
0.16029
0.0951995
0.0608038
0.0410716
0.0290034
0.0212358
0.0160223
0.0123982
0.009803
0.00789657
0.00646496
0.00536911
0.00451609
0.0038422
0.00330282
0.002866
0.00250847
0.00221295
0.00196644
0.00175901
0.00158299
0.00143251
0.0013031
0.00119125
0.0010944
0.0010108
0.000939575
0.000880783
0.000835656
0.000806918
0.000799286
0.000820179
0.000880684
0.000996792
0.00119086
0.00149294
0.00194106
0.00257896
0.00344881
0.00457761
0.00595893
0.00753764
0.00920861
0.010836
0.0122873
0.0134669
0.0143336
0.0149003
0.015216
0.0153589
0.0153793
0.015363
0.0153443
0.0154314
0.015572
0.0160026
0.0164134
0.0174367
0.0178328
0.297813
0.160432
0.0953792
0.0609769
0.0412239
0.0291331
0.0213453
0.0161147
0.0124766
0.00986973
0.00795372
0.00651409
0.00541143
0.00455253
0.00387348
0.00332949
0.00288851
0.0025272
0.00222825
0.00197866
0.00176851
0.00159019
0.00143796
0.00130738
0.00119513
0.00109887
0.00101719
0.000949648
0.000896946
0.000861184
0.000846283
0.000858598
0.000907771
0.00100786
0.00117871
0.00144743
0.00184924
0.00242658
0.00322436
0.00427926
0.00560309
0.00716445
0.00887886
0.0106174
0.0122351
0.0136079
0.0146613
0.0153792
0.015797
0.0159785
0.0160088
0.0159409
0.0158646
0.0158081
0.015882
0.0160219
0.0164791
0.016916
0.0180101
0.018431
0.297823
0.160583
0.0955676
0.0611568
0.041381
0.029266
0.0214567
0.0162082
0.0125553
0.00993646
0.00801062
0.00656288
0.00545342
0.00458874
0.00390471
0.00335638
0.00291157
0.00254686
0.00224492
0.00199272
0.00178038
0.00160036
0.00144709
0.00131624
0.00120473
0.00111053
0.00103267
0.000971316
0.000928004
0.000905956
0.000910619
0.000950404
0.00103769
0.0011901
0.00143191
0.00179525
0.00232007
0.00305126
0.00403085
0.00528397
0.00680054
0.00852
0.0103297
0.0120839
0.0136386
0.0148869
0.0157805
0.0163293
0.0165888
0.0166348
0.016555
0.0164064
0.016279
0.0161934
0.0162628
0.0164104
0.0169028
0.0173748
0.01855
0.0190061
0.297835
0.160742
0.0957646
0.0613431
0.0415421
0.029401
0.0215688
0.0163014
0.0126333
0.0100021
0.00806635
0.0066105
0.00549436
0.00462412
0.0039354
0.00338306
0.00293483
0.0025672
0.0022628
0.00200861
0.00179478
0.00161391
0.00146067
0.0013309
0.00122185
0.00113191
0.00106071
0.0010092
0.000979985
0.000977709
0.00100974
0.00108701
0.0012252
0.00144603
0.00177855
0.00225961
0.00293235
0.00384065
0.00501812
0.00647158
0.00816366
0.0100037
0.0118559
0.0135677
0.0150063
0.0160892
0.0167966
0.017163
0.0172612
0.0171753
0.0169926
0.0167732
0.0166049
0.0165001
0.0165746
0.0167391
0.0172757
0.0177925
0.0190595
0.0195624
0.297847
0.16091
0.0959694
0.0615344
0.0417055
0.0295362
0.0216798
0.0163927
0.0127089
0.0100653
0.00811975
0.00665606
0.00553361
0.00465824
0.00396533
0.00340955
0.00295853
0.00258868
0.00228261
0.00202732
0.00181302
0.00163268
0.00148106
0.00135442
0.0012504
0.00116797
0.0011075
0.00107096
0.00106231
0.00108799
0.00115771
0.00128545
0.00149066
0.00179952
0.00224562
0.00286931
0.00371391
0.00481735
0.00619829
0.00783916
0.00967267
0.0115812
0.0134147
0.0150245
0.0162982
0.0171821
0.0176853
0.0178638
0.0178037
0.0175936
0.0173189
0.0170407
0.0168433
0.0167302
0.0168199
0.017011
0.0176017
0.0181735
0.019544
0.0201058
0.297859
0.161086
0.0961804
0.0617283
0.0418682
0.0296685
0.0217867
0.0164795
0.0127801
0.0101246
0.00816974
0.00669894
0.00557098
0.00469133
0.00399511
0.00343684
0.00298402
0.00261303
0.0023065
0.00205146
0.0018383
0.00166044
0.00151294
0.00139246
0.00129719
0.00122684
0.00118276
0.00116819
0.00118878
0.00125317
0.00137386
0.00156834
0.00186013
0.00227966
0.00286401
0.00365441
0.00468993
0.00599644
0.00757142
0.0093691
0.0112936
0.0132074
0.0149572
0.0164086
0.0174763
0.0181374
0.0184273
0.0184197
0.0182097
0.017886
0.0175343
0.0172113
0.0169973
0.0168876
0.0170032
0.0172312
0.0178862
0.018524
0.0200109
0.0206447
0.297872
0.161269
0.0963949
0.061921
0.0420261
0.029794
0.021886
0.0165589
0.0128448
0.0101785
0.00821592
0.00673947
0.00560748
0.00472502
0.00402697
0.0034677
0.00301464
0.00264419
0.00233899
0.00208624
0.00187658
0.00170419
0.00156438
0.00145436
0.00137302
0.00132102
0.00130092
0.00131759
0.0013787
0.00149549
0.00168368
0.00196444
0.00236521
0.00291965
0.00366599
0.00464231
0.00587789
0.0073804
0.00912171
0.0110277
0.0129794
0.0148294
0.0164322
0.0176764
0.0185074
0.018932
0.0190085
0.0188235
0.0184769
0.0180545
0.0176424
0.0172893
0.0170722
0.0169779
0.0171307
0.0174063
0.0181369
0.0188527
0.0204702
0.0211905
0.297882
0.161456
0.0966085
0.0621071
0.0421735
0.0299073
0.0219737
0.0166284
0.0129019
0.0102276
0.00825977
0.00678022
0.00564662
0.00476366
0.00406603
0.00350801
0.00305702
0.0026895
0.00238827
0.0021407
0.00193803
0.00177533
0.00164817
0.00155445
0.00149399
0.00146862
0.00148243
0.0015422
0.00165801
0.00184401
0.00211924
0.00250836
0.00304165
0.00375389
0.00468077
0.00585217
0.00728177
0.00895447
0.0108154
0.012766
0.0146728
0.0163901
0.0177897
0.0187887
0.0193641
0.0195493
0.0194207
0.0190728
0.0186067
0.018104
0.017649
0.0172815
0.0170753
0.0170089
0.0172106
0.0175452
0.0183634
0.0191703
0.020935
0.0217579
0.29789
0.161644
0.0968156
0.0622796
0.0423036
0.0300036
0.0220469
0.0166875
0.0129533
0.0102753
0.00830662
0.00682792
0.00569631
0.00481622
0.00412221
0.00356855
0.00312279
0.00276153
0.00246783
0.00222945
0.00203876
0.00189134
0.00178336
0.00171361
0.00168304
0.0016949
0.00175509
0.00187259
0.00206011
0.00233475
0.00271854
0.00323851
0.00392579
0.00481284
0.00592823
0.00728831
0.00888673
0.0106839
0.012601
0.0145225
0.0163111
0.0178328
0.0189842
0.0197133
0.0200265
0.0199793
0.019661
0.0191698
0.0186043
0.018042
0.0175625
0.0171969
0.0170157
0.01699
0.0172529
0.0176587
0.0185781
0.0194908
0.0214222
0.0223664
0.297893
0.16183
0.0970099
0.0624312
0.0424106
0.0300799
0.0221066
0.0167406
0.0130062
0.0103318
0.00836855
0.00689622
0.00577152
0.00489873
0.00421248
0.00366723
0.00323076
0.00288005
0.00259853
0.00237456
0.00220241
0.00207746
0.00199701
0.00196089
0.00197139
0.00203344
0.00215494
0.0023472
0.00262546
0.00300928
0.00352255
0.00419267
0.00504843
0.0061158
0.00741146
0.00893417
0.0106557
0.012514
0.0144125
0.0162282
0.0178306
0.0191053
0.0199777
0.020426
0.0204822
0.0202186
0.0197322
0.0191209
0.0184787
0.0178787
0.0173937
0.0170462
0.0169046
0.0169329
0.01727
0.0177601
0.0187964
0.0198319
0.0219538
0.0230418
0.297891
0.162011
0.0971869
0.0625572
0.0424932
0.0301401
0.0221618
0.0168018
0.0130787
0.0104176
0.00846813
0.00700918
0.00589737
0.00503719
0.0043636
0.00383153
0.00340924
0.00307424
0.00281061
0.00260765
0.00246188
0.0023684
0.00232563
0.00233469
0.00239942
0.00252653
0.00272592
0.00301101
0.00339894
0.0039105
0.00456941
0.0054005
0.00642645
0.00766257
0.00911008
0.0107485
0.0125293
0.0143731
0.0161743
0.0178124
0.0191719
0.0201633
0.0207414
0.0209118
0.0207268
0.0202702
0.019642
0.0189365
0.0182424
0.0176268
0.0171552
0.0168424
0.0167551
0.0168511
0.0172768
0.0178659
0.0190372
0.0202161
0.0225585
0.0238182
0.297893
0.162197
0.0973503
0.0626622
0.0425615
0.0302018
0.0222374
0.0169009
0.0132042
0.0105687
0.0086426
0.00720479
0.00611228
0.00527029
0.00461456
0.00410078
0.00369803
0.00338461
0.00314546
0.00297145
0.00286118
0.00280936
0.0028157
0.00288273
0.00301585
0.00322343
0.00351698
0.00391122
0.00442387
0.00507496
0.00588532
0.00687386
0.00805358
0.00942622
0.0109762
0.0126653
0.0144291
0.0161788
0.0178084
0.0192084
0.020284
0.0209728
0.0212569
0.0211647
0.0207634
0.0201429
0.0194025
0.0186303
0.0179103
0.0173012
0.016862
0.0166002
0.0165826
0.016761
0.017291
0.0179963
0.0193249
0.0206726
0.023274
0.0247417
0.297921
0.162416
0.097524
0.0627716
0.0426484
0.0303068
0.0223819
0.017091
0.0134378
0.0108406
0.00894734
0.00753774
0.00647019
0.00565127
0.00501804
0.00452737
0.00414944
0.00386364
0.00365603
0.00352018
0.00345465
0.00345488
0.00352181
0.00365925
0.00387385
0.00417506
0.0045751
0.00508859
0.00573192
0.00652187
0.00747346
0.00859681
0.00989299
0.0113493
0.012935
0.0145979
0.0162647
0.0178451
0.0192405
0.0203585
0.0211278
0.0215119
0.0215167
0.0211879
0.0206022
0.019851
0.01903
0.0182191
0.0174996
0.0169189
0.0165309
0.016337
0.016405
0.0166819
0.0173346
0.0181765
0.0196903
0.0212394
0.0241507
0.0258756
0.298037
0.162737
0.0977741
0.0629505
0.0428258
0.0305338
0.0226775
0.0174545
0.0138601
0.0113112
0.0094571
0.00807994
0.00704049
0.00624744
0.00563965
0.00517558
0.00482679
0.00457396
0.00440445
0.0043156
0.00430266
0.00436376
0.00450056
0.00471762
0.00502213
0.00542366
0.00593368
0.00656495
0.00733029
0.00824089
0.00930375
0.0105186
0.0118744
0.0133456
0.0148899
0.0164473
0.0179426
0.0192908
0.020407
0.0212186
0.0216779
0.0217715
0.021524
0.020993
0.0202597
0.0194136
0.0185444
0.0177244
0.0170301
0.0164992
0.0161811
0.0160724
0.0162435
0.0166373
0.0174345
0.0184387
0.0201738
0.0219678
0.0252572
0.0273085
0.298383
0.163322
0.0982386
0.063332
0.0432241
0.0310107
0.0232463
0.0181053
0.0145766
0.0120782
0.0102629
0.0089167
0.00790379
0.00713551
0.00655293
0.00611624
0.00579852
0.00558178
0.00545473
0.0054172
0.00546207
0.00558854
0.00579874
0.0060973
0.00649096
0.006988
0.00759761
0.00832882
0.00918913
0.0101825
0.0113071
0.0125526
0.0138974
0.0153069
0.0167322
0.0181118
0.0193746
0.0204464
0.021259
0.0217602
0.0219237
0.021755
0.021292
0.0205991
0.019758
0.0188537
0.0179686
0.0171688
0.016524
0.0160637
0.0158347
0.0158298
0.0161236
0.0166562
0.0176254
0.0188254
0.0208291
0.0229276
0.0266879
0.029167
0.299253
0.16448
0.0991792
0.0641477
0.0440509
0.0319209
0.0242489
0.0191835
0.01571
0.01325
0.0114619
0.0101364
0.00914132
0.0083908
0.00782803
0.00741488
0.00712574
0.00694373
0.00685862
0.00687081
0.0069711
0.00715892
0.00743611
0.00780641
0.00827489
0.00884726
0.00952902
0.0103242
0.0112341
0.0122553
0.0133776
0.0145826
0.0158416
0.0171151
0.0183532
0.019498
0.0204871
0.0212601
0.0217662
0.0219722
0.0218696
0.0214777
0.0208431
0.0200323
0.0191244
0.0181984
0.0173288
0.0165776
0.016006
0.0156375
0.0155177
0.0156372
0.016077
0.0167762
0.0179528
0.0193939
0.0217298
0.0242174
0.0285758
0.0316358
0.301233
0.166782
0.101044
0.065753
0.0456009
0.0334978
0.0258706
0.0208377
0.0173813
0.0149275
0.0131397
0.0118125
0.0108168
0.0100689
0.00951325
0.00911288
0.00884289
0.0086869
0.0086353
0.008686
0.0088286
0.00906195
0.00938667
0.00980462
0.0103182
0.0109296
0.0116399
0.0124478
0.0133485
0.0143322
0.0153826
0.0164759
0.0175802
0.0186557
0.0196557
0.0205297
0.0212268
0.0217012
0.0219183
0.021861
0.0215342
0.0209664
0.020208
0.0193246
0.0183908
0.0174785
0.016655
0.0159798
0.0155047
0.01525
0.0152616
0.0155303
0.0161452
0.0170473
0.0184784
0.0202241
0.0229793
0.0259789
0.0311101
0.0349905
0.30545
0.171229
0.104552
0.0686583
0.0482379
0.0359997
0.0282937
0.0231972
0.0196836
0.017178
0.0153447
0.0139792
0.0129529
0.0121823
0.0116119
0.0112047
0.0109353
0.010787
0.0107503
0.0108165
0.0109762
0.0112267
0.0115663
0.0119944
0.0125102
0.0131119
0.0137964
0.0145575
0.0153856
0.0162663
0.0171798
0.0181004
0.0189965
0.0198313
0.0205648
0.0211559
0.0215659
0.0217628
0.0217259
0.0214501
0.0209496
0.0202577
0.0194251
0.0185142
0.0175939
0.0167294
0.0159829
0.015409
0.0150544
0.0149377
0.0151069
0.015556
0.016384
0.0175396
0.0192899
0.021432
0.0247264
0.0284224
0.034566
0.0396513
0.314019
0.179514
0.110789
0.0735359
0.0523624
0.0396727
0.0316609
0.0263405
0.0226539
0.0200106
0.018066
0.0166103
0.0155109
0.0146815
0.0140648
0.0136213
0.0133244
0.0131554
0.0131037
0.0131525
0.0132941
0.0135233
0.013836
0.0142285
0.0146965
0.0152352
0.0158373
0.0164935
0.0171909
0.0179129
0.0186387
0.0193437
0.0199992
0.0205742
0.0210369
0.0213563
0.0215051
0.0214632
0.0212204
0.0207801
0.0201613
0.0193987
0.0185411
0.0176461
0.0167768
0.0159925
0.0153527
0.0149067
0.0146987
0.0147487
0.0151087
0.0157804
0.0168737
0.0183556
0.020516
0.0231915
0.027192
0.0318694
0.0393525
0.0462773
0.33085
0.194443
0.121331
0.0812158
0.0583944
0.0447224
0.0360542
0.0302824
0.0262663
0.0233722
0.0212312
0.0196185
0.0183917
0.0174577
0.0167536
0.0162362
0.0158752
0.0156491
0.0155431
0.0155365
0.0156198
0.0157854
0.0160264
0.0163362
0.016708
0.0171338
0.0176042
0.0181076
0.0186299
0.0191545
0.0196619
0.0201304
0.0205366
0.0208564
0.0210665
0.0211455
0.021076
0.0208467
0.0204549
0.0199085
0.0192283
0.0184478
0.0176121
0.0167741
0.0159915
0.0153193
0.0148165
0.0145275
0.0144975
0.0147517
0.0153475
0.0163024
0.0177361
0.0196534
0.0223547
0.0257757
0.0307165
0.0368333
0.0461019
0.0559442
0.363192
0.220642
0.138424
0.0926988
0.0667673
0.0513137
0.0415322
0.0350201
0.0304794
0.0271949
0.0247528
0.0229015
0.0214811
0.0203863
0.0195457
0.0189093
0.0184416
0.0181166
0.0179143
0.0178116
0.0177959
0.0178566
0.0179843
0.0181701
0.0184047
0.0186784
0.0189805
0.0192988
0.0196197
0.019928
0.0202074
0.0204407
0.0206105
0.0206999
0.0206936
0.0205785
0.0203446
0.0199868
0.0195064
0.0189131
0.0182269
0.0174784
0.016709
0.0159669
0.0153062
0.0147801
0.014447
0.0143513
0.0145408
0.0150527
0.0159499
0.0172804
0.0191664
0.0216904
0.0251271
0.0296357
0.0358553
0.0441823
0.055859
0.0705178
0.424716
0.265879
0.165315
0.109278
0.0780721
0.0597768
0.0483053
0.0406941
0.0353838
0.0315315
0.0286543
0.0264594
0.0247603
0.0234335
0.0223946
0.021584
0.0209586
0.0204867
0.020143
0.0199019
0.0197469
0.0196644
0.0196421
0.0196692
0.0197349
0.0198285
0.019939
0.020055
0.0201645
0.0202551
0.0203146
0.0203308
0.0202927
0.0201901
0.0200145
0.0197591
0.0194191
0.0189929
0.0184832
0.0178993
0.0172587
0.0165891
0.0159278
0.0153205
0.0148191
0.0144787
0.0143572
0.0145054
0.0149764
0.0158288
0.0171305
0.0189853
0.0215005
0.0249146
0.0293903
0.0355718
0.0435871
0.0555068
0.0705161
0.0935189
0.542244
0.343784
0.206981
0.132995
0.0935432
0.0710508
0.0571329
0.0479317
0.0415032
0.0368235
0.0333118
0.0306155
0.0285093
0.0268434
0.0255145
0.0244494
0.0235948
0.0229111
0.022368
0.0219363
0.0215944
0.0213251
0.0211139
0.0209477
0.020815
0.0207046
0.0206062
0.0205097
0.0204056
0.0202851
0.0201403
0.0199645
0.0197522
0.0194992
0.0192023
0.0188592
0.0184681
0.0180287
0.0175433
0.0170192
0.0164716
0.0159249
0.0154144
0.0149848
0.0146891
0.0145878
0.0147405
0.0152136
0.016067
0.0174
0.0192789
0.0219154
0.0253588
0.0301654
0.036194
0.045128
0.0558067
0.0739962
0.0938392
0.132249
0.771792
0.479852
0.271821
0.167945
0.11626
0.0876565
0.0701115
0.0585008
0.0503511
0.0443872
0.0398854
0.0364036
0.0336579
0.0314587
0.0296745
0.028212
0.0270029
0.0259963
0.0251559
0.024446
0.0238388
0.0233127
0.0228501
0.0224361
0.0220581
0.0217049
0.0213671
0.0210363
0.0207059
0.0203708
0.0200274
0.019674
0.0193102
0.0189366
0.018554
0.0181628
0.0177629
0.0173536
0.0169361
0.0165155
0.0161046
0.0157267
0.0154166
0.0152219
0.0152009
0.0154236
0.0159572
0.0168979
0.0183151
0.020384
0.0231558
0.0270552
0.0319799
0.0391501
0.0476933
0.0615551
0.0765075
0.106609
0.133884
0.203177
1.2404
0.725376
0.37578
0.223672
0.153856
0.115725
0.0922732
0.076624
0.0655451
0.057379
0.0511697
0.0463272
0.0424705
0.0393434
0.0367684
0.0346188
0.0328019
0.0312486
0.0299122
0.0287452
0.0277112
0.0267825
0.0259369
0.0251567
0.0244273
0.0237373
0.0230777
0.022442
0.0218262
0.0212287
0.0206503
0.0200937
0.0195628
0.0190625
0.0185966
0.0181675
0.0177757
0.01742
0.0171002
0.0168201
0.0165916
0.0164393
0.016401
0.0165339
0.0169061
0.0176084
0.0187246
0.0204085
0.0227431
0.0260563
0.0303523
0.0365014
0.0440361
0.0556295
0.0686634
0.0922385
0.114668
0.169574
0.208707
0.345879
2.26476
1.19184
0.553162
0.32382
0.224838
0.169669
0.135305
0.112057
0.0954237
0.0830674
0.0735985
0.0661504
0.0601609
0.0552506
0.0511559
0.0476884
0.0447107
0.0421199
0.0398472
0.0378237
0.0359989
0.0343341
0.0327993
0.0313708
0.0300303
0.0287643
0.0275635
0.0264226
0.02534
0.0243176
0.0233604
0.0224756
0.0216719
0.0209579
0.0203409
0.0198251
0.0194119
0.0191001
0.0188889
0.0187828
0.0187955
0.0189579
0.0193173
0.0199524
0.0209488
0.0224472
0.0245639
0.0275744
0.0315843
0.0372511
0.0444544
0.0550667
0.0677153
0.0884777
0.110343
0.154975
0.191425
0.30265
0.360177
0.659835
4.71938
2.14478
0.887306
0.529312
0.375067
0.284553
0.227524
0.188395
0.160143
0.139023
0.122727
0.109812
0.0993393
0.0906733
0.0833724
0.0771213
0.0716903
0.0669075
0.062653
0.0588182
0.0553247
0.0521118
0.0491326
0.0463513
0.043741
0.0412832
0.0389663
0.0367856
0.034742
0.0328417
0.0310953
0.029516
0.0281188
0.0269178
0.0259245
0.0251465
0.0245868
0.0242456
0.0241235
0.0242289
0.0245828
0.0252332
0.0262506
0.0277613
0.0298929
0.0329014
0.0369744
0.042664
0.0501164
0.0607595
0.07413
0.0945347
0.118195
0.159784
0.200444
0.294679
0.358608
0.607802
0.689544
1.4073
11.3212
4.29516
1.60429
1.00617
0.726152
0.552737
0.443531
0.367842
0.312916
0.271721
0.239786
0.214331
0.193552
0.176228
0.161508
0.14879
0.137633
0.127713
0.118785
0.110664
0.103206
0.0963021
0.0898694
0.0838452
0.0781849
0.0728593
0.0678525
0.0631609
0.0587908
0.0547573
0.0510816
0.0477887
0.0449046
0.0424531
0.0404529
0.0389163
0.0378489
0.0372532
0.0371338
0.0375099
0.0384219
0.0399603
0.0422532
0.0455347
0.050048
0.0563185
0.0646983
0.0764169
0.0916841
0.113874
0.141514
0.185281
0.234581
0.327355
0.41087
0.631199
0.750966
1.36422
1.45838
3.33046
31.8341
9.83416
3.38332
2.24599
1.63323
1.24306
1.00061
0.831851
0.709368
0.617514
0.546149
0.489052
0.442205
0.402888
0.369223
0.339879
0.313898
0.290565
0.269341
0.249855
0.231809
0.21498
0.199204
0.18436
0.170371
0.15719
0.144801
0.13321
0.122445
0.112546
0.103564
0.0955515
0.0885582
0.0826255
0.0777819
0.0740422
0.0714092
0.0698834
0.0694724
0.0702184
0.0722068
0.0756327
0.0807627
0.0881087
0.0982015
0.112255
0.131019
0.157514
0.192026
0.243232
0.30659
0.410696
0.524614
0.753805
0.943051
1.51181
1.75008
3.40921
3.40653
8.73895
108.31
26.6297
8.49431
5.86835
4.25633
3.22993
2.60558
2.17178
1.85825
1.62387
1.44179
1.29581
1.17553
1.07395
0.986255
0.909084
0.840022
0.777294
0.71958
0.66602
0.615912
0.568763
0.524227
0.482078
0.44219
0.404521
0.369096
0.335994
0.30533
0.277242
0.251867
0.229334
0.209742
0.193151
0.179583
0.169016
0.161404
0.1567
0.154882
0.156023
0.160301
0.168175
0.18026
0.197843
0.222202
0.256478
0.302494
0.36841
0.454577
0.585373
0.746552
1.02145
1.31448
1.94392
2.42113
4.05397
4.55534
9.54572
8.87602
25.6853
)
;

boundaryField
{
    inlet
    {
        type            fixedValue;
        value           uniform 0.63;
    }
    outlet
    {
        type            zeroGradient;
    }
    fixedWalls
    {
        Cmu             0.09;
        kappa           0.41;
        E               9.8;
        type            epsilonWallFunction;
        value           nonuniform List<scalar> 
120
(
108.31
26.6297
8.49431
5.86835
4.25633
3.22993
2.60558
2.17178
1.85825
1.62387
1.44179
1.29581
1.17553
1.07395
0.986255
0.909084
0.840022
0.777294
0.71958
0.66602
0.615912
0.568763
0.524227
0.482078
0.44219
0.404521
0.369096
0.335994
0.30533
0.277242
0.251867
0.229334
0.209742
0.193151
0.179583
0.169016
0.161404
0.1567
0.154882
0.156023
0.160301
0.168175
0.18026
0.197843
0.222202
0.256478
0.302494
0.36841
0.454577
0.585373
0.746552
1.02145
1.31448
1.94392
2.42113
4.05397
4.55534
9.54572
8.87602
25.6853
54.1733
1.09738
0.0203148
0.13445
0.0725572
0.0863808
0.0616891
0.0576807
0.0462625
0.0421296
0.0367241
0.0344795
0.0325287
0.032379
0.032967
0.0347606
0.0372862
0.0407247
0.0449895
0.0503387
0.0569581
0.0651364
0.0750562
0.0868419
0.100484
0.115882
0.13282
0.150981
0.16994
0.189163
0.207988
0.225628
0.241169
0.253578
0.261666
0.264268
0.260313
0.248928
0.22975
0.203141
0.17076
0.135572
0.101358
0.105528
0.16686
0.258111
0.38752
0.570146
0.808422
1.13286
1.51793
2.06257
2.62618
3.58868
4.32783
6.34565
7.02569
12.3943
11.8675
28.5779
)
;
    }
    frontAndBack
    {
        type            empty;
    }
}


// ************************************************************************* //
