/*--------------------------------*- C++ -*----------------------------------*\
| =========                 |                                                 |
| \\      /  F ield         | OpenFOAM: The Open Source CFD Toolbox           |
|  \\    /   O peration     | Version:  2.4.0                                 |
|   \\  /    A nd           | Web:      www.OpenFOAM.org                      |
|    \\/     M anipulation  |                                                 |
\*---------------------------------------------------------------------------*/
FoamFile
{
    version     2.0;
    format      ascii;
    class       volScalarField;
    location    "445";
    object      p;
}
// * * * * * * * * * * * * * * * * * * * * * * * * * * * * * * * * * * * * * //

dimensions      [0 2 -2 0 0 0 0];

internalField   nonuniform List<scalar> 
6000
(
-0.168951
0.119122
0.202021
0.215238
0.220035
0.223477
0.225924
0.227921
0.229592
0.231059
0.232362
0.233541
0.234605
0.235579
0.236483
0.23735
0.238219
0.239136
0.240146
0.241282
0.242556
0.243957
0.245441
0.246948
0.248401
0.249728
0.250874
0.251807
0.252523
0.25305
0.253445
0.2538
0.254232
0.254874
0.255857
0.257312
0.259325
0.261939
0.265155
0.268949
0.273242
0.277969
0.282963
0.288172
0.293294
0.298391
0.302901
0.307294
0.310344
0.312513
0.312073
0.311432
0.305237
0.301692
0.28425
0.280935
0.236636
0.250275
0.126142
0.230005
-0.147283
0.118611
0.201441
0.215166
0.219997
0.22343
0.225884
0.227886
0.229561
0.231032
0.232339
0.23352
0.234589
0.235565
0.23647
0.237337
0.238204
0.239119
0.240124
0.241254
0.242524
0.243921
0.245404
0.246914
0.248372
0.249709
0.250866
0.25181
0.252538
0.253073
0.253474
0.25383
0.254258
0.254891
0.255863
0.257304
0.259301
0.261899
0.265099
0.268877
0.273155
0.277866
0.282842
0.288032
0.293131
0.2982
0.302666
0.307022
0.310057
0.31219
0.311716
0.311015
0.30477
0.301126
0.283632
0.280135
0.235822
0.249032
0.125076
0.227244
-0.127755
0.116967
0.200734
0.215109
0.220012
0.223403
0.225853
0.227858
0.229536
0.231011
0.232322
0.233507
0.23458
0.23556
0.236468
0.237335
0.2382
0.239109
0.240107
0.24123
0.242493
0.243885
0.245367
0.246879
0.248347
0.249697
0.250872
0.251835
0.252579
0.253129
0.253536
0.253893
0.254314
0.254933
0.255883
0.257297
0.259265
0.26183
0.264997
0.268741
0.272985
0.277662
0.282603
0.287756
0.292813
0.29783
0.302225
0.30653
0.309539
0.311636
0.311115
0.31036
0.304041
0.300325
0.282715
0.279127
0.234636
0.247688
0.123478
0.224745
-0.112478
0.115226
0.19997
0.215059
0.220062
0.223412
0.225841
0.227843
0.229522
0.230998
0.232312
0.233501
0.234577
0.235561
0.236471
0.237337
0.2382
0.239104
0.240095
0.241209
0.242464
0.243852
0.245333
0.246851
0.248329
0.249694
0.250887
0.251868
0.252629
0.25319
0.253604
0.253959
0.25437
0.254972
0.255898
0.257283
0.259218
0.26175
0.264882
0.268592
0.272801
0.277445
0.282351
0.287468
0.292483
0.297452
0.30179
0.306058
0.309028
0.311088
0.310511
0.309705
0.303292
0.299516
0.281748
0.278114
0.233334
0.246389
0.121627
0.222556
-0.0988765
0.113779
0.199106
0.21497
0.220108
0.223459
0.225847
0.227838
0.229514
0.230991
0.232305
0.233497
0.234576
0.235562
0.236473
0.237339
0.238198
0.239097
0.24008
0.241187
0.242436
0.24382
0.245303
0.246827
0.248317
0.249697
0.250907
0.251905
0.252679
0.253249
0.253664
0.254015
0.254414
0.254998
0.255901
0.257259
0.259165
0.261667
0.26477
0.268452
0.272633
0.277249
0.282127
0.287216
0.292196
0.297123
0.301427
0.305667
0.308593
0.310612
0.309978
0.309119
0.302608
0.298771
0.280831
0.277155
0.232049
0.245148
0.119728
0.220593
-0.0860031
0.112554
0.19813
0.214803
0.220157
0.223526
0.22587
0.227842
0.229513
0.230987
0.232302
0.233495
0.234576
0.235563
0.236475
0.237339
0.238194
0.239087
0.240063
0.241163
0.242407
0.243789
0.245275
0.246806
0.248309
0.249705
0.250931
0.251944
0.25273
0.253306
0.25372
0.254063
0.254449
0.255014
0.255894
0.257226
0.259107
0.261583
0.264661
0.268319
0.272477
0.277071
0.281924
0.286989
0.291939
0.296833
0.301113
0.30533
0.308208
0.310189
0.309498
0.308585
0.301977
0.298076
0.279965
0.27624
0.230809
0.243945
0.117877
0.218775
-0.0738678
0.111477
0.197069
0.214555
0.220212
0.223596
0.225914
0.227857
0.229518
0.230989
0.232302
0.233495
0.234577
0.235565
0.236476
0.237338
0.238189
0.239076
0.240045
0.241139
0.242378
0.243759
0.245248
0.246789
0.248304
0.249717
0.25096
0.251988
0.252784
0.253363
0.253775
0.254108
0.254479
0.255024
0.255879
0.257187
0.259043
0.261497
0.264552
0.268189
0.272327
0.276902
0.281735
0.286778
0.2917
0.296568
0.300831
0.305023
0.307854
0.309798
0.309053
0.308087
0.301386
0.297419
0.279141
0.275363
0.229614
0.242779
0.116104
0.21708
-0.0625062
0.110543
0.195953
0.214233
0.220254
0.223669
0.225978
0.227884
0.229531
0.230995
0.232306
0.233498
0.23458
0.235568
0.236477
0.237337
0.238183
0.239063
0.240026
0.241113
0.242348
0.243729
0.245223
0.246774
0.248304
0.249734
0.250993
0.252035
0.25284
0.253422
0.253829
0.254151
0.254504
0.255028
0.255859
0.257143
0.258976
0.261408
0.264443
0.268061
0.272181
0.276739
0.281554
0.286577
0.291473
0.296322
0.300571
0.304739
0.307524
0.309434
0.308636
0.30762
0.300828
0.296797
0.278356
0.274522
0.228466
0.241652
0.114417
0.215494
-0.0518599
0.109764
0.194802
0.213845
0.220265
0.223756
0.226052
0.227925
0.229552
0.231008
0.232314
0.233505
0.234585
0.235572
0.23648
0.237336
0.238177
0.239051
0.240006
0.241087
0.242318
0.2437
0.245199
0.246761
0.248307
0.249755
0.251032
0.252088
0.252901
0.253483
0.253884
0.254193
0.254527
0.255028
0.255834
0.257095
0.258906
0.261316
0.264333
0.267934
0.272038
0.27658
0.281378
0.286382
0.291257
0.29609
0.300331
0.304471
0.307214
0.309091
0.308242
0.307178
0.300299
0.296204
0.277607
0.273713
0.227365
0.240559
0.112816
0.213999
-0.0418579
0.10914
0.193633
0.213397
0.220239
0.223851
0.226132
0.227983
0.229583
0.231028
0.232327
0.233515
0.234594
0.235579
0.236484
0.237336
0.238171
0.239038
0.239986
0.241061
0.242289
0.243671
0.245177
0.246752
0.248314
0.24978
0.251075
0.252145
0.252965
0.253548
0.25394
0.254234
0.254549
0.255026
0.255807
0.257043
0.258833
0.261223
0.264221
0.267807
0.271896
0.276424
0.281206
0.286192
0.291049
0.295869
0.300102
0.304215
0.306918
0.308764
0.307868
0.306758
0.299795
0.295638
0.276891
0.272933
0.226309
0.239497
0.111303
0.212579
-0.0324444
0.108667
0.192459
0.212898
0.220175
0.223939
0.226224
0.228053
0.229626
0.231054
0.232346
0.23353
0.234606
0.235588
0.23649
0.237337
0.238166
0.239026
0.239966
0.241035
0.24226
0.243644
0.245157
0.246744
0.248325
0.24981
0.251123
0.252207
0.253034
0.253616
0.253999
0.254277
0.25457
0.255022
0.255777
0.25699
0.258757
0.261128
0.264109
0.26768
0.271754
0.276268
0.281036
0.286004
0.290848
0.295657
0.299882
0.303968
0.306633
0.30845
0.307508
0.306354
0.299312
0.295093
0.276204
0.272177
0.225294
0.23846
0.109873
0.211221
-0.0235741
0.108337
0.19129
0.212355
0.220073
0.224012
0.226329
0.228132
0.229681
0.231089
0.232371
0.233549
0.234621
0.235601
0.236498
0.23734
0.238163
0.239014
0.239947
0.241009
0.242231
0.243618
0.245139
0.24674
0.248338
0.249844
0.251175
0.252274
0.253108
0.253688
0.254062
0.254322
0.254593
0.255019
0.255747
0.256935
0.258681
0.261032
0.263996
0.267551
0.271611
0.276112
0.280865
0.285819
0.29065
0.295451
0.299666
0.303726
0.306355
0.308144
0.307159
0.305962
0.298847
0.294566
0.275543
0.271442
0.22432
0.237446
0.108523
0.209912
-0.0152065
0.108144
0.190138
0.211777
0.219934
0.224065
0.226438
0.228222
0.229746
0.231134
0.232403
0.233574
0.234641
0.235616
0.236509
0.237345
0.238161
0.239004
0.239929
0.240985
0.242204
0.243592
0.245122
0.246737
0.248355
0.249882
0.251233
0.252345
0.253187
0.253765
0.254128
0.25437
0.254617
0.255017
0.255717
0.25688
0.258604
0.260935
0.263881
0.267422
0.271467
0.275955
0.280693
0.285634
0.290454
0.295248
0.299452
0.303486
0.306081
0.307844
0.306818
0.305581
0.298396
0.294054
0.274906
0.270725
0.223383
0.236449
0.107251
0.208642
-0.0073044
0.108082
0.189008
0.21117
0.219759
0.224097
0.226544
0.228324
0.229821
0.231188
0.232442
0.233604
0.234665
0.235635
0.236523
0.237353
0.23816
0.238996
0.239912
0.240961
0.242177
0.243568
0.245107
0.246737
0.248375
0.249924
0.251295
0.252422
0.253271
0.253846
0.254198
0.254422
0.254644
0.255016
0.255688
0.256825
0.258527
0.260838
0.263766
0.267292
0.271323
0.275797
0.280521
0.285449
0.290261
0.295046
0.29924
0.303248
0.30581
0.307547
0.306483
0.305206
0.297956
0.293553
0.274289
0.270023
0.222481
0.235468
0.106052
0.207403
0.00016595
0.108142
0.187908
0.210541
0.21955
0.224107
0.226643
0.228433
0.229908
0.231251
0.232488
0.23364
0.234694
0.235659
0.23654
0.237363
0.238163
0.238989
0.239897
0.24094
0.242152
0.243546
0.245094
0.246739
0.248398
0.24997
0.251361
0.252504
0.25336
0.253933
0.254273
0.254477
0.254675
0.255018
0.255661
0.256773
0.258451
0.260741
0.263651
0.267161
0.271177
0.275637
0.280348
0.285263
0.290068
0.294844
0.299027
0.303009
0.305539
0.307251
0.306151
0.304835
0.297525
0.293062
0.27369
0.269333
0.221612
0.234499
0.104923
0.206185
0.00723519
0.108317
0.186842
0.209896
0.219311
0.224094
0.226733
0.228547
0.230005
0.231323
0.232543
0.233682
0.234728
0.235686
0.236561
0.237377
0.238168
0.238985
0.239884
0.240919
0.242129
0.243525
0.245082
0.246744
0.248424
0.250019
0.251432
0.252591
0.253454
0.254025
0.254353
0.254538
0.25471
0.255023
0.255637
0.256722
0.258376
0.260645
0.263537
0.267029
0.271031
0.275476
0.280173
0.285079
0.289876
0.294641
0.298813
0.302769
0.305268
0.306955
0.30582
0.304467
0.297101
0.292579
0.273109
0.268655
0.220775
0.23354
0.103862
0.204983
0.0139313
0.108599
0.185815
0.209242
0.219045
0.224058
0.22681
0.228662
0.23011
0.231406
0.232606
0.233732
0.234768
0.235718
0.236586
0.237394
0.238176
0.238983
0.239873
0.240901
0.242107
0.243506
0.245072
0.24675
0.248452
0.250071
0.251506
0.252682
0.253553
0.254122
0.254439
0.254603
0.254749
0.255033
0.255617
0.256675
0.258305
0.260551
0.263423
0.266899
0.270884
0.275313
0.279998
0.284894
0.289682
0.294437
0.298597
0.302527
0.304995
0.306657
0.305489
0.3041
0.296683
0.292101
0.272542
0.267987
0.219968
0.232589
0.102865
0.203791
0.0202799
0.108982
0.18483
0.208582
0.218756
0.224
0.226873
0.228774
0.230222
0.231498
0.232678
0.233788
0.234814
0.235755
0.236615
0.237415
0.238187
0.238985
0.239865
0.240886
0.242088
0.243489
0.245064
0.246759
0.248483
0.250127
0.251585
0.252778
0.253658
0.254225
0.25453
0.254675
0.254795
0.255048
0.255602
0.256632
0.258236
0.26046
0.263311
0.266769
0.270736
0.27515
0.279823
0.284709
0.289488
0.294232
0.298379
0.302282
0.30472
0.306357
0.305158
0.303733
0.296268
0.291627
0.271989
0.267326
0.219191
0.231644
0.101932
0.202604
0.0263044
0.109458
0.183889
0.207921
0.218446
0.223921
0.226921
0.228881
0.230338
0.231598
0.232758
0.233853
0.234866
0.235798
0.236649
0.23744
0.238203
0.23899
0.23986
0.240873
0.242071
0.243474
0.245059
0.24677
0.248517
0.250186
0.251667
0.252878
0.253767
0.254334
0.254628
0.254752
0.254846
0.255069
0.255593
0.256594
0.258172
0.260372
0.263202
0.266639
0.270588
0.274987
0.27965
0.284525
0.289294
0.294025
0.298159
0.302034
0.304443
0.306054
0.304825
0.303364
0.295856
0.291156
0.271448
0.266673
0.218442
0.230705
0.101058
0.201417
0.0320265
0.11002
0.182994
0.207263
0.218119
0.223822
0.226955
0.228982
0.230458
0.231706
0.232847
0.233924
0.234925
0.235846
0.236688
0.237469
0.238222
0.238999
0.239859
0.240863
0.242057
0.243461
0.245055
0.246783
0.248553
0.250248
0.251753
0.252982
0.253882
0.254448
0.254731
0.254836
0.254904
0.255097
0.25559
0.256562
0.258113
0.260288
0.263093
0.266509
0.270441
0.274827
0.279478
0.284341
0.2891
0.293817
0.297936
0.301784
0.304163
0.305748
0.304489
0.302993
0.295446
0.290687
0.270919
0.266026
0.21772
0.22977
0.100243
0.200227
0.0374659
0.110661
0.182147
0.206612
0.217779
0.223705
0.226974
0.229073
0.230578
0.23182
0.232944
0.234004
0.23499
0.2359
0.236733
0.237504
0.238246
0.239012
0.239862
0.240857
0.242046
0.243451
0.245053
0.246798
0.24859
0.250312
0.251842
0.253091
0.254001
0.254568
0.254841
0.254927
0.254969
0.255131
0.255594
0.256537
0.258058
0.260206
0.262987
0.266383
0.270299
0.27467
0.279308
0.284159
0.288906
0.293608
0.297712
0.30153
0.30388
0.305439
0.304151
0.30262
0.295036
0.290218
0.2704
0.265385
0.217026
0.228839
0.0994857
0.19903
0.042641
0.111374
0.181349
0.20597
0.217429
0.223572
0.226979
0.229156
0.230696
0.231939
0.233048
0.234091
0.235062
0.235961
0.236782
0.237543
0.238275
0.23903
0.239869
0.240856
0.242038
0.243444
0.245054
0.246814
0.24863
0.250379
0.251935
0.253204
0.254125
0.254693
0.254958
0.255026
0.255041
0.255173
0.255605
0.256518
0.258007
0.260129
0.262886
0.266262
0.270161
0.274517
0.279141
0.283978
0.288712
0.293399
0.297486
0.301274
0.303595
0.305126
0.303811
0.302243
0.294627
0.289749
0.269891
0.264748
0.216359
0.227911
0.0987841
0.197822
0.0475688
0.112154
0.1806
0.205341
0.217072
0.223425
0.226971
0.229229
0.230811
0.232062
0.233159
0.234185
0.235142
0.236027
0.236838
0.237588
0.238309
0.239053
0.239881
0.240858
0.242035
0.24344
0.245058
0.246833
0.248672
0.250447
0.252031
0.25332
0.254254
0.254825
0.255081
0.25513
0.255121
0.255222
0.255622
0.256505
0.257964
0.260058
0.262792
0.266147
0.270027
0.274367
0.278976
0.283798
0.288519
0.293189
0.297258
0.301016
0.303307
0.30481
0.303467
0.301862
0.294218
0.28928
0.269391
0.264116
0.215719
0.226986
0.0981374
0.196603
0.0522647
0.112994
0.1799
0.204726
0.21671
0.223265
0.226951
0.229292
0.230922
0.232187
0.233276
0.234287
0.235228
0.2361
0.236899
0.237638
0.238349
0.239082
0.239899
0.240866
0.242036
0.24344
0.245064
0.246855
0.248715
0.250519
0.25213
0.253441
0.254388
0.25496
0.255209
0.255241
0.255207
0.255278
0.255648
0.256501
0.257929
0.259996
0.262705
0.266039
0.2699
0.274222
0.278815
0.283622
0.288328
0.29298
0.29703
0.300757
0.303018
0.304491
0.303121
0.301478
0.293808
0.28881
0.268899
0.263489
0.215106
0.226064
0.097545
0.195369
0.0567431
0.113889
0.179249
0.204127
0.216346
0.223096
0.226919
0.229347
0.231027
0.232313
0.233399
0.234396
0.235322
0.23618
0.236966
0.237694
0.238393
0.239115
0.239922
0.240879
0.242042
0.243445
0.245074
0.246879
0.248762
0.250593
0.252233
0.253566
0.254526
0.255101
0.255342
0.255358
0.2553
0.255342
0.255682
0.256505
0.257903
0.259942
0.262627
0.265937
0.269779
0.274082
0.278659
0.283449
0.288139
0.292771
0.296801
0.300496
0.302726
0.304169
0.302772
0.301091
0.293398
0.288338
0.268416
0.262865
0.214519
0.225144
0.0970061
0.194119
0.0610176
0.114832
0.178648
0.203547
0.215982
0.222919
0.226878
0.229393
0.231127
0.232439
0.233527
0.234511
0.235422
0.236266
0.23704
0.237756
0.238444
0.239154
0.23995
0.240898
0.242054
0.243454
0.245089
0.246907
0.248812
0.250671
0.252338
0.253694
0.254667
0.255247
0.255481
0.255481
0.2554
0.255414
0.255726
0.256519
0.257887
0.259898
0.262557
0.265844
0.269665
0.273949
0.278507
0.283279
0.287953
0.292564
0.296573
0.300234
0.302434
0.303845
0.302421
0.300701
0.292987
0.287864
0.26794
0.262245
0.213958
0.224227
0.0965203
0.19285
0.0651003
0.115819
0.178095
0.202987
0.21562
0.222736
0.226828
0.229431
0.231221
0.232563
0.233658
0.234633
0.235529
0.236359
0.23712
0.237824
0.2385
0.239199
0.239984
0.240922
0.242071
0.243469
0.245108
0.246939
0.248865
0.250751
0.252447
0.253825
0.254813
0.255397
0.255625
0.255611
0.255508
0.255496
0.255779
0.256543
0.257881
0.259864
0.262496
0.26576
0.269558
0.273822
0.278362
0.283114
0.287769
0.292358
0.296345
0.299971
0.30214
0.303518
0.302069
0.300308
0.292576
0.287389
0.267471
0.261628
0.213424
0.223314
0.0960874
0.191562
0.0690027
0.116845
0.17759
0.202448
0.215263
0.22255
0.226771
0.229462
0.23131
0.232686
0.233791
0.234761
0.235644
0.236459
0.237206
0.237898
0.238563
0.23925
0.240024
0.240952
0.242094
0.24349
0.245133
0.246975
0.248922
0.250833
0.252557
0.25396
0.254962
0.255551
0.255776
0.255748
0.255624
0.255587
0.255844
0.256578
0.257886
0.25984
0.262446
0.265684
0.26946
0.273702
0.278222
0.282953
0.287589
0.292155
0.296118
0.299709
0.301847
0.303191
0.301715
0.299912
0.292165
0.286911
0.26701
0.261015
0.212916
0.222404
0.0957072
0.190254
0.0727355
0.117906
0.177132
0.201931
0.214911
0.222362
0.226709
0.229488
0.231394
0.232805
0.233926
0.234893
0.235765
0.236566
0.2373
0.237979
0.238632
0.239308
0.240071
0.240989
0.242124
0.243516
0.245163
0.247016
0.248981
0.250918
0.25267
0.254097
0.255115
0.255711
0.255931
0.255892
0.255748
0.255688
0.255918
0.256624
0.257902
0.259827
0.262406
0.265619
0.269371
0.27359
0.278089
0.282798
0.287414
0.291955
0.295893
0.299448
0.301554
0.302863
0.301361
0.299514
0.291753
0.286432
0.266555
0.260404
0.212435
0.221498
0.0953796
0.188923
0.0763085
0.118996
0.17672
0.201438
0.214567
0.222174
0.226643
0.229509
0.231473
0.232922
0.234063
0.235031
0.235893
0.236681
0.237401
0.238067
0.238708
0.239373
0.240125
0.241034
0.242161
0.243549
0.245198
0.247062
0.249045
0.251006
0.252785
0.254237
0.255272
0.255874
0.256093
0.256043
0.25588
0.255798
0.256005
0.256682
0.25793
0.259827
0.262378
0.265564
0.269292
0.273487
0.277963
0.28265
0.287244
0.291758
0.29567
0.299188
0.301262
0.302534
0.301007
0.299115
0.291342
0.285952
0.266107
0.259796
0.211979
0.220596
0.0951047
0.187571
0.0797308
0.120112
0.176352
0.200968
0.214232
0.221987
0.226576
0.229526
0.23155
0.233037
0.234199
0.235172
0.236027
0.236802
0.237509
0.238162
0.238791
0.239445
0.240186
0.241085
0.242205
0.243589
0.24524
0.247113
0.249112
0.251096
0.252902
0.25438
0.255432
0.256043
0.25626
0.2562
0.256021
0.255919
0.256102
0.256751
0.25797
0.259838
0.262361
0.265521
0.269222
0.273393
0.277845
0.282507
0.287078
0.291565
0.295451
0.29893
0.300972
0.302206
0.300653
0.298715
0.290933
0.28547
0.265666
0.259192
0.21155
0.219699
0.0948825
0.186196
0.083011
0.121249
0.176029
0.200524
0.213906
0.221802
0.226507
0.229541
0.231624
0.23315
0.234336
0.235317
0.236167
0.236931
0.237624
0.238265
0.238882
0.239524
0.240255
0.241145
0.242257
0.243637
0.245289
0.247169
0.249183
0.251189
0.253021
0.254524
0.255595
0.256215
0.256433
0.256365
0.256171
0.25605
0.256212
0.256833
0.258024
0.259863
0.262357
0.265489
0.269164
0.273308
0.277736
0.282373
0.286919
0.291377
0.295235
0.298675
0.300684
0.301879
0.300301
0.298314
0.290524
0.284987
0.265231
0.258589
0.211147
0.218807
0.0947133
0.184797
0.086157
0.122405
0.175748
0.200105
0.213592
0.221622
0.226439
0.229555
0.231696
0.233262
0.234473
0.235465
0.236313
0.237067
0.237747
0.238375
0.23898
0.239612
0.240332
0.241213
0.242317
0.243692
0.245345
0.247232
0.249259
0.251285
0.253141
0.25467
0.255761
0.256392
0.256612
0.256537
0.256329
0.256192
0.256333
0.256928
0.25809
0.2599
0.262366
0.265469
0.269117
0.273234
0.277636
0.282246
0.286767
0.291194
0.295023
0.298424
0.300398
0.301554
0.29995
0.297914
0.290118
0.284505
0.264803
0.25799
0.21077
0.217921
0.0945971
0.183374
0.0891761
0.123576
0.175508
0.199711
0.213289
0.221447
0.226373
0.22957
0.231768
0.233373
0.23461
0.235616
0.236465
0.23721
0.237879
0.238494
0.239087
0.239707
0.240418
0.24129
0.242387
0.243757
0.245409
0.247301
0.249339
0.251385
0.253264
0.254817
0.255929
0.256572
0.256796
0.256716
0.256498
0.256345
0.256466
0.257035
0.25817
0.259951
0.262388
0.265462
0.269082
0.27317
0.277546
0.282127
0.286621
0.291017
0.294816
0.298176
0.300117
0.301232
0.299601
0.297515
0.289714
0.284022
0.264382
0.257393
0.210417
0.217041
0.0945341
0.181928
0.0920752
0.124759
0.175307
0.199343
0.213
0.221277
0.22631
0.229585
0.23184
0.233485
0.234749
0.235769
0.236621
0.23736
0.238018
0.238621
0.239202
0.239812
0.240513
0.241376
0.242465
0.24383
0.245481
0.247377
0.249425
0.251487
0.253388
0.254965
0.2561
0.256757
0.256985
0.256903
0.256676
0.256509
0.256611
0.257156
0.258264
0.260016
0.262424
0.265468
0.269059
0.273118
0.277465
0.282017
0.286484
0.290847
0.294614
0.297932
0.299839
0.300912
0.299256
0.297118
0.289314
0.28354
0.263968
0.256798
0.21009
0.216167
0.0945244
0.180458
0.0948606
0.125951
0.175145
0.199001
0.212725
0.221115
0.226251
0.229603
0.231914
0.233598
0.234888
0.235925
0.236783
0.237518
0.238166
0.238757
0.239327
0.239926
0.240617
0.241471
0.242553
0.243912
0.245562
0.247461
0.249516
0.251593
0.253514
0.255114
0.256271
0.256944
0.25718
0.257096
0.256863
0.256685
0.256768
0.25729
0.258372
0.260096
0.262474
0.265488
0.269049
0.273078
0.277396
0.281917
0.286354
0.290683
0.294418
0.297694
0.299566
0.300596
0.298915
0.296723
0.288917
0.283059
0.263561
0.256205
0.209786
0.215299
0.0945681
0.178964
0.0975383
0.127148
0.175021
0.198685
0.212464
0.220961
0.226198
0.229625
0.231991
0.233714
0.23503
0.236084
0.23695
0.237683
0.238322
0.238903
0.239461
0.24005
0.240732
0.241577
0.242652
0.244005
0.245652
0.247552
0.249614
0.251703
0.253643
0.255265
0.256444
0.257135
0.257379
0.257297
0.257059
0.256872
0.256937
0.257437
0.258494
0.26019
0.262538
0.265522
0.269052
0.27305
0.277337
0.281827
0.286233
0.290527
0.294228
0.297461
0.299298
0.300284
0.298578
0.296331
0.288525
0.28258
0.263162
0.255615
0.209506
0.214437
0.0946651
0.177447
0.100114
0.12835
0.174931
0.198396
0.212219
0.220816
0.22615
0.229652
0.232072
0.233833
0.235176
0.236246
0.237121
0.237855
0.238487
0.239058
0.239605
0.240184
0.240856
0.241694
0.242761
0.244108
0.245752
0.247652
0.249718
0.251818
0.253775
0.255417
0.256618
0.257328
0.257584
0.257505
0.257265
0.257069
0.257119
0.257599
0.258631
0.260299
0.262618
0.26557
0.269069
0.273035
0.277291
0.281747
0.286122
0.290379
0.294046
0.297234
0.299035
0.299977
0.298245
0.295944
0.288139
0.282103
0.262771
0.255027
0.209248
0.213582
0.0948153
0.175906
0.102592
0.129552
0.174876
0.198132
0.211989
0.22068
0.226109
0.229684
0.232157
0.233955
0.235325
0.236412
0.237297
0.238033
0.238661
0.239223
0.23976
0.240329
0.240992
0.241821
0.242882
0.244223
0.245862
0.247761
0.24983
0.251938
0.253909
0.255571
0.256793
0.257522
0.257792
0.257721
0.25748
0.257277
0.257314
0.257774
0.258782
0.260423
0.262712
0.265633
0.2691
0.273033
0.277256
0.281678
0.28602
0.29024
0.293871
0.297014
0.29878
0.299675
0.297919
0.29556
0.287758
0.28163
0.262387
0.254441
0.209013
0.212733
0.0950184
0.174342
0.104979
0.130754
0.174853
0.197894
0.211775
0.220554
0.226075
0.229722
0.232248
0.234083
0.235478
0.236583
0.237479
0.238219
0.238844
0.239398
0.239926
0.240485
0.241139
0.241961
0.243014
0.244349
0.245983
0.24788
0.24995
0.252063
0.254048
0.255728
0.25697
0.257719
0.258004
0.257942
0.257704
0.257496
0.257521
0.257963
0.258949
0.260563
0.262822
0.265712
0.269145
0.273044
0.277234
0.281621
0.285928
0.290109
0.293704
0.296802
0.298531
0.29938
0.297598
0.295182
0.287383
0.281161
0.262013
0.253858
0.208799
0.211889
0.095274
0.172756
0.107277
0.131953
0.174862
0.197681
0.211579
0.220439
0.226049
0.229767
0.232345
0.234217
0.235638
0.23676
0.237666
0.238412
0.239036
0.239584
0.240103
0.240653
0.241299
0.242112
0.243158
0.244487
0.246115
0.248009
0.250079
0.252195
0.25419
0.255886
0.257149
0.257918
0.258221
0.25817
0.257936
0.257725
0.257741
0.258167
0.25913
0.260718
0.262948
0.265805
0.269206
0.27307
0.277225
0.281575
0.285848
0.289988
0.293546
0.296597
0.298289
0.299091
0.297285
0.294809
0.287016
0.280697
0.261647
0.253277
0.208604
0.21105
0.0955815
0.171147
0.109492
0.133147
0.174901
0.197494
0.211399
0.220336
0.226031
0.22982
0.23245
0.234358
0.235804
0.236943
0.23786
0.238612
0.239237
0.23978
0.240292
0.240834
0.241471
0.242277
0.243316
0.244637
0.246259
0.248149
0.250217
0.252334
0.254336
0.256048
0.25733
0.25812
0.258441
0.258404
0.258177
0.257965
0.257973
0.258384
0.259327
0.260889
0.26309
0.265915
0.269282
0.27311
0.27723
0.281542
0.285778
0.289878
0.293397
0.296401
0.298056
0.298809
0.296978
0.294443
0.286657
0.280238
0.261292
0.2527
0.20843
0.210216
0.09594
0.169517
0.111628
0.134334
0.174968
0.197332
0.211237
0.220244
0.226022
0.229881
0.232563
0.234507
0.235977
0.237133
0.238061
0.23882
0.239448
0.239988
0.240494
0.241028
0.241657
0.242455
0.243487
0.244801
0.246415
0.248301
0.250365
0.252481
0.254489
0.256212
0.257513
0.258324
0.258665
0.258643
0.258425
0.258216
0.258217
0.258616
0.259539
0.261076
0.263248
0.26604
0.269373
0.273165
0.277248
0.281522
0.28572
0.289778
0.293258
0.296214
0.297831
0.298535
0.29668
0.294084
0.286305
0.279785
0.260946
0.252126
0.208274
0.209386
0.0963485
0.167865
0.113687
0.135514
0.175062
0.197194
0.211092
0.220164
0.226023
0.22995
0.232684
0.234664
0.236159
0.237331
0.23827
0.239036
0.239667
0.240207
0.240708
0.241235
0.241857
0.242648
0.243672
0.244979
0.246585
0.248464
0.250524
0.252637
0.254647
0.256381
0.257698
0.258531
0.258893
0.258888
0.258682
0.258476
0.258474
0.258861
0.259766
0.261279
0.263422
0.266182
0.26948
0.273235
0.277281
0.281515
0.285675
0.289689
0.293129
0.296036
0.297615
0.298269
0.296389
0.293732
0.285963
0.279339
0.260611
0.251556
0.208135
0.208558
0.0968058
0.166192
0.115674
0.136685
0.175181
0.19708
0.210965
0.220098
0.226034
0.230028
0.232814
0.234831
0.23635
0.237538
0.238488
0.239261
0.239897
0.240438
0.240936
0.241457
0.242072
0.242856
0.243872
0.245171
0.246769
0.24864
0.250694
0.252802
0.254812
0.256554
0.257887
0.25874
0.259124
0.259139
0.258946
0.258747
0.258743
0.25912
0.260009
0.261498
0.263613
0.266341
0.269604
0.273321
0.277329
0.281522
0.285642
0.289612
0.29301
0.295868
0.297408
0.298012
0.296108
0.293389
0.28563
0.278901
0.260287
0.250991
0.208015
0.207733
0.0973103
0.164499
0.117592
0.137845
0.175325
0.19699
0.210855
0.220044
0.226055
0.230116
0.232953
0.235006
0.23655
0.237754
0.238716
0.239496
0.240137
0.24068
0.241177
0.241694
0.242303
0.243079
0.244088
0.245379
0.246968
0.24883
0.250875
0.252977
0.254985
0.256733
0.258079
0.258952
0.259359
0.259394
0.259217
0.259027
0.259024
0.259394
0.260267
0.261734
0.263821
0.266516
0.269744
0.273423
0.277392
0.281543
0.285622
0.289547
0.292903
0.29571
0.297211
0.297765
0.295836
0.293054
0.285307
0.278471
0.259975
0.250431
0.207911
0.206909
0.0978602
0.162787
0.119443
0.138994
0.175493
0.196923
0.210764
0.220003
0.226086
0.230212
0.233101
0.235192
0.236761
0.237981
0.238953
0.239741
0.240388
0.240934
0.241432
0.241946
0.24255
0.243319
0.244321
0.245603
0.247182
0.249033
0.251069
0.253164
0.255167
0.256918
0.258276
0.259168
0.259597
0.259655
0.259496
0.259317
0.259317
0.259681
0.26054
0.261986
0.264045
0.266708
0.2699
0.273541
0.27747
0.281579
0.285616
0.289494
0.292807
0.295564
0.297025
0.297527
0.295574
0.292729
0.284995
0.278051
0.259676
0.249877
0.207823
0.206086
0.0984537
0.161054
0.121231
0.14013
0.175682
0.196879
0.21069
0.219976
0.226128
0.230319
0.233259
0.235388
0.236983
0.238219
0.239202
0.239998
0.24065
0.241201
0.2417
0.242213
0.242813
0.243576
0.24457
0.245843
0.247411
0.249251
0.251277
0.253364
0.255359
0.257111
0.258479
0.259388
0.25984
0.259921
0.259782
0.259616
0.259622
0.259981
0.260828
0.262254
0.264287
0.266918
0.270074
0.273675
0.277564
0.281629
0.285624
0.289454
0.292724
0.295429
0.29685
0.297299
0.295323
0.292414
0.284695
0.27764
0.259389
0.24933
0.207752
0.205262
0.0990884
0.159303
0.122958
0.141252
0.175892
0.196856
0.210634
0.219962
0.226182
0.230435
0.233427
0.235594
0.237215
0.238469
0.239463
0.240266
0.240924
0.24148
0.241983
0.242496
0.243093
0.243851
0.244838
0.246101
0.247658
0.249484
0.251499
0.253575
0.255562
0.257312
0.258688
0.259614
0.260088
0.260193
0.260075
0.259925
0.259938
0.260296
0.261132
0.262539
0.264546
0.267145
0.270265
0.273827
0.277674
0.281695
0.285646
0.289428
0.292653
0.295306
0.296686
0.297083
0.295082
0.292109
0.284405
0.27724
0.259116
0.248791
0.207697
0.204438
0.0997621
0.157532
0.124627
0.142361
0.176122
0.196856
0.210596
0.219963
0.226246
0.230562
0.233605
0.235811
0.237459
0.23873
0.239735
0.240546
0.241211
0.241772
0.24228
0.242795
0.243391
0.244145
0.245124
0.246378
0.247923
0.249734
0.251736
0.2538
0.255777
0.257523
0.258905
0.259845
0.260341
0.260471
0.260375
0.260243
0.260265
0.260623
0.26145
0.26284
0.264822
0.267389
0.270474
0.273996
0.277801
0.281777
0.285683
0.289416
0.292595
0.295195
0.296535
0.296878
0.294853
0.291816
0.284129
0.276851
0.258858
0.24826
0.207658
0.203613
0.100472
0.155742
0.126239
0.143454
0.17637
0.196876
0.210576
0.219977
0.226323
0.230699
0.233793
0.236038
0.237715
0.239004
0.240021
0.24084
0.241511
0.242078
0.242591
0.24311
0.243706
0.244457
0.245429
0.246673
0.248205
0.250002
0.251989
0.254039
0.256004
0.257745
0.25913
0.260084
0.260601
0.260755
0.260684
0.26057
0.260604
0.260965
0.261784
0.263157
0.265115
0.267652
0.270701
0.274182
0.277945
0.281875
0.285735
0.289418
0.292551
0.295097
0.296395
0.296685
0.294636
0.291535
0.283864
0.276475
0.258614
0.24774
0.207636
0.202786
0.101216
0.153933
0.127798
0.144531
0.176635
0.196917
0.210573
0.220005
0.22641
0.230846
0.233991
0.236276
0.237981
0.23929
0.24032
0.241147
0.241825
0.242399
0.242918
0.243441
0.24404
0.244788
0.245754
0.246988
0.248507
0.250288
0.252258
0.254293
0.256246
0.257979
0.259365
0.260331
0.260868
0.261047
0.261
0.260908
0.260955
0.261319
0.262134
0.263491
0.265426
0.267932
0.270945
0.274386
0.278106
0.281989
0.285803
0.289435
0.292521
0.295012
0.296269
0.296504
0.294432
0.291265
0.283614
0.276111
0.258386
0.24723
0.20763
0.201958
0.101991
0.152106
0.129304
0.145592
0.176917
0.196978
0.210588
0.220048
0.22651
0.231004
0.2342
0.236525
0.23826
0.239589
0.240632
0.241468
0.242153
0.242734
0.24326
0.243789
0.244391
0.245138
0.246099
0.247324
0.248829
0.250593
0.252544
0.254564
0.256504
0.258226
0.259612
0.260588
0.261143
0.261347
0.261326
0.261255
0.261318
0.261688
0.262498
0.263842
0.265754
0.26823
0.271208
0.274608
0.278284
0.28212
0.285887
0.289467
0.292504
0.294941
0.296155
0.296336
0.29424
0.291009
0.283377
0.275761
0.258173
0.246732
0.207642
0.201129
0.102795
0.150258
0.13076
0.146636
0.177214
0.197059
0.21062
0.220105
0.226622
0.231172
0.234418
0.236784
0.238549
0.2399
0.240958
0.241804
0.242496
0.243084
0.243617
0.244153
0.24476
0.245508
0.246465
0.24768
0.249171
0.250917
0.252848
0.254851
0.256777
0.258487
0.259871
0.260856
0.261429
0.261656
0.261661
0.261613
0.261693
0.26207
0.262878
0.26421
0.2661
0.268547
0.271489
0.274848
0.27848
0.282268
0.285987
0.289514
0.292503
0.294884
0.296056
0.296181
0.294062
0.290766
0.283154
0.275425
0.257978
0.246247
0.207671
0.200301
0.103625
0.148391
0.132168
0.147664
0.177526
0.197158
0.21067
0.220177
0.226745
0.231352
0.234647
0.237054
0.23885
0.240224
0.241297
0.242154
0.242855
0.24345
0.243991
0.244535
0.245147
0.245897
0.246851
0.248057
0.249535
0.251262
0.253172
0.255156
0.257066
0.258764
0.260144
0.261136
0.261726
0.261976
0.262007
0.261983
0.26208
0.262467
0.263274
0.264594
0.266465
0.268882
0.271789
0.275106
0.278695
0.282434
0.286104
0.289578
0.292517
0.294842
0.29597
0.296041
0.293897
0.290537
0.282946
0.275104
0.257799
0.245777
0.207719
0.199473
0.104479
0.146504
0.133529
0.148673
0.177851
0.197276
0.210736
0.220262
0.226881
0.231542
0.234887
0.237334
0.239162
0.240559
0.24165
0.242519
0.243229
0.243832
0.244381
0.244933
0.245551
0.246305
0.247258
0.248456
0.24992
0.251629
0.253517
0.25548
0.257372
0.259058
0.260433
0.261429
0.262035
0.262308
0.262365
0.262366
0.262481
0.262879
0.263686
0.264996
0.266847
0.269237
0.272108
0.275384
0.278928
0.282617
0.286237
0.289658
0.292546
0.294815
0.295899
0.295914
0.293747
0.290322
0.282753
0.274798
0.257637
0.245322
0.207785
0.198648
0.105354
0.144597
0.134845
0.149665
0.178189
0.197411
0.210819
0.220362
0.227028
0.231743
0.235136
0.237624
0.239485
0.240907
0.242016
0.242898
0.243618
0.244231
0.244788
0.245348
0.245974
0.246733
0.247684
0.248876
0.250326
0.252016
0.253882
0.255822
0.257697
0.25937
0.260737
0.261738
0.262358
0.262654
0.262736
0.262761
0.262897
0.263306
0.264115
0.265416
0.267248
0.26961
0.272446
0.275681
0.279179
0.282819
0.286389
0.289754
0.292592
0.294803
0.295843
0.295803
0.293611
0.290122
0.282576
0.274508
0.257494
0.244884
0.207872
0.197827
0.106249
0.142669
0.136118
0.150639
0.178539
0.197564
0.210918
0.220476
0.227188
0.231954
0.235396
0.237925
0.239819
0.241266
0.242394
0.243291
0.244023
0.244645
0.245212
0.245781
0.246415
0.247179
0.248131
0.249317
0.250755
0.252426
0.254268
0.256185
0.258041
0.259702
0.26106
0.262064
0.262697
0.263014
0.263121
0.263171
0.263327
0.263749
0.26456
0.265854
0.267668
0.270002
0.272804
0.275997
0.27945
0.283039
0.286557
0.289867
0.292653
0.294808
0.295803
0.295706
0.293491
0.289938
0.282415
0.274236
0.257369
0.244463
0.207978
0.197012
0.107162
0.140721
0.137347
0.151595
0.1789
0.197734
0.211034
0.220604
0.22736
0.232177
0.235666
0.238236
0.240163
0.241637
0.242785
0.243698
0.244443
0.245076
0.245653
0.246232
0.246874
0.247643
0.248597
0.249779
0.251204
0.252857
0.254677
0.256568
0.258405
0.260052
0.261401
0.262407
0.263053
0.26339
0.263522
0.263597
0.263774
0.264209
0.265024
0.26631
0.268107
0.270415
0.273182
0.276333
0.279739
0.283278
0.286744
0.289998
0.292732
0.294828
0.295778
0.295625
0.293386
0.28977
0.28227
0.273981
0.257262
0.244061
0.208105
0.196206
0.108093
0.138753
0.138536
0.152532
0.179271
0.19792
0.211166
0.220746
0.227544
0.23241
0.235946
0.238557
0.240517
0.242018
0.243188
0.244118
0.244877
0.245523
0.246111
0.2467
0.247351
0.248127
0.249082
0.25026
0.251675
0.25331
0.255107
0.256973
0.258789
0.260421
0.261762
0.262769
0.263427
0.263784
0.26394
0.264041
0.264238
0.264687
0.265506
0.266786
0.268566
0.270847
0.273579
0.276689
0.280049
0.283536
0.28695
0.290147
0.292827
0.294865
0.29577
0.295561
0.293297
0.289619
0.282142
0.273744
0.257175
0.243678
0.208252
0.195411
0.109039
0.136766
0.139685
0.153451
0.179653
0.198121
0.211313
0.220902
0.227741
0.232654
0.236236
0.238887
0.240882
0.24241
0.243602
0.244551
0.245325
0.245985
0.246585
0.247185
0.247846
0.248628
0.249586
0.250761
0.252165
0.253783
0.255558
0.2574
0.259194
0.26081
0.262144
0.263151
0.26382
0.264196
0.264377
0.264502
0.264721
0.265184
0.266008
0.267282
0.269046
0.2713
0.273998
0.277065
0.280378
0.283813
0.287174
0.290313
0.29294
0.294919
0.295777
0.295512
0.293225
0.289484
0.282031
0.273525
0.257106
0.243316
0.208421
0.194629
0.11
0.13476
0.140794
0.154352
0.180043
0.198338
0.211476
0.221072
0.227949
0.232909
0.236536
0.239228
0.241257
0.242813
0.244028
0.244996
0.245787
0.246461
0.247075
0.247688
0.248359
0.249149
0.250109
0.251281
0.252675
0.254277
0.25603
0.257847
0.259618
0.26122
0.262548
0.263554
0.264234
0.264629
0.264834
0.264983
0.265224
0.265701
0.26653
0.267799
0.269546
0.271775
0.274438
0.277463
0.280728
0.28411
0.287417
0.290498
0.29307
0.29499
0.295802
0.295481
0.293169
0.289366
0.281938
0.273326
0.257056
0.242975
0.20861
0.193863
0.110975
0.132739
0.141866
0.155234
0.180442
0.19857
0.211654
0.221256
0.228169
0.233174
0.236846
0.239578
0.241641
0.243226
0.244465
0.245453
0.246261
0.246951
0.24758
0.248206
0.248889
0.249687
0.250651
0.251819
0.253205
0.25479
0.256521
0.258315
0.260063
0.261651
0.262972
0.263978
0.264669
0.265083
0.265311
0.265486
0.265748
0.266239
0.267074
0.268337
0.270069
0.272271
0.274899
0.277881
0.281099
0.284427
0.287679
0.290702
0.293218
0.295079
0.295844
0.295467
0.29313
0.289267
0.281862
0.273146
0.257026
0.242657
0.20882
0.193117
0.111965
0.130705
0.142901
0.156098
0.180849
0.198817
0.211847
0.221453
0.228401
0.23345
0.237166
0.239937
0.242035
0.243649
0.244913
0.245921
0.246748
0.247455
0.2481
0.24874
0.249435
0.250242
0.251211
0.252377
0.253753
0.255322
0.257032
0.258802
0.260528
0.262101
0.263416
0.264425
0.265126
0.265559
0.265811
0.26601
0.266293
0.2668
0.26764
0.268898
0.270613
0.272789
0.275382
0.278321
0.28149
0.284765
0.287961
0.290924
0.293385
0.295185
0.295903
0.29547
0.293108
0.289185
0.281804
0.272986
0.257014
0.242362
0.209049
0.192393
0.112967
0.128663
0.143899
0.156943
0.181264
0.199077
0.212055
0.221663
0.228645
0.233737
0.237495
0.240306
0.242438
0.244082
0.24537
0.2464
0.247247
0.247971
0.248633
0.249289
0.249997
0.250814
0.251788
0.252953
0.254319
0.255872
0.257561
0.259307
0.261011
0.262569
0.26388
0.264892
0.265604
0.266057
0.266333
0.266557
0.266862
0.267383
0.268229
0.269482
0.271181
0.27333
0.275888
0.278783
0.281903
0.285123
0.288263
0.291166
0.29357
0.29531
0.29598
0.295491
0.293103
0.289122
0.281763
0.272846
0.25702
0.24209
0.209296
0.191693
0.11398
0.126617
0.144862
0.15777
0.181686
0.199351
0.212277
0.221887
0.228901
0.234034
0.237834
0.240684
0.24285
0.244524
0.245838
0.24689
0.247756
0.2485
0.249179
0.249851
0.250573
0.251401
0.252381
0.253545
0.254904
0.256442
0.258108
0.25983
0.261511
0.263053
0.264359
0.265378
0.266104
0.266577
0.266878
0.267128
0.267455
0.26799
0.268841
0.270089
0.271772
0.273895
0.276416
0.279267
0.282337
0.285501
0.288584
0.291426
0.293773
0.295453
0.296075
0.295529
0.293116
0.289076
0.28174
0.272726
0.257044
0.241842
0.20956
0.191022
0.115001
0.124576
0.14579
0.15858
0.182115
0.199639
0.212513
0.222124
0.229168
0.234341
0.238183
0.241071
0.243271
0.244975
0.246314
0.24739
0.248277
0.24904
0.249737
0.250426
0.251163
0.252003
0.252989
0.254154
0.255506
0.257029
0.258675
0.260372
0.262029
0.263553
0.264853
0.265878
0.26662
0.267117
0.267445
0.267721
0.26807
0.268621
0.269478
0.270721
0.272388
0.274483
0.276968
0.279774
0.282793
0.285901
0.288926
0.291707
0.293995
0.295614
0.296187
0.295586
0.293146
0.289049
0.281734
0.272626
0.257084
0.241618
0.209836
0.190381
0.116025
0.12255
0.146685
0.159371
0.18255
0.199939
0.212764
0.222374
0.229447
0.234659
0.23854
0.241466
0.243701
0.245434
0.2468
0.247899
0.248807
0.24959
0.250306
0.251013
0.251766
0.252617
0.253611
0.254777
0.256123
0.257633
0.259259
0.260933
0.262566
0.26407
0.265361
0.26639
0.267148
0.26767
0.268029
0.268335
0.268709
0.269276
0.270139
0.271376
0.273026
0.275094
0.277542
0.280303
0.283271
0.286322
0.289288
0.292007
0.294236
0.295794
0.296317
0.295659
0.293192
0.289039
0.281743
0.272544
0.257137
0.241417
0.210121
0.189773
0.117045
0.120551
0.147545
0.160144
0.182991
0.200252
0.213028
0.222637
0.229737
0.234986
0.238907
0.24187
0.244139
0.245902
0.247295
0.248417
0.249348
0.250151
0.250887
0.251611
0.25238
0.253244
0.254246
0.255413
0.256754
0.258252
0.25986
0.261512
0.263122
0.264607
0.265887
0.266917
0.267686
0.268231
0.26862
0.26896
0.269363
0.26995
0.270821
0.272054
0.273688
0.275728
0.278139
0.280854
0.283769
0.286763
0.28967
0.292325
0.294496
0.295991
0.296464
0.29575
0.293254
0.289045
0.281765
0.272479
0.2572
0.241236
0.210408
0.189198
0.118048
0.118598
0.148373
0.160901
0.183438
0.200577
0.213305
0.222913
0.230039
0.235324
0.239283
0.242283
0.244585
0.246378
0.247797
0.248944
0.249897
0.250721
0.251477
0.25222
0.253005
0.253882
0.254892
0.256062
0.257399
0.258885
0.260476
0.262107
0.263696
0.265162
0.266432
0.267462
0.268239
0.268803
0.269219
0.269589
0.270022
0.270633
0.271517
0.27275
0.27437
0.276383
0.278757
0.281426
0.284289
0.287224
0.29007
0.292663
0.294772
0.296205
0.296626
0.295856
0.293329
0.289064
0.281797
0.272426
0.257267
0.241071
0.210687
0.188654
0.119018
0.11671
0.149169
0.16164
0.18389
0.200914
0.213595
0.223201
0.230351
0.235672
0.239668
0.242704
0.245039
0.246862
0.248308
0.249479
0.250455
0.251301
0.252076
0.252839
0.25364
0.254531
0.25555
0.256723
0.258055
0.25953
0.261105
0.262716
0.264285
0.265734
0.266994
0.268023
0.268809
0.26939
0.26983
0.270228
0.270688
0.271321
0.272219
0.273454
0.275063
0.277053
0.279392
0.282015
0.284826
0.287703
0.290489
0.293017
0.295065
0.296435
0.296802
0.295974
0.293415
0.289095
0.281836
0.272385
0.257336
0.240922
0.210953
0.188145
0.11994
0.114907
0.149932
0.162362
0.184348
0.201262
0.213898
0.223501
0.230675
0.236029
0.240062
0.243133
0.245501
0.247353
0.248826
0.250022
0.251021
0.251888
0.252685
0.253466
0.254285
0.255189
0.256217
0.257394
0.258723
0.260188
0.261747
0.263339
0.264889
0.266322
0.267572
0.2686
0.269395
0.269992
0.270455
0.270878
0.271363
0.272016
0.272926
0.274163
0.275763
0.277732
0.280037
0.282618
0.285378
0.288197
0.290922
0.293386
0.295371
0.296677
0.29699
0.296104
0.293509
0.289135
0.281881
0.272354
0.257406
0.240791
0.211208
0.187676
0.120805
0.113213
0.150664
0.163067
0.184811
0.201622
0.214214
0.223813
0.23101
0.236397
0.240464
0.243569
0.24597
0.247852
0.249352
0.250572
0.251594
0.252484
0.253301
0.254102
0.254938
0.255857
0.256894
0.258074
0.2594
0.260856
0.262401
0.263975
0.265506
0.266924
0.268165
0.269193
0.269995
0.270608
0.271093
0.27154
0.272049
0.272721
0.273642
0.27488
0.27647
0.278417
0.28069
0.283229
0.285939
0.288702
0.291366
0.293766
0.295689
0.296931
0.297188
0.296244
0.293614
0.289188
0.281937
0.27234
0.257484
0.240685
0.211459
0.187258
0.121614
0.111651
0.151364
0.163756
0.185279
0.201994
0.214543
0.224137
0.231355
0.236773
0.240875
0.244014
0.246446
0.248357
0.249884
0.25113
0.252175
0.253087
0.253925
0.254746
0.255599
0.256532
0.257579
0.258763
0.260087
0.261535
0.263065
0.264623
0.266136
0.267539
0.268772
0.269799
0.270609
0.271237
0.271742
0.272213
0.272744
0.273433
0.274364
0.275603
0.277183
0.279108
0.28135
0.283847
0.286507
0.289214
0.291819
0.294156
0.296016
0.297195
0.297397
0.296398
0.293732
0.289256
0.282006
0.272346
0.257575
0.240611
0.211711
0.186901
0.122374
0.110243
0.152034
0.16443
0.185752
0.202376
0.214883
0.224474
0.231711
0.237159
0.241294
0.244466
0.246929
0.248869
0.250423
0.251694
0.252762
0.253696
0.254556
0.255397
0.256268
0.257215
0.258271
0.25946
0.260782
0.262222
0.26374
0.265281
0.266778
0.268167
0.269391
0.270418
0.271236
0.271878
0.272403
0.272896
0.273447
0.274153
0.275093
0.276332
0.277901
0.279805
0.282015
0.284471
0.287083
0.289734
0.29228
0.294555
0.296354
0.297471
0.29762
0.296566
0.293864
0.289342
0.282091
0.272375
0.257681
0.24057
0.21197
0.186608
0.123088
0.109007
0.152672
0.165087
0.18623
0.202768
0.215236
0.224821
0.232078
0.237555
0.241721
0.244926
0.247419
0.249388
0.250968
0.252264
0.253356
0.254312
0.255194
0.256054
0.256943
0.257904
0.258971
0.260164
0.261485
0.262917
0.264423
0.265949
0.267431
0.268807
0.270023
0.271049
0.271874
0.27253
0.273074
0.273587
0.274158
0.274879
0.275828
0.277065
0.278623
0.280506
0.282684
0.285099
0.287664
0.290261
0.292749
0.294963
0.296702
0.297759
0.297855
0.296749
0.294012
0.289447
0.282194
0.272427
0.257805
0.240563
0.212237
0.18638
0.123764
0.107947
0.153279
0.16573
0.186713
0.203172
0.2156
0.22518
0.232455
0.237959
0.242157
0.245392
0.247916
0.249913
0.25152
0.25284
0.253955
0.254934
0.255837
0.256717
0.257624
0.258599
0.259677
0.260875
0.262195
0.263621
0.265115
0.266627
0.268094
0.269458
0.270667
0.271692
0.272523
0.273192
0.273754
0.274287
0.274876
0.275611
0.276567
0.277803
0.27935
0.281211
0.283358
0.285733
0.28825
0.290794
0.293225
0.29538
0.29706
0.298059
0.298103
0.296947
0.294175
0.289569
0.282314
0.272502
0.257946
0.240589
0.212515
0.186214
0.124404
0.10706
0.153856
0.166358
0.187201
0.203585
0.215976
0.22555
0.232842
0.238373
0.2426
0.245866
0.24842
0.250444
0.252077
0.253421
0.25456
0.255562
0.256486
0.257386
0.25831
0.2593
0.260388
0.261591
0.262911
0.264331
0.265814
0.267313
0.268766
0.270118
0.27132
0.272345
0.273182
0.273863
0.274442
0.274994
0.2756
0.276348
0.277311
0.278544
0.280079
0.281918
0.284035
0.286371
0.288841
0.291334
0.293709
0.295805
0.297429
0.29837
0.298363
0.297159
0.294354
0.289709
0.282452
0.272601
0.258105
0.240648
0.212804
0.186109
0.125014
0.106339
0.154403
0.166973
0.187693
0.204009
0.216363
0.225932
0.233239
0.238795
0.243051
0.246347
0.248929
0.250981
0.252639
0.254008
0.25517
0.256194
0.257139
0.258059
0.259001
0.260006
0.261104
0.262312
0.263632
0.265047
0.26652
0.268006
0.269447
0.270788
0.271983
0.273007
0.27385
0.274543
0.275138
0.275707
0.276329
0.27709
0.278057
0.279288
0.280811
0.282629
0.284715
0.287012
0.289437
0.291878
0.294199
0.296239
0.297806
0.298693
0.298637
0.297385
0.294548
0.289868
0.282607
0.272722
0.258282
0.24074
0.213105
0.186063
0.125596
0.105778
0.154919
0.167573
0.188191
0.204442
0.216761
0.226324
0.233646
0.239226
0.24351
0.246835
0.249445
0.251523
0.253207
0.2546
0.255785
0.256831
0.257798
0.258737
0.259696
0.260716
0.261824
0.263038
0.264358
0.265768
0.267233
0.268707
0.270135
0.271466
0.272655
0.273679
0.274527
0.275231
0.27584
0.276426
0.277063
0.277834
0.278807
0.280034
0.281545
0.283342
0.285397
0.287657
0.290037
0.292429
0.294696
0.296681
0.298194
0.299027
0.298923
0.297626
0.294757
0.290044
0.28278
0.272865
0.258477
0.240862
0.213419
0.186074
0.126155
0.105367
0.155404
0.168161
0.188694
0.204886
0.21717
0.226727
0.234063
0.239666
0.243977
0.247329
0.249966
0.252071
0.25378
0.255197
0.256405
0.257473
0.25846
0.259419
0.260396
0.261429
0.262548
0.263768
0.265089
0.266495
0.267951
0.269414
0.270831
0.272152
0.273335
0.274358
0.275212
0.275926
0.276549
0.27715
0.277801
0.278582
0.279559
0.280782
0.282281
0.284056
0.286082
0.288304
0.290641
0.292984
0.2952
0.29713
0.29859
0.299371
0.299221
0.297881
0.294982
0.290237
0.28297
0.27303
0.258691
0.241015
0.213747
0.18614
0.126694
0.105097
0.155858
0.168736
0.189201
0.205339
0.21759
0.22714
0.234489
0.240114
0.24445
0.247829
0.250493
0.252624
0.254357
0.255798
0.257028
0.258118
0.259126
0.260104
0.261098
0.262146
0.263276
0.264502
0.265823
0.267225
0.268674
0.270127
0.271533
0.272845
0.274023
0.275045
0.275904
0.276628
0.277264
0.277878
0.278542
0.279332
0.280312
0.281532
0.283017
0.284772
0.286769
0.288954
0.291249
0.293544
0.295709
0.297587
0.298995
0.299726
0.299531
0.29815
0.295221
0.290448
0.283178
0.273216
0.258923
0.241197
0.214088
0.186258
0.127219
0.104957
0.156281
0.1693
0.189715
0.205801
0.218021
0.227564
0.234925
0.240571
0.244931
0.248336
0.251026
0.253182
0.254939
0.256403
0.257656
0.258767
0.259795
0.260793
0.261804
0.262866
0.264006
0.265238
0.266561
0.26796
0.269401
0.270845
0.272241
0.273544
0.274717
0.275738
0.276602
0.277335
0.277983
0.27861
0.279286
0.280085
0.281066
0.282281
0.283755
0.285488
0.287456
0.289606
0.291859
0.294108
0.296225
0.298052
0.29941
0.300092
0.299852
0.298432
0.295474
0.290675
0.283402
0.273424
0.259173
0.241407
0.214445
0.186426
0.127736
0.104938
0.156674
0.169853
0.190234
0.206273
0.218461
0.227998
0.23537
0.241035
0.245419
0.248849
0.251564
0.253744
0.255525
0.257012
0.258287
0.259419
0.260468
0.261484
0.262512
0.263588
0.264738
0.265977
0.267302
0.268697
0.270133
0.271567
0.272954
0.27425
0.275418
0.276438
0.277306
0.278047
0.278706
0.279346
0.280033
0.280838
0.281822
0.283031
0.284492
0.286205
0.288145
0.29026
0.292473
0.294677
0.296745
0.298523
0.299832
0.300467
0.300186
0.298727
0.295742
0.290919
0.283643
0.273651
0.259441
0.241644
0.214817
0.186642
0.12825
0.105029
0.157034
0.170396
0.190759
0.206755
0.218912
0.228442
0.235824
0.241508
0.245914
0.249368
0.252107
0.254312
0.256116
0.257624
0.258921
0.260074
0.261143
0.262177
0.263222
0.264312
0.265473
0.266718
0.268045
0.269438
0.270867
0.272294
0.273672
0.27496
0.276124
0.277143
0.278015
0.278764
0.279434
0.280084
0.280781
0.281592
0.282577
0.283781
0.285229
0.286922
0.288835
0.290916
0.293089
0.295249
0.297271
0.299001
0.300263
0.300852
0.300529
0.299034
0.296023
0.291177
0.283899
0.273896
0.259726
0.241908
0.215205
0.186905
0.12877
0.10522
0.157363
0.170929
0.191289
0.207245
0.219373
0.228896
0.236287
0.241988
0.246416
0.249892
0.252656
0.254883
0.25671
0.25824
0.259558
0.260732
0.26182
0.262873
0.263934
0.265038
0.266209
0.26746
0.268789
0.270181
0.271605
0.273024
0.274394
0.275676
0.276835
0.277854
0.278729
0.279485
0.280164
0.280825
0.28153
0.282347
0.283332
0.284531
0.285966
0.287639
0.289524
0.291572
0.293707
0.295825
0.297801
0.299485
0.3007
0.301245
0.300883
0.299353
0.296317
0.29145
0.28417
0.27416
0.260028
0.242197
0.215611
0.187212
0.129301
0.105504
0.15766
0.171454
0.191826
0.207745
0.219844
0.229359
0.236759
0.242476
0.246924
0.250423
0.253209
0.255459
0.257307
0.25886
0.260198
0.261392
0.262499
0.26357
0.264647
0.265765
0.266946
0.268204
0.269536
0.270926
0.272345
0.273757
0.27512
0.276395
0.277551
0.278569
0.279447
0.28021
0.280897
0.281567
0.28228
0.283102
0.284087
0.285279
0.286702
0.288354
0.290214
0.292229
0.294326
0.296403
0.298335
0.299973
0.301144
0.301646
0.301246
0.299682
0.296622
0.291737
0.284456
0.274442
0.260346
0.24251
0.216036
0.187562
0.129851
0.105872
0.157925
0.171972
0.19237
0.208253
0.220324
0.229832
0.237239
0.242972
0.247438
0.250958
0.253766
0.256038
0.257908
0.259482
0.260841
0.262054
0.26318
0.264269
0.265362
0.266493
0.267684
0.268949
0.270283
0.271672
0.273087
0.274493
0.275849
0.277119
0.27827
0.279288
0.280169
0.280937
0.281633
0.282311
0.283031
0.283857
0.284841
0.286027
0.287436
0.289069
0.290902
0.292886
0.294946
0.296982
0.298872
0.300466
0.301593
0.302053
0.301616
0.30002
0.296937
0.292034
0.284754
0.274739
0.260681
0.242848
0.216481
0.187954
0.130425
0.106317
0.158156
0.172483
0.192921
0.208771
0.220814
0.230314
0.237728
0.243474
0.247959
0.2515
0.254328
0.256621
0.258512
0.260106
0.261485
0.262718
0.263863
0.264969
0.266077
0.267221
0.268423
0.269694
0.271031
0.272419
0.273831
0.275232
0.276581
0.277845
0.278993
0.28001
0.280894
0.281668
0.28237
0.283056
0.283782
0.28461
0.285593
0.286772
0.288168
0.289782
0.291589
0.293542
0.295566
0.297562
0.299409
0.300959
0.302044
0.302464
0.30199
0.300364
0.29726
0.292343
0.285064
0.275053
0.261033
0.243209
0.216948
0.188385
0.131028
0.106835
0.158353
0.172989
0.193478
0.209297
0.221314
0.230805
0.238225
0.243984
0.248486
0.252046
0.254895
0.257208
0.25912
0.260733
0.262132
0.263384
0.264547
0.265669
0.266793
0.26795
0.269162
0.270439
0.27178
0.273168
0.274576
0.275972
0.277316
0.278575
0.27972
0.280736
0.281621
0.2824
0.283109
0.283801
0.284532
0.285362
0.286343
0.287514
0.288897
0.290491
0.292273
0.294194
0.296182
0.298139
0.299944
0.301452
0.302494
0.302875
0.302367
0.300712
0.297589
0.29266
0.285385
0.275381
0.261401
0.243593
0.217436
0.188856
0.131664
0.107422
0.158517
0.173491
0.194043
0.209832
0.221822
0.231306
0.238731
0.244501
0.249019
0.252597
0.255465
0.257798
0.25973
0.261363
0.26278
0.264051
0.265231
0.26637
0.267509
0.268678
0.2699
0.271184
0.272528
0.273916
0.275322
0.276713
0.278052
0.279306
0.280448
0.281463
0.282351
0.283134
0.283848
0.284545
0.28528
0.286112
0.287089
0.288252
0.28962
0.291194
0.29295
0.294839
0.296791
0.298708
0.300472
0.301938
0.30294
0.303283
0.302743
0.301062
0.297922
0.292984
0.285717
0.275723
0.261785
0.244
0.217947
0.189365
0.132337
0.108076
0.158645
0.17399
0.194616
0.210376
0.222339
0.231815
0.239244
0.245025
0.249557
0.253152
0.25604
0.258392
0.260342
0.261994
0.26343
0.264718
0.265916
0.267071
0.268224
0.269406
0.270638
0.271929
0.273276
0.274665
0.276068
0.277455
0.27879
0.28004
0.281179
0.282193
0.283082
0.283868
0.284587
0.285288
0.286025
0.286856
0.287829
0.288981
0.290334
0.291886
0.293614
0.295471
0.297386
0.299264
0.300987
0.302412
0.303376
0.303684
0.303115
0.301412
0.298258
0.293316
0.286058
0.276078
0.262184
0.244428
0.21848
0.18991
0.13305
0.108797
0.158737
0.174488
0.195198
0.210928
0.222865
0.232332
0.239764
0.245555
0.250101
0.253713
0.256618
0.258988
0.260957
0.262627
0.264081
0.265387
0.266601
0.267772
0.268939
0.270133
0.271374
0.272672
0.274023
0.275412
0.276814
0.278197
0.279527
0.280773
0.281909
0.282922
0.283811
0.284599
0.28532
0.286023
0.286761
0.287589
0.288554
0.289694
0.291028
0.292557
0.294256
0.29608
0.297959
0.299799
0.301483
0.302871
0.303799
0.304076
0.303481
0.301759
0.298596
0.293651
0.286406
0.276446
0.262598
0.244878
0.219036
0.190491
0.133804
0.109585
0.158793
0.174986
0.195787
0.211488
0.2234
0.232858
0.240292
0.246091
0.25065
0.254277
0.257198
0.259586
0.261573
0.26326
0.264732
0.266055
0.267285
0.268471
0.269652
0.270858
0.272108
0.273413
0.274767
0.276157
0.277557
0.278936
0.280262
0.281503
0.282635
0.283645
0.284533
0.28532
0.286041
0.286742
0.287477
0.288298
0.289253
0.290378
0.291692
0.293196
0.294867
0.296659
0.298504
0.300308
0.301956
0.30331
0.304206
0.304456
0.303839
0.302101
0.298932
0.293991
0.286762
0.276825
0.263026
0.245348
0.219615
0.191108
0.134601
0.110446
0.158812
0.175486
0.196385
0.212056
0.223942
0.233392
0.240827
0.246633
0.251203
0.254844
0.257781
0.260185
0.262188
0.263893
0.265381
0.26672
0.267965
0.269166
0.270359
0.271576
0.272835
0.274145
0.275502
0.276892
0.278289
0.279663
0.280982
0.282217
0.283343
0.284347
0.285231
0.286014
0.286731
0.287428
0.288155
0.288968
0.28991
0.291019
0.292314
0.293794
0.295438
0.2972
0.299013
0.300785
0.302401
0.303724
0.304593
0.30482
0.304185
0.302438
0.299267
0.294332
0.287124
0.277214
0.263468
0.245838
0.220216
0.191761
0.135443
0.111385
0.158792
0.175991
0.196991
0.212632
0.224492
0.233932
0.241366
0.247178
0.251758
0.255411
0.258362
0.260782
0.2628
0.264519
0.266022
0.267375
0.268635
0.269847
0.271051
0.272277
0.273542
0.274856
0.276213
0.277601
0.278993
0.280359
0.281668
0.282894
0.284012
0.285008
0.285885
0.286662
0.287373
0.288063
0.288784
0.289586
0.290517
0.29161
0.292886
0.294344
0.295963
0.297699
0.299483
0.301226
0.302815
0.304112
0.304958
0.305166
0.304519
0.302765
0.299597
0.294674
0.287489
0.277612
0.263922
0.246346
0.220838
0.19245
0.136325
0.112413
0.158728
0.176499
0.197604
0.21321
0.225045
0.234473
0.241905
0.24772
0.252306
0.255969
0.258931
0.261363
0.263393
0.265124
0.266639
0.268003
0.269272
0.270493
0.271705
0.272935
0.274203
0.275516
0.276872
0.278254
0.279638
0.280994
0.282294
0.283511
0.284619
0.285608
0.286477
0.287248
0.287953
0.288638
0.289351
0.290144
0.291063
0.292143
0.293401
0.29484
0.296437
0.298149
0.299909
0.301627
0.303192
0.304468
0.305296
0.30549
0.304835
0.30308
0.29992
0.295012
0.287856
0.278016
0.264384
0.246869
0.221475
0.193169
0.137235
0.113539
0.158605
0.177005
0.198219
0.213788
0.225595
0.23501
0.242436
0.248248
0.252836
0.256503
0.259471
0.261908
0.263945
0.265683
0.267204
0.268574
0.269849
0.271075
0.27229
0.273522
0.27479
0.276102
0.277454
0.278831
0.280207
0.281555
0.282846
0.284054
0.285156
0.286137
0.287001
0.287766
0.288466
0.289144
0.289851
0.290636
0.291544
0.292611
0.293854
0.295276
0.296853
0.298545
0.300284
0.301982
0.303528
0.304787
0.305603
0.305789
0.305131
0.30338
0.300232
0.295345
0.288222
0.278424
0.264854
0.247406
0.222125
0.19392
0.138155
0.11479
0.158451
0.177483
0.198811
0.214331
0.226097
0.235487
0.242896
0.248698
0.253281
0.256946
0.259915
0.262355
0.264395
0.266137
0.267662
0.269036
0.270315
0.271544
0.272761
0.273995
0.275263
0.276574
0.277923
0.279296
0.280668
0.28201
0.283295
0.284498
0.285595
0.286572
0.287432
0.288195
0.288891
0.289565
0.290267
0.291045
0.291945
0.293001
0.294233
0.29564
0.297203
0.298879
0.300602
0.302286
0.303819
0.305068
0.305877
0.306061
0.305408
0.303669
0.300539
0.29568
0.288595
0.278845
0.265341
0.247971
0.222799
0.194724
0.139088
0.116247
0.158764
0.178125
0.19952
0.214973
0.226675
0.236016
0.243387
0.249161
0.253725
0.257379
0.260342
0.262779
0.26482
0.266565
0.268093
0.269472
0.270755
0.271989
0.27321
0.274447
0.275718
0.27703
0.278379
0.27975
0.28112
0.282458
0.28374
0.284939
0.286033
0.287007
0.287865
0.288624
0.289317
0.289987
0.290682
0.291454
0.292345
0.29339
0.294608
0.296001
0.297548
0.299208
0.300916
0.302585
0.304107
0.305348
0.306154
0.30634
0.305696
0.303974
0.30087
0.296047
0.289009
0.279321
0.265893
0.248621
0.223563
0.195685
0.140119
0.118194
)
;

boundaryField
{
    inlet
    {
        type            zeroGradient;
    }
    outlet
    {
        type            fixedValue;
        value           uniform 0;
    }
    fixedWalls
    {
        type            zeroGradient;
    }
    frontAndBack
    {
        type            empty;
    }
}


// ************************************************************************* //
