/*--------------------------------*- C++ -*----------------------------------*\
| =========                 |                                                 |
| \\      /  F ield         | OpenFOAM: The Open Source CFD Toolbox           |
|  \\    /   O peration     | Version:  2.4.0                                 |
|   \\  /    A nd           | Web:      www.OpenFOAM.org                      |
|    \\/     M anipulation  |                                                 |
\*---------------------------------------------------------------------------*/
FoamFile
{
    version     2.0;
    format      ascii;
    class       volScalarField;
    location    "0.81";
    object      epsilon;
}
// * * * * * * * * * * * * * * * * * * * * * * * * * * * * * * * * * * * * * //

dimensions      [0 2 -3 0 0 0 0];

internalField   nonuniform List<scalar> 
6000
(
0.994548
0.372462
0.0437112
0.016594
0.0153816
0.0175541
0.0536096
0.0822469
0.0791042
0.055697
0.0329103
0.0183328
0.0100496
0.00575391
0.0037362
0.00333067
0.00493038
0.00711142
0.00945158
0.0117792
0.013919
0.0157334
0.0171622
0.0182314
0.0190207
0.0196199
0.0201019
0.0205173
0.0209025
0.0212861
0.0216928
0.0221443
0.0226602
0.0232583
0.0239557
0.0247705
0.0257224
0.0268346
0.0281347
0.0296561
0.03144
0.0335373
0.0360113
0.0389419
0.0424305
0.0466078
0.0516436
0.0577611
0.0652607
0.0745564
0.0862204
0.101065
0.120228
0.1455
0.179191
0.226175
0.289989
0.391121
0.515497
0.793025
0.55832
0.339706
0.0216397
0.0105307
0.012527
0.0243322
0.025649
0.0197919
0.0117739
0.006242
0.00428402
0.00296619
0.00216599
0.00177775
0.00168886
0.00186183
0.00220525
0.00260575
0.00307225
0.0036086
0.00419376
0.00477208
0.00527071
0.00563852
0.00587154
0.00600231
0.00607087
0.00610574
0.00612224
0.00612898
0.0061332
0.00614229
0.00616314
0.00620145
0.00626173
0.00634777
0.00646319
0.00661187
0.00679829
0.00702785
0.00730716
0.00764445
0.00805013
0.00853755
0.00912366
0.00982977
0.0106834
0.0117206
0.0129899
0.014556
0.0165054
0.01896
0.0220977
0.0261618
0.0315717
0.0388282
0.0491516
0.0632734
0.0861395
0.120365
0.417204
0.396653
0.0286271
0.0084263
0.0111979
0.0133788
0.0104652
0.00685127
0.00376899
0.00279537
0.00248535
0.00201288
0.00163151
0.00144337
0.00139379
0.00142498
0.00148274
0.00155184
0.00163962
0.00175762
0.0019126
0.0020951
0.0022766
0.00242328
0.00251655
0.00256013
0.00257006
0.00256162
0.00254388
0.00252128
0.0024966
0.00247259
0.00245201
0.00243718
0.0024298
0.00243107
0.0024419
0.00246315
0.00249572
0.00254071
0.00259947
0.00267374
0.00276575
0.0028783
0.00301489
0.00317995
0.00337917
0.00362007
0.00391271
0.0042696
0.00470834
0.00525269
0.00593722
0.00680562
0.00794063
0.00940313
0.0114876
0.014049
0.0185609
0.0227403
0.367977
0.395004
0.0485145
0.00566327
0.00716278
0.00746505
0.0058746
0.00390703
0.00273096
0.00265696
0.00254103
0.00205652
0.00161096
0.00137435
0.00127849
0.00124799
0.00123902
0.00123307
0.00122671
0.0012245
0.00123489
0.00126312
0.00130475
0.00134662
0.00137593
0.00138807
0.00138636
0.00137662
0.00136312
0.00134801
0.0013324
0.00131723
0.00130349
0.00129211
0.00128374
0.00127884
0.00127768
0.00128048
0.00128747
0.00129892
0.00131517
0.00133668
0.00136404
0.001398
0.0014395
0.00148969
0.00155007
0.00162281
0.00171037
0.001816
0.00194418
0.00210074
0.00229416
0.0025341
0.0028413
0.00322187
0.00376184
0.00436481
0.0055072
0.00613929
0.34364
0.369185
0.0714189
0.00443778
0.00483487
0.0052226
0.00439148
0.00324252
0.00289607
0.00312377
0.00300766
0.00235548
0.00173626
0.00139636
0.00124422
0.0011798
0.00114978
0.0011254
0.00109593
0.00105986
0.00102287
0.000993369
0.0009762
0.000969379
0.00096674
0.000963176
0.000957118
0.000949349
0.000940998
0.000932686
0.000924662
0.000917129
0.000910372
0.000904705
0.000900382
0.000897577
0.000896396
0.000896917
0.000899216
0.000903388
0.000909563
0.00091791
0.000928651
0.000942066
0.000958501
0.000978408
0.00100246
0.00103147
0.0010663
0.00110818
0.00115876
0.00122015
0.00129541
0.00138782
0.00150488
0.0016476
0.0018481
0.00206824
0.00248479
0.00271196
0.330027
0.336398
0.0949908
0.00518312
0.00414791
0.00456445
0.00398157
0.00333924
0.00343296
0.00382507
0.00366602
0.00279845
0.00195385
0.00147675
0.00125458
0.00115563
0.0011102
0.00107916
0.00104591
0.00100355
0.00095396
0.000904958
0.000864547
0.000836062
0.000817699
0.000805604
0.000796776
0.000789747
0.000783929
0.000779003
0.000774739
0.000771011
0.000767806
0.000765185
0.000763222
0.000761977
0.000761493
0.000761803
0.000762945
0.000764968
0.000767939
0.00077195
0.000777118
0.000783597
0.00079158
0.000801296
0.000813108
0.000827406
0.000844696
0.000865641
0.00089112
0.00092226
0.000960684
0.00100819
0.00106863
0.0011432
0.00124772
0.00136494
0.0015897
0.00174898
0.321791
0.304174
0.112964
0.00934797
0.00437184
0.00458159
0.00406722
0.00378208
0.00416245
0.00468392
0.00446486
0.00336298
0.00225863
0.0016125
0.00130166
0.00115841
0.0010922
0.0010532
0.00101956
0.000979185
0.000929573
0.000876338
0.000828055
0.000790553
0.000764693
0.000747984
0.000737281
0.000730229
0.000725388
0.000721909
0.000719286
0.00071723
0.000715603
0.000714354
0.000713478
0.000712983
0.000712882
0.000713195
0.000713945
0.000715164
0.000716898
0.000719208
0.000722171
0.000725885
0.000730482
0.000736162
0.000743114
0.000751593
0.000761957
0.000774672
0.000790361
0.000809824
0.000834215
0.000864899
0.000904563
0.000954372
0.00102554
0.00110691
0.00126948
0.00140719
0.316297
0.275494
0.125149
0.0164696
0.00507457
0.00494556
0.00444692
0.00442881
0.00502446
0.00565596
0.00535827
0.00401755
0.00263939
0.00180013
0.00138303
0.00118488
0.00108975
0.00103745
0.00100115
0.000963766
0.000918031
0.000866453
0.000816892
0.000776278
0.000747118
0.000728045
0.00071618
0.000708897
0.000704365
0.000701453
0.000699501
0.000698137
0.000697165
0.000696487
0.000696064
0.000695882
0.000695942
0.000696254
0.000696836
0.000697713
0.000698919
0.000700498
0.000702507
0.000705022
0.000708136
0.000711996
0.000716772
0.000722664
0.000729948
0.000738991
0.000750288
0.000764492
0.000782563
0.00080563
0.000836034
0.000874795
0.000931746
0.000998108
0.00113655
0.00126411
0.312304
0.251204
0.132641
0.0257217
0.00608192
0.00554945
0.00503903
0.00522428
0.00599418
0.00671245
0.00630496
0.00472206
0.00307588
0.00203191
0.00149549
0.00123461
0.00110219
0.0010305
0.000987446
0.000951253
0.000909799
0.000861823
0.000813643
0.00077254
0.000742106
0.000721865
0.000709308
0.000701785
0.000697304
0.000694588
0.00069289
0.000691793
0.000691073
0.000690616
0.000690367
0.000690303
0.000690421
0.000690728
0.000691238
0.000691974
0.000692964
0.000694247
0.000695872
0.000697906
0.000700437
0.000703557
0.000707406
0.000712171
0.000718094
0.000725493
0.000734803
0.000746601
0.000761743
0.000781267
0.000807292
0.00084103
0.000891212
0.000950193
0.00107759
0.00119898
0.309251
0.231202
0.136287
0.0363668
0.00742408
0.0063616
0.00581058
0.00614985
0.00706741
0.00784353
0.00727781
0.00543794
0.00354219
0.00229635
0.00163512
0.00130546
0.00112904
0.00103257
0.00097839
0.000940605
0.000902434
0.000858394
0.000812583
0.000772098
0.000741297
0.000720456
0.00070745
0.000699707
0.000695173
0.000692496
0.000690875
0.000689866
0.000689231
0.000688847
0.000688655
0.00068863
0.000688765
0.000689066
0.000689547
0.000690229
0.000691138
0.00069231
0.000693789
0.000695633
0.000697916
0.000700741
0.000704229
0.000708546
0.000713911
0.000720618
0.00072907
0.000739803
0.000753621
0.000771504
0.000795475
0.000826701
0.000873643
0.000928989
0.0010508
0.00116804
0.306851
0.215007
0.13692
0.0473477
0.00959704
0.00737485
0.00675259
0.00720648
0.00825583
0.00905675
0.00826709
0.00613724
0.00401177
0.00257994
0.00179778
0.00139365
0.00116882
0.00104353
0.000974402
0.000932039
0.000895565
0.00085512
0.000811984
0.000772588
0.000741818
0.000720626
0.000707276
0.000699315
0.00069468
0.000691971
0.00069035
0.000689354
0.000688735
0.000688366
0.000688186
0.000688167
0.000688303
0.000688599
0.000689069
0.000689731
0.000690613
0.000691747
0.000693177
0.000694958
0.000697163
0.000699883
0.000703239
0.00070739
0.000712545
0.000718987
0.0007271
0.000737399
0.000750661
0.000767834
0.000790891
0.000820976
0.000866402
0.000919979
0.00103876
0.00115292
0.304929
0.202031
0.135334
0.0576984
0.0128416
0.00859221
0.00786947
0.00840652
0.00958086
0.0103686
0.00927539
0.00680654
0.00446242
0.00286832
0.00198026
0.00149439
0.00121904
0.0010626
0.000975642
0.000925941
0.000889354
0.000851825
0.000811376
0.000773286
0.000742738
0.000721306
0.000707652
0.000699468
0.000694702
0.000691926
0.000690272
0.000689257
0.000688627
0.00068825
0.000688064
0.00068804
0.000688171
0.000688462
0.000688926
0.000689581
0.000690453
0.000691576
0.000692992
0.000694756
0.000696938
0.000699628
0.000702946
0.000707046
0.000712137
0.000718492
0.00072649
0.000736637
0.000749696
0.000766599
0.000789296
0.000818914
0.000863685
0.000916463
0.0010334
0.00114513
0.303367
0.191702
0.132243
0.066723
0.0171261
0.0100268
0.00917284
0.00976765
0.011066
0.0117941
0.0103086
0.0074448
0.0048802
0.00315798
0.00216912
0.00160216
0.0012766
0.00108837
0.000981869
0.000922576
0.000884054
0.000848569
0.000810652
0.000773977
0.000743766
0.000722152
0.000708209
0.000699794
0.000694881
0.00069202
0.000690316
0.000689269
0.000688616
0.000688223
0.000688025
0.000687992
0.000688116
0.000688402
0.000688862
0.000689513
0.000690383
0.000691504
0.000692917
0.000694678
0.000696856
0.000699542
0.000702853
0.000706945
0.000712023
0.000718361
0.000726334
0.000736444
0.000749451
0.000766279
0.000788867
0.000818338
0.000862866
0.00091533
0.00103095
0.00114064
0.302083
0.183514
0.128246
0.073993
0.0222364
0.0117477
0.0106765
0.0113079
0.0127298
0.0133386
0.0113681
0.00805707
0.00525983
0.0034484
0.00235443
0.00171152
0.00133812
0.00111903
0.000992478
0.000922014
0.000879891
0.000845472
0.000809815
0.000774599
0.000744809
0.000723057
0.000708834
0.000700181
0.00069511
0.000692152
0.000690391
0.000689306
0.000688626
0.000688214
0.000688001
0.000687958
0.000688075
0.000688356
0.000688812
0.000689461
0.00069033
0.00069145
0.000692864
0.000694626
0.000696806
0.000699495
0.00070281
0.000706907
0.00071199
0.000718333
0.000726312
0.000736429
0.000749441
0.000766272
0.000788858
0.00081832
0.000862787
0.00091516
0.00102969
0.00113756
0.30102
0.177043
0.123813
0.0793425
0.0278977
0.0138231
0.0123913
0.013042
0.0145811
0.0149938
0.0124465
0.00864818
0.00562011
0.00371964
0.00252863
0.00181757
0.00140036
0.00115263
0.0010066
0.000924132
0.000877021
0.000842658
0.000808897
0.000775136
0.000745834
0.000723982
0.00070949
0.000700595
0.000695357
0.000692297
0.000690472
0.000689347
0.000688639
0.000688205
0.000687977
0.000687924
0.000688033
0.000688309
0.000688762
0.00068941
0.000690278
0.000691398
0.000692814
0.000694578
0.000696761
0.000699455
0.000702776
0.00070688
0.000711973
0.000718329
0.000726324
0.00073646
0.000749496
0.000766358
0.000788981
0.000818488
0.000862966
0.000915338
0.00102888
0.00113506
0.300135
0.171942
0.119288
0.0828126
0.0338373
0.0162913
0.0143193
0.0149785
0.0166165
0.0167373
0.0135281
0.00921954
0.00597711
0.00396331
0.00268656
0.00191637
0.00146054
0.00118727
0.00102323
0.000928647
0.000875523
0.000840247
0.000807943
0.000775586
0.000746828
0.000724915
0.000710162
0.000701024
0.000695614
0.000692447
0.000690556
0.000689387
0.00068865
0.000688195
0.000687952
0.000687888
0.000687991
0.000688262
0.000688712
0.000689358
0.000690226
0.000691347
0.000692763
0.00069453
0.000696717
0.000699415
0.000702742
0.000706855
0.000711958
0.000718328
0.00072634
0.000736499
0.000749565
0.000766465
0.000789137
0.000818705
0.000863216
0.000915614
0.00102822
0.00113279
0.299396
0.167929
0.114909
0.0845867
0.0397689
0.0191649
0.016458
0.0171184
0.0188203
0.018535
0.0145907
0.00976949
0.00633786
0.00417959
0.00282545
0.00200515
0.00151646
0.0012213
0.00104133
0.000935156
0.000875396
0.000838335
0.000807007
0.000775958
0.000747783
0.000725847
0.000710847
0.000701464
0.000695878
0.000692599
0.000690639
0.000689427
0.00068866
0.000688184
0.000687926
0.000687851
0.000687947
0.000688214
0.000688661
0.000689306
0.000690173
0.000691294
0.000692713
0.000694482
0.000696672
0.000699375
0.000702708
0.000706829
0.000711942
0.000718325
0.000726355
0.000736536
0.000749633
0.000766572
0.000789293
0.000818926
0.000863472
0.000915898
0.00102759
0.00113063
0.298775
0.164779
0.110829
0.08493
0.0454079
0.0224292
0.0187884
0.0194554
0.0211647
0.0203442
0.0156079
0.0103248
0.00667521
0.00436947
0.00294447
0.00208234
0.0015666
0.00125339
0.00105994
0.000943194
0.000876568
0.000836998
0.000806143
0.000776262
0.000748696
0.000726772
0.00071154
0.000701913
0.000696148
0.000692754
0.000690724
0.000689466
0.000688668
0.000688172
0.000687899
0.000687814
0.000687903
0.000688165
0.00068861
0.000689254
0.00069012
0.000691243
0.000692662
0.000694434
0.000696627
0.000699334
0.000702674
0.000706802
0.000711926
0.000718321
0.000726368
0.000736571
0.000749696
0.000766675
0.000789444
0.000819139
0.000863716
0.000916161
0.00102696
0.00112855
0.298254
0.162313
0.107133
0.0841416
0.0504918
0.0260501
0.0212644
0.0219763
0.023609
0.0221166
0.0165541
0.010887
0.00698419
0.0045341
0.00304406
0.00214739
0.00161014
0.00128263
0.00107825
0.000952279
0.00087891
0.00083628
0.000805403
0.000776516
0.000749565
0.000727688
0.000712239
0.00070237
0.000696423
0.000692911
0.000690808
0.000689505
0.000688676
0.000688158
0.000687871
0.000687776
0.000687859
0.000688117
0.000688559
0.000689202
0.000690068
0.000691191
0.000692612
0.000694386
0.000696583
0.000699295
0.00070264
0.000706775
0.000711909
0.000718317
0.000726379
0.000736604
0.000749757
0.000766772
0.000789588
0.000819341
0.000863944
0.000916398
0.00102634
0.00112653
0.297814
0.16039
0.103858
0.0825189
0.054803
0.0299568
0.0238501
0.0246272
0.0260911
0.0237963
0.0174423
0.0114318
0.00725885
0.00467391
0.00312531
0.00220055
0.0016468
0.00130846
0.00109563
0.000961955
0.000882256
0.000836201
0.000804837
0.00077674
0.00075039
0.00072859
0.00071294
0.000702833
0.000696703
0.00069307
0.000690892
0.000689542
0.000688683
0.000688144
0.000687843
0.000687738
0.000687814
0.000688068
0.000688508
0.00068915
0.000690017
0.00069114
0.000692563
0.000694339
0.000696539
0.000699255
0.000702606
0.000706749
0.000711891
0.000718312
0.00072639
0.000736635
0.000749815
0.000766865
0.000789725
0.000819533
0.000864158
0.000916612
0.00102572
0.00112459
0.297442
0.158895
0.10101
0.0803338
0.0581882
0.0340412
0.0265268
0.0273222
0.028513
0.0253015
0.0183207
0.0119096
0.00749234
0.00478858
0.00318947
0.00224259
0.00167679
0.00133068
0.00111166
0.000971826
0.000886417
0.000836753
0.000804486
0.000776955
0.000751176
0.000729476
0.000713643
0.000703301
0.000696986
0.000693231
0.000690977
0.000689579
0.000688689
0.000688129
0.000687813
0.000687699
0.000687769
0.00068802
0.000688458
0.000689099
0.000689966
0.00069109
0.000692514
0.000694293
0.000696496
0.000699216
0.000702573
0.000706722
0.000711874
0.000718306
0.000726399
0.000736665
0.00074987
0.000766955
0.000789856
0.000819717
0.000864359
0.000916804
0.00102511
0.00112272
0.297128
0.15774
0.0985714
0.0778198
0.0605683
0.0381634
0.0292877
0.0299693
0.0307409
0.0267141
0.0191262
0.0123059
0.007679
0.00487749
0.00323777
0.00227453
0.00170059
0.00134936
0.0011261
0.000981572
0.0008912
0.000837904
0.000804385
0.000777186
0.000751927
0.000730346
0.000714345
0.000703773
0.000697273
0.000693393
0.000691061
0.000689616
0.000688694
0.000688114
0.000687784
0.00068766
0.000687724
0.000687971
0.000688408
0.000689048
0.000689915
0.000691041
0.000692467
0.000694247
0.000696454
0.000699178
0.00070254
0.000706696
0.000711857
0.0007183
0.000726408
0.000736693
0.000749923
0.000767041
0.000789983
0.000819893
0.000864547
0.000916978
0.00102452
0.00112093
0.296861
0.156855
0.0965128
0.0751665
0.0619397
0.0421606
0.0321275
0.0324929
0.0327622
0.0280079
0.0198028
0.0126109
0.00781467
0.00494008
0.00327131
0.00229753
0.00171892
0.00136475
0.00113887
0.00099096
0.000896421
0.000839609
0.000804557
0.000777454
0.000752649
0.000731198
0.000715044
0.000704249
0.000697562
0.000693556
0.000691145
0.000689651
0.000688698
0.000688097
0.000687753
0.000687621
0.000687679
0.000687923
0.000688358
0.000688997
0.000689865
0.000690992
0.000692419
0.000694203
0.000696412
0.00069914
0.000702507
0.000706671
0.00071184
0.000718294
0.000726416
0.000736719
0.000749974
0.000767123
0.000790104
0.000820061
0.000864725
0.000917135
0.00102394
0.00111922
0.296634
0.156184
0.0947974
0.0725193
0.0623652
0.0458584
0.0350331
0.0348553
0.0345818
0.029143
0.0203331
0.0128185
0.00789698
0.0049762
0.00329119
0.00231275
0.00173257
0.00137726
0.00115002
0.000999838
0.00090192
0.000841806
0.000805019
0.000777784
0.00075335
0.000732032
0.00071574
0.000704726
0.000697854
0.00069372
0.000691229
0.000689685
0.000688702
0.00068808
0.000687723
0.000687581
0.000687634
0.000687875
0.000688308
0.000688948
0.000689816
0.000690944
0.000692373
0.000694158
0.000696371
0.000699104
0.000702476
0.000706645
0.000711823
0.000718288
0.000726424
0.000736745
0.000750023
0.000767203
0.00079022
0.000820221
0.000864893
0.000917277
0.00102339
0.00111759
0.29644
0.155682
0.0933862
0.0699831
0.0619596
0.0490859
0.0379741
0.0370567
0.036209
0.0300977
0.0207075
0.0129256
0.00792541
0.00498635
0.00329852
0.00232131
0.00174234
0.00138734
0.00115972
0.00100813
0.000907559
0.00084443
0.000805774
0.000778193
0.000754039
0.00073285
0.000716432
0.000705205
0.000698147
0.000693885
0.000691313
0.000689719
0.000688704
0.000688062
0.000687691
0.000687542
0.000687589
0.000687827
0.000688259
0.000688898
0.000689767
0.000690896
0.000692327
0.000694115
0.000696331
0.000699067
0.000702444
0.000706621
0.000711806
0.000718281
0.000726431
0.000736769
0.00075007
0.000767279
0.000790331
0.000820374
0.000865051
0.000917406
0.00102284
0.00111604
0.296275
0.155314
0.0922403
0.0676286
0.0608711
0.0516911
0.0408951
0.0391243
0.0376611
0.0308603
0.0209196
0.0129321
0.00790118
0.00497174
0.00329453
0.00232431
0.00174903
0.0013955
0.00116816
0.00101583
0.000913233
0.000847412
0.000806822
0.000778701
0.000754725
0.000733652
0.000717119
0.000705684
0.000698442
0.00069405
0.000691396
0.000689752
0.000688705
0.000688043
0.000687659
0.000687502
0.000687544
0.000687779
0.00068821
0.000688849
0.000689719
0.000690849
0.000692282
0.000694073
0.000696292
0.000699032
0.000702414
0.000706596
0.000711789
0.000718275
0.000726437
0.000736792
0.000750115
0.000767352
0.000790437
0.00082052
0.000865199
0.000917523
0.00102232
0.00111456
0.296133
0.155054
0.0913229
0.0654979
0.0592635
0.0535571
0.0437107
0.0410928
0.0389605
0.0314232
0.0209657
0.0128399
0.00782711
0.00493432
0.00328061
0.00232281
0.0017534
0.00140221
0.00117559
0.00102296
0.000918863
0.000850685
0.00080815
0.000779321
0.000755419
0.000734443
0.0007178
0.000706164
0.000698739
0.000694216
0.000691479
0.000689783
0.000688706
0.000688024
0.000687627
0.000687461
0.000687499
0.000687732
0.000688162
0.000688801
0.000689671
0.000690803
0.000692238
0.000694031
0.000696253
0.000698997
0.000702384
0.000706572
0.000711773
0.000718268
0.000726442
0.000736814
0.000750157
0.000767421
0.000790539
0.000820659
0.000865338
0.000917628
0.00102182
0.00111316
0.296011
0.154878
0.0906003
0.0636109
0.0573004
0.0546147
0.0463076
0.0429815
0.0401237
0.0317775
0.020844
0.0126535
0.00770741
0.00487668
0.00325833
0.00231784
0.00175612
0.00140791
0.00118226
0.0010296
0.000924401
0.000854188
0.000809745
0.000780066
0.000756129
0.000735223
0.000718476
0.000706643
0.000699036
0.000694382
0.000691561
0.000689815
0.000688705
0.000688004
0.000687595
0.000687421
0.000687454
0.000687685
0.000688114
0.000688754
0.000689625
0.000690758
0.000692195
0.000693991
0.000696216
0.000698963
0.000702354
0.000706548
0.000711757
0.000718261
0.000726447
0.000736834
0.000750198
0.000767488
0.000790636
0.000820791
0.000865469
0.000917722
0.00102134
0.00111183
0.295906
0.154769
0.0900421
0.0619716
0.0551324
0.0548496
0.0485507
0.0447756
0.041146
0.0319072
0.0205539
0.0123792
0.00754746
0.00480196
0.00322937
0.00231036
0.00175781
0.00141301
0.00118841
0.00103583
0.000929819
0.000857865
0.000811584
0.000780942
0.000756865
0.000735996
0.000719147
0.000707122
0.000699333
0.000694549
0.000691643
0.000689845
0.000688704
0.000687983
0.000687562
0.00068738
0.00068741
0.000687638
0.000688067
0.000688707
0.000689579
0.000690714
0.000692153
0.000693951
0.000696179
0.00069893
0.000702326
0.000706525
0.000711741
0.000718254
0.000726452
0.000736853
0.000750236
0.000767551
0.000790728
0.000820916
0.000865591
0.000917807
0.00102087
0.00111057
0.295815
0.154713
0.0896216
0.0605722
0.0528897
0.0543029
0.0502972
0.0464154
0.0419888
0.0317873
0.0200966
0.0120251
0.00735368
0.00471373
0.00319553
0.00230134
0.00175902
0.00141784
0.00119424
0.00104175
0.000935108
0.000861668
0.000813646
0.000781954
0.000757635
0.000736766
0.000719814
0.000707599
0.000699631
0.000694715
0.000691724
0.000689874
0.000688702
0.000687961
0.000687528
0.00068734
0.000687365
0.000687592
0.00068802
0.00068866
0.000689534
0.000690671
0.000692112
0.000693912
0.000696143
0.000698898
0.000702298
0.000706503
0.000711725
0.000718247
0.000726456
0.000736872
0.000750273
0.000767611
0.000790815
0.000821035
0.000865706
0.000917883
0.00102043
0.00110938
0.295736
0.154698
0.0893159
0.0593974
0.0506773
0.0530655
0.0514138
0.047795
0.0425746
0.0313846
0.0194758
0.0116017
0.00713328
0.0046158
0.00315864
0.00229164
0.00176021
0.00142269
0.00119996
0.00104746
0.000940274
0.000865559
0.000815904
0.000783103
0.000758446
0.000737536
0.000720476
0.000708076
0.00069993
0.000694882
0.000691805
0.000689903
0.000688699
0.00068794
0.000687495
0.000687299
0.000687321
0.000687546
0.000687974
0.000688615
0.00068949
0.000690628
0.000692072
0.000693874
0.000696108
0.000698866
0.000702271
0.000706481
0.000711709
0.000718239
0.000726459
0.000736888
0.000750307
0.000767668
0.000790898
0.000821147
0.000865812
0.000917951
0.00102
0.00110826
0.295667
0.154715
0.0891048
0.0584274
0.0485742
0.0512654
0.0517977
0.0487726
0.0427927
0.0306646
0.0187001
0.0111216
0.00689407
0.0045121
0.00312045
0.00228205
0.00176177
0.0014278
0.00120571
0.00105304
0.000945332
0.000869507
0.000818334
0.000784387
0.000759305
0.000738309
0.000721135
0.000708552
0.000700228
0.000695048
0.000691886
0.000689931
0.000688696
0.000687917
0.000687461
0.000687259
0.000687277
0.000687501
0.000687928
0.00068857
0.000689447
0.000690587
0.000692032
0.000693838
0.000696074
0.000698836
0.000702244
0.000706459
0.000711694
0.000718232
0.000726462
0.000736904
0.000750339
0.000767721
0.000790976
0.000821252
0.000865911
0.000918012
0.0010196
0.0011072
0.295607
0.154756
0.0889713
0.0576404
0.0466349
0.0490527
0.0513949
0.049192
0.0425166
0.0296016
0.0177854
0.0105995
0.00664428
0.00440649
0.00308264
0.00227325
0.001764
0.00143332
0.00121162
0.00105857
0.000950301
0.000873487
0.00082091
0.000785802
0.000760217
0.00073909
0.000721792
0.000709027
0.000700527
0.000695215
0.000691966
0.000689959
0.000688692
0.000687895
0.000687427
0.000687219
0.000687233
0.000687456
0.000687884
0.000688527
0.000689404
0.000690547
0.000691994
0.000693802
0.000696041
0.000698806
0.000702218
0.000706439
0.000711679
0.000718225
0.000726464
0.000736919
0.00075037
0.000767772
0.00079105
0.000821351
0.000866003
0.000918066
0.00101921
0.00110621
0.295554
0.154815
0.0889011
0.0570139
0.0448925
0.0465836
0.0502132
0.0489119
0.0416317
0.0281916
0.0167569
0.0100526
0.00639219
0.00430258
0.00304663
0.0022658
0.00176712
0.00143937
0.00121777
0.00106412
0.000955205
0.000877481
0.000823609
0.000787342
0.000761186
0.000739881
0.000722448
0.0007095
0.000700825
0.000695381
0.000692046
0.000689986
0.000688688
0.000687872
0.000687393
0.000687179
0.00068719
0.000687411
0.00068784
0.000688484
0.000689363
0.000690507
0.000691957
0.000693767
0.000696009
0.000698777
0.000702194
0.000706418
0.000711665
0.000718217
0.000726466
0.000736932
0.000750398
0.000767819
0.000791119
0.000821444
0.000866089
0.000918113
0.00101885
0.00110528
0.295508
0.154888
0.0888816
0.0565263
0.0433623
0.0440054
0.0483252
0.0478388
0.0400688
0.0264629
0.0156495
0.00949924
0.00614573
0.00420353
0.00301362
0.0022601
0.00177127
0.00144603
0.00122422
0.00106974
0.000960067
0.000881477
0.000826409
0.000788998
0.000762214
0.000740687
0.000723104
0.000709974
0.000701123
0.000695548
0.000692126
0.000690012
0.000688683
0.000687848
0.000687359
0.000687139
0.000687148
0.000687368
0.000687796
0.000688442
0.000689323
0.000690469
0.000691921
0.000693734
0.000695979
0.00069875
0.00070217
0.000706399
0.000711651
0.00071821
0.000726467
0.000736945
0.000750425
0.000767864
0.000791183
0.00082153
0.000866167
0.000918156
0.0010185
0.00110442
0.295468
0.154969
0.0889025
0.0561572
0.0420459
0.0414462
0.0458609
0.0459551
0.0378341
0.0244816
0.0145067
0.00895808
0.00591203
0.00411193
0.00298445
0.00225639
0.00177653
0.00145332
0.001231
0.00107547
0.000964909
0.000885468
0.00082929
0.000790761
0.000763304
0.000741509
0.000723761
0.000710446
0.000701422
0.000695715
0.000692206
0.000690039
0.000688678
0.000687825
0.000687325
0.000687099
0.000687105
0.000687325
0.000687754
0.000688401
0.000689284
0.000690432
0.000691886
0.000693701
0.000695949
0.000698723
0.000702146
0.00070638
0.000711637
0.000718203
0.000726468
0.000736956
0.000750449
0.000767905
0.000791243
0.000821611
0.000866239
0.000918193
0.00101818
0.00110362
0.295432
0.155057
0.0889549
0.055888
0.0409351
0.0390075
0.0429911
0.0433345
0.0350257
0.0223481
0.0133763
0.00844651
0.0056969
0.00402964
0.00295966
0.0022548
0.00178288
0.00146124
0.00123813
0.00108133
0.000969747
0.000889446
0.000832233
0.00079262
0.000764455
0.00074235
0.000724421
0.000710919
0.00070172
0.000695881
0.000692285
0.000690065
0.000688673
0.000687802
0.000687292
0.00068706
0.000687064
0.000687283
0.000687713
0.000688361
0.000689246
0.000690396
0.000691852
0.00069367
0.00069592
0.000698698
0.000702124
0.000706362
0.000711624
0.000718196
0.000726468
0.000736966
0.000750472
0.000767943
0.000791299
0.000821685
0.000866305
0.000918226
0.00101787
0.00110288
0.2954
0.155147
0.0890314
0.0557021
0.040015
0.0367623
0.0399043
0.0401387
0.0318265
0.0201832
0.0123047
0.0079789
0.00550444
0.00395774
0.00293946
0.00225529
0.00179027
0.00146973
0.00124559
0.00108733
0.000974599
0.000893411
0.000835222
0.000794567
0.000765667
0.000743212
0.000725084
0.000711391
0.000702018
0.000696048
0.000692365
0.000690091
0.000688667
0.000687778
0.000687258
0.000687022
0.000687023
0.000687242
0.000687672
0.000688322
0.000689209
0.000690361
0.00069182
0.00069364
0.000695893
0.000698673
0.000702103
0.000706344
0.000711611
0.000718188
0.000726468
0.000736975
0.000750492
0.000767978
0.000791351
0.000821754
0.000866365
0.000918255
0.00101759
0.0011022
0.295373
0.155239
0.0891256
0.055585
0.0392667
0.0347554
0.0367834
0.0365942
0.0284731
0.0181085
0.0113306
0.00756519
0.00533687
0.00389657
0.0029238
0.00225776
0.00179862
0.00147876
0.00125337
0.00109349
0.000979474
0.00089736
0.000838245
0.000796589
0.000766938
0.000744098
0.000725752
0.000711864
0.000702317
0.000696215
0.000692444
0.000690117
0.000688662
0.000687755
0.000687225
0.000686984
0.000686983
0.000687202
0.000687633
0.000688284
0.000689173
0.000690327
0.000691789
0.000693611
0.000695867
0.00069865
0.000702083
0.000706327
0.000711598
0.000718181
0.000726468
0.000736983
0.000750511
0.000768011
0.000791398
0.000821816
0.000866419
0.00091828
0.00101732
0.00110158
0.295348
0.155331
0.0892324
0.0555238
0.03867
0.0330078
0.0337854
0.032954
0.0252075
0.0162251
0.0104801
0.00721024
0.00519454
0.00384583
0.00291238
0.00226201
0.00180781
0.00148826
0.00126143
0.0010998
0.000984381
0.000901294
0.000841288
0.000798676
0.000768266
0.000745009
0.000726425
0.000712338
0.000702615
0.000696382
0.000692524
0.000690143
0.000688657
0.000687732
0.000687193
0.000686946
0.000686944
0.000687162
0.000687595
0.000688248
0.000689138
0.000690295
0.000691759
0.000693584
0.000695842
0.000698627
0.000702063
0.000706311
0.000711586
0.000718174
0.000726467
0.00073699
0.000750528
0.00076804
0.00079144
0.000821873
0.000866468
0.000918302
0.00101707
0.00110102
0.295327
0.155421
0.0893475
0.0555075
0.0382042
0.0315209
0.0310288
0.0294547
0.0222296
0.0145991
0.00976482
0.00691394
0.00507626
0.00380473
0.00290478
0.00226782
0.00181771
0.00149814
0.00126974
0.00110624
0.000989323
0.000905211
0.000844343
0.000800818
0.000769647
0.000745945
0.000727106
0.000712813
0.000702914
0.00069655
0.000692604
0.00069017
0.000688652
0.00068771
0.000687161
0.00068691
0.000686905
0.000687124
0.000687558
0.000688212
0.000689105
0.000690264
0.00069173
0.000693557
0.000695818
0.000698606
0.000702045
0.000706296
0.000711575
0.000718167
0.000726466
0.000736996
0.000750542
0.000768066
0.000791479
0.000821925
0.000866512
0.000918321
0.00101685
0.00110051
0.295308
0.155509
0.0894673
0.0555265
0.0378498
0.0302821
0.0285887
0.0262813
0.0196669
0.0132568
0.00918245
0.00667223
0.00497975
0.00377221
0.00290052
0.00227496
0.00182819
0.00150834
0.00127826
0.00111281
0.000994301
0.000909114
0.000847399
0.000803006
0.000771079
0.000746908
0.000727794
0.000713289
0.000703214
0.000696717
0.000692685
0.000690197
0.000688648
0.000687688
0.00068713
0.000686874
0.000686868
0.000687087
0.000687522
0.000688178
0.000689073
0.000690234
0.000691703
0.000693532
0.000695795
0.000698586
0.000702027
0.000706282
0.000711564
0.00071816
0.000726464
0.000737001
0.000750555
0.000768089
0.000791513
0.000821971
0.00086655
0.000918337
0.00101664
0.00110007
0.295291
0.155593
0.0895892
0.0555729
0.0375887
0.02927
0.0264996
0.0235471
0.0175682
0.0121899
0.00872066
0.00647853
0.00490214
0.00374707
0.00289909
0.00228318
0.00183912
0.00151879
0.00128694
0.00111948
0.000999314
0.000913
0.000850451
0.000805229
0.000772557
0.000747897
0.000728491
0.000713768
0.000703513
0.000696885
0.000692766
0.000690224
0.000688644
0.000687667
0.000687099
0.000686839
0.000686832
0.000687051
0.000687487
0.000688146
0.000689043
0.000690206
0.000691677
0.000693509
0.000695774
0.000698567
0.000702011
0.000706268
0.000711554
0.000718154
0.000726462
0.000737005
0.000750566
0.000768109
0.000791543
0.000822011
0.000866583
0.000918352
0.00101646
0.00109968
0.295277
0.155675
0.0897109
0.0556398
0.0374047
0.0284584
0.0247624
0.0212939
0.0159184
0.0113671
0.00836148
0.00632518
0.00484044
0.00372817
0.00290002
0.00229227
0.0018504
0.00152941
0.00129574
0.00112624
0.00100436
0.00091687
0.000853491
0.000807479
0.000774077
0.000748912
0.000729198
0.000714249
0.000703814
0.000697054
0.000692847
0.000690252
0.000688641
0.000687646
0.00068707
0.000686805
0.000686797
0.000687016
0.000687454
0.000688114
0.000689013
0.000690179
0.000691652
0.000693487
0.000695754
0.00069855
0.000701996
0.000706255
0.000711544
0.000718147
0.00072646
0.000737008
0.000750576
0.000768126
0.000791569
0.000822046
0.000866612
0.000918364
0.00101629
0.00109936
0.295264
0.155753
0.0898309
0.0557215
0.0372837
0.0278197
0.0233547
0.0195054
0.0146621
0.010746
0.0080854
0.0062047
0.00479186
0.00371443
0.00290289
0.00230205
0.00186193
0.00154014
0.00130463
0.00113307
0.00100942
0.000920723
0.000856516
0.000809749
0.000775635
0.000749953
0.000729915
0.000714733
0.000704115
0.000697223
0.00069293
0.000690281
0.000688638
0.000687626
0.000687041
0.000686772
0.000686763
0.000686983
0.000687422
0.000688084
0.000688986
0.000690154
0.000691629
0.000693466
0.000695736
0.000698533
0.000701982
0.000706244
0.000711534
0.000718141
0.000726457
0.000737009
0.000750583
0.000768141
0.00079159
0.000822075
0.000866635
0.000918374
0.00101615
0.00109908
0.295252
0.155827
0.089948
0.0558134
0.0372132
0.0273269
0.0222398
0.0181281
0.013727
0.0102828
0.0078743
0.00611044
0.00475397
0.00370494
0.00290734
0.00231235
0.00187359
0.00155091
0.00131356
0.00113993
0.0010145
0.000924557
0.000859519
0.00081203
0.000777225
0.00075102
0.000730642
0.00071522
0.000704418
0.000697393
0.000693013
0.00069031
0.000688637
0.000687608
0.000687013
0.000686741
0.00068673
0.00068695
0.000687391
0.000688056
0.000688959
0.00069013
0.000691608
0.000693446
0.000695718
0.000698518
0.000701969
0.000706233
0.000711526
0.000718135
0.000726454
0.00073701
0.000750589
0.000768152
0.000791608
0.000822099
0.000866654
0.000918383
0.00101602
0.00109887
0.295242
0.155897
0.0900613
0.0559118
0.0371828
0.0269552
0.0213751
0.0170924
0.0130408
0.00993906
0.00771308
0.00603694
0.00472477
0.00369895
0.00291305
0.00232301
0.00188533
0.00156169
0.00132249
0.00114682
0.00101959
0.00092837
0.000862499
0.000814317
0.000778844
0.000752111
0.000731381
0.00071571
0.000704721
0.000697564
0.000693096
0.000690341
0.000688636
0.00068759
0.000686987
0.00068671
0.000686699
0.00068692
0.000687362
0.000688029
0.000688935
0.000690108
0.000691587
0.000693428
0.000695702
0.000698504
0.000701957
0.000706223
0.000711518
0.00071813
0.000726451
0.00073701
0.000750592
0.00076816
0.000791621
0.000822118
0.000866669
0.00091839
0.00101592
0.00109871
0.295234
0.155964
0.0901704
0.0560137
0.0371836
0.0266826
0.0207179
0.0163273
0.012541
0.00968398
0.00758998
0.00597993
0.00470264
0.00369582
0.00291977
0.00233393
0.00189705
0.00157241
0.00133139
0.0011537
0.00102468
0.000932158
0.00086545
0.000816603
0.000780487
0.000753225
0.000732131
0.000716205
0.000705026
0.000697735
0.000693181
0.000690372
0.000688637
0.000687573
0.000686961
0.000686681
0.000686669
0.000686891
0.000687335
0.000688003
0.000688912
0.000690087
0.000691569
0.000693412
0.000695688
0.000698491
0.000701946
0.000706214
0.000711511
0.000718124
0.000726448
0.00073701
0.000750595
0.000768166
0.000791631
0.000822131
0.000866679
0.000918396
0.00101583
0.00109861
0.295226
0.156027
0.0902748
0.0561168
0.0372082
0.02649
0.0202285
0.0157699
0.012178
0.00949451
0.00749623
0.00593607
0.00468625
0.00369499
0.00292725
0.00234497
0.00190869
0.00158302
0.00134023
0.00116055
0.00102975
0.00093592
0.000868371
0.000818883
0.000782149
0.00075436
0.000732893
0.000716703
0.000705333
0.000697908
0.000693267
0.000690405
0.000688639
0.000687558
0.000686938
0.000686654
0.00068664
0.000686863
0.000687309
0.00068798
0.00068889
0.000690068
0.000691552
0.000693397
0.000695675
0.00069848
0.000701936
0.000706205
0.000711504
0.000718119
0.000726445
0.000737008
0.000750595
0.000768169
0.000791636
0.00082214
0.000866685
0.000918401
0.00101577
0.00109856
0.295219
0.156086
0.0903743
0.0562194
0.0372503
0.0263613
0.0198725
0.0153688
0.0119152
0.00935416
0.00742539
0.00590278
0.00467453
0.00369602
0.00293528
0.00235604
0.0019202
0.0015935
0.00134897
0.00116736
0.0010348
0.000939651
0.000871258
0.000821152
0.000783827
0.000755516
0.000733666
0.000717207
0.000705642
0.000698082
0.000693354
0.000690439
0.000688642
0.000687545
0.000686915
0.000686628
0.000686613
0.000686837
0.000687285
0.000687957
0.00068887
0.00069005
0.000691536
0.000693383
0.000695663
0.00069847
0.000701927
0.000706198
0.000711498
0.000718114
0.000726441
0.000737006
0.000750594
0.00076817
0.000791638
0.000822143
0.000866687
0.000918403
0.00101573
0.00109854
0.295213
0.156142
0.090469
0.0563204
0.0373052
0.0262827
0.0196207
0.0150843
0.0117264
0.00925128
0.00737264
0.00587798
0.00466655
0.00369849
0.0029437
0.00236704
0.00193152
0.00160379
0.00135759
0.00117411
0.00103981
0.000943347
0.00087411
0.000823406
0.000785515
0.00075669
0.000734451
0.000717715
0.000705952
0.000698258
0.000693443
0.000690475
0.000688647
0.000687532
0.000686895
0.000686603
0.000686588
0.000686813
0.000687262
0.000687937
0.000688852
0.000690034
0.000691522
0.000693371
0.000695653
0.000698461
0.00070192
0.000706192
0.000711493
0.00071811
0.000726437
0.000737003
0.000750591
0.000768167
0.000791636
0.000822141
0.000866686
0.000918402
0.00101573
0.00109854
0.295208
0.156194
0.0905587
0.0564187
0.0373689
0.026243
0.0194496
0.0148868
0.0115931
0.00917743
0.00733427
0.00585997
0.00466154
0.00370205
0.00295232
0.0023779
0.0019426
0.00161387
0.00136606
0.00118077
0.00104478
0.000947004
0.000876923
0.000825641
0.000787211
0.000757881
0.000735247
0.000718228
0.000706265
0.000698434
0.000693533
0.000690512
0.000688653
0.000687522
0.000686875
0.000686581
0.000686565
0.00068679
0.000687241
0.000687918
0.000688836
0.00069002
0.00069151
0.000693361
0.000695644
0.000698453
0.000701914
0.000706186
0.000711488
0.000718106
0.000726433
0.000736999
0.000750587
0.000768163
0.000791631
0.000822135
0.000866681
0.000918397
0.00101576
0.00109855
0.295204
0.156244
0.0906436
0.0565138
0.0374382
0.0262329
0.0193399
0.0147543
0.0115019
0.00912627
0.00730722
0.00584727
0.0046588
0.00370638
0.00296101
0.00238854
0.00195339
0.0016237
0.00137436
0.00118733
0.00104969
0.000950617
0.000879696
0.000827854
0.000788911
0.000759086
0.000736054
0.000718747
0.000706581
0.000698613
0.000693625
0.000690551
0.000688661
0.000687513
0.000686858
0.00068656
0.000686543
0.00068677
0.000687222
0.000687901
0.000688821
0.000690007
0.000691499
0.000693352
0.000695636
0.000698447
0.000701908
0.000706182
0.000711484
0.000718102
0.000726429
0.000736994
0.000750581
0.000768155
0.000791621
0.000822123
0.000866672
0.00091839
0.00101583
0.0010986
0.295199
0.15629
0.0907238
0.0566052
0.0375108
0.0262448
0.0192765
0.0146702
0.0114428
0.00909267
0.00728894
0.00583864
0.00465774
0.00371121
0.00296964
0.0023989
0.00196387
0.00163327
0.00138247
0.00119377
0.00105453
0.000954183
0.000882426
0.000830041
0.00079061
0.000760305
0.000736873
0.000719271
0.000706898
0.000698793
0.000693718
0.000690592
0.000688671
0.000687506
0.000686843
0.000686541
0.000686524
0.000686751
0.000687205
0.000687886
0.000688808
0.000689996
0.00069149
0.000693345
0.00069563
0.000698442
0.000701904
0.000706178
0.000711481
0.000718098
0.000726425
0.000736988
0.000750573
0.000768144
0.000791608
0.000822106
0.000866659
0.000918382
0.00101591
0.0010987
0.295196
0.156333
0.0907994
0.0566926
0.0375847
0.0262726
0.0192473
0.014622
0.011408
0.0090724
0.00727722
0.00583299
0.00465787
0.00371631
0.0029781
0.00240893
0.001974
0.00164255
0.00139037
0.00120009
0.00105929
0.000957695
0.000885111
0.0008322
0.000792307
0.000761534
0.000737701
0.000719801
0.000707219
0.000698975
0.000693813
0.000690635
0.000688683
0.000687501
0.000686829
0.000686524
0.000686506
0.000686734
0.00068719
0.000687873
0.000688797
0.000689987
0.000691483
0.000693339
0.000695626
0.000698439
0.000701901
0.000706176
0.000711478
0.000718094
0.00072642
0.000736981
0.000750564
0.000768131
0.00079159
0.000822084
0.000866641
0.000918372
0.00101601
0.00109885
0.295193
0.156374
0.0908705
0.0567758
0.0376585
0.0263116
0.0192429
0.0146002
0.0113911
0.00906194
0.00727024
0.00582943
0.00465874
0.00372148
0.0029863
0.00241858
0.00198376
0.00165151
0.00139805
0.00120625
0.00106397
0.00096115
0.00088775
0.000834328
0.000793997
0.000762773
0.000738539
0.000720336
0.000707543
0.00069916
0.000693911
0.00069068
0.000688698
0.000687499
0.000686818
0.000686509
0.00068649
0.000686719
0.000687177
0.000687862
0.000688788
0.00068998
0.000691478
0.000693335
0.000695623
0.000698437
0.0007019
0.000706174
0.000711476
0.000718091
0.000726415
0.000736973
0.000750553
0.000768115
0.000791568
0.000822056
0.000866619
0.00091836
0.00101613
0.00109906
0.29519
0.156412
0.0909372
0.0568548
0.0377313
0.0263578
0.019256
0.0145971
0.011387
0.00905835
0.00726647
0.00582722
0.00466003
0.00372656
0.00299417
0.00242782
0.00199312
0.00166016
0.00140549
0.00121226
0.00106856
0.000964543
0.00089034
0.000836424
0.000795679
0.000764019
0.000739386
0.000720876
0.000707869
0.000699346
0.00069401
0.000690727
0.000688714
0.000687498
0.000686809
0.000686496
0.000686477
0.000686706
0.000687165
0.000687853
0.00068878
0.000689975
0.000691474
0.000693332
0.000695622
0.000698436
0.000701899
0.000706173
0.000711474
0.000718088
0.00072641
0.000736965
0.000750539
0.000768095
0.000791543
0.000822023
0.000866592
0.000918347
0.00101628
0.00109933
0.295187
0.156447
0.0909997
0.0569295
0.037802
0.0264085
0.0192809
0.014607
0.0113917
0.00905927
0.0072647
0.00582578
0.00466147
0.00373144
0.00300166
0.00243662
0.00200208
0.00166846
0.00141267
0.00121811
0.00107304
0.00096787
0.00089288
0.000838486
0.00079735
0.00076527
0.000740242
0.000721422
0.000708199
0.000699535
0.000694112
0.000690777
0.000688733
0.0006875
0.000686802
0.000686486
0.000686465
0.000686696
0.000687156
0.000687845
0.000688775
0.000689971
0.000691472
0.000693332
0.000695622
0.000698437
0.0007019
0.000706174
0.000711473
0.000718085
0.000726404
0.000736955
0.000750524
0.000768073
0.000791513
0.000821985
0.000866561
0.000918332
0.00101644
0.00109966
0.295185
0.156479
0.0910581
0.057
0.0378702
0.0264614
0.0193133
0.0146252
0.0114018
0.00906284
0.007264
0.00582468
0.00466284
0.00373603
0.00300873
0.00244498
0.00201062
0.00167643
0.0014196
0.00122378
0.00107741
0.000971125
0.000895366
0.000840511
0.000799007
0.000766525
0.000741105
0.000721974
0.000708531
0.000699726
0.000694216
0.000690828
0.000688755
0.000687504
0.000686798
0.000686477
0.000686456
0.000686687
0.000687149
0.00068784
0.000688772
0.000689969
0.000691472
0.000693333
0.000695624
0.000698439
0.000701902
0.000706175
0.000711473
0.000718083
0.000726398
0.000736945
0.000750508
0.000768048
0.000791478
0.000821941
0.000866525
0.000918315
0.00101662
0.00110004
0.295183
0.156509
0.0911126
0.0570662
0.0379354
0.0265146
0.0193499
0.0146484
0.0114151
0.00906767
0.00726368
0.00582359
0.00466402
0.00374026
0.00301536
0.00245287
0.00201874
0.00168404
0.00142627
0.00122926
0.00108167
0.000974305
0.000897798
0.000842498
0.000800649
0.000767782
0.000741976
0.00072253
0.000708867
0.00069992
0.000694323
0.000690883
0.000688779
0.000687511
0.000686796
0.000686472
0.000686449
0.000686681
0.000687144
0.000687837
0.00068877
0.00068997
0.000691473
0.000693335
0.000695627
0.000698442
0.000701905
0.000706177
0.000711473
0.000718081
0.000726392
0.000736933
0.000750489
0.00076802
0.00079144
0.000821892
0.000866483
0.000918296
0.00101682
0.00110048
0.295182
0.156537
0.0911633
0.0571281
0.0379973
0.0265671
0.0193885
0.014674
0.0114296
0.00907277
0.00726325
0.0058223
0.0046649
0.00374409
0.00302152
0.00246029
0.00202644
0.0016913
0.00143266
0.00123455
0.0010858
0.000977406
0.000900173
0.000844446
0.000802273
0.00076904
0.000742853
0.000723092
0.000709206
0.000700116
0.000694432
0.00069094
0.000688805
0.000687521
0.000686796
0.000686468
0.000686445
0.000686677
0.000687142
0.000687836
0.000688771
0.000689972
0.000691477
0.00069334
0.000695632
0.000698447
0.000701909
0.00070618
0.000711474
0.000718079
0.000726385
0.000736921
0.000750468
0.00076799
0.000791398
0.000821837
0.000866437
0.000918274
0.00101704
0.00110098
0.29518
0.156563
0.0912102
0.057186
0.0380557
0.0266179
0.0194273
0.0147002
0.011444
0.00907744
0.00726241
0.00582066
0.00466541
0.00374749
0.00302722
0.00246724
0.0020337
0.0016982
0.00143877
0.00123965
0.0010898
0.000980424
0.00090249
0.000846353
0.000803878
0.000770296
0.000743735
0.000723658
0.000709549
0.000700314
0.000694543
0.000691
0.000688835
0.000687533
0.000686799
0.000686467
0.000686443
0.000686675
0.000687141
0.000687837
0.000688774
0.000689976
0.000691482
0.000693346
0.000695638
0.000698454
0.000701915
0.000706184
0.000711476
0.000718077
0.000726379
0.000736907
0.000750446
0.000767956
0.000791351
0.000821777
0.000866385
0.00091825
0.00101729
0.00110154
0.295179
0.156586
0.0912537
0.0572399
0.0381105
0.0266663
0.019465
0.0147258
0.0114576
0.00908127
0.00726097
0.0058186
0.00466552
0.00375046
0.00303243
0.00247372
0.00204054
0.00170474
0.0014446
0.00124454
0.00109367
0.000983354
0.000904746
0.000848218
0.000805463
0.00077155
0.000744622
0.000724229
0.000709894
0.000700516
0.000694657
0.000691062
0.000688867
0.000687548
0.000686805
0.000686469
0.000686443
0.000686676
0.000687143
0.00068784
0.000688778
0.000689982
0.000691489
0.000693354
0.000695647
0.000698461
0.000701922
0.000706189
0.000711478
0.000718075
0.000726372
0.000736893
0.000750422
0.000767919
0.0007913
0.000821711
0.000866328
0.000918222
0.00101755
0.00110215
0.295178
0.156608
0.0912937
0.0572898
0.0381617
0.026712
0.0195009
0.0147499
0.0114699
0.00908402
0.00725883
0.00581606
0.00466522
0.00375297
0.00303718
0.00247974
0.00204695
0.00171091
0.00145015
0.00124923
0.00109739
0.000986193
0.00090694
0.00085004
0.000807025
0.0007728
0.000745512
0.000724804
0.000710243
0.00070072
0.000694774
0.000691128
0.000688902
0.000687566
0.000686814
0.000686473
0.000686446
0.000686679
0.000687147
0.000687846
0.000688785
0.00068999
0.000691498
0.000693363
0.000695656
0.000698471
0.00070193
0.000706195
0.000711481
0.000718074
0.000726364
0.000736878
0.000750396
0.000767879
0.000791245
0.000821639
0.000866265
0.000918191
0.00101783
0.00110283
0.295177
0.156627
0.0913304
0.057336
0.0382092
0.0267546
0.0195344
0.0147721
0.0114805
0.00908558
0.00725595
0.00581304
0.00466449
0.00375505
0.00304146
0.00248529
0.00205294
0.00171673
0.0014554
0.0012537
0.00110097
0.000988938
0.000909069
0.000851818
0.000808564
0.000774044
0.000746406
0.000725383
0.000710594
0.000700927
0.000694894
0.000691196
0.00068894
0.000687587
0.000686825
0.000686481
0.000686452
0.000686685
0.000687154
0.000687853
0.000688794
0.00069
0.000691509
0.000693375
0.000695667
0.000698481
0.000701939
0.000706202
0.000711485
0.000718073
0.000726357
0.000736861
0.000750368
0.000767837
0.000791185
0.000821561
0.000866196
0.000918155
0.00101814
0.00110357
0.295176
0.156645
0.0913639
0.0573784
0.038253
0.0267941
0.0195653
0.014792
0.0114893
0.00908593
0.00725234
0.00580955
0.00466335
0.00375668
0.00304527
0.00249038
0.0020585
0.00172218
0.00146037
0.00125795
0.00110441
0.000991584
0.000911132
0.00085355
0.000810077
0.000775282
0.000747302
0.000725966
0.000710949
0.000701136
0.000695017
0.000691268
0.000688981
0.00068761
0.00068684
0.00068649
0.00068646
0.000686693
0.000687162
0.000687863
0.000688805
0.000690012
0.000691522
0.000693388
0.00069568
0.000698493
0.000701949
0.00070621
0.000711489
0.000718072
0.000726349
0.000736844
0.000750339
0.000767791
0.000791121
0.000821478
0.000866121
0.000918115
0.00101846
0.00110437
0.295175
0.15666
0.0913944
0.0574173
0.0382933
0.0268303
0.0195934
0.0148096
0.0114962
0.00908509
0.00724802
0.00580558
0.00466179
0.00375789
0.00304863
0.00249503
0.00206365
0.00172727
0.00146505
0.00126199
0.00110769
0.00099413
0.000913126
0.000855236
0.000811565
0.000776511
0.000748199
0.000726551
0.000711306
0.000701348
0.000695142
0.000691342
0.000689025
0.000687637
0.000686857
0.000686503
0.000686471
0.000686703
0.000687174
0.000687875
0.000688818
0.000690026
0.000691537
0.000693403
0.000695695
0.000698507
0.000701961
0.000706219
0.000711494
0.000718071
0.000726341
0.000736826
0.000750307
0.000767742
0.000791053
0.000821388
0.00086604
0.000918071
0.0010188
0.00110523
0.295174
0.156674
0.0914219
0.0574528
0.0383302
0.0268633
0.0196187
0.0148248
0.0115015
0.00908313
0.00724304
0.00580117
0.00465984
0.00375867
0.00305154
0.00249923
0.00206839
0.00173201
0.00146943
0.00126581
0.00111081
0.00099657
0.00091505
0.000856873
0.000813026
0.000777732
0.000749096
0.000727139
0.000711666
0.000701563
0.00069527
0.000691419
0.000689073
0.000687667
0.000686877
0.000686519
0.000686484
0.000686717
0.000687187
0.00068789
0.000688834
0.000690042
0.000691553
0.000693419
0.000695711
0.000698522
0.000701974
0.000706229
0.000711499
0.000718071
0.000726332
0.000736807
0.000750274
0.000767691
0.00079098
0.000821292
0.000865952
0.000918021
0.00101917
0.00110615
0.295173
0.156686
0.0914466
0.057485
0.0383637
0.0268932
0.0196412
0.0148377
0.011505
0.0090801
0.00723742
0.00579633
0.0046575
0.00375903
0.00305402
0.00250299
0.00207272
0.00173639
0.00147352
0.0012694
0.00111378
0.000998903
0.000916901
0.000858462
0.000814459
0.000778943
0.000749993
0.000727729
0.000712028
0.00070178
0.000695401
0.0006915
0.000689123
0.0006877
0.000686901
0.000686537
0.000686501
0.000686732
0.000687203
0.000687907
0.000688851
0.00069006
0.000691572
0.000693437
0.000695728
0.000698538
0.000701988
0.000706239
0.000711506
0.000718071
0.000726324
0.000736786
0.000750239
0.000767636
0.000790903
0.00082119
0.000865858
0.000917964
0.00101955
0.00110714
0.295173
0.156697
0.0914685
0.0575139
0.0383939
0.02692
0.0196609
0.0148484
0.011507
0.00907608
0.00723122
0.00579109
0.00465477
0.00375899
0.00305606
0.00250633
0.00207665
0.00174041
0.00147732
0.00127276
0.00111658
0.00100113
0.000918677
0.000860001
0.000815862
0.000780142
0.000750889
0.000728321
0.000712392
0.000701999
0.000695535
0.000691583
0.000689177
0.000687736
0.000686927
0.000686558
0.00068652
0.000686751
0.000687222
0.000687926
0.000688871
0.000690081
0.000691592
0.000693458
0.000695748
0.000698556
0.000702003
0.000706251
0.000711512
0.000718071
0.000726315
0.000736765
0.000750202
0.000767578
0.000790822
0.000821082
0.000865756
0.000917902
0.00101995
0.00110819
0.295172
0.156705
0.0914878
0.0575398
0.038421
0.0269438
0.0196781
0.0148569
0.0115075
0.00907113
0.00722447
0.00578545
0.00465168
0.00375855
0.00305768
0.00250924
0.00208018
0.00174408
0.00148082
0.00127589
0.00111921
0.00100323
0.000920377
0.000861487
0.000817235
0.000781329
0.000751782
0.000728914
0.000712757
0.000702221
0.000695671
0.000691669
0.000689234
0.000687776
0.000686957
0.000686583
0.000686542
0.000686772
0.000687243
0.000687947
0.000688893
0.000690103
0.000691614
0.000693479
0.000695769
0.000698575
0.00070202
0.000706264
0.00071152
0.000718071
0.000726305
0.000736743
0.000750163
0.000767517
0.000790736
0.000820967
0.000865647
0.000917831
0.00102037
0.00110931
0.295172
0.156713
0.0915044
0.0575627
0.0384451
0.0269647
0.0196927
0.0148635
0.0115065
0.00906532
0.0072172
0.00577945
0.00464823
0.00375772
0.00305889
0.00251172
0.00208331
0.00174739
0.00148403
0.00127879
0.00112168
0.00100523
0.000921998
0.000862921
0.000818576
0.000782502
0.000752672
0.000729507
0.000713124
0.000702444
0.00069581
0.000691759
0.000689294
0.000687818
0.000686989
0.00068661
0.000686566
0.000686795
0.000687267
0.000687971
0.000688917
0.000690127
0.000691638
0.000693503
0.000695791
0.000698595
0.000702037
0.000706277
0.000711528
0.000718071
0.000726295
0.00073672
0.000750122
0.000767454
0.000790645
0.000820846
0.00086553
0.000917753
0.00102082
0.0011105
0.295171
0.156718
0.0915185
0.0575827
0.0384662
0.026983
0.0197049
0.0148682
0.0115043
0.00905873
0.00720946
0.00577309
0.00464443
0.00375651
0.00305968
0.0025138
0.00208604
0.00175035
0.00148693
0.00128146
0.00112397
0.0010071
0.000923537
0.0008643
0.000819884
0.00078366
0.000753558
0.000730099
0.000713492
0.000702669
0.000695952
0.000691851
0.000689357
0.000687864
0.000687025
0.00068664
0.000686594
0.000686822
0.000687293
0.000687997
0.000688943
0.000690154
0.000691665
0.000693528
0.000695815
0.000698617
0.000702056
0.000706292
0.000711536
0.000718072
0.000726285
0.000736696
0.000750079
0.000767387
0.00079055
0.000820718
0.000865405
0.000917666
0.00102128
0.00111176
0.295171
0.156722
0.09153
0.0575999
0.0384845
0.0269985
0.0197148
0.014871
0.0115009
0.00905139
0.00720126
0.00576638
0.00464029
0.00375492
0.00306007
0.00251547
0.00208839
0.00175297
0.00148954
0.00128389
0.00112609
0.00100885
0.000924992
0.000865622
0.000821158
0.000784801
0.000754438
0.00073069
0.000713861
0.000702896
0.000696095
0.000691946
0.000689423
0.000687913
0.000687064
0.000686673
0.000686624
0.000686851
0.000687321
0.000688026
0.000688972
0.000690182
0.000691693
0.000693555
0.000695841
0.00069864
0.000702076
0.000706307
0.000711545
0.000718072
0.000726275
0.00073667
0.000750035
0.000767317
0.00079045
0.000820583
0.000865272
0.000917569
0.00102176
0.00111309
0.295171
0.156724
0.0915392
0.0576143
0.0385001
0.0270115
0.0197225
0.0148722
0.0114963
0.00904336
0.00719264
0.00575935
0.00463582
0.00375296
0.00306006
0.00251673
0.00209035
0.00175522
0.00149185
0.00128608
0.00112802
0.00101047
0.000926362
0.000866886
0.000822395
0.000785924
0.00075531
0.000731278
0.000714228
0.000703124
0.000696241
0.000692044
0.000689493
0.000687965
0.000687106
0.00068671
0.000686657
0.000686883
0.000687352
0.000688056
0.000689002
0.000690212
0.000691722
0.000693584
0.000695868
0.000698665
0.000702097
0.000706323
0.000711555
0.000718073
0.000726264
0.000736644
0.000749988
0.000767244
0.000790345
0.000820441
0.00086513
0.000917462
0.00102226
0.00111449
0.295171
0.156725
0.0915459
0.0576261
0.0385131
0.0270221
0.0197282
0.0148719
0.0114907
0.00903469
0.00718361
0.00575199
0.00463101
0.00375063
0.00305965
0.00251758
0.00209192
0.00175713
0.00149386
0.00128802
0.00112978
0.00101196
0.000927643
0.00086809
0.000823594
0.000787026
0.000756173
0.000731863
0.000714595
0.000703352
0.000696389
0.000692145
0.000689565
0.000688021
0.000687151
0.000686749
0.000686694
0.000686917
0.000687386
0.00068809
0.000689035
0.000690245
0.000691754
0.000693615
0.000695896
0.000698691
0.000702119
0.00070634
0.000711565
0.000718074
0.000726253
0.000736617
0.00074994
0.000767168
0.000790236
0.000820293
0.00086498
0.000917344
0.00102278
0.00111596
0.29517
0.156724
0.0915502
0.0576353
0.0385235
0.0270304
0.0197319
0.01487
0.011484
0.0090254
0.00717419
0.00574431
0.00462586
0.00374793
0.00305885
0.00251804
0.00209311
0.00175869
0.00149557
0.00128973
0.00113135
0.00101333
0.000928834
0.000869233
0.000824753
0.000788105
0.000757024
0.000732441
0.000714958
0.00070358
0.000696537
0.000692248
0.000689641
0.000688079
0.0006872
0.000686792
0.000686733
0.000686954
0.000687422
0.000688125
0.00068907
0.000690279
0.000691788
0.000693647
0.000695927
0.000698718
0.000702143
0.000706358
0.000711576
0.000718075
0.000726242
0.000736589
0.000749889
0.000767088
0.000790122
0.000820137
0.00086482
0.000917213
0.00102332
0.00111751
0.29517
0.156721
0.0915521
0.0576419
0.0385314
0.0270364
0.0197337
0.0148667
0.0114764
0.00901553
0.00716439
0.00573632
0.00462039
0.00374487
0.00305765
0.0025181
0.00209391
0.00175989
0.00149697
0.00129119
0.00113274
0.00101456
0.000929936
0.000870315
0.000825872
0.000789159
0.00075786
0.000733011
0.000715318
0.000703807
0.000696687
0.000692353
0.000689719
0.000688141
0.000687251
0.000686837
0.000686774
0.000686994
0.000687461
0.000688163
0.000689108
0.000690316
0.000691823
0.000693681
0.000695958
0.000698747
0.000702167
0.000706377
0.000711587
0.000718077
0.00072623
0.000736559
0.000749837
0.000767006
0.000790003
0.000819975
0.00086465
0.000917069
0.00102387
0.00111914
0.29517
0.156717
0.0915516
0.057646
0.0385369
0.0270403
0.0197337
0.0148621
0.011468
0.00900511
0.00715422
0.00572801
0.00461459
0.00374143
0.00305606
0.00251776
0.00209433
0.00176075
0.00149807
0.0012924
0.00113394
0.00101567
0.000930949
0.000871338
0.000826951
0.000790186
0.000758677
0.000733569
0.000715671
0.000704031
0.000696837
0.00069246
0.0006898
0.000688205
0.000687306
0.000686885
0.000686819
0.000687036
0.000687502
0.000688203
0.000689147
0.000690354
0.000691861
0.000693717
0.000695992
0.000698777
0.000702192
0.000706397
0.000711599
0.000718078
0.000726217
0.000736529
0.000749783
0.000766921
0.000789879
0.000819804
0.00086447
0.00091691
0.00102445
0.00112085
0.29517
0.15671
0.0915488
0.0576475
0.03854
0.027042
0.019732
0.0148562
0.0114586
0.00899414
0.00714369
0.00571938
0.00460845
0.00373763
0.00305408
0.00251702
0.00209437
0.00176125
0.00149887
0.00129337
0.00113497
0.00101664
0.000931884
0.000872311
0.000827995
0.000791186
0.000759474
0.000734113
0.000716016
0.000704252
0.000696987
0.000692568
0.000689883
0.000688273
0.000687363
0.000686937
0.000686867
0.000687082
0.000687545
0.000688246
0.000689189
0.000690395
0.0006919
0.000693754
0.000696026
0.000698808
0.000702219
0.000706417
0.000711611
0.000718079
0.000726205
0.000736497
0.000749727
0.000766832
0.000789751
0.000819627
0.000864279
0.000916734
0.00102504
0.00112264
0.29517
0.156702
0.0915435
0.0576466
0.0385408
0.0270416
0.0197285
0.014849
0.0114484
0.00898265
0.00713278
0.00571042
0.00460196
0.00373345
0.00305171
0.00251589
0.00209404
0.00176143
0.00149939
0.00129413
0.00113583
0.00101752
0.000932759
0.000873253
0.000829018
0.000792164
0.00076025
0.00073464
0.000716351
0.000704468
0.000697135
0.000692677
0.000689968
0.000688343
0.000687424
0.000686991
0.000686917
0.000687129
0.000687591
0.000688291
0.000689232
0.000690437
0.000691941
0.000693793
0.000696063
0.000698841
0.000702247
0.000706438
0.000711624
0.000718081
0.000726191
0.000736465
0.000749669
0.00076674
0.000789617
0.000819441
0.000864077
0.00091654
0.00102564
0.00112451
0.29517
0.156693
0.0915358
0.0576433
0.0385393
0.0270393
0.0197235
0.0148406
0.0114374
0.00897063
0.0071215
0.00570113
0.00459513
0.0037289
0.00304895
0.00251439
0.00209337
0.00176132
0.00149968
0.00129471
0.00113659
0.00101834
0.000933618
0.000874205
0.000830052
0.000793137
0.000761009
0.00073515
0.000716672
0.000704676
0.00069728
0.000692786
0.000690054
0.000688415
0.000687487
0.000687048
0.00068697
0.00068718
0.00068764
0.000688338
0.000689278
0.000690482
0.000691983
0.000693833
0.0006961
0.000698874
0.000702275
0.00070646
0.000711637
0.000718082
0.000726178
0.000736431
0.000749608
0.000766644
0.000789478
0.000819246
0.000863861
0.000916325
0.00102626
0.00112645
0.295171
0.156681
0.0915256
0.0576374
0.0385354
0.0270349
0.0197168
0.0148311
0.0114256
0.00895808
0.00710983
0.0056915
0.00458795
0.00372398
0.00304583
0.00251257
0.00209245
0.00176104
0.00149989
0.00129526
0.00113734
0.0010192
0.000934559
0.000875256
0.000831166
0.000794149
0.000761771
0.000735648
0.000716981
0.000704876
0.00069742
0.000692893
0.000690142
0.00068849
0.000687552
0.000687107
0.000687026
0.000687233
0.000687691
0.000688387
0.000689326
0.000690528
0.000692028
0.000693875
0.000696139
0.000698909
0.000702305
0.000706482
0.00071165
0.000718084
0.000726163
0.000736395
0.000749545
0.000766544
0.000789332
0.000819042
0.000863631
0.000916086
0.00102688
0.00112846
0.295171
0.156667
0.0915129
0.057629
0.0385293
0.0270286
0.0197086
0.0148203
0.0114131
0.00894501
0.00709777
0.00568152
0.00458041
0.00371872
0.00304241
0.00251056
0.00209152
0.00176093
0.00150037
0.00129611
0.00113838
0.00102033
0.000935785
0.000876589
0.000832507
0.000795295
0.000762587
0.000736157
0.000717287
0.00070507
0.000697557
0.000692999
0.000690229
0.000688565
0.00068762
0.000687169
0.000687083
0.000687288
0.000687744
0.000688438
0.000689376
0.000690576
0.000692074
0.000693919
0.000696179
0.000698945
0.000702335
0.000706505
0.000711663
0.000718084
0.000726147
0.000736358
0.000749479
0.00076644
0.000789179
0.000818827
0.000863385
0.000915821
0.00102751
0.00113055
0.295171
0.156651
0.0914976
0.0576181
0.0385209
0.0270203
0.0196988
0.0148085
0.0113997
0.00893139
0.0070853
0.00567118
0.00457254
0.00371319
0.0030389
0.00250877
0.00209123
0.00176187
0.00150207
0.00129811
0.00114039
0.00102228
0.000937746
0.000878593
0.000834389
0.000796788
0.000763577
0.000736736
0.000717615
0.000705268
0.000697692
0.000693103
0.000690316
0.000688641
0.000687688
0.000687233
0.000687143
0.000687345
0.000687799
0.000688491
0.000689427
0.000690626
0.000692121
0.000693964
0.000696221
0.000698982
0.000702366
0.000706528
0.000711676
0.000718084
0.00072613
0.000736318
0.000749409
0.000766331
0.00078902
0.000818604
0.000863127
0.000915536
0.00102813
0.0011327
0.295171
0.156632
0.0914796
0.0576046
0.0385101
0.0270101
0.0196875
0.0147955
0.0113855
0.00891721
0.00707242
0.0056605
0.00456445
0.00370767
0.00303585
0.00250825
0.00209336
0.00176624
0.00150752
0.00130343
0.00114502
0.00102629
0.000941455
0.00088212
0.000837481
0.000799087
0.000765011
0.000737526
0.000718033
0.0007055
0.000697838
0.000693208
0.000690402
0.000688716
0.000687756
0.000687297
0.000687204
0.000687403
0.000687855
0.000688546
0.00068948
0.000690676
0.000692169
0.000694009
0.000696262
0.000699019
0.000702396
0.000706551
0.000711688
0.000718083
0.000726111
0.000736276
0.000749338
0.000766221
0.000788863
0.000818385
0.000862875
0.000915258
0.0010288
0.00113497
0.295172
0.156611
0.0914588
0.0575884
0.038497
0.0269979
0.0196746
0.0147813
0.0113705
0.00890246
0.00705913
0.00564963
0.0045565
0.00370293
0.00303484
0.00251198
0.00210271
0.00178045
0.00152349
0.00131784
0.00115658
0.00103552
0.000949336
0.000889112
0.00084326
0.00080318
0.000767472
0.000738841
0.000718699
0.00070584
0.000698025
0.000693327
0.00069049
0.00068879
0.000687824
0.00068736
0.000687264
0.000687461
0.000687911
0.000688601
0.000689533
0.000690727
0.000692218
0.000694055
0.000696304
0.000699056
0.000702428
0.000706574
0.000711702
0.000718085
0.000726098
0.000736243
0.00074928
0.000766133
0.000788737
0.000818215
0.000862694
0.000915078
0.00102961
0.00113747
0.295172
0.156588
0.0914353
0.0575696
0.0384816
0.0269837
0.0196601
0.014766
0.0113546
0.00888714
0.00704559
0.00563902
0.0045498
0.0037013
0.00304035
0.00252801
0.00213237
0.00182213
0.00156879
0.00135743
0.00118694
0.00105839
0.000967623
0.000904272
0.000855074
0.000811216
0.00077221
0.000741358
0.000719961
0.00070646
0.000698337
0.000693498
0.000690599
0.000688872
0.000687893
0.000687424
0.000687325
0.00068752
0.000687969
0.000688657
0.000689589
0.000690782
0.000692271
0.000694106
0.000696353
0.000699101
0.000702469
0.000706611
0.000711734
0.00071811
0.000726117
0.000736257
0.000749289
0.000766138
0.000788745
0.000818232
0.00086277
0.000915246
0.00103086
0.00114055
0.295173
0.156562
0.0914087
0.057548
0.0384636
0.0269674
0.019644
0.0147494
0.0113379
0.00887139
0.00703237
0.0056303
0.00454789
0.00370959
0.00306491
0.00257845
0.0022178
0.00193979
0.00169692
0.00146936
0.00127137
0.00111969
0.00101369
0.000939612
0.000880747
0.000827884
0.000781857
0.000746496
0.000722564
0.000707746
0.000698974
0.000693827
0.000690787
0.000688996
0.000687989
0.000687507
0.000687403
0.000687596
0.000688044
0.000688732
0.000689663
0.000690857
0.000692348
0.000694185
0.000696435
0.000699187
0.000702561
0.000706711
0.000711846
0.00071824
0.000726272
0.000736449
0.000749533
0.000766457
0.000789172
0.000818806
0.000863587
0.000916376
0.00103331
0.00114504
0.295173
0.156532
0.091379
0.0575235
0.0384431
0.026949
0.0196262
0.0147316
0.0113205
0.0088558
0.00702169
0.00562895
0.00456171
0.00374779
0.00314375
0.00272318
0.00245358
0.00226441
0.00205808
0.00179241
0.00151722
0.00129781
0.00114054
0.00102734
0.000938868
0.000863356
0.000801823
0.000757115
0.000728032
0.000710527
0.000700405
0.000694599
0.00069124
0.000689297
0.000688216
0.000687698
0.000687576
0.000687761
0.000688207
0.000688897
0.000689834
0.000691036
0.00069254
0.000694393
0.000696665
0.000699447
0.000702858
0.000707057
0.000712257
0.000718737
0.000726883
0.000737211
0.000750498
0.000767691
0.000790765
0.000820866
0.000866301
0.000919888
0.00103866
0.00115283
0.295174
0.156499
0.0913459
0.0574958
0.0384199
0.0269284
0.0196066
0.0147126
0.0113028
0.00884316
0.00702174
0.00565301
0.004625
0.00387422
0.00337453
0.00312064
0.00308026
0.00312218
0.00303017
0.00268961
0.00222066
0.00181321
0.0014931
0.0012523
0.00107193
0.000938508
0.00084252
0.000778609
0.000739307
0.00071652
0.000703714
0.000696552
0.000692504
0.000690206
0.000688937
0.000688318
0.000688142
0.000688301
0.00068874
0.000689436
0.000690392
0.000691627
0.000693176
0.00069509
0.000697441
0.000700323
0.000703863
0.000708225
0.000713632
0.000720376
0.00072886
0.00073962
0.000753461
0.000771363
0.000795349
0.000826589
0.000873539
0.000928893
0.0010507
0.00116794
0.295175
0.156462
0.0913087
0.0574643
0.0383934
0.0269052
0.0195854
0.0146932
0.0112884
0.00884527
0.00706207
0.00576137
0.0048402
0.00425572
0.00401947
0.00416422
0.00464138
0.00518048
0.00533225
0.00484255
0.00396519
0.00305751
0.00230284
0.00174405
0.00135021
0.00108683
0.00092052
0.000819856
0.000761638
0.000729148
0.000711337
0.000701552
0.000696094
0.000693013
0.000691296
0.000690415
0.000690089
0.00069017
0.000690584
0.000691299
0.000692313
0.000693643
0.000695328
0.000697422
0.000700003
0.000703173
0.000707072
0.000711881
0.000717842
0.000725274
0.000734612
0.000746432
0.000761593
0.000781133
0.00080717
0.000840917
0.000891104
0.000950092
0.00107748
0.00119888
0.295174
0.156419
0.0912658
0.0574278
0.0383633
0.0268802
0.019565
0.0146791
0.0112952
0.00891045
0.0072467
0.00614115
0.00550843
0.00534613
0.00572419
0.00669478
0.0080878
0.00933596
0.00968673
0.00880811
0.0071354
0.00528196
0.00371653
0.00257701
0.00181568
0.00133654
0.00105337
0.000892699
0.000803679
0.000755133
0.000728733
0.000714197
0.000706008
0.000701296
0.000698577
0.000697073
0.00069637
0.000696246
0.000696587
0.000697342
0.000698498
0.000700073
0.000702106
0.000704666
0.000707842
0.000711753
0.00071656
0.000722473
0.000729775
0.000738832
0.000750143
0.000764359
0.000782439
0.000805515
0.000835924
0.000874687
0.000931637
0.000998001
0.00113643
0.00126399
0.295171
0.156368
0.0912161
0.0573878
0.0383347
0.0268637
0.0195636
0.0147056
0.0114099
0.00922953
0.00792791
0.00735772
0.00745088
0.00824084
0.00979553
0.0120075
0.0143484
0.015903
0.015859
0.0140884
0.0112239
0.00814235
0.00554618
0.00366643
0.00243677
0.00168754
0.00125364
0.00101276
0.000880731
0.000808421
0.000768369
0.000745667
0.000732409
0.000724451
0.000719611
0.000716726
0.000715157
0.000714554
0.000714729
0.000715591
0.000717108
0.000719296
0.000722202
0.000725903
0.000730508
0.00073617
0.000743095
0.000751553
0.000761903
0.00077461
0.000790292
0.00080975
0.000834136
0.000864815
0.000904473
0.000954277
0.00102544
0.0011068
0.00126934
0.00140705
0.295175
0.156325
0.0911861
0.0573843
0.038365
0.0269373
0.0197003
0.0149758
0.0120306
0.0105101
0.0102126
0.0109497
0.0125753
0.0149832
0.0179502
0.0209476
0.0231594
0.0237811
0.0224098
0.0192785
0.0151114
0.0108912
0.00737052
0.00481624
0.00314696
0.00213332
0.00154484
0.00121283
0.00102683
0.000921229
0.00085993
0.000823311
0.000800747
0.000786459
0.000777277
0.000771474
0.000768044
0.000766395
0.000766205
0.000767307
0.000769631
0.00077318
0.000778015
0.000784271
0.000792116
0.000801767
0.000813511
0.000827733
0.000844947
0.000865825
0.000891249
0.000922342
0.000960725
0.0010082
0.00106861
0.00114314
0.00124763
0.00136482
0.00158953
0.0017488
0.295322
0.156505
0.0914507
0.0577554
0.0388692
0.0276207
0.0206578
0.0165423
0.0147859
0.0150963
0.0171247
0.0203266
0.0240606
0.0276944
0.030651
0.0324259
0.0326172
0.03102
0.0277204
0.0231357
0.0179198
0.0129525
0.00886925
0.00590007
0.0039417
0.00273271
0.00201067
0.00158278
0.00132852
0.00117398
0.00107783
0.00101652
0.000976557
0.000949991
0.000932108
0.000920221
0.000912806
0.000908974
0.000908184
0.000910134
0.000914685
0.000921828
0.000931664
0.000944396
0.000960367
0.000980043
0.00100391
0.00103267
0.00106725
0.00110893
0.00115935
0.0012206
0.00129575
0.00138806
0.00150503
0.00164766
0.00184809
0.00206816
0.00248461
0.00271173
0.29692
0.158682
0.094031
0.060749
0.0423627
0.0318079
0.0259197
0.023933
0.0253227
0.0294483
0.0350882
0.0405254
0.0443242
0.0459599
0.0456541
0.0437733
0.0405422
0.0361686
0.0309388
0.0251991
0.0194256
0.0142354
0.0100579
0.00702659
0.00500045
0.00370815
0.00288996
0.00236091
0.00201138
0.00177862
0.0016223
0.00151597
0.00144244
0.00139106
0.00135543
0.00133154
0.00131693
0.00131006
0.00131001
0.00131628
0.00132868
0.0013473
0.0013725
0.00140479
0.00144494
0.00149406
0.0015538
0.00162595
0.00171293
0.00181808
0.00194588
0.00210212
0.00229528
0.002535
0.002842
0.00322238
0.0037622
0.00436501
0.00550721
0.00613912
0.310852
0.175655
0.112077
0.0796683
0.0624034
0.0535708
0.0505328
0.0529267
0.0591512
0.0670706
0.0732679
0.0750518
0.0723234
0.0668388
0.0602788
0.053387
0.0463257
0.039254
0.0324303
0.0260137
0.0202147
0.0153053
0.0114797
0.00873735
0.00688297
0.00564102
0.00477509
0.00413949
0.00366376
0.00331221
0.00305739
0.00287486
0.00274486
0.0026534
0.0025914
0.00255312
0.00253497
0.00253475
0.00255128
0.00258417
0.00263376
0.00270104
0.00278767
0.00289605
0.00302939
0.00319188
0.003389
0.00362856
0.00391978
0.00427546
0.00471324
0.0052568
0.00594068
0.00680852
0.00794306
0.00940514
0.0114893
0.0140504
0.0185619
0.022741
0.437245
0.30565
0.231911
0.1891
0.163955
0.149533
0.14488
0.147008
0.151601
0.152501
0.14467
0.128728
0.109741
0.0920523
0.0770378
0.0642354
0.0529644
0.0430279
0.0345864
0.0277416
0.0222616
0.0179989
0.0148797
0.0127318
0.0112708
0.0102034
0.00933477
0.00859491
0.00798466
0.00751074
0.00716164
0.00691531
0.00675045
0.00665159
0.00660906
0.00661728
0.00667337
0.00677656
0.00692791
0.00713031
0.0073885
0.00770946
0.00810275
0.00858077
0.00915937
0.00985936
0.0107081
0.0117415
0.0130083
0.0145714
0.0165183
0.0189706
0.0221065
0.026169
0.0315777
0.0388331
0.0491555
0.0632766
0.0861417
0.120366
1.79605
1.38402
1.05137
0.821138
0.662485
0.548109
0.453626
0.368285
0.293088
0.231246
0.183436
0.147525
0.120595
0.100126
0.0841391
0.0711263
0.0600948
0.0506189
0.0427302
0.0367828
0.0325806
0.0298066
0.0281356
0.0271436
0.0264186
0.0257211
0.0250188
0.0243898
0.0239223
0.0236446
0.0235449
0.0236072
0.0238204
0.0241805
0.0246893
0.0253537
0.0261855
0.0272017
0.0284251
0.0298854
0.0316208
0.0336797
0.0361232
0.0390293
0.0424982
0.0466595
0.0516816
0.0577878
0.0652788
0.0745694
0.0862295
0.101071
0.120231
0.145502
0.179191
0.226173
0.289986
0.391117
0.515492
0.793018
)
;

boundaryField
{
    inlet
    {
        type            fixedValue;
        value           uniform 0.63;
    }
    outlet
    {
        type            zeroGradient;
    }
    fixedWalls
    {
        Cmu             0.09;
        kappa           0.41;
        E               9.8;
        type            epsilonWallFunction;
        value           nonuniform List<scalar> 
120
(
1.79605
1.38402
1.05137
0.821138
0.662485
0.548109
0.453626
0.368285
0.293088
0.231246
0.183436
0.147525
0.120595
0.100126
0.0841391
0.0711263
0.0600948
0.0506189
0.0427302
0.0367828
0.0325806
0.0298066
0.0281356
0.0271436
0.0264186
0.0257211
0.0250188
0.0243898
0.0239223
0.0236446
0.0235449
0.0236072
0.0238204
0.0241805
0.0246893
0.0253537
0.0261855
0.0272017
0.0284251
0.0298854
0.0316208
0.0336797
0.0361232
0.0390293
0.0424982
0.0466595
0.0516816
0.0577878
0.0652788
0.0745694
0.0862295
0.101071
0.120231
0.145502
0.179191
0.226173
0.289986
0.391117
0.515492
0.793018
0.994548
0.372462
0.0437112
0.016594
0.0153816
0.0175541
0.0536096
0.0822469
0.0791042
0.055697
0.0329103
0.0183328
0.0100496
0.00575391
0.0037362
0.00333067
0.00493038
0.00711142
0.00945158
0.0117792
0.013919
0.0157334
0.0171622
0.0182314
0.0190207
0.0196199
0.0201019
0.0205173
0.0209025
0.0212861
0.0216928
0.0221443
0.0226602
0.0232583
0.0239557
0.0247705
0.0257224
0.0268346
0.0281347
0.0296561
0.03144
0.0335373
0.0360113
0.0389419
0.0424305
0.0466078
0.0516436
0.0577611
0.0652607
0.0745564
0.0862204
0.101065
0.120228
0.1455
0.179191
0.226175
0.289989
0.391121
0.515497
0.793025
)
;
    }
    frontAndBack
    {
        type            empty;
    }
}


// ************************************************************************* //
