/*--------------------------------*- C++ -*----------------------------------*\
| =========                 |                                                 |
| \\      /  F ield         | OpenFOAM: The Open Source CFD Toolbox           |
|  \\    /   O peration     | Version:  2.4.0                                 |
|   \\  /    A nd           | Web:      www.OpenFOAM.org                      |
|    \\/     M anipulation  |                                                 |
\*---------------------------------------------------------------------------*/
FoamFile
{
    version     2.0;
    format      ascii;
    class       volScalarField;
    location    "7.15";
    object      epsilon;
}
// * * * * * * * * * * * * * * * * * * * * * * * * * * * * * * * * * * * * * //

dimensions      [0 2 -3 0 0 0 0];

internalField   nonuniform List<scalar> 
6000
(
54.1729
1.0976
0.020286
0.134489
0.0725455
0.0863228
0.0615955
0.0575424
0.0460722
0.041865
0.0363756
0.0340098
0.0318504
0.0313324
0.0313756
0.0324803
0.0342491
0.0368943
0.0402961
0.044577
0.0497287
0.0558298
0.0628927
0.0709407
0.0799407
0.0898342
0.100509
0.111803
0.123472
0.135191
0.146547
0.157041
0.166097
0.173081
0.177306
0.178137
0.175037
0.167593
0.155726
0.139652
0.120294
0.0989515
0.0778861
0.0583869
0.0925246
0.144476
0.217938
0.32671
0.469477
0.682708
0.934707
1.34654
1.7534
2.59826
3.16741
5.15184
5.61724
11.248
10.2406
28.7676
17.7229
0.975471
0.0253663
0.0742227
0.0418214
0.0473833
0.0343677
0.0316129
0.0254729
0.0229733
0.0199793
0.0185661
0.017326
0.0169152
0.0168117
0.01723
0.0179743
0.0191259
0.0206187
0.0224931
0.024733
0.0273593
0.0303656
0.0337507
0.0374927
0.0415626
0.0459143
0.0504858
0.0551902
0.0599144
0.0645189
0.0688367
0.0726751
0.0758146
0.078025
0.0790728
0.0787444
0.0768466
0.0732729
0.0679894
0.0611956
0.0532298
0.0448692
0.0370699
0.0541725
0.0785331
0.111088
0.156707
0.214499
0.297175
0.393917
0.545302
0.698946
0.996951
1.2201
1.89311
2.13363
3.96854
3.89745
9.68999
7.13598
0.711154
0.0303051
0.0435436
0.0252882
0.027306
0.0200717
0.018197
0.0147496
0.0132201
0.0115218
0.0106673
0.00994855
0.00967557
0.00958563
0.00977412
0.0101417
0.010721
0.0114773
0.0124252
0.0135543
0.014871
0.0163703
0.0180497
0.0198986
0.0219042
0.0240479
0.0263052
0.0286424
0.0310164
0.033374
0.0356515
0.0377742
0.0396533
0.0412001
0.0423066
0.0428689
0.0427798
0.0419528
0.0403163
0.0378879
0.0347487
0.0312091
0.0280448
0.0380864
0.05169
0.0689525
0.0917757
0.119554
0.157238
0.200642
0.264959
0.331806
0.451715
0.551036
0.809005
0.936659
1.60762
1.69304
3.71132
3.42004
0.518235
0.0345342
0.0274551
0.016062
0.0164807
0.0122276
0.0109292
0.00890579
0.00794439
0.00695003
0.00643068
0.00601609
0.00585651
0.00581458
0.00593401
0.00616307
0.00651598
0.00697481
0.00754597
0.00822449
0.00901332
0.00991029
0.0109144
0.012021
0.0132248
0.0145175
0.0158884
0.0173225
0.0188003
0.0202978
0.0217859
0.0232287
0.0245881
0.0258201
0.0268671
0.0276736
0.0281787
0.0283269
0.0280647
0.0273777
0.0262798
0.0249053
0.0238733
0.0304853
0.0391467
0.0497395
0.0631093
0.0789095
0.0992929
0.122466
0.154735
0.188969
0.245033
0.295865
0.408668
0.480757
0.756329
0.843343
1.62361
1.89782
0.395525
0.0386491
0.01904
0.010789
0.0104248
0.00776161
0.00683447
0.00559392
0.00497402
0.0043773
0.00406346
0.00383117
0.00375425
0.00375817
0.00386353
0.00404283
0.004303
0.00463521
0.00504314
0.00552502
0.00608297
0.0067165
0.0074255
0.00820795
0.00906124
0.00998132
0.0109626
0.0119974
0.0130755
0.0141847
0.0153101
0.0164325
0.01754
0.0186036
0.0195935
0.0204795
0.0212272
0.0218024
0.0221684
0.0223052
0.022203
0.0219191
0.0219459
0.0267136
0.0327955
0.0400255
0.0488198
0.059024
0.0716759
0.0860253
0.104917
0.125481
0.156155
0.186422
0.243504
0.288574
0.417116
0.484067
0.821814
1.19136
0.318419
0.0429751
0.0149621
0.00776903
0.00694073
0.00514116
0.0044497
0.00365316
0.00324296
0.00287837
0.00269294
0.00257221
0.00255239
0.00259137
0.00269922
0.00286119
0.00308132
0.00335564
0.00368694
0.00407517
0.00452216
0.00502827
0.00559381
0.00621796
0.00689953
0.00763656
0.00842628
0.00926481
0.0101473
0.0110678
0.0120191
0.0129929
0.013985
0.014977
0.0159522
0.0168926
0.017776
0.0185793
0.0192753
0.0198444
0.0202692
0.0205736
0.0211568
0.0248517
0.0294568
0.0348024
0.0410994
0.0483012
0.056945
0.0667764
0.0791529
0.0930324
0.112141
0.132572
0.165727
0.197071
0.265424
0.31605
0.480496
0.829186
0.268834
0.0475659
0.0135339
0.00612326
0.00490725
0.00356991
0.00302302
0.00248374
0.00220406
0.00197848
0.00187429
0.00182281
0.00184117
0.00190464
0.00201845
0.00217482
0.00237671
0.00262285
0.00291575
0.0032563
0.00364631
0.00408665
0.00457805
0.00512062
0.00571434
0.00635884
0.00705347
0.00779701
0.00858778
0.00942357
0.0103011
0.0112182
0.0121709
0.013147
0.0141358
0.0151245
0.0160972
0.0170365
0.0179214
0.0187356
0.0194606
0.0201038
0.020997
0.0240213
0.0277115
0.0319092
0.0367167
0.0421396
0.0484648
0.0556677
0.0644132
0.0744754
0.0874956
0.102405
0.123837
0.147324
0.188116
0.227679
0.316371
0.628421
0.235882
0.0523294
0.0138399
0.00540388
0.0037366
0.00262016
0.00215355
0.00176383
0.00156537
0.00142435
0.00137184
0.00136372
0.00140728
0.0014874
0.00160717
0.00176276
0.00195677
0.00218953
0.00246349
0.00278017
0.00314153
0.00354894
0.00400371
0.00450684
0.00505935
0.00566218
0.00631613
0.00702162
0.00777873
0.00858701
0.009445
0.0103525
0.0113042
0.012292
0.0133074
0.0143405
0.0153784
0.0164079
0.0174123
0.0183788
0.0192883
0.0201402
0.0212146
0.0237929
0.0268752
0.0303213
0.0341729
0.0384592
0.0433334
0.0488717
0.0553951
0.0630313
0.0724563
0.0838147
0.0987422
0.117027
0.143662
0.175289
0.227069
0.510222
0.213249
0.0571102
0.0153567
0.00536327
0.0031182
0.00205732
0.00162134
0.00131538
0.00116605
0.00107653
0.00105682
0.00107617
0.00113658
0.00122848
0.00135396
0.00151156
0.0017038
0.00193196
0.00219863
0.00250582
0.00285578
0.00325044
0.00369168
0.00418128
0.00472109
0.00531292
0.0059584
0.0066588
0.00741495
0.00822709
0.00909456
0.0100161
0.0109869
0.0120002
0.013049
0.0141247
0.0152165
0.0163134
0.0174022
0.0184735
0.0195028
0.020492
0.0216753
0.0239409
0.0265948
0.0295169
0.0327147
0.0362278
0.0401343
0.044552
0.0496231
0.0556171
0.062749
0.0716465
0.0826047
0.0971155
0.115708
0.141207
0.173368
0.437373
0.197245
0.0617374
0.0177417
0.00586789
0.00289262
0.00175257
0.00130371
0.0010378
0.000915453
0.000856459
0.000857328
0.000894393
0.000966648
0.0010677
0.00119918
0.001361
0.00155577
0.00178541
0.00205272
0.00236014
0.00271031
0.00310565
0.00354857
0.00404145
0.00458664
0.00518645
0.00584294
0.00655769
0.00733178
0.00816565
0.00905837
0.0100075
0.0110086
0.0120559
0.0131426
0.014261
0.0154013
0.0165544
0.017709
0.0188577
0.0199685
0.0210529
0.0223015
0.0243377
0.0266746
0.0292116
0.0319371
0.0348946
0.0381194
0.0417434
0.0458135
0.0506466
0.0562337
0.063362
0.0717352
0.0834161
0.0970733
0.117725
0.138792
0.390905
0.185658
0.0660568
0.0207402
0.00683832
0.00298396
0.0016375
0.00113243
0.000873892
0.000761821
0.000719286
0.000732597
0.0007814
0.000862635
0.000971663
0.00110983
0.00127789
0.00147856
0.00171425
0.00198801
0.00230271
0.00266132
0.00306672
0.00352173
0.00402909
0.0045915
0.00521145
0.0058912
0.00663239
0.00743609
0.00830273
0.00923002
0.0102152
0.011254
0.0123407
0.0134688
0.0146308
0.0158172
0.0170203
0.0182303
0.0194374
0.0206068
0.0217588
0.0230451
0.0249063
0.0269985
0.0292397
0.0316077
0.0341468
0.0368676
0.0399039
0.0432512
0.0472327
0.0517311
0.0575562
0.0641626
0.0737048
0.0841528
0.101003
0.115499
0.360499
0.177122
0.0699506
0.0241394
0.00822489
0.00335235
0.00167998
0.0010709
0.000791564
0.000675686
0.000639301
0.00065931
0.000716046
0.00080466
0.000921306
0.00106707
0.0012432
0.00145256
0.00169791
0.00198261
0.00230987
0.00268303
0.00310527
0.00357973
0.00410939
0.00469709
0.00534541
0.00605662
0.0068323
0.00767337
0.00857985
0.009548
0.0105751
0.0116566
0.0127867
0.0139586
0.015165
0.0163963
0.0176458
0.0189044
0.020154
0.0213683
0.0225687
0.0238739
0.0255967
0.0274935
0.0294985
0.0315846
0.0337958
0.0361279
0.0387116
0.0415147
0.0448501
0.0485499
0.0533927
0.0587417
0.066658
0.0749209
0.0888294
0.0992695
0.340228
0.170763
0.0733471
0.0277489
0.00998165
0.00397782
0.00187161
0.0011018
0.000773795
0.000640694
0.000601934
0.000624129
0.000686153
0.000781205
0.000905519
0.00105985
0.00124572
0.00146611
0.0017241
0.00202331
0.00236729
0.00275964
0.00320383
0.00370319
0.00426084
0.00487967
0.00556222
0.00631073
0.00712661
0.0080106
0.00896167
0.00997514
0.0110482
0.0121758
0.013352
0.0145696
0.0158209
0.0170962
0.0183893
0.019689
0.0209709
0.0222202
0.0234545
0.0247652
0.0263749
0.0281104
0.0299207
0.0317767
0.0337215
0.0357426
0.0379655
0.0403433
0.0431728
0.0462651
0.0503499
0.0547711
0.0614387
0.0681531
0.0797982
0.087629
0.326536
0.166004
0.0762211
0.0313968
0.012055
0.00485273
0.00221274
0.00122048
0.000813077
0.000648511
0.000599311
0.000619609
0.000684785
0.000785619
0.00091781
0.00108167
0.00127878
0.00151224
0.00178537
0.00210204
0.00246609
0.00288136
0.00335151
0.00387998
0.00446996
0.00512433
0.00584552
0.00663569
0.00749604
0.00842709
0.00942596
0.010488
0.0116098
0.0127861
0.0140101
0.0152742
0.0165705
0.0178886
0.019223
0.0205545
0.0218628
0.0231388
0.0243957
0.0257018
0.0272158
0.0288146
0.0304596
0.0321221
0.0338437
0.035608
0.0375341
0.0395684
0.0419904
0.044605
0.0480909
0.0518044
0.0574993
0.0630762
0.072975
0.0790546
0.317206
0.162446
0.0785867
0.0349333
0.0143778
0.0059719
0.00270674
0.00143174
0.000908458
0.000696045
0.000627805
0.000641976
0.000708246
0.000814246
0.000954542
0.00112881
0.00133852
0.00158686
0.00187729
0.00221395
0.00260088
0.00304213
0.00354147
0.00410244
0.00472821
0.00542158
0.00618483
0.00702003
0.00792811
0.00890939
0.00995819
0.011071
0.0122436
0.0134699
0.0147426
0.0160535
0.0173943
0.0187538
0.0201245
0.0214809
0.0228111
0.0241064
0.0253763
0.0266701
0.0281006
0.0295803
0.0310814
0.0325766
0.0341064
0.0356523
0.0373278
0.0390765
0.0411614
0.0433892
0.0463909
0.0495482
0.0544724
0.0591863
0.0677245
0.0725785
0.310816
0.159807
0.0804878
0.0382371
0.0168691
0.00732375
0.0033602
0.00174461
0.00106412
0.000784005
0.000686749
0.000689937
0.000754999
0.000865423
0.00101397
0.00119943
0.00142299
0.00168781
0.00199747
0.0023563
0.00276854
0.00323835
0.00376961
0.00436586
0.00503021
0.00576538
0.00657342
0.00745628
0.00841459
0.00944791
0.0105485
0.0117136
0.012938
0.014215
0.0155366
0.0168939
0.018278
0.0196769
0.021076
0.0224537
0.0238009
0.0251091
0.0263837
0.0276587
0.0290138
0.0303874
0.0317604
0.0331076
0.0344686
0.0358244
0.037283
0.0387882
0.0405879
0.0424941
0.0450958
0.0478039
0.0521064
0.0561457
0.0636091
0.0675704
0.306431
0.157877
0.0819862
0.0412202
0.0194375
0.00888547
0.00418112
0.00216712
0.00128891
0.000916254
0.000777786
0.000764063
0.000825097
0.000938927
0.00109572
0.00129304
0.00153154
0.0018143
0.00214492
0.00252785
0.0029675
0.00346812
0.0040336
0.00466746
0.00537272
0.00615195
0.00700692
0.00793951
0.00894999
0.0100364
0.0111899
0.0124082
0.0136848
0.0150125
0.0163824
0.0177848
0.0192106
0.0206435
0.0220655
0.0234609
0.0248204
0.0261352
0.0274071
0.0286575
0.0299429
0.0312195
0.032476
0.0336896
0.0348991
0.0360858
0.0373532
0.038646
0.0401993
0.0418319
0.0440964
0.0464331
0.0502245
0.0537229
0.0603231
0.0636101
0.303426
0.156499
0.0831517
0.0438299
0.0219886
0.0106204
0.00517264
0.00270856
0.00159343
0.00109961
0.000904612
0.000866495
0.000919879
0.00103568
0.00120047
0.00141015
0.00166456
0.00196658
0.00231969
0.00272846
0.00319739
0.00373075
0.00433244
0.00500587
0.00575393
0.00657905
0.00748266
0.00846655
0.00953065
0.0106706
0.0118775
0.0131491
0.0144777
0.0158553
0.0172724
0.0187182
0.0201823
0.0216418
0.0230835
0.0244926
0.0258594
0.0271746
0.0284368
0.0296576
0.0308764
0.0320629
0.0332115
0.0343022
0.0353734
0.036407
0.0375026
0.0386069
0.0399434
0.0413386
0.0433137
0.0453366
0.0487006
0.051755
0.0576498
0.0604107
0.301376
0.155549
0.084054
0.0460466
0.0244327
0.0124779
0.00632953
0.00337907
0.00198658
0.00134393
0.00107295
0.00100084
0.00104184
0.00115759
0.0013298
0.00155216
0.00182327
0.00214571
0.00252269
0.00295885
0.00345869
0.00402648
0.00466606
0.0053807
0.00617311
0.00704556
0.00799908
0.00903539
0.0101542
0.0113473
0.0126077
0.0139321
0.0153118
0.016738
0.0182003
0.019687
0.0211817
0.022664
0.0241217
0.0255399
0.0269088
0.0282183
0.0294642
0.0306505
0.0318045
0.0329053
0.0339524
0.0349284
0.0358713
0.0367643
0.0377034
0.0386377
0.0397806
0.0409664
0.042689
0.0444419
0.0474423
0.0501246
0.0554331
0.0577723
0.299986
0.154932
0.0847572
0.0478785
0.0266933
0.014396
0.00763554
0.00418503
0.00247855
0.001659
0.00129065
0.00117221
0.00119459
0.00130748
0.0014861
0.00172118
0.00200962
0.00235349
0.00275555
0.00322044
0.00375262
0.00435629
0.00503517
0.00579235
0.00663031
0.00755119
0.00855549
0.00964492
0.0108183
0.0120645
0.0133775
0.0147538
0.0161831
0.0176558
0.0191608
0.0206819
0.022202
0.0237033
0.0251726
0.026595
0.0279603
0.0292578
0.0304812
0.0316282
0.0327179
0.0337359
0.034686
0.0355535
0.036376
0.0371382
0.0379329
0.038712
0.0396797
0.0406781
0.0421773
0.0436943
0.0463806
0.0487459
0.0535585
0.055552
0.299055
0.154568
0.0853166
0.0493552
0.0287127
0.0163063
0.00906193
0.00512654
0.00307917
0.00205359
0.0015676
0.00138728
0.0013829
0.0014891
0.00167254
0.00192006
0.00222622
0.00259234
0.0030205
0.00351529
0.00408102
0.00472178
0.0054411
0.00624185
0.00712621
0.00809624
0.00915181
0.0102947
0.0115219
0.0128204
0.014185
0.0156116
0.0170883
0.0186049
0.0201465
0.021696
0.0232376
0.0247533
0.0262291
0.0276504
0.0290062
0.0302854
0.0314799
0.0325829
0.0336076
0.0345445
0.0354009
0.0361645
0.0368729
0.0375122
0.0381724
0.0388081
0.0396159
0.0404448
0.0417439
0.043052
0.0454632
0.0475543
0.051941
0.0536462
0.298442
0.154397
0.0857773
0.0505202
0.0304554
0.0181404
0.0105679
0.00619493
0.00379496
0.00253774
0.00191244
0.00165447
0.00161275
0.00170709
0.00189304
0.00215232
0.00247629
0.00286528
0.00332038
0.00384601
0.00444628
0.00512507
0.00588568
0.00673071
0.007662
0.00868154
0.00978849
0.0109847
0.0122643
0.013614
0.0150283
0.0165031
0.0180243
0.0195789
0.0211511
0.0227246
0.0242829
0.0258078
0.0272848
0.0286988
0.0300389
0.0312933
0.0324527
0.033507
0.0344652
0.0353217
0.0360864
0.0367497
0.0373489
0.0378718
0.0384058
0.0389083
0.0395686
0.0402427
0.041361
0.0424822
0.0446495
0.0465005
0.0505163
0.0519779
0.298046
0.154368
0.0861739
0.0514236
0.0319083
0.0198365
0.012103
0.0073711
0.00462701
0.00311991
0.0023343
0.0019825
0.00189142
0.00196707
0.00215227
0.00242211
0.00276368
0.00317589
0.00365852
0.00421571
0.00485124
0.00556874
0.00637121
0.00726089
0.00823925
0.0093083
0.0104663
0.0117155
0.0130453
0.0144443
0.0159061
0.0174262
0.0189855
0.0205723
0.0221705
0.023763
0.0253326
0.026861
0.0283329
0.0297334
0.0310511
0.0322741
0.033392
0.0343926
0.0352823
0.0360583
0.0367327
0.0372983
0.0377923
0.0382042
0.0386192
0.038997
0.0395207
0.0400527
0.0410063
0.0419589
0.0439077
0.0455463
0.049235
0.0504888
0.2978
0.154442
0.0865317
0.0521172
0.0330781
0.0213452
0.0136112
0.00862499
0.00556889
0.00380521
0.00284184
0.00237982
0.00222717
0.00227556
0.00245563
0.00273419
0.00309273
0.00352825
0.00403874
0.00462795
0.0052992
0.00605579
0.00690033
0.00783468
0.00885985
0.00997799
0.0111863
0.012487
0.0138648
0.0153108
0.0168169
0.0183749
0.0199677
0.0215819
0.0232008
0.0248066
0.0263814
0.0279068
0.029367
0.030747
0.0320354
0.0332201
0.0342902
0.0352322
0.0360507
0.0367454
0.0373301
0.0378
0.0381922
0.0384979
0.0388
0.039061
0.0394574
0.0398584
0.040661
0.0414608
0.0432122
0.0446617
0.0480587
0.0491346
0.297654
0.154587
0.0868679
0.0526496
0.0339874
0.0226333
0.0150363
0.00991666
0.00660494
0.00459351
0.00344158
0.00285453
0.002628
0.00264017
0.00280917
0.00309382
0.00346825
0.00392685
0.00446524
0.00508666
0.00579378
0.00658949
0.00747597
0.00845462
0.0095259
0.0106923
0.0119498
0.0132992
0.0147227
0.0162109
0.0177556
0.0193469
0.020968
0.0226041
0.0242377
0.0258503
0.0274237
0.0289391
0.0303804
0.0317327
0.0329845
0.0341238
0.0351396
0.0360178
0.0367623
0.0373743
0.0378696
0.0382453
0.0385386
0.0387424
0.0389373
0.0390883
0.0393662
0.0396461
0.0403099
0.0409706
0.0425425
0.0438227
0.0469572
0.0478805
0.297576
0.154779
0.0871933
0.0530638
0.0346694
0.0236855
0.0163279
0.011199
0.00770961
0.00547762
0.00413625
0.00341315
0.00310113
0.0030682
0.00322024
0.00350667
0.00389539
0.00437646
0.0049425
0.005596
0.00633882
0.00717335
0.00810125
0.00912338
0.0102396
0.011453
0.0127581
0.0141517
0.0156158
0.0171419
0.0187203
0.0203398
0.0219835
0.0236351
0.0252767
0.0268892
0.0284538
0.0299515
0.0313663
0.0326831
0.0338907
0.0349774
0.0359324
0.0367416
0.0374086
0.0379364
0.0383421
0.0386248
0.0388219
0.0389276
0.0390207
0.0390684
0.0392356
0.0394037
0.0399398
0.0404736
0.0418815
0.0430097
0.0459065
0.0466992
0.297541
0.155
0.0875136
0.0533958
0.0351631
0.0245035
0.0174459
0.012422
0.00884793
0.00644174
0.00492304
0.00405932
0.00365246
0.00356576
0.00369489
0.00397955
0.00438015
0.00488193
0.00547509
0.00616023
0.00693826
0.00781093
0.00877929
0.00984366
0.0110032
0.01226
0.0136097
0.0150427
0.0165432
0.0181023
0.019709
0.0213509
0.0230105
0.0246709
0.0263131
0.0279177
0.0294655
0.0309375
0.0323174
0.0335907
0.0347462
0.0357729
0.0366604
0.0373954
0.0379815
0.0384231
0.0387388
0.0389297
0.039033
0.0390445
0.0390408
0.0389916
0.0390558
0.0391208
0.0395393
0.0399577
0.0412154
0.042207
0.0448872
0.0455691
0.297533
0.155235
0.0878311
0.0536739
0.0355089
0.0251035
0.0183646
0.0135375
0.00997765
0.00746091
0.00579201
0.00479215
0.00428533
0.00413758
0.004238
0.00451715
0.00492748
0.00544868
0.00606794
0.00678374
0.00759579
0.00850511
0.00951209
0.0106164
0.0118166
0.0131139
0.0145043
0.0159717
0.0175037
0.0190903
0.0207192
0.0223767
0.0240452
0.0257066
0.0273415
0.0289299
0.0304523
0.0318899
0.0332263
0.0344475
0.0355429
0.036502
0.0373154
0.0379709
0.0384724
0.038826
0.0390513
0.0391513
0.0391632
0.0390843
0.038989
0.0388491
0.0388178
0.0387882
0.0390987
0.0394124
0.0405324
0.0414015
0.0438835
0.0444724
0.297542
0.155474
0.0881457
0.0539195
0.0357451
0.0255122
0.0190737
0.0145047
0.0110527
0.00850145
0.00672484
0.00560468
0.00499915
0.00478596
0.00485284
0.00512293
0.00554084
0.00608009
0.00672431
0.00746954
0.00831413
0.00925825
0.0103016
0.0114431
0.0126807
0.014015
0.0154407
0.0169377
0.0184956
0.0201033
0.0217475
0.0234135
0.0250829
0.026737
0.0283558
0.029919
0.031407
0.032801
0.034085
0.0352454
0.0362722
0.0371562
0.037889
0.0384596
0.038873
0.0391366
0.0392711
0.0392813
0.0392043
0.0390389
0.038857
0.0386329
0.0385134
0.0383977
0.0386095
0.0388288
0.0398227
0.0405823
0.0428828
0.0433952
0.29756
0.155711
0.0884561
0.0541476
0.0359054
0.0257629
0.019578
0.015294
0.0120277
0.0095229
0.00769454
0.00648248
0.00578794
0.00550947
0.00554005
0.00579841
0.00622212
0.00677823
0.00744633
0.00821971
0.00909515
0.0100719
0.0111489
0.0123244
0.0135956
0.0149631
0.0164178
0.0179387
0.0195162
0.021138
0.02279
0.0244563
0.0261181
0.0277559
0.0293494
0.0308779
0.0323218
0.0336626
0.0348847
0.0359753
0.0369254
0.0377266
0.0383722
0.0388529
0.0391747
0.0393464
0.0393898
0.0393115
0.0391483
0.0389005
0.0386375
0.0383356
0.0381355
0.037942
0.0380644
0.0381993
0.039078
0.0397406
0.0418744
0.0423256
0.297582
0.15594
0.0887603
0.0543679
0.0360182
0.025891
0.0198951
0.0158896
0.0128629
0.0104813
0.00866624
0.00740295
0.00663896
0.00630162
0.00629648
0.00654211
0.00697078
0.00754311
0.00823434
0.00903471
0.00993931
0.0109463
0.012054
0.0132599
0.0145605
0.0159569
0.0174333
0.0189719
0.0205618
0.0221902
0.0238417
0.0254995
0.0271444
0.0287563
0.0303145
0.0317983
0.033188
0.0344657
0.0356165
0.0366282
0.037493
0.038204
0.038756
0.0391419
0.0393689
0.0394472
0.0393994
0.0392341
0.0389877
0.0386619
0.0383233
0.0379505
0.0376775
0.0374148
0.0374569
0.0375173
0.0382914
0.0388687
0.04085
0.0412544
0.297606
0.156158
0.0890563
0.0545863
0.0361055
0.025931
0.0200517
0.0162904
0.0135282
0.0113334
0.0095993
0.00833542
0.00753181
0.00714966
0.00711403
0.00734856
0.00778286
0.0083718
0.00908613
0.0099128
0.0108451
0.0118801
0.0130152
0.0142475
0.0155729
0.0169923
0.0184838
0.0200329
0.0216276
0.023254
0.024896
0.026536
0.0281542
0.02973
0.0312425
0.0326711
0.0339963
0.0352008
0.0362704
0.0371941
0.0379654
0.0385788
0.0390313
0.0393178
0.039447
0.0394305
0.0392921
0.0390416
0.0387155
0.0383163
0.0379083
0.0374716
0.0371336
0.0368105
0.0367814
0.0367773
0.0374571
0.0379607
0.0398023
0.0401737
0.297629
0.156365
0.0893421
0.0548054
0.0361835
0.0259139
0.0200799
0.0165088
0.0140066
0.0120416
0.0104507
0.00924249
0.00843828
0.00803363
0.00797853
0.00820718
0.00865003
0.00925754
0.00999607
0.0108492
0.0118082
0.0128691
0.0140286
0.0152832
0.0166286
0.0180639
0.0195638
0.0211157
0.0227069
0.0243224
0.0259453
0.0275574
0.0291384
0.0306675
0.0321236
0.0334861
0.0347362
0.0358572
0.0368358
0.0376626
0.0383322
0.0388412
0.0391885
0.0393716
0.0394005
0.0392885
0.0390602
0.0387271
0.038325
0.0378578
0.0373865
0.0368934
0.0364986
0.0361242
0.0360333
0.0359747
0.0365702
0.0370114
0.0387259
0.0390771
0.29765
0.156558
0.0896164
0.0550259
0.0362634
0.0258657
0.0200133
0.0165676
0.0142954
0.0125777
0.0111794
0.0100826
0.00932322
0.00892615
0.00886896
0.00910135
0.0095586
0.0101887
0.0109542
0.0118351
0.0128208
0.0139062
0.0150874
0.0163604
0.0177207
0.0191645
0.0206656
0.0222124
0.0237911
0.0253862
0.0269801
0.0285538
0.0300868
0.0315581
0.0329466
0.0342321
0.0353963
0.0364235
0.0373016
0.0380226
0.0385829
0.038981
0.0392181
0.0392941
0.039221
0.0390134
0.0386966
0.0382838
0.0378102
0.0372806
0.0367531
0.0362114
0.0357684
0.0353518
0.0352088
0.0351056
0.035627
0.0360168
0.0376161
0.0379597
0.297669
0.156739
0.0898782
0.0552472
0.0363518
0.025807
0.0198839
0.0164968
0.0144054
0.0129266
0.0117509
0.0108139
0.0101465
0.00979306
0.00975729
0.0100078
0.0104887
0.0111481
0.0119453
0.0128572
0.013871
0.0149804
0.0161812
0.0174689
0.0188397
0.0202843
0.0217792
0.0233124
0.0248695
0.0264343
0.0279886
0.0295131
0.030987
0.0323892
0.0336989
0.0348964
0.0359641
0.0368874
0.0376558
0.0382628
0.0387066
0.038988
0.0391104
0.0390767
0.0389004
0.0385978
0.0381948
0.037706
0.0371658
0.0365802
0.0360036
0.0354217
0.0349393
0.0344902
0.0343046
0.0341671
0.0346246
0.0349739
0.0364696
0.0368173
0.297685
0.156907
0.090127
0.0554679
0.0364521
0.0257526
0.0197203
0.0163296
0.0143585
0.0130872
0.0121411
0.0113984
0.0108665
0.0105952
0.0106091
0.0108968
0.0114142
0.0121121
0.0129483
0.0138964
0.0149413
0.0160757
0.0172951
0.0185947
0.0199717
0.0214099
0.0228912
0.0244024
0.0259286
0.027453
0.0289573
0.0304216
0.0318252
0.033147
0.0343667
0.0354653
0.0364261
0.0372359
0.0378858
0.038371
0.0386919
0.0388516
0.038856
0.0387108
0.0384311
0.0380349
0.0375487
0.0369884
0.0363874
0.0357527
0.0351349
0.0345214
0.0340089
0.033537
0.0333188
0.0331573
0.0335609
0.0338805
0.0352838
0.035647
0.297699
0.157063
0.0903627
0.0556866
0.036565
0.0257127
0.0195456
0.0160988
0.0141846
0.0130722
0.0123394
0.0118067
0.0114437
0.0112911
0.0113853
0.0117324
0.0123024
0.013051
0.0139358
0.0149274
0.0160087
0.0171711
0.0184095
0.0197194
0.0210975
0.0225243
0.023985
0.0254659
0.0269519
0.0284261
0.0298697
0.031263
0.0325851
0.0338156
0.0349344
0.0359236
0.0367677
0.037455
0.0379783
0.038335
0.0385277
0.0385617
0.0384457
0.0381881
0.0378061
0.0373188
0.0367534
0.0361269
0.0354716
0.0347952
0.0341445
0.0335086
0.0329755
0.0324908
0.0322501
0.0320748
0.0324346
0.0327351
0.0340572
0.0344465
0.297711
0.157208
0.0905856
0.0559017
0.0366899
0.0256929
0.0193777
0.0158342
0.0139173
0.0129055
0.0123499
0.0120215
0.0118459
0.0118412
0.0120447
0.012475
0.0131155
0.0139291
0.0148741
0.015919
0.017044
0.0182392
0.0194991
0.0208192
0.0221948
0.0236059
0.0250397
0.0264828
0.02792
0.0293343
0.0307072
0.0320188
0.0332489
0.0343773
0.035385
0.0362549
0.0369733
0.03753
0.0379198
0.0381423
0.0382025
0.0381082
0.0378708
0.0375015
0.0370191
0.0364444
0.0358048
0.0351184
0.0344161
0.0337062
0.0330315
0.0323825
0.0318387
0.0313513
0.0310981
0.0309194
0.0312456
0.0315375
0.032789
0.0332144
0.29772
0.157344
0.0907961
0.056112
0.0368249
0.0256957
0.0192288
0.0155609
0.0135905
0.0126187
0.0121898
0.0120398
0.0120516
0.012212
0.012548
0.0130834
0.0138126
0.0147061
0.0157243
0.0168337
0.0180119
0.019247
0.0205329
0.0218649
0.0232365
0.0246288
0.0260306
0.0274292
0.0288096
0.0301553
0.031448
0.0326682
0.0337963
0.0348129
0.0357
0.036442
0.0370266
0.0374458
0.0376964
0.0377805
0.0377054
0.0374818
0.0371235
0.0366444
0.0360653
0.0354081
0.0347006
0.0339614
0.0332201
0.0324855
0.0317961
0.0311438
0.0305992
0.0301194
0.0298639
0.029692
0.0299945
0.0302878
0.0314792
0.0319501
0.297728
0.15747
0.0909948
0.0563164
0.0369679
0.025721
0.0191066
0.0152984
0.0132351
0.0122471
0.0118874
0.0118734
0.0120534
0.0123802
0.0128617
0.0135187
0.0143521
0.0153394
0.0164436
0.0176296
0.0188718
0.0201557
0.021474
0.0228218
0.0241901
0.0255621
0.0269285
0.0282772
0.0295943
0.0308638
0.0320679
0.033188
0.0342053
0.0351014
0.0358598
0.0364663
0.0369107
0.037187
0.0372944
0.0372376
0.0370263
0.0366739
0.0361969
0.0356119
0.0349412
0.0342079
0.0334398
0.0326561
0.0318848
0.0311348
0.0304404
0.0297946
0.0292594
0.0287971
0.0285495
0.0283943
0.0286829
0.0289874
0.0301289
0.0306539
0.297734
0.157588
0.0911825
0.0565142
0.0371165
0.0257673
0.0190148
0.0150605
0.0128771
0.0118258
0.0114777
0.011547
0.0118592
0.0123363
0.0129627
0.0137486
0.0146962
0.0157876
0.0169884
0.0182619
0.0195791
0.0209218
0.0222808
0.0236503
0.0250181
0.0263706
0.0276998
0.0289953
0.0302441
0.0314312
0.03254
0.0335528
0.034452
0.0352206
0.0358437
0.0363091
0.0366086
0.0367385
0.0367007
0.0365024
0.036156
0.0356776
0.0350862
0.0344008
0.0336453
0.0328438
0.0320237
0.0312048
0.0304131
0.0296576
0.0289682
0.028339
0.027823
0.0273883
0.0271582
0.0270293
0.0273136
0.0276385
0.0287399
0.0293267
0.297738
0.157698
0.0913601
0.0567051
0.0372685
0.0258319
0.018954
0.0148557
0.0125369
0.0113865
0.0109984
0.0110947
0.0114911
0.0120865
0.0128416
0.0137516
0.0148144
0.0160139
0.0173172
0.0186863
0.0200878
0.0214992
0.0229079
0.0243066
0.0256791
0.027015
0.0283077
0.0295485
0.0307261
0.0318268
0.0328353
0.0337356
0.0345113
0.0351474
0.0356308
0.0359514
0.0361034
0.0360858
0.0359031
0.0355652
0.0350872
0.0344878
0.0337883
0.0330102
0.0321786
0.0313182
0.0304563
0.0296123
0.0288106
0.0280598
0.0273856
0.0267828
0.0262958
0.025898
0.025695
0.0256013
0.0258905
0.0262443
0.0273149
0.0279703
0.297742
0.157802
0.0915283
0.0568888
0.037422
0.0259118
0.0189227
0.0146883
0.0122285
0.0109554
0.0104857
0.0105559
0.0109827
0.011652
0.0125049
0.0135204
0.0146882
0.0159906
0.0173954
0.0188624
0.020354
0.0218419
0.0233089
0.0247446
0.026129
0.0274531
0.0287122
0.0298993
0.0310051
0.0320176
0.0329235
0.0337082
0.0343576
0.0348585
0.0352001
0.0353748
0.0353795
0.0352159
0.0348913
0.0344183
0.0338148
0.0331019
0.0323032
0.0314422
0.030545
0.0296368
0.0287442
0.0278865
0.0270857
0.0263501
0.0257011
0.0251343
0.0246856
0.0243335
0.0241662
0.0241161
0.0244186
0.024809
0.0258575
0.0265871
0.297744
0.157901
0.091688
0.0570655
0.0375754
0.026004
0.0189182
0.0145592
0.0119605
0.0105523
0.00997107
0.0099702
0.0103747
0.0110668
0.0119752
0.0130643
0.0143143
0.0157036
0.0171991
0.0187587
0.0203397
0.0219076
0.023439
0.0249191
0.026323
0.0276418
0.0288722
0.0300091
0.031045
0.0319703
0.0327735
0.0334425
0.0339653
0.0343312
0.0345319
0.0345627
0.0344232
0.034118
0.0336574
0.033057
0.032337
0.0315209
0.0306344
0.0297026
0.0287522
0.0278089
0.0268981
0.0260385
0.0252498
0.02454
0.023926
0.0234042
0.0230023
0.0227039
0.0225802
0.0225808
0.0229044
0.0233381
0.0243725
0.0251806
0.297746
0.157994
0.09184
0.0572353
0.0377274
0.0261054
0.0189369
0.0144666
0.0117369
0.0101905
0.00947989
0.0093741
0.00971019
0.0103738
0.0112886
0.0124092
0.0137068
0.0151554
0.0167201
0.0183566
0.0200179
0.0216625
0.0232597
0.0247887
0.0262191
0.0275397
0.0287478
0.0298399
0.0308104
0.0316519
0.0323555
0.0329116
0.0333107
0.0335449
0.033609
0.033501
0.0332236
0.0327848
0.0321976
0.0314804
0.030656
0.0297499
0.0287895
0.0278013
0.0268123
0.0258479
0.0249323
0.0240834
0.0233184
0.0226446
0.0220747
0.0216061
0.0212585
0.0210205
0.020947
0.0210044
0.0213557
0.021838
0.0228655
0.0237551
0.297747
0.158082
0.0919851
0.0573984
0.0378771
0.0262134
0.018975
0.0144075
0.011558
0.00987761
0.00903017
0.00879772
0.0090296
0.00961904
0.0104908
0.011595
0.0128971
0.0143669
0.0159681
0.0176551
0.0193771
0.0210861
0.0227433
0.0243206
0.0257819
0.0271105
0.0283031
0.0293572
0.0302688
0.0310328
0.0316427
0.0320917
0.0323733
0.0324827
0.0324176
0.0321796
0.0317745
0.0312135
0.0305126
0.0296928
0.0287792
0.0277994
0.0267817
0.0257537
0.0247423
0.0237722
0.0228661
0.0220406
0.0213106
0.0206824
0.020165
0.0197565
0.0194693
0.0192968
0.019279
0.0193975
0.0197818
0.0203168
0.0213433
0.0223157
0.297748
0.158167
0.092124
0.0575553
0.0380239
0.026326
0.0190288
0.0143777
0.0114216
0.00961625
0.00863307
0.00826355
0.00836752
0.00884697
0.00963156
0.0106717
0.0119308
0.0133768
0.0149728
0.0166733
0.0184254
0.0201758
0.0218781
0.0234956
0.024987
0.0263269
0.0275101
0.0285334
0.029394
0.0300887
0.0306135
0.0309644
0.031138
0.0311329
0.03095
0.0305945
0.0300756
0.0294075
0.0286094
0.0277048
0.0267207
0.0256861
0.0246303
0.0235811
0.022565
0.0216055
0.0207235
0.0199343
0.0192499
0.0186761
0.0182182
0.017875
0.0176528
0.0175491
0.0175903
0.0177724
0.0181938
0.0187834
0.0198139
0.0208685
0.297749
0.158249
0.0922574
0.0577065
0.0381675
0.0264411
0.0190949
0.0143728
0.0113238
0.00940551
0.00829381
0.00778628
0.00775042
0.00809604
0.00875908
0.00969337
0.0108635
0.0122381
0.0137818
0.0154509
0.0171927
0.0189509
0.0206727
0.0223134
0.0238265
0.0251762
0.026353
0.0273517
0.0281697
0.0288047
0.0292551
0.0295195
0.0295978
0.0294918
0.0292062
0.0287495
0.0281344
0.0273783
0.0265031
0.0255347
0.0245017
0.023434
0.0223614
0.0213114
0.0203093
0.0193774
0.0185342
0.0177933
0.0171644
0.0166522
0.0162591
0.0159846
0.0158297
0.0157958
0.0158975
0.0161435
0.016604
0.0172485
0.0182863
0.0194207
0.297749
0.158328
0.0923862
0.0578524
0.0383074
0.0265575
0.0191704
0.0143886
0.0112598
0.00924199
0.0080129
0.00737346
0.00719601
0.00739605
0.00791523
0.00871196
0.00975413
0.0110132
0.0124572
0.0140463
0.0157307
0.0174541
0.0191597
0.0207963
0.0223137
0.0236645
0.0248331
0.0258108
0.0265932
0.0271784
0.0275663
0.027758
0.0277563
0.0275664
0.0271964
0.0266583
0.0259683
0.0251467
0.024218
0.0232099
0.0221522
0.0210755
0.020009
0.0189796
0.0180109
0.0171233
0.0163329
0.0156514
0.0150861
0.014641
0.0143159
0.014111
0.0140235
0.0140579
0.0142192
0.014527
0.0150266
0.0157238
0.0167709
0.0179803
0.297749
0.158405
0.0925107
0.0579935
0.0384439
0.0266741
0.0192528
0.0144209
0.0112246
0.00912079
0.00778751
0.00702694
0.00671384
0.00676707
0.00713236
0.00777219
0.00865836
0.00976621
0.0110686
0.0125312
0.0141094
0.0157501
0.0173961
0.0189922
0.0204864
0.0218214
0.0229736
0.023929
0.0246802
0.0252244
0.025562
0.0256958
0.0256313
0.0253767
0.0249435
0.024347
0.0236064
0.0227448
0.0217889
0.0207677
0.0197118
0.0186514
0.0176149
0.0166278
0.0157115
0.0148841
0.0141592
0.0135464
0.013051
0.012676
0.0124196
0.0122828
0.0122598
0.0123584
0.0125756
0.0129405
0.0134771
0.0142226
0.0152788
0.0165564
0.297749
0.15848
0.0926319
0.0581303
0.0385768
0.0267901
0.0193399
0.0144662
0.0112132
0.00903633
0.00761265
0.00674429
0.00630664
0.0062199
0.00643197
0.00690802
0.00762306
0.00855628
0.00968556
0.0109827
0.0124103
0.013921
0.0154607
0.0169736
0.0184088
0.0197024
0.0208225
0.0217486
0.0224687
0.0229779
0.023276
0.0233667
0.0232574
0.022959
0.0224857
0.0218558
0.0210912
0.0202174
0.0192624
0.0182562
0.0172293
0.0162111
0.0152283
0.0143043
0.0134581
0.0127051
0.0120562
0.0115191
0.0110971
0.0107927
0.010603
0.0105298
0.0105659
0.0107217
0.0109887
0.0114033
0.0119723
0.0127592
0.0138226
0.015159
0.297749
0.158554
0.0927501
0.0582634
0.0387065
0.0269049
0.0194302
0.0145216
0.0112213
0.00898291
0.00748222
0.00652031
0.00597206
0.00575758
0.00582523
0.00614129
0.00668266
0.00743136
0.00836953
0.00947497
0.0107175
0.0120575
0.013447
0.0148332
0.0161688
0.0173887
0.0184539
0.019337
0.0200209
0.0204972
0.0207639
0.0208249
0.0206884
0.0203671
0.0198776
0.0192404
0.0184795
0.0176219
0.0166966
0.0157336
0.0147625
0.0138111
0.012904
0.0120618
0.0113009
0.0106336
0.0100684
0.00961092
0.0092631
0.00902682
0.00889905
0.00888251
0.00896957
0.00917302
0.00948097
0.00993534
0.0105299
0.0113487
0.0124156
0.013799
0.297749
0.158627
0.0928661
0.0583932
0.0388331
0.0270182
0.0195224
0.0145843
0.0112446
0.0089551
0.00738973
0.00634825
0.00570439
0.00537726
0.00531455
0.00548232
0.00585791
0.00642481
0.00716806
0.0080702
0.00910775
0.0102489
0.0114534
0.0126747
0.0138712
0.0149825
0.0159652
0.0167862
0.0174234
0.0178641
0.018104
0.0181457
0.0179977
0.0176733
0.0171906
0.0165716
0.0158414
0.0150276
0.0141594
0.0132659
0.0123752
0.0115125
0.0106998
0.00995455
0.00929009
0.00871607
0.00823845
0.0078612
0.00758516
0.00741196
0.00733888
0.00736963
0.00749741
0.00773676
0.00807474
0.00855671
0.00916785
0.0100072
0.0110716
0.0124879
0.297749
0.1587
0.0929804
0.0585205
0.038957
0.0271299
0.0196156
0.0146525
0.01128
0.00894799
0.00732887
0.00622078
0.005496
0.00507223
0.00489586
0.00493185
0.00515691
0.00555468
0.00611162
0.00681339
0.00764168
0.00857168
0.00957103
0.0106007
0.0116263
0.0125973
0.0134693
0.0142064
0.0147823
0.0151807
0.0153942
0.0154236
0.0152764
0.014966
0.0145106
0.0139326
0.0132574
0.0125121
0.0117251
0.0109235
0.0101331
0.00937615
0.00867134
0.00803302
0.0074714
0.00699354
0.00660334
0.00630339
0.00609385
0.00597633
0.00594883
0.00601608
0.00617292
0.00643516
0.00679081
0.00728676
0.0079039
0.0087503
0.00980487
0.0112379
0.29775
0.158772
0.0930936
0.0586455
0.0390785
0.0272399
0.019709
0.0147245
0.0113244
0.0089573
0.00729384
0.00613065
0.00533853
0.00483367
0.00456092
0.00448374
0.00457757
0.00482532
0.00521362
0.00572976
0.00635881
0.00708134
0.00787193
0.00869918
0.00953571
0.0103439
0.0110824
0.0117152
0.0122144
0.0125611
0.0127453
0.0127655
0.0126276
0.012344
0.0119322
0.0114136
0.0108127
0.0101554
0.0094676
0.00877417
0.00809749
0.00745662
0.00686668
0.00633889
0.0058807
0.00549692
0.00518986
0.00496107
0.00481045
0.00473968
0.00474781
0.00484036
0.00501438
0.00528639
0.00564695
0.00614275
0.00675438
0.00759352
0.0086294
0.0100613
0.29775
0.158846
0.0932061
0.058769
0.039198
0.0273484
0.0198024
0.014799
0.0113757
0.00897942
0.00727951
0.00607114
0.0052237
0.00465196
0.00429927
0.00412752
0.00411071
0.00423052
0.00447305
0.00482603
0.00527645
0.00580852
0.0064022
0.00703271
0.00767862
0.00831545
0.00890756
0.00942225
0.00983244
0.0101184
0.0102686
0.0102797
0.0101555
0.00990667
0.00954892
0.00910197
0.00858807
0.00803056
0.00745245
0.00687519
0.00631757
0.00579507
0.00531949
0.00489916
0.00453924
0.00424279
0.00401104
0.00384486
0.00374419
0.00371082
0.00374487
0.00385239
0.00403279
0.00430269
0.00465632
0.00513862
0.00573333
0.00655076
0.00755844
0.00897029
0.297751
0.15892
0.0933186
0.0588915
0.0393159
0.0274555
0.0198954
0.0148753
0.011432
0.00901136
0.0072815
0.00603627
0.00514382
0.00451764
0.00409978
0.00385073
0.00374308
0.00375727
0.0038785
0.00409433
0.00439264
0.00475987
0.00517981
0.00563286
0.00610213
0.00657402
0.00702009
0.0074129
0.00772849
0.00794838
0.00806079
0.00806109
0.00795151
0.00774043
0.00744117
0.00707075
0.00664835
0.00619396
0.00572693
0.00526493
0.00482301
0.0044132
0.00404433
0.00372233
0.00345068
0.00323121
0.00306453
0.00295118
0.00289123
0.00288657
0.00293823
0.00305241
0.00323068
0.00348917
0.00382621
0.00428381
0.00485144
0.00563382
0.00660382
0.00797639
0.297752
0.158995
0.0934316
0.0590134
0.0394327
0.0275614
0.0199879
0.0149526
0.0114919
0.00905076
0.00729618
0.00602091
0.00509204
0.00442199
0.0039517
0.00364052
0.00345986
0.00338906
0.00341244
0.00351716
0.00369141
0.00392302
0.00419834
0.00450159
0.00481916
0.00514501
0.00545772
0.00573587
0.00595993
0.00611414
0.00618781
0.00617602
0.00607971
0.00590511
0.00566284
0.00536671
0.00503236
0.00467591
0.00431282
0.00395692
0.00361974
0.00331029
0.00303495
0.00279789
0.0026014
0.00244664
0.0023339
0.00226359
0.00223598
0.00225292
0.00231606
0.00243139
0.00260211
0.00284334
0.00315739
0.00358239
0.00411518
0.00485148
0.0057753
0.00709065
0.297753
0.159072
0.0935457
0.0591354
0.0395489
0.0276664
0.0200799
0.0150305
0.0115544
0.00909572
0.00732058
0.0060208
0.00506253
0.00435733
0.00384526
0.00348476
0.00324636
0.00310852
0.00305488
0.0030722
0.00314882
0.00327342
0.00343413
0.00361798
0.00381374
0.00401965
0.00422022
0.00439958
0.00454293
0.00463788
0.00467565
0.00465183
0.00456658
0.00442431
0.00423301
0.00400324
0.00374701
0.00347664
0.00320386
0.00293898
0.00269054
0.00246506
0.00226714
0.00209971
0.00196437
0.00186191
0.00179257
0.00175668
0.00175465
0.00178818
0.00185919
0.0019731
0.00213422
0.0023561
0.00264451
0.00303299
0.0035264
0.00420895
0.00507997
0.00632462
0.297754
0.159151
0.0936613
0.0592579
0.0396648
0.0277709
0.0201715
0.0151088
0.0116187
0.00914481
0.00735238
0.00603245
0.00505043
0.00431713
0.00377194
0.00337264
0.00308909
0.00289916
0.00278601
0.00273615
0.00273802
0.00278098
0.00285446
0.00294754
0.00305088
0.00316452
0.00327744
0.00337831
0.00345644
0.00350272
0.00351054
0.00347637
0.00340003
0.00328455
0.00313563
0.00296092
0.00276916
0.00256931
0.00236987
0.00217829
0.00200071
0.00184184
0.00170501
0.0015924
0.00150522
0.00144412
0.00140931
0.00140112
0.00141996
0.00146723
0.00154486
0.00165746
0.00180983
0.00201368
0.00227739
0.00262948
0.00308258
0.00370768
0.00452185
0.0056846
0.297756
0.159232
0.093779
0.0593816
0.0397811
0.0278753
0.020263
0.0151875
0.0116844
0.00919698
0.00738975
0.00605309
0.00505176
0.00429598
0.00372461
0.00329493
0.00297634
0.00274635
0.00258782
0.00248715
0.00243299
0.00241521
0.0024243
0.00245094
0.00248727
0.00253366
0.00258219
0.0026249
0.00265428
0.00266392
0.00264911
0.00260728
0.00253817
0.00244379
0.00232804
0.00219624
0.00205448
0.00190904
0.0017659
0.00163036
0.00150682
0.00139875
0.00130866
0.00123827
0.00118862
0.00116028
0.00115348
0.00116844
0.00120549
0.00126564
0.00135057
0.00146397
0.00161066
0.00180032
0.00204311
0.00236236
0.00277757
0.00334557
0.00410183
0.00517454
0.297758
0.159317
0.0938994
0.0595068
0.0398981
0.0279799
0.0203545
0.0152664
0.0117511
0.00925144
0.00743133
0.00608057
0.00506339
0.00428953
0.00369741
0.00324396
0.0028983
0.00263766
0.00244481
0.00230615
0.00221055
0.00214839
0.00211101
0.0020903
0.00207966
0.00207903
0.00208256
0.00208457
0.00207981
0.00206386
0.00203346
0.00198679
0.00192363
0.00184528
0.00175434
0.00165439
0.0015496
0.0014443
0.00134267
0.00124852
0.00116511
0.00109509
0.00104052
0.00100285
0.000983015
0.000981545
0.000998633
0.00103435
0.00108882
0.00116259
0.00125694
0.00137455
0.00151996
0.0017008
0.00192826
0.00222059
0.00260293
0.00311763
0.00381786
0.00479589
0.297761
0.159404
0.094023
0.0596344
0.0400165
0.0280851
0.0204464
0.0153457
0.0118187
0.00930767
0.00747609
0.00611323
0.00508285
0.0042943
0.00368565
0.00321357
0.00284695
0.00256293
0.0023442
0.0021773
0.0020513
0.00195706
0.00188659
0.00183275
0.0017899
0.00175733
0.00173052
0.00170526
0.00167781
0.00164505
0.00160472
0.00155554
0.00149733
0.0014309
0.00135798
0.00128097
0.00120274
0.00112631
0.00105474
0.00099087
0.000937277
0.000896158
0.000869292
0.000858012
0.000863198
0.000885308
0.000924436
0.000980431
0.0010531
0.00114247
0.00124928
0.00137523
0.00152433
0.00170227
0.00192075
0.0021932
0.00254922
0.00301693
0.00366542
0.00454754
0.297764
0.159496
0.0941504
0.0597647
0.0401366
0.0281914
0.020539
0.0154257
0.0118871
0.00936535
0.00752331
0.00614984
0.00510827
0.0043076
0.00368564
0.00319884
0.00281594
0.00251402
0.00227579
0.00208788
0.00193964
0.0018223
0.00172842
0.00165158
0.00158688
0.00153296
0.00148615
0.00144315
0.00140115
0.00135786
0.00131165
0.00126159
0.00120748
0.00114987
0.00108991
0.00102929
0.000970052
0.000914483
0.000864946
0.000823779
0.000793189
0.000775156
0.000771343
0.000783027
0.000811037
0.000855731
0.000917024
0.000994447
0.00108739
0.00119525
0.00131814
0.00145674
0.00161447
0.00179524
0.00201089
0.00227051
0.00260719
0.00303549
0.00363818
0.00442606
0.297767
0.159592
0.0942822
0.0598984
0.0402591
0.0282993
0.0206326
0.0155064
0.0119565
0.00942428
0.0075725
0.00618949
0.00513822
0.00432738
0.00369454
0.00319595
0.00280029
0.00248457
0.00223155
0.00202798
0.0018634
0.00172938
0.0016189
0.00152609
0.00144657
0.00137845
0.00131856
0.00126417
0.00121304
0.00116338
0.00111393
0.00106395
0.00101327
0.000962272
0.000911799
0.000863139
0.000817923
0.000778038
0.00074554
0.000722548
0.000711143
0.000713251
0.00073052
0.000764207
0.000815075
0.000883321
0.000968579
0.00106994
0.00118623
0.0013161
0.00145891
0.00161434
0.00178513
0.00197364
0.00219173
0.00244469
0.00276844
0.00316507
0.00372859
0.00442596
0.297771
0.159693
0.0944189
0.060036
0.0403844
0.0284092
0.0207277
0.0155883
0.0120268
0.00948441
0.00762333
0.00623154
0.00517165
0.00435207
0.00371014
0.00320199
0.00279617
0.00246968
0.00220532
0.00198994
0.00181327
0.0016671
0.00154476
0.00144076
0.00135107
0.00127341
0.00120491
0.00114321
0.00108638
0.00103295
0.000981854
0.000932517
0.000884796
0.000838999
0.00079586
0.00075651
0.000722428
0.000695388
0.000677384
0.00067053
0.000676946
0.000698617
0.000737237
0.00079405
0.000869709
0.000964153
0.00107659
0.00120549
0.00134893
0.00150464
0.00167113
0.00184704
0.00203444
0.00223438
0.00245879
0.00270977
0.00302573
0.0033977
0.0039284
0.00454011
0.297776
0.159799
0.0945614
0.0601783
0.0405132
0.0285216
0.0208246
0.0156715
0.0120983
0.00954573
0.00767562
0.00627554
0.00520778
0.00438049
0.0037308
0.00321469
0.00280064
0.00246561
0.00219242
0.001968
0.00178223
0.00162708
0.00149612
0.00138414
0.00128732
0.00120311
0.00112885
0.00106238
0.00100197
0.00094635
0.000894614
0.000846286
0.000801298
0.000759994
0.00072313
0.000691861
0.000667716
0.000652548
0.000648469
0.000657741
0.00068264
0.000725285
0.000787442
0.000870315
0.000974352
0.00109908
0.00124306
0.0014039
0.00157869
0.00176406
0.0019575
0.00215666
0.00236298
0.00257649
0.00280938
0.0030612
0.00337281
0.00372592
0.00422908
0.00476019
0.297782
0.159912
0.09471
0.0603256
0.0406459
0.0286369
0.0209236
0.0157564
0.0121711
0.00960829
0.00772923
0.00632116
0.00524604
0.00441176
0.00375526
0.00323236
0.00281146
0.00246949
0.00218928
0.00195781
0.00176505
0.00160312
0.00146575
0.00134792
0.00124596
0.00115712
0.00107889
0.00100923
0.000946592
0.000889808
0.000838125
0.000791188
0.00074905
0.00071218
0.000681475
0.000658255
0.000644243
0.000641524
0.000652461
0.000679577
0.000725386
0.000792183
0.000881789
0.00099528
0.00113273
0.00129302
0.00147375
0.00167139
0.0018817
0.00210004
0.0023228
0.00254666
0.00277262
0.00300004
0.00324167
0.0034952
0.00380406
0.00414091
0.00462201
0.00507707
0.297788
0.16003
0.0948656
0.0604788
0.040783
0.0287555
0.0210251
0.0158432
0.0122454
0.00967211
0.00778406
0.00636814
0.00528598
0.00444519
0.00378252
0.00325367
0.00282692
0.00247916
0.00219321
0.0019561
0.00175784
0.00159064
0.00144838
0.00132613
0.00122033
0.00112813
0.00104709
0.000975317
0.000911365
0.000854209
0.000803242
0.00075827
0.000719527
0.000687695
0.000663915
0.00064979
0.000647361
0.000659061
0.000687615
0.00073589
0.000806692
0.000902483
0.00102506
0.0011752
0.00135234
0.00155432
0.00177746
0.00201664
0.00226606
0.00251962
0.00277261
0.00302093
0.00326539
0.00350512
0.00375386
0.0040081
0.00431408
0.00463508
0.00509823
0.00548125
0.297795
0.160156
0.0950287
0.0606382
0.040925
0.0288778
0.0211293
0.015932
0.0123213
0.00973715
0.00783999
0.00641623
0.00532718
0.00448019
0.00381181
0.00327757
0.00284568
0.00249295
0.00220219
0.00196042
0.0017577
0.00158631
0.00144018
0.00131452
0.00120579
0.0011111
0.00102812
0.000955054
0.000890594
0.00083387
0.000784455
0.00074237
0.000708104
0.000682637
0.000667454
0.000664545
0.00067638
0.000705844
0.000756112
0.000830457
0.000931978
0.00106323
0.00122582
0.0014199
0.00164386
0.00189408
0.00216507
0.00244977
0.00274059
0.00302994
0.00331213
0.00358258
0.00384237
0.00409083
0.00434332
0.0045957
0.00489721
0.00520095
0.00564769
0.00596323
0.297803
0.16029
0.0951999
0.0608043
0.0410721
0.0290039
0.0212363
0.0160227
0.0123986
0.00980327
0.00789677
0.0064651
0.00536922
0.00451621
0.00384241
0.00330319
0.00286666
0.00250955
0.00221463
0.00196893
0.00176251
0.0015877
0.00143848
0.00131015
0.0011992
0.00110275
0.0010186
0.000945064
0.000881
0.000825731
0.000779065
0.000741303
0.000713269
0.000696331
0.000692414
0.000704005
0.000734103
0.000786139
0.000863804
0.000970792
0.00111043
0.00128517
0.00149608
0.00174227
0.00202053
0.00232518
0.00264844
0.00298105
0.0033135
0.00363687
0.00394484
0.00423283
0.00450271
0.00475458
0.00500603
0.00525289
0.00554731
0.00583088
0.00626215
0.00651404
0.297813
0.160432
0.0953795
0.0609774
0.0412244
0.0291336
0.0213458
0.0161152
0.012477
0.00987006
0.00795398
0.00651429
0.00541159
0.00455268
0.00387367
0.00332977
0.00288897
0.00252793
0.00222938
0.0019803
0.00177078
0.00159317
0.0014415
0.00131116
0.00119867
0.00110124
0.00101678
0.000943799
0.000881334
0.000828961
0.000786789
0.000755478
0.000736273
0.000731024
0.000742207
0.000772903
0.000826745
0.00090778
0.00102024
0.00116817
0.00135492
0.00158251
0.00185094
0.00215762
0.00249709
0.00286103
0.00323899
0.00361935
0.00399087
0.00434368
0.00467142
0.00497008
0.005243
0.00549156
0.00573626
0.00597351
0.00625671
0.0065169
0.00693377
0.00712551
0.297823
0.160583
0.0955679
0.0611573
0.0413816
0.0292666
0.0214573
0.0162087
0.0125557
0.00993687
0.00801098
0.00656317
0.00545367
0.00458896
0.00390494
0.00335664
0.00291192
0.00254736
0.00224562
0.00199368
0.00178163
0.00160181
0.00144832
0.00131671
0.00120351
0.00110608
0.0010225
0.000951475
0.00089231
0.000844895
0.000809715
0.000787878
0.000781145
0.000791959
0.00082345
0.000879403
0.000964159
0.00108241
0.00123886
0.0014377
0.00168192
0.00197251
0.00230772
0.00268249
0.00308836
0.00351394
0.00394592
0.0043705
0.00477519
0.00514985
0.0054888
0.00578929
0.00605684
0.0062946
0.00652658
0.00674721
0.00701503
0.00725089
0.00765525
0.00779049
0.297834
0.160742
0.0957649
0.0613436
0.0415427
0.0294016
0.0215695
0.016302
0.0126338
0.0100026
0.00806681
0.0066109
0.00549472
0.00462443
0.00393568
0.00338332
0.00293509
0.00256747
0.00226307
0.00200885
0.0017949
0.00161359
0.0014591
0.00132716
0.00121441
0.00111837
0.00103733
0.000970269
0.00091682
0.000877265
0.000852557
0.000844349
0.000855029
0.000887744
0.000946386
0.00103553
0.00116024
0.0013258
0.00153715
0.0017982
0.00211096
0.00247459
0.00288468
0.00333291
0.00380728
0.00429307
0.00477436
0.00523571
0.00566419
0.00605024
0.00638972
0.00668182
0.00693493
0.00715431
0.00736809
0.00756458
0.00781416
0.00802525
0.00842017
0.00850318
0.297847
0.16091
0.0959698
0.061535
0.0417061
0.0295369
0.0216805
0.0163934
0.0127095
0.010066
0.00812034
0.00665659
0.00553408
0.00465864
0.00396564
0.00340976
0.0029586
0.00258856
0.00228221
0.0020265
0.00181151
0.00162969
0.00147534
0.00134448
0.00123384
0.00114117
0.00106505
0.00100478
0.000960414
0.00093271
0.000923192
0.00093417
0.000968776
0.00103097
0.00112548
0.0012577
0.00143335
0.00165803
0.00193645
0.00227157
0.00266349
0.00310859
0.0035989
0.00412215
0.00466259
0.0052024
0.00572368
0.00621034
0.00665001
0.00703471
0.00736267
0.00763559
0.00786535
0.00805959
0.00824888
0.00841609
0.00864606
0.00883314
0.00922331
0.00925942
0.297859
0.161087
0.0961808
0.0617289
0.041869
0.0296693
0.0217876
0.0164803
0.0127809
0.0101253
0.00817046
0.00669958
0.00557151
0.00469172
0.00399531
0.00343678
0.0029836
0.00261212
0.00230486
0.00204878
0.00183402
0.00165309
0.00150063
0.00137284
0.00126669
0.00118021
0.00111232
0.00106275
0.00103204
0.00102153
0.00103344
0.00107085
0.00113774
0.00123896
0.00138009
0.00156723
0.00180645
0.00210316
0.0024611
0.00288127
0.00336084
0.00389235
0.00446356
0.00505803
0.00565648
0.00623879
0.0067862
0.00728314
0.00771902
0.0080883
0.00839233
0.00863571
0.00883428
0.00899834
0.00915573
0.00929206
0.00950327
0.00966893
0.0100611
0.0100572
0.297872
0.161269
0.0963954
0.0619217
0.042027
0.0297949
0.021887
0.0165599
0.0128457
0.0101794
0.00821673
0.00674014
0.00560794
0.00472519
0.00402675
0.00346694
0.00301314
0.00264166
0.00233502
0.00208023
0.0018675
0.0016895
0.00154141
0.00141955
0.00132123
0.00124484
0.00118969
0.00115604
0.00114502
0.0011587
0.00120007
0.00127309
0.00138265
0.00153448
0.00173486
0.00199025
0.00230651
0.00268802
0.00313649
0.00364982
0.00422113
0.00483842
0.00548489
0.00614024
0.00678261
0.00739082
0.00794665
0.00843639
0.00885229
0.00919198
0.00946042
0.00966531
0.00982689
0.00995375
0.0100777
0.0101837
0.0103795
0.0105286
0.0109321
0.010897
0.297882
0.161457
0.096609
0.0621079
0.0421744
0.0299084
0.0219748
0.0166295
0.012903
0.0102285
0.00826054
0.0067807
0.00564669
0.00476318
0.0040648
0.00350575
0.00305335
0.00268394
0.00238009
0.0021289
0.00192074
0.00174853
0.00160825
0.0014963
0.00141035
0.00134921
0.00131274
0.00130181
0.00131826
0.00136497
0.00144581
0.00156565
0.00173023
0.00194595
0.00221942
0.00255678
0.00296278
0.00343964
0.00398582
0.004595
0.00525552
0.00595057
0.00665924
0.0073584
0.00802502
0.00863846
0.00918255
0.00964664
0.0100266
0.0103237
0.0105469
0.0107067
0.0108284
0.0109132
0.0110049
0.0110837
0.0112705
0.0114106
0.0118378
0.0117829
0.29789
0.161644
0.0968162
0.0622804
0.0423046
0.0300048
0.0220482
0.0166887
0.0129543
0.0102761
0.00830705
0.00682778
0.00569541
0.00481429
0.0041189
0.00356341
0.00311518
0.00275063
0.00245249
0.00220803
0.00200784
0.00184533
0.00171748
0.00162065
0.00155296
0.00151376
0.00150355
0.00152389
0.00157745
0.00166797
0.0018002
0.00197979
0.00221309
0.00250668
0.00286674
0.00329814
0.00380332
0.0043811
0.00502557
0.00572548
0.00646423
0.00722072
0.00797112
0.00869105
0.00935809
0.0099538
0.0104654
0.0108861
0.0112161
0.0114601
0.011631
0.0117425
0.0118208
0.0118652
0.0119292
0.0119871
0.0121743
0.012316
0.0127832
0.0127231
0.297893
0.16183
0.0970106
0.0624321
0.0424118
0.0300812
0.0221079
0.0167418
0.0130071
0.0103321
0.0083681
0.00689474
0.00576867
0.00489407
0.00420543
0.00365706
0.00321648
0.00286033
0.0025716
0.00233785
0.00215003
0.00200245
0.0018929
0.00181773
0.00177566
0.00176666
0.00179195
0.00185388
0.00195593
0.00210263
0.00229944
0.00255246
0.00286805
0.00325216
0.0037095
0.00424245
0.0048499
0.0055262
0.00626048
0.0070365
0.00783337
0.00862708
0.00939257
0.0101062
0.0107479
0.0113028
0.0117625
0.0121247
0.0123936
0.0125775
0.0126931
0.012757
0.0127915
0.0128009
0.0128452
0.0128917
0.0130924
0.01325
0.0137782
0.0137316
0.297891
0.162012
0.0971876
0.0625583
0.0424945
0.0301415
0.022163
0.0168026
0.0130788
0.0104168
0.00846593
0.00700519
0.00589104
0.00502783
0.00435033
0.00381318
0.00338432
0.00304074
0.00276585
0.00254764
0.00237756
0.00225182
0.00216735
0.00212166
0.00211396
0.00214488
0.00221635
0.00233146
0.00249438
0.00271017
0.00298454
0.00332336
0.00373212
0.00421506
0.00477421
0.00540827
0.00611166
0.0068738
0.00767893
0.00850669
0.00933341
0.010134
0.0108842
0.011563
0.0121542
0.0126476
0.0130394
0.0133317
0.0135328
0.013654
0.0137156
0.0137332
0.0137308
0.0137144
0.0137507
0.013799
0.0140307
0.0142228
0.014839
0.0148301
0.297893
0.162197
0.0973511
0.0626634
0.0425628
0.030203
0.0222381
0.0169008
0.0132029
0.0105657
0.00863733
0.00719656
0.00610029
0.00525348
0.00459159
0.00406994
0.00365707
0.00333058
0.00307447
0.00287731
0.00273126
0.00263457
0.00258348
0.00257621
0.00261261
0.00269396
0.00282279
0.00300273
0.00323826
0.00353443
0.00389643
0.00432899
0.00483563
0.00541773
0.00607358
0.00679747
0.00757905
0.00840314
0.00925016
0.0100972
0.0109198
0.0116939
0.012398
0.0130151
0.0135339
0.0139491
0.0142619
0.0144782
0.0146098
0.0146704
0.0146842
0.0146609
0.014633
0.0146039
0.0146481
0.0147155
0.0150005
0.0152512
0.0159899
0.0160507
0.297921
0.162416
0.0975248
0.0627726
0.0426494
0.0303075
0.0223816
0.0170893
0.013434
0.0108341
0.00893718
0.00752299
0.00644964
0.00562339
0.00498089
0.00447845
0.00408553
0.00378055
0.00354824
0.00337794
0.00326271
0.00320278
0.00319347
0.0032336
0.00332357
0.00346513
0.00366113
0.00391524
0.00423163
0.00461455
0.00506773
0.00559372
0.00619304
0.00686337
0.00759874
0.00838899
0.00921957
0.0100719
0.0109243
0.0117534
0.012536
0.0132508
0.0138808
0.0144137
0.0148436
0.0151701
0.0153987
0.0155385
0.0156044
0.0156119
0.0155863
0.0155349
0.0154971
0.0154724
0.015545
0.0156536
0.0160204
0.0163605
0.0172669
0.0174401
0.298037
0.162738
0.0977747
0.0629513
0.0428263
0.0305334
0.0226756
0.0174501
0.0138524
0.0112993
0.00943981
0.00805585
0.00700787
0.00620414
0.00558295
0.00510198
0.00473182
0.00445187
0.00424773
0.00410955
0.00403163
0.00401519
0.00405464
0.00414928
0.00429981
0.00450805
0.00477659
0.00510849
0.00550682
0.00597411
0.00651173
0.00711921
0.00779349
0.00852829
0.00931364
0.0101357
0.0109771
0.0118177
0.0126355
0.0134089
0.0141177
0.0147449
0.0152784
0.0157115
0.0160431
0.0162772
0.016423
0.0164922
0.0165017
0.0164689
0.0164169
0.0163552
0.0163276
0.0163294
0.016456
0.0166337
0.0171186
0.0175885
0.0187216
0.0190664
0.298383
0.163322
0.0982389
0.0633321
0.0432235
0.0310085
0.0232416
0.018097
0.0145635
0.012059
0.010236
0.00888019
0.00785532
0.00707215
0.00647098
0.00601102
0.0056641
0.0054106
0.00523699
0.00513416
0.00509826
0.00512843
0.00521968
0.00537132
0.0055838
0.00585839
0.00619679
0.00660068
0.00707124
0.00760858
0.00821113
0.00887511
0.0095939
0.0103578
0.0111537
0.0119657
0.0127753
0.0135626
0.0143076
0.0149917
0.0155989
0.0161174
0.0165403
0.0168659
0.0170977
0.0172433
0.0173145
0.0173249
0.0172932
0.0172369
0.0171782
0.0171288
0.0171364
0.0171919
0.0174044
0.0176871
0.0183366
0.01899
0.0204284
0.0210292
0.299253
0.16448
0.0991789
0.0641467
0.0440483
0.031916
0.0242403
0.0191699
0.0156898
0.0132216
0.0114231
0.0100847
0.00907364
0.00830333
0.00771599
0.00727228
0.00694507
0.00671557
0.00657086
0.0065023
0.00650773
0.0065817
0.00672103
0.00692433
0.00719123
0.00752184
0.00791632
0.00837439
0.00889486
0.00947512
0.0101107
0.0107947
0.0115177
0.0122677
0.0130301
0.0137883
0.0145246
0.0152212
0.0158612
0.0164301
0.0169171
0.0173153
0.0176228
0.0178423
0.017981
0.0180492
0.0180608
0.0180302
0.017978
0.0179194
0.0178799
0.0178706
0.0179444
0.0180875
0.0184263
0.0188603
0.019735
0.0206456
0.0224949
0.0234761
0.301233
0.166781
0.101043
0.0657503
0.0455953
0.0334893
0.0258573
0.0208178
0.017353
0.0148886
0.0130876
0.0117441
0.0107282
0.0099553
0.0093689
0.00893053
0.00861359
0.00839962
0.00827584
0.00823358
0.00827025
0.00837752
0.00855205
0.00879157
0.00909446
0.00945925
0.00988419
0.0103668
0.0109035
0.0114892
0.012117
0.0127778
0.0134606
0.0141523
0.0148384
0.0155034
0.0161316
0.0167085
0.0172213
0.0176601
0.0180189
0.0182957
0.0184927
0.0186164
0.0186766
0.0186857
0.0186588
0.018611
0.0185642
0.0185311
0.0185422
0.0186068
0.0187847
0.0190586
0.0195754
0.0202227
0.0214031
0.0226756
0.0250804
0.026632
0.30545
0.171227
0.104549
0.0686535
0.0482296
0.0359871
0.0282753
0.023171
0.0196473
0.017129
0.0152799
0.013895
0.0128447
0.0120445
0.011438
0.0109864
0.0106627
0.0104481
0.0103292
0.0102965
0.0103454
0.0104654
0.0106522
0.0109023
0.0112126
0.0115799
0.0120005
0.0124698
0.0129824
0.0135313
0.0141079
0.0147022
0.0153028
0.015897
0.0164715
0.0170132
0.0175095
0.0179496
0.0183251
0.0186307
0.0188648
0.0190294
0.0191304
0.0191769
0.0191807
0.0191555
0.0191173
0.0190818
0.0190713
0.0190989
0.0191987
0.0193794
0.0197094
0.0201704
0.0209332
0.0218798
0.0234755
0.025265
0.0284266
0.0308503
0.314017
0.179511
0.110784
0.0735286
0.0523513
0.0396561
0.0316382
0.0263094
0.0226117
0.0199543
0.0179922
0.0165149
0.015389
0.0145273
0.013871
0.0133794
0.0130242
0.0127847
0.0126464
0.0125983
0.0126322
0.0127362
0.0129049
0.0131331
0.0134162
0.0137492
0.0141269
0.0145432
0.0149913
0.0154631
0.0159496
0.0164408
0.016926
0.0173939
0.0178336
0.0182348
0.0185885
0.0188879
0.0191289
0.0193101
0.0194339
0.0195055
0.0195335
0.0195289
0.0195052
0.0194767
0.0194604
0.0194732
0.0195372
0.0196683
0.0199038
0.0202546
0.0207996
0.0215246
0.0226266
0.023998
0.026163
0.0287111
0.032917
0.0367114
0.330848
0.194438
0.121324
0.0812064
0.0583814
0.0447026
0.0360298
0.0302498
0.0262227
0.0233145
0.0211559
0.0195214
0.0182678
0.0173012
0.0165575
0.0159923
0.0155739
0.0152792
0.0150911
0.0149967
0.0149838
0.0150396
0.0151568
0.015329
0.0155499
0.0158131
0.0161124
0.0164406
0.0167902
0.0171532
0.0175207
0.0178838
0.0182331
0.0185596
0.0188552
0.0191128
0.0193271
0.019495
0.0196161
0.0196928
0.0197302
0.0197364
0.0197219
0.0196993
0.0196832
0.0196888
0.0197347
0.0198389
0.0200258
0.0203142
0.0207468
0.0213408
0.0221871
0.0232875
0.0248627
0.0268527
0.0298128
0.0335164
0.0391927
0.0452228
0.363188
0.220635
0.138416
0.0926888
0.0667548
0.0512968
0.0415111
0.0349921
0.0304419
0.027145
0.0246872
0.0228164
0.021372
0.020248
0.019372
0.0186931
0.0181748
0.01779
0.0175184
0.0173442
0.0172519
0.0172275
0.017262
0.0173472
0.0174755
0.0176397
0.0178326
0.0180467
0.0182746
0.0185087
0.0187411
0.0189643
0.0191711
0.0193551
0.019511
0.0196351
0.0197253
0.0197822
0.0198084
0.0198092
0.0197924
0.019768
0.0197482
0.0197471
0.0197806
0.0198657
0.0200233
0.0202739
0.0206461
0.0211645
0.0218795
0.0228228
0.0240979
0.0257465
0.0279996
0.0309272
0.035033
0.0405852
0.0483968
0.0582483
0.42471
0.26587
0.165307
0.10927
0.0780644
0.0597676
0.0482946
0.0406795
0.035363
0.0315021
0.0286137
0.0264044
0.0246875
0.0233389
0.0222736
0.0214312
0.0207683
0.0202525
0.0198591
0.019569
0.019364
0.0192287
0.0191517
0.0191232
0.0191344
0.0191771
0.0192439
0.0193273
0.0194203
0.0195163
0.0196088
0.0196923
0.0197616
0.0198132
0.0198446
0.0198551
0.0198459
0.0198204
0.0197841
0.0197447
0.0197121
0.0196983
0.0197173
0.0197849
0.0199194
0.0201412
0.0204757
0.020948
0.0215935
0.0224492
0.0235759
0.0250365
0.0269436
0.0294303
0.0326976
0.0371268
0.0429616
0.0516538
0.0627022
0.0794765
0.542236
0.343773
0.206976
0.132995
0.0935475
0.0710579
0.0571431
0.0479428
0.0415136
0.0368315
0.0333159
0.0306138
0.0284998
0.0268238
0.0254822
0.0244017
0.0235289
0.0228241
0.0222569
0.0218038
0.0214449
0.021162
0.0209408
0.0207696
0.0206383
0.0205382
0.0204614
0.0204009
0.0203502
0.0203038
0.0202571
0.0202062
0.0201486
0.0200832
0.0200103
0.019932
0.0198525
0.0197777
0.0197156
0.0196764
0.0196722
0.0197173
0.0198283
0.0200243
0.0203281
0.0207669
0.0213724
0.0221805
0.0232377
0.0246068
0.0263617
0.0286313
0.0315244
0.0353753
0.0402567
0.0472595
0.0558685
0.070276
0.086487
0.116695
0.771782
0.479843
0.271827
0.167964
0.116289
0.0876938
0.0701594
0.058557
0.0504149
0.0444582
0.0399634
0.0364885
0.0337498
0.0315575
0.0297805
0.0283255
0.0271247
0.0261275
0.0252954
0.0245984
0.0240148
0.0235216
0.0231008
0.0227384
0.0224224
0.0221433
0.0218928
0.0216639
0.021451
0.0212497
0.0210568
0.0208706
0.0206909
0.0205189
0.0203577
0.0202123
0.0200893
0.0199975
0.0199478
0.0199531
0.0200288
0.0201931
0.0204671
0.0208764
0.0214523
0.0222355
0.0232669
0.0246069
0.0263209
0.0285234
0.0313064
0.0349383
0.0394896
0.0457417
0.0533957
0.0651685
0.0785552
0.104179
0.12901
0.187311
1.24039
0.725377
0.375813
0.223729
0.153932
0.11582
0.0923904
0.0767617
0.065704
0.0575605
0.0513757
0.0465602
0.0427332
0.0396392
0.037101
0.0349926
0.0332222
0.0317214
0.0304381
0.0293322
0.028377
0.0275421
0.0268038
0.0261444
0.0255494
0.0250073
0.0245087
0.0240466
0.0236155
0.023212
0.0228345
0.022483
0.0221597
0.0218683
0.0216149
0.0214074
0.0212558
0.0211725
0.0211722
0.0212728
0.0214952
0.0218648
0.0224121
0.0231757
0.0242045
0.025561
0.0273098
0.0295594
0.0324109
0.0360885
0.0407085
0.0468473
0.0544465
0.0653126
0.0781482
0.0995295
0.121723
0.171091
0.210652
0.33213
2.26475
1.19187
0.553258
0.323957
0.225013
0.169882
0.135562
0.112358
0.0957714
0.0834666
0.0740546
0.06667
0.0607514
0.0559205
0.0519145
0.0485465
0.0456799
0.0432132
0.0410695
0.0391893
0.0375338
0.0360589
0.0347322
0.0335289
0.0324295
0.0314186
0.0304845
0.0296184
0.0288147
0.0280704
0.0273853
0.0267615
0.0262037
0.0257191
0.0253175
0.0250113
0.0248156
0.0247489
0.0248333
0.0250956
0.0255684
0.0262921
0.0273165
0.0287077
0.0305506
0.0329489
0.036025
0.03999
0.0450175
0.0515788
0.0598223
0.0710434
0.0847933
0.105361
0.128695
0.171052
0.210389
0.313734
0.378169
0.65138
4.71939
2.14489
0.887548
0.529633
0.37547
0.285038
0.228099
0.189065
0.160918
0.139913
0.123746
0.110974
0.100661
0.0921741
0.0850726
0.0790435
0.0738584
0.0693476
0.0653826
0.0618639
0.0587224
0.0558896
0.0533157
0.0509616
0.0487965
0.0467969
0.0449452
0.0432291
0.0416414
0.0401791
0.0388436
0.0376401
0.0365777
0.0356691
0.034931
0.034384
0.0340534
0.0339698
0.0341709
0.034703
0.0356238
0.0370074
0.0389463
0.0415691
0.0450305
0.0495475
0.055365
0.0629358
0.0725917
0.0854006
0.101531
0.124068
0.151352
0.19409
0.240245
0.331935
0.406162
0.641017
0.745098
1.40658
11.3212
4.29553
1.60491
1.00696
0.727141
0.553919
0.444918
0.369455
0.31478
0.273864
0.242241
0.217136
0.196746
0.179855
0.165617
0.15343
0.142859
0.133579
0.125345
0.117969
0.111307
0.105244
0.0996883
0.09457
0.0898335
0.0854371
0.0813506
0.0775544
0.0740378
0.0707984
0.0678416
0.0651793
0.0628304
0.0608201
0.0591802
0.0579498
0.0571768
0.0569201
0.0572523
0.0582656
0.0600769
0.0628399
0.0667503
0.0720859
0.079163
0.0884977
0.10062
0.116594
0.137111
0.164781
0.199655
0.249614
0.309115
0.406661
0.506045
0.723011
0.871983
1.45256
1.60827
3.33697
31.8345
9.83533
3.38502
2.24816
1.63591
1.24624
1.00432
0.83617
0.714365
0.623272
0.552762
0.496622
0.450842
0.412711
0.380358
0.352458
0.328054
0.306439
0.28708
0.269567
0.253576
0.238885
0.225303
0.212684
0.200916
0.189918
0.179635
0.170035
0.161105
0.152848
0.145286
0.13845
0.132387
0.127155
0.122825
0.119482
0.11723
0.116195
0.116537
0.118462
0.122236
0.128214
0.136858
0.148814
0.164865
0.18629
0.214363
0.251807
0.300195
0.366458
0.449892
0.572277
0.715331
0.960737
1.19536
1.76016
2.08054
3.65527
3.8259
8.74564
108.312
26.6339
8.49957
5.87504
4.26451
3.23956
2.61684
2.1849
1.87346
1.64146
1.46206
1.3191
1.20219
1.10435
1.0208
0.948168
0.884044
0.826659
0.774699
0.727146
0.683225
0.642425
0.604292
0.568502
0.534815
0.503071
0.473174
0.445087
0.418819
0.394419
0.37197
0.351582
0.333389
0.317548
0.304238
0.293667
0.286082
0.28179
0.281174
0.284742
0.293157
0.307334
0.328461
0.358256
0.398822
0.453653
0.526155
0.624032
0.751264
0.928123
1.15062
1.48473
1.86818
2.55645
3.17321
4.81258
5.55945
10.3184
10.1682
25.6728
)
;

boundaryField
{
    inlet
    {
        type            fixedValue;
        value           uniform 0.63;
    }
    outlet
    {
        type            zeroGradient;
    }
    fixedWalls
    {
        Cmu             0.09;
        kappa           0.41;
        E               9.8;
        type            epsilonWallFunction;
        value           nonuniform List<scalar> 
120
(
108.312
26.6339
8.49957
5.87504
4.26451
3.23956
2.61684
2.1849
1.87346
1.64146
1.46206
1.3191
1.20219
1.10435
1.0208
0.948168
0.884044
0.826659
0.774699
0.727146
0.683225
0.642425
0.604292
0.568502
0.534815
0.503071
0.473174
0.445087
0.418819
0.394419
0.37197
0.351582
0.333389
0.317548
0.304238
0.293667
0.286082
0.28179
0.281174
0.284742
0.293157
0.307334
0.328461
0.358256
0.398822
0.453653
0.526155
0.624032
0.751264
0.928123
1.15062
1.48473
1.86818
2.55645
3.17321
4.81258
5.55945
10.3184
10.1682
25.6728
54.1729
1.0976
0.020286
0.134489
0.0725455
0.0863228
0.0615955
0.0575424
0.0460722
0.041865
0.0363756
0.0340098
0.0318504
0.0313324
0.0313756
0.0324803
0.0342491
0.0368943
0.0402961
0.044577
0.0497287
0.0558298
0.0628927
0.0709407
0.0799407
0.0898342
0.100509
0.111803
0.123472
0.135191
0.146547
0.157041
0.166097
0.173081
0.177306
0.178137
0.175037
0.167593
0.155726
0.139652
0.120294
0.0989515
0.0778861
0.0583869
0.0925246
0.144476
0.217938
0.32671
0.469477
0.682708
0.934707
1.34654
1.7534
2.59826
3.16741
5.15184
5.61724
11.248
10.2406
28.7676
)
;
    }
    frontAndBack
    {
        type            empty;
    }
}


// ************************************************************************* //
