/*--------------------------------*- C++ -*----------------------------------*\
| =========                 |                                                 |
| \\      /  F ield         | OpenFOAM: The Open Source CFD Toolbox           |
|  \\    /   O peration     | Version:  2.4.0                                 |
|   \\  /    A nd           | Web:      www.OpenFOAM.org                      |
|    \\/     M anipulation  |                                                 |
\*---------------------------------------------------------------------------*/
FoamFile
{
    version     2.0;
    format      ascii;
    class       surfaceScalarField;
    location    "0.47";
    object      phi;
}
// * * * * * * * * * * * * * * * * * * * * * * * * * * * * * * * * * * * * * //

dimensions      [0 3 -1 0 0 0 0];

internalField   nonuniform List<scalar> 
4456
(
1.43757e-06
-6.62229e-11
1.43784e-06
-2.71048e-10
1.43834e-06
-4.98778e-10
1.4391e-06
-7.6055e-10
1.44021e-06
-1.11113e-09
1.4418e-06
-1.59149e-09
1.44404e-06
-2.23917e-09
1.44715e-06
-3.10975e-09
1.45144e-06
-4.28696e-09
1.45732e-06
-5.88679e-09
1.46539e-06
-8.06541e-09
1.47642e-06
-1.10347e-08
1.49151e-06
-1.50853e-08
1.51212e-06
-2.06163e-08
1.5403e-06
-2.81734e-08
1.57879e-06
-3.84884e-08
1.63131e-06
-5.25248e-08
1.70279e-06
-7.14754e-08
1.79952e-06
-9.67343e-08
-1.2968e-07
1.9292e-06
1.43759e-06
-1.5578e-10
1.43784e-06
-5.22713e-10
1.4383e-06
-9.62442e-10
1.43904e-06
-1.49949e-09
1.44013e-06
-2.20127e-09
1.44169e-06
-3.14671e-09
1.44387e-06
-4.42162e-09
1.4469e-06
-6.1404e-09
1.45108e-06
-8.46651e-09
1.45682e-06
-1.16267e-08
1.46469e-06
-1.59288e-08
1.47544e-06
-2.17918e-08
1.49015e-06
-2.97902e-08
1.51024e-06
-4.07129e-08
1.53771e-06
-5.56417e-08
1.57525e-06
-7.6031e-08
1.62654e-06
-1.03812e-07
1.69645e-06
-1.41384e-07
1.79132e-06
-1.91602e-07
-2.57283e-07
1.91892e-06
1.43758e-06
-2.36115e-10
1.43782e-06
-7.65764e-10
1.43827e-06
-1.40415e-09
1.43897e-06
-2.19969e-09
1.44e-06
-3.2366e-09
1.44148e-06
-4.62514e-09
1.44355e-06
-6.49582e-09
1.44643e-06
-9.02014e-09
1.4504e-06
-1.24378e-08
1.45586e-06
-1.70803e-08
1.46333e-06
-2.33991e-08
1.47355e-06
-3.2009e-08
1.48751e-06
-4.37541e-08
1.50659e-06
-5.97937e-08
1.53267e-06
-8.17256e-08
1.56835e-06
-1.11706e-07
1.61717e-06
-1.52636e-07
1.68394e-06
-2.08149e-07
1.77501e-06
-2.82677e-07
-3.80658e-07
1.89839e-06
1.43757e-06
-3.08585e-10
1.4378e-06
-9.91202e-10
1.43821e-06
-1.8125e-09
1.43885e-06
-2.84511e-09
1.43981e-06
-4.19196e-09
1.44117e-06
-5.9903e-09
1.44309e-06
-8.41079e-09
1.44575e-06
-1.16783e-08
1.44941e-06
-1.61033e-08
1.45444e-06
-2.21135e-08
1.46134e-06
-3.02918e-08
1.47076e-06
-4.14326e-08
1.48363e-06
-5.66277e-08
1.50122e-06
-7.73771e-08
1.52525e-06
-1.05762e-07
1.55815e-06
-1.446e-07
1.60329e-06
-1.97773e-07
1.66528e-06
-2.70144e-07
1.75056e-06
-3.67955e-07
-4.97582e-07
1.86748e-06
1.43756e-06
-3.72548e-10
1.43777e-06
-1.19243e-09
1.43813e-06
-2.17724e-09
1.43871e-06
-3.42058e-09
1.43956e-06
-5.04399e-09
1.44078e-06
-7.20839e-09
1.44248e-06
-1.01194e-08
1.44486e-06
-1.40496e-08
1.44813e-06
-1.9373e-08
1.45261e-06
-2.66023e-08
1.45876e-06
-3.64369e-08
1.46716e-06
-4.98291e-08
1.47862e-06
-6.80897e-08
1.49426e-06
-9.30173e-08
1.51563e-06
-1.27133e-07
1.54487e-06
-1.73844e-07
1.58514e-06
-2.38036e-07
1.64068e-06
-3.25693e-07
1.7182e-06
-4.45471e-07
-6.05347e-07
1.82597e-06
1.43755e-06
-4.26921e-10
1.43773e-06
-1.3643e-09
1.43804e-06
-2.48906e-09
1.43853e-06
-3.91209e-09
1.43926e-06
-5.77183e-09
1.4403e-06
-8.24935e-09
1.44176e-06
-1.15795e-08
1.44378e-06
-1.60759e-08
1.44658e-06
-2.21665e-08
1.45041e-06
-3.04367e-08
1.45566e-06
-4.16836e-08
1.46282e-06
-5.6992e-08
1.47259e-06
-7.78556e-08
1.48589e-06
-1.06318e-07
1.50404e-06
-1.45279e-07
1.52883e-06
-1.98636e-07
1.56307e-06
-2.7228e-07
1.61049e-06
-3.73109e-07
1.67826e-06
-5.13241e-07
-7.00189e-07
1.7731e-06
1.43754e-06
-4.70603e-10
1.43768e-06
-1.50257e-09
1.43793e-06
-2.74002e-09
1.43833e-06
-4.30759e-09
1.43891e-06
-6.35767e-09
1.43975e-06
-9.08756e-09
1.44093e-06
-1.27554e-08
1.44256e-06
-1.77074e-08
1.44481e-06
-2.44157e-08
1.4479e-06
-3.3523e-08
1.45212e-06
-4.59045e-08
1.45787e-06
-6.27468e-08
1.4657e-06
-8.56865e-08
1.47633e-06
-1.16946e-07
1.49078e-06
-1.59725e-07
1.51041e-06
-2.18273e-07
1.53753e-06
-2.99401e-07
1.57528e-06
-4.10853e-07
1.6307e-06
-5.68658e-07
-7.78715e-07
1.70922e-06
1.43753e-06
-5.02625e-10
1.43763e-06
-1.60385e-09
1.43782e-06
-2.92378e-09
1.43811e-06
-4.59728e-09
1.43854e-06
-6.78717e-09
1.43915e-06
-9.70239e-09
1.44001e-06
-1.36178e-08
1.44121e-06
-1.89041e-08
1.44286e-06
-2.60654e-08
1.44512e-06
-3.57864e-08
1.44822e-06
-4.8998e-08
1.45243e-06
-6.69565e-08
1.45814e-06
-9.13976e-08
1.46583e-06
-1.24643e-07
1.47621e-06
-1.70106e-07
1.49012e-06
-2.32176e-07
1.50916e-06
-3.18446e-07
1.53579e-06
-4.37479e-07
1.57529e-06
-6.08157e-07
-8.40649e-07
1.63722e-06
1.43752e-06
-5.22248e-10
1.43758e-06
-1.66566e-09
1.43769e-06
-3.0357e-09
1.43787e-06
-4.77398e-09
1.43813e-06
-7.04973e-09
1.43851e-06
-1.00786e-08
1.43904e-06
-1.41457e-08
1.43977e-06
-1.96365e-08
1.44078e-06
-2.70756e-08
1.44217e-06
-3.71723e-08
1.44406e-06
-5.08913e-08
1.44663e-06
-6.9524e-08
1.45009e-06
-9.4865e-08
1.45468e-06
-1.29233e-07
1.46078e-06
-1.76205e-07
1.46849e-06
-2.39878e-07
1.47891e-06
-3.28868e-07
1.49254e-06
-4.51117e-07
1.51322e-06
-6.28829e-07
-8.86057e-07
1.55862e-06
1.43751e-06
-5.29009e-10
1.43753e-06
-1.68647e-09
1.43756e-06
-3.07295e-09
1.43762e-06
-4.83324e-09
1.43771e-06
-7.13885e-09
1.43784e-06
-1.0207e-08
1.43802e-06
-1.43258e-08
1.43827e-06
-1.98866e-08
1.43862e-06
-2.74214e-08
1.43909e-06
-3.76474e-08
1.43974e-06
-5.15414e-08
1.44061e-06
-7.03944e-08
1.44178e-06
-9.60284e-08
1.44318e-06
-1.30634e-07
1.44496e-06
-1.77987e-07
1.44614e-06
-2.4106e-07
1.44804e-06
-3.30769e-07
1.44582e-06
-4.48891e-07
1.44854e-06
-6.31552e-07
-9.04204e-07
1.46669e-06
1.43749e-06
-5.22754e-10
1.43747e-06
-1.66576e-09
1.43743e-06
-3.03456e-09
1.43737e-06
-4.77354e-09
1.43729e-06
-7.05226e-09
1.43717e-06
-1.00842e-08
1.43699e-06
-1.41536e-08
1.43675e-06
-1.96478e-08
1.43643e-06
-2.70942e-08
1.43598e-06
-3.72003e-08
1.43537e-06
-5.0935e-08
1.43453e-06
-6.95542e-08
1.43339e-06
-9.48894e-08
1.43162e-06
-1.28862e-07
1.42924e-06
-1.75602e-07
1.42384e-06
-2.35662e-07
1.41806e-06
-3.24987e-07
1.39617e-06
-4.27006e-07
1.38648e-06
-6.2186e-07
-8.64851e-07
1.34713e-06
1.43748e-06
-5.03648e-10
1.43742e-06
-1.60405e-09
1.43731e-06
-2.9214e-09
1.43713e-06
-4.59623e-09
1.43687e-06
-6.79201e-09
1.4365e-06
-9.71308e-09
1.43598e-06
-1.36329e-08
1.43525e-06
-1.89257e-08
1.43426e-06
-2.61013e-08
1.4329e-06
-3.58415e-08
1.43106e-06
-4.90871e-08
1.42853e-06
-6.70294e-08
1.42514e-06
-9.15009e-08
1.42031e-06
-1.24031e-07
1.41407e-06
-1.69362e-07
1.40249e-06
-2.24083e-07
1.39064e-06
-3.13136e-07
1.346e-06
-3.82368e-07
1.33139e-06
-6.07252e-07
-7.20758e-07
1.1873e-06
1.43747e-06
-4.72179e-10
1.43737e-06
-1.50286e-09
1.43718e-06
-2.73619e-09
1.43689e-06
-4.3056e-09
1.43646e-06
-6.36441e-09
1.43585e-06
-9.10266e-09
1.435e-06
-1.27763e-08
1.43381e-06
-1.77374e-08
1.43217e-06
-2.44662e-08
1.42993e-06
-3.36025e-08
1.42689e-06
-4.604e-08
1.42274e-06
-6.28816e-08
1.41719e-06
-8.59517e-08
1.4095e-06
-1.16338e-07
1.39977e-06
-1.59638e-07
1.38304e-06
-2.07351e-07
1.3675e-06
-2.97594e-07
1.30159e-06
-3.16459e-07
1.29316e-06
-5.98828e-07
-4.22144e-07
9.94551e-07
1.43746e-06
-4.29165e-10
1.43732e-06
-1.36468e-09
1.43707e-06
-2.48338e-09
1.43667e-06
-3.90872e-09
1.43608e-06
-5.77996e-09
1.43525e-06
-8.26782e-09
1.43408e-06
-1.16045e-08
1.43245e-06
-1.61114e-08
1.43021e-06
-2.22275e-08
1.42715e-06
-3.05356e-08
1.42297e-06
-4.18612e-08
1.41729e-06
-5.72046e-08
1.40969e-06
-7.83496e-08
1.39937e-06
-1.06023e-07
1.38643e-06
-1.46699e-07
1.36618e-06
-1.87094e-07
1.34924e-06
-2.80661e-07
1.27275e-06
-2.3996e-07
1.29001e-06
-6.16092e-07
2.29329e-08
8.44933e-07
1.43745e-06
-3.75765e-10
1.43727e-06
-1.19293e-09
1.43696e-06
-2.169e-09
1.43647e-06
-3.4153e-09
1.43574e-06
-5.05307e-09
1.4347e-06
-7.22899e-09
1.43324e-06
-1.0146e-08
1.43122e-06
-1.40873e-08
1.42843e-06
-1.94387e-08
1.42461e-06
-2.6713e-08
1.41939e-06
-3.66431e-08
1.41231e-06
-5.0121e-08
1.40277e-06
-6.88134e-08
1.39008e-06
-9.33302e-08
1.37392e-06
-1.30539e-07
1.35207e-06
-1.65252e-07
1.33392e-06
-2.62505e-07
1.26855e-06
-1.74593e-07
1.32767e-06
-6.75207e-07
5.28598e-07
8.22002e-07
1.43744e-06
-3.13523e-10
1.43724e-06
-9.91817e-10
1.43687e-06
-1.80052e-09
1.43629e-06
-2.83749e-09
1.43544e-06
-4.2017e-09
1.43422e-06
-6.01166e-09
1.43251e-06
-8.43656e-09
1.43014e-06
-1.17142e-08
1.42687e-06
-1.61672e-08
1.42238e-06
-2.22257e-08
1.41624e-06
-3.05039e-08
1.4079e-06
-4.17824e-08
1.39658e-06
-5.74864e-08
1.3817e-06
-7.84514e-08
1.36199e-06
-1.10831e-07
1.3399e-06
-1.43162e-07
1.31681e-06
-2.39414e-07
1.28898e-06
-1.46767e-07
1.38848e-06
-7.74705e-07
1.00748e-06
9.09603e-07
1.43743e-06
-2.44461e-10
1.43721e-06
-7.6612e-10
1.43679e-06
-1.3867e-09
1.43614e-06
-2.18972e-09
1.43519e-06
-3.24693e-09
1.43382e-06
-4.64567e-09
1.4319e-06
-6.51806e-09
1.42924e-06
-9.05062e-09
1.42557e-06
-1.24931e-08
1.42052e-06
-1.71818e-08
1.41361e-06
-2.3589e-08
1.4042e-06
-3.237e-08
1.39129e-06
-4.45772e-08
1.37433e-06
-6.14938e-08
1.35074e-06
-8.72391e-08
1.32737e-06
-1.19797e-07
1.29198e-06
-2.04018e-07
1.31602e-06
-1.70808e-07
1.43144e-06
-8.90127e-07
1.37904e-06
1.05987e-06
1.43743e-06
-1.71416e-10
1.43718e-06
-5.2032e-10
1.43673e-06
-9.37516e-10
1.43603e-06
-1.48866e-09
1.435e-06
-2.21241e-09
1.43352e-06
-3.16448e-09
1.43143e-06
-4.43778e-09
1.42855e-06
-6.16209e-09
1.42456e-06
-8.50714e-09
1.41908e-06
-1.17047e-08
1.41156e-06
-1.60703e-08
1.40129e-06
-2.20971e-08
1.38712e-06
-3.04036e-08
1.36815e-06
-4.25256e-08
1.34095e-06
-6.00437e-08
1.3119e-06
-9.07448e-08
1.25924e-06
-1.51357e-07
1.31187e-06
-2.23435e-07
1.33806e-06
-9.16321e-07
1.49745e-06
1.21966e-06
1.43743e-06
-9.97682e-11
1.43717e-06
-2.57234e-10
1.43669e-06
-4.63497e-10
1.43596e-06
-7.5266e-10
1.43487e-06
-1.12389e-09
1.43331e-06
-1.60447e-09
1.43112e-06
-2.2471e-09
1.42807e-06
-3.12021e-09
1.42388e-06
-4.30856e-09
1.4181e-06
-5.93025e-09
1.41017e-06
-8.14046e-09
1.39929e-06
-1.1214e-08
1.38428e-06
-1.53919e-08
1.36355e-06
-2.18031e-08
1.33383e-06
-3.03228e-08
1.29376e-06
-5.06742e-08
1.22589e-06
-8.34806e-08
1.20824e-06
-2.05788e-07
1.04724e-06
-7.55317e-07
1.16607e-06
1.37862e-06
1.4374e-06
1.43714e-06
1.43668e-06
1.43593e-06
1.4348e-06
1.4332e-06
1.43095e-06
1.42783e-06
1.42352e-06
1.41759e-06
1.40945e-06
1.39824e-06
1.38285e-06
1.36104e-06
1.33072e-06
1.28005e-06
1.19657e-06
9.90777e-07
2.3546e-07
1.40153e-06
2.10053e-06
-1.71335e-07
2.32252e-06
-2.21981e-07
2.60286e-06
-2.8034e-07
2.94701e-06
-3.44155e-07
3.35816e-06
-4.11155e-07
3.83636e-06
-4.782e-07
4.37648e-06
-5.40115e-07
-5.90876e-07
4.96736e-06
2.08822e-06
-3.40634e-07
2.30849e-06
-4.42244e-07
2.58734e-06
-5.59198e-07
2.93088e-06
-6.87692e-07
3.34366e-06
-8.23931e-07
3.82481e-06
-9.59356e-07
4.3649e-06
-1.0802e-06
-1.175e-06
4.94903e-06
2.06351e-06
-5.05756e-07
2.27992e-06
-6.58656e-07
2.55634e-06
-8.35616e-07
2.90102e-06
-1.03238e-06
3.31467e-06
-1.23758e-06
3.78656e-06
-1.43125e-06
4.30632e-06
-1.59997e-06
-1.74396e-06
4.87528e-06
2.02574e-06
-6.64015e-07
2.23663e-06
-8.69545e-07
2.51234e-06
-1.11132e-06
2.85406e-06
-1.3741e-06
3.24638e-06
-1.6299e-06
3.68933e-06
-1.87419e-06
4.22075e-06
-2.13139e-06
-2.40852e-06
4.88531e-06
1.97446e-06
-8.12507e-07
2.18138e-06
-1.07646e-06
2.45226e-06
-1.38221e-06
2.76371e-06
-1.68554e-06
3.12221e-06
-1.9884e-06
3.61925e-06
-2.37124e-06
4.35436e-06
-2.86649e-06
-3.38267e-06
5.32851e-06
1.91155e-06
-9.50957e-07
2.11401e-06
-1.27892e-06
2.35281e-06
-1.62101e-06
2.62054e-06
-1.95327e-06
3.05863e-06
-2.4265e-06
3.84634e-06
-3.15895e-06
4.9827e-06
-4.00285e-06
-4.69322e-06
6.29325e-06
1.8398e-06
-1.08154e-06
2.01831e-06
-1.45743e-06
2.19895e-06
-1.80165e-06
2.53158e-06
-2.2859e-06
3.30173e-06
-3.19664e-06
4.54866e-06
-4.40588e-06
6.01889e-06
-5.47308e-06
-6.09817e-06
7.42384e-06
1.75325e-06
-1.19757e-06
1.87154e-06
-1.57572e-06
2.06043e-06
-1.99054e-06
2.7074e-06
-2.93287e-06
3.97725e-06
-4.46649e-06
5.57166e-06
-6.0003e-06
7.08661e-06
-6.98802e-06
-7.30063e-06
8.28907e-06
1.6328e-06
-1.27174e-06
1.69394e-06
-1.63686e-06
2.10534e-06
-2.40194e-06
3.27001e-06
-4.09754e-06
4.93833e-06
-6.13481e-06
6.57763e-06
-7.6396e-06
7.84235e-06
-8.25275e-06
-8.12031e-06
8.66203e-06
1.46356e-06
-1.26862e-06
1.59203e-06
-1.76533e-06
2.47446e-06
-3.28437e-06
4.12465e-06
-5.74772e-06
5.89875e-06
-7.90891e-06
7.28503e-06
-9.02588e-06
8.13062e-06
-9.09834e-06
-8.5432e-06
8.55351e-06
1.27259e-06
-1.19408e-06
1.70787e-06
-2.20061e-06
3.15486e-06
-4.73135e-06
5.04185e-06
-7.63471e-06
6.61316e-06
-9.48022e-06
7.56646e-06
-9.97919e-06
7.98326e-06
-9.51514e-06
-8.69628e-06
8.13634e-06
1.15696e-06
-1.16374e-06
2.11479e-06
-3.15844e-06
3.98826e-06
-6.60482e-06
5.7999e-06
-9.44635e-06
6.95416e-06
-1.06345e-05
7.44478e-06
-1.04698e-05
7.55581e-06
-9.62616e-06
-8.77502e-06
7.63455e-06
1.21871e-06
-1.3879e-06
2.75997e-06
-4.69971e-06
4.78208e-06
-8.62693e-06
6.25735e-06
-1.09216e-05
6.91576e-06
-1.12929e-05
7.04661e-06
-1.06007e-05
7.04073e-06
-9.62029e-06
-8.95122e-06
7.21693e-06
1.51838e-06
-2.06134e-06
3.5005e-06
-6.68183e-06
5.3833e-06
-1.05097e-05
6.36801e-06
-1.19063e-05
6.58501e-06
-1.15099e-05
6.53642e-06
-1.05521e-05
6.58335e-06
-9.66722e-06
-9.30645e-06
6.93858e-06
2.03725e-06
-3.2766e-06
4.19723e-06
-8.8418e-06
5.70343e-06
-1.20159e-05
6.16866e-06
-1.23716e-05
6.0979e-06
-1.14391e-05
6.049e-06
-1.05032e-05
6.23105e-06
-9.84927e-06
-9.8256e-06
6.7502e-06
2.66949e-06
-5.03649e-06
4.74208e-06
-1.09144e-05
5.71919e-06
-1.2993e-05
5.7557e-06
-1.24081e-05
5.58909e-06
-1.12725e-05
5.64754e-06
-1.05616e-05
5.93964e-06
-1.01414e-05
-1.04305e-05
6.54455e-06
3.31479e-06
-7.2914e-06
5.05295e-06
-1.26525e-05
5.46323e-06
-1.34033e-05
5.25242e-06
-1.21973e-05
5.14769e-06
-1.11678e-05
5.32596e-06
-1.07399e-05
5.63452e-06
-1.04499e-05
-1.09975e-05
6.20148e-06
3.8812e-06
-9.95294e-06
5.07382e-06
-1.38452e-05
5.02212e-06
-1.33516e-05
4.77213e-06
-1.19473e-05
4.79435e-06
-1.119e-05
5.03332e-06
-1.09788e-05
5.27449e-06
-1.06911e-05
-1.13691e-05
5.64611e-06
4.2739e-06
-1.28482e-05
4.80313e-06
-1.43744e-05
4.52971e-06
-1.30782e-05
4.38466e-06
-1.18022e-05
4.49449e-06
-1.12998e-05
4.68903e-06
-1.11734e-05
4.81942e-06
-1.08215e-05
-1.15226e-05
4.97287e-06
4.39846e-06
-1.58452e-05
4.34933e-06
-1.43253e-05
4.11895e-06
-1.28478e-05
4.09876e-06
-1.1782e-05
4.20733e-06
-1.14084e-05
4.24059e-06
-1.12067e-05
4.11388e-06
-1.06948e-05
4.48121e-06
-1.18899e-05
5.59334e-06
-6.25981e-07
6.23728e-06
-6.43942e-07
6.88402e-06
-6.46741e-07
7.52306e-06
-6.39044e-07
8.1495e-06
-6.26439e-07
8.76332e-06
-6.13815e-07
9.36783e-06
-6.04516e-07
9.96782e-06
-5.9999e-07
1.05676e-05
-5.99756e-07
1.11693e-05
-6.01753e-07
1.17723e-05
-6.02959e-07
1.23723e-05
-6.00049e-07
1.29622e-05
-5.89881e-07
1.3532e-05
-5.69788e-07
1.40697e-05
-5.37735e-07
1.45622e-05
-4.92435e-07
1.49956e-05
-4.33457e-07
1.5357e-05
-3.61322e-07
1.56345e-05
-2.77533e-07
1.5819e-05
-1.84488e-07
1.59042e-05
-8.51984e-08
1.58869e-05
1.73221e-08
1.57681e-05
1.18723e-07
1.55505e-05
2.17679e-07
1.5242e-05
3.08481e-07
1.48338e-05
4.0816e-07
1.43241e-05
5.09724e-07
8.78475e-07
1.34456e-05
5.56239e-06
-1.23934e-06
6.19275e-06
-1.27431e-06
6.83062e-06
-1.28461e-06
7.46927e-06
-1.2777e-06
8.10512e-06
-1.26229e-06
8.73777e-06
-1.24647e-06
9.36943e-06
-1.23617e-06
1.00035e-05
-1.2341e-06
1.0643e-05
-1.23921e-06
1.12885e-05
-1.24725e-06
1.19375e-05
-1.25198e-06
1.25841e-05
-1.24661e-06
1.32191e-05
-1.22486e-06
1.38308e-05
-1.18158e-06
1.44061e-05
-1.11301e-06
1.49307e-05
-1.01698e-06
1.53902e-05
-8.93004e-07
1.57713e-05
-7.42444e-07
1.60623e-05
-5.68515e-07
1.62539e-05
-3.76082e-07
1.63401e-05
-1.71435e-07
1.63195e-05
3.79764e-08
1.61931e-05
2.45089e-07
1.59659e-05
4.44932e-07
1.56417e-05
6.32695e-07
1.52332e-05
8.16616e-07
1.47334e-05
1.00958e-06
1.24637e-06
1.43655e-05
5.50038e-06
-1.86444e-06
6.18056e-06
-1.95449e-06
6.90246e-06
-2.00651e-06
7.64663e-06
-2.02187e-06
8.3957e-06
-2.01136e-06
9.13885e-06
-1.98962e-06
9.87207e-06
-1.96939e-06
1.05957e-05
-1.9577e-06
1.13111e-05
-1.95462e-06
1.20183e-05
-1.95444e-06
1.27145e-05
-1.9482e-06
1.33941e-05
-1.92619e-06
1.40489e-05
-1.87974e-06
1.46694e-05
-1.802e-06
1.52445e-05
-1.68815e-06
1.57629e-05
-1.53541e-06
1.62131e-05
-1.34321e-06
1.65841e-05
-1.1134e-06
1.68659e-05
-8.50375e-07
1.70508e-05
-5.60888e-07
1.7133e-05
-2.53646e-07
1.71095e-05
6.14216e-08
1.69794e-05
3.75198e-07
1.6747e-05
6.77362e-07
1.64184e-05
9.61235e-07
1.60094e-05
1.22563e-06
1.55428e-05
1.47617e-06
1.70642e-06
1.50828e-05
5.68815e-06
-2.66728e-06
6.58708e-06
-2.85342e-06
7.52071e-06
-2.94014e-06
8.43757e-06
-2.93873e-06
9.30781e-06
-2.8816e-06
1.01214e-05
-2.80324e-06
1.08813e-05
-2.7293e-06
1.15962e-05
-2.67256e-06
1.22751e-05
-2.63354e-06
1.29247e-05
-2.60405e-06
1.35483e-05
-2.57178e-06
1.41462e-05
-2.52404e-06
1.47162e-05
-2.44976e-06
1.52542e-05
-2.34005e-06
1.57541e-05
-2.18805e-06
1.62077e-05
-1.98899e-06
1.66052e-05
-1.7407e-06
1.69361e-05
-1.44427e-06
1.71902e-05
-1.1045e-06
1.73591e-05
-7.29807e-07
1.74368e-05
-3.31285e-07
1.74192e-05
7.898e-08
1.73057e-05
4.88653e-07
1.70996e-05
8.83478e-07
1.68081e-05
1.25272e-06
1.64447e-05
1.58905e-06
1.60319e-05
1.88901e-06
2.13912e-06
1.55992e-05
6.44261e-06
-3.78138e-06
7.57156e-06
-3.98236e-06
8.62402e-06
-3.9926e-06
9.55757e-06
-3.87228e-06
1.03671e-05
-3.69113e-06
1.10683e-05
-3.50444e-06
1.16851e-05
-3.34607e-06
1.22416e-05
-3.22913e-06
1.27585e-05
-3.15039e-06
1.32512e-05
-3.0967e-06
1.37305e-05
-3.0511e-06
1.4203e-05
-2.99655e-06
1.46707e-05
-2.91752e-06
1.51309e-05
-2.8002e-06
1.55756e-05
-2.63273e-06
1.59927e-05
-2.40618e-06
1.63679e-05
-2.11587e-06
1.66861e-05
-1.76247e-06
1.69339e-05
-1.35224e-06
1.71005e-05
-8.9641e-07
1.71791e-05
-4.09968e-07
1.71682e-05
8.99754e-08
1.70695e-05
5.87304e-07
1.68882e-05
1.06479e-06
1.6633e-05
1.5079e-06
1.63174e-05
1.90466e-06
1.59607e-05
2.2457e-06
2.51449e-06
1.55853e-05
7.57792e-06
-5.06604e-06
8.70657e-06
-5.11101e-06
9.63238e-06
-4.91841e-06
1.03657e-05
-4.60564e-06
1.0944e-05
-4.26938e-06
1.14115e-05
-3.97193e-06
1.181e-05
-3.74456e-06
1.21747e-05
-3.59385e-06
1.25334e-05
-3.50911e-06
1.29066e-05
-3.46993e-06
1.33071e-05
-3.45155e-06
1.37385e-05
-3.42797e-06
1.41951e-05
-3.37408e-06
1.46628e-05
-3.26788e-06
1.51226e-05
-3.09259e-06
1.55545e-05
-2.83807e-06
1.59398e-05
-2.50121e-06
1.62631e-05
-2.0857e-06
1.65121e-05
-1.60129e-06
1.66784e-05
-1.06272e-06
1.67569e-05
-4.88442e-07
1.67465e-05
1.00364e-07
1.66489e-05
6.84891e-07
1.64705e-05
1.24326e-06
1.62215e-05
1.7569e-06
1.5917e-05
2.20915e-06
1.55762e-05
2.58648e-06
2.8728e-06
1.52179e-05
8.59136e-06
-6.23356e-06
9.47316e-06
-5.99282e-06
1.01012e-05
-5.54647e-06
1.05411e-05
-5.04552e-06
1.08611e-05
-4.58935e-06
1.11198e-05
-4.23063e-06
1.13643e-05
-3.98913e-06
1.16312e-05
-3.86067e-06
1.19459e-05
-3.82385e-06
1.23214e-05
-3.84544e-06
1.27549e-05
-3.88503e-06
1.32286e-05
-3.9017e-06
1.37163e-05
-3.86174e-06
1.41915e-05
-3.7431e-06
1.46338e-05
-3.53485e-06
1.50295e-05
-3.23382e-06
1.53702e-05
-2.84192e-06
1.56497e-05
-2.36521e-06
1.58629e-05
-1.81448e-06
1.60055e-05
-1.20532e-06
1.60743e-05
-5.5721e-07
1.60667e-05
1.08007e-07
1.59811e-05
7.7048e-07
1.58211e-05
1.40323e-06
1.55944e-05
1.98364e-06
1.5313e-05
2.49055e-06
1.49925e-05
2.90693e-06
3.21785e-06
1.46475e-05
9.1274e-06
-7.07189e-06
9.6581e-06
-6.52352e-06
9.97906e-06
-5.86742e-06
1.01853e-05
-5.25176e-06
1.035e-05
-4.75406e-06
1.05253e-05
-4.40595e-06
1.07482e-05
-4.21201e-06
1.10416e-05
-4.15402e-06
1.14102e-05
-4.19253e-06
1.1837e-05
-4.27222e-06
1.22872e-05
-4.33518e-06
1.27235e-05
-4.33802e-06
1.31215e-05
-4.25972e-06
1.34742e-05
-4.09581e-06
1.37861e-05
-3.84676e-06
1.40635e-05
-3.51129e-06
1.43085e-05
-3.08682e-06
1.4517e-05
-2.57376e-06
1.46821e-05
-1.97957e-06
1.47966e-05
-1.31981e-06
1.48554e-05
-6.16035e-07
1.48559e-05
1.07506e-07
1.47979e-05
8.28466e-07
1.46828e-05
1.51834e-06
1.45148e-05
2.15163e-06
1.43009e-05
2.70444e-06
1.40499e-05
3.15796e-06
3.49915e-06
1.37686e-05
9.12338e-06
-7.53324e-06
9.361e-06
-6.76115e-06
9.4976e-06
-6.00401e-06
9.61873e-06
-5.3729e-06
9.77266e-06
-4.90799e-06
9.98468e-06
-4.61797e-06
1.02649e-05
-4.4922e-06
1.06035e-05
-4.49266e-06
1.09666e-05
-4.55566e-06
1.13069e-05
-4.61243e-06
1.1589e-05
-4.61732e-06
1.18097e-05
-4.55872e-06
1.19932e-05
-4.44326e-06
1.21704e-05
-4.27302e-06
1.23596e-05
-4.03589e-06
1.25607e-05
-3.71237e-06
1.27607e-05
-3.28684e-06
1.29421e-05
-2.7552e-06
1.30896e-05
-2.12704e-06
1.31927e-05
-1.4229e-06
1.32463e-05
-6.69624e-07
1.32508e-05
1.02995e-07
1.32084e-05
8.70901e-07
1.31234e-05
1.60327e-06
1.30021e-05
2.27291e-06
1.28525e-05
2.85406e-06
1.26814e-05
3.32909e-06
3.69009e-06
1.24904e-05
8.74138e-06
-7.72111e-06
8.84787e-06
-6.86764e-06
8.96646e-06
-6.1226e-06
9.13519e-06
-5.54163e-06
9.35467e-06
-5.12747e-06
9.61036e-06
-4.87366e-06
9.87415e-06
-4.75598e-06
1.00994e-05
-4.71786e-06
1.02385e-05
-4.69478e-06
1.02801e-05
-4.65411e-06
1.02666e-05
-4.60375e-06
1.02667e-05
-4.55886e-06
1.03306e-05
-4.50719e-06
1.04666e-05
-4.40902e-06
1.06503e-05
-4.21955e-06
1.08477e-05
-3.90982e-06
1.10314e-05
-3.47051e-06
1.11847e-05
-2.90848e-06
1.13004e-05
-2.24272e-06
1.13772e-05
-1.49969e-06
1.14163e-05
-7.08812e-07
1.14192e-05
1.00182e-07
1.1384e-05
9.06038e-07
1.13147e-05
1.67258e-06
1.12183e-05
2.36933e-06
1.11064e-05
2.96592e-06
1.09902e-05
3.44533e-06
3.80668e-06
1.08736e-05
8.23483e-06
-7.81959e-06
8.37834e-06
-7.01116e-06
8.58538e-06
-6.32964e-06
8.8258e-06
-5.78205e-06
9.04673e-06
-5.3484e-06
9.19632e-06
-5.02325e-06
9.22219e-06
-4.78186e-06
9.09218e-06
-4.58785e-06
8.84319e-06
-4.44579e-06
8.58801e-06
-4.39892e-06
8.44389e-06
-4.45964e-06
8.45255e-06
-4.56752e-06
8.5727e-06
-4.62734e-06
8.73399e-06
-4.57031e-06
8.88407e-06
-4.36963e-06
9.00183e-06
-4.02758e-06
9.08615e-06
-3.55483e-06
9.14306e-06
-2.96539e-06
9.17962e-06
-2.27928e-06
9.20234e-06
-1.52241e-06
9.21669e-06
-7.23159e-07
9.22302e-06
9.38499e-08
9.21774e-06
9.11319e-07
9.19461e-06
1.69571e-06
9.15242e-06
2.41152e-06
9.09811e-06
3.02023e-06
9.04352e-06
3.49992e-06
3.8526e-06
8.9976e-06
7.81077e-06
-7.99582e-06
8.07382e-06
-7.27421e-06
8.34931e-06
-6.60513e-06
8.54304e-06
-5.97577e-06
8.56388e-06
-5.36924e-06
8.35741e-06
-4.81679e-06
7.92166e-06
-4.34611e-06
7.36303e-06
-4.02922e-06
6.88696e-06
-3.96971e-06
6.65358e-06
-4.16554e-06
6.65362e-06
-4.45968e-06
6.75827e-06
-4.67217e-06
6.84914e-06
-4.71822e-06
6.88109e-06
-4.60225e-06
6.86162e-06
-4.35016e-06
6.81561e-06
-3.98157e-06
6.76248e-06
-3.5017e-06
6.71245e-06
-2.91536e-06
6.67088e-06
-2.23771e-06
6.64227e-06
-1.49381e-06
6.63255e-06
-7.13439e-07
6.64483e-06
8.15714e-08
6.67911e-06
8.77044e-07
6.72317e-06
1.65164e-06
6.76664e-06
2.36805e-06
6.80601e-06
2.98087e-06
6.84586e-06
3.46007e-06
3.80464e-06
6.89381e-06
7.5419e-06
-8.32079e-06
7.88038e-06
-7.61269e-06
8.07171e-06
-6.79646e-06
7.98688e-06
-5.89094e-06
7.54734e-06
-4.9297e-06
6.79731e-06
-4.06676e-06
5.92837e-06
-3.47717e-06
5.25671e-06
-3.35755e-06
4.97457e-06
-3.68758e-06
4.98056e-06
-4.17153e-06
5.04053e-06
-4.51965e-06
5.01367e-06
-4.64531e-06
4.88901e-06
-4.59355e-06
4.71247e-06
-4.42572e-06
4.52409e-06
-4.16178e-06
4.34678e-06
-3.80426e-06
4.18956e-06
-3.34447e-06
4.05629e-06
-2.78209e-06
3.95079e-06
-2.1322e-06
3.87854e-06
-1.42157e-06
3.84623e-06
-6.81126e-07
3.8562e-06
7.16036e-08
3.91386e-06
8.19384e-07
4.00959e-06
1.5559e-06
4.13314e-06
2.24451e-06
4.27426e-06
2.83974e-06
4.42732e-06
3.30701e-06
3.64044e-06
4.59153e-06
7.36223e-06
-8.74444e-06
7.6165e-06
-7.86695e-06
7.47279e-06
-6.65276e-06
6.84662e-06
-5.26477e-06
5.78892e-06
-3.87201e-06
4.61804e-06
-2.89587e-06
3.76648e-06
-2.62561e-06
3.45362e-06
-3.04469e-06
3.45306e-06
-3.68702e-06
3.43534e-06
-4.15381e-06
3.27384e-06
-4.35814e-06
3.00331e-06
-4.37478e-06
2.68881e-06
-4.27906e-06
2.37103e-06
-4.10794e-06
2.06135e-06
-3.8521e-06
1.77387e-06
-3.51678e-06
1.51759e-06
-3.08819e-06
1.30173e-06
-2.56623e-06
1.13431e-06
-1.96479e-06
1.02329e-06
-1.31054e-06
9.69283e-07
-6.27118e-07
9.70702e-07
7.01852e-08
1.04103e-06
7.4906e-07
1.17394e-06
1.42299e-06
1.36316e-06
2.05529e-06
1.59735e-06
2.60555e-06
1.86386e-06
3.0405e-06
3.35257e-06
2.15172e-06
7.12111e-06
-9.11534e-06
7.04738e-06
-7.79323e-06
6.28551e-06
-5.89088e-06
4.98324e-06
-3.9625e-06
3.49078e-06
-2.37956e-06
2.47234e-06
-1.87742e-06
2.12821e-06
-2.28148e-06
2.10075e-06
-3.01723e-06
1.98207e-06
-3.56834e-06
1.69554e-06
-3.86728e-06
1.31005e-06
-3.97265e-06
8.84228e-07
-3.94896e-06
4.41934e-07
-3.83676e-06
-8.20742e-09
-3.6578e-06
-4.32393e-07
-3.42791e-06
-8.31133e-07
-3.11804e-06
-1.18523e-06
-2.7341e-06
-1.48e-06
-2.27146e-06
-1.70419e-06
-1.74059e-06
-1.85309e-06
-1.16165e-06
-1.92527e-06
-5.54935e-07
-1.92222e-06
6.71386e-08
-1.83678e-06
6.63613e-07
-1.66936e-06
1.25558e-06
-1.42281e-06
1.80873e-06
-1.10724e-06
2.28998e-06
-7.39002e-07
2.67226e-06
2.94909e-06
-3.35514e-07
6.6415e-06
-9.21229e-06
5.9575e-06
-7.10922e-06
4.38879e-06
-4.32217e-06
2.65893e-06
-2.23264e-06
1.39909e-06
-1.11972e-06
1.04115e-06
-1.51948e-06
9.70572e-07
-2.2109e-06
7.44294e-07
-2.79096e-06
3.49089e-07
-3.17314e-06
-1.31817e-07
-3.38638e-06
-6.56756e-07
-3.44771e-06
-1.21273e-06
-3.39298e-06
-1.77912e-06
-3.27037e-06
-2.3366e-06
-3.10032e-06
-2.87573e-06
-2.88878e-06
-3.3732e-06
-2.62058e-06
-3.81407e-06
-2.29323e-06
-4.18152e-06
-1.90401e-06
-4.46225e-06
-1.45986e-06
-4.64833e-06
-9.75566e-07
-4.73592e-06
-4.67352e-07
-4.72392e-06
5.51408e-08
-4.61612e-06
5.55818e-07
-4.40911e-06
1.04857e-06
-4.10649e-06
1.50611e-06
-3.71955e-06
1.90303e-06
-3.26697e-06
2.21969e-06
2.45208e-06
-2.76996e-06
5.7515e-06
-8.76231e-06
4.23769e-06
-5.59541e-06
1.99058e-06
-2.07506e-06
6.70356e-07
-9.12413e-07
2.43635e-07
-6.93001e-07
1.14559e-07
-1.3904e-06
-1.99246e-07
-1.8971e-06
-6.80799e-07
-2.3094e-06
-1.24809e-06
-2.60585e-06
-1.88235e-06
-2.75211e-06
-2.55293e-06
-2.77712e-06
-3.23161e-06
-2.7143e-06
-3.90375e-06
-2.59824e-06
-4.5566e-06
-2.44748e-06
-5.17913e-06
-2.26625e-06
-5.75272e-06
-2.04698e-06
-6.26028e-06
-1.78567e-06
-6.68413e-06
-1.48016e-06
-7.00927e-06
-1.13471e-06
-7.22552e-06
-7.5932e-07
-7.32738e-06
-3.65486e-07
-7.31139e-06
3.91458e-08
-7.18275e-06
4.27178e-07
-6.94101e-06
8.0683e-07
-6.59248e-06
1.15758e-06
-6.15087e-06
1.46142e-06
-5.63636e-06
1.70518e-06
1.88675e-06
-5.07104e-06
4.26434e-06
-7.38053e-06
2.04139e-06
-3.37247e-06
4.15449e-08
-7.5217e-08
-3.79605e-07
-4.91263e-07
-3.92105e-07
-6.80502e-07
-8.06812e-07
-9.75697e-07
-1.32138e-06
-1.38252e-06
-1.96074e-06
-1.67005e-06
-2.69729e-06
-1.8693e-06
-3.48451e-06
-1.9649e-06
-4.28771e-06
-1.97392e-06
-5.08127e-06
-1.92073e-06
-5.8501e-06
-1.82941e-06
-6.58358e-06
-1.714e-06
-7.27165e-06
-1.57818e-06
-7.89991e-06
-1.41872e-06
-8.45273e-06
-1.23285e-06
-8.9136e-06
-1.01929e-06
-9.26769e-06
-7.80626e-07
-9.50396e-06
-5.23053e-07
-9.61556e-06
-2.53885e-07
-9.59877e-06
2.2352e-08
-9.45789e-06
2.863e-07
-9.19491e-06
5.4385e-07
-8.81854e-06
7.8121e-07
-8.344e-06
9.8689e-07
-7.79169e-06
1.15287e-06
1.27809e-06
-7.18302e-06
1.99984e-06
-4.4075e-06
-1.90069e-07
-1.18256e-06
-8.45799e-07
5.80513e-07
-8.21818e-07
-5.15244e-07
-1.10498e-06
-3.97336e-07
-1.54603e-06
-5.34648e-07
-2.19643e-06
-7.32129e-07
-2.98423e-06
-8.82243e-07
-3.86748e-06
-9.8605e-07
-4.79663e-06
-1.03575e-06
-5.73053e-06
-1.04002e-06
-6.63996e-06
-1.01131e-06
-7.50738e-06
-9.61986e-07
-8.32171e-06
-8.99662e-07
-9.07329e-06
-8.266e-07
-9.75031e-06
-7.41706e-07
-1.03395e-05
-6.43666e-07
-1.08269e-05
-5.31921e-07
-1.11997e-05
-4.07751e-07
-1.14486e-05
-2.74203e-07
-1.15672e-05
-1.35271e-07
-1.15527e-05
7.83061e-09
-1.14078e-05
1.41428e-07
-1.11359e-05
2.71923e-07
-1.07466e-05
3.91978e-07
-1.02558e-05
4.96037e-07
-9.68331e-06
5.80378e-07
6.4456e-07
-9.04978e-06
7.37013e-08
-1.10886e-06
-5.28344e-07
-1.04359e-06
-1.44092e-06
-1.97557e-06
-2.7077e-06
-3.58994e-06
-4.57599e-06
-5.61175e-06
-6.65177e-06
-7.66307e-06
-8.62506e-06
-9.52472e-06
-1.03513e-05
-1.1093e-05
-1.17367e-05
-1.22686e-05
-1.26764e-05
-1.29506e-05
-1.30858e-05
-1.3078e-05
-1.29366e-05
-1.26647e-05
-1.22727e-05
-1.17766e-05
-1.11963e-05
-1.05517e-05
1.27291e-05
1.62651e-06
-9.09956e-07
1.20315e-05
1.52522e-06
-8.27632e-07
1.17939e-05
6.25442e-07
-3.87893e-07
1.17739e-05
-1.06567e-06
1.08564e-06
1.13142e-05
-3.57113e-06
4.0309e-06
9.36137e-06
-6.38527e-06
8.33808e-06
5.66382e-06
-7.66845e-06
1.1366e-05
-6.29282e-06
5.12227e-07
1.14444e-05
1.43673e-05
1.62463e-06
1.42782e-05
1.61434e-06
1.39994e-05
9.04284e-07
1.3399e-05
-4.65263e-07
1.21226e-05
-2.29475e-06
9.82186e-06
-4.08454e-06
6.684e-06
-4.53059e-06
-2.83164e-06
3.22283e-06
1.47816e-05
1.92577e-06
1.45221e-05
1.87388e-06
1.41113e-05
1.31507e-06
1.33784e-05
2.67667e-07
1.21032e-05
-1.01956e-06
1.01229e-05
-2.10426e-06
7.59389e-06
-2.00156e-06
-2.83862e-07
5.04611e-06
1.52113e-05
2.3137e-06
1.48266e-05
2.25856e-06
1.43192e-05
1.8225e-06
1.35369e-05
1.04995e-06
1.23366e-05
1.80676e-07
1.06314e-05
-3.98986e-07
8.61386e-06
1.59389e-08
1.66669e-06
6.6633e-06
1.52177e-05
2.68138e-06
1.48204e-05
2.65581e-06
1.42919e-05
2.35104e-06
1.3524e-05
1.81782e-06
1.24321e-05
1.27256e-06
1.09968e-05
1.03631e-06
9.36289e-06
1.64987e-06
3.17023e-06
7.85935e-06
1.4854e-05
3.04529e-06
1.4454e-05
3.05583e-06
1.394e-05
2.86502e-06
1.32307e-05
2.52709e-06
1.22748e-05
2.22844e-06
1.10816e-05
2.22954e-06
9.79473e-06
2.93673e-06
4.32322e-06
8.64175e-06
1.42844e-05
3.40838e-06
1.38827e-05
3.4575e-06
1.33893e-05
3.35844e-06
1.27457e-05
3.17065e-06
1.19217e-05
3.05244e-06
1.0943e-05
3.20821e-06
9.94039e-06
3.93937e-06
5.18899e-06
9.07462e-06
1.34572e-05
3.71974e-06
1.30997e-05
3.81504e-06
1.26603e-05
3.79783e-06
1.21014e-05
3.72958e-06
1.14106e-05
3.74318e-06
1.06221e-05
3.99679e-06
9.85136e-06
4.71007e-06
5.81943e-06
9.22093e-06
1.22731e-05
3.93706e-06
1.20112e-05
4.07696e-06
1.1676e-05
4.13302e-06
1.12419e-05
4.16366e-06
1.07074e-05
4.27769e-06
1.01085e-05
4.59572e-06
9.54652e-06
5.27206e-06
6.24817e-06
9.11778e-06
1.07496e-05
4.0611e-06
1.05989e-05
4.22759e-06
1.0395e-05
4.3369e-06
1.01162e-05
4.44246e-06
9.76309e-06
4.63084e-06
9.36724e-06
4.99157e-06
9.01399e-06
5.62531e-06
6.48725e-06
8.77491e-06
8.95937e-06
4.09934e-06
8.91539e-06
4.27157e-06
8.84412e-06
4.40816e-06
8.72704e-06
4.55954e-06
8.5637e-06
4.79419e-06
8.37799e-06
5.17727e-06
8.23807e-06
5.76524e-06
6.53723e-06
8.18809e-06
6.95317e-06
4.03997e-06
7.0182e-06
4.20655e-06
7.07591e-06
4.35046e-06
7.11406e-06
4.52138e-06
7.13329e-06
4.77496e-06
7.15102e-06
5.15955e-06
7.2207e-06
5.69556e-06
6.39876e-06
7.35916e-06
4.76745e-06
3.86405e-06
4.95232e-06
4.02168e-06
5.14025e-06
4.16252e-06
5.32631e-06
4.33533e-06
5.51473e-06
4.58654e-06
5.71999e-06
4.95429e-06
5.98539e-06
5.43015e-06
6.07708e-06
6.30708e-06
2.45419e-06
3.56158e-06
2.76632e-06
3.70955e-06
3.08569e-06
3.84316e-06
3.41288e-06
4.00814e-06
3.75598e-06
4.24344e-06
4.12989e-06
4.58037e-06
4.56998e-06
4.99006e-06
5.58394e-06
5.06312e-06
8.78505e-08
3.13821e-06
5.23003e-07
3.2744e-06
9.67753e-07
3.39841e-06
1.42608e-06
3.54981e-06
1.90683e-06
3.76269e-06
2.42961e-06
4.05759e-06
3.01796e-06
4.4017e-06
4.93269e-06
3.66922e-06
-2.24614e-06
2.61439e-06
-1.70653e-06
2.73479e-06
-1.15433e-06
2.8462e-06
-5.84627e-07
2.98011e-06
2.54776e-08
3.15259e-06
6.76107e-07
3.40696e-06
1.37729e-06
3.70051e-06
4.13322e-06
2.17676e-06
-4.47334e-06
2.01669e-06
-3.85379e-06
2.11524e-06
-3.21426e-06
2.20667e-06
-2.54813e-06
2.31398e-06
-1.8541e-06
2.45856e-06
-1.11365e-06
2.6665e-06
-2.78519e-07
2.86539e-06
3.19905e-06
6.55656e-07
-6.53584e-06
1.36951e-06
-5.86093e-06
1.44033e-06
-5.16136e-06
1.50711e-06
-4.4347e-06
1.58732e-06
-3.67118e-06
1.69504e-06
-2.82528e-06
1.82061e-06
-1.9056e-06
1.94571e-06
2.16182e-06
-8.68374e-07
-8.37227e-06
6.91997e-07
-7.66105e-06
7.29105e-07
-6.91802e-06
7.64085e-07
-6.13644e-06
8.05737e-07
-5.29941e-06
8.5801e-07
-4.39056e-06
9.11753e-07
-3.42852e-06
9.83665e-07
1.09365e-06
-2.36034e-06
-9.85971e-06
-9.1306e-06
-8.36652e-06
-7.56078e-06
-6.70277e-06
-5.79102e-06
-4.80735e-06
-3.7137e-06
2.23285e-06
-1.72063e-06
4.39787e-06
-2.16502e-06
5.24183e-06
-8.43953e-07
5.8951e-06
-6.5327e-07
6.25968e-06
-3.6458e-07
6.04125e-06
2.18423e-07
5.76273e-06
2.7852e-07
5.52372e-06
2.39017e-07
5.29725e-06
2.26466e-07
5.12167e-06
1.75576e-07
5.01759e-06
1.04084e-07
4.96921e-06
4.8384e-08
4.95293e-06
1.62744e-08
4.95247e-06
4.64537e-10
4.95782e-06
-5.35401e-09
4.96659e-06
-8.76943e-09
4.9676e-06
-1.00612e-09
5.0269e-06
-5.93017e-08
5.12476e-06
-9.78575e-08
5.74406e-07
4.67045e-06
-3.16825e-06
5.34999e-06
-2.84456e-06
5.56438e-06
-1.05834e-06
5.79139e-06
-8.80274e-07
6.00264e-06
-5.75835e-07
6.01784e-06
2.03225e-07
5.89851e-06
3.97849e-07
5.7156e-06
4.21925e-07
5.51842e-06
4.23645e-07
5.34595e-06
3.48056e-07
5.22636e-06
2.23665e-07
5.15384e-06
1.2091e-07
5.11202e-06
5.80967e-08
5.0888e-06
2.36845e-08
5.07595e-06
7.49451e-09
5.0699e-06
-2.71942e-09
5.06843e-06
4.57686e-10
5.0986e-06
-8.94632e-08
5.11639e-06
-1.15652e-07
9.25414e-07
5.91457e-06
-4.03671e-06
6.27892e-06
-3.20891e-06
6.42084e-06
-1.20026e-06
6.50509e-06
-9.64523e-07
6.57255e-06
-6.43297e-07
6.47162e-06
3.04153e-07
6.18602e-06
6.8345e-07
5.93923e-06
6.68709e-07
5.71777e-06
6.45106e-07
5.53559e-06
5.30241e-07
5.40871e-06
3.50543e-07
5.32858e-06
2.01039e-07
5.27782e-06
1.08853e-07
5.24406e-06
5.74526e-08
5.22022e-06
3.13286e-08
5.20249e-06
1.5015e-08
5.18987e-06
1.30754e-08
5.18579e-06
-8.53843e-08
5.17003e-06
-9.98937e-08
1.16991e-06
6.99043e-06
-4.36384e-06
6.97852e-06
-3.19701e-06
6.84334e-06
-1.06507e-06
6.66585e-06
-7.8703e-07
6.52198e-06
-4.99428e-07
6.33194e-06
4.94196e-07
6.11796e-06
8.97429e-07
5.90366e-06
8.83002e-07
5.73809e-06
8.10678e-07
5.60113e-06
6.67204e-07
5.4965e-06
4.5517e-07
5.42199e-06
2.75546e-07
5.36777e-06
1.63074e-07
5.32651e-06
9.87118e-08
5.29414e-06
6.36972e-08
5.26871e-06
4.04503e-08
5.24917e-06
3.26142e-08
5.22695e-06
-6.31675e-08
5.19746e-06
-7.04003e-08
1.33173e-06
7.69666e-06
-4.20116e-06
7.39631e-06
-2.89665e-06
7.08357e-06
-7.52336e-07
6.77645e-06
-4.79906e-07
6.54453e-06
-2.6751e-07
6.35126e-06
6.87468e-07
6.12131e-06
1.12738e-06
5.91675e-06
1.08757e-06
5.75818e-06
9.69245e-07
5.63062e-06
7.94759e-07
5.53002e-06
5.55776e-07
5.45491e-06
3.50654e-07
5.39918e-06
2.18807e-07
5.35601e-06
1.41879e-07
5.32139e-06
9.83199e-08
5.29206e-06
6.97738e-08
5.26675e-06
5.79246e-08
5.23281e-06
-2.92288e-08
5.18992e-06
-2.75037e-08
1.42561e-06
8.13396e-06
-3.69336e-06
7.62072e-06
-2.38341e-06
7.17665e-06
-3.08267e-07
6.77474e-06
-7.79937e-08
6.46452e-06
4.27115e-08
6.24825e-06
9.03737e-07
6.03811e-06
1.33752e-06
5.85427e-06
1.2714e-06
5.7175e-06
1.10601e-06
5.60972e-06
9.02544e-07
5.52233e-06
6.43163e-07
5.45429e-06
4.18693e-07
5.40111e-06
2.71986e-07
5.35778e-06
1.85209e-07
5.32117e-06
1.34931e-07
5.28894e-06
1.02012e-07
5.25973e-06
8.71306e-08
5.22044e-06
1.00652e-08
5.17268e-06
2.02554e-08
1.4693e-06
8.3286e-06
-2.94735e-06
7.66047e-06
-1.71528e-06
7.13037e-06
2.21833e-07
6.67228e-06
3.80099e-07
6.31386e-06
4.01123e-07
6.09e-06
1.1276e-06
5.90925e-06
1.51826e-06
5.75182e-06
1.42884e-06
5.64033e-06
1.21749e-06
5.55495e-06
9.87929e-07
5.48296e-06
7.15153e-07
5.42313e-06
4.78521e-07
5.37374e-06
3.21372e-07
5.33204e-06
2.26916e-07
5.29581e-06
1.7116e-07
5.26298e-06
1.34841e-07
5.23234e-06
1.17765e-07
5.18933e-06
5.30809e-08
5.13883e-06
7.07508e-08
1.47318e-06
8.31643e-06
-2.04286e-06
7.54492e-06
-9.43764e-07
6.97308e-06
7.93667e-07
6.49211e-06
8.61071e-07
6.11383e-06
7.79405e-07
5.89473e-06
1.3467e-06
5.74745e-06
1.66554e-06
5.62074e-06
1.55555e-06
5.53424e-06
1.30399e-06
5.47001e-06
1.05216e-06
5.4133e-06
7.7186e-07
5.3628e-06
5.29023e-07
5.31905e-06
3.65118e-07
5.28081e-06
2.65158e-07
5.24659e-06
2.05379e-07
5.21455e-06
1.66881e-07
5.18351e-06
1.48805e-07
5.14064e-06
9.59514e-08
5.0924e-06
1.18993e-07
1.4456e-06
8.11967e-06
-1.04474e-06
7.29395e-06
-1.18049e-07
6.71602e-06
1.3716e-06
6.24181e-06
1.33528e-06
5.86781e-06
1.1534e-06
5.66497e-06
1.54955e-06
5.55502e-06
1.77549e-06
5.46162e-06
1.64895e-06
5.40089e-06
1.36473e-06
5.35775e-06
1.0953e-06
5.3171e-06
8.1251e-07
5.27742e-06
5.687e-07
5.24088e-06
4.01655e-07
5.20757e-06
2.98477e-07
5.17676e-06
2.36187e-07
5.14707e-06
1.9657e-07
5.11763e-06
1.78241e-07
5.07746e-06
1.36125e-07
5.03318e-06
1.63273e-07
1.39278e-06
7.74443e-06
-1.42587e-08
6.9151e-06
7.11272e-07
6.36717e-06
1.91954e-06
5.92693e-06
1.77552e-06
5.57967e-06
1.50066e-06
5.40506e-06
1.72415e-06
5.33547e-06
1.84508e-06
5.27763e-06
1.70679e-06
5.24398e-06
1.39838e-06
5.2224e-06
1.11687e-06
5.19854e-06
8.36369e-07
5.1708e-06
5.96444e-07
5.14261e-06
4.29841e-07
5.1154e-06
3.25692e-07
5.08925e-06
2.6233e-07
5.06328e-06
2.22546e-07
5.03698e-06
2.0454e-07
5.0012e-06
1.71901e-07
4.96285e-06
2.01624e-07
1.31967e-06
7.18912e-06
9.84711e-07
6.41329e-06
1.4871e-06
5.93131e-06
2.40152e-06
5.55015e-06
2.15669e-06
5.2509e-06
1.7999e-06
5.11664e-06
1.85841e-06
5.09008e-06
1.87165e-06
5.0702e-06
1.72667e-06
5.06513e-06
1.40345e-06
5.06577e-06
1.11623e-06
5.05935e-06
8.42789e-07
5.04453e-06
6.11268e-07
5.02582e-06
4.48548e-07
5.00588e-06
3.45631e-07
4.98559e-06
2.82621e-07
4.96457e-06
2.43563e-07
4.94281e-06
2.26301e-07
4.91297e-06
2.01745e-07
4.88212e-06
2.32473e-07
1.23001e-06
6.46487e-06
1.879e-06
5.79651e-06
2.15546e-06
5.41219e-06
2.78584e-06
5.11367e-06
2.4552e-06
4.88236e-06
2.03121e-06
4.79975e-06
1.94102e-06
4.8187e-06
1.8527e-06
4.83901e-06
1.70635e-06
4.86414e-06
1.37832e-06
4.88788e-06
1.09249e-06
4.8997e-06
8.30968e-07
4.8989e-06
6.12068e-07
4.8909e-06
4.56555e-07
4.87945e-06
3.5708e-07
4.86622e-06
2.95851e-07
4.85143e-06
2.58351e-07
4.8356e-06
2.42128e-07
4.81308e-06
2.24266e-07
4.79109e-06
2.54462e-07
1.12667e-06
5.58823e-06
2.59786e-06
5.07356e-06
2.67013e-06
4.81516e-06
3.04423e-06
4.62108e-06
2.64929e-06
4.47563e-06
2.17666e-06
4.45454e-06
1.96211e-06
4.5211e-06
1.78614e-06
4.58354e-06
1.64391e-06
4.64039e-06
1.32147e-06
4.68826e-06
1.04463e-06
4.71923e-06
7.9999e-07
4.73361e-06
5.97688e-07
4.73758e-06
4.52589e-07
4.73589e-06
3.58771e-07
4.731e-06
3.00745e-07
4.72376e-06
2.65589e-07
4.71526e-06
2.50629e-07
4.70132e-06
2.38199e-07
4.68938e-06
2.66403e-07
1.01183e-06
4.57893e-06
3.08204e-06
4.25691e-06
2.99216e-06
4.14856e-06
3.15258e-06
4.0781e-06
2.71975e-06
4.03359e-06
2.22117e-06
4.08201e-06
1.91369e-06
4.19764e-06
1.67051e-06
4.30368e-06
1.53787e-06
4.39354e-06
1.23162e-06
4.46649e-06
9.7167e-07
4.51754e-06
7.48943e-07
4.54825e-06
5.66977e-07
4.56548e-06
4.3536e-07
4.57485e-06
3.49401e-07
4.5796e-06
2.95995e-07
4.58125e-06
2.63942e-07
4.58143e-06
2.50442e-07
4.57734e-06
2.42288e-07
4.57659e-06
2.67157e-07
8.87316e-07
3.46445e-06
3.28681e-06
3.36325e-06
3.09337e-06
3.42405e-06
3.09178e-06
3.4928e-06
2.65099e-06
3.56068e-06
2.1533e-06
3.68443e-06
1.78994e-06
3.8497e-06
1.50524e-06
4.00011e-06
1.38746e-06
4.12377e-06
1.10795e-06
4.22251e-06
8.72935e-07
4.29438e-06
6.77071e-07
4.34246e-06
5.18894e-07
4.3742e-06
4.03621e-07
4.39596e-06
3.27646e-07
4.41171e-06
2.80241e-07
4.42363e-06
2.52022e-07
4.43387e-06
2.40207e-07
4.44072e-06
2.35439e-07
4.45196e-06
2.55912e-07
7.54305e-07
2.27519e-06
3.18837e-06
2.41145e-06
2.95711e-06
2.65557e-06
2.84766e-06
2.87489e-06
2.43167e-06
3.06278e-06
1.96541e-06
3.2655e-06
1.58722e-06
3.47996e-06
1.29079e-06
3.67475e-06
1.19267e-06
3.83253e-06
9.50167e-07
3.95747e-06
7.47994e-07
4.05079e-06
5.83752e-07
4.11716e-06
4.5253e-07
4.16448e-06
3.563e-07
4.19971e-06
2.9241e-07
4.22756e-06
2.52398e-07
4.25086e-06
2.28716e-07
4.27232e-06
2.18746e-07
4.29141e-06
2.16357e-07
4.31572e-06
2.31599e-07
6.14398e-07
1.04513e-06
2.7989e-06
1.42426e-06
2.57798e-06
1.85958e-06
2.41234e-06
2.23571e-06
2.05554e-06
2.5471e-06
1.65401e-06
2.83003e-06
1.30429e-06
3.09184e-06
1.02898e-06
3.32985e-06
9.54663e-07
3.52102e-06
7.58992e-07
3.67178e-06
5.97235e-07
3.78663e-06
4.68903e-07
3.87191e-06
3.67252e-07
3.93595e-06
2.92253e-07
3.9862e-06
2.42163e-07
4.02784e-06
2.10755e-07
4.06418e-06
1.92378e-07
4.09815e-06
1.8478e-07
4.13011e-06
1.84391e-07
4.16743e-06
1.94287e-07
4.68065e-07
-1.96615e-07
2.12714e-06
4.26987e-07
1.95438e-06
1.05521e-06
1.78412e-06
1.58947e-06
1.52128e-06
2.02379e-06
1.21969e-06
2.38636e-06
9.41728e-07
2.69289e-06
7.22444e-07
2.97296e-06
6.74595e-07
3.19708e-06
5.3487e-07
3.37356e-06
4.20754e-07
3.50996e-06
3.32507e-07
3.61392e-06
2.63287e-07
3.69409e-06
2.12081e-07
3.75855e-06
1.77708e-07
3.81339e-06
1.55912e-07
3.86278e-06
1.42988e-07
3.91002e-06
1.37544e-07
3.95646e-06
1.37953e-07
4.00804e-06
1.42705e-07
3.1649e-07
-1.41954e-06
1.18635e-06
-5.51774e-07
1.08661e-06
2.61946e-07
9.70401e-07
9.5186e-07
8.31364e-07
1.50151e-06
6.70033e-07
1.93688e-06
5.06366e-07
2.28322e-06
3.76095e-07
2.60076e-06
3.57055e-07
2.85396e-06
2.81673e-07
3.05414e-06
2.2058e-07
3.2124e-06
1.74239e-07
3.33749e-06
1.382e-07
3.43767e-06
1.11899e-07
3.52055e-06
9.48331e-08
3.59196e-06
8.44975e-08
3.65651e-06
7.84379e-08
3.71753e-06
7.65285e-08
3.77812e-06
7.73633e-08
3.8421e-06
7.87218e-08
1.60905e-07
-2.52736e-06
-1.44075e-06
-4.70353e-07
3.61012e-07
1.03104e-06
1.53741e-06
1.91351e-06
2.27056e-06
2.55223e-06
2.77281e-06
2.94705e-06
3.08525e-06
3.19715e-06
3.29198e-06
3.37648e-06
3.45492e-06
3.53145e-06
3.60881e-06
3.68753e-06
-2.17954e-06
2.17954e-06
-5.64255e-07
6.3197e-06
-2.91982e-06
2.35557e-06
-2.83459e-06
6.28269e-06
-2.78753e-06
-4.7058e-08
-1.73292e-06
-8.83286e-06
-9.30894e-07
-1.76269e-05
-2.47702e-05
-1.26157e-06
3.44111e-06
-1.54404e-06
6.60217e-06
-4.20085e-06
5.01238e-06
-3.97833e-06
6.06017e-06
-2.76454e-06
-1.26085e-06
-1.76141e-06
-9.83598e-06
-9.40841e-07
-1.84475e-05
-2.57111e-05
-1.39923e-06
4.84034e-06
-2.41627e-06
7.61922e-06
-4.57963e-06
7.17574e-06
-3.56083e-06
5.04137e-06
-2.3745e-06
-2.44718e-06
-1.64711e-06
-1.05634e-05
-9.00417e-07
-1.91942e-05
-2.66115e-05
-1.64756e-06
6.4879e-06
-3.00268e-06
8.97433e-06
-4.23736e-06
8.41042e-06
-3.18812e-06
3.99212e-06
-2.22416e-06
-3.41114e-06
-1.51566e-06
-1.12719e-05
-8.46624e-07
-1.98632e-05
-2.74581e-05
-1.7259e-06
8.2138e-06
-3.18367e-06
1.04321e-05
-3.68902e-06
8.91577e-06
-2.80634e-06
3.10944e-06
-2.0178e-06
-4.19968e-06
-1.37447e-06
-1.19152e-05
-7.78846e-07
-2.04588e-05
-2.8237e-05
-1.7138e-06
9.9276e-06
-3.03473e-06
1.1753e-05
-3.14583e-06
9.02688e-06
-2.41987e-06
2.38348e-06
-1.78796e-06
-4.83159e-06
-1.23067e-06
-1.24725e-05
-7.0632e-07
-2.09832e-05
-2.89433e-05
-1.64084e-06
1.15684e-05
-2.71723e-06
1.28294e-05
-2.64476e-06
8.95441e-06
-2.08271e-06
1.82143e-06
-1.5657e-06
-5.34859e-06
-1.08994e-06
-1.29483e-05
-6.33199e-07
-2.14399e-05
-2.95765e-05
-1.50489e-06
1.30733e-05
-2.35099e-06
1.36755e-05
-2.21685e-06
8.82027e-06
-1.81337e-06
1.41795e-06
-1.36736e-06
-5.79461e-06
-9.58183e-07
-1.33574e-05
-5.62889e-07
-2.18352e-05
-3.01394e-05
-1.33355e-06
1.44069e-05
-2.00011e-06
1.43421e-05
-1.87819e-06
8.69835e-06
-1.60134e-06
1.1411e-06
-1.19627e-06
-6.19968e-06
-8.37889e-07
-1.37158e-05
-4.97077e-07
-2.2176e-05
-3.06364e-05
-1.155e-06
1.55619e-05
-1.68843e-06
1.48755e-05
-1.61082e-06
8.62074e-06
-1.4244e-06
9.54676e-07
-1.0496e-06
-6.57448e-06
-7.29318e-07
-1.40361e-05
-4.36363e-07
-2.2469e-05
-3.10728e-05
-9.85215e-07
1.65471e-05
-1.41838e-06
1.53087e-05
-1.38813e-06
8.5905e-06
-1.26487e-06
8.31413e-07
-9.20861e-07
-6.91848e-06
-6.31264e-07
-1.43257e-05
-3.8056e-07
-2.27197e-05
-3.14534e-05
-8.2997e-07
1.73771e-05
-1.18529e-06
1.5664e-05
-1.19363e-06
8.59885e-06
-1.11515e-06
7.52929e-07
-8.03772e-07
-7.22986e-06
-5.41698e-07
-1.45878e-05
-3.29042e-07
-2.29323e-05
-3.17824e-05
-6.90122e-07
1.80672e-05
-9.82859e-07
1.59567e-05
-1.01777e-06
8.63376e-06
-9.7203e-07
7.07185e-07
-6.93583e-07
-7.50831e-06
-4.58322e-07
-1.4823e-05
-2.80964e-07
-2.31097e-05
-3.20634e-05
-5.64549e-07
1.86317e-05
-8.04302e-07
1.61965e-05
-8.52763e-07
8.68222e-06
-8.31932e-07
6.86354e-07
-5.86508e-07
-7.75373e-06
-3.78982e-07
-1.50306e-05
-2.35392e-07
-2.32533e-05
-3.22988e-05
-4.51211e-07
1.90829e-05
-6.43227e-07
1.63885e-05
-6.93167e-07
8.73216e-06
-6.91139e-07
6.84326e-07
-4.79205e-07
-7.96567e-06
-3.01962e-07
-1.52078e-05
-1.91342e-07
-2.33639e-05
-3.24901e-05
-3.47761e-07
1.94307e-05
-4.94389e-07
1.65351e-05
-5.35503e-07
8.77328e-06
-5.47077e-07
6.959e-07
-3.69009e-07
-8.14373e-06
-2.25839e-07
-1.5351e-05
-1.47861e-07
-2.34419e-05
-3.2638e-05
-2.52065e-07
1.96828e-05
-3.53838e-07
1.66369e-05
-3.7895e-07
8.79839e-06
-3.97585e-07
7.14535e-07
-2.54602e-07
-8.28672e-06
-1.48725e-07
-1.54568e-05
-1.04429e-07
-2.34862e-05
-3.27424e-05
-1.62542e-07
1.98453e-05
-2.1837e-07
1.66927e-05
-2.2478e-07
8.8048e-06
-2.39008e-07
7.28763e-07
-1.33966e-07
-8.39176e-06
-6.9217e-08
-1.55216e-05
-6.10165e-08
-2.34944e-05
-3.28034e-05
-7.88757e-08
1.99242e-05
-8.53766e-08
1.66992e-05
-7.77143e-08
8.79714e-06
-6.93327e-08
7.20381e-07
8.23254e-09
-8.46932e-06
6.51965e-09
-1.55199e-05
-1.32449e-08
-2.34746e-05
-3.28167e-05
-4.0595e-09
1.99282e-05
4.83103e-08
1.66469e-05
6.12282e-08
8.78422e-06
9.02451e-08
6.91365e-07
1.23568e-07
-8.50265e-06
1.01759e-07
-1.54981e-05
2.77917e-08
-2.34006e-05
-3.27889e-05
8.83373e-08
1.98399e-05
1.92702e-07
1.65425e-05
2.16655e-07
8.76026e-06
2.59922e-07
6.48098e-07
2.57425e-07
-8.50015e-06
1.90817e-07
-1.54315e-05
6.9269e-08
-2.32791e-05
-3.27196e-05
1.73999e-07
1.96659e-05
3.4057e-07
1.63759e-05
3.78716e-07
8.72212e-06
4.35805e-07
5.91008e-07
4.04178e-07
-8.46852e-06
2.81316e-07
-1.53086e-05
1.13946e-07
-2.31117e-05
-3.26056e-05
2.61816e-07
1.94041e-05
4.94809e-07
1.61429e-05
5.58162e-07
8.65877e-06
6.22164e-07
5.27007e-07
5.61007e-07
-8.40736e-06
3.74651e-07
-1.51222e-05
1.6017e-07
-2.28972e-05
-3.24455e-05
3.53088e-07
1.9051e-05
6.57069e-07
1.58389e-05
7.56063e-07
8.55977e-06
8.1993e-07
4.6314e-07
7.26337e-07
-8.31377e-06
4.70645e-07
-1.48666e-05
2.07428e-07
-2.2634e-05
-3.2238e-05
4.47787e-07
1.86032e-05
8.27507e-07
1.54592e-05
9.6945e-07
8.41783e-06
1.02985e-06
4.02743e-07
8.98538e-07
-8.18246e-06
5.68287e-07
-1.45363e-05
2.55552e-07
-2.23213e-05
-3.19825e-05
5.45581e-07
1.80576e-05
1.0052e-06
1.49996e-05
1.19616e-06
8.22688e-06
1.25128e-06
3.47622e-07
1.07568e-06
-8.00686e-06
6.66067e-07
-1.41267e-05
3.04504e-07
-2.19597e-05
-3.1678e-05
6.45738e-07
1.74119e-05
1.18843e-06
1.44569e-05
1.43275e-06
7.98255e-06
1.4815e-06
2.98868e-07
1.25505e-06
-7.78041e-06
7.62204e-07
-1.36339e-05
3.54457e-07
-2.1552e-05
-3.13235e-05
7.47109e-07
1.66648e-05
1.37472e-06
1.38293e-05
1.67471e-06
7.68257e-06
1.7165e-06
2.57076e-07
1.43323e-06
-7.49714e-06
8.54958e-07
-1.30556e-05
4.06008e-07
-2.1103e-05
-3.09175e-05
8.48323e-07
1.58165e-05
1.56117e-06
1.31165e-05
1.91688e-06
7.32685e-06
1.95164e-06
2.22317e-07
1.60638e-06
-7.15188e-06
9.43053e-07
-1.23922e-05
4.60544e-07
-2.06205e-05
-3.0457e-05
9.48031e-07
1.48684e-05
1.74485e-06
1.23196e-05
2.1544e-06
6.9173e-06
2.18243e-06
1.94288e-07
1.77054e-06
-6.73999e-06
1.02631e-06
-1.1648e-05
5.20755e-07
-2.0115e-05
-2.99362e-05
1.04509e-06
1.38233e-05
1.92326e-06
1.14415e-05
2.38315e-06
6.45741e-06
2.40487e-06
1.72567e-07
1.92196e-06
-6.25708e-06
1.1065e-06
-1.08326e-05
5.91259e-07
-1.95997e-05
-2.9345e-05
1.1387e-06
1.26846e-05
2.09447e-06
1.04857e-05
2.60019e-06
5.9517e-06
2.61567e-06
1.57086e-07
2.05758e-06
-5.69899e-06
1.18871e-06
-9.96369e-06
6.79444e-07
-1.90905e-05
-2.86655e-05
1.22856e-06
1.14561e-05
2.25721e-06
9.45706e-06
2.80342e-06
5.40548e-06
2.81275e-06
1.47763e-07
2.17576e-06
-5.062e-06
1.2839e-06
-9.07183e-06
7.96817e-07
-1.86034e-05
-2.78687e-05
1.31506e-06
1.0141e-05
2.41098e-06
8.36113e-06
2.99473e-06
4.82173e-06
2.99466e-06
1.47838e-07
2.27675e-06
-4.34409e-06
1.41379e-06
-8.20888e-06
9.61106e-07
-1.81507e-05
-2.69076e-05
1.39972e-06
8.7413e-06
2.55543e-06
7.20542e-06
3.16908e-06
4.20809e-06
3.16198e-06
1.54943e-07
2.36287e-06
-3.54498e-06
1.6189e-06
-7.46491e-06
1.19825e-06
-1.77301e-05
-2.57094e-05
1.48483e-06
7.25648e-06
2.69096e-06
5.99929e-06
3.3464e-06
3.55264e-06
3.31054e-06
1.90809e-07
2.45969e-06
-2.69413e-06
1.9688e-06
-6.97402e-06
1.54217e-06
-1.73034e-05
-2.41672e-05
1.57622e-06
5.68026e-06
2.82039e-06
4.75511e-06
3.48557e-06
2.88745e-06
3.44304e-06
2.33345e-07
2.64227e-06
-1.89337e-06
2.56959e-06
-6.90133e-06
2.03133e-06
-1.67652e-05
-2.21358e-05
1.66636e-06
4.0139e-06
2.93788e-06
3.4836e-06
3.69688e-06
2.12846e-06
3.50822e-06
4.2201e-07
3.11361e-06
-1.49877e-06
3.5715e-06
-7.35922e-06
2.69993e-06
-1.58936e-05
-1.94359e-05
1.8376e-06
2.17629e-06
3.12881e-06
2.19239e-06
3.76376e-06
1.4935e-06
3.77188e-06
4.13884e-07
4.33963e-06
-2.06652e-06
5.16292e-06
-8.18251e-06
3.54537e-06
-1.42761e-05
-1.58905e-05
1.26634e-06
2.6311e-06
3.73671e-06
5.23623e-06
7.20062e-06
7.35618e-06
4.44613e-06
1.21926e-06
-1.70644e-05
1.21386e-06
-1.43199e-05
1.37972e-06
-1.30137e-05
1.54347e-06
-1.19458e-05
1.67657e-06
-1.15415e-05
1.62455e-06
-1.11546e-05
1.29155e-06
-1.03618e-05
-1.05983e-05
7.79894e-07
-1.78443e-05
9.49564e-07
-1.44895e-05
1.14959e-06
-1.32137e-05
1.28924e-06
-1.20854e-05
1.39558e-06
-1.16479e-05
1.30867e-06
-1.10677e-05
1.04176e-06
-1.00949e-05
-9.55656e-06
5.48997e-07
-1.83933e-05
7.49763e-07
-1.46903e-05
9.54174e-07
-1.34181e-05
1.08297e-06
-1.22142e-05
1.1723e-06
-1.17372e-05
1.07607e-06
-1.09715e-05
8.01662e-07
-9.82047e-06
-8.7549e-06
3.81887e-07
-1.87752e-05
5.79288e-07
-1.48877e-05
7.8451e-07
-1.36233e-05
9.01637e-07
-1.23313e-05
9.79121e-07
-1.18147e-05
8.8712e-07
-1.08795e-05
6.40725e-07
-9.57408e-06
-8.11418e-06
2.76233e-07
-1.90514e-05
4.48259e-07
-1.50597e-05
6.4064e-07
-1.38157e-05
7.47203e-07
-1.24379e-05
8.16637e-07
-1.18841e-05
7.34226e-07
-1.07971e-05
5.1541e-07
-9.35526e-06
-7.59877e-06
2.03491e-07
-1.92549e-05
3.4647e-07
-1.52027e-05
5.19842e-07
-1.39891e-05
6.15839e-07
-1.25339e-05
6.78906e-07
-1.19472e-05
6.07988e-07
-1.07262e-05
4.18855e-07
-9.16613e-06
-7.17991e-06
1.53281e-07
-1.94082e-05
2.68994e-07
-1.53184e-05
4.20002e-07
-1.41401e-05
5.05278e-07
-1.26192e-05
5.62662e-07
-1.20046e-05
5.03354e-07
-1.06669e-05
3.42114e-07
-9.00489e-06
-6.8378e-06
1.17205e-07
-1.95254e-05
2.09598e-07
-1.54108e-05
3.38147e-07
-1.42687e-05
4.12871e-07
-1.26939e-05
4.64641e-07
-1.20563e-05
4.16221e-07
-1.06184e-05
2.80271e-07
-8.86894e-06
-6.55753e-06
9.06598e-08
-1.96161e-05
1.6387e-07
-1.5484e-05
2.71406e-07
-1.43762e-05
3.36141e-07
-1.27586e-05
3.82178e-07
-1.21024e-05
3.43572e-07
-1.05798e-05
2.29772e-07
-8.75514e-06
-6.32775e-06
7.0589e-08
-1.96867e-05
1.28309e-07
-1.55417e-05
2.17062e-07
-1.44649e-05
2.72716e-07
-1.28143e-05
3.1292e-07
-1.21426e-05
2.82971e-07
-1.05499e-05
1.88162e-07
-8.66033e-06
-6.13959e-06
5.50658e-08
-1.97417e-05
1.00368e-07
-1.55871e-05
1.72735e-07
-1.45373e-05
2.20433e-07
-1.2862e-05
2.54811e-07
-1.21769e-05
2.32441e-07
-1.05275e-05
1.53647e-07
-8.58153e-06
-5.98594e-06
4.27767e-08
-1.97845e-05
7.81661e-08
-1.56224e-05
1.36376e-07
-1.45955e-05
1.77357e-07
-1.2903e-05
2.06043e-07
-1.22056e-05
1.90327e-07
-1.05118e-05
1.24875e-07
-8.51608e-06
-5.86107e-06
3.27882e-08
-1.98173e-05
6.03382e-08
-1.565e-05
1.06216e-07
-1.46414e-05
1.41812e-07
-1.29386e-05
1.65027e-07
-1.22288e-05
1.5523e-07
-1.0502e-05
1.00791e-07
-8.46164e-06
-5.76028e-06
2.4412e-08
-1.98417e-05
4.58618e-08
-1.56714e-05
8.07215e-08
-1.46763e-05
1.1239e-07
-1.29702e-05
1.30334e-07
-1.22468e-05
1.25938e-07
-1.04976e-05
8.05467e-08
-8.41625e-06
-5.67973e-06
1.71227e-08
-1.98588e-05
3.38916e-08
-1.56882e-05
5.8615e-08
-1.4701e-05
8.78706e-08
-1.29995e-05
1.00623e-07
-1.22595e-05
1.01409e-07
-1.04984e-05
6.34478e-08
-8.37829e-06
-5.61628e-06
1.0262e-08
-1.98691e-05
2.38022e-08
-1.57017e-05
3.8699e-08
-1.47159e-05
6.70576e-08
-1.30278e-05
7.46787e-08
-1.22672e-05
8.07525e-08
-1.05045e-05
4.89067e-08
-8.34645e-06
-5.56738e-06
3.71333e-09
-1.98728e-05
1.54913e-08
-1.57135e-05
1.83646e-08
-1.47188e-05
4.88852e-08
-1.30584e-05
5.15166e-08
-1.22698e-05
6.31333e-08
-1.05161e-05
3.64091e-08
-8.31972e-06
-5.53097e-06
-1.1039e-09
-1.98717e-05
7.17662e-09
-1.57218e-05
1.93783e-09
-1.47135e-05
3.30174e-08
-1.30894e-05
2.97837e-08
-1.22666e-05
4.76856e-08
-1.0534e-05
2.55667e-08
-8.2976e-06
-5.5054e-06
-5.92945e-09
-1.98658e-05
-2.28955e-09
-1.57254e-05
-1.25932e-08
-1.47032e-05
1.97497e-08
-1.31218e-05
8.39288e-09
-1.22552e-05
3.37597e-08
-1.05593e-05
1.61589e-08
-8.28e-06
-5.48924e-06
-1.10862e-08
-1.98547e-05
-1.20928e-08
-1.57244e-05
-2.62786e-08
-1.4689e-05
3.53789e-09
-1.31516e-05
-7.44001e-09
-1.22442e-05
2.13145e-08
-1.05881e-05
7.72446e-09
-8.26641e-06
-5.48152e-06
-1.62285e-08
-1.98385e-05
-2.24253e-08
-1.57182e-05
-3.96733e-08
-1.46718e-05
-1.31941e-08
-1.31781e-05
-2.22563e-08
-1.22352e-05
1.0485e-08
-1.06208e-05
1.34872e-09
-8.25728e-06
-5.48017e-06
-2.2183e-08
-1.98163e-05
-3.7445e-08
-1.5703e-05
-5.51937e-08
-1.4654e-05
-3.32695e-08
-1.32e-05
-3.64994e-08
-1.22319e-05
-3.45519e-09
-1.06539e-05
-3.34294e-09
-8.25739e-06
-5.48351e-06
-2.9373e-08
-1.97869e-05
-5.29076e-08
-1.56794e-05
-7.34664e-08
-1.46335e-05
-5.81772e-08
-1.32153e-05
-5.34967e-08
-1.22366e-05
-2.06132e-08
-1.06868e-05
-7.09332e-09
-8.27091e-06
-5.4906e-06
-3.81873e-08
-1.97487e-05
-6.99123e-08
-1.56477e-05
-9.50989e-08
-1.46083e-05
-8.39105e-08
-1.32265e-05
-7.3776e-08
-1.22467e-05
-4.00715e-08
-1.07205e-05
-1.12402e-08
-8.29974e-06
-5.50185e-06
-4.89926e-08
-1.96997e-05
-8.93364e-08
-1.56074e-05
-1.20968e-07
-1.45767e-05
-1.12642e-07
-1.32348e-05
-9.82129e-08
-1.22612e-05
-6.01072e-08
-1.07586e-05
-1.65669e-08
-8.34328e-06
-5.51841e-06
-6.2216e-08
-1.96375e-05
-1.12015e-07
-1.55576e-05
-1.51975e-07
-1.45367e-05
-1.46017e-07
-1.32408e-05
-1.27932e-07
-1.22793e-05
-8.26634e-08
-1.08038e-05
-2.42617e-08
-8.40168e-06
-5.54267e-06
-7.83498e-08
-1.95592e-05
-1.38819e-07
-1.54971e-05
-1.8912e-07
-1.44864e-05
-1.8561e-07
-1.32443e-05
-1.64172e-07
-1.23007e-05
-1.09213e-07
-1.08588e-05
-3.6108e-08
-8.47479e-06
-5.57878e-06
-9.79913e-08
-1.94612e-05
-1.70702e-07
-1.54244e-05
-2.33524e-07
-1.44236e-05
-2.3312e-07
-1.32447e-05
-2.08461e-07
-1.23254e-05
-1.41195e-07
-1.09261e-05
-4.89542e-08
-8.56703e-06
-5.62774e-06
-1.21969e-07
-1.93392e-05
-2.08856e-07
-1.53375e-05
-2.86537e-07
-1.43459e-05
-2.90496e-07
-1.32407e-05
-2.62726e-07
-1.23531e-05
-1.80532e-07
-1.10083e-05
-6.55125e-08
-8.68205e-06
-5.69325e-06
-1.51529e-07
-1.91877e-05
-2.54902e-07
-1.52341e-05
-3.49834e-07
-1.4251e-05
-3.59959e-07
-1.32306e-05
-3.29246e-07
-1.23838e-05
-2.29645e-07
-1.11079e-05
-8.77895e-08
-8.8239e-06
-5.78104e-06
-1.88316e-07
-1.89993e-05
-3.10763e-07
-1.51117e-05
-4.25246e-07
-1.41365e-05
-4.43827e-07
-1.3212e-05
-4.10677e-07
-1.2417e-05
-2.92461e-07
-1.12261e-05
-1.18109e-07
-8.99825e-06
-5.89915e-06
-2.33958e-07
-1.87654e-05
-3.78128e-07
-1.49675e-05
-5.14398e-07
-1.40002e-05
-5.44337e-07
-1.31821e-05
-5.09891e-07
-1.24514e-05
-3.72497e-07
-1.13635e-05
-1.59418e-07
-9.21133e-06
-6.05857e-06
-2.90099e-07
-1.84753e-05
-4.58684e-07
-1.47989e-05
-6.18984e-07
-1.38399e-05
-6.63893e-07
-1.31372e-05
-6.30099e-07
-1.24852e-05
-4.73722e-07
-1.15198e-05
-2.16193e-07
-9.46886e-06
-6.27476e-06
-3.60725e-07
-1.81146e-05
-5.56957e-07
-1.46027e-05
-7.42491e-07
-1.36544e-05
-8.05756e-07
-1.30739e-05
-7.75142e-07
-1.25158e-05
-6.02172e-07
-1.16928e-05
-2.95324e-07
-9.77571e-06
-6.57008e-06
-4.56037e-07
-1.76585e-05
-6.83804e-07
-1.43749e-05
-8.91431e-07
-1.34467e-05
-9.74011e-07
-1.29913e-05
-9.48978e-07
-1.25409e-05
-7.64954e-07
-1.18768e-05
-4.04758e-07
-1.01359e-05
-6.97484e-06
-5.90019e-07
-1.70685e-05
-8.52328e-07
-1.41126e-05
-1.07178e-06
-1.32273e-05
-1.17156e-06
-1.28916e-05
-1.15402e-06
-1.25584e-05
-9.67025e-07
-1.20638e-05
-5.51695e-07
-1.05512e-05
-7.52653e-06
-7.64491e-07
-1.6304e-05
-1.06393e-06
-1.38132e-05
-1.28295e-06
-1.30083e-05
-1.3982e-06
-1.27763e-05
-1.39084e-06
-1.25658e-05
-1.20987e-06
-1.22448e-05
-7.42568e-07
-1.10185e-05
-8.2691e-06
-9.61134e-07
-1.53429e-05
-1.31051e-06
-1.34638e-05
-1.52605e-06
-1.27927e-05
-1.65421e-06
-1.26481e-05
-1.66181e-06
-1.25582e-05
-1.5021e-06
-1.24045e-05
-9.87904e-07
-1.15327e-05
-9.25701e-06
-1.19905e-06
-1.41438e-05
-1.63123e-06
-1.30316e-05
-1.8341e-06
-1.25899e-05
-1.94853e-06
-1.25337e-05
-1.97406e-06
-1.25326e-05
-1.87206e-06
-1.25065e-05
-1.34836e-06
-1.20564e-05
-1.06054e-05
-1.64383e-06
-2.17546e-06
-2.26533e-06
-2.29905e-06
-2.33169e-06
-2.3382e-06
-1.89463e-06
)
;

boundaryField
{
    wall
    {
        type            calculated;
        value           nonuniform List<scalar> 
312
(
0
0
0
0
0
0
0
0
0
0
0
0
0
0
0
0
0
0
0
0
-9.13799e-22
-1.83993e-22
-2.94514e-22
-7.66308e-23
-1.97477e-22
1.5292e-21
-4.78704e-22
4.55898e-22
3.79389e-23
-9.00391e-22
6.89418e-22
8.3953e-22
-1.94381e-22
-1.01253e-21
-8.41158e-24
-6.16981e-22
-1.75901e-22
-4.54447e-22
6.89775e-22
-1.24802e-21
2.15964e-21
-2.41887e-22
1.34047e-21
-7.98908e-24
1.74683e-22
3.37665e-22
4.6828e-22
-9.63824e-23
1.3808e-23
-1.16422e-22
2.15247e-22
1.09782e-21
9.75669e-22
9.69965e-22
5.80622e-22
1.032e-21
5.84058e-22
1.16089e-21
7.78397e-22
5.25511e-22
-4.83645e-22
-9.22546e-22
2.15319e-22
9.26073e-23
3.82968e-23
-5.67037e-22
-3.01454e-22
-8.9697e-22
8.20819e-23
6.49734e-22
-3.44758e-22
-7.02275e-22
-4.17944e-22
-3.20175e-22
2.88848e-22
7.45894e-23
-3.37697e-22
-7.10761e-22
-7.15117e-22
2.27392e-22
-2.18003e-22
3.41342e-22
-9.56421e-23
-4.32434e-22
-2.14977e-22
-2.13618e-25
-3.95492e-22
2.22258e-23
9.72547e-22
3.27978e-22
-6.29207e-22
4.69043e-22
-3.8092e-22
-2.65943e-22
-7.30098e-23
-3.40734e-23
1.05523e-22
-5.45215e-23
1.17487e-21
6.59087e-23
0
0
0
0
0
0
0
0
0
0
0
0
0
0
0
0
0
0
0
0
0
0
0
0
0
0
0
0
0
0
0
0
0
0
0
0
0
0
0
0
0
0
0
0
0
0
0
0
0
0
0
0
0
0
0
0
-7.39845e-22
2.1831e-22
7.72433e-22
2.15782e-21
-1.93296e-21
-1.7162e-21
-4.65959e-21
-1.77689e-22
2.96543e-22
-2.67464e-23
1.67451e-21
2.07998e-21
-4.25239e-22
1.43092e-21
-1.78296e-22
-1.5974e-21
1.17791e-22
-6.9341e-22
6.89215e-22
3.34159e-22
0
0
0
0
0
0
0
0
0
0
0
0
0
0
0
0
0
0
0
0
0
0
0
0
0
0
0
0
0
0
0
0
0
0
0
0
0
0
0
0
0
0
0
0
0
0
0
0
0
0
0
0
0
0
0
0
0
0
0
0
0
0
0
0
0
0
0
0
0
0
0
0
0
0
0
0
0
0
0
0
0
0
0
0
0
0
0
0
0
0
0
0
0
0
0
0
0
0
0
0
0
0
0
0
0
0
0
0
0
0
0
0
0
0
0
0
0
0
0
0
0
0
0
0
0
0
0
0
0
0
0
0
0
0
0
0
)
;
    }
    inlet1
    {
        type            calculated;
        value           nonuniform List<scalar> 
20
(
-1.4375e-06
-1.4375e-06
-1.4375e-06
-1.4375e-06
-1.4375e-06
-1.4375e-06
-1.4375e-06
-1.4375e-06
-1.4375e-06
-1.4375e-06
-1.4375e-06
-1.4375e-06
-1.4375e-06
-1.4375e-06
-1.4375e-06
-1.4375e-06
-1.4375e-06
-1.4375e-06
-1.4375e-06
-1.4375e-06
)
;
    }
    inlet2
    {
        type            calculated;
        value           nonuniform List<scalar> 8(-1.25e-05 -1.25e-05 -1.25e-05 -1.25e-05 -1.25e-05 -1.25e-05 -1.25e-05 -1.25e-05);
    }
    outlet1
    {
        type            calculated;
        value           nonuniform List<scalar> 
20
(
4.55035e-06
4.76538e-06
4.92554e-06
5.03564e-06
5.09604e-06
5.12899e-06
5.13495e-06
5.11998e-06
5.086e-06
5.03596e-06
4.97178e-06
4.89443e-06
4.80422e-06
4.7011e-06
4.58497e-06
4.45563e-06
4.31376e-06
4.15961e-06
3.99769e-06
3.84844e-06
)
;
    }
    outlet2
    {
        type            calculated;
        value           nonuniform List<scalar> 8(0 -7.93499e-06 0 -6.36793e-06 0 7.77825e-06 1.68249e-05 2.38393e-05);
    }
    defaultFaces
    {
        type            empty;
        value           nonuniform 0();
    }
}


// ************************************************************************* //
