/*--------------------------------*- C++ -*----------------------------------*\
| =========                 |                                                 |
| \\      /  F ield         | OpenFOAM: The Open Source CFD Toolbox           |
|  \\    /   O peration     | Version:  2.4.0                                 |
|   \\  /    A nd           | Web:      www.OpenFOAM.org                      |
|    \\/     M anipulation  |                                                 |
\*---------------------------------------------------------------------------*/
FoamFile
{
    version     2.0;
    format      ascii;
    class       volScalarField;
    location    "2.7";
    object      p;
}
// * * * * * * * * * * * * * * * * * * * * * * * * * * * * * * * * * * * * * //

dimensions      [0 2 -2 0 0 0 0];

internalField   nonuniform List<scalar> 
6000
(
0.0740813
0.257375
0.274825
0.299855
0.305644
0.314552
0.317355
0.321602
0.32346
0.325878
0.327319
0.328953
0.330165
0.331554
0.332817
0.334314
0.335794
0.337407
0.338973
0.340522
0.342008
0.343448
0.344915
0.346548
0.348464
0.35092
0.354192
0.358416
0.363806
0.370795
0.379368
0.389819
0.402159
0.416281
0.431652
0.448437
0.465375
0.481128
0.493412
0.501323
0.503961
0.502061
0.495623
0.485935
0.473461
0.459979
0.446205
0.432799
0.418841
0.404753
0.390617
0.376709
0.36176
0.346028
0.323238
0.304453
0.260893
0.243736
0.137997
0.175618
0.0881454
0.256893
0.274791
0.299699
0.305557
0.314457
0.317299
0.321545
0.323423
0.325841
0.327294
0.328932
0.330149
0.331539
0.332802
0.334299
0.33578
0.337397
0.338969
0.340526
0.34202
0.343467
0.34494
0.346577
0.348495
0.350949
0.354218
0.358437
0.363819
0.370802
0.379372
0.389822
0.402148
0.416255
0.431603
0.448344
0.465232
0.480927
0.493245
0.501179
0.503815
0.501899
0.495447
0.485741
0.473266
0.459788
0.446021
0.432612
0.41864
0.404534
0.390372
0.376432
0.361431
0.345611
0.322787
0.303811
0.260277
0.242607
0.13732
0.173026
0.100605
0.256709
0.27479
0.299587
0.305479
0.314385
0.317248
0.3215
0.323389
0.325812
0.327271
0.328913
0.330133
0.331524
0.332786
0.334282
0.335765
0.337387
0.338967
0.340533
0.342036
0.343492
0.344971
0.346611
0.348529
0.350978
0.35424
0.358449
0.363816
0.370787
0.379351
0.389778
0.402076
0.416154
0.431453
0.44813
0.464942
0.480545
0.492915
0.500923
0.503599
0.501697
0.495251
0.485551
0.473087
0.459592
0.445827
0.432422
0.418439
0.404318
0.390134
0.376174
0.361138
0.345239
0.322369
0.303222
0.259674
0.241585
0.13656
0.170707
0.110666
0.256693
0.274848
0.299505
0.305422
0.314327
0.317205
0.321461
0.323359
0.325786
0.32725
0.328895
0.330117
0.331509
0.33277
0.334265
0.335749
0.337376
0.338965
0.340541
0.342054
0.34352
0.345004
0.346647
0.348562
0.351002
0.354253
0.358443
0.363783
0.37074
0.379289
0.389661
0.401918
0.415945
0.431169
0.447756
0.464478
0.479983
0.492376
0.500492
0.503263
0.50142
0.495012
0.485335
0.472906
0.459374
0.445613
0.432225
0.418236
0.404104
0.389905
0.375921
0.36086
0.344887
0.321975
0.302672
0.259106
0.240652
0.135831
0.168756
0.119153
0.256734
0.274949
0.299453
0.305382
0.314279
0.317169
0.321427
0.323332
0.325762
0.327231
0.328879
0.330102
0.331493
0.332752
0.334246
0.335732
0.337365
0.338964
0.340552
0.342077
0.343553
0.345043
0.346689
0.348599
0.351025
0.354259
0.35842
0.363724
0.370662
0.379165
0.389465
0.401658
0.415612
0.430736
0.447215
0.463863
0.479296
0.49165
0.499851
0.502742
0.500998
0.494669
0.485046
0.472696
0.459117
0.445364
0.432009
0.418022
0.403884
0.389676
0.375665
0.360588
0.344539
0.321595
0.302134
0.25856
0.239755
0.135141
0.167027
0.126668
0.256779
0.275085
0.299426
0.305358
0.314241
0.317139
0.321398
0.323308
0.32574
0.327214
0.328864
0.330087
0.331476
0.332732
0.334224
0.335712
0.337353
0.338965
0.340567
0.342107
0.343595
0.345091
0.346738
0.34864
0.351049
0.354259
0.35838
0.363649
0.370548
0.378976
0.389194
0.401306
0.415168
0.430183
0.446565
0.463168
0.478558
0.490829
0.499058
0.502041
0.500404
0.494182
0.484649
0.472395
0.458843
0.445068
0.431763
0.41779
0.403655
0.38944
0.37541
0.360322
0.344192
0.321221
0.301601
0.258028
0.238853
0.134499
0.165432
0.133454
0.256812
0.275256
0.299416
0.305353
0.314213
0.317115
0.321372
0.323287
0.325721
0.327197
0.328849
0.330071
0.331459
0.33271
0.334201
0.335692
0.337342
0.338969
0.340587
0.342144
0.343644
0.345147
0.346795
0.348686
0.351074
0.354252
0.358328
0.363556
0.370392
0.378741
0.388866
0.400891
0.414662
0.429572
0.445877
0.462455
0.477818
0.489999
0.498208
0.501234
0.499676
0.493557
0.484136
0.471973
0.458554
0.444716
0.43148
0.417537
0.403417
0.389196
0.375162
0.360061
0.343846
0.320854
0.301072
0.257504
0.237948
0.133897
0.163945
0.139644
0.256826
0.275462
0.299422
0.305364
0.314195
0.317098
0.321352
0.323269
0.325704
0.327183
0.328835
0.330056
0.331441
0.332686
0.334176
0.33567
0.337332
0.338976
0.340612
0.342186
0.343699
0.345207
0.346855
0.348731
0.35109
0.354233
0.358265
0.363437
0.370206
0.378477
0.388508
0.400448
0.414135
0.428951
0.445191
0.46175
0.47709
0.489198
0.497371
0.500399
0.498881
0.492836
0.483519
0.471455
0.458215
0.444317
0.431155
0.417263
0.40317
0.388946
0.374918
0.359812
0.343505
0.320495
0.300548
0.256988
0.237057
0.133318
0.162552
0.145352
0.256825
0.275704
0.299441
0.305389
0.314185
0.317087
0.321336
0.323255
0.325689
0.32717
0.328822
0.330042
0.331423
0.332662
0.33415
0.335649
0.337323
0.338986
0.34064
0.342231
0.343757
0.345267
0.346911
0.348767
0.351093
0.354199
0.358186
0.363299
0.370001
0.378195
0.388136
0.399998
0.41361
0.428336
0.444517
0.461054
0.476374
0.488431
0.49657
0.499578
0.49807
0.492064
0.482828
0.470857
0.457785
0.44391
0.430789
0.416968
0.402917
0.388694
0.374669
0.35958
0.34317
0.320144
0.30003
0.256477
0.236182
0.132758
0.161242
0.150604
0.256904
0.275984
0.299473
0.305428
0.314183
0.317083
0.321324
0.323243
0.325677
0.327158
0.328811
0.330028
0.331405
0.332637
0.334124
0.335628
0.337316
0.338998
0.340671
0.342278
0.343813
0.345323
0.346957
0.348793
0.351086
0.354153
0.358094
0.363148
0.369785
0.377905
0.38776
0.39955
0.413091
0.427728
0.443849
0.46036
0.475664
0.48769
0.495801
0.498781
0.497265
0.491271
0.482087
0.4702
0.457254
0.443502
0.430391
0.416653
0.40266
0.388445
0.374411
0.359368
0.342843
0.319801
0.299517
0.255972
0.23532
0.132216
0.160004
0.155402
0.257162
0.276286
0.299512
0.305478
0.314188
0.317087
0.321317
0.323236
0.325668
0.32715
0.328802
0.330016
0.331388
0.332613
0.334099
0.335609
0.337311
0.339012
0.340703
0.342324
0.343866
0.345374
0.346999
0.348812
0.35107
0.354099
0.357993
0.362988
0.369563
0.377612
0.387383
0.399105
0.412576
0.427123
0.44318
0.459663
0.474955
0.486964
0.495054
0.498001
0.496469
0.490469
0.481315
0.469497
0.456658
0.443065
0.42997
0.416322
0.402402
0.3882
0.374146
0.359176
0.342525
0.319467
0.299009
0.255471
0.234471
0.131687
0.158829
0.159843
0.257583
0.276593
0.299555
0.305537
0.314202
0.317098
0.321315
0.323232
0.325661
0.327143
0.328795
0.330006
0.331373
0.332591
0.334076
0.335592
0.337307
0.339027
0.340734
0.342369
0.343918
0.345422
0.347038
0.348826
0.351047
0.354039
0.357885
0.362822
0.369337
0.377318
0.387007
0.398663
0.412065
0.426517
0.442506
0.458958
0.47424
0.48624
0.494314
0.497227
0.495674
0.489658
0.480518
0.468756
0.456016
0.442574
0.429538
0.415978
0.402148
0.387965
0.37388
0.359
0.342218
0.319141
0.298506
0.254971
0.233631
0.131166
0.157709
0.164046
0.25811
0.27689
0.2996
0.305603
0.314221
0.317116
0.321318
0.323232
0.325657
0.32714
0.328791
0.329997
0.33136
0.33257
0.334054
0.335575
0.337304
0.339043
0.340766
0.342415
0.34397
0.345469
0.347074
0.348836
0.35102
0.353975
0.357775
0.362654
0.36911
0.377025
0.386633
0.398225
0.411556
0.425907
0.441825
0.458242
0.473515
0.485512
0.493571
0.496446
0.494868
0.488831
0.479695
0.467982
0.455339
0.442029
0.429098
0.415624
0.401898
0.387742
0.373626
0.358834
0.341924
0.318822
0.298007
0.25447
0.232797
0.130646
0.156635
0.1681
0.258697
0.277168
0.299642
0.305675
0.314247
0.31714
0.321325
0.323237
0.325657
0.327139
0.328789
0.329992
0.331349
0.332551
0.334034
0.335561
0.337304
0.339061
0.3408
0.342462
0.344022
0.345515
0.347108
0.348844
0.350992
0.353909
0.357664
0.362485
0.368884
0.376734
0.386261
0.39779
0.411048
0.425294
0.441136
0.457515
0.472777
0.48477
0.492813
0.495647
0.494041
0.487978
0.478844
0.467174
0.454629
0.441444
0.42864
0.415261
0.401656
0.387533
0.373395
0.358673
0.341647
0.318512
0.297511
0.25397
0.231966
0.130121
0.155598
0.172065
0.259312
0.277422
0.299681
0.305751
0.314277
0.31717
0.321336
0.323245
0.32566
0.327142
0.328791
0.32999
0.331342
0.332535
0.334016
0.33555
0.337306
0.339081
0.340836
0.342511
0.344074
0.345562
0.347144
0.348852
0.350963
0.353845
0.357554
0.362317
0.368661
0.376446
0.385893
0.397359
0.410543
0.424676
0.440439
0.456774
0.472022
0.48401
0.492031
0.494817
0.49318
0.487091
0.477957
0.46633
0.453886
0.440828
0.428162
0.414891
0.401423
0.387341
0.373199
0.358514
0.34139
0.318213
0.297022
0.253469
0.231139
0.129584
0.15459
0.175982
0.259934
0.277652
0.299712
0.305828
0.314311
0.317206
0.321352
0.323258
0.325667
0.327149
0.328796
0.329992
0.331337
0.332522
0.334002
0.335541
0.33731
0.339104
0.340874
0.342561
0.344129
0.34561
0.347181
0.348862
0.350936
0.353784
0.357448
0.362153
0.368442
0.376163
0.38553
0.396934
0.410041
0.424056
0.439735
0.45602
0.471249
0.483223
0.491216
0.493948
0.492276
0.486158
0.477027
0.465447
0.453107
0.440181
0.427663
0.414515
0.401198
0.387166
0.373049
0.35835
0.341158
0.31793
0.296542
0.252972
0.230317
0.129035
0.153606
0.179877
0.260548
0.277862
0.299736
0.305906
0.314348
0.317246
0.321371
0.323276
0.325677
0.327158
0.328804
0.329997
0.331337
0.332512
0.333991
0.335535
0.337317
0.33913
0.340915
0.342614
0.344186
0.34566
0.34722
0.348875
0.350912
0.353727
0.357346
0.361993
0.368229
0.375886
0.385172
0.396516
0.409543
0.423434
0.439026
0.455254
0.470455
0.482406
0.490363
0.493032
0.49132
0.485171
0.476045
0.464519
0.452291
0.439504
0.427144
0.414134
0.400983
0.38701
0.372951
0.358181
0.340953
0.317666
0.296075
0.252484
0.229506
0.128478
0.152646
0.183766
0.261143
0.278055
0.29975
0.305983
0.314386
0.317291
0.321395
0.323297
0.325691
0.327172
0.328816
0.330005
0.33134
0.332506
0.333983
0.335532
0.337327
0.339159
0.340958
0.342671
0.344245
0.345713
0.347264
0.348893
0.350893
0.353677
0.35725
0.36184
0.368024
0.375618
0.384822
0.396107
0.409051
0.422814
0.438314
0.454478
0.469639
0.481555
0.489465
0.492062
0.490303
0.484123
0.475005
0.463541
0.451436
0.438796
0.426607
0.413748
0.400779
0.386871
0.372895
0.35802
0.340779
0.317424
0.295627
0.252008
0.22871
0.127919
0.15171
0.187656
0.261714
0.278241
0.299757
0.306057
0.314425
0.31734
0.321423
0.323323
0.325708
0.327189
0.328831
0.330018
0.331347
0.332505
0.333979
0.335534
0.337341
0.339192
0.341006
0.342732
0.344308
0.345771
0.347313
0.348916
0.350881
0.353633
0.357162
0.361694
0.367828
0.375359
0.384482
0.395709
0.408566
0.422197
0.4376
0.453692
0.468799
0.480668
0.488519
0.49103
0.489218
0.483004
0.473899
0.462507
0.450538
0.438054
0.426052
0.413359
0.400587
0.386752
0.372871
0.35788
0.340637
0.317208
0.2952
0.25155
0.227936
0.127368
0.150804
0.191549
0.262259
0.278427
0.299756
0.306127
0.314463
0.317393
0.321455
0.323353
0.325729
0.32721
0.328851
0.330035
0.33136
0.332507
0.33398
0.33554
0.33736
0.339228
0.341057
0.342796
0.344376
0.345834
0.347368
0.348945
0.350875
0.353599
0.357083
0.361558
0.367643
0.375112
0.384153
0.395325
0.40809
0.421586
0.436886
0.452897
0.467934
0.479741
0.487519
0.489931
0.488056
0.481805
0.472719
0.461412
0.449592
0.437278
0.425479
0.412968
0.400406
0.386652
0.372876
0.357766
0.340529
0.317018
0.294799
0.251113
0.227189
0.126831
0.149931
0.195442
0.262782
0.278623
0.299749
0.306194
0.3145
0.317449
0.32149
0.323387
0.325754
0.327234
0.328873
0.330056
0.331376
0.332515
0.333985
0.33555
0.337382
0.33927
0.341113
0.342865
0.344449
0.345902
0.347429
0.348982
0.350878
0.353574
0.357014
0.361433
0.36747
0.374878
0.383837
0.394955
0.407625
0.420982
0.436175
0.452096
0.467046
0.478772
0.48646
0.488757
0.486809
0.48052
0.471457
0.460249
0.448596
0.436466
0.424887
0.412574
0.400238
0.386573
0.372912
0.357677
0.340455
0.316856
0.294425
0.250701
0.22647
0.126316
0.149094
0.199304
0.263311
0.278836
0.299738
0.306256
0.314535
0.317507
0.321529
0.323426
0.325783
0.327262
0.3289
0.330082
0.331398
0.332528
0.333996
0.335566
0.337409
0.339316
0.341174
0.342939
0.344527
0.345976
0.347498
0.349027
0.350891
0.353561
0.356957
0.36132
0.367312
0.374659
0.383536
0.394602
0.407173
0.420388
0.43547
0.451289
0.466132
0.477757
0.485337
0.487503
0.485469
0.479138
0.470106
0.459011
0.447544
0.435614
0.424276
0.412178
0.400083
0.386515
0.372981
0.357618
0.340416
0.316723
0.29408
0.250314
0.225783
0.125824
0.148293
0.203099
0.263882
0.279072
0.299727
0.306315
0.314567
0.317568
0.321571
0.32347
0.325816
0.327295
0.32893
0.330112
0.331426
0.332546
0.334012
0.335587
0.33744
0.339367
0.34124
0.343018
0.344612
0.346057
0.347575
0.349082
0.350914
0.35356
0.356913
0.361221
0.36717
0.374457
0.383253
0.394267
0.406737
0.419806
0.434773
0.450476
0.465193
0.476694
0.484147
0.486161
0.484029
0.477652
0.468658
0.457694
0.446432
0.434721
0.423645
0.411782
0.399942
0.386479
0.373082
0.357591
0.340411
0.316618
0.293765
0.249954
0.225128
0.125358
0.147527
0.206815
0.264506
0.279335
0.299718
0.306371
0.314598
0.31763
0.321616
0.323519
0.325854
0.327331
0.328964
0.330146
0.331459
0.332571
0.334034
0.335614
0.337477
0.339424
0.341312
0.343104
0.344703
0.346146
0.347661
0.349147
0.350949
0.353573
0.356884
0.361137
0.367044
0.374274
0.382989
0.393951
0.406317
0.41924
0.434085
0.44966
0.464228
0.47558
0.482884
0.484726
0.48248
0.476053
0.467105
0.456289
0.445256
0.433785
0.422991
0.411384
0.399816
0.386466
0.373216
0.357598
0.340439
0.316543
0.293482
0.249621
0.224505
0.124919
0.146796
0.210456
0.265179
0.279625
0.299713
0.306425
0.314625
0.317694
0.321665
0.323573
0.325896
0.327372
0.329002
0.330186
0.331498
0.332602
0.334062
0.335645
0.33752
0.339486
0.34139
0.343196
0.344802
0.346243
0.347757
0.349223
0.350996
0.3536
0.35687
0.361069
0.366938
0.374112
0.382747
0.393655
0.405918
0.418691
0.433411
0.44884
0.463236
0.474414
0.481545
0.483192
0.480815
0.474333
0.465441
0.454792
0.444014
0.432802
0.422316
0.410984
0.399705
0.386477
0.373384
0.357645
0.340499
0.316497
0.29323
0.249317
0.223915
0.124505
0.146095
0.214026
0.265895
0.279945
0.299716
0.306479
0.314651
0.317759
0.321716
0.323632
0.325943
0.327418
0.329045
0.33023
0.331543
0.33264
0.334098
0.335683
0.337568
0.339555
0.341475
0.343295
0.344908
0.346349
0.347864
0.349311
0.351058
0.353644
0.356873
0.36102
0.366853
0.373972
0.38253
0.393382
0.40554
0.418161
0.43275
0.448017
0.462218
0.473194
0.480124
0.481554
0.479027
0.472484
0.463657
0.453198
0.4427
0.43177
0.421617
0.410581
0.39961
0.386513
0.373586
0.357735
0.340589
0.316481
0.293012
0.249042
0.223358
0.124117
0.145422
0.217528
0.26665
0.280293
0.29973
0.306534
0.314676
0.317825
0.321771
0.323696
0.325996
0.32747
0.329092
0.330279
0.331594
0.332685
0.33414
0.335728
0.337623
0.33963
0.341566
0.343403
0.345023
0.346465
0.347982
0.349413
0.351134
0.353706
0.356895
0.36099
0.366791
0.373856
0.382338
0.393133
0.405185
0.417653
0.432106
0.447193
0.461174
0.471916
0.47862
0.479807
0.477111
0.4705
0.461748
0.451502
0.44131
0.430687
0.420894
0.410177
0.399532
0.386575
0.373823
0.357873
0.340709
0.316494
0.292827
0.248795
0.222833
0.123753
0.144775
0.220963
0.26744
0.280663
0.299762
0.306592
0.3147
0.317892
0.321829
0.323766
0.326054
0.327527
0.329145
0.330334
0.331652
0.332738
0.334191
0.33578
0.337683
0.339712
0.341664
0.343518
0.345147
0.346591
0.348113
0.349528
0.351227
0.353786
0.356937
0.360983
0.366752
0.373768
0.382175
0.392911
0.404856
0.417168
0.431478
0.446369
0.460103
0.470582
0.477028
0.477948
0.475061
0.468376
0.45971
0.449701
0.439842
0.42955
0.420146
0.409773
0.399469
0.386664
0.374096
0.35806
0.34086
0.316538
0.292676
0.248577
0.22234
0.123413
0.144153
0.224335
0.268262
0.281051
0.299823
0.306653
0.314724
0.317961
0.321891
0.323842
0.326118
0.327591
0.329204
0.330395
0.331717
0.3328
0.334249
0.335839
0.33775
0.339801
0.341769
0.343642
0.34528
0.346729
0.348257
0.349659
0.351337
0.353887
0.357
0.360998
0.36674
0.373709
0.382039
0.392718
0.404555
0.416709
0.430868
0.445544
0.459007
0.469189
0.475347
0.475976
0.472878
0.466112
0.457543
0.447794
0.438292
0.428357
0.419371
0.409368
0.399423
0.386781
0.374405
0.358291
0.341049
0.316612
0.292559
0.248388
0.22188
0.123097
0.143551
0.227645
0.26911
0.281461
0.299911
0.306717
0.314751
0.318032
0.321957
0.323924
0.326188
0.327663
0.329269
0.330461
0.331789
0.33287
0.334317
0.335906
0.337823
0.339896
0.341881
0.343776
0.345424
0.346879
0.348416
0.349805
0.351466
0.354009
0.357086
0.361038
0.366756
0.373681
0.381935
0.392555
0.404285
0.416279
0.430276
0.444719
0.457886
0.467738
0.473576
0.473893
0.470565
0.463711
0.455247
0.445781
0.43666
0.427104
0.418568
0.408962
0.399395
0.386926
0.374752
0.358562
0.341282
0.316718
0.292479
0.248228
0.221452
0.122804
0.142971
0.230896
0.269981
0.281902
0.300019
0.306786
0.31478
0.318106
0.322028
0.324011
0.326267
0.327743
0.329343
0.330535
0.331869
0.33295
0.334394
0.335983
0.337905
0.339996
0.342003
0.343919
0.345579
0.347042
0.34859
0.34997
0.351615
0.354154
0.357197
0.361105
0.366802
0.373687
0.381864
0.392424
0.404046
0.41588
0.429706
0.443897
0.456741
0.466232
0.471718
0.471702
0.468127
0.461178
0.45283
0.443664
0.434944
0.425791
0.417738
0.408556
0.399388
0.387099
0.375138
0.358875
0.34156
0.316857
0.292434
0.248097
0.221056
0.122533
0.142408
0.234091
0.270872
0.282378
0.300139
0.306859
0.314814
0.318184
0.322104
0.324105
0.326353
0.327832
0.329424
0.330617
0.331957
0.333039
0.334482
0.336069
0.337995
0.340101
0.342133
0.344071
0.345744
0.347218
0.34878
0.350152
0.351786
0.354324
0.357333
0.361201
0.366882
0.373726
0.381828
0.392328
0.403838
0.415516
0.429158
0.443077
0.455575
0.464672
0.469776
0.469412
0.465577
0.458528
0.450303
0.441451
0.433149
0.424415
0.41688
0.408148
0.399401
0.387303
0.375566
0.35923
0.341883
0.317029
0.292426
0.247996
0.220691
0.122285
0.141864
0.237233
0.271782
0.282891
0.300268
0.306941
0.314853
0.318267
0.322186
0.324207
0.326449
0.32793
0.329516
0.330709
0.332054
0.333139
0.334581
0.336167
0.338094
0.340215
0.342268
0.344234
0.345922
0.347408
0.348987
0.350355
0.351979
0.354519
0.357498
0.361327
0.366997
0.373801
0.381831
0.39227
0.403664
0.415189
0.428635
0.442261
0.454388
0.463064
0.467758
0.467033
0.462926
0.455772
0.447677
0.439151
0.431277
0.422979
0.415992
0.407741
0.399436
0.387538
0.376035
0.35963
0.342253
0.317235
0.292455
0.247924
0.220359
0.122058
0.141336
0.240325
0.272711
0.283435
0.300407
0.307031
0.314899
0.318355
0.322274
0.324318
0.326554
0.328039
0.329618
0.330811
0.332161
0.333249
0.334692
0.336276
0.338203
0.340341
0.342405
0.344411
0.346112
0.347612
0.349212
0.350578
0.352198
0.354742
0.357692
0.361487
0.367149
0.373913
0.381874
0.39225
0.403527
0.414899
0.428139
0.44145
0.453182
0.461413
0.465674
0.464576
0.460192
0.452929
0.44497
0.436776
0.429337
0.421484
0.415076
0.407334
0.399492
0.387805
0.376547
0.360076
0.34267
0.317476
0.292523
0.247883
0.220058
0.121852
0.140825
0.24337
0.273656
0.284
0.300561
0.307133
0.314953
0.31845
0.32237
0.324438
0.32667
0.32816
0.329733
0.330925
0.332279
0.333371
0.334816
0.336398
0.338325
0.340477
0.342543
0.3446
0.346316
0.347831
0.349455
0.350822
0.352442
0.354993
0.357917
0.361683
0.367341
0.374066
0.381959
0.392271
0.403429
0.414649
0.427673
0.440643
0.451961
0.459728
0.463534
0.462056
0.457391
0.450012
0.442196
0.43434
0.427337
0.419935
0.41413
0.406929
0.399571
0.388106
0.377103
0.360568
0.343135
0.317754
0.292629
0.247871
0.219789
0.121668
0.140329
0.24637
0.274615
0.284584
0.300733
0.307246
0.315016
0.318552
0.322474
0.324569
0.326797
0.328294
0.329862
0.331053
0.33241
0.333507
0.334954
0.336536
0.338459
0.340625
0.34269
0.344798
0.346535
0.348066
0.349716
0.35109
0.352714
0.355275
0.358175
0.361918
0.367573
0.374262
0.382089
0.392334
0.403372
0.414442
0.427238
0.439841
0.450731
0.458018
0.46135
0.459484
0.454537
0.447038
0.439373
0.431857
0.425288
0.418339
0.413158
0.406525
0.399673
0.388442
0.377705
0.361108
0.343649
0.318068
0.292775
0.247891
0.219552
0.121505
0.139848
0.24933
0.275586
0.285185
0.300921
0.307371
0.315088
0.318663
0.322588
0.32471
0.326936
0.328442
0.330006
0.331196
0.332555
0.333657
0.335107
0.336689
0.338608
0.340785
0.342856
0.344995
0.346769
0.348318
0.349997
0.351382
0.353015
0.355588
0.358467
0.362195
0.367849
0.374502
0.382269
0.392443
0.403356
0.414282
0.426836
0.439044
0.449496
0.456289
0.459134
0.456875
0.451638
0.444041
0.436526
0.429343
0.423201
0.416702
0.412162
0.406124
0.3998
0.388812
0.378354
0.361697
0.344213
0.318421
0.292961
0.247941
0.219348
0.121363
0.139382
0.252251
0.276568
0.285802
0.301125
0.307507
0.31517
0.318782
0.322712
0.324864
0.327089
0.328607
0.330166
0.331356
0.332716
0.333823
0.335278
0.336859
0.338774
0.34096
0.343042
0.345195
0.347017
0.348586
0.350297
0.351698
0.353346
0.355934
0.358797
0.362516
0.368171
0.374789
0.3825
0.3926
0.403385
0.414172
0.426465
0.438255
0.448264
0.454552
0.4569
0.454239
0.44872
0.441036
0.433671
0.426819
0.421086
0.415032
0.41115
0.405726
0.399952
0.389218
0.379052
0.362336
0.344828
0.318812
0.293187
0.248023
0.219175
0.121242
0.13893
0.255138
0.277558
0.286434
0.301342
0.307654
0.315262
0.31891
0.322846
0.32503
0.327257
0.328788
0.330344
0.331535
0.332895
0.334008
0.335466
0.337048
0.338959
0.34115
0.343244
0.345409
0.347276
0.348874
0.350618
0.352041
0.35371
0.356313
0.359165
0.362885
0.368542
0.375125
0.382785
0.392806
0.403461
0.414113
0.426124
0.437479
0.447041
0.452814
0.454658
0.451586
0.445831
0.438031
0.43082
0.4243
0.418965
0.413339
0.410128
0.405332
0.400132
0.38966
0.3798
0.363025
0.345495
0.319242
0.293454
0.248136
0.219034
0.121141
0.138493
0.257992
0.278556
0.28708
0.301574
0.307812
0.315364
0.319047
0.322991
0.32521
0.327441
0.328988
0.330542
0.331734
0.333094
0.334212
0.335675
0.337258
0.339165
0.34136
0.343464
0.345646
0.347544
0.349182
0.35096
0.352411
0.354107
0.356729
0.359576
0.363303
0.368964
0.375513
0.383128
0.393063
0.403587
0.414105
0.425812
0.436721
0.445831
0.451082
0.452421
0.448949
0.442966
0.43505
0.427993
0.421799
0.416855
0.411631
0.409099
0.404947
0.400338
0.390138
0.380599
0.363765
0.346214
0.319714
0.293762
0.248281
0.218926
0.121061
0.13807
0.260817
0.279558
0.287737
0.301818
0.307982
0.315476
0.319194
0.323148
0.325404
0.327643
0.329206
0.33076
0.331956
0.333316
0.334439
0.335906
0.337491
0.339394
0.341591
0.343703
0.345904
0.347825
0.349512
0.351325
0.352809
0.35454
0.35718
0.360032
0.363775
0.369438
0.375958
0.383532
0.393374
0.403768
0.414146
0.425531
0.435987
0.44464
0.449358
0.450192
0.446358
0.440125
0.432108
0.425206
0.419333
0.414753
0.409919
0.408073
0.404575
0.400573
0.390652
0.38145
0.364558
0.346988
0.320227
0.294112
0.248457
0.21885
0.121002
0.137662
0.263616
0.280565
0.288405
0.302074
0.308161
0.315598
0.31935
0.323317
0.325612
0.327862
0.329444
0.331001
0.332202
0.333562
0.334691
0.336162
0.337749
0.339649
0.341846
0.343965
0.346184
0.348128
0.349862
0.351714
0.353239
0.35501
0.35767
0.360536
0.364304
0.369967
0.376461
0.384
0.393742
0.404004
0.414233
0.425285
0.43528
0.443471
0.447651
0.448004
0.443799
0.437336
0.429225
0.422476
0.416914
0.412679
0.408217
0.40706
0.404222
0.400836
0.391202
0.382353
0.365403
0.347815
0.320782
0.294504
0.248666
0.218806
0.120963
0.137269
0.266391
0.281574
0.289083
0.302342
0.308351
0.31573
0.319515
0.323498
0.325833
0.3281
0.329702
0.331265
0.332475
0.333834
0.334971
0.336445
0.338035
0.339933
0.342128
0.344252
0.346488
0.348458
0.350234
0.35213
0.353702
0.355519
0.3582
0.36109
0.364893
0.370555
0.377025
0.384535
0.394168
0.404296
0.414364
0.425077
0.434599
0.442326
0.445979
0.445871
0.441284
0.434618
0.426415
0.419815
0.414557
0.410646
0.40653
0.406043
0.403897
0.40113
0.391786
0.383311
0.366301
0.348696
0.32138
0.294938
0.248908
0.218795
0.120944
0.13689
0.269144
0.282585
0.289768
0.30262
0.308551
0.315871
0.319688
0.32369
0.326067
0.328356
0.329981
0.331553
0.332774
0.334136
0.335281
0.336759
0.338351
0.340247
0.34244
0.34457
0.346821
0.348817
0.350633
0.352575
0.354202
0.356069
0.358774
0.361699
0.365545
0.371204
0.377654
0.38514
0.394656
0.404642
0.41454
0.424908
0.433939
0.441209
0.444403
0.443733
0.438837
0.431983
0.423695
0.417236
0.41227
0.408666
0.404872
0.405023
0.403601
0.401458
0.392415
0.384323
0.367254
0.349631
0.322023
0.295414
0.249181
0.218816
0.120945
0.136527
0.271878
0.283595
0.29046
0.302907
0.308759
0.316022
0.319871
0.323893
0.326316
0.32863
0.330282
0.331867
0.333102
0.334467
0.335623
0.337105
0.3387
0.340596
0.342785
0.344919
0.347185
0.349207
0.351063
0.353052
0.35474
0.356661
0.359394
0.362365
0.366259
0.371917
0.378351
0.385815
0.395205
0.40504
0.414763
0.42478
0.433297
0.440137
0.442986
0.441562
0.436468
0.429443
0.421074
0.414748
0.410061
0.406749
0.40325
0.404036
0.403259
0.401826
0.393138
0.38539
0.368261
0.35062
0.322709
0.295933
0.249486
0.21887
0.120966
0.136179
0.274596
0.284604
0.291158
0.303203
0.308977
0.316181
0.320062
0.324106
0.326577
0.32892
0.330603
0.332206
0.333458
0.334831
0.335999
0.337487
0.339085
0.340981
0.343167
0.345306
0.347584
0.349633
0.351529
0.353566
0.355322
0.357297
0.360064
0.363096
0.367039
0.372696
0.37912
0.386562
0.395815
0.405489
0.415034
0.424688
0.432698
0.439135
0.441657
0.439388
0.434187
0.427007
0.418562
0.412357
0.407938
0.404902
0.401671
0.403078
0.402847
0.402226
0.393994
0.386508
0.369323
0.351663
0.323441
0.296494
0.249824
0.218956
0.121007
0.135846
0.277299
0.28561
0.291859
0.303506
0.309203
0.316349
0.320261
0.324329
0.326851
0.329226
0.330945
0.332569
0.333842
0.335226
0.33641
0.337906
0.339508
0.341406
0.343588
0.345731
0.348022
0.350098
0.352034
0.35412
0.355949
0.357981
0.360788
0.363893
0.367886
0.373541
0.379961
0.387379
0.396484
0.40599
0.41535
0.42463
0.432226
0.438193
0.440281
0.437286
0.432002
0.42468
0.416164
0.410069
0.405904
0.40313
0.400143
0.402147
0.402446
0.402628
0.394976
0.38767
0.37044
0.35276
0.324218
0.297097
0.250193
0.219075
0.121067
0.13553
0.279991
0.286611
0.292564
0.303817
0.309437
0.316525
0.320469
0.324561
0.327136
0.329548
0.331306
0.332956
0.334255
0.335655
0.336858
0.338364
0.339972
0.341872
0.344052
0.3462
0.348504
0.350607
0.352583
0.354719
0.356623
0.358716
0.36157
0.364759
0.368804
0.374455
0.380877
0.388262
0.397211
0.406541
0.415708
0.424607
0.43192
0.437281
0.438819
0.435348
0.429922
0.422468
0.413886
0.407888
0.403962
0.401438
0.398674
0.40125
0.402081
0.403009
0.39607
0.388872
0.371611
0.353911
0.325041
0.297742
0.250594
0.219226
0.121146
0.13523
0.282672
0.287608
0.293269
0.304135
0.309679
0.316709
0.320684
0.324802
0.327432
0.329884
0.331685
0.333366
0.334696
0.336116
0.337343
0.338861
0.340478
0.342382
0.344561
0.346716
0.349032
0.351164
0.35318
0.355368
0.357348
0.359507
0.362416
0.365692
0.369792
0.37544
0.381863
0.389207
0.397993
0.407139
0.416102
0.424619
0.431711
0.436377
0.437268
0.433632
0.427958
0.420375
0.411728
0.405813
0.402112
0.399828
0.39727
0.400396
0.401759
0.403365
0.397274
0.390114
0.372837
0.355114
0.32591
0.29843
0.251026
0.219409
0.121243
0.134947
0.285346
0.288597
0.293975
0.304458
0.309928
0.316901
0.320907
0.325052
0.327737
0.330233
0.332081
0.333798
0.335164
0.336607
0.337864
0.339398
0.341028
0.342938
0.345118
0.34728
0.34961
0.351772
0.353828
0.356071
0.358126
0.360358
0.36333
0.366693
0.370849
0.376497
0.382917
0.390211
0.398827
0.407779
0.416529
0.424665
0.431512
0.43553
0.435754
0.43208
0.426114
0.4184
0.409692
0.403847
0.400356
0.398302
0.395938
0.399592
0.401488
0.403699
0.398536
0.391418
0.374115
0.35637
0.326823
0.299159
0.251489
0.219624
0.121359
0.134681
0.288014
0.289577
0.294679
0.304786
0.310183
0.3171
0.321137
0.32531
0.328051
0.330595
0.332493
0.33425
0.335657
0.337129
0.33842
0.339975
0.34162
0.34354
0.345724
0.347895
0.350241
0.352435
0.354533
0.356831
0.358962
0.361271
0.364313
0.367763
0.371975
0.377626
0.384034
0.391268
0.399708
0.408456
0.416979
0.42475
0.431273
0.434747
0.434418
0.430621
0.424391
0.416543
0.407775
0.401988
0.398693
0.39686
0.394681
0.398847
0.401301
0.404002
0.399793
0.39281
0.375444
0.357677
0.327781
0.299929
0.251983
0.219871
0.121492
0.134433
0.290679
0.290548
0.295381
0.305118
0.310445
0.317305
0.321375
0.325575
0.328375
0.330967
0.332919
0.33472
0.336172
0.337679
0.339009
0.340588
0.342255
0.344188
0.346379
0.348563
0.350925
0.353155
0.355297
0.357649
0.359858
0.362251
0.365365
0.3689
0.373169
0.378821
0.385209
0.392373
0.40063
0.409165
0.417447
0.424863
0.431024
0.433968
0.433295
0.429257
0.422786
0.414803
0.405977
0.400234
0.39712
0.395502
0.393503
0.398156
0.401198
0.404346
0.400998
0.394289
0.376822
0.359034
0.328782
0.30074
0.252507
0.22015
0.121643
0.134203
0.293343
0.291508
0.296078
0.305454
0.310712
0.317518
0.321619
0.325849
0.328706
0.331349
0.333358
0.335207
0.336709
0.338256
0.339629
0.341238
0.34293
0.34488
0.347083
0.349282
0.351664
0.353932
0.356122
0.358527
0.360818
0.363298
0.366485
0.370104
0.374428
0.380078
0.386435
0.39352
0.401586
0.409903
0.417929
0.424993
0.430802
0.433205
0.432349
0.428
0.421298
0.413176
0.404293
0.398585
0.395637
0.394227
0.392404
0.397522
0.401144
0.404848
0.402081
0.395828
0.378247
0.360439
0.329827
0.30159
0.25306
0.22046
0.12181
0.133991
0.296007
0.292454
0.296771
0.305792
0.310985
0.317737
0.32187
0.326129
0.329045
0.331741
0.333808
0.335709
0.337264
0.338857
0.340277
0.34192
0.343644
0.345615
0.347834
0.350053
0.352457
0.354766
0.357007
0.359467
0.361842
0.364412
0.367669
0.371371
0.375748
0.38139
0.387708
0.394704
0.402572
0.410666
0.418419
0.425143
0.430598
0.432532
0.431501
0.426851
0.419922
0.411657
0.40272
0.397038
0.394241
0.393034
0.391385
0.396947
0.401127
0.405514
0.403067
0.397413
0.37972
0.361891
0.330914
0.302478
0.253642
0.220801
0.121994
0.133799
0.298675
0.293386
0.297457
0.306133
0.311262
0.317962
0.322128
0.326418
0.329392
0.332142
0.334269
0.336225
0.337837
0.339479
0.34095
0.342633
0.344394
0.34639
0.34863
0.350873
0.353302
0.355655
0.35795
0.360467
0.362928
0.365588
0.368916
0.372696
0.377122
0.38275
0.38902
0.395918
0.403583
0.411452
0.418909
0.425324
0.430381
0.431997
0.430715
0.425806
0.418652
0.410243
0.401253
0.395591
0.392931
0.391921
0.390447
0.396433
0.401148
0.406264
0.40405
0.39903
0.381236
0.363387
0.332043
0.303403
0.254251
0.221172
0.122194
0.133625
0.301348
0.294301
0.298135
0.306475
0.311544
0.318194
0.322393
0.326713
0.329747
0.332551
0.334739
0.336753
0.338425
0.34012
0.341646
0.343373
0.345175
0.347202
0.349467
0.351739
0.354196
0.356597
0.358947
0.361525
0.364072
0.366822
0.370219
0.374073
0.378545
0.384153
0.390367
0.397158
0.404618
0.412256
0.419397
0.425545
0.430149
0.431577
0.430002
0.42486
0.417483
0.40893
0.399889
0.39424
0.391703
0.390887
0.389589
0.395981
0.401208
0.407047
0.405081
0.400655
0.38279
0.364924
0.333211
0.304364
0.254886
0.221573
0.122408
0.133472
0.304028
0.295199
0.298804
0.306818
0.311829
0.318431
0.322664
0.327015
0.330108
0.332968
0.335219
0.337292
0.339026
0.340777
0.342362
0.344138
0.345986
0.348047
0.350341
0.352646
0.355136
0.357586
0.359997
0.362636
0.36527
0.368109
0.371573
0.375497
0.380009
0.385592
0.391743
0.398419
0.405672
0.41307
0.41989
0.425787
0.429945
0.43122
0.429364
0.424006
0.41641
0.407711
0.398623
0.392985
0.390556
0.389928
0.38881
0.395592
0.401309
0.407852
0.406177
0.402276
0.384379
0.366499
0.334417
0.30536
0.255547
0.222004
0.122637
0.133338
0.306717
0.296078
0.299462
0.307161
0.312119
0.318674
0.322942
0.327324
0.330477
0.333393
0.335708
0.337842
0.33964
0.34145
0.343097
0.344924
0.346821
0.348921
0.351249
0.353592
0.356117
0.35862
0.361093
0.363796
0.366515
0.369443
0.372972
0.376961
0.381509
0.387062
0.393144
0.3997
0.406744
0.413887
0.420393
0.426017
0.429806
0.430898
0.4288
0.423239
0.415425
0.406582
0.39745
0.391822
0.389487
0.389043
0.388108
0.395266
0.40145
0.40868
0.407335
0.40389
0.385998
0.368108
0.335659
0.30639
0.256231
0.222464
0.122879
0.133224
0.309418
0.296935
0.300107
0.307504
0.312411
0.318922
0.323226
0.327641
0.330853
0.333825
0.336204
0.338401
0.340265
0.342136
0.343847
0.34573
0.347679
0.349821
0.352186
0.354571
0.357136
0.359694
0.362231
0.365
0.367803
0.370818
0.374412
0.378461
0.383039
0.388559
0.394567
0.400996
0.407831
0.414701
0.420908
0.426226
0.429722
0.430613
0.428304
0.42255
0.414524
0.405539
0.396367
0.390749
0.388493
0.388231
0.387482
0.395004
0.401632
0.409529
0.408536
0.40551
0.387644
0.369749
0.336934
0.30745
0.256938
0.222951
0.123135
0.133132
0.312133
0.29777
0.300738
0.307845
0.312707
0.319175
0.323516
0.327964
0.331236
0.334266
0.336709
0.338969
0.3409
0.342834
0.344612
0.346551
0.348557
0.350745
0.353151
0.355581
0.358187
0.360802
0.363407
0.366241
0.369128
0.372229
0.375885
0.37999
0.384596
0.390079
0.396008
0.402305
0.408934
0.415509
0.421426
0.426429
0.429672
0.430361
0.42787
0.421934
0.4137
0.404577
0.395369
0.389761
0.387573
0.387489
0.38693
0.394806
0.401855
0.4104
0.409758
0.407148
0.389313
0.371416
0.338241
0.30854
0.257668
0.223465
0.123402
0.133061
0.314863
0.298576
0.30136
0.308185
0.313004
0.319433
0.323812
0.328294
0.331627
0.334713
0.337222
0.339546
0.341545
0.343542
0.345389
0.347388
0.349451
0.351688
0.354138
0.356616
0.359268
0.361942
0.364615
0.367516
0.370487
0.373672
0.377388
0.381545
0.386175
0.391619
0.397465
0.403629
0.410026
0.416309
0.421931
0.426631
0.42964
0.430141
0.427492
0.421384
0.412948
0.403691
0.394453
0.388858
0.386724
0.386816
0.38645
0.39467
0.402118
0.41129
0.410994
0.408804
0.390999
0.373107
0.339576
0.309657
0.258418
0.224004
0.123681
0.133012
0.317611
0.299335
0.301985
0.308522
0.313304
0.319697
0.324114
0.328631
0.332024
0.335169
0.337743
0.340131
0.342199
0.344262
0.346177
0.348237
0.350361
0.35265
0.355146
0.357675
0.360375
0.363109
0.365852
0.368821
0.371874
0.375143
0.378918
0.383123
0.387774
0.393174
0.398935
0.404963
0.411108
0.417102
0.422415
0.426827
0.429615
0.429951
0.427164
0.420893
0.412261
0.402877
0.393615
0.388035
0.385944
0.38621
0.386041
0.394598
0.402422
0.412198
0.412242
0.410472
0.392697
0.374815
0.340935
0.3108
0.259187
0.224567
0.12397
0.132985
0.320378
0.300036
0.302621
0.308857
0.313606
0.319964
0.324422
0.328974
0.332428
0.335631
0.338271
0.340724
0.342862
0.34499
0.346977
0.349099
0.351284
0.353627
0.356172
0.358755
0.361505
0.364301
0.367115
0.370153
0.373287
0.376637
0.380469
0.384721
0.389388
0.394744
0.400416
0.406285
0.412188
0.417878
0.422874
0.427013
0.429591
0.429787
0.426879
0.420456
0.411635
0.402131
0.392851
0.387288
0.385233
0.385669
0.3857
0.394587
0.402765
0.413122
0.413499
0.412147
0.394405
0.376538
0.342314
0.311968
0.259974
0.225155
0.12427
0.132981
0.323167
0.300679
0.303266
0.309187
0.313909
0.320236
0.324736
0.329325
0.33284
0.336101
0.338807
0.341326
0.343533
0.345728
0.347786
0.349972
0.35222
0.354619
0.357214
0.359853
0.362655
0.365515
0.368401
0.371508
0.374722
0.378152
0.382041
0.386335
0.391016
0.396327
0.401899
0.407596
0.413254
0.418625
0.423304
0.427183
0.429564
0.429645
0.426631
0.420067
0.411064
0.401451
0.392158
0.386616
0.384588
0.385191
0.385428
0.394636
0.403147
0.414061
0.414763
0.413823
0.396115
0.378269
0.343707
0.313157
0.260777
0.225766
0.124579
0.133
0.325978
0.301264
0.303917
0.309513
0.314214
0.320513
0.325056
0.329682
0.333258
0.336579
0.339351
0.341935
0.344213
0.346475
0.348604
0.350855
0.353168
0.355624
0.358272
0.360968
0.363824
0.366748
0.369707
0.372884
0.376178
0.379687
0.38363
0.387964
0.392655
0.397919
0.403379
0.408904
0.414296
0.419336
0.423701
0.427327
0.429533
0.429522
0.426412
0.419719
0.410547
0.400833
0.391532
0.386014
0.384007
0.384776
0.385221
0.394744
0.403566
0.415012
0.416029
0.415494
0.397824
0.380005
0.345113
0.314365
0.261595
0.226399
0.124899
0.133041
0.328815
0.301789
0.304575
0.309833
0.314519
0.320793
0.325381
0.330046
0.333683
0.337064
0.339902
0.342553
0.3449
0.347231
0.349432
0.351748
0.354126
0.356642
0.359343
0.362098
0.36501
0.367999
0.371032
0.374278
0.377652
0.381237
0.385234
0.389604
0.394305
0.399506
0.404853
0.410193
0.415304
0.420006
0.424061
0.427443
0.429498
0.429413
0.426221
0.419405
0.410078
0.400275
0.390971
0.385479
0.383489
0.38442
0.385078
0.394908
0.404022
0.415975
0.417296
0.417157
0.399526
0.38174
0.346527
0.315589
0.262427
0.227054
0.12523
0.133105
0.331677
0.302248
0.305239
0.310147
0.314824
0.321078
0.325712
0.330417
0.334116
0.337557
0.340461
0.343179
0.345597
0.347995
0.350269
0.35265
0.355094
0.357671
0.360427
0.363242
0.366212
0.369266
0.372373
0.37569
0.379141
0.382801
0.38685
0.391257
0.395961
0.401084
0.406315
0.411454
0.416268
0.420629
0.424376
0.427528
0.429456
0.429312
0.426052
0.41912
0.409654
0.399773
0.390471
0.38501
0.383033
0.384124
0.384998
0.395127
0.404513
0.416946
0.418559
0.418805
0.401218
0.38347
0.347945
0.316825
0.26327
0.22773
0.125572
0.133192
0.334568
0.302635
0.305914
0.310454
0.31513
0.321366
0.326049
0.330794
0.334556
0.338057
0.341028
0.343812
0.346301
0.348767
0.351115
0.353562
0.356073
0.358711
0.361523
0.3644
0.367428
0.370549
0.37373
0.377118
0.380645
0.384378
0.388477
0.392918
0.397604
0.402658
0.407755
0.412676
0.417179
0.4212
0.424642
0.427583
0.429408
0.429215
0.425901
0.41886
0.409272
0.399325
0.390029
0.384602
0.382635
0.383886
0.384977
0.395397
0.405037
0.417925
0.419816
0.420436
0.402893
0.38519
0.349363
0.318071
0.264124
0.228428
0.125925
0.133302
0.337489
0.302939
0.306607
0.310754
0.315436
0.321658
0.326391
0.331177
0.335002
0.338564
0.341602
0.344454
0.347014
0.349549
0.351969
0.354483
0.357061
0.359761
0.362631
0.36557
0.368658
0.371846
0.375102
0.378559
0.382161
0.385965
0.390116
0.39457
0.399233
0.404215
0.409164
0.413848
0.418032
0.421713
0.424858
0.427608
0.429353
0.429119
0.425762
0.418623
0.408927
0.39893
0.389645
0.384252
0.382295
0.383704
0.385015
0.395718
0.405593
0.418909
0.421064
0.422044
0.404548
0.386894
0.350778
0.319323
0.264987
0.229146
0.126291
0.133437
0.340442
0.303155
0.307318
0.311045
0.315741
0.321953
0.326738
0.331568
0.335456
0.339079
0.342184
0.345104
0.347735
0.350338
0.352832
0.355413
0.358058
0.360822
0.363749
0.366752
0.369901
0.373155
0.376485
0.380012
0.383688
0.387563
0.39175
0.39621
0.400856
0.405747
0.41053
0.414961
0.418821
0.422162
0.425025
0.427606
0.429287
0.429024
0.425629
0.418405
0.408617
0.398583
0.389313
0.383959
0.38201
0.383577
0.385109
0.396087
0.406178
0.419897
0.4223
0.423625
0.406179
0.388579
0.352187
0.32058
0.265859
0.229883
0.126669
0.133598
0.343429
0.30331
0.308022
0.311328
0.316046
0.322252
0.327091
0.331965
0.335917
0.339602
0.342774
0.345761
0.348464
0.351136
0.353704
0.356352
0.359065
0.361892
0.364879
0.367945
0.371155
0.374476
0.37788
0.381476
0.385225
0.389158
0.393375
0.397844
0.402457
0.407241
0.411841
0.416004
0.419539
0.422544
0.425143
0.427578
0.429207
0.428932
0.425496
0.418204
0.40834
0.398283
0.389033
0.383719
0.381779
0.383503
0.385256
0.3965
0.40679
0.420887
0.423522
0.425176
0.407782
0.39024
0.353586
0.321839
0.266738
0.230641
0.12706
0.133786
0.346449
0.303432
0.308682
0.3116
0.31635
0.322555
0.32745
0.332369
0.336385
0.340132
0.343372
0.346427
0.349201
0.351943
0.354584
0.357299
0.360081
0.362972
0.366018
0.369149
0.372419
0.375807
0.379284
0.38295
0.386761
0.390746
0.394995
0.399461
0.404025
0.408685
0.413086
0.41697
0.420181
0.422861
0.425217
0.427528
0.42911
0.42884
0.425363
0.418017
0.408092
0.398027
0.388801
0.383531
0.381599
0.383479
0.385455
0.396954
0.407428
0.421876
0.424729
0.426694
0.409353
0.391875
0.354973
0.323099
0.267626
0.23142
0.127465
0.134003
0.349507
0.303525
0.309293
0.311862
0.316652
0.32286
0.327814
0.332779
0.33686
0.34067
0.343977
0.347101
0.349946
0.352757
0.355472
0.358255
0.361105
0.364061
0.367166
0.370361
0.373693
0.377148
0.380699
0.384424
0.388291
0.392329
0.396599
0.401049
0.405547
0.410069
0.414254
0.417853
0.420741
0.423114
0.425251
0.427456
0.429002
0.428741
0.425228
0.417843
0.407872
0.397812
0.388616
0.38339
0.381469
0.383505
0.385702
0.397448
0.408088
0.422862
0.425917
0.428177
0.410892
0.39348
0.356346
0.324357
0.268521
0.232221
0.127888
0.134248
0.352602
0.303583
0.309855
0.312114
0.316954
0.323169
0.328183
0.333196
0.337342
0.341215
0.34459
0.347782
0.350699
0.353579
0.356368
0.359219
0.362137
0.365158
0.368322
0.371581
0.374975
0.378496
0.382111
0.385891
0.389817
0.393899
0.398178
0.402596
0.407013
0.411378
0.415334
0.418647
0.421219
0.423307
0.42525
0.42736
0.428886
0.428631
0.42509
0.417677
0.407679
0.397634
0.388473
0.383295
0.381387
0.383577
0.385995
0.397978
0.408768
0.423845
0.427086
0.429622
0.412394
0.395053
0.357704
0.325614
0.269426
0.233043
0.12833
0.134523
0.355737
0.303602
0.310367
0.312356
0.317253
0.323482
0.328558
0.333619
0.337831
0.341767
0.34521
0.348471
0.351459
0.354409
0.357271
0.360189
0.363175
0.366261
0.369484
0.372808
0.376259
0.379841
0.383515
0.387354
0.39133
0.395444
0.399719
0.40409
0.408408
0.412602
0.41632
0.419347
0.421619
0.423445
0.425218
0.427245
0.428763
0.428508
0.424948
0.417519
0.40751
0.397491
0.388371
0.383243
0.381349
0.383693
0.386331
0.39854
0.409466
0.42482
0.428233
0.431028
0.41386
0.396593
0.359047
0.326867
0.270341
0.233889
0.128793
0.134828
0.358912
0.30358
0.310826
0.312588
0.317551
0.323797
0.328939
0.334049
0.338327
0.342327
0.345837
0.349167
0.352226
0.355245
0.35818
0.361165
0.364219
0.367368
0.370651
0.374035
0.377541
0.381178
0.384916
0.388805
0.39282
0.396954
0.401212
0.405519
0.409719
0.413728
0.417205
0.419953
0.421943
0.423536
0.425157
0.427118
0.428632
0.428371
0.4248
0.417367
0.407365
0.39738
0.388308
0.383232
0.381355
0.38385
0.386707
0.39913
0.410178
0.425788
0.429358
0.432394
0.415288
0.398099
0.360373
0.328118
0.271267
0.234759
0.129278
0.135166
0.362127
0.303513
0.311231
0.31281
0.317847
0.324115
0.329324
0.334485
0.338829
0.342893
0.346471
0.349869
0.352999
0.356087
0.359094
0.362145
0.365265
0.368478
0.371816
0.375257
0.378819
0.382511
0.386303
0.390233
0.394277
0.398418
0.402642
0.406867
0.410935
0.414749
0.417985
0.420465
0.422198
0.423584
0.425071
0.426984
0.428489
0.428224
0.424644
0.41722
0.407242
0.397299
0.388279
0.383257
0.381401
0.384047
0.387118
0.399746
0.410903
0.426746
0.430459
0.43372
0.416679
0.399572
0.361685
0.329367
0.272206
0.235654
0.129788
0.135537
0.365383
0.303398
0.311578
0.31302
0.318142
0.324437
0.329715
0.334927
0.339338
0.343465
0.347111
0.350577
0.353776
0.356934
0.360012
0.363128
0.366312
0.369585
0.372977
0.376474
0.380087
0.383827
0.387666
0.391628
0.395688
0.399821
0.403997
0.408124
0.412044
0.415658
0.418659
0.420889
0.422391
0.423595
0.424969
0.426847
0.428334
0.428065
0.424478
0.417075
0.407137
0.397244
0.388283
0.383318
0.381484
0.384279
0.387563
0.400384
0.411637
0.427691
0.431536
0.435007
0.418034
0.401011
0.362982
0.330615
0.27316
0.236576
0.130324
0.135944
0.368681
0.303231
0.311865
0.313219
0.318436
0.324761
0.33011
0.335375
0.339852
0.344042
0.347757
0.35129
0.354558
0.357782
0.360929
0.364107
0.367354
0.370685
0.374128
0.377678
0.381336
0.385118
0.388995
0.392978
0.397042
0.401152
0.405263
0.409278
0.41304
0.416453
0.419229
0.42123
0.42253
0.423573
0.424859
0.426706
0.428171
0.427894
0.424302
0.416932
0.407048
0.397214
0.388316
0.38341
0.381602
0.384544
0.388036
0.40104
0.412378
0.428624
0.432589
0.436254
0.419353
0.40242
0.364268
0.331862
0.274129
0.237525
0.130889
0.136387
0.372022
0.303005
0.312093
0.313405
0.318729
0.325087
0.330509
0.335831
0.340373
0.344625
0.348405
0.352003
0.355338
0.358625
0.361841
0.36508
0.368388
0.371773
0.375264
0.37886
0.382557
0.386373
0.390278
0.394271
0.398324
0.402397
0.406428
0.410318
0.413916
0.417134
0.419698
0.421496
0.42262
0.423527
0.424747
0.426559
0.428003
0.427711
0.424117
0.416791
0.406974
0.397205
0.388376
0.38353
0.381751
0.384838
0.388534
0.40171
0.413123
0.429542
0.433617
0.437465
0.42064
0.4038
0.365543
0.333112
0.275117
0.238502
0.131482
0.136869
0.375409
0.302713
0.312259
0.313581
0.319021
0.325418
0.330915
0.336287
0.340895
0.345208
0.349049
0.352712
0.356112
0.359463
0.362744
0.36604
0.369405
0.372841
0.376374
0.38001
0.383739
0.387581
0.391503
0.395493
0.399523
0.403543
0.407482
0.411239
0.414672
0.417702
0.420075
0.421695
0.422667
0.423465
0.424633
0.426409
0.42783
0.427517
0.423921
0.41665
0.40691
0.397215
0.38846
0.383675
0.381928
0.385158
0.389052
0.40239
0.413869
0.430446
0.434621
0.438641
0.421897
0.405155
0.366812
0.334364
0.276123
0.239508
0.132106
0.13739
0.378839
0.302352
0.312362
0.313747
0.31931
0.325747
0.331319
0.336741
0.341413
0.345787
0.34969
0.353416
0.356879
0.360289
0.363632
0.366982
0.370398
0.37388
0.377449
0.381119
0.384871
0.388729
0.392657
0.396632
0.400625
0.40458
0.408418
0.412037
0.41531
0.418164
0.420367
0.421836
0.42268
0.423395
0.424516
0.426263
0.427654
0.427312
0.423716
0.416509
0.406856
0.397241
0.388563
0.383843
0.38213
0.3855
0.389587
0.403077
0.414614
0.431334
0.435603
0.439785
0.423128
0.406487
0.368076
0.335623
0.27715
0.240543
0.132759
0.137952
0.382309
0.301918
0.312402
0.313904
0.319592
0.326072
0.33172
0.337194
0.341929
0.346361
0.350325
0.35411
0.357632
0.361098
0.364497
0.367898
0.371359
0.37488
0.378479
0.382174
0.385942
0.389804
0.393728
0.397677
0.401621
0.405501
0.409232
0.412714
0.415832
0.418528
0.420584
0.421927
0.422667
0.423319
0.4244
0.426122
0.427476
0.427099
0.423502
0.416367
0.406807
0.39728
0.388684
0.384029
0.382354
0.38586
0.390135
0.403767
0.415355
0.432208
0.436564
0.440901
0.424338
0.407803
0.36934
0.336888
0.278198
0.241604
0.13344
0.138556
0.385839
0.301386
0.312381
0.314048
0.319866
0.326396
0.332121
0.337645
0.34244
0.346927
0.350946
0.354787
0.358363
0.361881
0.365332
0.368775
0.372276
0.375831
0.379452
0.383164
0.386938
0.390797
0.394704
0.398617
0.402503
0.406302
0.409923
0.413273
0.416248
0.418803
0.420736
0.421974
0.422636
0.423236
0.424292
0.425988
0.427298
0.426877
0.42328
0.416223
0.406764
0.397329
0.388817
0.384229
0.382595
0.386234
0.39069
0.404457
0.41609
0.433067
0.437507
0.441994
0.425532
0.409106
0.370607
0.338161
0.279266
0.242689
0.134146
0.139204
0.389511
0.30067
0.312302
0.314178
0.320135
0.326716
0.332516
0.338089
0.34294
0.347478
0.351548
0.355439
0.359065
0.362629
0.366125
0.369606
0.373141
0.376721
0.380357
0.384077
0.387849
0.391695
0.395577
0.399446
0.403268
0.406981
0.410495
0.413719
0.416565
0.419
0.420833
0.421987
0.422591
0.423153
0.424194
0.425861
0.427121
0.42665
0.423051
0.416077
0.406722
0.397386
0.388961
0.384441
0.382849
0.386618
0.39125
0.405146
0.416818
0.433911
0.438436
0.44307
0.426717
0.410402
0.37188
0.339442
0.280352
0.243793
0.134874
0.139896
0.393429
0.299663
0.312175
0.314293
0.320398
0.32703
0.332902
0.338519
0.343422
0.348006
0.352123
0.356059
0.359728
0.363332
0.366867
0.37038
0.373941
0.377539
0.381182
0.384904
0.388666
0.392491
0.396341
0.40016
0.403914
0.407543
0.410954
0.414063
0.416796
0.419129
0.420882
0.421973
0.422535
0.423073
0.424107
0.425744
0.426947
0.426418
0.422817
0.415929
0.406681
0.397446
0.389111
0.384659
0.383114
0.387007
0.391811
0.405827
0.417539
0.434742
0.439355
0.444134
0.427898
0.411696
0.37316
0.340729
0.281451
0.244911
0.135617
0.140635
0.397586
0.29837
0.312011
0.314392
0.32065
0.327332
0.333273
0.33893
0.343879
0.348505
0.352663
0.356637
0.360344
0.363983
0.36755
0.371088
0.374667
0.378276
0.381921
0.385637
0.389383
0.393182
0.396994
0.400759
0.404446
0.407992
0.411308
0.414315
0.416951
0.419204
0.420893
0.421939
0.422471
0.423001
0.424032
0.425638
0.426779
0.426183
0.422579
0.415778
0.406637
0.397507
0.389264
0.384881
0.383386
0.387397
0.392369
0.406499
0.418255
0.435562
0.440269
0.445194
0.429081
0.412991
0.374448
0.342016
0.282555
0.246037
0.136372
0.141423
0.401926
0.296853
0.311812
0.314471
0.320888
0.327619
0.333623
0.339315
0.344306
0.348966
0.35316
0.357167
0.360905
0.364572
0.368165
0.371721
0.375312
0.378926
0.382567
0.386271
0.389996
0.393764
0.397536
0.401248
0.404869
0.408338
0.411567
0.414486
0.417043
0.419232
0.420873
0.421889
0.422406
0.42294
0.42397
0.425545
0.426618
0.425947
0.422338
0.415623
0.406591
0.397565
0.389415
0.385102
0.383663
0.387781
0.392919
0.407158
0.418968
0.436375
0.441188
0.446259
0.430275
0.414291
0.375738
0.343293
0.283652
0.247163
0.137133
0.142264
0.40645
0.295129
0.311573
0.314523
0.321109
0.327884
0.333946
0.339668
0.344694
0.349384
0.353606
0.35764
0.361404
0.365092
0.368704
0.372274
0.375871
0.379483
0.383117
0.386805
0.390506
0.394241
0.397972
0.401632
0.405191
0.40859
0.411745
0.414589
0.417084
0.419223
0.42083
0.421827
0.422343
0.422889
0.423922
0.425466
0.426465
0.425716
0.422097
0.415466
0.406539
0.397618
0.389562
0.385319
0.38394
0.388157
0.393459
0.407802
0.419677
0.437188
0.44212
0.447338
0.431483
0.415591
0.377018
0.344545
0.284731
0.248287
0.137896
0.143161
0.411172
0.293207
0.311291
0.314541
0.321308
0.328123
0.334236
0.339983
0.345038
0.349751
0.353997
0.358052
0.361835
0.36554
0.369165
0.372743
0.376341
0.379949
0.383572
0.387241
0.390916
0.394619
0.398309
0.40192
0.405423
0.408761
0.411852
0.414638
0.417084
0.419186
0.42077
0.42176
0.422286
0.422849
0.423888
0.425401
0.426318
0.425496
0.421857
0.415306
0.40648
0.397663
0.3897
0.385528
0.384209
0.388524
0.393984
0.40843
0.420382
0.438008
0.443069
0.448435
0.432702
0.416878
0.378268
0.345755
0.28578
0.249403
0.138661
0.144121
0.416115
0.291096
0.310971
0.314516
0.32148
0.32833
0.334487
0.340255
0.345333
0.350064
0.354328
0.358399
0.362197
0.365912
0.369546
0.373129
0.376724
0.380324
0.383935
0.387583
0.391233
0.394905
0.398556
0.402124
0.405578
0.408863
0.411903
0.414643
0.417054
0.419128
0.420698
0.421691
0.422236
0.422821
0.423869
0.425344
0.426184
0.425293
0.421622
0.415145
0.406415
0.397697
0.389825
0.385725
0.384468
0.388879
0.39449
0.40904
0.421083
0.438841
0.444039
0.449548
0.433913
0.418125
0.379462
0.346907
0.286788
0.25051
0.139426
0.145152
0.42131
0.288778
0.310647
0.314438
0.321621
0.328501
0.334696
0.34048
0.345576
0.350321
0.354599
0.358681
0.36249
0.366212
0.36985
0.373434
0.377025
0.380616
0.384213
0.387841
0.391466
0.395109
0.398726
0.402257
0.405669
0.40891
0.41191
0.414616
0.417001
0.419057
0.420619
0.421624
0.422194
0.422805
0.423865
0.425295
0.426068
0.425106
0.4214
0.414983
0.406344
0.397719
0.389935
0.385905
0.38471
0.389221
0.394975
0.40963
0.42178
0.439687
0.445022
0.450653
0.435079
0.419294
0.380573
0.347989
0.28775
0.251611
0.140194
0.146263
0.426812
0.286226
0.310349
0.314309
0.321728
0.328634
0.33486
0.340659
0.345769
0.350524
0.354812
0.358902
0.362718
0.366444
0.370083
0.373666
0.377251
0.380832
0.384415
0.388024
0.391627
0.395244
0.398832
0.40233
0.405708
0.408915
0.411884
0.414567
0.416935
0.418978
0.42054
0.421561
0.42216
0.422801
0.423879
0.425257
0.425967
0.424939
0.421195
0.414822
0.406267
0.39773
0.390028
0.386067
0.38493
0.389542
0.395431
0.410195
0.422467
0.440536
0.445992
0.451706
0.436148
0.420348
0.381584
0.348999
0.288666
0.25271
0.140967
0.147463
0.432614
0.283503
0.310084
0.314136
0.321799
0.328728
0.334982
0.340793
0.345914
0.350677
0.354972
0.359067
0.362886
0.366614
0.370252
0.373833
0.377411
0.380983
0.384554
0.388145
0.391728
0.395324
0.398886
0.402359
0.40571
0.40889
0.411838
0.414505
0.416862
0.418898
0.420464
0.421504
0.422134
0.422808
0.423907
0.425236
0.425875
0.424796
0.421013
0.414665
0.406188
0.39773
0.390106
0.386211
0.385122
0.389831
0.395852
0.41073
0.423133
0.441357
0.446894
0.45264
0.437068
0.421262
0.382491
0.349941
0.289539
0.253805
0.141754
0.148765
0.438478
0.280927
0.309861
0.313939
0.321834
0.328786
0.335065
0.340886
0.346017
0.350786
0.355086
0.359183
0.363005
0.366733
0.370369
0.373946
0.377518
0.381081
0.384641
0.388217
0.391785
0.395362
0.398905
0.402357
0.405688
0.408848
0.411781
0.414439
0.416791
0.418824
0.420395
0.421454
0.422114
0.422822
0.423938
0.425233
0.425803
0.424675
0.420863
0.414519
0.406109
0.397724
0.39017
0.386337
0.385276
0.390077
0.396216
0.41122
0.423749
0.442095
0.447655
0.453394
0.437817
0.42204
0.383305
0.350827
0.290378
0.254864
0.142589
0.15018
0.444229
0.278852
0.309665
0.313742
0.321835
0.328811
0.335113
0.340945
0.346084
0.350857
0.355159
0.359257
0.36308
0.366811
0.370445
0.374019
0.377584
0.381139
0.384689
0.388254
0.39181
0.395373
0.398901
0.402339
0.405654
0.408802
0.411725
0.414377
0.416728
0.41876
0.420336
0.421412
0.422099
0.422842
0.423966
0.425238
0.425758
0.424574
0.420746
0.414395
0.406036
0.397713
0.390215
0.386435
0.385393
0.390268
0.396504
0.411628
0.424272
0.442686
0.44822
0.453954
0.43841
0.422708
0.384046
0.351671
0.291192
0.255889
0.143474
0.151715
0.450343
0.277099
0.309471
0.313555
0.321807
0.32881
0.335133
0.340976
0.34612
0.350896
0.355201
0.359301
0.363127
0.366858
0.37049
0.374061
0.377621
0.381169
0.384712
0.388268
0.391814
0.395368
0.398885
0.402313
0.405619
0.408758
0.411676
0.414326
0.416677
0.418709
0.420289
0.421377
0.422087
0.42286
0.423989
0.425249
0.425735
0.424501
0.42066
0.4143
0.405971
0.397697
0.390241
0.386502
0.385469
0.390392
0.396694
0.411928
0.424657
0.443088
0.448594
0.454359
0.438897
0.423305
0.384736
0.35248
0.29199
0.256925
0.144372
0.153391
0.457417
0.275314
0.30925
0.313372
0.321753
0.328786
0.33513
0.340983
0.346133
0.350912
0.355222
0.359324
0.363152
0.366883
0.370513
0.374082
0.377637
0.38118
0.384717
0.388267
0.391807
0.395355
0.398865
0.402286
0.405586
0.40872
0.411636
0.414285
0.416638
0.418671
0.420252
0.421347
0.422074
0.422872
0.424011
0.425265
0.425729
0.424462
0.420605
0.414234
0.405917
0.397674
0.390247
0.386534
0.385502
0.390449
0.396785
0.412099
0.424885
0.443321
0.448839
0.454686
0.439339
0.423876
0.385404
0.353261
0.292806
0.257994
0.14529
0.155282
0.465104
0.273381
0.309009
0.313188
0.321681
0.328745
0.335111
0.340974
0.346133
0.350916
0.35523
0.359332
0.36316
0.366891
0.37052
0.374087
0.377639
0.381178
0.384712
0.388258
0.391793
0.395337
0.398842
0.40226
0.405557
0.408689
0.411603
0.414253
0.416608
0.418642
0.420223
0.421322
0.422061
0.422878
0.424032
0.425289
0.425743
0.424456
0.420581
0.414198
0.405876
0.397646
0.390228
0.386528
0.38549
0.390445
0.396789
0.41215
0.42498
0.443452
0.449027
0.455005
0.439784
0.424472
0.386088
0.354066
0.293661
0.259152
0.146236
0.157521
0.470496
0.271545
0.308848
0.313026
0.321616
0.328708
0.335094
0.34097
0.346133
0.350919
0.355234
0.359338
0.363165
0.366895
0.370523
0.374088
0.377638
0.381175
0.384706
0.388248
0.391781
0.395322
0.398825
0.40224
0.405535
0.408666
0.41158
0.41423
0.416586
0.418622
0.420202
0.421303
0.422049
0.422877
0.424048
0.425316
0.42577
0.424476
0.420588
0.414188
0.405853
0.397622
0.390196
0.386502
0.385442
0.39038
0.39671
0.412125
0.424973
0.443528
0.449163
0.455313
0.440207
0.425086
0.386813
0.354974
0.294513
0.260459
0.147085
0.16004
)
;

boundaryField
{
    inlet
    {
        type            zeroGradient;
    }
    outlet
    {
        type            fixedValue;
        value           uniform 0;
    }
    fixedWalls
    {
        type            zeroGradient;
    }
    frontAndBack
    {
        type            empty;
    }
}


// ************************************************************************* //
