/*--------------------------------*- C++ -*----------------------------------*\
| =========                 |                                                 |
| \\      /  F ield         | OpenFOAM: The Open Source CFD Toolbox           |
|  \\    /   O peration     | Version:  2.4.0                                 |
|   \\  /    A nd           | Web:      www.OpenFOAM.org                      |
|    \\/     M anipulation  |                                                 |
\*---------------------------------------------------------------------------*/
FoamFile
{
    version     2.0;
    format      ascii;
    class       volScalarField;
    location    "3.15";
    object      nut;
}
// * * * * * * * * * * * * * * * * * * * * * * * * * * * * * * * * * * * * * //

dimensions      [0 2 -1 0 0 0 0];

internalField   nonuniform List<scalar> 
6000
(
1.24052e-05
1.01581e-05
5.69303e-06
3.05432e-06
1.75236e-06
2.94043e-06
2.48857e-06
3.29848e-06
3.75261e-06
4.98161e-06
6.42978e-06
8.12668e-06
9.82066e-06
1.1539e-05
1.34118e-05
1.53416e-05
1.72394e-05
1.82546e-05
1.69773e-05
1.47431e-05
1.18429e-05
1.15036e-05
1.51925e-05
1.86875e-05
2.21559e-05
2.48128e-05
2.66167e-05
2.78542e-05
2.87059e-05
2.92686e-05
2.96186e-05
2.97842e-05
2.97905e-05
2.96575e-05
2.93988e-05
2.90195e-05
2.85133e-05
2.78604e-05
2.70267e-05
2.59245e-05
2.57187e-05
2.56099e-05
2.52744e-05
2.47323e-05
2.40175e-05
2.3157e-05
2.21453e-05
2.09534e-05
1.95569e-05
1.79999e-05
1.63764e-05
1.47868e-05
1.33027e-05
1.20613e-05
1.12388e-05
1.0797e-05
1.04807e-05
1.05332e-05
1.03073e-05
1.08349e-05
2.33581e-05
3.47909e-05
1.71805e-05
8.03673e-06
5.0004e-06
7.50675e-06
1.52008e-05
1.73792e-05
2.33772e-05
2.87081e-05
3.58174e-05
4.59617e-05
5.96977e-05
7.86234e-05
0.000101327
0.000127872
0.000153315
0.000149115
0.000112124
6.95459e-05
5.49878e-05
6.71467e-05
9.03136e-05
9.41031e-05
0.000107836
0.000128731
0.00014595
0.000159071
0.000170094
0.000179979
0.000188207
0.000195526
0.000202897
0.000210448
0.000218247
0.000226257
0.00023424
0.000241675
0.000247766
0.000251132
0.000238721
0.000221901
0.00020213
0.000180306
0.000157616
0.000135287
0.000114194
9.31659e-05
7.65325e-05
6.48738e-05
5.69235e-05
5.07442e-05
4.46867e-05
3.82326e-05
3.13677e-05
2.5184e-05
1.95044e-05
1.52943e-05
1.19912e-05
9.89551e-06
2.89e-05
5.03221e-05
2.4398e-05
1.02028e-05
1.12392e-05
1.75411e-05
2.98512e-05
3.4951e-05
4.41946e-05
5.48542e-05
6.97245e-05
9.12198e-05
0.000119143
0.000154996
0.000196717
0.000244482
0.000287484
0.000284471
0.000214987
0.000137622
0.000100287
0.000115317
0.00014813
0.000166305
0.000225537
0.000290069
0.000334776
0.00036589
0.000389477
0.000408141
0.000422262
0.000434041
0.000444742
0.000454758
0.000464349
0.000473541
0.000481936
0.000488573
0.000491997
0.000489665
0.000469501
0.000442755
0.000410082
0.000372625
0.00033214
0.000290653
0.000249663
0.000206745
0.000166496
0.000132797
0.000107386
8.94604e-05
7.60516e-05
6.48921e-05
5.42072e-05
4.50579e-05
3.5613e-05
2.85824e-05
2.0984e-05
1.73247e-05
3.21951e-05
5.72217e-05
2.77674e-05
1.1268e-05
1.76954e-05
2.7817e-05
4.20442e-05
5.00099e-05
6.21719e-05
7.83363e-05
0.000101014
0.000132676
0.000171995
0.000219993
0.000274699
0.000335942
0.000389165
0.000385694
0.000292839
0.000194929
0.000141761
0.000153935
0.000198718
0.000247781
0.000360362
0.00046145
0.000527713
0.000572565
0.000604764
0.000628311
0.000644829
0.000657261
0.000667056
0.000674956
0.000681501
0.000686898
0.000690751
0.000691903
0.000688587
0.000677938
0.000652641
0.000619899
0.000579788
0.000533427
0.000482666
0.000429704
0.000376183
0.000320274
0.000264924
0.000214378
0.000172253
0.000140193
0.000116298
9.79225e-05
8.20661e-05
6.92748e-05
5.659e-05
4.75363e-05
3.69893e-05
3.36503e-05
3.39566e-05
5.94491e-05
3.4181e-05
1.21731e-05
2.28523e-05
3.63029e-05
5.19696e-05
6.27084e-05
7.78831e-05
9.92513e-05
0.000129038
0.000169194
0.00021728
0.000273752
0.000336849
0.000405985
0.000464426
0.000458762
0.000348899
0.000239279
0.0001766
0.000188321
0.000246845
0.000335288
0.000495249
0.00062386
0.000706456
0.000761362
0.000799099
0.000824882
0.000841424
0.000852047
0.000858438
0.000861689
0.000862646
0.000861751
0.000858718
0.000852364
0.000840843
0.000821747
0.000791966
0.000754673
0.000709731
0.000658157
0.000601698
0.000542426
0.000481903
0.000418878
0.000355074
0.000294141
0.000240052
0.000195936
0.000161587
0.000135182
0.000113424
9.65435e-05
8.08274e-05
7.01548e-05
5.80878e-05
5.60774e-05
3.49042e-05
5.90464e-05
4.1538e-05
1.25305e-05
2.56976e-05
4.28252e-05
6.01051e-05
7.36747e-05
9.18909e-05
0.000118028
0.000154097
0.000201263
0.000256021
0.000318228
0.000386323
0.000459397
0.000519491
0.000510733
0.000388261
0.000272318
0.000204853
0.000220659
0.000294353
0.000424813
0.000623605
0.000773053
0.000868234
0.000930532
0.000971711
0.000998015
0.00101301
0.00102027
0.00102175
0.00101886
0.00101276
0.00100414
0.000992902
0.000977946
0.000957498
0.000930318
0.000896061
0.000854848
0.000806521
0.000751962
0.000692698
0.000630521
0.000566759
0.000500451
0.00043248
0.000365781
0.000304062
0.000251056
0.000207909
0.00017398
0.00014636
0.000125232
0.000106597
9.42662e-05
8.15457e-05
8.0333e-05
3.5415e-05
5.72039e-05
4.70611e-05
1.49205e-05
2.53227e-05
4.74893e-05
6.67513e-05
8.33248e-05
0.000104557
0.000135016
0.000176584
0.000229527
0.000289317
0.00035519
0.000425758
0.000499901
0.000559022
0.000546898
0.000415102
0.000295967
0.00022735
0.000251536
0.000341739
0.000513437
0.000743237
0.000908819
0.00101395
0.0010818
0.00112504
0.00115077
0.00116321
0.00116612
0.00116175
0.00115181
0.00113771
0.00112043
0.00110011
0.0010758
0.00104591
0.00101106
0.000972097
0.000927278
0.000876483
0.000820434
0.000760351
0.000697638
0.000633265
0.000566295
0.000496999
0.000427654
0.000361512
0.000302428
0.00025246
0.000212065
0.000179057
0.000153762
0.000132294
0.000118113
0.000105023
0.000103675
3.56744e-05
5.46515e-05
5.07536e-05
2.1792e-05
2.26672e-05
5.02923e-05
7.20305e-05
9.18794e-05
0.000116104
0.000150474
0.000196843
0.000254558
0.0003181
0.000386064
0.000457204
0.0005303
0.000586544
0.000571112
0.000432746
0.000311936
0.00024508
0.000281173
0.000388982
0.000599315
0.000853695
0.00103212
0.00114535
0.00121752
0.00126197
0.00128644
0.00129567
0.00129364
0.00128284
0.00126522
0.00124247
0.00121586
0.00118576
0.00115147
0.00111168
0.0010695
0.00102552
0.000977251
0.00092462
0.000868166
0.000808732
0.000747234
0.000684178
0.000618439
0.000549797
0.000479953
0.00041167
0.000348695
0.000293671
0.000247957
0.00021019
0.000180956
0.000156751
0.000140548
0.000127057
0.000124826
3.57843e-05
5.18382e-05
5.28784e-05
3.0098e-05
2.04924e-05
5.10885e-05
7.59301e-05
9.94196e-05
0.000126662
0.000164593
0.000215161
0.00027683
0.000343125
0.000411983
0.000482264
0.000552758
0.000604823
0.000586298
0.000443907
0.000321681
0.000259032
0.000309684
0.000435863
0.000681365
0.000955244
0.00114421
0.00126427
0.00133997
0.00138509
0.00140791
0.00141355
0.0014062
0.00138857
0.00136285
0.00133096
0.00129445
0.001254
0.00120917
0.00115916
0.00110975
0.00106044
0.00100878
0.000954756
0.000898718
0.000841071
0.000782155
0.000721908
0.000658845
0.000592312
0.000523506
0.000454722
0.000389505
0.000330863
0.000280872
0.00023899
0.000206126
0.000179307
0.000161
0.000146952
0.000143418
3.58065e-05
4.90341e-05
5.37075e-05
3.80717e-05
2.06283e-05
4.96582e-05
7.83471e-05
0.000105921
0.000136288
0.000177512
0.000231768
0.000296729
0.000365001
0.000433847
0.000502211
0.000569008
0.000616118
0.000594776
0.000450852
0.000326453
0.000270161
0.000337118
0.000482108
0.000759001
0.00104843
0.00124631
0.00137234
0.00145108
0.00149658
0.00151753
0.00151935
0.00150645
0.00148175
0.00144761
0.00140619
0.00135931
0.00130798
0.00125208
0.00119165
0.00113496
0.00108002
0.00102494
0.000969825
0.00091483
0.000859874
0.000804645
0.000748416
0.000689191
0.000625905
0.000559294
0.000491225
0.000425009
0.00036389
0.00031052
0.000265128
0.000228981
0.000199706
0.000179312
0.00016455
0.000159556
3.57788e-05
4.63934e-05
5.35135e-05
4.47074e-05
2.40021e-05
4.60435e-05
7.91407e-05
0.000111274
0.000144981
0.000189325
0.000246849
0.000314567
0.00038422
0.000452388
0.000518085
0.000580493
0.000622349
0.000598448
0.000455511
0.000327361
0.000279387
0.000363448
0.00052745
0.000831954
0.0011339
0.00133954
0.00147097
0.00155246
0.0015982
0.00161717
0.00161507
0.0015965
0.00156453
0.00152174
0.00147046
0.00141281
0.00135013
0.00128265
0.00121179
0.00114761
0.00108674
0.00102815
0.000972132
0.000918639
0.000867091
0.000816457
0.000765256
0.000710847
0.000651746
0.000588252
0.000521837
0.000455586
0.000392904
0.000336916
0.000288565
0.000249498
0.00021796
0.000195571
0.000180009
0.000173538
3.57238e-05
4.39956e-05
5.25552e-05
4.97879e-05
3.027e-05
4.13539e-05
7.82073e-05
0.000115299
0.000152676
0.000200089
0.000260548
0.000330598
0.000401183
0.000468201
0.000530754
0.000588448
0.000625183
0.000598959
0.000459535
0.000325478
0.000287589
0.000388548
0.000571653
0.000900157
0.0012123
0.00142487
0.00156131
0.00164539
0.00169132
0.00170831
0.00170225
0.00167791
0.00163858
0.00158693
0.00152552
0.00145675
0.00138232
0.0013028
0.00122172
0.00114971
0.00108262
0.00102039
0.000963543
0.000911863
0.000864269
0.000818972
0.000773653
0.000724908
0.000670803
0.000611197
0.000547203
0.000481691
0.00041819
0.000360235
0.000309427
0.000267803
0.000234218
0.000209982
0.000193591
0.000185708
3.56552e-05
4.18722e-05
5.10631e-05
5.3322e-05
3.72199e-05
3.72631e-05
7.55807e-05
0.00011777
0.000159251
0.000209822
0.000272971
0.000345024
0.000416214
0.000481781
0.000540956
0.000593945
0.000626074
0.000598191
0.000463754
0.000321969
0.000295509
0.000412207
0.000614524
0.000963668
0.00128422
0.00150313
0.00164431
0.00173092
0.00177705
0.00179208
0.00178205
0.00175193
0.00170514
0.0016445
0.00157274
0.00149256
0.00140602
0.00131407
0.00122322
0.00114295
0.00106937
0.00100334
0.000945631
0.000895933
0.000852677
0.000813302
0.000774585
0.000732249
0.000683862
0.000628824
0.000567901
0.000503774
0.00044008
0.000380724
0.000327916
0.000284093
0.00024869
0.000222782
0.000205575
0.000196387
3.55813e-05
4.00257e-05
4.92323e-05
5.5442e-05
4.37196e-05
3.5179e-05
7.15309e-05
0.000118454
0.000164512
0.0002185
0.000284196
0.000358006
0.000429581
0.000493541
0.000549319
0.000597912
0.000626256
0.000597673
0.000468859
0.000318256
0.00030403
0.000434608
0.000655908
0.00102263
0.00135021
0.00157501
0.00172076
0.00180985
0.00185624
0.00186935
0.00185538
0.00181947
0.00176518
0.00169543
0.00161315
0.00152132
0.00142239
0.00131784
0.00121769
0.00112876
0.00104846
0.00097844
0.000919782
0.0008721
0.000833402
0.000800375
0.000768848
0.000733574
0.000691558
0.000641704
0.000584431
0.000522251
0.000458906
0.000398648
0.000344262
0.000298582
0.000261594
0.000234204
0.000216219
0.000205845
3.55072e-05
3.84416e-05
4.72203e-05
5.63388e-05
4.93449e-05
3.75031e-05
6.67467e-05
0.000117189
0.000168206
0.000226051
0.000294265
0.000369668
0.0004415
0.000503826
0.000556376
0.000601122
0.000626722
0.000598566
0.000475285
0.000316086
0.000313595
0.000455962
0.000695693
0.00107722
0.00141077
0.0016411
0.00179127
0.00188284
0.00192954
0.00194081
0.00192294
0.00188126
0.00181943
0.00174051
0.00164758
0.00154392
0.00143238
0.00131546
0.00120621
0.00110838
0.0010212
0.000947032
0.000887266
0.000841508
0.000807422
0.000781001
0.000757114
0.000729461
0.000694412
0.000650309
0.000597215
0.000537485
0.000474972
0.000414262
0.000358686
0.000311474
0.000273131
0.000244447
0.000225741
0.000214299
3.5436e-05
3.70965e-05
4.51493e-05
5.62242e-05
5.39029e-05
4.2647e-05
6.22034e-05
0.000113989
0.000170031
0.000232344
0.000303189
0.000380103
0.000452143
0.000512917
0.000562563
0.000604185
0.000628194
0.000601649
0.000483776
0.000316314
0.000324261
0.000476451
0.000733799
0.00112764
0.00146632
0.00170187
0.00185634
0.0019504
0.00199746
0.00200696
0.00198525
0.00193782
0.00186845
0.00178031
0.00167664
0.00156103
0.00143675
0.00130807
0.00118973
0.00108293
0.000988796
0.000910355
0.000849293
0.000805252
0.000775663
0.000755927
0.000739978
0.000720403
0.000692851
0.000655026
0.000606605
0.000549789
0.000488547
0.000427795
0.000371389
0.00032295
0.000283475
0.000253678
0.000234317
0.000221916
3.53692e-05
3.59635e-05
4.31095e-05
5.53106e-05
5.73087e-05
4.88793e-05
5.88048e-05
0.000109143
0.000169683
0.000237178
0.000310936
0.000389367
0.000461645
0.000521039
0.000568212
0.000607526
0.000631105
0.000607323
0.000495002
0.000319392
0.000335905
0.000496239
0.000770178
0.00117413
0.00151723
0.00175774
0.00191639
0.00201293
0.00206041
0.00206821
0.00204271
0.00198957
0.00191267
0.0018153
0.00170085
0.00157323
0.00143612
0.00129669
0.00116909
0.00105338
0.000952346
0.000869588
0.000807043
0.000764419
0.000739041
0.000725875
0.000717993
0.000706837
0.000687242
0.00065618
0.000612896
0.000559428
0.000499864
0.00043945
0.000382547
0.000333166
0.000292769
0.000262029
0.000242083
0.000228823
3.53078e-05
3.50151e-05
4.11641e-05
5.37984e-05
5.95582e-05
5.50461e-05
5.84999e-05
0.000103318
0.000166933
0.000240279
0.00031743
0.000397486
0.000470097
0.000528358
0.000573544
0.000611384
0.000635615
0.000615658
0.000509335
0.000327188
0.000348451
0.000515479
0.000804809
0.0012169
0.00156384
0.00180902
0.00197173
0.00207073
0.00211868
0.00212484
0.00209562
0.00203681
0.00195243
0.00184582
0.00172058
0.00158095
0.00143113
0.00128211
0.00114507
0.00102064
0.000912877
0.00082586
0.000761683
0.000720109
0.000698494
0.000691577
0.0006917
0.000689172
0.000677911
0.000654049
0.000616335
0.000566625
0.00050912
0.000449397
0.000392309
0.000342251
0.000301128
0.000269604
0.000249142
0.000235113
3.52521e-05
3.42253e-05
3.93542e-05
5.1868e-05
6.07098e-05
6.05191e-05
6.12401e-05
9.74512e-05
0.000161757
0.0002413
0.000322532
0.000404444
0.000477553
0.000534987
0.00057868
0.000615828
0.000641649
0.000626472
0.000526886
0.000340889
0.000361897
0.00053431
0.000837694
0.00125617
0.00160642
0.001856
0.00202263
0.00212405
0.0021725
0.00217709
0.00214421
0.0020798
0.00198796
0.00187216
0.00173616
0.00158456
0.00142267
0.00126473
0.0011183
0.000985488
0.000871328
0.000780248
0.000714366
0.000673448
0.000655003
0.0006538
0.000661654
0.000667806
0.000665158
0.000648878
0.000617135
0.000571567
0.000516481
0.000457781
0.000400798
0.000350311
0.000308644
0.000276481
0.000255572
0.000240853
3.5202e-05
3.35704e-05
3.77035e-05
4.9676e-05
6.08675e-05
6.4971e-05
6.58361e-05
9.25285e-05
0.000154467
0.00023986
0.000326033
0.000410181
0.000484024
0.000540981
0.00058367
0.000620785
0.000648963
0.000639407
0.000547538
0.000360979
0.000376324
0.000552867
0.000868858
0.00129214
0.00164521
0.0018989
0.00206929
0.00217309
0.00222206
0.00222512
0.00218865
0.0021187
0.00201946
0.00189452
0.00174782
0.00158436
0.00141149
0.00124492
0.00108938
0.000948638
0.000828553
0.000733753
0.00066621
0.000625577
0.000609596
0.000613359
0.00062844
0.000643151
0.000649275
0.000640888
0.000615481
0.000574417
0.00052209
0.000464723
0.000408117
0.000357429
0.000315389
0.000282721
0.000261429
0.000246095
3.51573e-05
3.30293e-05
3.62223e-05
4.73532e-05
6.01664e-05
6.82477e-05
7.09969e-05
9.04574e-05
0.000145829
0.000235619
0.00032764
0.000414579
0.000489471
0.000546345
0.000588486
0.000626081
0.0006572
0.000654004
0.000570978
0.000387376
0.000391894
0.000571275
0.000898344
0.00132502
0.00168042
0.0019379
0.00211188
0.00221798
0.00226748
0.00226907
0.00222907
0.00215364
0.00204708
0.00191307
0.00175577
0.00158057
0.00139829
0.00122302
0.00105877
0.000910696
0.000785303
0.000687285
0.00061827
0.000577626
0.00056334
0.000571127
0.000592689
0.000615639
0.000630558
0.000630295
0.000611541
0.000575316
0.000526067
0.000470325
0.000414351
0.000363675
0.00032142
0.000288372
0.000266757
0.000250873
3.51176e-05
3.25838e-05
3.49112e-05
4.50047e-05
5.8759e-05
7.03053e-05
7.5939e-05
9.14639e-05
0.000136978
0.000228415
0.000326978
0.000417451
0.000493806
0.00055103
0.000593043
0.000631479
0.000665948
0.000669752
0.000596742
0.000419565
0.000408849
0.000589658
0.000926219
0.00135498
0.00171222
0.00197315
0.00215051
0.00225883
0.00230887
0.00230902
0.00226556
0.00218473
0.00207092
0.00192794
0.00176015
0.00157389
0.00138318
0.00119934
0.0010269
0.000872177
0.000742213
0.000641626
0.000571494
0.000530673
0.000517321
0.000528031
0.000555085
0.000585739
0.000609318
0.00061731
0.000605471
0.000574388
0.000528515
0.000474675
0.00041957
0.000369105
0.00032678
0.000293464
0.000271587
0.000255215
3.50826e-05
3.2218e-05
3.37643e-05
4.27115e-05
5.68033e-05
7.11773e-05
8.01807e-05
9.44795e-05
0.000130116
0.000218453
0.000323617
0.000418525
0.000496882
0.000554936
0.000597216
0.000636716
0.000674774
0.00068612
0.000624261
0.000456689
0.00042751
0.000608142
0.000952575
0.00138223
0.00174075
0.00200476
0.00218528
0.00229572
0.00234628
0.00234505
0.00229819
0.00221203
0.00209106
0.00193922
0.00176109
0.00156495
0.00136625
0.00117414
0.000994112
0.000833503
0.000699801
0.000597414
0.000526677
0.000485687
0.000472593
0.000485034
0.000516369
0.000553963
0.000585886
0.000602148
0.000597422
0.000571748
0.000529528
0.000477846
0.000423834
0.000373764
0.000331506
0.000298022
0.000275941
0.000259142
3.50518e-05
3.19186e-05
3.27711e-05
4.05326e-05
5.44538e-05
7.09529e-05
8.34295e-05
9.83746e-05
0.000126545
0.000206691
0.000317124
0.000417549
0.00049848
0.000557913
0.000600854
0.000641528
0.000683257
0.00070258
0.000652901
0.000497659
0.000448266
0.000626867
0.000977536
0.00140691
0.00176614
0.00203281
0.00221628
0.00232872
0.00237978
0.00237718
0.00232699
0.0022356
0.00210757
0.00194699
0.00175882
0.00155416
0.0013476
0.00114762
0.000960677
0.000795006
0.000658461
0.000555127
0.000484428
0.000443468
0.000430124
0.000443102
0.000477325
0.000520867
0.000560622
0.000585039
0.000587547
0.000567507
0.000529189
0.000479903
0.000427193
0.00037769
0.000335625
0.000302068
0.000279839
0.000262667
3.50248e-05
3.16743e-05
3.19187e-05
3.85077e-05
5.18534e-05
6.97616e-05
8.55227e-05
0.000102307
0.000126014
0.000194816
0.000307354
0.00041417
0.000498468
0.000559747
0.00060378
0.000645669
0.000691004
0.00071862
0.00068201
0.000541299
0.000471563
0.000646002
0.00100127
0.0014292
0.00178847
0.00205738
0.00224353
0.00235785
0.00240939
0.00240546
0.00235201
0.00225547
0.00212047
0.00195129
0.00175391
0.00154151
0.00132734
0.00111996
0.000926817
0.000756938
0.000618475
0.000515088
0.000445156
0.000404599
0.000390728
0.000403155
0.000438767
0.000487052
0.000533917
0.000566226
0.000576
0.000561769
0.000527574
0.000480905
0.00042969
0.000380915
0.000339161
0.000305619
0.000283295
0.000265805
3.50011e-05
3.14756e-05
3.1193e-05
3.6661e-05
4.91287e-05
6.77588e-05
8.63961e-05
0.000105695
0.000127616
0.000184579
0.000294584
0.000408014
0.000496609
0.000560262
0.00060579
0.000648914
0.000697655
0.000733749
0.00071094
0.000586491
0.000497882
0.000665771
0.001024
0.00144922
0.00180781
0.00207849
0.00226708
0.00238316
0.00243513
0.00242989
0.00237324
0.00227164
0.00212979
0.00195222
0.00174683
0.00152701
0.00130554
0.00109132
0.000892702
0.000719484
0.000580029
0.000477481
0.000409077
0.000369426
0.000355001
0.000366005
0.000401506
0.000453151
0.000506193
0.00054597
0.000562945
0.000554642
0.00052476
0.000480905
0.000431366
0.000383467
0.000342135
0.000308691
0.000286322
0.000268567
3.49804e-05
3.13146e-05
3.05797e-05
3.50034e-05
4.63866e-05
6.51143e-05
8.60639e-05
0.000108157
0.000130321
0.000177143
0.000279672
0.000398775
0.000492599
0.000559254
0.000606657
0.000651066
0.000702897
0.000747508
0.000739072
0.000632244
0.000527675
0.000686485
0.00104605
0.00146708
0.00182419
0.00209618
0.00228695
0.00240463
0.002457
0.00245048
0.0023907
0.00228413
0.00213553
0.00195028
0.00173756
0.00151066
0.00128227
0.0010618
0.000858464
0.000682774
0.000543234
0.000442382
0.000376248
0.000338071
0.000323295
0.000332299
0.000366305
0.000419809
0.000477897
0.000524551
0.000548553
0.000546234
0.000520818
0.000479956
0.000432255
0.000385372
0.000344565
0.000311297
0.000288931
0.000270961
3.49623e-05
3.11846e-05
3.00651e-05
3.35363e-05
4.37132e-05
6.20008e-05
8.46032e-05
0.000109458
0.00013324
0.00017276
0.000264022
0.00038634
0.000486112
0.000556485
0.000606133
0.000651937
0.000706463
0.000759469
0.000765824
0.000677706
0.000561286
0.000708591
0.00106785
0.00148285
0.00183761
0.00211044
0.00230313
0.00242228
0.002475
0.00246721
0.00240437
0.00229292
0.00213789
0.00194571
0.00172611
0.00149249
0.00125762
0.00103149
0.000824208
0.000646902
0.000508146
0.000409792
0.000346614
0.000310482
0.000295717
0.000302469
0.000333885
0.000387657
0.000449491
0.000502269
0.000533005
0.000536659
0.000515822
0.000478106
0.000432392
0.000386653
0.000346467
0.000313449
0.000291133
0.000272999
3.49465e-05
3.108e-05
2.9636e-05
3.22536e-05
4.11736e-05
5.85845e-05
8.21411e-05
0.000109474
0.000135698
0.000170927
0.000249263
0.000370941
0.000476839
0.000551693
0.000603974
0.000651346
0.000708134
0.00076924
0.000790653
0.00072213
0.000598835
0.000732733
0.00108999
0.0014965
0.00184804
0.00212126
0.00231561
0.00243609
0.00248912
0.00248007
0.00241423
0.00229807
0.00213717
0.00193854
0.00171245
0.0014725
0.00123163
0.00100049
0.000790016
0.000611932
0.000474786
0.000379664
0.000320053
0.000286487
0.000272174
0.000276717
0.00030477
0.000357269
0.00042144
0.000479435
0.000516497
0.000526035
0.000509848
0.000475405
0.000431811
0.000387333
0.000347858
0.000315161
0.000292938
0.000274688
3.49327e-05
3.09964e-05
2.92806e-05
3.11444e-05
3.88136e-05
5.50176e-05
7.88403e-05
0.000108177
0.000137221
0.000170754
0.000236754
0.000353273
0.000464565
0.000544599
0.000599983
0.000649064
0.000707734
0.000776471
0.000813055
0.00076484
0.000640124
0.000759814
0.00111178
0.00150813
0.0018558
0.00212882
0.00232437
0.00244604
0.00249933
0.00248904
0.00242033
0.00229979
0.00213341
0.00192877
0.00169661
0.00145072
0.00120436
0.000968856
0.00075596
0.000577914
0.000443155
0.000351929
0.000296408
0.000265854
0.000252438
0.000255034
0.000279242
0.000329134
0.000394193
0.000456369
0.00049923
0.000514487
0.000502974
0.000471903
0.000430546
0.000387435
0.000348755
0.000316444
0.000294359
0.00027604
3.49207e-05
3.09298e-05
2.89882e-05
3.01947e-05
3.6662e-05
5.14327e-05
7.4886e-05
0.000105613
0.000137502
0.000171292
0.000227187
0.000334489
0.000449273
0.000534937
0.000593951
0.000644794
0.000705138
0.000780855
0.000832567
0.000805199
0.000684586
0.000790365
0.0011327
0.00151785
0.00186099
0.00213323
0.00232958
0.0024522
0.00250565
0.00249416
0.00242277
0.00229813
0.00212666
0.00191641
0.00167858
0.00142718
0.00117587
0.000936658
0.000722104
0.00054489
0.000413246
0.000326508
0.00027552
0.000248338
0.000236216
0.000237245
0.000257438
0.000303635
0.000368167
0.000433394
0.000481415
0.000502146
0.000495281
0.000467653
0.00042863
0.000386982
0.000349173
0.00031731
0.000295405
0.000277064
3.49101e-05
3.08772e-05
2.87492e-05
2.93888e-05
3.47328e-05
4.79394e-05
7.04727e-05
0.000101895
0.000136365
0.000171716
0.000220495
0.000316003
0.000431258
0.000522505
0.000585678
0.000638484
0.000700315
0.000782133
0.00084876
0.000842596
0.000731326
0.000824101
0.00115278
0.00152575
0.00186368
0.00213457
0.00233132
0.00245464
0.00250815
0.00249551
0.00242159
0.00229314
0.00211693
0.00190149
0.00165837
0.00140191
0.0011462
0.00090396
0.000688511
0.000512894
0.000385045
0.000303325
0.000257232
0.0002337
0.000223196
0.000223076
0.000239335
0.000281037
0.000343729
0.000410822
0.000463268
0.000489147
0.000486854
0.00046271
0.0004261
0.000385998
0.00034913
0.000317775
0.000296088
0.00027777
3.49009e-05
3.08359e-05
2.85553e-05
2.87109e-05
3.30285e-05
4.46229e-05
6.57911e-05
9.71881e-05
0.000133748
0.00017139
0.000216045
0.000299134
0.000411198
0.000507237
0.000574982
0.000630062
0.000693256
0.000780101
0.000861243
0.000876449
0.000779233
0.000860454
0.00117201
0.00153187
0.00186394
0.00213292
0.00232966
0.00245343
0.0025069
0.00249313
0.00241685
0.00228486
0.00210427
0.001884
0.00163601
0.00137495
0.00111541
0.000870826
0.000655243
0.000481962
0.00035854
0.000282303
0.000241399
0.000221721
0.000213086
0.000212209
0.000224784
0.00026148
0.000321178
0.00038895
0.000445007
0.000475632
0.000477781
0.000457128
0.000422991
0.000384509
0.000348645
0.000317851
0.000296422
0.00027817
3.48929e-05
3.08038e-05
2.83992e-05
2.81451e-05
3.15426e-05
4.15444e-05
6.10185e-05
9.16937e-05
0.000129681
0.000169868
0.000212933
0.000284761
0.000390127
0.000489281
0.000561741
0.000619456
0.000683944
0.000774638
0.000869662
0.000906216
0.000827098
0.000898536
0.00119034
0.00153624
0.00186178
0.00212831
0.00232465
0.00244862
0.00250196
0.00248709
0.00240861
0.00227335
0.0020887
0.00186397
0.00161151
0.00134634
0.00108355
0.000837326
0.000622363
0.000452128
0.000333716
0.000263373
0.000227886
0.000212206
0.000205626
0.000204327
0.000213556
0.000244994
0.000300744
0.000368045
0.000426844
0.000461744
0.000468155
0.000450967
0.000419344
0.00038254
0.000347737
0.000317554
0.00029642
0.000278276
3.48858e-05
3.07792e-05
2.82745e-05
2.76766e-05
3.02625e-05
3.87431e-05
5.63099e-05
8.56373e-05
0.000124279
0.000166875
0.000210234
0.000273129
0.00036927
0.000469076
0.00054594
0.000606614
0.000672451
0.000765887
0.000873704
0.0009314
0.000873601
0.000937264
0.00120764
0.00153883
0.00185723
0.0021208
0.00231635
0.00244027
0.00249337
0.00247744
0.00239691
0.00225862
0.00207024
0.00184142
0.0015849
0.00131611
0.0010507
0.000803532
0.000589937
0.000423423
0.000310562
0.000246466
0.000216569
0.000204982
0.000200585
0.000199138
0.000205385
0.000231519
0.000282577
0.000348343
0.000408986
0.00044763
0.000458071
0.000444289
0.000415199
0.000380121
0.000346426
0.000316901
0.000296096
0.000278101
3.48797e-05
3.07605e-05
2.8176e-05
2.72917e-05
2.91716e-05
3.62386e-05
5.17927e-05
7.92515e-05
0.000117721
0.000162284
0.000207149
0.0002639
0.000349771
0.000447364
0.000527729
0.000591528
0.00065883
0.000754113
0.000873097
0.000951565
0.000917299
0.000975569
0.00122375
0.00153957
0.00185025
0.0021104
0.00230479
0.00242843
0.00248119
0.00246423
0.00238179
0.00224072
0.00204891
0.00181638
0.00155621
0.00128433
0.00101691
0.000769522
0.000558031
0.000395878
0.000289064
0.000231517
0.000207332
0.000199891
0.000197767
0.000196384
0.000199996
0.000220928
0.000266758
0.000330036
0.000391625
0.000433433
0.000447626
0.000437158
0.000410598
0.000377281
0.000344736
0.000315909
0.000295465
0.000277657
3.48743e-05
3.07466e-05
2.8099e-05
2.69781e-05
2.8251e-05
3.40349e-05
4.75643e-05
7.27604e-05
0.000110242
0.000156094
0.000203068
0.000256348
0.000332412
0.000425114
0.000507465
0.000574271
0.000643135
0.000739671
0.000867628
0.000966335
0.000956878
0.00101233
0.00123839
0.00153837
0.0018408
0.0020971
0.00228999
0.00241313
0.00246545
0.00244748
0.00236329
0.00221968
0.00202475
0.00178886
0.00152549
0.00125105
0.000982253
0.00073538
0.000526711
0.000369523
0.000269211
0.000218462
0.000200065
0.000196793
0.000196996
0.00019584
0.000197126
0.000213053
0.000253305
0.000313274
0.000374939
0.000419297
0.00043692
0.000429641
0.000405587
0.000374051
0.000342688
0.000314597
0.000294543
0.00027696
3.48695e-05
3.07366e-05
2.80396e-05
2.67246e-05
2.74815e-05
3.21232e-05
4.36918e-05
6.63674e-05
0.000102112
0.000148414
0.000197579
0.000249592
0.000317456
0.000403351
0.000485729
0.000555024
0.000625441
0.000722703
0.000857566
0.000975392
0.000991171
0.00104644
0.00125125
0.00153508
0.00182881
0.00208089
0.00227197
0.0023944
0.00244619
0.00242725
0.00234145
0.00219552
0.00199778
0.0017589
0.00149279
0.00121633
0.000946822
0.000701191
0.000496044
0.000344387
0.00025099
0.000207238
0.000194664
0.00019556
0.000198115
0.000197304
0.000196531
0.000207704
0.000242183
0.000298164
0.000359081
0.000405356
0.000426052
0.000421805
0.000400212
0.000370464
0.00034031
0.000312985
0.000293349
0.000276023
3.48654e-05
3.07295e-05
2.79946e-05
2.65217e-05
2.68439e-05
3.04861e-05
4.02145e-05
6.02439e-05
9.36185e-05
0.000139445
0.000190459
0.000242785
0.000304654
0.000382935
0.000463272
0.000534108
0.000605855
0.00070335
0.000843383
0.000978465
0.00101915
0.00107689
0.001262
0.00152956
0.00181418
0.00206172
0.00225072
0.00237225
0.00242343
0.00240356
0.00231628
0.00216828
0.00196804
0.00172654
0.00145815
0.00118025
0.000910699
0.000667046
0.000466093
0.000320494
0.000234388
0.00019778
0.000191031
0.000196072
0.000200981
0.000200598
0.000197988
0.000204681
0.000233318
0.00028477
0.000344186
0.000391741
0.00041512
0.000413719
0.000394522
0.000366556
0.000337626
0.000311093
0.0002919
0.000274863
3.48617e-05
3.07249e-05
2.79612e-05
2.63608e-05
2.63202e-05
2.91006e-05
3.71471e-05
5.45237e-05
8.50444e-05
0.000129458
0.000181653
0.000235219
0.000293388
0.000364371
0.000440904
0.000511983
0.000584538
0.000681769
0.000825389
0.00097552
0.00104016
0.00110282
0.00127029
0.00152164
0.00179682
0.00203955
0.00222624
0.00234669
0.0023972
0.00237644
0.00228783
0.00213799
0.00193555
0.00169182
0.00142163
0.00114288
0.000873981
0.000633038
0.000436921
0.000297872
0.000219388
0.000190023
0.000189073
0.000198217
0.000205459
0.000205551
0.00020129
0.000203781
0.000226609
0.00027312
0.00033036
0.00037857
0.000404221
0.000405455
0.000388568
0.000362363
0.000334665
0.000308945
0.000290215
0.000273497
3.48586e-05
3.07222e-05
2.79371e-05
2.62347e-05
2.58938e-05
2.79404e-05
3.44848e-05
4.93006e-05
7.66512e-05
0.00011878
0.000171254
0.000226385
0.00028286
0.000347727
0.000419336
0.000489205
0.000561703
0.000658131
0.000803734
0.000966669
0.00105396
0.00112355
0.00127578
0.00151119
0.0017766
0.00201429
0.00219848
0.00231774
0.00236752
0.00234592
0.00225613
0.00210468
0.00190036
0.0016548
0.00138332
0.00110433
0.000836768
0.000599262
0.000408585
0.000276542
0.000205974
0.000183901
0.0001887
0.000201891
0.000211416
0.000212001
0.00020624
0.000204804
0.000221932
0.000263209
0.000317686
0.00036595
0.000393449
0.000397083
0.0003824
0.000357923
0.000331456
0.000306565
0.000288317
0.000271941
3.48558e-05
3.07209e-05
2.79204e-05
2.61372e-05
2.55497e-05
2.69785e-05
3.22076e-05
4.46295e-05
6.8662e-05
0.000107762
0.000159479
0.000215979
0.000272267
0.000332667
0.000399032
0.000466356
0.000537595
0.00063264
0.00077863
0.00095208
0.0010605
0.00113856
0.00127816
0.00149808
0.00175345
0.00198589
0.00216742
0.00228537
0.00233439
0.00231201
0.00222119
0.00206838
0.0018625
0.00161554
0.00134328
0.00106467
0.000799168
0.000565812
0.000381142
0.00025653
0.000194123
0.000179349
0.000189829
0.000206991
0.000218725
0.000219789
0.00021265
0.000207555
0.000219152
0.000255004
0.000306224
0.000353978
0.000382892
0.000388673
0.000376071
0.000353274
0.000328029
0.000303976
0.000286225
0.000270213
3.48533e-05
3.07208e-05
2.79096e-05
2.6063e-05
2.52747e-05
2.61885e-05
3.02856e-05
4.05308e-05
6.12505e-05
9.67601e-05
0.000146646
0.000203901
0.000260918
0.000318587
0.000380121
0.000443931
0.000512792
0.000605547
0.000750337
0.000931968
0.0010598
0.00114748
0.00127715
0.00148224
0.00172729
0.00195428
0.00213303
0.00224959
0.00229783
0.00227474
0.00218306
0.00202913
0.00182203
0.00157409
0.00130161
0.00102402
0.000761295
0.000532783
0.000354644
0.000237857
0.00018381
0.000176298
0.000192377
0.000213415
0.000227258
0.00022876
0.000220337
0.000211842
0.000218123
0.000248455
0.00029601
0.000342733
0.000372636
0.000380294
0.000369634
0.000348458
0.000324417
0.000301204
0.000283962
0.000268334
3.48511e-05
3.07216e-05
2.79034e-05
2.60076e-05
2.5057e-05
2.55457e-05
2.86827e-05
3.69965e-05
5.45359e-05
8.60996e-05
0.000133144
0.000190233
0.000248307
0.00030476
0.0003624
0.000422248
0.000487773
0.00057715
0.000719156
0.000906591
0.001052
0.0011501
0.00127251
0.00146363
0.0016981
0.00191942
0.00209527
0.00221038
0.00225785
0.00223414
0.00214176
0.00198697
0.00177901
0.00153055
0.00125841
0.000982502
0.000723268
0.000500267
0.000329139
0.000220546
0.000175005
0.000174684
0.000196264
0.000221065
0.00023689
0.000238761
0.000229128
0.000217477
0.000218697
0.000243491
0.000287058
0.000332283
0.000362756
0.000372014
0.000363141
0.000343515
0.000320652
0.000298277
0.000281552
0.000266321
3.48493e-05
3.0723e-05
2.79009e-05
2.59673e-05
2.48867e-05
2.50272e-05
2.73607e-05
3.3997e-05
4.85845e-05
7.60588e-05
0.000119406
0.000175216
0.000234139
0.000290486
0.000345413
0.000401379
0.000462867
0.000547771
0.000685427
0.000876249
0.00103728
0.00114633
0.00126402
0.00144225
0.00166591
0.00188128
0.00205413
0.00216775
0.00221446
0.00219022
0.00209733
0.00194196
0.0017335
0.001485
0.00121378
0.000940227
0.000685208
0.000468352
0.000304676
0.000204618
0.000167669
0.000174441
0.000201413
0.00022984
0.000247501
0.000249652
0.000238857
0.000224284
0.00022072
0.000240032
0.000279368
0.000322681
0.000353324
0.000363897
0.000356647
0.000338487
0.000316767
0.000295221
0.000279017
0.000264195
3.48476e-05
3.07249e-05
2.7901e-05
2.59391e-05
2.47552e-05
2.46129e-05
2.62815e-05
3.14881e-05
4.34147e-05
6.68495e-05
0.000105862
0.000159224
0.000218338
0.000275186
0.000328564
0.000381152
0.000438269
0.000517729
0.000649518
0.000841285
0.00101587
0.00113616
0.0012515
0.0014181
0.00163081
0.00183991
0.00200961
0.0021217
0.00216768
0.00214302
0.00204982
0.00189416
0.00168559
0.00143754
0.00116784
0.000897331
0.00064724
0.000437125
0.0002813
0.000190091
0.000161764
0.000175506
0.000207745
0.000239642
0.000258976
0.000261302
0.000249375
0.000232094
0.000224041
0.000237988
0.000272923
0.000313967
0.000344403
0.000356005
0.000350203
0.000333417
0.000312798
0.000292066
0.000276382
0.000261977
3.48462e-05
3.07272e-05
2.79033e-05
2.59204e-05
2.46552e-05
2.4285e-05
2.54088e-05
2.94169e-05
3.90064e-05
5.86092e-05
9.29121e-05
0.000142722
0.000201037
0.00025847
0.000311241
0.000361205
0.000414006
0.000487307
0.000611816
0.000802089
0.000988045
0.00111968
0.00123479
0.00139121
0.00159293
0.00179538
0.00196174
0.00207225
0.00211754
0.00209259
0.00199928
0.00184363
0.00163536
0.00138829
0.00112074
0.000853953
0.000609492
0.000406666
0.000259056
0.000176979
0.000157242
0.000177814
0.000215179
0.000250371
0.000271209
0.000273598
0.000260548
0.000240752
0.000228512
0.000237263
0.000267694
0.000306167
0.000336046
0.000348397
0.000343861
0.000328346
0.000308778
0.000288839
0.000273672
0.000259686
3.48449e-05
3.07297e-05
2.79071e-05
2.59092e-05
2.45805e-05
2.40281e-05
2.47098e-05
2.77274e-05
3.5311e-05
5.14035e-05
8.08858e-05
0.000126227
0.000182552
0.000240166
0.000292914
0.000341065
0.000389935
0.000456706
0.000572714
0.000759096
0.000954173
0.00109704
0.00121379
0.00136162
0.00155244
0.00174783
0.0019106
0.00201947
0.0020641
0.00203898
0.00194578
0.00179047
0.00158293
0.00133738
0.00107261
0.000810239
0.000572088
0.00037705
0.000237991
0.000165289
0.000154055
0.000181304
0.000223636
0.000261935
0.000284109
0.000286447
0.000272265
0.000250121
0.00023399
0.000237756
0.000263641
0.000299299
0.000328302
0.000341126
0.000337669
0.000323317
0.000304743
0.000285571
0.000270913
0.000257346
3.48438e-05
3.07323e-05
2.79121e-05
2.59038e-05
2.45261e-05
2.38292e-05
2.41549e-05
2.63642e-05
3.2261e-05
4.52348e-05
7.0023e-05
0.000110252
0.00016335
0.00022033
0.000273215
0.000320251
0.000365783
0.000426008
0.000532586
0.000712782
0.000914582
0.00106842
0.00118842
0.00132933
0.00150957
0.00169745
0.00185632
0.00196344
0.00200743
0.00198227
0.00188942
0.00173478
0.00152842
0.00128496
0.00102362
0.000766343
0.000535156
0.000348349
0.000218154
0.000155022
0.000152151
0.000185913
0.000233031
0.000274241
0.000297594
0.000299774
0.000284437
0.000260083
0.000240344
0.000239365
0.00026072
0.000293367
0.000321207
0.000334243
0.000331677
0.000318372
0.000300728
0.000282292
0.000268131
0.000254977
3.48428e-05
3.0735e-05
2.79179e-05
2.59028e-05
2.44878e-05
2.36772e-05
2.37187e-05
2.52754e-05
2.9779e-05
4.0056e-05
6.04632e-05
9.52572e-05
0.000144001
0.00019924
0.000251978
0.000298352
0.000341206
0.00039515
0.000491774
0.000663658
0.000869616
0.00103403
0.00115864
0.00129435
0.00146452
0.00164452
0.00179909
0.00190429
0.00194764
0.00192256
0.00183031
0.0016767
0.00147199
0.00123118
0.000973919
0.000722423
0.000498818
0.000320628
0.000199595
0.000146169
0.000151479
0.000191575
0.00024328
0.000287206
0.000311601
0.000313525
0.000296997
0.000270536
0.00024745
0.000241988
0.000258876
0.000288368
0.000314795
0.000327792
0.00032593
0.00031355
0.000296768
0.00027903
0.00026535
0.000252602
3.48419e-05
3.07378e-05
2.79241e-05
2.59051e-05
2.44621e-05
2.35628e-05
2.33791e-05
2.4414e-05
2.77848e-05
3.57861e-05
5.2251e-05
8.16045e-05
0.000125116
0.000177366
0.00022927
0.000275105
0.00031587
0.000363909
0.000450564
0.000612259
0.000819646
0.000994116
0.00112446
0.00125665
0.0014175
0.00158932
0.00173916
0.0018422
0.00188487
0.00186
0.00176858
0.00161637
0.0014138
0.00117624
0.000923695
0.000678639
0.000463191
0.000293949
0.000182365
0.00013871
0.000151986
0.000198224
0.000254298
0.000300754
0.000326076
0.000327662
0.000309896
0.0002814
0.000255201
0.000245526
0.000258054
0.000284292
0.000309088
0.000321813
0.00032047
0.000308893
0.000292898
0.000275817
0.000262597
0.000250241
3.48412e-05
3.07405e-05
2.79307e-05
2.59099e-05
2.44463e-05
2.34783e-05
2.31176e-05
2.37389e-05
2.62011e-05
3.2323e-05
4.53516e-05
6.95313e-05
0.000107278
0.000155328
0.000205396
0.000250446
0.00028952
0.000332485
0.000409214
0.000559134
0.000765228
0.000948902
0.00108591
0.00121622
0.00136869
0.00153217
0.00167682
0.00177742
0.00181933
0.00179476
0.00170442
0.00155398
0.00135405
0.00112033
0.00087313
0.000635154
0.000428388
0.000268372
0.000166515
0.000132617
0.000153617
0.000205788
0.000265997
0.000314816
0.000340977
0.00034216
0.000323103
0.000292611
0.000263501
0.000249881
0.000258192
0.000281121
0.000304103
0.000316343
0.000315338
0.000304438
0.000289153
0.000272681
0.000259899
0.000247918
3.48405e-05
3.07432e-05
2.79375e-05
2.59166e-05
2.44381e-05
2.34175e-05
2.29186e-05
2.32148e-05
2.49566e-05
2.95562e-05
3.96732e-05
5.91426e-05
9.09765e-05
0.000133825
0.000180882
0.000224544
0.000262055
0.000300721
0.000367905
0.000504829
0.000706926
0.000898644
0.00104305
0.00117303
0.00131824
0.00147341
0.00161242
0.00171023
0.00175124
0.00172705
0.00163803
0.00148974
0.00129295
0.00106365
0.000822415
0.000592132
0.000394514
0.000243958
0.000152095
0.000127854
0.000156318
0.000214193
0.000278295
0.000329331
0.000356268
0.000356997
0.000336594
0.000304119
0.000272265
0.000254963
0.000259228
0.000278834
0.000299852
0.00031141
0.000310572
0.000300222
0.000285566
0.000269652
0.00025728
0.000245653
3.48399e-05
3.07459e-05
2.79443e-05
2.59245e-05
2.44356e-05
2.33752e-05
2.27692e-05
2.28118e-05
2.39883e-05
2.73754e-05
3.50874e-05
5.04264e-05
7.65511e-05
0.000113554
0.00015643
0.000197818
0.000233579
0.00026854
0.000326749
0.000449861
0.00064535
0.000843619
0.000995962
0.00112704
0.00126624
0.00141334
0.00154633
0.00164097
0.00168091
0.00165713
0.00156965
0.0014239
0.00123074
0.00100642
0.000771746
0.000549733
0.000361666
0.000220767
0.000139146
0.000124377
0.000160035
0.000223358
0.000291109
0.000344242
0.000371912
0.000372151
0.000350346
0.000315882
0.000281421
0.000260688
0.000261098
0.000277403
0.000296339
0.000307042
0.000306205
0.00029628
0.000282169
0.000266759
0.000254765
0.000243468
3.48394e-05
3.07484e-05
2.7951e-05
2.59332e-05
2.44376e-05
2.33473e-05
2.26591e-05
2.25051e-05
2.32421e-05
2.56774e-05
3.14478e-05
4.32815e-05
6.41716e-05
9.51114e-05
0.000132843
0.000170923
0.000204445
0.000236028
0.000285796
0.00039471
0.000581197
0.000784155
0.000944716
0.00107822
0.00121274
0.00135224
0.00147896
0.00157003
0.00160867
0.0015853
0.00149958
0.00135672
0.00116767
0.000948888
0.000721319
0.000508115
0.000329934
0.000198866
0.000127699
0.000122137
0.000164707
0.0002332
0.000304362
0.000359498
0.000387867
0.000387589
0.000364333
0.000327861
0.000290905
0.000266975
0.000263738
0.000276798
0.000293565
0.000303258
0.000302269
0.000292645
0.000278994
0.00026403
0.000252381
0.000241384
3.48389e-05
3.07509e-05
2.79576e-05
2.59424e-05
2.44427e-05
2.33306e-05
2.25797e-05
2.22745e-05
2.26724e-05
2.43698e-05
2.86047e-05
3.75491e-05
5.38463e-05
7.89179e-05
0.000110916
0.000144697
0.000175269
0.000203509
0.000245356
0.00033982
0.000515283
0.000720659
0.000889409
0.00102652
0.00115776
0.00129032
0.00141067
0.00149782
0.00153491
0.00151193
0.00142812
0.0012885
0.00110402
0.000891271
0.000671328
0.000467428
0.000299398
0.000178327
0.000117772
0.000121083
0.000170274
0.000243629
0.000317981
0.000375044
0.000404081
0.000403266
0.000378518
0.000340017
0.000300659
0.000273753
0.000267086
0.000276983
0.000291526
0.000300076
0.00029879
0.000289347
0.00027607
0.000261492
0.00025015
0.000239418
3.48385e-05
3.07532e-05
2.79639e-05
2.59519e-05
2.44502e-05
2.33223e-05
2.25241e-05
2.21034e-05
2.22417e-05
2.3373e-05
2.64151e-05
3.30407e-05
4.54573e-05
6.51779e-05
9.13154e-05
0.000120061
0.000146908
0.000171582
0.000206344
0.000286539
0.00044859
0.000653662
0.000830163
0.000971907
0.00110125
0.00122775
0.0013418
0.00142475
0.00146003
0.00143737
0.00135564
0.00121956
0.00104006
0.000833804
0.000621966
0.000427815
0.000270134
0.000159232
0.000109363
0.000121161
0.000176667
0.000254556
0.000331897
0.000390822
0.000420488
0.000419114
0.000392848
0.000352306
0.00031063
0.000280954
0.000271081
0.000277924
0.000290213
0.000297508
0.000295794
0.000286417
0.000273427
0.000259171
0.000248097
0.000237595
3.48382e-05
3.07554e-05
2.797e-05
2.59614e-05
2.44592e-05
2.33203e-05
2.24868e-05
2.19786e-05
2.19194e-05
2.26205e-05
2.475e-05
2.9559e-05
3.88044e-05
5.38861e-05
7.44751e-05
9.78735e-05
0.000120367
0.000141124
0.000169355
0.000235903
0.000382274
0.000583869
0.00076716
0.000914346
0.00104316
0.0011646
0.00127265
0.00135123
0.00138445
0.00136205
0.0012825
0.00115023
0.00097608
0.000776711
0.000573418
0.000389411
0.00024221
0.000141669
0.000102452
0.000122316
0.000183813
0.000265887
0.000346046
0.000406765
0.000436998
0.000435046
0.000407251
0.000364673
0.000320764
0.000288515
0.000275662
0.000279581
0.000289614
0.000295563
0.000293301
0.000283878
0.000271089
0.000257091
0.000246243
0.000235935
3.48379e-05
3.07575e-05
2.79759e-05
2.59708e-05
2.44693e-05
2.33231e-05
2.24637e-05
2.18895e-05
2.16812e-05
2.20578e-05
2.34981e-05
2.6914e-05
3.36453e-05
4.48749e-05
6.05492e-05
7.87673e-05
9.66358e-05
0.000113202
0.000135274
0.000188851
0.000317675
0.000512221
0.000700695
0.000853821
0.00098338
0.00110089
0.00120343
0.00127761
0.00130859
0.00128636
0.00120907
0.00108083
0.000912338
0.000720207
0.000525862
0.000352339
0.000215697
0.00012573
9.70035e-05
0.000124492
0.00019163
0.00027753
0.000360363
0.000422793
0.000453508
0.00045095
0.000421635
0.000377053
0.000331006
0.000296378
0.000280773
0.000281917
0.000289714
0.000294247
0.000291329
0.000281755
0.000269083
0.000255276
0.000244609
0.000234454
3.48376e-05
3.07595e-05
2.79814e-05
2.598e-05
2.44801e-05
2.33293e-05
2.24511e-05
2.18279e-05
2.15077e-05
2.16413e-05
2.25665e-05
2.49337e-05
2.97264e-05
3.78752e-05
4.9435e-05
6.30383e-05
7.64759e-05
8.88776e-05
0.000105196
0.000146567
0.00025638
0.000439962
0.000631244
0.000790367
0.000921814
0.00103657
0.00113427
0.00120418
0.00123282
0.0012107
0.00113572
0.00101169
0.00084909
0.000664491
0.00047947
0.000316714
0.000190667
0.000111503
9.29636e-05
0.000127631
0.000200028
0.000289396
0.000374785
0.000438809
0.000469889
0.000466697
0.000435893
0.000389373
0.0003413
0.000304486
0.000286361
0.000284891
0.000290495
0.000293559
0.000289892
0.000280068
0.000267431
0.000253748
0.000243214
0.00023317
3.48373e-05
3.07613e-05
2.79866e-05
2.59888e-05
2.44911e-05
2.33378e-05
2.24465e-05
2.17871e-05
2.13835e-05
2.13365e-05
2.18802e-05
2.34697e-05
2.68039e-05
3.25716e-05
4.08475e-05
5.06278e-05
6.023e-05
6.89136e-05
8.01551e-05
0.000110363
0.000200238
0.000368706
0.000559549
0.000724118
0.000858368
0.000971561
0.00106522
0.00113119
0.00115747
0.00113544
0.0010628
0.000943087
0.000786559
0.000609746
0.000434408
0.000282639
0.000167204
9.90616e-05
9.02697e-05
0.000131672
0.000208908
0.000301399
0.000389243
0.000454702
0.000485999
0.000482141
0.000449903
0.000401546
0.000351587
0.000312788
0.000292373
0.000288465
0.000291938
0.0002935
0.000289002
0.000278836
0.000266152
0.000252525
0.000242078
0.000232098
3.48371e-05
3.0763e-05
2.79915e-05
2.59973e-05
2.45021e-05
2.3348e-05
2.24476e-05
2.1762e-05
2.12969e-05
2.11163e-05
2.13797e-05
2.23997e-05
2.46594e-05
2.86424e-05
3.44038e-05
4.1203e-05
4.7774e-05
5.35089e-05
6.07111e-05
8.13226e-05
0.000151213
0.000300468
0.000486705
0.000655374
0.000792986
0.000905727
0.000996274
0.00105875
0.00108279
0.00106087
0.000990592
0.000875267
0.000724938
0.000556142
0.000390835
0.000250212
0.000145405
8.84545e-05
8.88517e-05
0.000136549
0.000218165
0.00031346
0.000403662
0.000470342
0.000501682
0.000497127
0.000463536
0.000413484
0.000361805
0.00032123
0.000298762
0.000292599
0.000294021
0.000294065
0.000288667
0.000278074
0.000265265
0.000251626
0.000241215
0.000231251
3.48369e-05
3.07646e-05
2.79961e-05
2.60054e-05
2.45129e-05
2.33591e-05
2.2453e-05
2.17486e-05
2.12384e-05
2.09599e-05
2.10187e-05
2.16259e-05
2.31075e-05
2.57879e-05
2.9693e-05
3.42806e-05
3.86262e-05
4.22609e-05
4.66248e-05
5.97498e-05
0.000110948
0.00023755
0.00041423
0.000584682
0.000725704
0.000838947
0.000927331
0.000986908
0.00100893
0.00098724
0.000919332
0.000808425
0.000664385
0.000503837
0.000348908
0.000219523
0.000125391
7.96932e-05
8.86362e-05
0.000142191
0.000227685
0.000325503
0.000417955
0.000485586
0.000516774
0.000511498
0.000476662
0.000425092
0.000371894
0.000329766
0.000305482
0.000297255
0.00029672
0.000295245
0.000288891
0.000277793
0.000264786
0.000251066
0.000240641
0.000230642
3.48368e-05
3.07661e-05
2.80004e-05
2.6013e-05
2.45234e-05
2.33707e-05
2.24612e-05
2.17438e-05
2.1201e-05
2.08512e-05
2.07617e-05
2.10723e-05
2.19979e-05
2.37483e-05
2.63247e-05
2.93366e-05
3.21348e-05
3.4387e-05
3.69636e-05
4.48737e-05
8.01354e-05
0.000182214
0.000344052
0.000512921
0.000656706
0.000771127
0.000858273
0.00091564
0.000936058
0.000914694
0.00084918
0.000742702
0.000605028
0.000452989
0.000308781
0.00019066
0.000107301
7.27475e-05
8.95495e-05
0.000148517
0.000237349
0.000337463
0.000432022
0.000500276
0.00053111
0.000525102
0.000489154
0.000436281
0.000381791
0.000338348
0.00031249
0.000302398
0.000300011
0.000297033
0.000289678
0.000278005
0.000264726
0.000250858
0.000240366
0.000230279
3.48366e-05
3.07674e-05
2.80044e-05
2.60202e-05
2.45335e-05
2.33825e-05
2.24714e-05
2.17451e-05
2.11792e-05
2.07779e-05
2.05818e-05
2.06806e-05
2.12135e-05
2.23109e-05
2.39595e-05
2.58833e-05
2.76435e-05
2.90234e-05
3.05474e-05
3.51745e-05
5.81588e-05
0.000136139
0.000278365
0.000441354
0.000586399
0.000702258
0.000788968
0.000844848
0.000864185
0.000843296
0.00078022
0.000678183
0.000546974
0.000403764
0.00027061
0.000163719
9.12887e-05
6.7547e-05
9.15183e-05
0.000155436
0.000247038
0.000349273
0.00044575
0.000514249
0.000544529
0.000537796
0.000500897
0.000446964
0.000391439
0.000346934
0.000319747
0.000307992
0.000303871
0.000299415
0.000291027
0.000278714
0.000265096
0.000251012
0.000240401
0.000230171
3.48365e-05
3.07686e-05
2.80081e-05
2.60268e-05
2.45432e-05
2.33942e-05
2.24827e-05
2.17508e-05
2.11688e-05
2.07308e-05
2.04584e-05
2.04074e-05
2.06651e-05
2.13101e-05
2.23225e-05
2.35112e-05
2.45891e-05
2.5424e-05
2.63372e-05
2.90324e-05
4.33894e-05
9.99361e-05
0.000219305
0.000371618
0.000515487
0.00063247
0.000719324
0.000774407
0.000793196
0.000773025
0.00071247
0.000614912
0.000490329
0.000356348
0.000234553
0.000138807
7.74983e-05
6.39888e-05
9.44704e-05
0.000162846
0.000256632
0.000360874
0.000459009
0.000527339
0.000556879
0.000549453
0.000511789
0.000457065
0.000400785
0.000355483
0.000327218
0.000314005
0.000308274
0.000302379
0.000292934
0.000279924
0.000265902
0.000251535
0.000240752
0.000230324
3.48363e-05
3.07697e-05
2.80114e-05
2.6033e-05
2.45522e-05
2.34056e-05
2.24946e-05
2.17595e-05
2.11665e-05
2.07027e-05
2.03764e-05
2.02201e-05
2.02865e-05
2.06211e-05
2.12029e-05
2.19019e-05
2.25349e-05
2.30253e-05
2.35747e-05
2.51626e-05
3.38803e-05
7.30312e-05
0.000168541
0.000305605
0.000445019
0.000562108
0.000649333
0.000704198
0.00072296
0.000703803
0.000645898
0.000552916
0.000435218
0.000310954
0.000200769
0.000116057
6.60347e-05
6.19506e-05
9.83333e-05
0.00017063
0.000266017
0.000372202
0.000471656
0.000539383
0.000568023
0.000559966
0.000521743
0.000466516
0.000409782
0.000363961
0.000334872
0.000320406
0.000313194
0.000305908
0.000295392
0.000281636
0.000267147
0.00025243
0.000241423
0.000230738
3.48362e-05
3.07707e-05
2.80145e-05
2.60388e-05
2.45608e-05
2.34165e-05
2.25067e-05
2.177e-05
2.11698e-05
2.06883e-05
2.03243e-05
2.00945e-05
2.00291e-05
2.01525e-05
2.04454e-05
2.08208e-05
2.11637e-05
2.14319e-05
2.17543e-05
2.27017e-05
2.79143e-05
5.39881e-05
0.000126924
0.000245223
0.000376382
0.000491792
0.000579141
0.000634161
0.000653355
0.000635531
0.000580456
0.000492232
0.000381816
0.000267836
0.00016942
9.56328e-05
5.69268e-05
6.13025e-05
0.000103033
0.000178659
0.000275088
0.000383187
0.000483537
0.000550225
0.000577842
0.000569246
0.000530692
0.000475266
0.000418389
0.000372339
0.000342678
0.000327166
0.000318608
0.000309985
0.000298391
0.000283845
0.00026883
0.000253699
0.000242413
0.000231414
3.48361e-05
3.07716e-05
2.80173e-05
2.60441e-05
2.45687e-05
2.34269e-05
2.25186e-05
2.17816e-05
2.11771e-05
2.06835e-05
2.02936e-05
2.00131e-05
1.98575e-05
1.98382e-05
1.99387e-05
2.01011e-05
2.02543e-05
2.03759e-05
2.05498e-05
2.11149e-05
2.4212e-05
4.10357e-05
9.4365e-05
0.000192081
0.000311216
0.000422468
0.000509116
0.000564354
0.000584314
0.000568131
0.000516118
0.00043295
0.000330374
0.000227282
0.000140673
7.77359e-05
5.01052e-05
6.19171e-05
0.000108492
0.000186789
0.000283751
0.000393752
0.000494489
0.000559725
0.000586239
0.000577229
0.000538588
0.000483274
0.000426577
0.00038059
0.000350615
0.00033426
0.00032449
0.000314591
0.000301921
0.000286543
0.000270947
0.000255335
0.000243718
0.000232348
3.4836e-05
3.07723e-05
2.80198e-05
2.60489e-05
2.45761e-05
2.34366e-05
2.25303e-05
2.17937e-05
2.11868e-05
2.06855e-05
2.0278e-05
1.9963e-05
1.97462e-05
1.96313e-05
1.96044e-05
1.96271e-05
1.96556e-05
1.96787e-05
1.97517e-05
2.00796e-05
2.19143e-05
3.24976e-05
6.99876e-05
0.000147209
0.000251223
0.000355398
0.000439907
0.00049502
0.000515884
0.0005016
0.000452934
0.000375262
0.000281243
0.000189615
0.0001147
6.25796e-05
4.54068e-05
6.36759e-05
0.000114624
0.000194863
0.000291926
0.000403801
0.000504352
0.00056776
0.00059314
0.000583871
0.0005454
0.000490514
0.000434324
0.000388698
0.00035866
0.000341664
0.000330817
0.000319705
0.000305963
0.000289719
0.000273487
0.000257331
0.000245331
0.000233531
3.4836e-05
3.0773e-05
2.8022e-05
2.60533e-05
2.45828e-05
2.34457e-05
2.25414e-05
2.18058e-05
2.11979e-05
2.06919e-05
2.02728e-05
1.99346e-05
1.9677e-05
1.94985e-05
1.93877e-05
1.93191e-05
1.92655e-05
1.92217e-05
1.92242e-05
1.93991e-05
2.04789e-05
2.70037e-05
5.24468e-05
0.000110893
0.000197917
0.000292084
0.000372486
0.000426659
0.000448291
0.000436076
0.000391091
0.00031951
0.000234889
0.000155176
9.16822e-05
5.03327e-05
4.26046e-05
6.64725e-05
0.000121337
0.000202717
0.000299551
0.000413225
0.000512966
0.000574229
0.000598493
0.000589147
0.000551114
0.000496972
0.000441617
0.000396648
0.0003668
0.000349356
0.000337564
0.000325304
0.0003105
0.000293357
0.000276437
0.000259674
0.000247239
0.000234953
3.48359e-05
3.07735e-05
2.80239e-05
2.60572e-05
2.4589e-05
2.34542e-05
2.25518e-05
2.18177e-05
2.12098e-05
2.07011e-05
2.02747e-05
1.99214e-05
1.96366e-05
1.94164e-05
1.92509e-05
1.91228e-05
1.90151e-05
1.89254e-05
1.88779e-05
1.89512e-05
1.95751e-05
2.35313e-05
4.02629e-05
8.2712e-05
0.000152363
0.000234096
0.000308125
0.000360083
0.000382021
0.00037191
0.00033098
0.000266235
0.000191885
0.000124309
7.18129e-05
4.10314e-05
4.14489e-05
7.02123e-05
0.000128524
0.000210178
0.000306574
0.000421892
0.000520186
0.000579057
0.00060227
0.000593052
0.000555732
0.000502648
0.000448452
0.000404436
0.00037502
0.000357318
0.000344707
0.000331364
0.000315508
0.000297435
0.000279777
0.000262344
0.000249424
0.000236596
3.48358e-05
3.07739e-05
2.80256e-05
2.60608e-05
2.45946e-05
2.3462e-05
2.25617e-05
2.18291e-05
2.12219e-05
2.0712e-05
2.02813e-05
1.99182e-05
1.96159e-05
1.93687e-05
1.91678e-05
1.90013e-05
1.8858e-05
1.87368e-05
1.86536e-05
1.86577e-05
1.90024e-05
2.13638e-05
3.20604e-05
6.17125e-05
0.00011501
0.000182841
0.000248308
0.000296431
0.000317875
0.000309746
0.000273271
0.000216205
0.000152878
9.73339e-05
5.52847e-05
3.45125e-05
4.17015e-05
7.48124e-05
0.00013606
0.000217074
0.000312958
0.000429656
0.00052588
0.000582195
0.000604462
0.000595595
0.00055927
0.000507553
0.000454835
0.00041206
0.000383311
0.000365529
0.000352221
0.000337855
0.000320958
0.000301926
0.00028348
0.000265317
0.000251863
0.000238441
3.48358e-05
3.07742e-05
2.80271e-05
2.60639e-05
2.45997e-05
2.34691e-05
2.25707e-05
2.18399e-05
2.12337e-05
2.07237e-05
2.02906e-05
1.99217e-05
1.96084e-05
1.93439e-05
1.91205e-05
1.89293e-05
1.87627e-05
1.86199e-05
1.85111e-05
1.84673e-05
1.86385e-05
2.00219e-05
2.66894e-05
4.66557e-05
8.5659e-05
0.000139316
0.000194541
0.000237122
0.000257012
0.00025058
0.000218958
0.000170392
0.000118532
7.45133e-05
4.22353e-05
3.04279e-05
4.31573e-05
8.01988e-05
0.000143802
0.000223239
0.00031867
0.000436351
0.000529941
0.000583622
0.000605081
0.000596797
0.000561757
0.00051171
0.000460779
0.000419523
0.000391668
0.000373972
0.000360079
0.000344747
0.000326818
0.000306798
0.000287514
0.000268561
0.000254527
0.000240461
3.48357e-05
3.07744e-05
2.80282e-05
2.60666e-05
2.46042e-05
2.34755e-05
2.2579e-05
2.18499e-05
2.12451e-05
2.07356e-05
2.03016e-05
1.99293e-05
1.96093e-05
1.93341e-05
1.90967e-05
1.889e-05
1.87083e-05
1.85507e-05
1.84234e-05
1.83461e-05
1.8408e-05
1.91962e-05
2.32562e-05
3.62459e-05
6.35648e-05
0.000103937
0.000148104
0.000183706
0.000200913
0.000195783
0.000169361
0.000129898
8.94426e-05
5.60057e-05
3.26326e-05
2.83374e-05
4.56524e-05
8.63025e-05
0.000151584
0.000228523
0.000323672
0.000441805
0.000532288
0.000583343
0.000604154
0.000596687
0.000563229
0.00051515
0.000466302
0.000426834
0.000400084
0.000382628
0.00036825
0.000352003
0.000333049
0.000312009
0.00029184
0.000272038
0.000257379
0.000242624
3.48357e-05
3.07745e-05
2.80292e-05
2.60689e-05
2.46082e-05
2.34812e-05
2.25866e-05
2.18592e-05
2.12559e-05
2.07473e-05
2.03132e-05
1.99393e-05
1.96155e-05
1.9334e-05
1.90881e-05
1.88717e-05
1.86803e-05
1.85127e-05
1.83721e-05
1.82711e-05
1.82631e-05
1.86906e-05
2.11061e-05
2.9291e-05
4.76288e-05
7.64879e-05
0.000109809
0.00013763
0.000151246
0.000147024
0.000126004
9.57795e-05
6.60198e-05
4.17896e-05
2.61617e-05
2.78156e-05
4.90664e-05
9.30543e-05
0.000159213
0.000232795
0.000327916
0.000445842
0.000532869
0.000581386
0.000601721
0.0005953
0.000563731
0.000517913
0.00047143
0.000434001
0.000408552
0.000391475
0.000376701
0.000359581
0.000339602
0.000317511
0.000296407
0.000275702
0.000260377
0.000244892
3.48357e-05
3.07745e-05
2.80298e-05
2.60708e-05
2.46116e-05
2.34864e-05
2.25934e-05
2.18677e-05
2.12659e-05
2.07585e-05
2.03249e-05
1.99505e-05
1.96249e-05
1.93398e-05
1.90889e-05
1.88667e-05
1.86693e-05
1.84948e-05
1.83447e-05
1.82268e-05
1.81734e-05
1.83831e-05
1.97824e-05
2.47887e-05
3.66073e-05
5.62024e-05
7.98247e-05
9.99344e-05
0.000109586
0.000106016
9.03289e-05
6.87979e-05
4.8328e-05
3.15724e-05
2.22488e-05
2.85174e-05
5.33188e-05
0.000100377
0.000166472
0.000235956
0.000331326
0.000448295
0.000531662
0.000577802
0.000597828
0.000592669
0.00056331
0.000520049
0.00047619
0.000441034
0.000417065
0.000400488
0.000385392
0.000367429
0.000346421
0.000323245
0.000301159
0.000279499
0.000263469
0.00024722
3.48356e-05
3.07744e-05
2.80303e-05
2.60724e-05
2.46146e-05
2.34908e-05
2.25995e-05
2.18754e-05
2.12751e-05
2.07689e-05
2.03362e-05
1.99621e-05
1.96358e-05
1.9349e-05
1.90955e-05
1.887e-05
1.86687e-05
1.84896e-05
1.83328e-05
1.82028e-05
1.81194e-05
1.81974e-05
1.89796e-05
2.19553e-05
2.92874e-05
4.19407e-05
5.76481e-05
7.09864e-05
7.69974e-05
7.40329e-05
6.32093e-05
4.90903e-05
3.59312e-05
2.47446e-05
2.0236e-05
3.01995e-05
5.83642e-05
0.000108174
0.000173116
0.000237943
0.000333796
0.000449013
0.000528675
0.000572657
0.000592531
0.000588828
0.000562011
0.000521613
0.000480612
0.000447939
0.000425607
0.000409631
0.000394271
0.000375488
0.00035344
0.000329143
0.000306028
0.000283365
0.000266595
0.000249555
3.48356e-05
3.07741e-05
2.80304e-05
2.60735e-05
2.4617e-05
2.34947e-05
2.26048e-05
2.18822e-05
2.12834e-05
2.07786e-05
2.03469e-05
1.99735e-05
1.96473e-05
1.936e-05
1.91052e-05
1.88779e-05
1.86744e-05
1.84922e-05
1.83305e-05
1.81917e-05
1.80884e-05
1.80867e-05
1.84992e-05
2.02156e-05
2.46064e-05
3.23996e-05
4.22101e-05
5.03128e-05
5.35736e-05
5.12937e-05
4.445e-05
3.59322e-05
2.7881e-05
2.04786e-05
1.95624e-05
3.27158e-05
6.41821e-05
0.000116319
0.000178887
0.000238731
0.000335175
0.00044787
0.000523943
0.000566029
0.000585886
0.000583801
0.00055987
0.000522665
0.000484726
0.000454716
0.000434156
0.00041886
0.000403278
0.000383683
0.000360578
0.000335124
0.000310935
0.000287227
0.000269686
0.000251835
3.48356e-05
3.07738e-05
2.80304e-05
2.60743e-05
2.46189e-05
2.34979e-05
2.26094e-05
2.18882e-05
2.12908e-05
2.07873e-05
2.03569e-05
1.99844e-05
1.96587e-05
1.93715e-05
1.91164e-05
1.88883e-05
1.86836e-05
1.84993e-05
1.8334e-05
1.81889e-05
1.8072e-05
1.80219e-05
1.82157e-05
1.91704e-05
2.17125e-05
2.63104e-05
3.2098e-05
3.66469e-05
3.82126e-05
3.66468e-05
3.26647e-05
2.78643e-05
2.29519e-05
1.79534e-05
1.98432e-05
3.60017e-05
7.07644e-05
0.000124645
0.000183516
0.000238331
0.000335274
0.000444773
0.000517523
0.000558003
0.000577949
0.000577607
0.000556905
0.000523267
0.000488563
0.000461353
0.000442674
0.000428116
0.000412336
0.000391925
0.000367741
0.000341093
0.00031579
0.000291001
0.000272663
0.00025399
3.48356e-05
3.07733e-05
2.80301e-05
2.60747e-05
2.46203e-05
2.35005e-05
2.26133e-05
2.18934e-05
2.12973e-05
2.07951e-05
2.03659e-05
1.99944e-05
1.96696e-05
1.93829e-05
1.91279e-05
1.88998e-05
1.86944e-05
1.85088e-05
1.83409e-05
1.81911e-05
1.80649e-05
1.7985e-05
1.80507e-05
1.85546e-05
1.99754e-05
2.25841e-05
2.58366e-05
2.82432e-05
2.89415e-05
2.79834e-05
2.58178e-05
2.32159e-05
1.99957e-05
1.65404e-05
2.08635e-05
4.00557e-05
7.80984e-05
0.000132927
0.000186743
0.000236781
0.000333865
0.000439666
0.000509488
0.000548664
0.000568782
0.000570329
0.000553045
0.000523442
0.000492155
0.000467825
0.000451105
0.00043732
0.000421347
0.000400109
0.000374817
0.000346941
0.000320486
0.000294591
0.000275432
0.000255937
3.48356e-05
3.07727e-05
2.80295e-05
2.60748e-05
2.46213e-05
2.35025e-05
2.26165e-05
2.18978e-05
2.1303e-05
2.0802e-05
2.0374e-05
2.00036e-05
1.96797e-05
1.93937e-05
1.91393e-05
1.89113e-05
1.87057e-05
1.85192e-05
1.83494e-05
1.81962e-05
1.80634e-05
1.79651e-05
1.79564e-05
1.81987e-05
1.89593e-05
2.03839e-05
2.21381e-05
2.33623e-05
2.36699e-05
2.31396e-05
2.2025e-05
2.06124e-05
1.81636e-05
1.58533e-05
2.25381e-05
4.49205e-05
8.61457e-05
0.000140879
0.000188335
0.000234128
0.0003307
0.000432529
0.000499916
0.000538065
0.000558476
0.000562073
0.00054834
0.000522978
0.00049554
0.000474084
0.000459372
0.000446368
0.000430191
0.000408103
0.000381675
0.00035254
0.000324905
0.000297886
0.000277886
0.000257578
3.48356e-05
3.07719e-05
2.80286e-05
2.60744e-05
2.46218e-05
2.3504e-05
2.2619e-05
2.19015e-05
2.13077e-05
2.0808e-05
2.0381e-05
2.00117e-05
1.96888e-05
1.94037e-05
1.91499e-05
1.89223e-05
1.87167e-05
1.85296e-05
1.83585e-05
1.82028e-05
1.80653e-05
1.79553e-05
1.79036e-05
1.79969e-05
1.83789e-05
1.91233e-05
2.00326e-05
2.06363e-05
2.07751e-05
2.0508e-05
1.99681e-05
1.9141e-05
1.69275e-05
1.57034e-05
2.48715e-05
5.06646e-05
9.48184e-05
0.000148152
0.000188113
0.000230406
0.000325534
0.000423374
0.000488883
0.000526184
0.000547149
0.000552911
0.000542814
0.000521832
0.000498548
0.000480063
0.000467364
0.000455127
0.000438721
0.000415754
0.00038816
0.000357746
0.000328908
0.00030076
0.000279901
0.000258801
3.48356e-05
3.0771e-05
2.80275e-05
2.60737e-05
2.46217e-05
2.35048e-05
2.26208e-05
2.19043e-05
2.13117e-05
2.0813e-05
2.03871e-05
2.00189e-05
1.96969e-05
1.94126e-05
1.91595e-05
1.89324e-05
1.8727e-05
1.85396e-05
1.83675e-05
1.82099e-05
1.8069e-05
1.79516e-05
1.7875e-05
1.78846e-05
1.80548e-05
1.842e-05
1.88683e-05
1.91533e-05
1.92169e-05
1.90985e-05
1.88603e-05
1.82589e-05
1.60018e-05
1.6034e-05
2.79296e-05
5.73629e-05
0.000103952
0.00015434
0.000185969
0.000225606
0.000318147
0.000412244
0.000476373
0.000513071
0.000534871
0.000542879
0.000536465
0.000519945
0.00050096
0.000485676
0.000474935
0.000463429
0.000446756
0.000422879
0.000394094
0.000362388
0.000332337
0.000303067
0.000281334
0.000259475
3.48357e-05
3.077e-05
2.80262e-05
2.60726e-05
2.46212e-05
2.3505e-05
2.26219e-05
2.19064e-05
2.13147e-05
2.0817e-05
2.03922e-05
2.00249e-05
1.97039e-05
1.94205e-05
1.91681e-05
1.89415e-05
1.87363e-05
1.85487e-05
1.8376e-05
1.82169e-05
1.80737e-05
1.79513e-05
1.78603e-05
1.78236e-05
1.78777e-05
1.80369e-05
1.82398e-05
1.83626e-05
1.83905e-05
1.83515e-05
1.82616e-05
1.76504e-05
1.5267e-05
1.68721e-05
3.1823e-05
6.50731e-05
0.00011328
0.000158998
0.000181891
0.000219651
0.000308378
0.000399196
0.000462261
0.00049883
0.000521671
0.000531978
0.000529255
0.000517231
0.000502617
0.000490714
0.000481894
0.000471064
0.000454076
0.00042926
0.000399268
0.000366273
0.000335009
0.000304639
0.000282013
0.000259443
3.48357e-05
3.07688e-05
2.80245e-05
2.60711e-05
2.46202e-05
2.35047e-05
2.26224e-05
2.19077e-05
2.13169e-05
2.08202e-05
2.03963e-05
2.00299e-05
1.97098e-05
1.94272e-05
1.91755e-05
1.89494e-05
1.87445e-05
1.85569e-05
1.83836e-05
1.82236e-05
1.80785e-05
1.79529e-05
1.78534e-05
1.77914e-05
1.77832e-05
1.7833e-05
1.7908e-05
1.79488e-05
1.79586e-05
1.79603e-05
1.79283e-05
1.71257e-05
1.4721e-05
1.83027e-05
3.66958e-05
7.38023e-05
0.000122409
0.00016168
0.000175975
0.000212384
0.000296146
0.000384296
0.000446436
0.000483481
0.00050753
0.000520169
0.000521111
0.000513563
0.000503338
0.000494912
0.000488002
0.000477772
0.000460417
0.00043464
0.000403437
0.000369174
0.00033671
0.000305278
0.000281739
0.000258519
3.48357e-05
3.07674e-05
2.80226e-05
2.60692e-05
2.46187e-05
2.35037e-05
2.26221e-05
2.19082e-05
2.13183e-05
2.08224e-05
2.03994e-05
2.00339e-05
1.97145e-05
1.94327e-05
1.91817e-05
1.89562e-05
1.87515e-05
1.85639e-05
1.83904e-05
1.82296e-05
1.80833e-05
1.79554e-05
1.78508e-05
1.77751e-05
1.7734e-05
1.7727e-05
1.77365e-05
1.77362e-05
1.77364e-05
1.77583e-05
1.77206e-05
1.6568e-05
1.44487e-05
2.04581e-05
4.27137e-05
8.3463e-05
0.000130813
0.000161984
0.000168417
0.00020358
0.000281461
0.000367444
0.000428897
0.000466969
0.000492377
0.000507365
0.000511912
0.00050877
0.000502891
0.000497948
0.000492962
0.000483236
0.000465463
0.000438715
0.000406314
0.000370823
0.000337186
0.000304747
0.000280269
0.000256478
3.48358e-05
3.07659e-05
2.80203e-05
2.60669e-05
2.46166e-05
2.35022e-05
2.26212e-05
2.19079e-05
2.13188e-05
2.08237e-05
2.04014e-05
2.00368e-05
1.97182e-05
1.94371e-05
1.91867e-05
1.89617e-05
1.87574e-05
1.85699e-05
1.83961e-05
1.82349e-05
1.80877e-05
1.79583e-05
1.78506e-05
1.77673e-05
1.77092e-05
1.76732e-05
1.76498e-05
1.76288e-05
1.76243e-05
1.76562e-05
1.75484e-05
1.59252e-05
1.45999e-05
2.35183e-05
5.00414e-05
9.38175e-05
0.000137845
0.000159604
0.000159502
0.000192992
0.000264437
0.00034842
0.000409694
0.000449164
0.00047608
0.000493421
0.000501479
0.00050262
0.000500983
0.000499445
0.000496405
0.000487074
0.000468835
0.000441123
0.000407556
0.000370902
0.000336135
0.000302761
0.000277307
0.000253044
3.48358e-05
3.07641e-05
2.80177e-05
2.60641e-05
2.4614e-05
2.35e-05
2.26195e-05
2.19069e-05
2.13184e-05
2.0824e-05
2.04025e-05
2.00386e-05
1.97207e-05
1.94403e-05
1.91906e-05
1.8966e-05
1.87621e-05
1.85748e-05
1.84011e-05
1.82396e-05
1.80918e-05
1.79614e-05
1.78519e-05
1.77644e-05
1.76974e-05
1.76469e-05
1.76071e-05
1.7576e-05
1.75708e-05
1.7608e-05
1.73392e-05
1.52408e-05
1.53732e-05
2.77131e-05
5.87991e-05
0.00010442
0.000142777
0.000154385
0.000149564
0.000180439
0.000245287
0.000327073
0.000388705
0.00042985
0.000458426
0.000478116
0.000489558
0.000494805
0.000497239
0.000498974
0.000497854
0.000488815
0.000470072
0.000441426
0.00040675
0.000369025
0.000333183
0.000298968
0.000272493
0.000247881
3.48359e-05
3.07621e-05
2.80148e-05
2.60608e-05
2.46108e-05
2.3497e-05
2.2617e-05
2.19049e-05
2.1317e-05
2.08233e-05
2.04026e-05
2.00394e-05
1.97223e-05
1.94426e-05
1.91935e-05
1.89696e-05
1.87662e-05
1.85794e-05
1.84061e-05
1.82448e-05
1.8097e-05
1.79661e-05
1.78555e-05
1.77657e-05
1.76941e-05
1.76363e-05
1.75886e-05
1.75535e-05
1.75548e-05
1.75929e-05
1.70233e-05
1.47054e-05
1.70137e-05
3.33169e-05
6.89874e-05
0.000114576
0.000144882
0.000146366
0.000138947
0.000165912
0.000224312
0.000303259
0.000365688
0.000408711
0.000439098
0.000461125
0.00047579
0.000484909
0.00049118
0.000495995
0.000496724
0.000487884
0.000468614
0.000439088
0.000403386
0.000364711
0.000327865
0.000292928
0.000265371
0.000240566
3.4836e-05
3.07598e-05
2.80112e-05
2.60568e-05
2.46066e-05
2.3493e-05
2.26134e-05
2.19019e-05
2.13147e-05
2.08218e-05
2.04019e-05
2.00396e-05
1.97235e-05
1.94449e-05
1.9197e-05
1.89744e-05
1.87726e-05
1.85876e-05
1.84161e-05
1.82566e-05
1.811e-05
1.79797e-05
1.78688e-05
1.77778e-05
1.77041e-05
1.76432e-05
1.75929e-05
1.75608e-05
1.75871e-05
1.76051e-05
1.65693e-05
1.4678e-05
1.98251e-05
4.06189e-05
8.03768e-05
0.000123336
0.000143525
0.000135799
0.000127963
0.000149687
0.000201714
0.000276983
0.000340299
0.000385303
0.000417642
0.000441979
0.000459669
0.000472369
0.000482177
0.000489823
0.000492292
0.000483567
0.00046376
0.000433438
0.000396822
0.000357351
0.000319589
0.00028408
0.000255372
0.00023057
3.48359e-05
3.07568e-05
2.80066e-05
2.60512e-05
2.46006e-05
2.34872e-05
2.26081e-05
2.18975e-05
2.13115e-05
2.08202e-05
2.04021e-05
2.0042e-05
1.97285e-05
1.9453e-05
1.92089e-05
1.89911e-05
1.87955e-05
1.86179e-05
1.84548e-05
1.83035e-05
1.81635e-05
1.80373e-05
1.79281e-05
1.78375e-05
1.77636e-05
1.77038e-05
1.76586e-05
1.76488e-05
1.77376e-05
1.7646e-05
1.61487e-05
1.56416e-05
2.4177e-05
4.98412e-05
9.23784e-05
0.000129557
0.000138289
0.000123196
0.000116843
0.000132389
0.000177684
0.000248415
0.000312104
0.000359027
0.000393411
0.000420009
0.000440481
0.000456411
0.000469388
0.000479566
0.000483626
0.00047496
0.000454619
0.000423617
0.000386232
0.000346155
0.000307589
0.000271702
0.000241776
0.000217229
3.48351e-05
3.07517e-05
2.79986e-05
2.60413e-05
2.45901e-05
2.34773e-05
2.26002e-05
2.18927e-05
2.13111e-05
2.08251e-05
2.04137e-05
2.00616e-05
1.97578e-05
1.94942e-05
1.92654e-05
1.90673e-05
1.88969e-05
1.87502e-05
1.86218e-05
1.85044e-05
1.83923e-05
1.82843e-05
1.8184e-05
1.80968e-05
1.80262e-05
1.79759e-05
1.7956e-05
1.80175e-05
1.81786e-05
1.77803e-05
1.6398e-05
1.81321e-05
3.0473e-05
6.09777e-05
0.000103934
0.000132035
0.000129081
0.000109429
0.000105798
0.000114974
0.000152812
0.000217637
0.000280607
0.000329107
0.000365511
0.000394262
0.000417212
0.000435949
0.000451663
0.000464028
0.000469501
0.000460895
0.000440026
0.000408497
0.000370527
0.000330081
0.000290864
0.000254857
0.00022368
0.00019972
3.48317e-05
3.07394e-05
2.79794e-05
2.60182e-05
2.45672e-05
2.34589e-05
2.25908e-05
2.18967e-05
2.13326e-05
2.08683e-05
2.04829e-05
2.01617e-05
1.98949e-05
1.96767e-05
1.95049e-05
1.93792e-05
1.92996e-05
1.92618e-05
1.9253e-05
1.92502e-05
1.9229e-05
1.91764e-05
1.90979e-05
1.90116e-05
1.89393e-05
1.89047e-05
1.89434e-05
1.91158e-05
1.91852e-05
1.86129e-05
1.83689e-05
2.26562e-05
3.90228e-05
7.3551e-05
0.000113488
0.000129696
0.00011624
9.64137e-05
9.50779e-05
9.85738e-05
0.00012804
0.000184863
0.000245308
0.000294573
0.000332728
0.000363396
0.000388417
0.000409443
0.000427387
0.000441553
0.000448258
0.0004398
0.000418423
0.000386566
0.000348248
0.000307741
0.000268106
0.000232349
0.000199993
0.000177061
3.48166e-05
3.06996e-05
2.79207e-05
2.59523e-05
2.45084e-05
2.34225e-05
2.25913e-05
2.19478e-05
2.14468e-05
2.10573e-05
2.07583e-05
2.05359e-05
2.03834e-05
2.02999e-05
2.02899e-05
2.03611e-05
2.05179e-05
2.07521e-05
2.10308e-05
2.12944e-05
2.14751e-05
2.1532e-05
2.14741e-05
2.13517e-05
2.1232e-05
2.11881e-05
2.13143e-05
2.16165e-05
2.17592e-05
2.17982e-05
2.28866e-05
2.94872e-05
4.97862e-05
8.63355e-05
0.000119089
0.000121824
0.000100624
8.47576e-05
8.46839e-05
8.40523e-05
0.000104626
0.000150685
0.000205862
0.000254321
0.000293482
0.00032556
0.000352053
0.000374691
0.000394254
0.000409791
0.000417587
0.000409498
0.000387671
0.000355756
0.000317432
0.000277297
0.000237658
0.00020272
0.000169523
0.000148222
3.47492e-05
3.05492e-05
2.77159e-05
2.57364e-05
2.43277e-05
2.33193e-05
2.26016e-05
2.21003e-05
2.17638e-05
2.15562e-05
2.14537e-05
2.14442e-05
2.15273e-05
2.17151e-05
2.20309e-05
2.25047e-05
2.31596e-05
2.3987e-05
2.49158e-05
2.58051e-05
2.64882e-05
2.68567e-05
2.69179e-05
2.67815e-05
2.6605e-05
2.65651e-05
2.68726e-05
2.74848e-05
2.79117e-05
2.81069e-05
2.96176e-05
3.83562e-05
6.20252e-05
9.71364e-05
0.00011865
0.000108294
8.36838e-05
7.46481e-05
7.43351e-05
7.13845e-05
8.38045e-05
0.000116404
0.000162422
0.00020733
0.000245873
0.000278315
0.00030531
0.000328584
0.00034896
0.00036535
0.000374147
0.000366919
0.000344789
0.000313237
0.000275479
0.000236431
0.000197622
0.000164478
0.000131389
0.000112596
3.44276e-05
2.99312e-05
2.69376e-05
2.49376e-05
2.36219e-05
2.279e-05
2.23081e-05
2.20873e-05
2.20705e-05
2.22236e-05
2.25311e-05
2.29931e-05
2.36264e-05
2.44631e-05
2.55453e-05
2.69084e-05
2.85521e-05
3.04026e-05
3.22904e-05
3.39744e-05
3.52233e-05
3.5916e-05
3.60915e-05
3.59184e-05
3.56263e-05
3.54709e-05
3.57347e-05
3.60489e-05
3.56315e-05
3.48609e-05
3.68949e-05
4.84866e-05
7.38857e-05
0.000102709
0.000110334
8.976e-05
6.75202e-05
6.51779e-05
6.33001e-05
5.93131e-05
6.58868e-05
8.43296e-05
0.000116433
0.000153364
0.000188135
0.00021882
0.000244643
0.00026698
0.000286933
0.000303405
0.000313092
0.000307685
0.000285666
0.000255299
0.000219289
0.000182746
0.000146613
0.000117113
8.64633e-05
7.1648e-05
3.27743e-05
2.73561e-05
2.4066e-05
2.21789e-05
2.12395e-05
2.09637e-05
2.11685e-05
2.17294e-05
2.25579e-05
2.35902e-05
2.47845e-05
2.61203e-05
2.75986e-05
2.92366e-05
3.10553e-05
3.30591e-05
3.5209e-05
3.74015e-05
3.94662e-05
4.11973e-05
4.2417e-05
4.30413e-05
4.31124e-05
4.27809e-05
4.22583e-05
4.17909e-05
4.16433e-05
4.08929e-05
3.9318e-05
3.89387e-05
4.39717e-05
5.87676e-05
8.15828e-05
9.87934e-05
9.2872e-05
6.7658e-05
5.28741e-05
5.35113e-05
4.97686e-05
4.54784e-05
4.92077e-05
5.71981e-05
7.22482e-05
9.50963e-05
0.000120553
0.000145298
0.000166919
0.000185599
0.00020292
0.000217926
0.000227956
0.000225852
0.000205276
0.000178128
0.000146758
0.000116041
8.68273e-05
6.46848e-05
4.24532e-05
3.3531e-05
2.52449e-05
1.99308e-05
1.79327e-05
1.75156e-05
1.79845e-05
1.89856e-05
2.03006e-05
2.17838e-05
2.33387e-05
2.49064e-05
2.64569e-05
2.79841e-05
2.94997e-05
3.10251e-05
3.25801e-05
3.41691e-05
3.57667e-05
3.73075e-05
3.86861e-05
3.97749e-05
4.04608e-05
4.06887e-05
4.04882e-05
3.99706e-05
3.93143e-05
3.8721e-05
3.83415e-05
3.77297e-05
3.82352e-05
4.19982e-05
5.0979e-05
6.44626e-05
7.68909e-05
7.93294e-05
6.48814e-05
4.28648e-05
3.4961e-05
3.31898e-05
2.8934e-05
2.62124e-05
2.99758e-05
3.48535e-05
3.78703e-05
4.3725e-05
5.3026e-05
6.47393e-05
7.67174e-05
8.72019e-05
9.7607e-05
0.00010737
0.000115038
0.000116714
0.00010207
8.39714e-05
6.46454e-05
4.73319e-05
3.28177e-05
2.3121e-05
1.57798e-05
1.32254e-05
1.50998e-05
1.55861e-05
1.57886e-05
1.59606e-05
1.61744e-05
1.64471e-05
1.67793e-05
1.71633e-05
1.75862e-05
1.80345e-05
1.84952e-05
1.89559e-05
1.94033e-05
1.9823e-05
2.0201e-05
2.05259e-05
2.07939e-05
2.10129e-05
2.12057e-05
2.14071e-05
2.16548e-05
2.19777e-05
2.23864e-05
2.287e-05
2.33972e-05
2.39211e-05
2.43946e-05
2.45842e-05
2.43055e-05
2.34659e-05
2.22893e-05
2.13083e-05
2.02347e-05
1.76792e-05
1.31594e-05
9.34574e-06
8.40334e-06
8.71698e-06
9.18353e-06
9.28683e-06
8.909e-06
8.93956e-06
1.13232e-05
1.33103e-05
1.45826e-05
1.52182e-05
1.53817e-05
1.5233e-05
1.48312e-05
1.4201e-05
1.33128e-05
1.20492e-05
1.16528e-05
1.15131e-05
1.14114e-05
1.15167e-05
1.16395e-05
1.19687e-05
1.18299e-05
1.22644e-05
)
;

boundaryField
{
    inlet
    {
        type            calculated;
        value           uniform 4.12857e-05;
    }
    outlet
    {
        type            calculated;
        value           nonuniform List<scalar> 
100
(
1.08349e-05
9.89551e-06
1.73247e-05
3.36503e-05
5.60774e-05
8.0333e-05
0.000103675
0.000124826
0.000143418
0.000159556
0.000173538
0.000185708
0.000196387
0.000205845
0.000214299
0.000221916
0.000228823
0.000235113
0.000240853
0.000246095
0.000250873
0.000255215
0.000259142
0.000262667
0.000265805
0.000268567
0.000270961
0.000272999
0.000274688
0.00027604
0.000277064
0.00027777
0.00027817
0.000278276
0.000278101
0.000277657
0.00027696
0.000276023
0.000274863
0.000273497
0.000271941
0.000270213
0.000268334
0.000266321
0.000264195
0.000261977
0.000259686
0.000257346
0.000254977
0.000252602
0.000250241
0.000247918
0.000245653
0.000243468
0.000241384
0.000239418
0.000237595
0.000235935
0.000234454
0.00023317
0.000232098
0.000231251
0.000230642
0.000230279
0.000230171
0.000230324
0.000230738
0.000231414
0.000232348
0.000233531
0.000234953
0.000236596
0.000238441
0.000240461
0.000242624
0.000244892
0.00024722
0.000249555
0.000251835
0.00025399
0.000255937
0.000257578
0.000258801
0.000259475
0.000259443
0.000258519
0.000256478
0.000253044
0.000247881
0.000240566
0.00023057
0.000217229
0.00019972
0.000177061
0.000148222
0.000112596
7.1648e-05
3.3531e-05
1.32254e-05
1.22644e-05
)
;
    }
    fixedWalls
    {
        type            nutkWallFunction;
        Cmu             0.09;
        kappa           0.41;
        E               9.8;
        value           nonuniform List<scalar> 
120
(
5.36743e-07
6.14686e-07
6.47043e-07
6.74459e-07
7.08494e-07
7.51805e-07
8.04439e-07
8.65067e-07
9.31607e-07
1.00187e-06
1.0738e-06
1.14544e-06
1.2147e-06
1.27942e-06
1.33745e-06
1.38714e-06
1.428e-06
1.46141e-06
1.49102e-06
1.52222e-06
1.56081e-06
1.61105e-06
1.67435e-06
1.74882e-06
1.82942e-06
1.90904e-06
1.97991e-06
2.00623e-06
1.96095e-06
1.83087e-06
1.65211e-06
1.50451e-06
1.33323e-06
9.18014e-07
1.80939e-07
0
0
0
0
0
0
0
0
2.63088e-07
4.6202e-07
5.57721e-07
5.78898e-07
5.50954e-07
4.82576e-07
3.76537e-07
2.26572e-07
1.4534e-08
0
0
0
0
0
2.80122e-08
3.84065e-09
7.30231e-08
9.75163e-08
0
0
0
0
0
0
0
0
0
0
0
0
0
2.68233e-07
5.81788e-07
8.89092e-07
1.03784e-06
8.34817e-07
4.76925e-07
1.13209e-09
0
5.58235e-07
1.11059e-06
1.64288e-06
2.04182e-06
2.30897e-06
2.49062e-06
2.61477e-06
2.69622e-06
2.74648e-06
2.76976e-06
2.76983e-06
2.74962e-06
2.71101e-06
2.65465e-06
2.5794e-06
2.4821e-06
2.35742e-06
2.19147e-06
2.16757e-06
2.14917e-06
2.09689e-06
2.01378e-06
1.90462e-06
1.77301e-06
1.61709e-06
1.43259e-06
1.21487e-06
9.70515e-07
7.13645e-07
4.59563e-07
2.20288e-07
2.19428e-08
0
0
0
0
0
0
)
;
    }
    frontAndBack
    {
        type            empty;
    }
}


// ************************************************************************* //
