/*--------------------------------*- C++ -*----------------------------------*\
| =========                 |                                                 |
| \\      /  F ield         | OpenFOAM: The Open Source CFD Toolbox           |
|  \\    /   O peration     | Version:  2.4.0                                 |
|   \\  /    A nd           | Web:      www.OpenFOAM.org                      |
|    \\/     M anipulation  |                                                 |
\*---------------------------------------------------------------------------*/
FoamFile
{
    version     2.0;
    format      ascii;
    class       volVectorField;
    location    "0.9";
    object      U;
}
// * * * * * * * * * * * * * * * * * * * * * * * * * * * * * * * * * * * * * //

dimensions      [0 1 -1 0 0 0 0];

internalField   nonuniform List<vector> 
2320
(
(1 -1.13605e-06 0)
(1.00001 -3.58174e-06 0)
(1.00003 -6.41431e-06 0)
(1.00006 -9.92915e-06 0)
(1.00011 -1.44737e-05 0)
(1.00018 -2.0476e-05 0)
(1.00027 -2.8489e-05 0)
(1.00041 -3.92322e-05 0)
(1.00059 -5.3634e-05 0)
(1.00084 -7.28767e-05 0)
(1.00117 -9.84427e-05 0)
(1.00162 -0.000132151 0)
(1.00223 -0.000176168 0)
(1.00303 -0.000232975 0)
(1.00409 -0.000305282 0)
(1.00547 -0.00039589 0)
(1.00725 -0.000507567 0)
(1.00952 -0.000643078 0)
(1.01239 -0.000805641 0)
(1.01597 -0.00100019 0)
(1 -3.38029e-06 0)
(1.00001 -1.06563e-05 0)
(1.00003 -1.90857e-05 0)
(1.00006 -2.95474e-05 0)
(1.00011 -4.30754e-05 0)
(1.00017 -6.09455e-05 0)
(1.00027 -8.48062e-05 0)
(1.0004 -0.000116805 0)
(1.00057 -0.000159715 0)
(1.00082 -0.000217071 0)
(1.00114 -0.000293313 0)
(1.00159 -0.000393896 0)
(1.00218 -0.00052533 0)
(1.00297 -0.000695082 0)
(1.00401 -0.000911315 0)
(1.00537 -0.00118246 0)
(1.00713 -0.00151681 0)
(1.00938 -0.00192252 0)
(1.01221 -0.00240889 0)
(1.01575 -0.00299008 0)
(1 -5.54238e-06 0)
(1.00001 -1.74704e-05 0)
(1.00003 -3.12937e-05 0)
(1.00006 -4.84531e-05 0)
(1.0001 -7.06468e-05 0)
(1.00016 -9.99725e-05 0)
(1.00025 -0.000139145 0)
(1.00038 -0.000191704 0)
(1.00055 -0.00026223 0)
(1.00078 -0.000356576 0)
(1.00109 -0.000482111 0)
(1.00152 -0.000647924 0)
(1.00209 -0.000864894 0)
(1.00285 -0.00114555 0)
(1.00386 -0.00150362 0)
(1.00518 -0.00195326 0)
(1.00689 -0.00250824 0)
(1.00909 -0.0031817 0)
(1.01187 -0.00398799 0)
(1.01534 -0.00494855 0)
(1 -7.57108e-06 0)
(1.00001 -2.38636e-05 0)
(1.00002 -4.27497e-05 0)
(1.00005 -6.62002e-05 0)
(1.00009 -9.65412e-05 0)
(1.00015 -0.00013665 0)
(1.00024 -0.000190258 0)
(1.00035 -0.000262241 0)
(1.00051 -0.000358922 0)
(1.00072 -0.000488413 0)
(1.00102 -0.000660968 0)
(1.00142 -0.000889296 0)
(1.00195 -0.0011887 0)
(1.00267 -0.00157689 0)
(1.00363 -0.00207336 0)
(1.00489 -0.0026982 0)
(1.00654 -0.00347063 0)
(1.00866 -0.00440822 0)
(1.01136 -0.00552867 0)
(1.01472 -0.00685741 0)
(1 -9.4173e-06 0)
(1.00001 -2.96808e-05 0)
(1.00002 -5.31757e-05 0)
(1.00005 -8.23593e-05 0)
(1.00008 -0.000120135 0)
(1.00014 -0.000170102 0)
(1.00021 -0.000236937 0)
(1.00031 -0.00032677 0)
(1.00046 -0.000447577 0)
(1.00065 -0.000609637 0)
(1.00092 -0.000826021 0)
(1.00128 -0.00111303 0)
(1.00177 -0.00149046 0)
(1.00244 -0.00198138 0)
(1.00333 -0.00261137 0)
(1.00451 -0.00340679 0)
(1.00607 -0.00439246 0)
(1.0081 -0.00558973 0)
(1.01068 -0.00701741 0)
(1.01392 -0.00870028 0)
(1 -1.10359e-05 0)
(1.00001 -3.47796e-05 0)
(1.00002 -6.23174e-05 0)
(1.00004 -9.6537e-05 0)
(1.00007 -0.000140856 0)
(1.00012 -0.000199521 0)
(1.00018 -0.000278064 0)
(1.00027 -0.00038376 0)
(1.00039 -0.00052612 0)
(1.00056 -0.000717466 0)
(1.0008 -0.000973582 0)
(1.00112 -0.00131432 0)
(1.00155 -0.00176402 0)
(1.00215 -0.00235137 0)
(1.00296 -0.00310847 0)
(1.00404 -0.00406856 0)
(1.00549 -0.00526247 0)
(1.0074 -0.00671482 0)
(1.00985 -0.00844298 0)
(1.01294 -0.010465 0)
(1 -1.23869e-05 0)
(1.00001 -3.90346e-05 0)
(1.00002 -6.99498e-05 0)
(1.00003 -0.000108385 0)
(1.00006 -0.000158196 0)
(1.00009 -0.000224186 0)
(1.00015 -0.000312631 0)
(1.00022 -0.00043182 0)
(1.00032 -0.000592642 0)
(1.00046 -0.000809305 0)
(1.00065 -0.00110016 0)
(1.00092 -0.00148852 0)
(1.00129 -0.00200332 0)
(1.00181 -0.00267917 0)
(1.00251 -0.00355531 0)
(1.00348 -0.00467276 0)
(1.0048 -0.00606928 0)
(1.00656 -0.00777275 0)
(1.00886 -0.00979643 0)
(1.01179 -0.0121442 0)
(1 -1.34369e-05 0)
(1 -4.23399e-05 0)
(1.00001 -7.58827e-05 0)
(1.00002 -0.000117607 0)
(1.00004 -0.000171719 0)
(1.00007 -0.000243475 0)
(1.00011 -0.000339764 0)
(1.00016 -0.000469728 0)
(1.00024 -0.000645447 0)
(1.00035 -0.000882802 0)
(1.0005 -0.00120251 0)
(1.00071 -0.00163121 0)
(1.001 -0.00220245 0)
(1.00142 -0.00295708 0)
(1.00201 -0.00394228 0)
(1.00284 -0.00520821 0)
(1.004 -0.0068012 0)
(1.00559 -0.00875324 0)
(1.00773 -0.0110714 0)
(1.01048 -0.0137367 0)
(1 -1.41594e-05 0)
(1 -4.4612e-05 0)
(1.00001 -7.99655e-05 0)
(1.00001 -0.000123968 0)
(1.00003 -0.000181079 0)
(1.00004 -0.000256887 0)
(1.00007 -0.000358747 0)
(1.0001 -0.000496467 0)
(1.00015 -0.00068309 0)
(1.00022 -0.00093591 0)
(1.00032 -0.00127773 0)
(1.00047 -0.0017383 0)
(1.00068 -0.00235574 0)
(1.00099 -0.00317742 0)
(1.00144 -0.00425943 0)
(1.00211 -0.00566296 0)
(1.00309 -0.0074456 0)
(1.00449 -0.0096459 0)
(1.00644 -0.012264 0)
(1.00903 -0.0152486 0)
(1 -1.45356e-05 0)
(1 -4.57917e-05 0)
(1 -8.20916e-05 0)
(1.00001 -0.000127299 0)
(1.00001 -0.000186022 0)
(1.00002 -0.000264052 0)
(1.00003 -0.000369044 0)
(1.00004 -0.000511255 0)
(1.00006 -0.000704427 0)
(1.00009 -0.000966945 0)
(1.00014 -0.00132334 0)
(1.00022 -0.00180614 0)
(1.00033 -0.00245782 0)
(1.00052 -0.00333253 0)
(1.00082 -0.00449634 0)
(1.00131 -0.00602389 0)
(1.00207 -0.0079882 0)
(1.00325 -0.0104392 0)
(1.005 -0.0133721 0)
(1.00743 -0.0166942 0)
(1 -1.45551e-05 0)
(0.999999 -4.58465e-05 0)
(0.999998 -8.22009e-05 0)
(0.999996 -0.000127504 0)
(0.999992 -0.000186401 0)
(0.999988 -0.000264746 0)
(0.999982 -0.000370314 0)
(0.999975 -0.000513574 0)
(0.999967 -0.000708658 0)
(0.999958 -0.000974654 0)
(0.999951 -0.00133737 0)
(0.999951 -0.0018316 0)
(0.999969 -0.0025038 0)
(1.00002 -0.00341493 0)
(1.00016 -0.00464206 0)
(1.00043 -0.00627628 0)
(1.00095 -0.00841192 0)
(1.00187 -0.0111186 0)
(1.00338 -0.0143939 0)
(1.00567 -0.0180963 0)
(1 -1.42163e-05 0)
(0.999998 -4.4771e-05 0)
(0.999993 -8.02829e-05 0)
(0.999986 -0.000124564 0)
(0.999975 -0.000182179 0)
(0.99996 -0.000258903 0)
(0.999939 -0.000362434 0)
(0.99991 -0.000503198 0)
(0.999872 -0.00069537 0)
(0.999822 -0.000958292 0)
(0.999759 -0.00131847 0)
(0.999682 -0.00181227 0)
(0.999594 -0.00248948 0)
(0.999508 -0.00341749 0)
(0.999451 -0.00468515 0)
(0.999483 -0.00640327 0)
(0.999715 -0.00869538 0)
(1.00033 -0.011664 0)
(1.00158 -0.0153254 0)
(1.00374 -0.0194867 0)
(1 -1.35262e-05 0)
(0.999996 -4.25878e-05 0)
(0.999989 -7.6377e-05 0)
(0.999977 -0.000118535 0)
(0.999959 -0.000173433 0)
(0.999933 -0.000246616 0)
(0.999897 -0.000345507 0)
(0.999847 -0.000480214 0)
(0.99978 -0.00066458 0)
(0.999689 -0.000917684 0)
(0.99957 -0.00126603 0)
(0.999414 -0.00174667 0)
(0.999218 -0.00241162 0)
(0.998981 -0.00333381 0)
(0.99872 -0.00461391 0)
(0.998482 -0.00638552 0)
(0.998379 -0.00881096 0)
(0.998619 -0.0120455 0)
(0.999545 -0.016155 0)
(1.00157 -0.0209068 0)
(0.999999 -1.25004e-05 0)
(0.999995 -3.93474e-05 0)
(0.999985 -7.05727e-05 0)
(0.999968 -0.000109554 0)
(0.999943 -0.000160355 0)
(0.999907 -0.000228144 0)
(0.999857 -0.000319868 0)
(0.999787 -0.000445036 0)
(0.999692 -0.000616761 0)
(0.999563 -0.000853293 0)
(0.999388 -0.00118032 0)
(0.999155 -0.00163444 0)
(0.998849 -0.00226837 0)
(0.998458 -0.00315878 0)
(0.997979 -0.00441695 0)
(0.997442 -0.00620124 0)
(0.996945 -0.00872291 0)
(0.99672 -0.0122168 0)
(0.997218 -0.0168515 0)
(0.99907 -0.0223992 0)
(0.999999 -1.11633e-05 0)
(0.999994 -3.51268e-05 0)
(0.999981 -6.30079e-05 0)
(0.99996 -9.78335e-05 0)
(0.999929 -0.000143249 0)
(0.999884 -0.000203909 0)
(0.99982 -0.000286087 0)
(0.999733 -0.000398414 0)
(0.999612 -0.000552868 0)
(0.999446 -0.000766273 0)
(0.999219 -0.0010626 0)
(0.998913 -0.00147663 0)
(0.998501 -0.00205969 0)
(0.997954 -0.0028894 0)
(0.997249 -0.00408427 0)
(0.996382 -0.00582685 0)
(0.995427 -0.00838593 0)
(0.994614 -0.01211 0)
(0.994517 -0.0173467 0)
(0.996065 -0.0239641 0)
(0.999999 -9.54715e-06 0)
(0.999992 -3.00289e-05 0)
(0.999978 -5.38657e-05 0)
(0.999953 -8.36547e-05 0)
(0.999916 -0.000122527 0)
(0.999863 -0.000174489 0)
(0.999788 -0.000244961 0)
(0.999684 -0.000341428 0)
(0.99954 -0.000474339 0)
(0.999342 -0.000658493 0)
(0.999069 -0.000915196 0)
(0.998695 -0.0012759 0)
(0.998183 -0.00178799 0)
(0.997488 -0.00252599 0)
(0.996555 -0.00360911 0)
(0.995338 -0.00523874 0)
(0.993853 -0.0077429 0)
(0.992294 -0.0116298 0)
(0.991344 -0.017533 0)
(0.992282 -0.0255408 0)
(0.999999 -7.69119e-06 0)
(0.999992 -2.41809e-05 0)
(0.999975 -4.33749e-05 0)
(0.999947 -6.73711e-05 0)
(0.999905 -9.87005e-05 0)
(0.999846 -0.000140608 0)
(0.999761 -0.000197496 0)
(0.999644 -0.000275466 0)
(0.99948 -0.000383074 0)
(0.999254 -0.000532525 0)
(0.998941 -0.000741537 0)
(0.998509 -0.00103669 0)
(0.99791 -0.00145857 0)
(0.99708 -0.00207364 0)
(0.995931 -0.00299127 0)
(0.994355 -0.00441805 0)
(0.992275 -0.00672176 0)
(0.989763 -0.0106259 0)
(0.987619 -0.0172508 0)
(0.987384 -0.0272497 0)
(0.999999 -5.64114e-06 0)
(0.999991 -1.7724e-05 0)
(0.999973 -3.17933e-05 0)
(0.999943 -4.93886e-05 0)
(0.999897 -7.2369e-05 0)
(0.999832 -0.000103124 0)
(0.99974 -0.0001449 0)
(0.999612 -0.000202213 0)
(0.999434 -0.000281415 0)
(0.999186 -0.000391624 0)
(0.998841 -0.00054614 0)
(0.998362 -0.00076524 0)
(0.997692 -0.00107992 0)
(0.996751 -0.00154347 0)
(0.995414 -0.00224195 0)
(0.993503 -0.00336412 0)
(0.990794 -0.00524632 0)
(0.987026 -0.00884498 0)
(0.983253 -0.0159502 0)
(0.980242 -0.0294985 0)
(0.999999 -3.4478e-06 0)
(0.99999 -1.08089e-05 0)
(0.999971 -1.93893e-05 0)
(0.99994 -3.01282e-05 0)
(0.999892 -4.4161e-05 0)
(0.999823 -6.29498e-05 0)
(0.999726 -8.84852e-05 0)
(0.999591 -0.000123542 0)
(0.999402 -0.000172027 0)
(0.999139 -0.000239593 0)
(0.998773 -0.000334444 0)
(0.998261 -0.000469481 0)
(0.997541 -0.000663473 0)
(0.99652 -0.000953484 0)
(0.995042 -0.00138473 0)
(0.992877 -0.00212256 0)
(0.989561 -0.00327778 0)
(0.984423 -0.00612867 0)
(0.977452 -0.0116153 0)
(0.968274 -0.0313667 0)
(0.999999 -1.16094e-06 0)
(0.99999 -3.62824e-06 0)
(0.999971 -6.5076e-06 0)
(0.999938 -1.01148e-05 0)
(0.999889 -1.48315e-05 0)
(0.999818 -2.11499e-05 0)
(0.999719 -2.97403e-05 0)
(0.999579 -4.15388e-05 0)
(0.999385 -5.7863e-05 0)
(0.999115 -8.06331e-05 0)
(0.998737 -0.000112599 0)
(0.998209 -0.000158281 0)
(0.997461 -0.000223588 0)
(0.996404 -0.000323271 0)
(0.99483 -0.000465164 0)
(0.992613 -0.000737072 0)
(0.988608 -0.00106185 0)
(0.983694 -0.00236857 0)
(0.967088 -0.00368896 0)
(0.961663 -0.0181103 0)
(1.02039 -0.00123577 0)
(1.02587 -0.00152923 0)
(1.03267 -0.00190945 0)
(1.0412 -0.00242087 0)
(1.05211 -0.00312437 0)
(1.06628 -0.00409476 0)
(1.08494 -0.0054167 0)
(1.1097 -0.00718353 0)
(1.02013 -0.00369235 0)
(1.02553 -0.00456524 0)
(1.03222 -0.00569472 0)
(1.04059 -0.00721413 0)
(1.05126 -0.0093069 0)
(1.06512 -0.0121984 0)
(1.08338 -0.0161427 0)
(1.10763 -0.021419 0)
(1.01962 -0.00610404 0)
(1.02488 -0.00753353 0)
(1.03135 -0.0093779 0)
(1.03941 -0.0118593 0)
(1.04962 -0.0152861 0)
(1.06286 -0.0200365 0)
(1.08033 -0.0265343 0)
(1.10359 -0.0352397 0)
(1.01887 -0.00844459 0)
(1.02393 -0.0103934 0)
(1.03009 -0.0128954 0)
(1.03767 -0.0162619 0)
(1.04721 -0.0209303 0)
(1.05953 -0.0274368 0)
(1.07582 -0.0363738 0)
(1.0976 -0.0483749 0)
(1.0179 -0.0106907 0)
(1.0227 -0.0131074 0)
(1.02847 -0.0161866 0)
(1.03544 -0.0203288 0)
(1.04408 -0.026108 0)
(1.05519 -0.0342269 0)
(1.06991 -0.0454453 0)
(1.08974 -0.0605569 0)
(1.01672 -0.0128253 0)
(1.02124 -0.0156457 0)
(1.02654 -0.0191978 0)
(1.03277 -0.0239721 0)
(1.04032 -0.0306921 0)
(1.04992 -0.04024 0)
(1.06271 -0.053542 0)
(1.08015 -0.0715314 0)
(1.01537 -0.0148389 0)
(1.01958 -0.0179878 0)
(1.02437 -0.0218838 0)
(1.02976 -0.0271094 0)
(1.03602 -0.0345586 0)
(1.04384 -0.0453141 0)
(1.05434 -0.0604668 0)
(1.06896 -0.0810598 0)
(1.01387 -0.0167324 0)
(1.01779 -0.0201261 0)
(1.02205 -0.0242105 0)
(1.02651 -0.0296648 0)
(1.0313 -0.0375871 0)
(1.03705 -0.0492931 0)
(1.04492 -0.0660349 0)
(1.05634 -0.0889258 0)
(1.01225 -0.0185204 0)
(1.01592 -0.0220699 0)
(1.01968 -0.0261573 0)
(1.02315 -0.0315678 0)
(1.02629 -0.0396581 0)
(1.0297 -0.0520256 0)
(1.03461 -0.0700779 0)
(1.04248 -0.0949421 0)
(1.01054 -0.0202344 0)
(1.01405 -0.0238518 0)
(1.01739 -0.0277211 0)
(1.01985 -0.0327519 0)
(1.02116 -0.0406483 0)
(1.02193 -0.0533607 0)
(1.02355 -0.0724436 0)
(1.02759 -0.0989567 0)
(1.00875 -0.0219285 0)
(1.01226 -0.0255359 0)
(1.01532 -0.0289221 0)
(1.01678 -0.0331552 0)
(1.01608 -0.0404261 0)
(1.01389 -0.0531408 0)
(1.0119 -0.0729902 0)
(1.01187 -0.100859 0)
(1.0069 -0.0236858 0)
(1.01064 -0.0272252 0)
(1.01366 -0.0298054 0)
(1.01418 -0.0327236 0)
(1.01126 -0.0388615 0)
(1.00574 -0.0512149 0)
(0.999788 -0.0715976 0)
(0.995511 -0.100602 0)
(1.00496 -0.0256355 0)
(1.00928 -0.0290726 0)
(1.01265 -0.0304149 0)
(1.01234 -0.0313645 0)
(1.00693 -0.0357985 0)
(0.997624 -0.0474449 0)
(0.987298 -0.0681991 0)
(0.97864 -0.0982462 0)
(1.00289 -0.027995 0)
(1.00832 -0.0313597 0)
(1.01259 -0.030817 0)
(1.01157 -0.0288591 0)
(1.0033 -0.0308852 0)
(0.989599 -0.0415411 0)
(0.974383 -0.0626947 0)
(0.961247 -0.0939423 0)
(1.00055 -0.0310704 0)
(1.00793 -0.0346359 0)
(1.01393 -0.031452 0)
(1.01229 -0.0252486 0)
(1.00052 -0.0237133 0)
(0.981572 -0.0329072 0)
(0.960823 -0.0546646 0)
(0.943516 -0.0879211 0)
(0.997598 -0.0350164 0)
(1.00807 -0.039048 0)
(1.01715 -0.0326202 0)
(1.01529 -0.0212197 0)
(0.999354 -0.0147403 0)
(0.97409 -0.0214354 0)
(0.947124 -0.0440295 0)
(0.927075 -0.0816424 0)
(0.993703 -0.0402584 0)
(1.00954 -0.0433059 0)
(1.02428 -0.0314255 0)
(1.02355 -0.0148145 0)
(1.00339 -0.00441295 0)
(0.970668 -0.00990952 0)
(0.935928 -0.0343774 0)
(0.914583 -0.0787081 0)
(0.99149 -0.0529774 0)
(1.01949 -0.0555254 0)
(1.04187 -0.0321743 0)
(1.0403 -0.00172779 0)
(1.01394 0.0173236 0)
(0.971634 0.0149727 0)
(0.924802 -0.0120878 0)
(0.89771 -0.069958 0)
(0.991177 -0.0787336 0)
(1.02416 -0.0855807 0)
(1.04213 -0.0523556 0)
(1.03164 -0.006107 0)
(0.993171 0.0269026 0)
(0.936539 0.0321988 0)
(0.873797 -0.000760028 0)
(0.822535 -0.0769622 0)
(0.87657 -0.042349 0)
(0.864496 -0.048756 0)
(0.874518 -0.0227078 0)
(0.861475 0.0241754 0)
(0.820154 0.0684248 0)
(0.753394 0.0872421 0)
(0.685921 0.0627553 0)
(0.592631 -0.0812031 0)
(1.14254 -0.00950217 0)
(1.18594 -0.0125025 0)
(1.24292 -0.016344 0)
(1.31721 -0.0212114 0)
(1.41328 -0.0272919 0)
(1.5363 -0.0347314 0)
(1.69184 -0.0435664 0)
(1.88526 -0.0536323 0)
(2.12071 -0.0644546 0)
(2.39975 -0.075149 0)
(2.71965 -0.0844371 0)
(3.07226 -0.0908641 0)
(3.44374 -0.0931558 0)
(3.81592 -0.0905446 0)
(4.16848 -0.0829262 0)
(4.48168 -0.0708135 0)
(4.73868 -0.0551342 0)
(4.92683 -0.0369695 0)
(5.03809 -0.0173531 0)
(5.06849 0.00284345 0)
(5.01715 0.0229466 0)
(4.88601 0.0421265 0)
(4.68018 0.0594819 0)
(4.40906 0.0742653 0)
(4.08231 0.0854967 0)
(3.72124 0.0948046 0)
(3.30271 0.101721 0)
(2.94563 0.134085 0)
(1.13985 -0.0283469 0)
(1.18247 -0.0373163 0)
(1.23851 -0.0488091 0)
(1.31166 -0.0633871 0)
(1.40643 -0.0816235 0)
(1.52805 -0.103971 0)
(1.68226 -0.130559 0)
(1.87467 -0.160922 0)
(2.10981 -0.193642 0)
(2.38953 -0.225999 0)
(2.71138 -0.254065 0)
(3.06739 -0.273435 0)
(3.44373 -0.28031 0)
(3.82183 -0.272407 0)
(4.18064 -0.249403 0)
(4.49961 -0.212822 0)
(4.76123 -0.165455 0)
(4.95259 -0.110575 0)
(5.06557 -0.0513159 0)
(5.09638 0.00963174 0)
(5.04451 0.0701945 0)
(4.91182 0.127929 0)
(4.70354 0.180189 0)
(4.42877 0.224571 0)
(4.09932 0.25847 0)
(3.73195 0.284729 0)
(3.34091 0.303415 0)
(2.94935 0.365071 0)
(1.13458 -0.0466795 0)
(1.17568 -0.0615005 0)
(1.22985 -0.0805129 0)
(1.30076 -0.104673 0)
(1.39293 -0.134968 0)
(1.51176 -0.172206 0)
(1.66331 -0.216685 0)
(1.85368 -0.267689 0)
(2.08797 -0.322836 0)
(2.36895 -0.377559 0)
(2.69543 -0.425354 0)
(3.06016 -0.458876 0)
(3.44859 -0.471558 0)
(3.84006 -0.459216 0)
(4.21107 -0.421044 0)
(4.53936 -0.359591 0)
(4.80695 -0.27973 0)
(5.00143 -0.187167 0)
(5.11559 -0.0872594 0)
(5.1465 0.0154173 0)
(5.09396 0.117339 0)
(4.95951 0.214539 0)
(4.74808 0.302655 0)
(4.46836 0.377292 0)
(4.13346 0.434377 0)
(3.75998 0.474466 0)
(3.37575 0.500836 0)
(2.99279 0.533835 0)
(1.12676 -0.0641619 0)
(1.1656 -0.0846328 0)
(1.21697 -0.110935 0)
(1.28449 -0.144446 0)
(1.37273 -0.186624 0)
(1.48732 -0.238736 0)
(1.63473 -0.301317 0)
(1.8216 -0.373461 0)
(2.05444 -0.452082 0)
(2.33847 -0.531148 0)
(2.67425 -0.601482 0)
(3.05337 -0.651885 0)
(3.45724 -0.671873 0)
(3.8606 -0.65483 0)
(4.23727 -0.599835 0)
(4.56495 -0.51134 0)
(4.8277 -0.397128 0)
(5.01598 -0.265776 0)
(5.12533 -0.124858 0)
(5.15469 0.0195913 0)
(5.1037 0.163004 0)
(4.97291 0.300253 0)
(4.76575 0.425295 0)
(4.48916 0.531424 0)
(4.15542 0.612385 0)
(3.78172 0.665218 0)
(3.39592 0.692346 0)
(3.02049 0.697274 0)
(1.1165 -0.0804599 0)
(1.15235 -0.106293 0)
(1.20001 -0.139548 0)
(1.26299 -0.182065 0)
(1.34592 -0.235875 0)
(1.4547 -0.30277 0)
(1.59604 -0.383587 0)
(1.77789 -0.477706 0)
(2.00982 -0.582106 0)
(2.29965 -0.689104 0)
(2.64647 -0.785126 0)
(3.03602 -0.853122 0)
(3.44311 -0.878083 0)
(3.83904 -0.852054 0)
(4.19845 -0.775812 0)
(4.50288 -0.657205 0)
(4.74135 -0.50764 0)
(4.90901 -0.338545 0)
(5.00505 -0.159193 0)
(5.03073 0.0238228 0)
(4.98577 0.205721 0)
(4.86923 0.38098 0)
(4.68173 0.542269 0)
(4.42661 0.68052 0)
(4.11259 0.786506 0)
(3.75501 0.853433 0)
(3.3785 0.880411 0)
(3.01116 0.868115 0)
(1.10395 -0.095255 0)
(1.13613 -0.126071 0)
(1.17916 -0.165824 0)
(1.23644 -0.216889 0)
(1.31267 -0.281944 0)
(1.41366 -0.363309 0)
(1.54683 -0.462595 0)
(1.72305 -0.580506 0)
(1.95471 -0.714013 0)
(2.24829 -0.851591 0)
(2.59645 -0.972673 0)
(2.97702 -1.05371 0)
(3.36064 -1.0769 0)
(3.72016 -1.03559 0)
(4.0356 -0.934156 0)
(4.29487 -0.784557 0)
(4.49263 -0.601645 0)
(4.62856 -0.399088 0)
(4.70517 -0.18708 0)
(4.72574 0.0280496 0)
(4.69063 0.242264 0)
(4.5975 0.450499 0)
(4.44405 0.644828 0)
(4.22941 0.814206 0)
(3.95714 0.946194 0)
(3.63806 1.02998 0)
(3.29208 1.06061 0)
(2.94652 1.03837 0)
(1.08931 -0.108248 0)
(1.11715 -0.143569 0)
(1.15468 -0.189242 0)
(1.20515 -0.248265 0)
(1.27303 -0.323897 0)
(1.36397 -0.419277 0)
(1.48764 -0.537868 0)
(1.65759 -0.681866 0)
(1.88474 -0.846129 0)
(2.16994 -1.01259 0)
(2.49811 -1.15287 0)
(2.84198 -1.23872 0)
(3.17351 -1.25267 0)
(3.47201 -1.19162 0)
(3.72497 -1.06416 0)
(3.92629 -0.885869 0)
(4.075 -0.674303 0)
(4.17406 -0.444713 0)
(4.22853 -0.207643 0)
(4.24347 0.0314459 0)
(4.21989 0.270037 0)
(4.15437 0.504208 0)
(4.04249 0.726116 0)
(3.88003 0.923412 0)
(3.66578 1.08087 0)
(3.40488 1.18376 0)
(3.1112 1.22282 0)
(2.80721 1.19657 0)
(1.07279 -0.119163 0)
(1.09571 -0.15841 0)
(1.12694 -0.209316 0)
(1.16948 -0.275457 0)
(1.22699 -0.360684 0)
(1.30613 -0.469911 0)
(1.41952 -0.608893 0)
(1.57865 -0.779384 0)
(1.78909 -0.971919 0)
(2.04626 -1.16114 0)
(2.3296 -1.31197 0)
(2.61127 -1.39432 0)
(2.8697 -1.39393 0)
(3.09296 -1.31218 0)
(3.2752 -1.16096 0)
(3.41423 -0.958399 0)
(3.51177 -0.724095 0)
(3.57298 -0.474618 0)
(3.60487 -0.220636 0)
(3.61418 0.0336947 0)
(3.60234 0.2881 0)
(3.56492 0.540357 0)
(3.49606 0.783111 0)
(3.38948 1.00324 0)
(3.24073 1.18348 0)
(3.05002 1.30576 0)
(2.82488 1.35676 0)
(2.58099 1.33218 0)
(1.05465 -0.127759 0)
(1.07215 -0.170267 0)
(1.09642 -0.225561 0)
(1.12966 -0.297614 0)
(1.17488 -0.391447 0)
(1.24169 -0.51469 0)
(1.34183 -0.67349 0)
(1.47911 -0.867028 0)
(1.65594 -1.08189 0)
(1.86495 -1.28575 0)
(2.08205 -1.43829 0)
(2.28346 -1.51099 0)
(2.45753 -1.49473 0)
(2.60039 -1.39443 0)
(2.71047 -1.22363 0)
(2.78785 -1.00213 0)
(2.83593 -0.751333 0)
(2.86117 -0.489074 0)
(2.87162 -0.226093 0)
(2.87555 0.0350406 0)
(2.87486 0.296849 0)
(2.86396 0.559304 0)
(2.83593 0.815756 0)
(2.78354 1.05258 0)
(2.70073 1.25111 0)
(2.58447 1.39079 0)
(2.43686 1.45509 0)
(2.26649 1.43669 0)
(1.0352 -0.133849 0)
(1.04694 -0.178866 0)
(1.0636 -0.237424 0)
(1.08595 -0.313922 0)
(1.11808 -0.415792 0)
(1.17208 -0.552359 0)
(1.25083 -0.726711 0)
(1.35129 -0.936805 0)
(1.4792 -1.16704 0)
(1.6236 -1.37707 0)
(1.75889 -1.52373 0)
(1.87022 -1.58382 0)
(1.95644 -1.55338 0)
(2.01881 -1.43856 0)
(2.05868 -1.25327 0)
(2.07814 -1.01883 0)
(2.08182 -0.758136 0)
(2.07602 -0.489983 0)
(2.06798 -0.225285 0)
(2.0669 0.0352571 0)
(2.07563 0.297179 0)
(2.08766 0.562761 0)
(2.09566 0.826022 0)
(2.09246 1.07295 0)
(2.07171 1.28411 0)
(2.02864 1.4372 0)
(1.9614 1.51381 0)
(1.87206 1.50405 0)
(1.01477 -0.137318 0)
(1.02058 -0.183957 0)
(1.02884 -0.244317 0)
(1.03917 -0.323978 0)
(1.05896 -0.433492 0)
(1.0969 -0.579743 0)
(1.14112 -0.761746 0)
(1.19192 -0.981679 0)
(1.26032 -1.22059 0)
(1.32775 -1.42831 0)
(1.37215 -1.56374 0)
(1.39052 -1.6114 0)
(1.38958 -1.57018 0)
(1.37339 -1.44563 0)
(1.34687 -1.25167 0)
(1.31447 -1.01103 0)
(1.28128 -0.747159 0)
(1.2518 -0.47921 0)
(1.23027 -0.218805 0)
(1.22497 0.0344529 0)
(1.23997 0.290132 0)
(1.26894 0.552777 0)
(1.30595 0.816562 0)
(1.34508 1.06705 0)
(1.38042 1.28449 0)
(1.40641 1.44566 0)
(1.41848 1.53172 0)
(1.41286 1.53086 0)
(0.993737 -0.138138 0)
(0.993525 -0.185291 0)
(0.992635 -0.245885 0)
(0.991365 -0.328044 0)
(0.999713 -0.443541 0)
(1.01311 -0.59154 0)
(1.00928 -0.772342 0)
(1.00419 -0.997255 0)
(1.00617 -1.23774 0)
(0.988408 -1.43527 0)
(0.939287 -1.55696 0)
(0.866185 -1.59406 0)
(0.780152 -1.54554 0)
(0.688317 -1.41652 0)
(0.600039 -1.22057 0)
(0.521778 -0.980759 0)
(0.458502 -0.720029 0)
(0.412338 -0.457258 0)
(0.38375 -0.204406 0)
(0.376989 0.0378769 0)
(0.394198 0.281777 0)
(0.43228 0.535331 0)
(0.490687 0.792596 0)
(0.565582 1.03894 0)
(0.651722 1.25566 0)
(0.741727 1.41793 0)
(0.830252 1.5091 0)
(0.907781 1.51574 0)
(0.972374 -0.136337 0)
(0.966189 -0.182687 0)
(0.956375 -0.242371 0)
(0.945639 -0.3266 0)
(0.940283 -0.44304 0)
(0.916348 -0.581647 0)
(0.856773 -0.755006 0)
(0.79612 -0.981578 0)
(0.726551 -1.21533 0)
(0.620597 -1.39667 0)
(0.480517 -1.50435 0)
(0.319361 -1.53288 0)
(0.150911 -1.48041 0)
(-0.0131912 -1.35266 0)
(-0.159959 -1.16242 0)
(-0.281118 -0.931195 0)
(-0.372161 -0.681014 0)
(-0.432846 -0.429633 0)
(-0.465873 -0.187925 0)
(-0.474575 0.0433264 0)
(-0.457926 0.274496 0)
(-0.412544 0.514356 0)
(-0.334914 0.757817 0)
(-0.227025 0.991995 0)
(-0.094203 1.19974 0)
(0.056977 1.35717 0)
(0.219691 1.44799 0)
(0.377786 1.45915 0)
(0.951022 -0.131982 0)
(0.939758 -0.176222 0)
(0.923003 -0.234522 0)
(0.90419 -0.31897 0)
(0.876858 -0.426958 0)
(0.803595 -0.545534 0)
(0.690465 -0.709918 0)
(0.577612 -0.934157 0)
(0.433324 -1.15236 0)
(0.241994 -1.31409 0)
(0.0164067 -1.40822 0)
(-0.22835 -1.43004 0)
(-0.475658 -1.37782 0)
(-0.709056 -1.25734 0)
(-0.913344 -1.08053 0)
(-1.07846 -0.866131 0)
(-1.20058 -0.634428 0)
(-1.28108 -0.401107 0)
(-1.32416 -0.17517 0)
(-1.33431 0.0431508 0)
(-1.31369 0.261058 0)
(-1.25607 0.484123 0)
(-1.15649 0.70908 0)
(-1.01515 0.925331 0)
(-0.835754 1.11718 0)
(-0.624023 1.26471 0)
(-0.391422 1.34928 0)
(-0.15636 1.36228 0)
(0.931128 -0.125565 0)
(0.917265 -0.166688 0)
(0.895559 -0.222832 0)
(0.864507 -0.302033 0)
(0.802136 -0.389776 0)
(0.675877 -0.482718 0)
(0.520657 -0.640597 0)
(0.358413 -0.85556 0)
(0.140363 -1.05027 0)
(-0.128977 -1.1908 0)
(-0.433386 -1.27154 0)
(-0.755844 -1.28824 0)
(-1.07704 -1.24007 0)
(-1.37706 -1.13184 0)
(-1.63863 -0.974123 0)
(-1.85038 -0.78299 0)
(-2.00812 -0.575667 0)
(-2.11337 -0.365721 0)
(-2.1705 -0.160571 0)
(-2.18377 0.0393384 0)
(-2.15534 0.238439 0)
(-2.0806 0.440476 0)
(-1.95473 0.642653 0)
(-1.77662 0.836083 0)
(-1.54865 1.007 0)
(-1.27822 1.13849 0)
(-0.980043 1.21392 0)
(-0.672835 1.22677 0)
(0.916202 -0.119232 0)
(0.901746 -0.155822 0)
(0.871508 -0.206258 0)
(0.815902 -0.270727 0)
(0.708166 -0.328926 0)
(0.539609 -0.398317 0)
(0.358069 -0.55238 0)
(0.148182 -0.747545 0)
(-0.136812 -0.911958 0)
(-0.474672 -1.03055 0)
(-0.849754 -1.09783 0)
(-1.24202 -1.11048 0)
(-1.63024 -1.06845 0)
(-1.99249 -0.975907 0)
(-2.30971 -0.841629 0)
(-2.569 -0.678566 0)
(-2.76484 -0.500635 0)
(-2.89767 -0.319062 0)
(-2.97088 -0.140168 0)
(-2.98796 0.0350675 0)
(-2.9507 0.209183 0)
(-2.8562 0.384628 0)
(-2.70073 0.558776 0)
(-2.48331 0.724198 0)
(-2.20698 0.869341 0)
(-1.88125 0.980369 0)
(-1.52233 1.04466 0)
(-1.14981 1.05581 0)
(0.906873 -0.113687 0)
(0.886724 -0.141595 0)
(0.834771 -0.179646 0)
(0.740601 -0.220623 0)
(0.591622 -0.248338 0)
(0.406211 -0.302513 0)
(0.211832 -0.449777 0)
(-0.0420981 -0.611915 0)
(-0.382474 -0.742691 0)
(-0.779313 -0.838161 0)
(-1.21475 -0.891473 0)
(-1.66693 -0.900737 0)
(-2.113 -0.866412 0)
(-2.52988 -0.791973 0)
(-2.89739 -0.684339 0)
(-3.20112 -0.553374 0)
(-3.4337 -0.40966 0)
(-3.5937 -0.261868 0)
(-3.68295 -0.115072 0)
(-3.70392 0.0294304 0)
(-3.65812 0.172816 0)
(-3.54389 0.316239 0)
(-3.35897 0.457389 0)
(-3.10372 0.590411 0)
(-2.78287 0.706323 0)
(-2.40757 0.79452 0)
(-1.99519 0.845588 0)
(-1.56714 0.85404 0)
(0.883649 -0.0956236 0)
(0.842696 -0.110201 0)
(0.75492 -0.133247 0)
(0.622989 -0.151962 0)
(0.460085 -0.159521 0)
(0.290193 -0.206826 0)
(0.0906276 -0.33476 0)
(-0.200242 -0.452723 0)
(-0.583333 -0.548917 0)
(-1.02744 -0.618908 0)
(-1.51174 -0.65784 0)
(-2.01229 -0.664269 0)
(-2.50484 -0.638812 0)
(-2.96557 -0.584182 0)
(-3.37371 -0.505427 0)
(-3.71386 -0.409518 0)
(-3.9771 -0.303894 0)
(-4.16015 -0.194692 0)
(-4.26316 -0.0855913 0)
(-4.28755 0.0222161 0)
(-4.2345 0.129141 0)
(-4.10336 0.235582 0)
(-3.89325 0.339598 0)
(-3.60615 0.436954 0)
(-3.24852 0.521258 0)
(-2.83304 0.585009 0)
(-2.37841 0.621596 0)
(-1.90776 0.627257 0)
(0.791479 -0.0671054 0)
(0.723386 -0.0569849 0)
(0.607301 -0.0685916 0)
(0.467743 -0.0765227 0)
(0.336057 -0.0788398 0)
(0.205146 -0.118507 0)
(0.00250435 -0.206974 0)
(-0.31358 -0.277667 0)
(-0.727035 -0.336436 0)
(-1.20518 -0.379419 0)
(-1.72521 -0.403356 0)
(-2.2613 -0.407296 0)
(-2.78782 -0.391714 0)
(-3.2801 -0.358363 0)
(-3.71689 -0.310347 0)
(-4.08225 -0.251846 0)
(-4.36642 -0.187282 0)
(-4.56508 -0.120305 0)
(-4.67738 -0.053138 0)
(-4.70409 0.0134011 0)
(-4.64608 0.0793774 0)
(-4.5031 0.144874 0)
(-4.27543 0.208585 0)
(-3.9663 0.267921 0)
(-3.5836 0.319057 0)
(-3.14128 0.357556 0)
(-2.65918 0.37956 0)
(-2.16141 0.382932 0)
(0.610833 -0.064118 0)
(0.541442 -0.0367142 0)
(0.429731 -0.0288214 0)
(0.325745 -0.0234286 0)
(0.254034 -0.0211995 0)
(0.159321 -0.0380822 0)
(-0.0453732 -0.0701807 0)
(-0.373652 -0.0935395 0)
(-0.803082 -0.113296 0)
(-1.29965 -0.127879 0)
(-1.8398 -0.136017 0)
(-2.39653 -0.137343 0)
(-2.94319 -0.132037 0)
(-3.45442 -0.120724 0)
(-3.90848 -0.104475 0)
(-4.28898 -0.0847042 0)
(-4.58566 -0.0628986 0)
(-4.79362 -0.0402798 0)
(-4.91155 -0.0175925 0)
(-4.93994 0.00487779 0)
(-4.87974 0.0271403 0)
(-4.73131 0.0492178 0)
(-4.49548 0.0706529 0)
(-4.17619 0.0905706 0)
(-3.78207 0.107699 0)
(-3.32773 0.120578 0)
(-2.83352 0.127942 0)
(-2.32377 0.129082 0)
(2.21227 0.262445 0)
(1.69892 0.258022 0)
(1.37131 0.169492 0)
(1.20143 0.0033193 0)
(1.30834 -0.329181 0)
(1.38594 -0.824626 0)
(1.069 -1.13432 0)
(0.216717 -1.09452 0)
(2.70724 0.49499 0)
(2.46964 0.49687 0)
(2.22201 0.36542 0)
(2.03834 0.119456 0)
(1.92318 -0.254912 0)
(1.69063 -0.673912 0)
(1.20447 -0.868582 0)
(0.539343 -0.767586 0)
(2.73008 0.600573 0)
(2.5851 0.590942 0)
(2.45805 0.452612 0)
(2.30373 0.190543 0)
(2.09612 -0.15588 0)
(1.74887 -0.476899 0)
(1.24484 -0.600255 0)
(0.678138 -0.473289 0)
(2.70984 0.693077 0)
(2.51422 0.640496 0)
(2.3847 0.496943 0)
(2.23677 0.26266 0)
(2.01254 -0.0195932 0)
(1.67071 -0.264474 0)
(1.23114 -0.354771 0)
(0.785324 -0.251666 0)
(2.68495 0.822215 0)
(2.43799 0.73014 0)
(2.25936 0.573715 0)
(2.08847 0.359405 0)
(1.86491 0.121483 0)
(1.56114 -0.0762104 0)
(1.20141 -0.155237 0)
(0.858076 -0.0837488 0)
(2.62861 0.968274 0)
(2.36262 0.848216 0)
(2.14854 0.676239 0)
(1.95278 0.46707 0)
(1.73394 0.251649 0)
(1.46926 0.0793982 0)
(1.17663 0.00384267 0)
(0.909633 0.0452432 0)
(2.51759 1.11085 0)
(2.26094 0.970977 0)
(2.03962 0.785263 0)
(1.83606 0.574544 0)
(1.62621 0.369815 0)
(1.39589 0.20782 0)
(1.15714 0.129889 0)
(0.947381 0.143499 0)
(2.3386 1.23803 0)
(2.11387 1.0854 0)
(1.91063 0.889956 0)
(1.72001 0.676446 0)
(1.52931 0.475638 0)
(1.33195 0.317815 0)
(1.13737 0.232283 0)
(0.9725 0.22158 0)
(2.08745 1.34085 0)
(1.91296 1.18224 0)
(1.74778 0.981687 0)
(1.58806 0.766436 0)
(1.428 0.566527 0)
(1.26632 0.408366 0)
(1.1118 0.313582 0)
(0.985082 0.28242 0)
(1.76789 1.41175 0)
(1.65772 1.25315 0)
(1.54582 1.05217 0)
(1.43112 0.837606 0)
(1.312 0.638626 0)
(1.19061 0.478953 0)
(1.07563 0.375687 0)
(0.984149 0.32798 0)
(1.3901 1.44536 0)
(1.35376 1.29159 0)
(1.30603 1.09482 0)
(1.24679 0.884384 0)
(1.17674 0.688469 0)
(1.10019 0.528697 0)
(1.02567 0.419191 0)
(0.968591 0.359124 0)
(0.968812 1.43868 0)
(1.01141 1.29346 0)
(1.03452 1.10527 0)
(1.03751 0.903004 0)
(1.02206 0.713461 0)
(0.993667 0.556428 0)
(0.960647 0.4439 0)
(0.937904 0.37593 0)
(0.52164 1.39084 0)
(0.644249 1.25693 0)
(0.740799 1.08124 0)
(0.809149 0.89132 0)
(0.850943 0.712011 0)
(0.872269 0.56133 0)
(0.881046 0.449604 0)
(0.892435 0.378248 0)
(0.067502 1.30256 0)
(0.267846 1.18197 0)
(0.436618 1.02239 0)
(0.569908 0.848759 0)
(0.668644 0.683672 0)
(0.739152 0.543331 0)
(0.788789 0.436485 0)
(0.833401 0.366115 0)
(-0.374488 1.17551 0)
(-0.101545 1.07038 0)
(0.134816 0.929276 0)
(0.329254 0.776444 0)
(0.481825 0.629383 0)
(0.598811 0.503288 0)
(0.686838 0.405295 0)
(0.762704 0.339949 0)
(-0.785207 1.0129 0)
(-0.448077 0.924706 0)
(-0.151283 0.805544 0)
(0.0976146 0.675465 0)
(0.297729 0.551049 0)
(0.456375 0.443082 0)
(0.578793 0.357503 0)
(0.682795 0.30063 0)
(-1.14717 0.819706 0)
(-0.756688 0.749778 0)
(-0.410509 0.655652 0)
(-0.116529 0.550363 0)
(0.1242 0.450894 0)
(0.317259 0.365244 0)
(0.468494 0.295179 0)
(0.596515 0.249424 0)
(-1.44601 0.60214 0)
(-1.01558 0.551463 0)
(-0.632574 0.483507 0)
(-0.304954 0.407176 0)
(-0.0333684 0.333318 0)
(0.186665 0.27339 0)
(0.360246 0.221292 0)
(0.507943 0.188151 0)
(-1.67338 0.367855 0)
(-1.2178 0.337405 0)
(-0.811126 0.296481 0)
(-0.461239 0.250399 0)
(-0.167779 0.204844 0)
(0.0718734 0.170018 0)
(0.262329 0.137742 0)
(0.42569 0.11738 0)
(-1.82385 0.124052 0)
(-1.35624 0.11381 0)
(-0.937162 0.0999047 0)
(-0.574409 0.0841913 0)
(-0.268106 0.068902 0)
(-0.0167385 0.057212 0)
(0.185173 0.0462622 0)
(0.356868 0.0393513 0)
(-0.411143 -0.240943 0)
(0.37896 0.0863147 0)
(0.669842 0.31255 0)
(0.812814 0.449896 3.2872e-17)
(0.948759 0.493863 3.27422e-18)
(1.12232 0.444022 0)
(1.19261 0.339188 2.59472e-17)
(1.18824 0.270143 1.41132e-18)
(1.18376 0.238881 1.89647e-17)
(1.2033 0.21675 1.80059e-17)
(1.23672 0.202199 0)
(1.272 0.193173 1.48868e-17)
(1.30385 0.187238 -6.23267e-19)
(1.33039 0.183358 1.19198e-17)
(1.35267 0.181454 1.43558e-19)
(1.37465 0.181414 -1.56087e-19)
(1.40502 0.184162 -3.58423e-18)
(1.44354 0.184172 2.49668e-18)
(1.5206 0.197105 5.84477e-20)
(1.5243 0.0778006 7.55938e-22)
(0.192014 -0.259713 0)
(0.479109 0.142013 0)
(0.661935 0.421381 -1.54696e-18)
(0.761263 0.560007 -6.86472e-17)
(0.885433 0.572545 -6.94318e-19)
(1.05754 0.462482 3.80152e-17)
(1.14735 0.299778 -2.54455e-17)
(1.16376 0.216058 1.00109e-17)
(1.17287 0.191513 2.02994e-17)
(1.20163 0.180508 -1.8013e-17)
(1.24011 0.176952 0)
(1.27782 0.177392 1.44622e-17)
(1.31041 0.180341 1.90807e-19)
(1.33704 0.183351 -1.19375e-17)
(1.3596 0.18493 2.21525e-20)
(1.38261 0.18472 0)
(1.41419 0.184528 -1.44511e-21)
(1.4549 0.179745 0)
(1.51913 0.182128 0)
(1.53899 0.0314232 0)
(0.352902 0.0121249 0)
(0.579579 0.260437 -1.68453e-18)
(0.759575 0.384642 3.10582e-18)
(0.860844 0.439353 -1.53978e-18)
(0.965281 0.435748 -5.68174e-17)
(1.09777 0.36284 -3.74011e-17)
(1.17062 0.264655 0)
(1.18354 0.219376 1.43798e-18)
(1.18996 0.205805 -2.2679e-17)
(1.21604 0.194459 1.15504e-18)
(1.25362 0.185539 0)
(1.29269 0.181576 -1.45484e-17)
(1.32834 0.181301 0)
(1.35816 0.181733 1.17526e-17)
(1.38331 0.181151 2.21919e-20)
(1.40846 0.178746 0)
(1.44167 0.175759 3.56547e-18)
(1.48318 0.166773 0)
(1.54128 0.160087 -1.80195e-21)
(1.56856 0.0557164 2.61236e-20)
(0.551171 0.085615 -8.39771e-19)
(0.694025 0.271779 5.46791e-17)
(0.83166 0.369634 4.37878e-17)
(0.902976 0.427798 3.05658e-17)
(0.979207 0.435799 0)
(1.08608 0.377846 0)
(1.15502 0.278955 0)
(1.17528 0.219355 -1.11685e-17)
(1.18822 0.195044 0)
(1.21879 0.178281 -1.80224e-17)
(1.26033 0.169016 1.51878e-17)
(1.30392 0.168116 9.58895e-19)
(1.34494 0.172197 0)
(1.38076 0.176932 0)
(1.41154 0.179328 -1.0367e-17)
(1.44127 0.177974 4.54281e-18)
(1.47721 0.173833 -1.31205e-19)
(1.52029 0.161331 -2.621e-18)
(1.57425 0.151268 7.78967e-19)
(1.60811 0.0682712 -2.45372e-20)
(0.670604 0.170233 0)
(0.762022 0.313942 -5.09071e-17)
(0.874215 0.376816 -4.58983e-17)
(0.937527 0.406666 1.82712e-18)
(1.00338 0.39876 -2.64444e-17)
(1.09499 0.337956 0)
(1.16063 0.2472 2.97542e-17)
(1.18421 0.196604 -1.37862e-18)
(1.19979 0.179474 1.27228e-18)
(1.23059 0.169279 1.91226e-17)
(1.27107 0.163421 -1.09456e-18)
(1.31454 0.162497 0)
(1.35824 0.166617 1.30564e-17)
(1.3996 0.17252 1.77933e-19)
(1.43733 0.176104 1.05688e-17)
(1.47361 0.17452 -2.63087e-19)
(1.51398 0.168216 3.7225e-18)
(1.55957 0.153301 -5.61474e-20)
(1.61021 0.140605 -1.44865e-18)
(1.65164 0.0717833 0)
(0.762739 0.225735 0)
(0.822108 0.330818 4.67694e-17)
(0.913209 0.36691 0)
(0.968483 0.379314 -2.73056e-17)
(1.02336 0.367514 2.57816e-17)
(1.09991 0.316469 -3.92036e-17)
(1.1612 0.240209 -3.01522e-17)
(1.18855 0.195101 -1.36435e-18)
(1.20752 0.1779 2.4845e-18)
(1.23958 0.165627 -1.16271e-18)
(1.2805 0.156669 -1.62788e-17)
(1.3245 0.154732 1.47454e-17)
(1.36993 0.15931 -1.33534e-17)
(1.41524 0.166139 0)
(1.4588 0.170579 -5.23053e-18)
(1.50107 0.16924 -1.03597e-19)
(1.5454 0.162159 -3.44849e-18)
(1.59328 0.145944 2.56904e-18)
(1.64095 0.131031 7.31823e-19)
(1.69159 0.0729662 2.83507e-21)
(0.830851 0.268414 0)
(0.867684 0.343575 -4.46931e-17)
(0.940626 0.360646 -2.65963e-18)
(0.989506 0.359748 2.82438e-17)
(1.03726 0.343186 -2.52283e-17)
(1.10359 0.29648 -3.70639e-19)
(1.16248 0.22711 3.13983e-17)
(1.19345 0.184484 0)
(1.21578 0.166709 0)
(1.24914 0.154322 0)
(1.29034 0.145989 -9.75921e-19)
(1.33449 0.144719 -6.46502e-18)
(1.38064 0.149883 1.96089e-19)
(1.42827 0.157573 -1.80022e-19)
(1.47579 0.162924 5.38436e-18)
(1.52247 0.162043 -2.59103e-19)
(1.56972 0.154331 1.32212e-19)
(1.61953 0.137227 -1.39427e-18)
(1.66479 0.120466 6.95834e-20)
(1.72496 0.071089 8.75386e-21)
(0.880001 0.301644 0)
(0.902034 0.350151 0)
(0.96055 0.351555 1.27143e-18)
(1.00494 0.339629 -1.64155e-18)
(1.04824 0.318771 2.47408e-17)
(1.10721 0.275612 3.9503e-17)
(1.16405 0.213831 -3.18494e-17)
(1.19826 0.174567 1.22868e-17)
(1.22378 0.157322 -1.26774e-18)
(1.25845 0.14572 1.08481e-18)
(1.29988 0.138022 -1.06986e-18)
(1.34396 0.136554 -7.46786e-18)
(1.39027 0.14131 -1.97539e-19)
(1.43903 0.148875 2.02961e-19)
(1.48887 0.154453 0)
(1.53837 0.153765 -4.62529e-18)
(1.58746 0.145596 1.33037e-19)
(1.63874 0.128018 1.32325e-18)
(1.68218 0.109589 0)
(1.75153 0.0666071 -8.76306e-21)
(0.912945 0.325891 -4.0809e-17)
(0.925668 0.351373 0)
(0.973167 0.340505 4.02085e-17)
(1.01452 0.320408 1.60696e-18)
(1.05535 0.296246 0)
(1.10938 0.256041 -2.006e-17)
(1.16496 0.200836 1.64855e-17)
(1.20234 0.164569 4.77335e-20)
(1.23105 0.147617 0)
(1.26714 0.136283 -9.02575e-18)
(1.30892 0.128775 0)
(1.35299 0.127215 0)
(1.39921 0.131844 0)
(1.44829 0.139336 0)
(1.49917 0.145019 -1.50145e-19)
(1.55017 0.144467 3.58545e-20)
(1.60018 0.135962 1.34021e-19)
(1.65253 0.118122 -6.44358e-20)
(1.69475 0.098034 7.16269e-20)
(1.77259 0.0598563 0)
(0.930752 0.341699 6.65241e-19)
(0.938784 0.347607 1.29456e-18)
(0.978764 0.327137 -8.54821e-17)
(1.01869 0.301055 -2.33283e-17)
(1.05883 0.27431 0)
(1.11006 0.236468 4.02811e-17)
(1.16514 0.186979 1.14609e-18)
(1.20561 0.153539 -1.34449e-17)
(1.23746 0.136985 -8.597e-18)
(1.27503 0.126102 1.10828e-20)
(1.31715 0.119186 0)
(1.36116 0.117849 -7.54125e-18)
(1.40715 0.122256 -2.0065e-19)
(1.45614 0.129465 -5.94502e-18)
(1.50732 0.135066 -5.40637e-18)
(1.55894 0.134645 0)
(1.60927 0.125958 0)
(1.66241 0.107983 0)
(1.70396 0.0860841 4.6072e-21)
(1.78946 0.0513475 1.20223e-20)
(0.933885 0.349011 2.0134e-17)
(0.941478 0.338737 2.10006e-17)
(0.977432 0.311054 4.27299e-17)
(1.01763 0.280914 1.98769e-17)
(1.05861 0.252485 3.03849e-18)
(1.10886 0.216754 1.03496e-19)
(1.16421 0.172395 1.08487e-19)
(1.20775 0.141737 -6.66411e-18)
(1.24269 0.125802 1.26351e-18)
(1.28174 0.115562 1.09898e-18)
(1.32419 0.109363 -1.08244e-18)
(1.36808 0.10829 7.59864e-18)
(1.41376 0.112474 -2.02282e-19)
(1.46243 0.119345 6.41387e-18)
(1.51349 0.124815 5.4474e-18)
(1.56527 0.12451 -2.32954e-18)
(1.61569 0.115668 9.8321e-20)
(1.66955 0.0975589 1.30139e-18)
(1.7109 0.0736064 0)
(1.80273 0.0413309 -1.6051e-20)
(0.922744 0.347477 3.93935e-17)
(0.933919 0.324441 -2.09282e-17)
(0.969199 0.291872 1.95968e-17)
(1.01138 0.259573 1.53056e-18)
(1.05468 0.230309 0)
(1.10558 0.196579 -2.03712e-17)
(1.16193 0.156901 -1.7516e-17)
(1.20851 0.129053 1.06316e-17)
(1.24643 0.113987 4.90381e-18)
(1.28688 0.104562 9.05619e-18)
(1.32956 0.0991816 0)
(1.37324 0.0984492 0)
(1.41856 0.102453 -7.16674e-18)
(1.46683 0.108971 2.32158e-19)
(1.51763 0.114269 -1.78809e-19)
(1.5695 0.114066 2.37635e-18)
(1.62015 0.105118 2.05105e-18)
(1.6748 0.0869409 -2.89213e-18)
(1.71629 0.0607551 5.04592e-19)
(1.81192 0.0302595 -4.91865e-21)
(0.89785 0.336885 9.93785e-20)
(0.916302 0.304611 -1.95959e-17)
(0.954219 0.269381 -2.32393e-17)
(1.0001 0.236633 1.49837e-18)
(1.04706 0.207368 1.16921e-17)
(1.10006 0.175707 0)
(1.15807 0.140441 -1.08255e-18)
(1.20761 0.115489 -5.20251e-18)
(1.24828 0.101565 6.15052e-18)
(1.28991 0.0931401 0)
(1.33264 0.0886858 -4.17804e-18)
(1.376 0.0883888 3.84299e-18)
(1.42093 0.0922544 6.82139e-18)
(1.46883 0.0984148 3.35e-18)
(1.51951 0.103514 2.36585e-20)
(1.57178 0.103421 0)
(1.62318 0.0944361 -1.81422e-18)
(1.67872 0.0762619 -1.99027e-19)
(1.72043 0.0477733 -3.55312e-19)
(1.81563 0.0186967 9.26992e-21)
(0.860281 0.317142 -1.90636e-17)
(0.889156 0.279278 -1.50278e-19)
(0.932684 0.243473 0)
(0.984015 0.211629 0)
(1.03594 0.183251 4.02056e-20)
(1.09231 0.153939 0)
(1.15245 0.122987 -1.02641e-17)
(1.20468 0.101102 5.33048e-18)
(1.24768 0.0886507 1.25857e-18)
(1.29012 0.0814051 1.08871e-18)
(1.33265 0.0778772 7.30314e-18)
(1.37556 0.0779702 -3.87535e-18)
(1.42012 0.0816569 3.33165e-18)
(1.46788 0.0874168 -6.17176e-18)
(1.51889 0.0922511 1.59261e-19)
(1.5723 0.0921918 2.10842e-18)
(1.62523 0.0832265 3.73681e-20)
(1.68158 0.065335 1.60958e-18)
(1.72334 0.034949 -7.41582e-20)
(1.81226 0.00737826 0)
(0.811412 0.288278 0)
(0.853375 0.248438 2.03321e-17)
(0.905214 0.214037 -1.26216e-18)
(0.963661 0.18433 1.4466e-18)
(1.02178 0.157703 3.13546e-20)
(1.08247 0.131171 0)
(1.14483 0.104568 9.31986e-18)
(1.19916 0.0859412 -5.21612e-18)
(1.24379 0.0753295 0)
(1.28646 0.0695703 0)
(1.32847 0.067185 -8.43546e-18)
(1.37088 0.0677739 -3.89539e-18)
(1.4153 0.0712797 -4.15806e-21)
(1.46342 0.0765563 6.45243e-18)
(1.5156 0.0810527 0)
(1.57117 0.0810982 -2.55519e-18)
(1.62659 0.0723878 1.4122e-19)
(1.68365 0.0549952 -7.11297e-20)
(1.72511 0.0232248 5.24846e-19)
(1.80062 -0.00266 -4.55478e-21)
(0.753035 0.25082 0)
(0.810234 0.212427 1.02007e-17)
(0.872773 0.181163 -9.08748e-18)
(0.93989 0.154636 -1.42545e-18)
(1.00522 0.130648 -1.11506e-17)
(1.07062 0.107491 0)
(1.13462 0.0854588 0)
(1.18995 0.0701728 1.25666e-18)
(1.2353 0.0613828 1.17062e-18)
(1.27764 0.0567692 -4.53924e-18)
(1.31898 0.0550376 4.24328e-18)
(1.3611 0.0558181 7.85784e-18)
(1.40589 0.0590494 -3.60959e-18)
(1.45528 0.0637406 -3.26193e-18)
(1.50988 0.0676384 0)
(1.56891 0.0675207 -1.36764e-18)
(1.62787 0.0593642 1.42456e-19)
(1.68543 0.0436485 -7.19415e-20)
(1.72623 0.0125948 -3.65441e-19)
(1.78071 -0.010554 0)
(0.687521 0.205461 0)
(0.761811 0.171493 -2.02929e-17)
(0.837168 0.144837 9.0554e-18)
(0.914139 0.122344 1.4064e-18)
(0.98693 0.102019 0)
(1.05617 0.0836644 2.52245e-18)
(1.12011 0.0669497 -3.67914e-18)
(1.17482 0.0558412 -1.24602e-18)
(1.21981 0.0497728 -2.42707e-18)
(1.26152 0.047097 5.65571e-18)
(1.30268 0.0465443 -1.11178e-18)
(1.34548 0.0475638 -3.96661e-18)
(1.39191 0.0501768 1.82159e-18)
(1.44393 0.0538938 0)
(1.50231 0.0570807 0)
(1.56609 0.0569556 1.37825e-18)
(1.6297 0.0494662 -1.43788e-19)
(1.68794 0.0349318 0)
(1.72795 0.0053194 2.30681e-19)
(1.75426 -0.0148809 -4.58634e-21)
(0.619368 0.153269 -4.85022e-18)
(0.712422 0.1262 1.13712e-17)
(0.801464 0.105382 -2.58618e-18)
(0.887535 0.0878158 1.38869e-18)
(0.966055 0.0713785 0)
(1.03668 0.0559119 0)
(1.09842 0.0436039 0)
(1.15141 0.0360347 3.80795e-18)
(1.19619 0.0315931 -1.25322e-18)
(1.23838 0.0293421 1.14044e-18)
(1.28087 0.0287031 0)
(1.32596 0.0294788 0)
(1.37568 0.0316987 -1.84422e-18)
(1.43193 0.0348243 0)
(1.49546 0.0374526 7.40272e-19)
(1.56485 0.0375942 0)
(1.63353 0.0324412 -5.08591e-19)
(1.69232 0.0223362 -7.33502e-20)
(1.73151 -0.0011255 -2.62294e-19)
(1.72458 -0.0158729 0)
(0.555918 0.0938087 4.86068e-18)
(0.665292 0.0759835 1.24616e-18)
(0.763887 0.0634163 -5.60827e-20)
(0.854264 0.0538255 -1.37259e-18)
(0.933883 0.0462919 0)
(1.00407 0.0403849 0)
(1.06589 0.0348549 0)
(1.12002 0.0308534 -6.37733e-19)
(1.16752 0.0288858 1.16888e-18)
(1.21336 0.0281964 -2.33947e-18)
(1.26029 0.0280814 -1.07747e-18)
(1.31024 0.0283254 0)
(1.36484 0.0289599 0)
(1.42589 0.0298353 0)
(1.49423 0.0303197 -7.48335e-19)
(1.56846 0.0291267 -1.41363e-19)
(1.64143 0.0236993 6.55422e-19)
(1.70007 0.0151936 7.38734e-20)
(1.73787 -0.0020745 4.1727e-20)
(1.69739 -0.0127131 -5.63887e-21)
(0.497953 0.0304918 0)
(0.617022 0.0233427 0)
(0.721848 0.0178143 -1.27204e-18)
(0.817129 0.0124629 1.35645e-18)
(0.902178 0.00705307 0)
(0.976679 0.0031987 0)
(1.04182 -0.000146786 0)
(1.09976 -0.00213618 6.35886e-19)
(1.15228 -0.00334851 0)
(1.20272 -0.00373052 1.10161e-18)
(1.25365 -0.00353459 -4.26157e-20)
(1.30705 -0.00289316 0)
(1.36466 -0.00173037 2.21802e-19)
(1.42834 0.00012009 -2.53025e-19)
(1.49894 0.00258509 2.56216e-20)
(1.57485 0.00506822 -1.43535e-19)
(1.64905 0.00593118 1.4749e-19)
(1.70651 0.00561139 0)
(1.74297 0.000861313 0)
(1.67956 -0.00302174 1.04184e-21)
(-0.0890464 -0.418002 0)
(-0.167491 -0.278774 0)
(-0.161167 -0.22616 0)
(-0.130501 -0.288363 0)
(-0.109031 -0.401829 0)
(-0.0998099 -0.494513 0)
(-0.0733238 -0.542719 0)
(-0.0250184 -0.550587 0)
(-0.097475 -0.310871 0)
(-0.202695 -0.239481 0)
(-0.229749 -0.237295 0)
(-0.222823 -0.311389 0)
(-0.222377 -0.417003 0)
(-0.20315 -0.513048 0)
(-0.142482 -0.577705 0)
(-0.0500671 -0.596764 0)
(-0.0969701 -0.252444 0)
(-0.207513 -0.202975 0)
(-0.259084 -0.219904 0)
(-0.284865 -0.301455 0)
(-0.296926 -0.417559 0)
(-0.265553 -0.534906 0)
(-0.182876 -0.619652 0)
(-0.0641168 -0.649929 0)
(-0.102362 -0.173249 0)
(-0.226803 -0.153312 0)
(-0.30547 -0.193596 0)
(-0.358469 -0.289361 0)
(-0.377756 -0.424229 0)
(-0.335159 -0.567669 0)
(-0.227943 -0.676645 0)
(-0.0796514 -0.719723 0)
(-0.106811 -0.0928531 0)
(-0.246169 -0.0931263 0)
(-0.353061 -0.151965 0)
(-0.430275 -0.266756 0)
(-0.453863 -0.430507 0)
(-0.39851 -0.609023 0)
(-0.268659 -0.747369 0)
(-0.0939254 -0.804383 0)
(-0.111838 -0.00586422 0)
(-0.267677 -0.0229496 0)
(-0.40182 -0.0985051 0)
(-0.49792 -0.238543 0)
(-0.5215 -0.439839 0)
(-0.453851 -0.659129 0)
(-0.3048 -0.830205 0)
(-0.10721 -0.90221 0)
(-0.116423 0.0870807 0)
(-0.289143 0.0581944 0)
(-0.447604 -0.0346907 0)
(-0.555792 -0.206582 0)
(-0.575894 -0.452154 0)
(-0.498334 -0.71628 0)
(-0.334737 -0.9232 0)
(-0.119136 -1.01176 0)
(-0.11986 0.18622 0)
(-0.308912 0.148623 0)
(-0.486566 0.0362103 0)
(-0.599235 -0.173515 0)
(-0.614024 -0.467412 0)
(-0.53032 -0.778243 0)
(-0.357396 -1.02364 0)
(-0.129438 -1.13078 0)
(-0.122006 0.290768 0)
(-0.324547 0.244997 0)
(-0.514331 0.110856 0)
(-0.625245 -0.14111 0)
(-0.634387 -0.484724 0)
(-0.548811 -0.842446 0)
(-0.37171 -1.12872 0)
(-0.137743 -1.25687 0)
(-0.122568 0.39946 0)
(-0.334196 0.345241 0)
(-0.528536 0.186028 0)
(-0.632638 -0.110625 0)
(-0.636661 -0.503012 0)
(-0.553227 -0.906394 0)
(-0.376766 -1.2355 0)
(-0.143648 -1.3872 0)
(-0.12125 0.510109 0)
(-0.336512 0.446404 0)
(-0.528247 0.259136 0)
(-0.621757 -0.0828798 0)
(-0.621324 -0.52129 0)
(-0.543592 -0.96782 0)
(-0.372127 -1.34104 0)
(-0.146873 -1.51866 0)
(-0.11785 0.620287 0)
(-0.330922 0.545592 0)
(-0.51394 0.328025 0)
(-0.594069 -0.0584925 0)
(-0.589492 -0.538819 0)
(-0.520815 -1.0247 0)
(-0.35803 -1.44257 0)
(-0.147341 -1.64808 0)
(-0.112359 0.727492 0)
(-0.317635 0.640115 0)
(-0.487042 0.390872 0)
(-0.551696 -0.0379536 0)
(-0.542857 -0.555072 0)
(-0.48667 -1.07524 0)
(-0.335364 -1.53761 0)
(-0.145173 -1.77249 0)
(-0.104955 0.829273 0)
(-0.297485 0.727643 0)
(-0.449621 0.446229 0)
(-0.497204 -0.0216951 0)
(-0.483597 -0.569659 0)
(-0.443548 -1.11786 0)
(-0.305542 -1.62413 0)
(-0.140641 -1.88927 0)
(-0.095962 0.923484 0)
(-0.271723 0.806339 0)
(-0.404126 0.493023 0)
(-0.43354 -0.0101082 0)
(-0.414444 -0.582265 0)
(-0.394185 -1.15125 0)
(-0.270366 -1.70062 0)
(-0.134124 -1.99632 0)
(-0.0857987 1.00847 0)
(-0.241861 0.874933 0)
(-0.35322 0.530549 0)
(-0.364135 -0.00359708 0)
(-0.338945 -0.592625 0)
(-0.341453 -1.17442 0)
(-0.231875 -1.76607 0)
(-0.126071 -2.09218 0)
(-0.0749371 1.08313 0)
(-0.209525 0.932753 0)
(-0.299673 0.558553 0)
(-0.292982 -0.00240007 0)
(-0.261665 -0.600555 0)
(-0.288197 -1.18709 0)
(-0.192177 -1.82005 0)
(-0.116972 -2.17604 0)
(-0.0638453 1.1469 0)
(-0.176298 0.979727 0)
(-0.246187 0.577378 0)
(-0.224411 -0.00583044 0)
(-0.187889 -0.606036 0)
(-0.23704 -1.18993 0)
(-0.153254 -1.8627 0)
(-0.107323 -2.24775 0)
(-0.0529295 1.19973 0)
(-0.143561 1.01634 0)
(-0.19495 0.587962 0)
(-0.162299 -0.0123515 0)
(-0.122593 -0.609383 0)
(-0.190127 -1.1847 0)
(-0.116735 -1.89473 0)
(-0.0975811 -2.30769 0)
(-0.0424856 1.24192 0)
(-0.11238 1.0435 0)
(-0.147389 0.591604 0)
(-0.109033 -0.0206793 0)
(-0.0687999 -0.611055 0)
(-0.148797 -1.17376 0)
(-0.0837116 -1.91726 0)
(-0.088119 -2.35666 0)
(-0.032668 1.27407 0)
(-0.0834672 1.06241 0)
(-0.104217 0.58977 0)
(-0.0652941 -0.0298362 0)
(-0.0267078 -0.610595 0)
(-0.113448 -1.15938 0)
(-0.0547025 -1.93164 0)
(-0.0791937 -2.39569 0)
(-0.0234813 1.29691 0)
(-0.05716 1.07433 0)
(-0.065565 0.584146 0)
(-0.0316117 -0.0390201 0)
(0.00555248 -0.606148 0)
(-0.0838511 -1.14372 0)
(-0.0297379 -1.9394 0)
(-0.0709357 -2.42596 0)
(-0.0147902 1.31122 0)
(-0.0333601 1.08038 0)
(-0.0311146 0.576875 0)
(-0.00921214 -0.0480714 0)
(0.0302941 -0.598211 0)
(-0.0595742 -1.12889 0)
(-0.00840463 -1.94197 0)
(-0.063333 -2.44859 0)
(-0.00639373 1.31781 0)
(-0.0114212 1.0814 0)
(3.79868e-05 0.570046 0)
(0.00494295 -0.0589698 0)
(0.0495289 -0.592649 0)
(-0.0395277 -1.11521 0)
(0.0100372 -1.94023 0)
(-0.0562625 -2.46449 0)
(0.00189371 1.31713 0)
(0.00972241 1.07727 0)
(0.0294732 0.565167 0)
(0.0179345 -0.0664292 0)
(0.0673228 -0.59019 0)
(-0.0217128 -1.10135 0)
(0.026324 -1.93466 0)
(-0.0496044 -2.47429 0)
(0.0101491 1.30919 0)
(0.0309961 1.06779 0)
(0.0589954 0.561264 0)
(0.0379706 -0.0671008 0)
(0.0886609 -0.589145 0)
(-0.00493962 -1.08697 0)
(0.0412814 -1.92625 0)
(-0.0432014 -2.47843 0)
(0.0184803 1.29358 0)
(0.0530784 1.05266 0)
(0.0896462 0.556943 0)
(0.0674845 -0.0632417 0)
(0.115301 -0.586039 0)
(0.0112354 -1.07018 0)
(0.0559261 -1.91547 0)
(-0.0367379 -2.47738 0)
(0.0270065 1.26998 0)
(0.0763443 1.03142 0)
(0.121775 0.550312 0)
(0.10475 -0.0576698 0)
(0.146533 -0.578491 0)
(0.0273826 -1.05001 0)
(0.0711193 -1.90179 0)
(-0.0302782 -2.47136 0)
(0.0357759 1.2382 0)
(0.100857 1.00364 0)
(0.155374 0.539987 0)
(0.146978 -0.0514252 0)
(0.181113 -0.565168 0)
(0.0435755 -1.02571 0)
(0.087554 -1.88527 0)
(-0.0237118 -2.4601 0)
(0.0447865 1.19794 0)
(0.126525 0.969063 0)
(0.190247 0.525396 0)
(0.191728 -0.0452633 0)
(0.217588 -0.545443 0)
(0.0594187 -0.996591 0)
(0.106001 -1.86616 0)
(-0.0167715 -2.44314 0)
(0.0540562 1.14878 0)
(0.153278 0.927554 0)
(0.226193 0.506484 0)
(0.237732 -0.0396015 0)
(0.254525 -0.519045 0)
(0.0746084 -0.962675 0)
(0.127511 -1.84468 0)
(-0.00911216 -2.41987 0)
(0.063645 1.0903 0)
(0.181125 0.879014 0)
(0.263146 0.483431 0)
(0.28475 -0.0341003 0)
(0.290575 -0.485704 0)
(0.0891831 -0.924623 0)
(0.153514 -1.82125 0)
(-0.000269122 -2.38955 0)
(0.0736509 1.02204 0)
(0.210159 0.823373 0)
(0.301172 0.456479 0)
(0.333049 -0.0281917 0)
(0.324263 -0.445108 0)
(0.103908 -0.883848 0)
(0.185976 -1.79625 0)
(0.0103049 -2.35094 0)
(0.0842156 0.94349 0)
(0.240533 0.760563 0)
(0.340378 0.425755 0)
(0.383046 -0.0211682 0)
(0.353745 -0.397157 0)
(0.120986 -0.842688 0)
(0.227685 -1.76963 0)
(0.0232654 -2.30147 0)
(0.0955477 0.85389 0)
(0.272463 0.690655 0)
(0.380935 0.391497 0)
(0.43503 -0.0127025 0)
(0.376593 -0.342627 0)
(0.145448 -0.804751 0)
(0.282808 -1.74048 0)
(0.0394573 -2.23685 0)
(0.107813 0.752804 0)
(0.30579 0.613485 0)
(0.423522 0.353625 0)
(0.488343 -0.00714886 0)
(0.389893 -0.283293 0)
(0.187185 -0.775495 0)
(0.35716 -1.70721 0)
(0.0597593 -2.15277 0)
(0.122157 0.637886 0)
(0.341405 0.530755 0)
(0.465496 0.313806 0)
(0.53833 0.0202701 0)
(0.391815 -0.219839 0)
(0.26292 -0.763013 0)
(0.45681 -1.66709 0)
(0.0839696 -2.04786 0)
(0.134097 0.512762 0)
(0.37369 0.437777 0)
(0.508148 0.262546 0)
(0.581997 0.0121366 0)
(0.386214 -0.168161 0)
(0.39745 -0.777037 0)
(0.584434 -1.6119 0)
(0.10881 -1.9195 0)
(0.181077 0.359509 0)
(0.435059 0.364094 0)
(0.578434 0.249023 0)
(0.624172 0.101046 0)
(0.424559 -0.11567 0)
(0.623884 -0.823325 0)
(0.736114 -1.5209 0)
(0.128606 -1.7458 0)
(-0.0559732 0.21952 0)
(0.292914 0.170366 0)
(0.482115 0.11627 0)
(0.468211 0.0349285 0)
(0.628562 -0.268881 0)
(0.967053 -0.878014 0)
(0.902528 -1.36319 0)
(0.14735 -1.47589 0)
(0.258976 -0.146644 0)
(0.474667 -0.0855203 0)
(0.59553 -0.0233402 0)
(0.624359 0.0368293 0)
(0.596458 0.082841 0)
(0.525312 0.103125 0)
(0.442731 0.0925191 0)
(0.242531 -0.0454188 0)
(0.345982 -0.348571 0)
(0.50904 -0.226868 0)
(0.605077 -0.10116 0)
(0.620256 0.00948388 0)
(0.552245 0.0989988 0)
(0.428954 0.155444 0)
(0.302072 0.189971 0)
(0.13742 0.158464 0)
(0.366435 -0.481065 0)
(0.482087 -0.312489 0)
(0.555634 -0.133793 0)
(0.566392 0.0213693 0)
(0.508304 0.139761 0)
(0.381103 0.219424 0)
(0.216977 0.276565 0)
(0.0695467 0.282906 0)
(0.382879 -0.599507 0)
(0.463266 -0.403394 0)
(0.511611 -0.187101 0)
(0.509241 0.00250787 0)
(0.450888 0.159713 0)
(0.333904 0.274605 0)
(0.153049 0.353822 0)
(0.0137506 0.384742 0)
(0.393269 -0.696232 0)
(0.448482 -0.481444 0)
(0.469485 -0.233878 0)
(0.450929 -0.00944951 0)
(0.386135 0.175114 0)
(0.279192 0.321874 0)
(0.096025 0.42742 0)
(-0.0348742 0.483353 0)
(0.400527 -0.777348 0)
(0.437625 -0.550265 0)
(0.428638 -0.27724 0)
(0.391715 -0.0257438 0)
(0.319856 0.185099 0)
(0.220743 0.361622 0)
(0.0414252 0.495557 0)
(-0.0785416 0.577074 0)
(0.405203 -0.844609 0)
(0.429014 -0.608668 0)
(0.389118 -0.314163 0)
(0.334444 -0.0387876 0)
(0.255564 0.191205 0)
(0.162808 0.392811 0)
(-0.0114241 0.554854 0)
(-0.118583 0.662247 0)
(0.407876 -0.900328 0)
(0.421788 -0.65728 0)
(0.351025 -0.344576 0)
(0.28229 -0.0505859 0)
(0.196837 0.193532 0)
(0.10885 0.415722 0)
(-0.0616151 0.604306 0)
(-0.155512 0.737919 0)
(0.408996 -0.9462 0)
(0.415478 -0.69661 0)
(0.314949 -0.368811 0)
(0.237497 -0.0613803 0)
(0.146775 0.192723 0)
(0.0616184 0.431885 0)
(-0.107734 0.644729 0)
(-0.189339 0.804506 0)
(0.409011 -0.98374 0)
(0.40994 -0.727539 0)
(0.281817 -0.387621 0)
(0.200963 -0.0720643 0)
(0.107157 0.18935 0)
(0.0228886 0.443276 0)
(-0.148598 0.677551 0)
(-0.21995 0.862629 0)
(0.408319 -1.01426 0)
(0.405191 -0.751275 0)
(0.252885 -0.401941 0)
(0.172934 -0.0831775 0)
(0.0781019 0.183572 0)
(-0.00676326 0.451771 0)
(-0.183621 0.704347 0)
(-0.247327 0.913025 0)
(0.407213 -1.03894 0)
(0.401266 -0.769331 0)
(0.229283 -0.412914 0)
(0.153497 -0.0948541 0)
(0.0577852 0.175251 0)
(-0.0279739 0.458881 0)
(-0.21287 0.726734 0)
(-0.271622 0.956676 0)
(0.405831 -1.05881 0)
(0.398071 -0.783263 0)
(0.211315 -0.421818 0)
(0.141986 -0.106518 0)
(0.0415993 0.164885 0)
(-0.0427948 0.465549 0)
(-0.236994 0.746183 0)
(-0.293137 0.99472 0)
(0.404162 -1.07469 0)
(0.395309 -0.794407 0)
(0.198124 -0.429809 0)
(0.136423 -0.117069 0)
(0.0240049 0.153605 0)
(-0.0543616 0.471825 0)
(-0.257066 0.763697 0)
(-0.312262 1.02823 0)
(0.402095 -1.08719 0)
(0.392527 -0.803643 0)
(0.188085 -0.437617 0)
(0.13414 -0.125688 0)
(0.00428797 0.142002 0)
(-0.0651549 0.476672 0)
(-0.274237 0.779597 0)
(-0.329379 1.05805 0)
(0.399493 -1.09653 0)
(0.38923 -0.811413 0)
(0.179592 -0.445522 0)
(0.132913 -0.132544 0)
(-0.0128897 0.130685 0)
(-0.0758137 0.478807 0)
(-0.289357 0.793701 0)
(-0.344778 1.08469 0)
(0.396189 -1.10257 7.83589e-18)
(0.384938 -0.818021 -2.33228e-20)
(0.171617 -0.453588 5.09051e-21)
(0.131349 -0.138619 1.8236e-20)
(-0.0247573 0.121098 7.12919e-20)
(-0.085977 0.478098 8.65915e-20)
(-0.302923 0.805766 1.69172e-19)
(-0.358649 1.10841 1.17261e-19)
(0.391875 -1.10498 0)
(0.379131 -0.823818 0)
(0.163918 -0.46182 0)
(0.128617 -0.144935 0)
(-0.0334044 0.114067 0)
(-0.0953339 0.475589 0)
(-0.315283 0.815738 0)
(-0.371136 1.12936 0)
(0.386133 -1.10405 0)
(0.37134 -0.828626 0)
(0.156732 -0.470061 0)
(0.123635 -0.152043 0)
(-0.0418304 0.109181 0)
(-0.103683 0.47229 0)
(-0.326768 0.823725 0)
(-0.382367 1.14762 0)
(0.378732 -1.09985 0)
(0.361643 -0.831279 0)
(0.149823 -0.478015 0)
(0.114362 -0.159711 0)
(-0.0510722 0.105078 0)
(-0.110586 0.468393 0)
(-0.337609 0.829937 0)
(-0.392468 1.16319 0)
(0.369602 -1.09203 0)
(0.35032 -0.831773 0)
(0.142304 -0.484914 0)
(0.0991436 -0.167573 0)
(-0.0602612 0.0996603 0)
(-0.115518 0.46354 0)
(-0.347819 0.834693 0)
(-0.401597 1.17603 0)
(0.358639 -1.0803 0)
(0.337292 -0.83019 0)
(0.133449 -0.489197 0)
(0.0793573 -0.176522 0)
(-0.0672569 0.0904615 0)
(-0.119146 0.457439 0)
(-0.357671 0.838475 0)
(-0.41 1.18603 0)
(0.345671 -1.06443 0)
(0.322413 -0.826456 0)
(0.123493 -0.490416 0)
(0.057219 -0.186401 0)
(-0.0745129 0.0776803 0)
(-0.125565 0.451392 0)
(-0.368697 0.841569 0)
(-0.417938 1.19291 0)
(0.330479 -1.04411 0)
(0.305466 -0.820664 0)
(0.112835 -0.48894 0)
(0.0340418 -0.196354 0)
(-0.084895 0.0643559 0)
(-0.141698 0.445919 0)
(-0.381667 0.842032 0)
(-0.425678 1.19622 0)
(0.312764 -1.01892 0)
(0.285903 -0.812967 0)
(0.101497 -0.485547 0)
(0.0113145 -0.204651 0)
(-0.100814 0.0524896 0)
(-0.169445 0.437756 0)
(-0.394945 0.838658 0)
(-0.433079 1.1945 0)
(0.292123 -0.988185 0)
(0.262847 -0.803464 0)
(0.0889217 -0.481168 0)
(-0.0102731 -0.209998 0)
(-0.120921 0.0435039 0)
(-0.20301 0.425761 0)
(-0.407243 0.830378 0)
(-0.440073 1.18583 0)
(0.268059 -0.950943 0)
(0.235132 -0.79203 0)
(0.0739433 -0.476727 0)
(-0.0310481 -0.212076 0)
(-0.142445 0.03776 0)
(-0.235893 0.411077 0)
(-0.417509 0.815704 0)
(-0.446317 1.16966 0)
(0.240026 -0.905898 0)
(0.201406 -0.778212 0)
(0.0548729 -0.473078 0)
(-0.052197 -0.211628 0)
(-0.163799 0.0345718 0)
(-0.264612 0.394697 0)
(-0.425049 0.794535 0)
(-0.451212 1.14616 0)
(0.207521 -0.851432 1.13476e-17)
(0.160288 -0.761155 -4.77641e-19)
(0.0296239 -0.470874 -2.8609e-19)
(-0.0755583 -0.21015 -2.11643e-19)
(-0.185199 0.0327611 -1.20517e-19)
(-0.288635 0.377169 -5.0672e-18)
(-0.429834 0.767868 4.52219e-18)
(-0.454285 1.11544 2.10164e-20)
(0.170221 -0.785636 0)
(0.11061 -0.739518 0)
(-0.00409292 -0.470322 0)
(-0.103515 -0.209529 0)
(-0.208306 0.0308537 0)
(-0.309414 0.358572 0)
(-0.432521 0.73659 0)
(-0.455326 1.07752 0)
(0.128196 -0.70647 0)
(0.0518162 -0.711356 0)
(-0.0484 -0.470939 0)
(-0.138774 -0.211434 0)
(-0.235496 0.0271987 0)
(-0.329429 0.338415 0)
(-0.434173 0.70093 0)
(-0.454275 1.03234 0)
(0.0822783 -0.612284 0)
(-0.0154011 -0.674064 0)
(-0.104683 -0.471549 0)
(-0.183618 -0.216659 0)
(-0.269576 0.0200269 0)
(-0.351436 0.315598 0)
(-0.435961 0.660426 0)
(-0.451082 0.979501 0)
(0.0346949 -0.502916 0)
(-0.0880491 -0.624685 0)
(-0.17287 -0.470513 0)
(-0.238788 -0.224947 0)
(-0.313505 0.00844668 0)
(-0.377779 0.288504 0)
(-0.438989 0.614087 0)
(-0.445631 0.91811 0)
(-0.0100707 -0.380978 0)
(-0.159166 -0.560582 0)
(-0.250461 -0.465671 0)
(-0.302531 -0.236155 0)
(-0.367002 -0.00809659 0)
(-0.409723 0.255308 0)
(-0.444128 0.560509 0)
(-0.437697 0.846738 0)
(-0.044661 -0.25221 0)
(-0.215605 -0.480052 0)
(-0.330586 -0.453318 0)
(-0.372237 -0.250671 0)
(-0.423192 -0.0295257 0)
(-0.447123 0.21471 0)
(-0.451904 0.498049 0)
(-0.426838 0.763541 0)
(-0.0598072 -0.124961 0)
(-0.236658 -0.382523 0)
(-0.397304 -0.426076 0)
(-0.447214 -0.26704 0)
(-0.477361 -0.054848 0)
(-0.488785 0.167275 0)
(-0.462645 0.425192 0)
(-0.412262 0.666387 0)
(-0.0486983 -0.014569 0)
(-0.197517 -0.268066 0)
(-0.418593 -0.371473 0)
(-0.519846 -0.27601 0)
(-0.532751 -0.082892 0)
(-0.531081 0.117162 0)
(-0.476329 0.34104 0)
(-0.392544 0.552849 0)
(-0.010975 0.0661871 0)
(-0.0851389 -0.139003 0)
(-0.347499 -0.276553 0)
(-0.553849 -0.256491 0)
(-0.593405 -0.110345 0)
(-0.566797 0.0608414 0)
(-0.49268 0.245718 0)
(-0.364794 0.420917 0)
(0.011647 0.0716859 0)
(0.0564625 -0.0164533 0)
(-0.154862 -0.142111 0)
(-0.465772 -0.185406 0)
(-0.626293 -0.107376 0)
(-0.591227 0.0234332 0)
(-0.498559 0.148123 0)
(-0.321377 0.267183 0)
(0.0404989 0.0149035 0)
(0.0845365 0.0113497 0)
(0.0701556 -0.00466751 0)
(-0.161391 -0.066622 0)
(-0.441453 -0.0790433 0)
(-0.543791 -0.0429516 0)
(-0.441971 0.0179152 0)
(-0.238424 0.0931315 0)
)
;

boundaryField
{
    wall
    {
        type            slip;
    }
    inlet1
    {
        type            uniformFixedValue;
        uniformValue    table
        
4
(
(0 (1 0 0))
(0.3 (1 0 0))
(0.5 (0.5 0 0))
(0.501 (1 0 0))
)
;
    }
    inlet2
    {
        type            uniformFixedValue;
        uniformValue    table
        
5
(
(0 (0 0 0))
(0.2 (0 0 0))
(0.201 (0 -2.5 0))
(0.6 (0 -2.5 0))
(0.601 (0 0 0))
)
;
    }
    outlet1
    {
        type            zeroGradient;
    }
    outlet2
    {
        type            inletOutlet;
        inletValue      uniform (0 0 0);
        value           nonuniform List<vector> 8((-0.0890464 -0.418002 0) (-0.167491 -0.278774 0) (-0.161167 -0.22616 0) (-0.130501 -0.288363 0) (-0.109031 -0.401829 0) (-0.0998099 -0.494513 0) (-0.0733238 -0.542719 0) (-0.0250184 -0.550587 0));
    }
    defaultFaces
    {
        type            empty;
    }
}


// ************************************************************************* //
