/*--------------------------------*- C++ -*----------------------------------*\
| =========                 |                                                 |
| \\      /  F ield         | OpenFOAM: The Open Source CFD Toolbox           |
|  \\    /   O peration     | Version:  2.4.0                                 |
|   \\  /    A nd           | Web:      www.OpenFOAM.org                      |
|    \\/     M anipulation  |                                                 |
\*---------------------------------------------------------------------------*/
FoamFile
{
    version     2.0;
    format      ascii;
    class       volScalarField;
    location    "0.23";
    object      p;
}
// * * * * * * * * * * * * * * * * * * * * * * * * * * * * * * * * * * * * * //

dimensions      [0 2 -2 0 0 0 0];

internalField   nonuniform List<scalar> 
6000
(
0.263022
0.257605
0.255103
0.254221
0.253315
0.252197
0.251085
0.250071
0.249153
0.248327
0.247586
0.246912
0.246273
0.245635
0.244983
0.244314
0.24364
0.242974
0.242324
0.241693
0.241075
0.240465
0.239856
0.239245
0.238632
0.238018
0.237404
0.236791
0.236182
0.235576
0.234977
0.234384
0.233801
0.23323
0.232675
0.23214
0.231631
0.231155
0.230723
0.230347
0.230042
0.229829
0.229736
0.229795
0.230052
0.230562
0.231397
0.232652
0.234446
0.236934
0.240314
0.244844
0.250858
0.258793
0.269234
0.282927
0.300939
0.324139
0.354259
0.386575
0.259084
0.256822
0.25506
0.254223
0.253395
0.252363
0.251297
0.2503
0.249381
0.248535
0.247758
0.247041
0.24636
0.245689
0.245016
0.244336
0.243657
0.242988
0.242335
0.241701
0.24108
0.240467
0.239857
0.239245
0.238632
0.238018
0.237404
0.236791
0.236181
0.235576
0.234976
0.234383
0.233799
0.233228
0.232672
0.232136
0.231627
0.23115
0.230716
0.230338
0.230031
0.229815
0.229718
0.229772
0.230021
0.230522
0.231346
0.232586
0.234361
0.236822
0.240168
0.244651
0.250599
0.258439
0.268738
0.282206
0.299875
0.322519
0.352358
0.383926
0.258932
0.257317
0.255374
0.254255
0.253367
0.252334
0.25126
0.250257
0.249339
0.248496
0.247721
0.247006
0.246328
0.245664
0.244997
0.244325
0.243652
0.242987
0.242337
0.241703
0.241082
0.240469
0.239857
0.239245
0.238632
0.238017
0.237403
0.236791
0.236181
0.235575
0.234975
0.234382
0.233798
0.233226
0.232669
0.232133
0.231622
0.231144
0.230709
0.230328
0.230018
0.229798
0.229696
0.229744
0.229985
0.230475
0.231285
0.232507
0.234257
0.236686
0.239987
0.244408
0.250269
0.257979
0.268074
0.281202
0.298291
0.319882
0.34814
0.377626
0.25828
0.256882
0.255135
0.254054
0.253227
0.252266
0.25124
0.250271
0.24938
0.248554
0.247785
0.247066
0.24638
0.245706
0.245032
0.244356
0.24368
0.243013
0.242359
0.241721
0.241095
0.240477
0.239862
0.239248
0.238633
0.238017
0.237403
0.23679
0.23618
0.235574
0.234973
0.23438
0.233795
0.233223
0.232665
0.232127
0.231615
0.231135
0.230697
0.230313
0.229998
0.229773
0.229664
0.229702
0.229931
0.230406
0.231195
0.23239
0.234106
0.236489
0.239728
0.244066
0.249811
0.257353
0.267196
0.279925
0.296346
0.316807
0.343021
0.369691
0.257724
0.256638
0.255135
0.254055
0.25321
0.252271
0.251264
0.250304
0.249416
0.248589
0.247814
0.247086
0.246391
0.245711
0.245035
0.244359
0.243686
0.24302
0.242368
0.241729
0.241101
0.240481
0.239865
0.239249
0.238633
0.238017
0.237402
0.236789
0.236179
0.235572
0.234971
0.234377
0.233792
0.233218
0.23266
0.23212
0.231606
0.231123
0.230682
0.230294
0.229974
0.229742
0.229623
0.229649
0.229863
0.230318
0.231082
0.232243
0.233914
0.23624
0.239403
0.243638
0.24924
0.256581
0.266128
0.278404
0.294097
0.313401
0.337515
0.36126
0.257256
0.2564
0.25507
0.253989
0.253133
0.252225
0.251251
0.250309
0.249432
0.248611
0.247838
0.247108
0.246409
0.245726
0.245048
0.244372
0.243699
0.243033
0.24238
0.241739
0.241109
0.240487
0.239868
0.239251
0.238634
0.238017
0.237402
0.236788
0.236177
0.235571
0.234969
0.234374
0.233788
0.233213
0.232653
0.232112
0.231595
0.231109
0.230664
0.23027
0.229944
0.229703
0.229573
0.229585
0.22978
0.23021
0.230943
0.232063
0.233682
0.235937
0.239008
0.243119
0.248554
0.25566
0.264869
0.276641
0.291551
0.309655
0.331686
0.352613
0.256853
0.25616
0.254981
0.253928
0.253074
0.252195
0.251251
0.250324
0.249455
0.248638
0.247865
0.247132
0.246428
0.24574
0.245059
0.244382
0.243708
0.243043
0.242389
0.241747
0.241115
0.240491
0.239871
0.239252
0.238634
0.238017
0.237401
0.236787
0.236176
0.235569
0.234966
0.234371
0.233783
0.233207
0.232646
0.232102
0.231582
0.231093
0.230643
0.230243
0.229909
0.229658
0.229514
0.229509
0.229683
0.230085
0.230781
0.231854
0.23341
0.235585
0.238549
0.242518
0.247761
0.254602
0.263434
0.274659
0.288741
0.305611
0.325608
0.343904
0.256502
0.255927
0.254883
0.253871
0.253021
0.252163
0.251244
0.250333
0.249472
0.248659
0.247888
0.247152
0.246444
0.245753
0.24507
0.244391
0.243718
0.243053
0.242398
0.241755
0.241122
0.240495
0.239873
0.239253
0.238635
0.238017
0.2374
0.236786
0.236174
0.235566
0.234963
0.234366
0.233778
0.233201
0.232637
0.232091
0.231568
0.231074
0.230619
0.230212
0.229868
0.229606
0.229448
0.229424
0.229572
0.229942
0.230596
0.231615
0.233101
0.235184
0.238028
0.241838
0.246866
0.253415
0.261839
0.272481
0.285702
0.301326
0.319371
0.33526
0.256193
0.255709
0.254779
0.253813
0.25297
0.25213
0.251236
0.25034
0.249487
0.248679
0.247909
0.247171
0.24646
0.245765
0.24508
0.244401
0.243727
0.243062
0.242407
0.241762
0.241127
0.240499
0.239876
0.239255
0.238635
0.238017
0.2374
0.236784
0.236172
0.235563
0.23496
0.234362
0.233772
0.233193
0.232627
0.232078
0.231551
0.231053
0.230592
0.230177
0.229824
0.229548
0.229373
0.229327
0.229448
0.229782
0.23039
0.231349
0.232757
0.234738
0.237449
0.241083
0.245877
0.252108
0.260094
0.270124
0.282465
0.296849
0.313042
0.326755
0.25592
0.255505
0.254673
0.253755
0.252922
0.252098
0.251226
0.250345
0.2495
0.248697
0.247927
0.247188
0.246474
0.245777
0.24509
0.244409
0.243735
0.24307
0.242414
0.241769
0.241133
0.240503
0.239878
0.239256
0.238635
0.238016
0.237398
0.236783
0.23617
0.235561
0.234956
0.234357
0.233766
0.233185
0.232616
0.232064
0.231534
0.23103
0.230562
0.230139
0.229774
0.229484
0.229291
0.229222
0.229311
0.229606
0.230163
0.231055
0.232378
0.234248
0.236813
0.240256
0.244796
0.250688
0.258212
0.267607
0.279055
0.292217
0.306669
0.318425
0.255678
0.255317
0.254568
0.253697
0.252877
0.252067
0.251214
0.250349
0.249512
0.248712
0.247944
0.247204
0.246488
0.245788
0.245099
0.244418
0.243744
0.243078
0.242422
0.241775
0.241138
0.240507
0.23988
0.239257
0.238635
0.238016
0.237397
0.236781
0.236168
0.235557
0.234952
0.234351
0.233759
0.233175
0.232604
0.232049
0.231514
0.231005
0.230529
0.230097
0.22972
0.229415
0.229202
0.229106
0.229163
0.229414
0.229916
0.230737
0.231966
0.233716
0.236124
0.239361
0.243631
0.249163
0.256203
0.264943
0.275495
0.287461
0.300284
0.310285
0.255464
0.255144
0.254464
0.253639
0.252834
0.252037
0.251203
0.250352
0.249522
0.248726
0.247959
0.247219
0.2465
0.245798
0.245108
0.244426
0.243751
0.243085
0.242428
0.241781
0.241142
0.24051
0.239882
0.239258
0.238636
0.238015
0.237396
0.236779
0.236165
0.235554
0.234947
0.234346
0.233751
0.233166
0.232592
0.232033
0.231493
0.230978
0.230495
0.230052
0.229662
0.22934
0.229105
0.228982
0.229003
0.229208
0.22965
0.230394
0.231523
0.233143
0.235384
0.238402
0.242385
0.247539
0.254077
0.262149
0.271806
0.282608
0.293912
0.302338
0.255273
0.254986
0.254365
0.253582
0.252795
0.252009
0.25119
0.250353
0.249531
0.248738
0.247973
0.247232
0.246512
0.245808
0.245116
0.244433
0.243758
0.243091
0.242434
0.241786
0.241146
0.240513
0.239884
0.239259
0.238636
0.238014
0.237395
0.236777
0.236162
0.23555
0.234942
0.234339
0.233743
0.233155
0.232578
0.232015
0.23147
0.230949
0.230457
0.230004
0.2296
0.22926
0.229002
0.22885
0.228832
0.228988
0.229366
0.230027
0.231051
0.232534
0.234596
0.237383
0.241064
0.245824
0.251844
0.259238
0.268005
0.277679
0.287568
0.294581
0.255103
0.254844
0.254271
0.253527
0.252757
0.251983
0.251178
0.250353
0.249538
0.248749
0.247985
0.247243
0.246522
0.245817
0.245124
0.24444
0.243764
0.243098
0.24244
0.241791
0.24115
0.240515
0.239886
0.239259
0.238635
0.238013
0.237393
0.236775
0.236159
0.235546
0.234937
0.234333
0.233734
0.233144
0.232564
0.231997
0.231447
0.230918
0.230418
0.229953
0.229535
0.229176
0.228893
0.228709
0.228651
0.228755
0.229065
0.22964
0.230551
0.231889
0.233764
0.236308
0.239675
0.244026
0.249516
0.256224
0.264108
0.272692
0.281262
0.287003
0.254953
0.254715
0.254183
0.253474
0.252722
0.251959
0.251166
0.250352
0.249544
0.248758
0.247995
0.247254
0.246532
0.245825
0.245131
0.244446
0.24377
0.243103
0.242445
0.241795
0.241153
0.240518
0.239887
0.23926
0.238635
0.238013
0.237392
0.236773
0.236156
0.235542
0.234932
0.234326
0.233725
0.233132
0.232549
0.231977
0.231421
0.230886
0.230376
0.229899
0.229465
0.229087
0.228778
0.228561
0.22846
0.228509
0.228748
0.229232
0.230025
0.231211
0.23289
0.235181
0.238221
0.242152
0.2471
0.253117
0.260129
0.267659
0.274998
0.279591
0.25482
0.2546
0.254103
0.253425
0.25269
0.251936
0.251155
0.250351
0.249549
0.248766
0.248005
0.247264
0.24654
0.245833
0.245137
0.244452
0.243776
0.243108
0.242449
0.241799
0.241156
0.24052
0.239888
0.23926
0.238635
0.238012
0.23739
0.23677
0.236153
0.235538
0.234926
0.234318
0.233716
0.23312
0.232533
0.231957
0.231395
0.230852
0.230332
0.229843
0.229393
0.228993
0.228658
0.228406
0.228261
0.228252
0.228417
0.228805
0.229476
0.230503
0.231978
0.234007
0.23671
0.240208
0.244605
0.249929
0.256081
0.262592
0.268778
0.272328
0.254704
0.254498
0.25403
0.253379
0.25266
0.251916
0.251144
0.250349
0.249553
0.248773
0.248013
0.247272
0.246548
0.245839
0.245143
0.244457
0.24378
0.243112
0.242453
0.241802
0.241159
0.240522
0.239889
0.239261
0.238634
0.23801
0.237388
0.236768
0.236149
0.235533
0.23492
0.23431
0.233706
0.233107
0.232516
0.231936
0.231368
0.230817
0.230287
0.229785
0.229318
0.228896
0.228533
0.228245
0.228053
0.227984
0.228073
0.228362
0.228904
0.229768
0.231031
0.232789
0.235146
0.238203
0.242042
0.246669
0.251973
0.257499
0.262601
0.265199
0.254602
0.254409
0.253964
0.253338
0.252633
0.251898
0.251134
0.250347
0.249556
0.248779
0.24802
0.247279
0.246555
0.245845
0.245148
0.244462
0.243785
0.243116
0.242457
0.241805
0.241161
0.240523
0.23989
0.239261
0.238634
0.238009
0.237386
0.236765
0.236146
0.235528
0.234914
0.234303
0.233696
0.233094
0.232499
0.231914
0.231339
0.23078
0.23024
0.229724
0.22924
0.228796
0.228404
0.228078
0.227838
0.227708
0.227717
0.227903
0.228314
0.229007
0.230054
0.231533
0.233535
0.236142
0.239416
0.243348
0.247814
0.252384
0.256463
0.258185
0.254516
0.254331
0.253907
0.253301
0.25261
0.251882
0.251125
0.250345
0.249559
0.248784
0.248026
0.247285
0.246561
0.245851
0.245153
0.244466
0.243788
0.24312
0.24246
0.241808
0.241163
0.240524
0.239891
0.239261
0.238633
0.238008
0.237384
0.236762
0.236142
0.235523
0.234907
0.234294
0.233685
0.23308
0.232482
0.231891
0.23131
0.230742
0.230191
0.229662
0.229159
0.228692
0.22827
0.227907
0.227617
0.227423
0.227349
0.22743
0.227705
0.228225
0.229048
0.230243
0.231882
0.234032
0.236737
0.239973
0.243611
0.247252
0.250359
0.251269
0.254442
0.254266
0.253857
0.253268
0.252589
0.251868
0.251117
0.250343
0.249561
0.248788
0.248031
0.247291
0.246566
0.245855
0.245157
0.244469
0.243792
0.243123
0.242462
0.24181
0.241165
0.240525
0.239891
0.23926
0.238632
0.238006
0.237382
0.236759
0.236138
0.235518
0.234901
0.234286
0.233674
0.233066
0.232464
0.231868
0.23128
0.230704
0.230142
0.229597
0.229077
0.228586
0.228133
0.22773
0.22739
0.22713
0.226973
0.226946
0.227082
0.227424
0.228019
0.228923
0.230194
0.231881
0.234012
0.236551
0.239371
0.242105
0.244283
0.244431
0.254382
0.254212
0.253816
0.253241
0.252571
0.251857
0.251111
0.250341
0.249563
0.248792
0.248035
0.247295
0.24657
0.245859
0.24516
0.244472
0.243794
0.243125
0.242464
0.241811
0.241166
0.240526
0.239891
0.23926
0.238631
0.238005
0.23738
0.236756
0.236134
0.235513
0.234894
0.234277
0.233663
0.233052
0.232445
0.231844
0.23125
0.230664
0.230091
0.229532
0.228992
0.228477
0.227994
0.22755
0.227158
0.226832
0.226589
0.226451
0.226446
0.226606
0.22697
0.227578
0.228475
0.229694
0.231247
0.23309
0.235099
0.236944
0.238227
0.237654
0.254335
0.254169
0.253783
0.253219
0.252557
0.251847
0.251105
0.250339
0.249564
0.248794
0.248039
0.247298
0.246573
0.245862
0.245163
0.244475
0.243796
0.243127
0.242466
0.241813
0.241167
0.240526
0.239891
0.239259
0.23863
0.238003
0.237377
0.236753
0.23613
0.235508
0.234887
0.234269
0.233652
0.233037
0.232426
0.23182
0.231219
0.230624
0.230039
0.229466
0.228907
0.228367
0.227851
0.227367
0.226923
0.226528
0.226198
0.225948
0.2258
0.225775
0.225903
0.226213
0.226732
0.227478
0.22845
0.229596
0.230799
0.231769
0.232183
0.230917
0.254299
0.254137
0.253758
0.253202
0.252546
0.25184
0.251101
0.250338
0.249565
0.248796
0.248041
0.247301
0.246576
0.245864
0.245165
0.244476
0.243798
0.243128
0.242467
0.241813
0.241167
0.240527
0.239891
0.239259
0.238629
0.238001
0.237375
0.23675
0.236126
0.235503
0.234881
0.23426
0.23364
0.233023
0.232407
0.231795
0.231187
0.230584
0.229987
0.229398
0.22882
0.228255
0.227707
0.227182
0.226684
0.226221
0.225802
0.225439
0.225145
0.224934
0.224824
0.224831
0.224969
0.225239
0.225627
0.226075
0.226475
0.226579
0.226141
0.224203
0.254276
0.254116
0.253742
0.253191
0.252539
0.251836
0.251098
0.250337
0.249565
0.248798
0.248043
0.247303
0.246577
0.245865
0.245166
0.244477
0.243799
0.243129
0.242467
0.241814
0.241167
0.240526
0.23989
0.239258
0.238628
0.238
0.237373
0.236747
0.236122
0.235497
0.234874
0.234251
0.233629
0.233008
0.232388
0.231771
0.231155
0.230543
0.229934
0.22933
0.228732
0.228142
0.227562
0.226995
0.226443
0.225911
0.225403
0.224926
0.224484
0.224086
0.223736
0.223438
0.223192
0.222984
0.222785
0.222534
0.222131
0.221372
0.220091
0.217491
0.254264
0.254105
0.253733
0.253186
0.252536
0.251833
0.251097
0.250337
0.249566
0.248798
0.248043
0.247303
0.246578
0.245866
0.245166
0.244478
0.243799
0.243129
0.242468
0.241814
0.241167
0.240526
0.23989
0.239257
0.238626
0.237998
0.23737
0.236744
0.236118
0.235492
0.234867
0.234242
0.233617
0.232993
0.232369
0.231746
0.231123
0.230501
0.229881
0.229262
0.228644
0.228029
0.227416
0.226806
0.226201
0.225599
0.225002
0.224409
0.223821
0.223233
0.222642
0.222039
0.221406
0.220718
0.219931
0.218977
0.21777
0.216146
0.214024
0.210762
0.254264
0.254105
0.253733
0.253186
0.252536
0.251833
0.251097
0.250337
0.249565
0.248798
0.248043
0.247303
0.246578
0.245866
0.245166
0.244478
0.243799
0.243129
0.242467
0.241813
0.241166
0.240525
0.239889
0.239255
0.238625
0.237996
0.237368
0.23674
0.236113
0.235486
0.23486
0.234233
0.233605
0.232978
0.23235
0.231721
0.231091
0.23046
0.229828
0.229193
0.228556
0.227915
0.22727
0.226618
0.225958
0.225287
0.2246
0.223892
0.223156
0.222379
0.221547
0.220637
0.219618
0.218447
0.217069
0.21541
0.213394
0.2109
0.207928
0.203996
0.254276
0.254116
0.253742
0.253191
0.252539
0.251835
0.251098
0.250337
0.249565
0.248798
0.248043
0.247303
0.246577
0.245865
0.245165
0.244477
0.243798
0.243128
0.242466
0.241813
0.241166
0.240524
0.239887
0.239254
0.238623
0.237994
0.237365
0.236737
0.236109
0.235481
0.234853
0.234224
0.233594
0.232963
0.23233
0.231696
0.231059
0.230419
0.229775
0.229125
0.228468
0.227802
0.227124
0.22643
0.225716
0.224975
0.224199
0.223376
0.222493
0.221527
0.220454
0.219237
0.217832
0.216178
0.214208
0.211839
0.209006
0.20563
0.201792
0.197171
0.254299
0.254137
0.253758
0.253202
0.252546
0.25184
0.251101
0.250338
0.249565
0.248796
0.248041
0.247301
0.246575
0.245863
0.245164
0.244475
0.243797
0.243127
0.242465
0.241811
0.241164
0.240523
0.239886
0.239253
0.238621
0.237991
0.237362
0.236734
0.236105
0.235476
0.234846
0.234215
0.233582
0.232948
0.232311
0.231671
0.231027
0.230378
0.229722
0.229057
0.22838
0.227689
0.226979
0.226243
0.225475
0.224665
0.2238
0.222864
0.221833
0.22068
0.219367
0.217845
0.216054
0.213918
0.211353
0.20827
0.204609
0.200333
0.195605
0.190267
0.254334
0.254169
0.253783
0.253219
0.252557
0.251847
0.251105
0.250339
0.249564
0.248794
0.248038
0.247298
0.246573
0.245861
0.245162
0.244474
0.243795
0.243125
0.242463
0.24181
0.241163
0.240521
0.239885
0.239251
0.23862
0.237989
0.23736
0.23673
0.236101
0.23547
0.234839
0.234206
0.233571
0.232933
0.232292
0.231647
0.230996
0.230337
0.22967
0.22899
0.228294
0.227577
0.226835
0.226058
0.225237
0.224359
0.223406
0.222356
0.22118
0.219841
0.21829
0.216465
0.214289
0.211672
0.208511
0.204708
0.200207
0.195008
0.189353
0.18326
0.254382
0.254212
0.253816
0.253241
0.252571
0.251856
0.25111
0.250341
0.249563
0.248791
0.248035
0.247295
0.246569
0.245858
0.245159
0.244471
0.243792
0.243123
0.242461
0.241808
0.241161
0.24052
0.239883
0.239249
0.238618
0.237987
0.237357
0.236727
0.236096
0.235465
0.234832
0.234197
0.233559
0.232919
0.232273
0.231623
0.230965
0.230297
0.229618
0.228923
0.228208
0.227467
0.226693
0.225875
0.225002
0.224056
0.223016
0.221855
0.220536
0.219013
0.217226
0.215101
0.212544
0.209446
0.205689
0.201161
0.195803
0.189653
0.183026
0.176126
0.254442
0.254266
0.253857
0.253268
0.252589
0.251868
0.251117
0.250342
0.249561
0.248788
0.248031
0.24729
0.246565
0.245854
0.245156
0.244468
0.243789
0.24312
0.242459
0.241805
0.241159
0.240518
0.239881
0.239247
0.238616
0.237985
0.237355
0.236724
0.236092
0.23546
0.234825
0.234188
0.233548
0.232904
0.232255
0.231599
0.230934
0.230258
0.229567
0.228858
0.228124
0.227359
0.226554
0.225696
0.224771
0.223759
0.222634
0.221362
0.219902
0.218198
0.21618
0.213758
0.210824
0.207249
0.202895
0.197633
0.191402
0.184266
0.17661
0.16884
0.254515
0.254331
0.253906
0.2533
0.252609
0.251882
0.251125
0.250345
0.249559
0.248784
0.248026
0.247285
0.24656
0.245849
0.245151
0.244464
0.243786
0.243116
0.242455
0.241802
0.241156
0.240515
0.239879
0.239245
0.238614
0.237983
0.237352
0.236721
0.236088
0.235454
0.234819
0.23418
0.233537
0.23289
0.232237
0.231576
0.230904
0.23022
0.229518
0.228794
0.228042
0.227253
0.226417
0.225521
0.224545
0.223468
0.222259
0.220881
0.219282
0.217401
0.215154
0.212441
0.209134
0.205086
0.200135
0.194135
0.187008
0.178846
0.170093
0.161376
0.254602
0.254409
0.253964
0.253338
0.252633
0.251898
0.251134
0.250347
0.249556
0.248778
0.248019
0.247278
0.246554
0.245844
0.245147
0.24446
0.243782
0.243113
0.242452
0.241799
0.241153
0.240513
0.239877
0.239243
0.238612
0.23798
0.237349
0.236717
0.236084
0.235449
0.234812
0.234172
0.233527
0.232877
0.232219
0.231553
0.230875
0.230182
0.22947
0.228732
0.227962
0.22715
0.226285
0.22535
0.224325
0.223184
0.221894
0.220411
0.218678
0.216623
0.214154
0.211154
0.207481
0.202965
0.197419
0.190672
0.182628
0.173394
0.163461
0.153704
0.254703
0.254498
0.254029
0.253379
0.25266
0.251916
0.251144
0.250349
0.249553
0.248772
0.248012
0.247271
0.246547
0.245838
0.245141
0.244455
0.243777
0.243108
0.242448
0.241795
0.24115
0.24051
0.239874
0.239241
0.23861
0.237978
0.237347
0.236714
0.23608
0.235445
0.234806
0.234164
0.233517
0.232863
0.232202
0.231531
0.230847
0.230146
0.229423
0.228672
0.227884
0.22705
0.226156
0.225184
0.224112
0.22291
0.221541
0.219955
0.218092
0.215868
0.213182
0.209903
0.20587
0.200892
0.194754
0.187255
0.178269
0.167912
0.156702
0.145796
0.25482
0.2546
0.254103
0.253425
0.25269
0.251936
0.251154
0.25035
0.249548
0.248765
0.248004
0.247263
0.246539
0.245831
0.245135
0.244449
0.243772
0.243103
0.242443
0.241791
0.241146
0.240507
0.239872
0.239239
0.238607
0.237976
0.237344
0.236711
0.236077
0.23544
0.2348
0.234156
0.233507
0.232851
0.232186
0.23151
0.23082
0.230111
0.229378
0.228613
0.227809
0.226954
0.226032
0.225024
0.223906
0.222644
0.221199
0.219516
0.217525
0.215139
0.212242
0.208692
0.204308
0.198876
0.19215
0.183894
0.173941
0.162403
0.149804
0.137618
0.254953
0.254715
0.254183
0.253474
0.252722
0.251958
0.251166
0.250352
0.249543
0.248757
0.247994
0.247253
0.24653
0.245823
0.245129
0.244443
0.243766
0.243098
0.242438
0.241787
0.241142
0.240504
0.239869
0.239237
0.238605
0.237974
0.237342
0.236708
0.236073
0.235435
0.234794
0.234148
0.233497
0.232838
0.23217
0.23149
0.230794
0.230077
0.229334
0.228558
0.227737
0.226861
0.225912
0.22487
0.223708
0.22239
0.220871
0.219093
0.216981
0.214438
0.211338
0.207525
0.2028
0.196923
0.189615
0.1806
0.169654
0.156875
0.142755
0.129137
0.255103
0.254843
0.254271
0.253527
0.252757
0.251983
0.251178
0.250352
0.249537
0.248748
0.247984
0.247242
0.246521
0.245815
0.245121
0.244437
0.24376
0.243092
0.242433
0.241782
0.241138
0.2405
0.239866
0.239234
0.238603
0.237972
0.237339
0.236706
0.23607
0.235431
0.234789
0.234141
0.233488
0.232827
0.232155
0.23147
0.230769
0.230045
0.229293
0.228504
0.227669
0.226773
0.225798
0.224724
0.223519
0.222147
0.220558
0.21869
0.216461
0.213768
0.210474
0.206408
0.201353
0.195043
0.187162
0.177385
0.165422
0.151335
0.135544
0.120316
0.255272
0.254986
0.254365
0.253582
0.252794
0.252009
0.25119
0.250352
0.24953
0.248737
0.247972
0.24723
0.24651
0.245806
0.245114
0.24443
0.243753
0.243086
0.242427
0.241776
0.241134
0.240497
0.239863
0.239232
0.238601
0.23797
0.237337
0.236703
0.236066
0.235427
0.234783
0.234135
0.233479
0.232816
0.232141
0.231452
0.230745
0.230014
0.229253
0.228454
0.227604
0.226689
0.22569
0.224585
0.22334
0.221916
0.220261
0.218307
0.215968
0.213131
0.209651
0.205344
0.199972
0.193242
0.184799
0.174264
0.161259
0.145796
0.128162
0.111118
0.255463
0.255144
0.254464
0.253638
0.252834
0.252037
0.251202
0.250351
0.249521
0.248725
0.247958
0.247217
0.246498
0.245796
0.245105
0.244422
0.243746
0.243079
0.24242
0.241771
0.241129
0.240493
0.23986
0.239229
0.238599
0.237968
0.237335
0.2367
0.236063
0.235423
0.234778
0.234128
0.233471
0.232805
0.232127
0.231435
0.230723
0.229986
0.229216
0.228406
0.227542
0.22661
0.225589
0.224453
0.223171
0.221698
0.219981
0.217946
0.215503
0.21253
0.208875
0.204338
0.198663
0.19153
0.18254
0.171252
0.157185
0.140277
0.120605
0.101501
0.255678
0.255316
0.254567
0.253696
0.252877
0.252066
0.251214
0.250349
0.249511
0.248711
0.247943
0.247203
0.246486
0.245786
0.245096
0.244414
0.243738
0.243071
0.242413
0.241764
0.241124
0.240489
0.239857
0.239227
0.238597
0.237966
0.237333
0.236698
0.23606
0.235419
0.234774
0.234122
0.233464
0.232795
0.232115
0.231418
0.230702
0.229959
0.229182
0.228361
0.227485
0.226536
0.225493
0.224331
0.223013
0.221495
0.219719
0.217609
0.215067
0.211968
0.208148
0.203394
0.197433
0.189915
0.180395
0.168367
0.153222
0.134799
0.112871
0.0914243
0.25592
0.255505
0.254673
0.253755
0.252922
0.252097
0.251225
0.250345
0.2495
0.248696
0.247926
0.247187
0.246472
0.245774
0.245087
0.244405
0.24373
0.243063
0.242406
0.241758
0.241118
0.240484
0.239854
0.239224
0.238595
0.237964
0.237331
0.236696
0.236058
0.235416
0.234769
0.234117
0.233457
0.232786
0.232103
0.231403
0.230682
0.229934
0.22915
0.22832
0.227432
0.226467
0.225405
0.224217
0.222867
0.221307
0.219476
0.217296
0.214664
0.211447
0.207473
0.202517
0.196287
0.188405
0.178377
0.165626
0.149396
0.129392
0.104965
0.0808421
0.256193
0.255708
0.254779
0.253813
0.25297
0.25213
0.251235
0.250339
0.249486
0.248678
0.247907
0.247169
0.246457
0.245763
0.245077
0.244396
0.243721
0.243054
0.242397
0.24175
0.241112
0.24048
0.23985
0.239222
0.238593
0.237962
0.237329
0.236694
0.236055
0.235413
0.234765
0.234112
0.23345
0.232778
0.232092
0.23139
0.230665
0.229911
0.22912
0.228282
0.227383
0.226404
0.225324
0.224113
0.222733
0.221134
0.219253
0.217009
0.214293
0.210968
0.206853
0.201711
0.195231
0.187008
0.1765
0.163051
0.145736
0.124093
0.0969023
0.0697058
0.256502
0.255927
0.254883
0.25387
0.253021
0.252163
0.251244
0.250332
0.249471
0.248658
0.247886
0.24715
0.246442
0.24575
0.245066
0.244387
0.243712
0.243045
0.242389
0.241743
0.241106
0.240475
0.239847
0.239219
0.238591
0.23796
0.237327
0.236692
0.236053
0.23541
0.234762
0.234107
0.233444
0.23277
0.232083
0.231377
0.230649
0.22989
0.229094
0.228248
0.227339
0.226348
0.225251
0.224019
0.222611
0.220977
0.219052
0.216749
0.213958
0.210534
0.20629
0.200978
0.194269
0.185733
0.174776
0.160662
0.142279
0.11895
0.0887116
0.0579563
0.256853
0.256159
0.254981
0.253928
0.253074
0.252195
0.25125
0.250323
0.249454
0.248637
0.247864
0.24713
0.246426
0.245738
0.245056
0.244377
0.243702
0.243035
0.242379
0.241734
0.241099
0.24047
0.239843
0.239217
0.238589
0.237959
0.237326
0.23669
0.236051
0.235407
0.234759
0.234103
0.233439
0.232764
0.232074
0.231366
0.230634
0.229872
0.22907
0.228217
0.227299
0.226297
0.225186
0.223935
0.222503
0.220838
0.218872
0.216517
0.213658
0.210147
0.205788
0.200323
0.193408
0.184587
0.173219
0.158483
0.139063
0.114022
0.0804433
0.0455131
0.257256
0.256399
0.25507
0.253989
0.253133
0.252225
0.251251
0.250308
0.249431
0.24861
0.247836
0.247106
0.246407
0.245723
0.245045
0.244367
0.243693
0.243026
0.24237
0.241726
0.241092
0.240465
0.23984
0.239215
0.238587
0.237957
0.237325
0.236689
0.236049
0.235405
0.234756
0.2341
0.233434
0.232758
0.232067
0.231356
0.230622
0.229856
0.229049
0.22819
0.227265
0.226252
0.225129
0.223861
0.222408
0.220716
0.218714
0.216314
0.213396
0.209808
0.205347
0.199748
0.192652
0.183579
0.171841
0.156538
0.136136
0.10938
0.0721811
0.0322778
0.257724
0.256638
0.255134
0.254054
0.253209
0.25227
0.251264
0.250303
0.249415
0.248588
0.247813
0.247084
0.246388
0.245708
0.245031
0.244354
0.243679
0.243012
0.242357
0.241716
0.241084
0.240459
0.239836
0.239212
0.238586
0.237956
0.237323
0.236687
0.236048
0.235403
0.234753
0.234097
0.233431
0.232753
0.23206
0.231348
0.230611
0.229842
0.229031
0.228168
0.227235
0.226215
0.22508
0.223798
0.222327
0.220611
0.21858
0.216141
0.213173
0.209519
0.204972
0.199259
0.192007
0.182716
0.170658
0.154852
0.133551
0.105119
0.0640594
0.0181508
0.25828
0.256882
0.255135
0.254054
0.253226
0.252266
0.25124
0.25027
0.249379
0.248552
0.247784
0.247064
0.246377
0.245703
0.245029
0.244351
0.243674
0.243005
0.242349
0.241708
0.241078
0.240454
0.239833
0.23921
0.238584
0.237955
0.237322
0.236686
0.236046
0.235402
0.234752
0.234094
0.233427
0.232749
0.232055
0.231341
0.230602
0.229831
0.229017
0.228149
0.227211
0.226184
0.22504
0.223747
0.222261
0.220527
0.218471
0.216
0.212991
0.209284
0.204667
0.19886
0.191482
0.182012
0.169689
0.15346
0.131379
0.101369
0.0563063
0.00296177
0.258932
0.257317
0.255374
0.254255
0.253366
0.252334
0.251259
0.250256
0.249338
0.248495
0.24772
0.247004
0.246326
0.245661
0.244993
0.24432
0.243646
0.242979
0.242326
0.241689
0.241064
0.240446
0.239828
0.239207
0.238583
0.237954
0.237322
0.236685
0.236045
0.235401
0.23475
0.234092
0.233425
0.232746
0.232051
0.231336
0.230596
0.229822
0.229006
0.228135
0.227193
0.22616
0.22501
0.223708
0.222211
0.220462
0.218388
0.215893
0.212853
0.209105
0.204435
0.198557
0.191082
0.181475
0.168949
0.15239
0.129691
0.0982919
0.0492873
-0.013764
0.259084
0.256822
0.255059
0.254223
0.253395
0.252362
0.251297
0.2503
0.24938
0.248533
0.247757
0.247039
0.246357
0.245686
0.245012
0.244331
0.24365
0.242979
0.242325
0.241687
0.241062
0.240444
0.239827
0.239207
0.238583
0.237954
0.237321
0.236685
0.236045
0.2354
0.234749
0.234091
0.233423
0.232743
0.232048
0.231332
0.230591
0.229816
0.228998
0.228125
0.22718
0.226144
0.224988
0.22368
0.222176
0.220416
0.218329
0.215816
0.212754
0.208977
0.204269
0.19834
0.190796
0.181091
0.16842
0.151622
0.128492
0.0959912
0.0436277
-0.0324581
0.263022
0.257605
0.255103
0.254221
0.253314
0.252196
0.251085
0.25007
0.249153
0.248325
0.247584
0.24691
0.24627
0.245632
0.244979
0.244309
0.243633
0.242965
0.242313
0.241679
0.241057
0.240442
0.239826
0.239207
0.238583
0.237954
0.237321
0.236685
0.236044
0.235399
0.234749
0.23409
0.233422
0.232742
0.232047
0.231331
0.230589
0.229813
0.228995
0.22812
0.227174
0.226136
0.224978
0.223668
0.222159
0.220395
0.218301
0.215781
0.212708
0.208918
0.204192
0.198239
0.190662
0.180911
0.168171
0.151259
0.127918
0.0948845
0.0405193
-0.0466865
0.468013
0.337231
0.258905
0.231671
0.214533
0.196072
0.180018
0.168959
0.161765
0.15675
0.153136
0.150798
0.149716
0.149913
0.151636
0.155626
0.163215
0.178388
0.178039
0.147189
0.128208
0.120191
0.113952
0.106289
0.0972728
0.0866528
0.0729247
0.0533757
0.023719
-0.0252332
-0.11378
-0.313593
-0.797962
-0.89363
-0.397431
-0.322373
-0.147703
-0.0556895
-0.0118447
0.00405698
0.0104047
0.0139928
0.0156665
0.0159549
0.0156427
0.0150664
0.0141813
0.0129663
0.0114983
0.0100426
0.00867134
0.00748658
0.00642361
0.00543961
0.00453519
0.00372217
0.00306054
0.00252101
0.002576
0.000327479
0.455108
0.330151
0.253644
0.228441
0.212275
0.194162
0.17848
0.167813
0.161052
0.15627
0.15282
0.150607
0.149619
0.149886
0.151652
0.155662
0.163101
0.175259
0.172766
0.144787
0.126817
0.119198
0.113108
0.105422
0.0963289
0.0855556
0.0715053
0.0513655
0.0206259
-0.0302214
-0.121925
-0.310119
-0.665589
-0.788478
-0.430762
-0.336262
-0.16614
-0.0641541
-0.0165899
0.00150008
0.00894547
0.0130644
0.0150855
0.015613
0.0154536
0.0149853
0.0142036
0.0130645
0.011655
0.0101958
0.00882983
0.00762304
0.00653871
0.00553931
0.00462141
0.00378757
0.00310399
0.00247986
0.00240143
0.000338019
0.434588
0.325034
0.251973
0.227135
0.211245
0.1934
0.178041
0.167659
0.160915
0.156072
0.152684
0.150526
0.149576
0.149866
0.151633
0.155545
0.162315
0.171834
0.16856
0.14419
0.126734
0.118985
0.112858
0.105136
0.0960031
0.0851602
0.0709678
0.0505744
0.0193979
-0.0319284
-0.122454
-0.290145
-0.564361
-0.684372
-0.439157
-0.334417
-0.175838
-0.0701745
-0.0201307
-0.000527805
0.00777375
0.0123462
0.0146442
0.0153356
0.0152636
0.0148514
0.0141148
0.0130151
0.0116459
0.0101915
0.00886401
0.00765491
0.00656919
0.00556806
0.0046463
0.00380385
0.00310211
0.00243833
0.00223582
0.000429223
0.413925
0.319842
0.249638
0.224454
0.208956
0.19165
0.176688
0.166543
0.159996
0.155625
0.152374
0.150312
0.149429
0.149753
0.151501
0.15522
0.161236
0.168562
0.164529
0.142706
0.125905
0.118156
0.112127
0.104508
0.0954279
0.08458
0.0703066
0.0497394
0.0183175
-0.0329741
-0.120327
-0.270958
-0.482341
-0.598016
-0.431324
-0.324501
-0.180887
-0.0757034
-0.0239071
-0.00289763
0.00635986
0.0114995
0.0141403
0.01503
0.0150607
0.0147109
0.0140316
0.0129968
0.011693
0.0102853
0.00896832
0.00775944
0.00666284
0.00564747
0.00471042
0.00384972
0.00312274
0.00241959
0.00210247
0.000492107
0.39524
0.314116
0.247111
0.221832
0.206889
0.190245
0.175749
0.165982
0.159764
0.155316
0.152144
0.150153
0.149309
0.149638
0.151324
0.154784
0.160032
0.165503
0.160836
0.141256
0.125356
0.117656
0.111681
0.104133
0.095087
0.0842394
0.0699297
0.0493019
0.0179007
-0.0326764
-0.115628
-0.25
-0.410565
-0.519386
-0.411366
-0.308684
-0.180459
-0.0798534
-0.0275271
-0.0053204
0.00488404
0.0106174
0.0136217
0.0147226
0.0148623
0.014576
0.0139512
0.0129702
0.0117108
0.0103301
0.00901202
0.00781824
0.00671441
0.00569132
0.00474551
0.00387197
0.00312348
0.00238929
0.0019801
0.000515905
0.37868
0.307889
0.244442
0.219161
0.204647
0.188632
0.174593
0.165116
0.159031
0.154803
0.151815
0.149922
0.149124
0.149451
0.151053
0.154217
0.158706
0.162621
0.157477
0.139789
0.124768
0.117076
0.111125
0.103683
0.0947265
0.0839407
0.0696786
0.0491312
0.0180336
-0.0312472
-0.109002
-0.227873
-0.348708
-0.446141
-0.384578
-0.291125
-0.17682
-0.0828089
-0.0307955
-0.00756195
0.00348937
0.00975716
0.0131036
0.0144132
0.0146634
0.0144402
0.0138684
0.0129408
0.0117313
0.0103922
0.00909187
0.00789598
0.00678663
0.00575475
0.00479711
0.00390838
0.0031368
0.00237527
0.00188807
0.000532318
0.363869
0.301321
0.241603
0.216414
0.202264
0.186927
0.173405
0.164264
0.158449
0.154439
0.151516
0.149692
0.148927
0.149234
0.150724
0.153561
0.157312
0.15992
0.154421
0.138314
0.124151
0.116504
0.110601
0.1033
0.0944697
0.0837853
0.0696384
0.0493021
0.01877
-0.0287228
-0.100785
-0.204977
-0.295049
-0.380299
-0.355791
-0.274237
-0.1718
-0.0846813
-0.0335369
-0.00949426
0.00225497
0.00896504
0.0126133
0.0141186
0.0144753
0.0143127
0.013791
0.0129138
0.0117501
0.0104441
0.0091557
0.00795552
0.00684678
0.00580655
0.00483854
0.00393654
0.00314371
0.00235908
0.00180622
0.000534754
0.350453
0.294566
0.238563
0.213585
0.199771
0.185142
0.172174
0.16338
0.157805
0.153931
0.151167
0.149421
0.148687
0.148966
0.150324
0.152817
0.155866
0.157375
0.151612
0.136841
0.123507
0.115942
0.110097
0.102955
0.0942785
0.0837387
0.0697819
0.0497937
0.0200786
-0.0252131
-0.0912987
-0.181751
-0.247845
-0.322072
-0.326622
-0.257999
-0.165841
-0.0854832
-0.0357453
-0.0111617
0.00115204
0.00822683
0.0121411
0.0138315
0.0142928
0.0141887
0.0137143
0.0128847
0.0117651
0.0104934
0.00922206
0.00802512
0.00691058
0.00586264
0.00488432
0.0039688
0.00315488
0.00234934
0.00174027
0.000534097
0.338168
0.287727
0.235308
0.210671
0.197187
0.183283
0.170895
0.162457
0.157125
0.153441
0.150811
0.149139
0.148427
0.148662
0.149869
0.152007
0.154394
0.154972
0.149018
0.135387
0.122841
0.115391
0.109616
0.102652
0.0941639
0.0838176
0.0701291
0.050625
0.0219589
-0.0207951
-0.0807808
-0.158492
-0.205839
-0.270195
-0.297116
-0.241732
-0.159042
-0.0852793
-0.037425
-0.012571
0.000189868
0.00755741
0.0116975
0.0135578
0.0141194
0.0140707
0.0136398
0.0128545
0.0117769
0.0105379
0.00928284
0.00808879
0.00697013
0.00591527
0.00492678
0.00399847
0.00316478
0.00234075
0.00168375
0.000529605
0.326814
0.280872
0.23184
0.207673
0.194529
0.181357
0.169573
0.161503
0.156421
0.152929
0.150429
0.14883
0.148134
0.148315
0.149358
0.151139
0.152906
0.152694
0.146608
0.133957
0.122153
0.114849
0.109161
0.102395
0.0941298
0.0840257
0.0706832
0.0517948
0.0243884
-0.0155603
-0.0694421
-0.135432
-0.168068
-0.2235
-0.267404
-0.225111
-0.151485
-0.084128
-0.0385551
-0.0137098
-0.000624732
0.00696323
0.011286
0.0132985
0.0139553
0.013959
0.0135679
0.0128236
0.0117858
0.0105788
0.00934133
0.00815216
0.00703082
0.00596897
0.00497058
0.00402986
0.00317708
0.00233594
0.00163744
0.000524858
0.316239
0.274042
0.228167
0.20459
0.191809
0.179372
0.16821
0.16052
0.155694
0.152397
0.150029
0.148502
0.147814
0.147931
0.148799
0.150224
0.151415
0.15053
0.144359
0.132559
0.121447
0.114318
0.108738
0.102189
0.0941801
0.0843675
0.071449
0.0533032
0.0273456
-0.00959325
-0.0574556
-0.112733
-0.133735
-0.181275
-0.237869
-0.208093
-0.143233
-0.0820629
-0.0391168
-0.014566
-0.00128592
0.00645233
0.0109136
0.0130578
0.013803
0.0138554
0.0135001
0.012793
0.0117926
0.0106164
0.00939644
0.00821251
0.00708815
0.00602086
0.00501284
0.00406011
0.00318924
0.00233244
0.00159791
0.000519568
0.306317
0.267261
0.224306
0.201419
0.189038
0.177338
0.166811
0.159512
0.154947
0.151847
0.149613
0.148154
0.147469
0.147513
0.148197
0.14927
0.149928
0.148469
0.142249
0.131193
0.120727
0.113798
0.108348
0.102038
0.0943175
0.0848461
0.072429
0.055146
0.0308023
-0.0029776
-0.0449684
-0.090504
-0.102215
-0.142977
-0.208853
-0.190715
-0.134336
-0.0791828
-0.0391031
-0.0151292
-0.00178717
0.00603282
0.0105873
0.0128393
0.0136641
0.0137609
0.0134372
0.0127637
0.0117979
0.0106512
0.00944912
0.00827153
0.00714585
0.00607294
0.00505563
0.00409127
0.00320311
0.00233158
0.00156522
0.000515287
0.296946
0.26054
0.220272
0.198163
0.186226
0.175263
0.165381
0.158482
0.154183
0.151284
0.149183
0.147789
0.1471
0.147062
0.147555
0.148286
0.14845
0.146499
0.140261
0.12986
0.119996
0.113291
0.107996
0.101945
0.0945448
0.0854644
0.0736241
0.0573157
0.0347285
0.00420828
-0.0321034
-0.0688195
-0.0730753
-0.108069
-0.180567
-0.173044
-0.124853
-0.0755466
-0.0385208
-0.01539
-0.00212187
0.00571165
0.0103132
0.0126469
0.0135403
0.0136766
0.0133803
0.0127364
0.0118026
0.0106839
0.00949941
0.00832852
0.00720192
0.00612376
0.00509761
0.00412198
0.00321732
0.00233201
0.00153737
0.00051181
0.288037
0.253884
0.216079
0.194822
0.183379
0.173156
0.163923
0.157433
0.153406
0.150708
0.14874
0.147406
0.146707
0.146581
0.14688
0.147277
0.146986
0.144612
0.138378
0.128561
0.119258
0.112798
0.107683
0.101912
0.0948644
0.0862237
0.0750332
0.0598025
0.0390919
0.011891
-0.0189641
-0.0477204
-0.0459485
-0.0760622
-0.153142
-0.155172
-0.114854
-0.0712299
-0.0373856
-0.015341
-0.00228436
0.00549425
0.0100972
0.012484
0.0134334
0.0136034
0.0133302
0.0127121
0.0118073
0.0107148
0.00954764
0.008384
0.0072572
0.00617434
0.00513969
0.00415316
0.00323272
0.0023343
0.00151411
0.000509666
0.279518
0.247289
0.211741
0.191398
0.180507
0.171024
0.162442
0.156368
0.152617
0.150123
0.148286
0.147008
0.146294
0.146073
0.146175
0.146249
0.145539
0.1428
0.136588
0.127292
0.118516
0.112321
0.107412
0.101942
0.0952779
0.0871248
0.0766539
0.0625945
0.0438595
0.0200027
-0.00563703
-0.0272245
-0.0205396
-0.0465494
-0.126666
-0.137204
-0.10441
-0.0663029
-0.0357263
-0.0149775
-0.00227074
0.00538463
0.00994376
0.0123541
0.013345
0.0135422
0.0132876
0.0126912
0.0118126
0.0107446
0.00959418
0.00843803
0.00731141
0.00622409
0.0051814
0.00418432
0.00324874
0.00233785
0.00149439
0.000508706
0.271327
0.240748
0.20727
0.187896
0.177614
0.168875
0.160942
0.155291
0.151821
0.149531
0.147823
0.146596
0.145861
0.14554
0.145444
0.145207
0.144111
0.141056
0.134879
0.126053
0.117773
0.111861
0.107184
0.102038
0.0957866
0.0881674
0.078482
0.0656778
0.0489979
0.0284814
0.00780595
-0.00733316
0.00339112
-0.01919
-0.101187
-0.119238
-0.0935898
-0.0608302
-0.0335705
-0.0142988
-0.0020782
0.00538574
0.00985698
0.0122603
0.0132767
0.0134939
0.013253
0.0126744
0.0118189
0.0107735
0.00963924
0.00849072
0.00736477
0.0062734
0.00522309
0.00421573
0.0032656
0.00234276
0.00147782
0.000508988
0.263409
0.234251
0.202676
0.18432
0.174707
0.166716
0.159428
0.154204
0.15102
0.148935
0.147351
0.146171
0.14541
0.144985
0.14469
0.144154
0.142702
0.139373
0.13324
0.124842
0.117031
0.11142
0.107002
0.102201
0.0963912
0.0893503
0.0805123
0.0690375
0.054474
0.0372706
0.0213053
0.011964
0.0260406
0.00631169
-0.0767183
-0.101359
-0.0824565
-0.0548714
-0.0309505
-0.0133085
-0.00170451
0.00549959
0.0098398
0.0122054
0.0132299
0.013459
0.013227
0.0126623
0.0118268
0.0108021
0.00968314
0.0085423
0.00741736
0.00632164
0.00526468
0.00424731
0.00328315
0.00234881
0.00146386
0.000510366
0.255717
0.227785
0.197967
0.180675
0.171792
0.164554
0.157904
0.153111
0.150218
0.148336
0.146874
0.145735
0.144943
0.14441
0.143919
0.143095
0.141313
0.137744
0.131662
0.123656
0.116293
0.110999
0.106867
0.102433
0.0970918
0.0906714
0.0827383
0.0726574
0.0602555
0.0463191
0.0348123
0.0306855
0.0475728
0.0302126
-0.053244
-0.0836389
-0.0710715
-0.0484824
-0.0279002
-0.0120136
-0.00114856
0.00572719
0.00989441
0.0121916
0.0132062
0.0134382
0.01321
0.0126552
0.0118366
0.0108306
0.00972613
0.0085929
0.00746926
0.00637029
0.00530621
0.00427911
0.00330139
0.00235592
0.00145217
0.00051273
0.248208
0.221335
0.193148
0.176968
0.168876
0.162395
0.156375
0.152015
0.149417
0.147738
0.146392
0.14529
0.144462
0.143819
0.143131
0.142031
0.139943
0.136163
0.130137
0.122491
0.115559
0.110601
0.10678
0.102733
0.0978878
0.0921281
0.0851523
0.0765208
0.0663111
0.055581
0.0482872
0.0488553
0.0681259
0.0527342
-0.0307318
-0.0661386
-0.0594921
-0.0417149
-0.0244534
-0.0104243
-0.000410589
0.00606892
0.0100223
0.0122211
0.0132067
0.0134323
0.0132025
0.0126535
0.0118488
0.0108595
0.00976846
0.00864267
0.00752057
0.00641866
0.00534774
0.00431117
0.00332028
0.00236399
0.00144243
0.000515927
0.240843
0.214886
0.188225
0.173206
0.165965
0.160246
0.154845
0.150919
0.148621
0.147142
0.145907
0.144836
0.143969
0.143213
0.142331
0.140966
0.138593
0.134625
0.128657
0.121347
0.114832
0.110227
0.106743
0.103103
0.0987782
0.0937166
0.0877461
0.0806104
0.0726106
0.065015
0.061698
0.0665009
0.0878177
0.0740668
-0.00913803
-0.0489066
-0.0477714
-0.0346171
-0.020644
-0.00855313
0.000507725
0.00652457
0.0102242
0.0122954
0.0132328
0.0134416
0.0132049
0.0126576
0.0118636
0.0108889
0.00981037
0.00869178
0.00757137
0.0064668
0.00538933
0.0043435
0.00333979
0.00237293
0.00143439
0.000519806
0.233587
0.208419
0.183201
0.169396
0.163067
0.158111
0.153317
0.149828
0.147832
0.146551
0.145421
0.144376
0.143466
0.142594
0.141521
0.139899
0.13726
0.133124
0.127215
0.120219
0.114113
0.109879
0.106755
0.103543
0.0997613
0.0954327
0.0905103
0.0849087
0.0791251
0.0745843
0.0750192
0.0836514
0.106749
0.0943746
0.011589
-0.0319809
-0.0359584
-0.027234
-0.0165049
-0.0064147
0.00160315
0.0070934
0.0105003
0.0124154
0.0132853
0.0134669
0.0132173
0.0126677
0.0118813
0.0109192
0.00985208
0.00874038
0.00762177
0.00651476
0.00543103
0.00437613
0.0033599
0.00238266
0.00142784
0.000524216
0.226408
0.201918
0.17808
0.165549
0.16019
0.155997
0.151796
0.148744
0.147055
0.145968
0.144934
0.14391
0.142954
0.141966
0.140702
0.138834
0.135945
0.131656
0.125805
0.119104
0.113402
0.109558
0.10682
0.104052
0.100835
0.0972715
0.0934354
0.0893981
0.0858275
0.0842563
0.0882312
0.100337
0.125009
0.1138
0.0315057
-0.0153897
-0.0240976
-0.0196078
-0.0120684
-0.00402484
0.002871
0.00777406
0.0108503
0.0125821
0.0133652
0.0135085
0.0132401
0.0126842
0.0119023
0.0109506
0.0098938
0.00878862
0.00767186
0.00656262
0.00547289
0.0044091
0.00338061
0.00239311
0.00142259
0.000529014
0.219274
0.195364
0.172862
0.161674
0.157341
0.153907
0.150285
0.147671
0.146291
0.145393
0.14445
0.143441
0.142436
0.141329
0.139878
0.137771
0.134645
0.130214
0.124419
0.118
0.112701
0.109268
0.106936
0.104629
0.101997
0.0992276
0.096511
0.0940609
0.0926919
0.0940017
0.101319
0.116587
0.142675
0.132467
0.0506704
0.000847284
-0.0122295
-0.0117779
-0.0073656
-0.00140048
0.00430522
0.00856454
0.0112733
0.0127955
0.013473
0.0135669
0.0132735
0.0127072
0.0119268
0.0109834
0.00993572
0.00883664
0.00772175
0.00661044
0.00551496
0.00444243
0.00340189
0.0024042
0.00141851
0.000534063
0.212153
0.188735
0.167552
0.157783
0.154529
0.151847
0.148789
0.146614
0.145545
0.144829
0.143968
0.14297
0.141912
0.140686
0.139049
0.136711
0.133358
0.128795
0.123052
0.116904
0.11201
0.109008
0.107104
0.105272
0.103243
0.101295
0.0997265
0.0988798
0.099694
0.103795
0.11427
0.132432
0.159814
0.150482
0.0691419
0.0167173
-0.000389924
-0.00378099
-0.00242644
0.00144077
0.00589864
0.00946215
0.011768
0.0130556
0.0136091
0.0136422
0.0133176
0.0127368
0.0119549
0.0110178
0.00997802
0.00888458
0.00777153
0.00665828
0.0055573
0.00447618
0.00342376
0.00241587
0.00141546
0.000539236
0.205016
0.182011
0.162149
0.153888
0.151763
0.149821
0.14731
0.145576
0.144819
0.144278
0.143491
0.142498
0.141386
0.140039
0.138217
0.135654
0.132084
0.127393
0.121698
0.115812
0.11133
0.108782
0.107326
0.105981
0.104571
0.103467
0.103071
0.103837
0.106811
0.113613
0.127078
0.147899
0.176487
0.167942
0.0869779
0.0322138
0.011389
0.00434855
0.00272026
0.00448084
0.00764301
0.0104635
0.012333
0.0133618
0.0137738
0.0137347
0.0133724
0.0127732
0.0119868
0.0110538
0.0100209
0.00893257
0.00782131
0.00670623
0.00559998
0.00451038
0.00344622
0.00242808
0.00141332
0.000544419
0.197831
0.17517
0.156659
0.150005
0.149052
0.147832
0.145853
0.144562
0.144117
0.143742
0.143019
0.142028
0.140858
0.139388
0.137384
0.134601
0.130819
0.126003
0.120351
0.114721
0.110663
0.108591
0.1076
0.106753
0.105975
0.105738
0.106533
0.108917
0.114021
0.123437
0.139737
0.163016
0.192749
0.184928
0.104234
0.0473349
0.0230791
0.0125788
0.00804689
0.00770146
0.00952925
0.0115644
0.0129661
0.0137135
0.0139668
0.0138446
0.0134382
0.0128165
0.0120227
0.0110918
0.0100644
0.00898073
0.00787119
0.00675438
0.005643
0.00454513
0.00346926
0.00244078
0.00141199
0.000549503
0.190566
0.168187
0.151085
0.146149
0.146406
0.145882
0.14442
0.143576
0.143441
0.143222
0.142554
0.14156
0.140331
0.138737
0.136551
0.13355
0.129561
0.124621
0.119006
0.113628
0.110009
0.108438
0.107926
0.107585
0.107452
0.108099
0.110101
0.114103
0.121305
0.133247
0.152242
0.177807
0.208649
0.201516
0.120965
0.0620827
0.034656
0.02088
0.013527
0.0110843
0.0115475
0.0127603
0.013665
0.0141095
0.014188
0.0139716
0.0135148
0.0128666
0.0120625
0.0111318
0.0101088
0.00902917
0.00792124
0.00680286
0.00568433
0.00458044
0.00349291
0.0024539
0.00141137
0.000554389
0.183186
0.161038
0.145433
0.14234
0.143832
0.143975
0.143017
0.142624
0.142794
0.142718
0.142097
0.141096
0.139805
0.138086
0.135719
0.132504
0.128308
0.123242
0.117655
0.11253
0.109369
0.108324
0.108305
0.108474
0.108996
0.110544
0.113763
0.119377
0.128644
0.143029
0.164593
0.192295
0.22423
0.217772
0.137219
0.076462
0.0460981
0.0292245
0.0191354
0.014611
0.0136874
0.0140457
0.0144267
0.0145483
0.0144367
0.0141157
0.0136021
0.0129236
0.0121065
0.011174
0.0101541
0.00907801
0.00797155
0.00685178
0.00572845
0.00461634
0.00351719
0.00246743
0.00141136
0.000558984
0.175655
0.153697
0.139713
0.138597
0.141341
0.142112
0.141645
0.141709
0.142179
0.142234
0.14165
0.140638
0.139282
0.137437
0.134889
0.13146
0.127058
0.12186
0.116292
0.111423
0.108746
0.108253
0.108735
0.109416
0.110603
0.113064
0.117509
0.124726
0.13602
0.152769
0.176789
0.206503
0.239532
0.233756
0.153046
0.0904802
0.0573872
0.0375866
0.0248477
0.0182634
0.0159379
0.0154148
0.015248
0.0150282
0.0147123
0.0142766
0.0136999
0.0129873
0.0121546
0.0112183
0.0102004
0.00912731
0.00802222
0.00690115
0.00577324
0.00465291
0.00354214
0.00248132
0.00141186
0.000563203
0.167933
0.146134
0.133937
0.134945
0.138939
0.140294
0.140312
0.140838
0.141599
0.141768
0.141213
0.140187
0.138765
0.136791
0.134061
0.130419
0.125808
0.12047
0.11491
0.110305
0.108142
0.108226
0.109215
0.110408
0.112267
0.115653
0.121325
0.130133
0.143416
0.162454
0.188829
0.220448
0.254592
0.249523
0.168489
0.104146
0.0685072
0.0459424
0.0306409
0.0220236
0.0182876
0.0168612
0.0161255
0.015547
0.0150137
0.0144538
0.0138081
0.0130577
0.0122067
0.0112649
0.0102478
0.00917718
0.00807332
0.00695103
0.00581873
0.00469035
0.0035678
0.00249555
0.00141277
0.000566961
0.159973
0.138322
0.128122
0.131407
0.136634
0.138521
0.13902
0.140015
0.141055
0.141322
0.140788
0.139745
0.138254
0.136149
0.133237
0.12938
0.124554
0.119066
0.113503
0.109173
0.107559
0.108246
0.109743
0.111444
0.113982
0.118301
0.125201
0.135584
0.150818
0.172072
0.200716
0.234148
0.269441
0.265125
0.183588
0.117468
0.0794445
0.0542696
0.0364928
0.025874
0.020725
0.0183781
0.017055
0.0161027
0.0153397
0.0146467
0.0139262
0.0131344
0.0122629
0.0113137
0.0102964
0.00922767
0.00812491
0.00700148
0.00586499
0.00472877
0.00359426
0.0025101
0.00141399
0.000570175
0.151723
0.13023
0.122292
0.128012
0.134431
0.136793
0.137776
0.139245
0.140549
0.140897
0.140376
0.139314
0.13775
0.135512
0.132417
0.128342
0.123295
0.117642
0.112063
0.108023
0.107002
0.108317
0.110317
0.112521
0.115742
0.121
0.129124
0.141065
0.158211
0.181614
0.212449
0.247616
0.28411
0.280608
0.198383
0.130457
0.090187
0.0625472
0.0423821
0.0297972
0.0232379
0.0199581
0.0180323
0.0166926
0.015689
0.0148546
0.0140539
0.0132174
0.012323
0.0113648
0.0103462
0.00927884
0.00817705
0.00705259
0.00591208
0.00476811
0.00362155
0.00252495
0.0014154
0.000572763
0.143123
0.121828
0.116475
0.124788
0.132331
0.135111
0.136586
0.138535
0.140082
0.140492
0.139978
0.138894
0.137255
0.134882
0.131602
0.127305
0.122026
0.116191
0.110579
0.106854
0.106475
0.10844
0.110935
0.113634
0.117543
0.123742
0.133084
0.14656
0.16558
0.191071
0.224031
0.260864
0.298625
0.296019
0.212906
0.143122
0.100724
0.0707558
0.0482883
0.0337761
0.0258144
0.0215935
0.0190528
0.0173141
0.01606
0.0150766
0.0141906
0.0133063
0.0123868
0.0114182
0.0103972
0.00933073
0.00822979
0.00710443
0.00596005
0.00480844
0.00364975
0.00254011
0.00141685
0.000574638
0.134103
0.113085
0.110713
0.121766
0.130337
0.133474
0.135458
0.137889
0.139655
0.140109
0.139596
0.138487
0.13677
0.13426
0.130792
0.126269
0.120746
0.114706
0.109045
0.105664
0.105984
0.108617
0.111591
0.114776
0.119376
0.126518
0.137066
0.152057
0.172914
0.200434
0.235462
0.273899
0.313011
0.311399
0.227189
0.155472
0.111047
0.0788766
0.0541917
0.037794
0.0284422
0.0232764
0.0201113
0.017964
0.0164508
0.0153117
0.0143359
0.0134007
0.0124543
0.0114737
0.0104495
0.00938338
0.00828318
0.00715704
0.00600902
0.00485
0.00367897
0.00255558
0.00141822
0.000575714
0.124579
0.103975
0.105053
0.118977
0.128443
0.131883
0.134401
0.137311
0.139268
0.139747
0.139231
0.138094
0.136297
0.133646
0.129989
0.125231
0.119449
0.113178
0.107448
0.104452
0.105536
0.108852
0.112283
0.115943
0.121237
0.129319
0.141061
0.157543
0.180199
0.209694
0.246741
0.286726
0.327288
0.326791
0.24126
0.167516
0.121147
0.0868921
0.0600733
0.0418345
0.0311088
0.0249984
0.0212026
0.018639
0.0168596
0.0155588
0.0144889
0.0135003
0.0125251
0.0115313
0.0105029
0.00943678
0.00833725
0.00721048
0.00605908
0.00489293
0.0037093
0.00257135
0.00141929
0.000575873
0.11445
0.0944726
0.099558
0.116449
0.126645
0.13034
0.133424
0.136805
0.13892
0.139408
0.138884
0.137718
0.135835
0.133042
0.129193
0.124193
0.118133
0.111598
0.105777
0.10322
0.105139
0.109145
0.113004
0.117128
0.123119
0.132136
0.145056
0.163003
0.187424
0.218844
0.25787
0.299345
0.341477
0.342236
0.255143
0.179261
0.131016
0.0947848
0.0659145
0.0458814
0.0338018
0.0267508
0.0223212
0.0193358
0.0172843
0.0158166
0.014649
0.0136046
0.012599
0.0115908
0.0105575
0.00949096
0.00839202
0.00726477
0.00611028
0.00493728
0.00374091
0.00258756
0.00141995
0.000575078
0.103596
0.0845622
0.0943039
0.114209
0.12493
0.128848
0.132537
0.136375
0.13861
0.13909
0.138557
0.137358
0.135387
0.132449
0.128404
0.123152
0.116794
0.109955
0.104019
0.101969
0.104803
0.109497
0.11375
0.118327
0.125016
0.134959
0.149039
0.168426
0.194576
0.227877
0.268847
0.311752
0.355593
0.357773
0.268857
0.190713
0.140646
0.102538
0.0716974
0.0499189
0.0365089
0.0285248
0.0234612
0.0200503
0.0177223
0.0160837
0.0148152
0.013713
0.0126757
0.0116521
0.0106132
0.00954591
0.00844754
0.00732005
0.00616274
0.00498308
0.00377372
0.002604
0.00141973
0.000573044
0.0918687
0.0742393
0.0893825
0.112279
0.123285
0.127414
0.131753
0.136021
0.138338
0.138796
0.138252
0.137017
0.134954
0.131868
0.127625
0.122108
0.115428
0.108237
0.102159
0.100705
0.104539
0.109908
0.114513
0.119534
0.126922
0.13778
0.152997
0.173798
0.201645
0.236785
0.279669
0.323936
0.369651
0.373443
0.282419
0.201878
0.15003
0.110135
0.0774042
0.0539314
0.0392174
0.0303112
0.0246166
0.0207788
0.0181712
0.0163586
0.0149868
0.0138251
0.0127549
0.0117151
0.01067
0.00960152
0.00850372
0.00737621
0.00621656
0.005031
0.00380848
0.00262132
0.00141881
0.000570004
0.0790862
0.063519
0.0849032
0.11067
0.121692
0.126048
0.131082
0.135744
0.1381
0.138526
0.137969
0.136695
0.134535
0.1313
0.126854
0.121062
0.11403
0.106429
0.100182
0.0994346
0.10436
0.110377
0.115287
0.120743
0.12883
0.140588
0.15692
0.179108
0.208619
0.24556
0.290333
0.33588
0.383662
0.389285
0.295841
0.212759
0.159157
0.11756
0.0830175
0.0579035
0.0419148
0.0321008
0.0257811
0.0215174
0.0186283
0.0166395
0.0151625
0.0139401
0.0128363
0.0117795
0.0107277
0.0096579
0.00856065
0.00743327
0.00627152
0.00508031
0.00384441
0.00263865
0.00141596
0.000565185
0.0650211
0.0524437
0.0809937
0.109384
0.120131
0.124764
0.130537
0.135542
0.137895
0.13828
0.13771
0.136392
0.134133
0.130747
0.126095
0.120012
0.112597
0.104512
0.098072
0.0981705
0.10428
0.110898
0.116063
0.12195
0.130733
0.143372
0.160794
0.184342
0.215487
0.254197
0.30083
0.347559
0.397637
0.405341
0.309128
0.223359
0.168021
0.124794
0.0885202
0.0618201
0.0445886
0.033884
0.0269481
0.0222615
0.019091
0.0169247
0.0153411
0.0140573
0.0129193
0.0118451
0.0107861
0.00971494
0.00861844
0.00749162
0.00632826
0.00513256
0.00388322
0.00265774
0.00141212
0.000559491
0.0493877
0.0410917
0.0777954
0.108404
0.118584
0.123582
0.130126
0.135412
0.137722
0.138062
0.137477
0.13611
0.133749
0.13021
0.125348
0.11896
0.111125
0.102468
0.0958084
0.0969301
0.104314
0.111467
0.116833
0.12315
0.132625
0.146123
0.164607
0.189488
0.222239
0.262687
0.311155
0.35894
0.411593
0.421663
0.322277
0.23368
0.176609
0.131819
0.0938952
0.0656661
0.0472262
0.0356513
0.0281109
0.0230066
0.0195564
0.0172128
0.0155219
0.0141759
0.0130032
0.0119114
0.0108451
0.00977222
0.00867641
0.00755034
0.0063857
0.00518528
0.00392303
0.00267658
0.00140466
0.000551281
0.0318382
0.0296004
0.0754543
0.107691
0.117036
0.122528
0.129856
0.135348
0.137578
0.137871
0.13727
0.135849
0.133383
0.129691
0.124615
0.117904
0.109607
0.100268
0.0933699
0.0957368
0.104476
0.112074
0.11759
0.12434
0.134498
0.14883
0.168348
0.194535
0.228862
0.271024
0.321297
0.369984
0.425569
0.438325
0.335273
0.243725
0.18491
0.138618
0.0991255
0.0694266
0.0498151
0.0373929
0.0292631
0.0237514
0.0200224
0.0175026
0.0157049
0.0142967
0.0130891
0.0119791
0.0109053
0.0098308
0.00873596
0.00761111
0.00644548
0.00524487
0.00396785
0.00269875
0.00139577
0.000542601
0.0119568
0.0182201
0.0741211
0.107172
0.11548
0.121633
0.129733
0.135344
0.137464
0.13771
0.137089
0.135609
0.133036
0.129191
0.123899
0.116848
0.108041
0.0978827
0.0907361
0.094624
0.104779
0.112708
0.118328
0.125516
0.136344
0.15148
0.172003
0.199468
0.235346
0.279199
0.331246
0.380628
0.43963
0.455441
0.348088
0.253497
0.192912
0.145171
0.104194
0.0730865
0.0523422
0.0390966
0.0303998
0.024486
0.0204782
0.0177828
0.0158814
0.0144136
0.0131727
0.0120454
0.0109643
0.00988829
0.00879456
0.00767123
0.00650564
0.00528465
0.00401176
0.00272001
0.00138052
0.000530494
-0.0108316
0.00735444
0.0739644
0.106752
0.113913
0.120928
0.129757
0.135393
0.137379
0.13758
0.136935
0.135392
0.13271
0.128711
0.123199
0.115792
0.106419
0.0952705
0.0878827
0.0936326
0.105231
0.113353
0.11904
0.126675
0.138155
0.154062
0.175559
0.204275
0.241675
0.2872
0.340982
0.390792
0.453862
0.473174
0.360691
0.263002
0.2006
0.151457
0.109084
0.0766326
0.0547977
0.0407477
0.0315078
0.0252528
0.0209511
0.0180765
0.0160666
0.0145361
0.0132603
0.0121149
0.0110261
0.00994857
0.00885622
0.00773504
0.00657067
0.0053572
0.00406395
0.00274791
0.00136338
0.000519218
-0.0374477
-0.00252149
0.0751228
0.106343
0.112363
0.120439
0.129915
0.135484
0.137324
0.137482
0.136809
0.135196
0.132406
0.128255
0.122522
0.114743
0.10474
0.092388
0.0847921
0.0928224
0.105834
0.113986
0.119721
0.127813
0.139921
0.156563
0.179
0.208934
0.247827
0.295035
0.350523
0.400425
0.468244
0.491666
0.373082
0.272247
0.20796
0.15746
0.11378
0.0800509
0.0571757
0.0423499
0.0323913
0.0258443
0.0213624
0.0183392
0.0162323
0.0146459
0.0133391
0.0121778
0.0110824
0.0100039
0.00891326
0.00779426
0.00663073
0.00540735
0.00411133
0.00277284
0.00133444
0.000502661
-0.0689676
-0.0109212
0.0774973
0.10583
0.110907
0.12021
0.130202
0.135617
0.137304
0.137419
0.13671
0.135026
0.132126
0.127824
0.121868
0.113701
0.10299
0.0891632
0.0814388
0.092271
0.10659
0.114583
0.120352
0.12891
0.141618
0.158959
0.182301
0.213429
0.253812
0.302796
0.35996
0.409513
0.482411
0.510777
0.385364
0.28125
0.214977
0.163165
0.118273
0.0833461
0.0595151
0.0441616
0.0338795
0.0266099
0.0218365
0.0186353
0.0164217
0.0147742
0.013433
0.0122535
0.0111503
0.0100705
0.00898182
0.0078666
0.00670755
0.00549779
0.00417843
0.00281291
0.0013059
0.000493524
-0.105669
-0.0166847
0.0806257
0.104929
0.10959
0.120215
0.130559
0.135759
0.137301
0.137377
0.136631
0.134874
0.131868
0.127422
0.121251
0.112695
0.101188
0.0855572
0.0778105
0.0920702
0.107533
0.115195
0.120998
0.130008
0.143272
0.16127
0.185488
0.217797
0.25969
0.310557
0.369183
0.417756
0.495106
0.529523
0.397813
0.290074
0.221622
0.168489
0.12238
0.0862094
0.0612067
0.0448735
0.0344229
0.0271443
0.0221732
0.0188347
0.0165414
0.0148492
0.0134845
0.0122943
0.0111883
0.01011
0.00902463
0.00791217
0.00675298
0.00553056
0.00422283
0.00284105
0.00124958
0.000471516
-0.148053
-0.016422
0.0843487
0.103351
0.108734
0.120618
0.131064
0.13598
0.137369
0.13739
0.13659
0.134753
0.131638
0.127038
0.120639
0.111682
0.0992902
0.0813353
0.0738251
0.0920891
0.108349
0.115612
0.121552
0.131033
0.144829
0.16346
0.188524
0.221964
0.265298
0.317877
0.377348
0.424234
0.503692
0.5454
0.410558
0.298859
0.228309
0.174223
0.127186
0.090094
0.0644505
0.0473176
0.0357284
0.0279682
0.0227062
0.0191811
0.0167702
0.0150072
0.0136016
0.0123893
0.0112736
0.0101938
0.00911185
0.00800617
0.00685627
0.00565428
0.00431881
0.00291591
0.0012074
0.000483641
-0.205203
-0.00805528
0.0889564
0.100587
0.107806
0.121094
0.131458
0.136116
0.137414
0.137408
0.136564
0.134657
0.13146
0.126753
0.120174
0.110848
0.0974921
0.0773454
0.0702695
0.0933809
0.109452
0.116007
0.122068
0.131948
0.146156
0.16531
0.191121
0.225602
0.270243
0.324145
0.383757
0.428948
0.507023
0.556379
0.423215
0.305993
0.232276
0.17724
0.12934
0.0911789
0.0647172
0.0476909
0.0361852
0.0282606
0.0228814
0.0192811
0.0168265
0.0150423
0.0136276
0.0124121
0.0112963
0.0102179
0.00913754
0.00803254
0.00688075
0.00566335
0.00435256
0.00293153
0.00112909
0.000431182
-0.291038
0.00114702
0.0954258
0.100003
0.10844
0.122503
0.132482
0.136683
0.137722
0.137569
0.136599
0.134554
0.131179
0.126278
0.119455
0.109741
0.0951045
0.0712292
0.0655168
0.0946215
0.110776
0.116588
0.122881
0.133305
0.148092
0.167953
0.194695
0.230315
0.276093
0.330691
0.389608
0.435369
0.508256
0.5626
0.439173
0.31912
0.241315
0.184474
0.135447
0.0960741
0.0682347
0.049891
0.0376178
0.0291923
0.0234766
0.0196573
0.0170716
0.0152171
0.0137683
0.0125382
0.0114179
0.0103408
0.00926494
0.00816638
0.00702437
0.00582393
0.00450834
0.0031178
0.00109374
0.000691015
)
;

boundaryField
{
    inlet
    {
        type            zeroGradient;
    }
    outlet
    {
        type            fixedValue;
        value           uniform 0;
    }
    fixedWalls
    {
        type            zeroGradient;
    }
    defaultFaces
    {
        type            empty;
    }
}


// ************************************************************************* //
