0.00111111	1.62508e-10
0.00238095	1.6143e-10
0.00390476	9.92302e-12
0.00542857	3.8453e-12
0.00695238	2.32199e-11
0.00847619	-7.8034e-12
0.01	-4.85512e-12
0.0116667	1.767e-11
0.0133333	-2.48759e-12
0.015	-2.65486e-12
0.0166667	-2.73862e-12
0.0183333	-2.69749e-12
0.02	-2.56264e-12
0.022	-4.70442e-12
0.024	-2.00763e-12
0.026	1.08742e-11
0.028	9.48843e-12
0.03	-3.52346e-12
0.032	-3.32596e-12
0.034	-2.78671e-12
0.036	-2.25523e-12
0.038	-1.80085e-12
0.04	-1.42971e-12
0.042	7.07942e-12
0.044	-2.37578e-12
0.046	-2.23527e-12
0.048	-2.028e-12
0.05	-1.48264e-12
0.052	7.23267e-12
0.054	-2.69226e-12
0.056	-2.03866e-12
0.058	6.80407e-12
0.06	-2.08855e-12
0.062	-5.85833e-12
0.064	1.82255e-12
0.066	1.53741e-12
0.068	1.39467e-12
0.07	1.61089e-12
0.072	1.49989e-12
0.074	1.32873e-12
0.076	-6.37696e-12
0.078	2.98689e-12
0.08	2.67111e-12
0.082	2.6131e-12
0.084	2.48652e-12
0.086	2.53518e-12
0.088	2.4244e-12
0.09	2.39175e-12
0.092	2.4184e-12
0.094	2.47906e-12
0.096	2.50039e-12
0.098	2.55063e-12
0.1	2.48558e-12
0.102	2.5363e-12
0.104	-5.10075e-12
0.106	2.50754e-12
0.108	-5.11968e-12
0.11	2.6783e-12
0.112	2.97285e-12
0.114	3.25203e-12
0.116	3.60345e-12
0.118	-6.4153e-12
0.12	1.78911e-12
0.122	1.8614e-12
0.124	2.0623e-12
0.126	2.15519e-12
0.128	2.05827e-12
0.13	-6.29086e-12
0.132	1.37077e-12
0.134	-6.68847e-12
0.136	-6.28721e-12
0.138	-6.40489e-12
0.14	-6.55941e-12
0.142	2.12706e-12
0.144	2.12399e-12
0.146	1.72899e-12
0.148	2.26088e-12
0.15	1.51729e-12
0.152	1.08856e-12
0.154	2.37377e-12
0.156	1.31724e-12
0.158	1.74106e-12
0.16	1.4093e-12
0.162	1.76919e-12
0.164	1.78322e-12
0.166	1.80743e-12
0.168	1.81534e-12
0.17	1.83872e-12
0.172	1.83296e-12
0.174	-6.19457e-12
0.176	-5.96018e-12
0.178	-5.79594e-12
0.18	3.49752e-12
0.182	2.83122e-12
0.184	2.86856e-12
0.186	2.63286e-12
0.188	2.33037e-12
0.19	2.54244e-12
0.192	3.08084e-12
0.194	-6.13145e-12
0.196	1.44235e-12
0.198	2.17475e-12
0.2	3.62096e-12
0.202	2.27141e-12
0.204	2.11224e-12
0.206	2.12175e-12
0.208	2.13017e-12
0.21	2.85327e-12
0.212	-6.25114e-12
0.214	1.49392e-12
0.216	-6.39008e-12
0.218	1.4556e-12
0.22	-6.08381e-12
0.222	-6.44101e-12
0.224	-6.06532e-12
0.226	-6.41032e-12
0.228	1.21762e-12
0.23	-6.47974e-12
0.232	1.42286e-12
0.234	1.95203e-12
0.236	1.27794e-12
0.238	1.32722e-12
0.24	1.34136e-12
0.242	1.36063e-12
0.244	1.37567e-12
0.246	1.38676e-12
0.248	1.49638e-12
0.25	1.58644e-12
0.252	1.37315e-12
0.254	2.10706e-12
0.256	1.54788e-12
0.258	1.56724e-12
0.26	1.53291e-12
0.262	1.56155e-12
0.264	1.55541e-12
0.266	1.73581e-12
0.268	1.72472e-12
0.27	2.02659e-12
0.272	1.67602e-12
0.274	1.62129e-12
0.276	1.60693e-12
0.278	1.67035e-12
0.28	1.744e-12
0.282	1.77525e-12
0.284	2.13049e-12
0.286	1.86694e-12
0.288	1.81384e-12
0.29	-5.76141e-12
0.292	1.93266e-12
0.294	1.92201e-12
0.296	1.96499e-12
0.298	1.92315e-12
0.3	1.94838e-12
0.302	1.89451e-12
0.304	1.79022e-12
0.306	2.1727e-12
0.308	2.08534e-12
0.31	2.07281e-12
0.312	2.07009e-12
0.314	2.29643e-12
0.316	2.17439e-12
0.318	2.1586e-12
0.32	2.14219e-12
0.322	2.39233e-12
0.324	2.37943e-12
0.326	2.38306e-12
0.328	2.41814e-12
0.33	2.45524e-12
0.332	-6.53162e-12
0.334	2.38752e-12
0.336	2.51114e-12
0.338	2.49126e-12
0.34	2.51296e-12
0.342	2.42562e-12
0.344	-6.58679e-12
0.346	2.51818e-12
0.348	2.09834e-12
0.35	1.38036e-12
0.352	2.54252e-12
0.354	2.60087e-12
0.356	1.54419e-12
0.358	2.63373e-12
0.36	2.59661e-12
0.362	2.67115e-12
0.364	2.71962e-12
0.366	2.38624e-12
0.368	2.59302e-12
0.37	-6.29189e-12
0.372	-6.59307e-12
0.374	2.76225e-12
0.376	2.734e-12
0.378	2.73574e-12
0.38	2.73265e-12
0.382	2.64396e-12
0.384	1.89336e-12
0.386	2.57164e-12
0.388	2.86112e-12
0.39	2.92124e-12
0.392	2.7214e-12
0.394	3.02979e-12
0.396	1.97207e-12
0.398	1.81599e-12
0.4	3.44149e-12
0.402	3.09903e-12
0.404	1.53137e-12
0.406	1.64663e-12
0.408	1.49446e-12
0.41	1.48524e-12
0.412	1.5137e-12
0.414	1.50629e-12
0.416	1.51589e-12
0.418	1.48718e-12
0.42	1.4936e-12
0.422	2.70414e-12
0.424	1.54595e-12
0.426	-6.74566e-12
0.428	1.49976e-12
0.43	1.60975e-12
0.432	1.73656e-12
0.434	-6.42755e-12
0.436	3.24164e-12
0.438	2.9105e-12
0.44	1.63087e-12
0.442	1.59561e-12
0.444	1.65382e-12
0.446	-6.24551e-12
0.448	1.52824e-12
0.45	1.72392e-12
0.452	3.01411e-12
0.454	1.57478e-12
0.456	1.58924e-12
0.458	1.63064e-12
0.46	1.67486e-12
0.462	-6.54418e-12
0.464	1.6268e-12
0.466	1.60147e-12
0.468	1.61431e-12
0.47	1.53713e-12
0.472	1.54555e-12
0.474	1.46371e-12
0.476	-6.49595e-12
0.478	1.54452e-12
0.48	1.58347e-12
0.482	1.56543e-12
0.484	1.52695e-12
0.486	1.52228e-12
0.488	1.5222e-12
0.49	1.64671e-12
0.492	1.58768e-12
0.494	2.26005e-12
0.496	2.15027e-12
0.498	1.53696e-12
0.5	1.75844e-12
0.502	1.98952e-12
0.504	-6.72066e-12
0.506	1.56101e-12
0.508	1.97942e-12
0.51	1.78902e-12
0.512	2.1885e-12
0.514	1.7118e-12
0.516	2.43109e-12
0.518	1.34847e-12
0.52	1.5821e-12
0.522	1.73074e-12
0.524	1.52495e-12
0.526	1.70817e-12
0.528	1.61852e-12
0.53	1.61027e-12
0.532	-6.8276e-12
0.534	1.76227e-12
0.536	1.5624e-12
0.538	1.73753e-12
0.54	1.79885e-12
0.542	1.55552e-12
0.544	2.82523e-12
0.546	1.61133e-12
0.548	1.63512e-12
0.55	2.81623e-12
0.552	1.69607e-12
0.554	1.98568e-12
0.556	2.4575e-12
0.558	2.08911e-12
0.56	2.26455e-12
0.562	1.48605e-12
0.564	2.02908e-12
0.566	2.11938e-12
0.568	1.23876e-12
0.57	1.42364e-12
0.572	1.87308e-12
0.574	2.28255e-12
0.576	2.89105e-12
0.578	1.99522e-12
0.58	2.38893e-12
0.582	2.19981e-12
0.584	2.16406e-12
0.586	2.15616e-12
0.588	1.97851e-12
0.59	2.39164e-12
0.592	2.79776e-12
0.594	1.81933e-12
0.596	1.54661e-12
0.598	2.03264e-12
0.6	2.21351e-12
0.602	2.14459e-12
0.604	2.26975e-12
0.606	2.19206e-12
0.608	2.24657e-12
0.61	2.11188e-12
0.612	2.67161e-12
0.614	2.84776e-12
0.616	2.96227e-12
0.618	2.02035e-12
0.62	2.3984e-12
0.622	1.96235e-12
0.624	2.24958e-12
0.626	-7.08063e-12
0.628	2.44207e-12
0.63	2.53658e-12
0.632	2.11945e-12
0.634	2.41496e-12
0.636	2.79045e-12
0.638	2.07611e-12
0.64	1.97217e-12
0.642	2.07246e-12
0.644	2.08628e-12
0.646	2.09766e-12
0.648	1.46696e-12
0.65	2.23939e-12
0.652	2.23598e-12
0.654	2.21199e-12
0.656	2.11811e-12
0.658	-6.98504e-12
0.66	2.3336e-12
0.662	2.36653e-12
0.664	2.10294e-12
0.666	2.13673e-12
0.668	2.80491e-12
0.67	2.41604e-12
0.672	-6.43502e-12
0.674	2.01142e-12
0.676	2.15776e-12
0.678	2.04617e-12
0.68	2.07975e-12
0.682	2.11477e-12
0.684	2.18721e-12
0.686	2.11652e-12
0.688	2.09837e-12
0.69	2.13891e-12
0.692	2.12599e-12
0.694	1.91108e-12
0.696	2.33476e-12
0.698	2.53199e-12
0.7	2.14521e-12
0.702	2.08576e-12
0.704	2.13212e-12
0.706	2.10088e-12
0.708	2.09066e-12
0.71	2.71479e-12
0.712	1.61531e-12
0.714	2.13028e-12
0.716	2.10607e-12
0.718	1.58498e-12
0.72	2.73077e-12
0.722	2.15147e-12
0.724	2.12747e-12
0.726	2.13191e-12
0.728	2.77905e-12
0.73	2.24017e-12
0.732	2.41357e-12
0.734	2.2528e-12
0.736	2.2156e-12
0.738	2.19842e-12
0.74	2.8154e-12
0.742	2.26871e-12
0.744	-6.72681e-12
0.746	-7.19917e-12
0.748	2.19416e-12
0.75	2.25705e-12
0.752	2.18598e-12
0.754	2.32987e-12
0.756	2.88838e-12
0.758	2.35068e-12
0.76	2.30946e-12
0.762	2.22864e-12
0.764	2.25533e-12
0.766	-7.20205e-12
0.768	2.27451e-12
0.77	2.08944e-12
0.772	2.34597e-12
0.774	-6.86855e-12
0.776	2.0327e-12
0.778	2.43798e-12
0.78	2.46218e-12
0.782	2.38123e-12
0.784	3.02386e-12
0.786	2.36907e-12
0.788	1.5815e-12
0.79	2.42506e-12
0.792	3.12171e-12
0.794	2.37164e-12
0.796	2.74378e-12
0.798	2.60133e-12
0.8	2.37438e-12
0.802	1.59343e-12
0.804	2.71689e-12
0.806	2.51253e-12
0.808	2.48475e-12
0.81	2.71114e-12
0.812	3.54012e-12
0.814	2.4913e-12
0.816	2.53251e-12
0.818	2.57547e-12
0.82	2.33047e-12
0.822	2.55426e-12
0.824	2.18302e-12
0.826	2.68471e-12
0.828	2.38619e-12
0.83	3.07445e-12
0.832	2.80983e-12
0.834	2.40575e-12
0.836	1.92637e-12
0.838	1.51311e-12
0.84	2.45504e-12
0.842	2.52971e-12
0.844	2.33415e-12
0.846	2.4224e-12
0.848	1.77272e-12
0.85	2.3263e-12
0.852	-7.97644e-12
0.854	2.54371e-12
0.856	3.21899e-12
0.858	2.40922e-12
0.86	-7.48593e-12
0.862	2.21326e-12
0.864	2.67608e-12
0.866	2.26388e-12
0.868	2.32983e-12
0.87	1.78426e-12
0.872	2.547e-12
0.874	1.92499e-12
0.876	2.31983e-12
0.878	2.10278e-12
0.88	2.45104e-12
0.882	2.41825e-12
0.884	-7.97463e-12
0.886	2.3279e-12
0.888	2.15381e-12
0.89	-7.48668e-12
0.892	2.66208e-12
0.894	2.03778e-12
0.896	2.74043e-12
0.898	2.03975e-12
0.9	2.62805e-12
0.902	2.88355e-12
0.904	3.29328e-12
0.906	2.49121e-12
0.908	2.64089e-12
0.91	2.2529e-12
0.912	2.20757e-12
0.914	2.39781e-12
0.916	2.29615e-12
0.918	2.37383e-12
0.92	2.59799e-12
0.922	2.45959e-12
0.924	3.05003e-12
0.926	2.61847e-12
0.928	2.31008e-12
0.93	2.21154e-12
0.932	2.51251e-12
0.934	2.5211e-12
0.936	2.69658e-12
0.938	2.55547e-12
0.94	2.47814e-12
0.942	2.62371e-12
0.944	2.60614e-12
0.946	2.36163e-12
0.948	2.66336e-12
0.95	-7.4019e-12
0.952	2.52473e-12
0.954	2.71398e-12
0.956	2.60978e-12
0.958	2.32082e-12
0.96	2.62946e-12
0.962	2.63788e-12
0.964	2.77351e-12
0.966	2.77077e-12
0.968	2.34161e-12
0.97	3.33501e-12
0.972	2.77254e-12
0.974	2.75325e-12
0.976	2.80628e-12
0.978	2.85181e-12
0.98	2.89955e-12
0.982	2.22363e-12
0.984	2.76579e-12
0.986	2.79286e-12
0.988	2.60887e-12
0.99	2.3475e-12
0.992	-7.78185e-12
0.994	2.87677e-12
0.996	2.81722e-12
0.998	2.64919e-12
1	2.64275e-12
1.002	2.30019e-12
1.004	2.55542e-12
1.006	2.76761e-12
1.008	2.89702e-12
1.01	2.86897e-12
1.012	2.78729e-12
1.014	2.88038e-12
1.016	2.85096e-12
1.018	2.38666e-12
1.02	1.8762e-12
1.022	2.70928e-12
1.024	2.26379e-12
1.026	2.74887e-12
1.028	2.81573e-12
1.03	2.9169e-12
1.032	2.29732e-12
1.034	2.89503e-12
1.036	2.89544e-12
1.038	2.92378e-12
1.04	-7.54137e-12
1.042	2.66364e-12
1.044	2.84658e-12
1.046	2.97947e-12
1.048	2.95105e-12
1.05	2.94048e-12
1.052	2.39042e-12
1.054	2.65673e-12
1.056	3.00289e-12
1.058	2.9392e-12
1.06	2.76225e-12
1.062	2.23998e-12
1.064	3.08643e-12
1.066	2.9313e-12
1.068	3.03519e-12
1.07	2.7127e-12
1.072	2.96025e-12
1.074	2.77723e-12
1.076	3.06945e-12
1.078	3.00591e-12
1.08	2.66273e-12
1.082	2.97638e-12
1.084	2.95036e-12
1.086	3.05261e-12
1.088	3.03834e-12
1.09	2.94775e-12
1.092	2.45232e-12
1.094	2.05822e-12
1.096	2.9106e-12
1.098	2.63185e-12
1.1	2.9797e-12
1.102	2.98308e-12
1.104	2.94774e-12
1.106	3.0014e-12
1.108	2.9587e-12
1.11	2.83164e-12
1.112	2.89422e-12
1.114	2.98288e-12
1.116	2.94892e-12
1.118	2.91523e-12
1.12	2.83648e-12
1.122	2.91845e-12
1.124	2.94526e-12
1.126	2.86598e-12
1.128	2.9012e-12
1.13	2.46103e-12
1.132	2.80054e-12
1.134	2.92831e-12
1.136	2.77668e-12
1.138	2.75608e-12
1.14	-7.47571e-12
1.142	3.03634e-12
1.144	2.83409e-12
1.146	2.8627e-12
1.148	2.91966e-12
1.15	2.47566e-12
1.152	2.97061e-12
1.154	2.76689e-12
1.156	2.96516e-12
1.158	2.98363e-12
1.16	2.97498e-12
1.162	2.95047e-12
1.164	2.45333e-12
1.166	2.81435e-12
1.168	2.99292e-12
1.17	5.14634e-12
1.172	3.07641e-12
1.174	2.6237e-12
1.176	2.98946e-12
1.178	2.81267e-12
1.18	3.02014e-12
1.182	2.18589e-12
1.184	2.4198e-12
1.186	2.94113e-12
1.188	2.92194e-12
1.19	2.97276e-12
1.192	3.11879e-12
1.194	3.9371e-12
1.196	2.95496e-12
1.198	2.94755e-12
1.2	2.9757e-12
1.202	3.02042e-12
1.204	2.96296e-12
1.206	2.96729e-12
1.208	2.92616e-12
1.21	2.2501e-12
1.212	2.92021e-12
1.214	2.95931e-12
1.216	2.65812e-12
1.218	2.96879e-12
1.22	2.84342e-12
1.222	2.85806e-12
1.224	2.61152e-12
1.226	2.81914e-12
1.228	2.97356e-12
1.23	2.50893e-12
1.232	3.00978e-12
1.234	2.98264e-12
1.236	2.87482e-12
1.238	2.55975e-12
1.24	2.98155e-12
1.242	2.97473e-12
1.244	2.48409e-12
1.246	2.88777e-12
1.248	2.91049e-12
1.25	2.95274e-12
1.252	2.51301e-12
1.254	2.91618e-12
1.256	2.99515e-12
1.258	-8.72174e-12
1.26	4.16625e-12
1.262	2.9445e-12
1.264	2.99934e-12
1.266	4.17243e-12
1.268	-8.08897e-12
1.27	2.91945e-12
1.272	2.9681e-12
1.274	3.96643e-12
1.276	2.91261e-12
1.278	3.04116e-12
1.28	2.23969e-12
1.282	3.01196e-12
1.284	-8.58439e-12
1.286	3.83367e-12
1.288	-7.88733e-12
1.29	4.50551e-12
1.292	-8.81236e-12
1.294	3.06213e-12
1.296	2.553e-12
1.298	2.82858e-12
1.3	6.86885e-12
1.302	2.85496e-12
1.304	2.88934e-12
1.306	2.8635e-12
1.308	2.93603e-12
1.31	2.96756e-12
1.312	5.27368e-12
1.314	2.40662e-12
1.316	2.9412e-12
1.318	-8.8322e-12
1.32	2.92897e-12
1.322	2.88771e-12
1.324	2.04121e-12
1.326	2.60561e-12
1.328	2.78215e-12
1.33	2.77902e-12
1.332	3.96698e-12
1.334	4.31562e-12
1.336	3.67874e-12
1.338	3.13974e-12
1.34	-8.30297e-12
1.342	2.27513e-12
1.344	-8.45985e-12
1.346	3.76382e-12
1.348	4.04537e-12
1.35	2.6627e-12
1.352	2.02184e-12
1.354	2.88316e-12
1.356	2.29769e-12
1.358	2.9494e-12
1.36	3.77629e-12
1.362	3.57644e-12
1.364	4.13766e-12
1.366	2.12815e-12
1.368	3.99032e-12
1.37	2.19e-12
1.372	4.05695e-12
1.374	3.28131e-12
1.376	2.27782e-12
1.378	2.45766e-12
1.38	2.59067e-12
1.382	4.22156e-12
1.384	2.25943e-12
1.386	2.52911e-12
1.388	2.71289e-12
1.39	2.56451e-12
1.392	2.97038e-12
1.394	2.50288e-12
1.396	2.44336e-12
1.398	2.91186e-12
1.4	-9.08741e-12
1.402	2.80934e-12
1.404	3.02028e-12
1.406	2.87843e-12
1.408	2.74221e-12
1.41	2.64216e-12
1.412	2.64005e-12
1.414	4.28965e-12
1.416	2.93508e-12
1.418	2.52656e-12
1.42	2.58489e-12
1.422	2.24474e-12
1.424	2.64613e-12
1.426	2.49935e-12
1.428	2.57114e-12
1.43	2.63679e-12
1.432	2.55846e-12
1.434	2.56739e-12
1.436	2.54592e-12
1.438	2.64436e-12
1.44	2.60478e-12
1.442	2.57467e-12
1.444	2.54021e-12
1.446	2.64287e-12
1.448	2.944e-12
1.45	2.63142e-12
1.452	2.71051e-12
1.454	4.04315e-12
1.456	2.70424e-12
1.458	2.67857e-12
1.46	2.67094e-12
1.462	2.82779e-12
1.464	2.6488e-12
1.466	3.11839e-12
1.468	3.77826e-12
1.47	2.7699e-12
1.472	2.30272e-12
1.474	2.19646e-12
1.476	2.60984e-12
1.478	2.6224e-12
1.48	2.67625e-12
1.482	3.20303e-12
1.484	2.7545e-12
1.486	2.75964e-12
1.488	-8.48618e-12
1.49	2.85603e-12
1.492	2.7354e-12
1.494	2.90884e-12
1.496	2.62366e-12
1.498	3.00807e-12
1.5	2.88409e-12
1.502	2.71666e-12
1.504	2.88641e-12
1.506	2.84672e-12
1.508	2.88996e-12
1.51	2.72825e-12
1.512	2.92329e-12
1.514	2.66605e-12
1.516	2.93904e-12
1.518	4.32436e-12
1.52	2.55058e-12
1.522	2.9166e-12
1.524	2.93427e-12
1.526	3.0469e-12
1.528	2.70974e-12
1.53	2.80427e-12
1.532	3.12382e-12
1.534	3.13432e-12
1.536	2.87632e-12
1.538	-8.50874e-12
1.54	2.82655e-12
1.542	3.05928e-12
1.544	3.05544e-12
1.546	2.95074e-12
1.548	3.08062e-12
1.55	2.5995e-12
1.552	3.41957e-12
1.554	2.80925e-12
1.556	3.18465e-12
1.558	3.19266e-12
1.56	2.97879e-12
1.562	2.95148e-12
1.564	3.19861e-12
1.566	4.05669e-12
1.568	3.15027e-12
1.57	3.32494e-12
1.572	3.35784e-12
1.574	2.56499e-12
1.576	3.13681e-12
1.578	2.60364e-12
1.58	3.28515e-12
1.582	3.43862e-12
1.584	3.14244e-12
1.586	6.34996e-12
1.588	3.33682e-12
1.59	2.47569e-12
1.592	4.26539e-12
1.594	3.15421e-12
1.596	4.34417e-12
1.598	4.14345e-12
1.6	3.0684e-12
1.602	3.20123e-12
1.604	2.51382e-12
1.606	3.50758e-12
1.608	2.65482e-12
1.61	6.61321e-12
1.612	2.87897e-12
1.614	3.90291e-12
1.616	2.83715e-12
1.618	3.618e-12
1.62	2.04716e-12
1.622	3.40565e-12
1.624	3.55743e-12
1.626	2.4781e-12
1.628	3.51603e-12
1.63	3.65847e-12
1.632	3.68204e-12
1.634	3.20342e-12
1.636	3.31387e-12
1.638	2.95533e-12
1.64	6.88543e-12
1.642	3.16903e-12
1.644	3.02063e-12
1.646	3.70636e-12
1.648	5.43235e-12
1.65	2.85958e-12
1.652	5.28744e-12
1.654	2.91159e-12
1.656	2.20356e-12
1.658	5.69017e-12
1.66	4.6938e-12
1.662	2.80598e-12
1.664	2.51341e-12
1.666	3.3103e-12
1.668	4.7276e-12
1.67	2.60944e-12
1.672	3.61673e-12
1.674	2.28645e-12
1.676	3.23827e-12
1.678	3.04251e-12
1.68	-6.89109e-12
1.682	5.13019e-12
1.684	2.40686e-12
1.686	4.76977e-12
1.688	-9.62552e-12
1.69	6.2399e-12
1.692	3.02873e-12
1.694	-8.91471e-12
1.696	2.81744e-12
1.698	2.73646e-12
1.7	4.33434e-12
1.702	6.65481e-12
1.704	2.28195e-12
1.706	4.09232e-12
1.708	2.93951e-12
1.71	4.17815e-12
1.712	4.25836e-12
1.714	2.81724e-12
1.716	3.11173e-12
1.718	-4.48442e-12
1.72	2.55291e-12
1.722	2.77887e-12
1.724	4.24785e-12
1.726	2.68899e-12
1.728	3.95024e-12
1.73	2.83042e-12
1.732	3.04461e-12
1.734	-8.96032e-12
1.736	3.41108e-12
1.738	-2.33556e-12
1.74	-9.20131e-12
1.742	2.48981e-12
1.744	2.41503e-12
1.746	3.15085e-12
1.748	3.23068e-12
1.75	3.58132e-12
1.752	-9.99701e-12
1.754	2.56516e-12
1.756	2.00335e-12
1.758	-2.74094e-12
1.76	3.25883e-12
1.762	3.40297e-12
1.764	-3.12861e-12
1.766	2.40348e-12
1.768	3.86137e-12
1.77	2.41859e-12
1.772	2.77135e-12
1.774	2.59742e-12
1.776	-4.68593e-12
1.778	3.62462e-12
1.78	-3.47979e-12
1.782	3.2124e-12
1.784	4.51851e-12
1.786	4.43183e-12
1.788	3.64908e-12
1.79	3.64648e-12
1.792	-9.68744e-12
1.794	5.57105e-12
1.796	-3.23441e-12
1.798	4.84875e-12
1.8	4.57668e-12
1.802	4.13842e-12
1.804	3.4996e-12
1.806	3.12886e-12
1.808	-3.8929e-12
1.81	-9.4483e-12
1.812	3.4302e-12
1.814	-3.21865e-12
1.816	3.7729e-12
1.818	3.58901e-12
1.82	-9.87134e-12
1.822	1.01299e-11
1.824	2.50441e-12
1.826	-3.7911e-12
1.828	5.49595e-12
1.83	4.32092e-12
1.832	2.28389e-12
1.834	4.54339e-12
1.836	5.45678e-12
1.838	5.42756e-12
1.84	-4.06994e-12
1.842	4.92359e-12
1.844	3.78206e-12
1.846	3.53574e-12
1.848	-3.23935e-12
1.85	5.56602e-12
1.852	5.12609e-12
1.854	7.42933e-12
1.856	-6.76955e-12
1.858	3.09887e-12
1.86	-3.93145e-12
1.862	-3.86159e-12
1.864	4.36415e-12
1.866	2.23739e-12
1.868	2.6019e-12
1.87	7.14696e-12
1.872	-4.26736e-12
1.874	-3.18174e-12
1.876	4.02853e-12
1.878	7.4054e-12
1.88	-3.88924e-12
1.882	2.866e-12
1.884	8.30077e-12
1.886	4.14733e-12
1.888	-6.87386e-12
1.89	-6.52513e-12
1.892	-4.1429e-12
1.894	4.09566e-12
1.896	7.98096e-12
1.898	2.43053e-12
1.9	-3.4931e-12
1.902	-4.04555e-12
1.904	4.16846e-12
1.906	-7.35347e-12
1.908	4.67667e-12
1.91	4.43258e-12
1.912	4.69591e-12
1.914	2.47665e-12
1.916	-2.1492e-12
1.918	4.90198e-12
1.92	5.96832e-12
1.922	-4.21869e-12
1.924	6.25443e-12
1.926	-9.33004e-12
1.928	-4.15596e-12
1.93	2.33514e-12
1.932	-4.30728e-12
1.934	-4.43417e-12
1.936	-7.19954e-12
1.938	-4.45603e-12
1.94	-1.00292e-11
1.942	3.86784e-12
1.944	-4.39094e-12
1.946	-7.0632e-12
1.948	-4.40787e-12
1.95	2.45071e-12
1.952	7.88172e-12
1.954	-2.70553e-12
1.956	4.87974e-12
1.958	-6.21869e-12
1.96	-4.64128e-12
1.962	-4.646e-12
1.964	5.00326e-12
1.966	-4.63154e-12
1.968	-4.37945e-12
1.97	6.98698e-12
1.972	2.45298e-12
1.974	5.8356e-12
1.976	8.07636e-12
1.978	1.09247e-11
1.98	3.01652e-12
1.982	1.03068e-11
1.984	6.79598e-12
1.986	4.89248e-12
1.988	-5.03176e-12
1.99	-4.14819e-12
1.992	3.15622e-12
1.994	8.34975e-12
1.996	-5.10282e-12
1.998	-1.02225e-11
2	1.01402e-11
2.002	-5.09778e-12
2.004	5.61608e-12
2.006	1.07732e-11
2.008	2.64862e-12
2.01	-4.45533e-12
2.012	6.3157e-12
2.014	-7.5694e-12
2.016	6.94873e-12
2.018	7.87471e-12
2.02	-4.77289e-12
2.022	-4.28182e-12
2.024	5.03899e-12
2.026	-2.35574e-12
2.028	-7.0358e-12
2.03	-4.71713e-12
2.032	-4.98205e-12
2.034	-9.8015e-12
2.036	-2.19087e-12
2.038	-6.79811e-12
2.04	-4.60098e-12
2.042	-4.33426e-12
2.044	5.4608e-12
2.046	-4.89766e-12
2.048	-5.532e-12
2.05	2.4857e-12
2.052	-2.5226e-12
2.054	-5.14012e-12
2.056	-4.84318e-12
2.058	5.37408e-12
2.06	-5.07021e-12
2.062	5.23122e-12
2.064	-5.08975e-12
2.066	6.65896e-12
2.068	1.05261e-11
2.07	-4.20397e-12
2.072	-5.53436e-12
2.074	5.52906e-12
2.076	-7.82426e-12
2.078	-5.02734e-12
2.08	-7.46545e-12
2.082	-2.41579e-12
2.084	-8.06621e-12
2.086	-4.30864e-12
2.088	5.30391e-12
2.09	-5.17431e-12
2.092	4.60873e-12
2.094	-3.20922e-12
2.096	-6.59711e-12
2.098	2.95559e-12
2.1	2.75103e-12
2.102	-1.00916e-11
2.104	3.09627e-12
2.106	-3.33819e-12
2.108	-2.44042e-12
2.11	-1.03339e-11
2.112	5.01998e-12
2.114	4.86693e-12
2.116	-3.66104e-12
2.118	3.98429e-12
2.12	-3.38316e-12
2.122	3.5514e-12
2.124	-8.01182e-12
2.126	3.604e-12
2.128	3.07775e-12
2.13	3.27971e-12
2.132	1.10319e-11
2.134	4.31081e-12
2.136	-3.12512e-12
2.138	-1.04975e-11
2.14	3.18956e-12
2.142	-3.09971e-12
2.144	2.7111e-12
2.146	4.51028e-12
2.148	-5.21206e-12
2.15	3.7445e-12
2.152	-3.55533e-12
2.154	-2.80251e-12
2.156	3.11769e-12
2.158	5.29513e-12
2.16	3.40887e-12
2.162	-6.79082e-12
2.164	-2.86518e-12
2.166	3.51761e-12
2.168	3.57443e-12
2.17	4.49098e-12
2.172	-2.89476e-12
2.174	2.94648e-12
2.176	-3.30778e-12
2.178	6.03177e-12
2.18	1.02436e-11
2.182	4.29826e-12
2.184	-4.0402e-12
2.186	-1.15272e-11
2.188	-3.68892e-12
2.19	4.38363e-12
2.192	4.82025e-12
2.194	6.68711e-12
2.196	-3.0439e-12
2.198	5.41909e-12
2.2	3.19688e-12
2.202	-3.45992e-12
2.204	-2.96037e-12
2.206	-4.54548e-12
2.208	-4.42723e-12
2.21	5.85545e-12
2.212	-6.76578e-12
2.214	1.10856e-11
2.216	2.65408e-12
2.218	-3.74255e-12
2.22	9.5859e-12
2.222	1.0741e-11
2.224	-4.25049e-12
2.226	-5.28701e-12
2.228	-4.98579e-12
2.23	4.199e-12
2.232	-3.1187e-12
2.234	5.61639e-12
2.236	-2.40622e-12
2.238	-7.54016e-12
2.24	-4.12487e-12
2.242	-7.31696e-12
2.244	-3.14813e-12
2.246	5.17326e-12
2.248	-5.04007e-12
2.25	7.1333e-12
2.252	-5.34009e-12
2.254	-5.37976e-12
2.256	-3.40103e-12
2.258	-3.41813e-12
2.26	1.05761e-11
2.262	3.85073e-12
2.264	-4.4896e-12
2.266	3.86996e-12
2.268	-4.5084e-12
2.27	5.37646e-12
2.272	-4.90703e-12
2.274	5.85852e-12
2.276	1.18865e-11
2.278	-3.68651e-12
2.28	-4.75722e-12
2.282	-4.56231e-12
2.284	-3.45113e-12
2.286	1.04337e-11
2.288	-4.44271e-12
2.29	1.02299e-11
2.292	-2.77323e-12
2.294	-6.92822e-12
2.296	-4.09464e-12
2.298	3.0375e-12
2.3	-3.16116e-12
2.302	-6.883e-12
2.304	1.09112e-11
2.306	4.1535e-12
2.308	-5.38157e-12
2.31	-3.99301e-12
2.312	-3.34757e-12
2.314	-3.44446e-12
2.316	-4.62132e-12
2.318	-6.45674e-12
2.32	-3.69122e-12
2.322	-3.52422e-12
2.324	1.0676e-11
2.326	-3.80785e-12
2.328	-5.6561e-12
2.33	-3.00686e-12
2.332	3.50133e-12
2.334	-3.34232e-12
2.336	-3.1535e-12
2.338	-4.81954e-12
2.34	-4.80648e-12
2.342	3.43076e-12
2.344	-3.91994e-12
2.346	5.24384e-12
2.348	-2.74049e-12
2.35	-4.25891e-12
2.352	-4.69517e-12
2.354	-1.16518e-11
2.356	1.08515e-11
2.358	-3.53574e-12
2.36	1.16701e-11
2.362	3.35787e-12
2.364	-4.57009e-12
2.366	1.11677e-11
2.368	-4.47276e-12
2.37	-3.53848e-12
2.372	-3.6776e-12
2.374	-5.17418e-12
2.376	-2.43763e-12
2.378	-6.07187e-12
2.38	1.16171e-11
2.382	-4.54644e-12
2.384	-4.94849e-12
2.386	6.08065e-12
2.388	-2.22003e-12
2.39	-3.65674e-12
2.392	-5.00922e-12
2.394	-2.72754e-12
2.396	3.82539e-12
2.398	-3.46191e-12
2.4	-3.74487e-12
2.402	1.11607e-11
2.404	-2.67285e-12
2.406	-5.53953e-12
2.408	-4.83355e-12
2.41	1.13669e-11
2.412	-3.76839e-12
2.414	-6.88587e-12
2.416	-4.19808e-12
2.418	-4.70904e-12
2.42	4.12407e-12
2.422	3.76359e-12
2.424	5.859e-12
2.426	-4.55697e-12
2.428	5.78501e-12
2.43	-6.40631e-12
2.432	-3.15047e-12
2.434	-3.26014e-12
2.436	4.63956e-12
2.438	4.62065e-12
2.44	-2.52561e-12
2.442	4.71348e-12
2.444	-4.45402e-12
2.446	6.77721e-12
2.448	-2.80744e-12
2.45	1.12097e-11
2.452	-4.70833e-12
2.454	-4.30981e-12
2.456	-2.42174e-12
2.458	4.01408e-12
2.46	1.11085e-11
2.462	-2.61342e-12
2.464	2.97023e-12
2.466	-2.61374e-12
2.468	1.18447e-11
2.47	5.73833e-12
2.472	-2.72563e-12
2.474	3.63391e-12
2.476	-2.47973e-12
2.478	-2.59948e-12
2.48	-6.30488e-12
2.482	-2.21192e-12
2.484	-3.39524e-12
2.486	-5.20887e-12
2.488	-2.71551e-12
2.49	5.58601e-12
2.492	-2.60031e-12
2.494	-6.49139e-12
2.496	-2.7224e-12
2.498	3.32638e-12
2.5	-2.68661e-12
2.502	-3.96688e-12
2.504	3.52239e-12
2.506	-4.3295e-12
2.508	1.21372e-11
2.51	2.79802e-12
2.512	-3.34556e-12
2.514	-3.43729e-12
2.516	-3.85054e-12
2.518	-5.48874e-12
2.52	-4.62129e-12
2.522	-7.0831e-12
2.524	-3.97084e-12
2.526	6.60594e-12
2.528	-2.46083e-12
2.53	-5.46903e-12
2.532	-5.57485e-12
2.534	-2.36187e-12
2.536	-6.30599e-12
2.538	-3.26011e-12
2.54	-3.62708e-12
2.542	-3.40918e-12
2.544	-5.7615e-12
2.546	-3.44355e-12
2.548	-5.53303e-12
2.55	-4.61495e-12
2.552	-3.56306e-12
2.554	-4.2806e-12
2.556	-3.73767e-12
2.558	-4.80574e-12
2.56	-3.87605e-12
2.562	-3.98371e-12
2.564	-4.3569e-12
2.566	1.10704e-11
2.568	-4.08788e-12
2.57	8.6708e-12
2.572	-3.20016e-12
2.574	-3.00729e-12
2.576	-5.59534e-12
2.578	-2.90623e-12
2.58	-4.46852e-12
2.582	-2.84675e-12
2.584	4.82523e-12
2.586	-2.48852e-12
2.588	-7.00095e-12
2.59	-3.02274e-12
2.592	-4.66958e-12
2.594	-4.61236e-12
2.596	-4.41915e-12
2.598	-2.39746e-12
2.6	-6.14548e-12
2.602	-2.71093e-12
2.604	-4.76048e-12
2.606	-4.34412e-12
2.608	-3.88216e-12
2.61	-3.86583e-12
2.612	3.08118e-12
2.614	1.23173e-11
2.616	-4.12853e-12
2.618	1.11652e-11
2.62	2.50933e-12
2.622	-3.94563e-12
2.624	-2.92265e-12
2.626	-2.80941e-12
2.628	-3.82918e-12
2.63	-3.45597e-12
2.632	-4.55048e-12
2.634	-2.85657e-12
2.636	-3.6373e-12
2.638	-3.91708e-12
2.64	5.86579e-12
2.642	-2.25932e-12
2.644	3.5945e-12
2.646	-3.3846e-12
2.648	-4.62007e-12
2.65	-4.08342e-12
2.652	-1.13153e-11
2.654	-2.5802e-12
2.656	-3.32409e-12
2.658	-3.03886e-12
2.66	-4.00701e-12
2.662	-5.55346e-12
2.664	-5.18792e-12
2.666	1.17297e-11
2.668	-3.64431e-12
2.67	-3.5311e-12
2.672	-3.3394e-12
2.674	-4.70334e-12
2.676	-5.78667e-12
2.678	5.413e-12
2.68	-4.46586e-12
2.682	6.51369e-12
2.684	-6.20927e-12
2.686	-2.0487e-12
2.688	-8.51445e-12
2.69	-2.87339e-12
2.692	-1.03872e-11
2.694	-2.44965e-12
2.696	-1.31643e-11
2.698	-4.75057e-12
2.7	-6.51754e-12
2.702	-4.84063e-12
2.704	-4.46086e-12
2.706	-2.97218e-12
2.708	-4.26238e-12
2.71	-4.09282e-12
2.712	-3.08822e-12
2.714	-4.99685e-12
2.716	-5.76642e-12
2.718	-2.98873e-12
2.72	-5.83615e-12
2.722	-2.54638e-12
2.724	-3.23502e-12
2.726	-4.90039e-12
2.728	-4.18557e-12
2.73	-4.04422e-12
2.732	-2.8216e-12
2.734	-5.33479e-12
2.736	-5.85743e-12
2.738	1.12915e-11
2.74	-2.51505e-12
2.742	-4.05265e-12
2.744	-3.66129e-12
2.746	-4.24522e-12
2.748	1.20245e-11
2.75	-5.88476e-12
2.752	-5.08773e-12
2.754	1.18335e-11
2.756	-4.39383e-12
2.758	4.51466e-12
2.76	1.21932e-11
2.762	-7.16125e-12
2.764	-3.72635e-12
2.766	-2.10853e-12
2.768	-3.2695e-12
2.77	1.1915e-11
2.772	-4.1351e-12
2.774	-2.443e-12
2.776	-4.03059e-12
2.778	-2.91735e-12
2.78	-2.55128e-12
2.782	-4.49959e-12
2.784	6.35091e-12
2.786	-3.49938e-12
2.788	-4.00422e-12
2.79	7.46242e-12
2.792	1.11646e-11
2.794	-3.90161e-12
2.796	-3.85041e-12
2.798	-3.25637e-12
2.8	-2.2226e-12
2.802	-3.08009e-12
2.804	-3.46928e-12
2.806	-3.24173e-12
2.808	-2.23467e-12
2.81	-3.22373e-12
2.812	6.43808e-12
2.814	-3.72522e-12
2.816	-3.14262e-12
2.818	-2.9334e-12
2.82	1.15525e-11
2.822	-2.37128e-12
2.824	1.16128e-11
2.826	-2.90598e-12
2.828	-2.80008e-12
2.83	-4.09514e-12
2.832	5.95447e-12
2.834	1.14625e-11
2.836	1.15138e-11
2.838	-2.94726e-12
2.84	9.50337e-12
2.842	-2.56762e-12
2.844	1.15574e-11
2.846	-2.52476e-12
2.848	1.21835e-11
2.85	-2.86523e-12
2.852	-3.22498e-12
2.854	-2.56928e-12
2.856	-4.22707e-12
2.858	-4.15274e-12
2.86	-2.78496e-12
2.862	6.38839e-12
2.864	1.18945e-11
2.866	-3.0883e-12
2.868	1.10566e-11
2.87	-2.53202e-12
2.872	-2.68243e-12
2.874	-2.11946e-12
2.876	-2.30089e-12
2.878	-2.14753e-12
2.88	-2.27795e-12
2.882	6.23646e-12
2.884	-3.82924e-12
2.886	-4.93671e-12
2.888	-3.58567e-12
2.89	-4.82878e-12
2.892	-4.77564e-12
2.894	-3.81884e-12
2.896	-5.36023e-12
2.898	-2.55119e-12
2.9	-2.85204e-12
2.902	-2.41299e-12
2.904	-3.46043e-12
2.906	1.15211e-11
2.908	1.17243e-11
2.91	-2.36903e-12
2.912	-6.32169e-12
2.914	-3.11084e-12
2.916	1.07299e-11
2.918	-4.20236e-12
2.92	4.18799e-12
2.922	-2.94933e-12
2.924	-2.94561e-12
2.926	-2.36252e-12
2.928	1.0931e-11
2.93	7.47378e-12
2.932	-3.86591e-12
2.934	-2.22286e-12
2.936	-4.59271e-12
2.938	-4.01423e-12
2.94	6.4021e-12
2.942	-2.05175e-12
2.944	-7.40201e-12
2.946	-2.49706e-12
2.948	-2.34565e-12
2.95	-5.19231e-12
2.952	-4.3347e-12
2.954	-7.17527e-12
2.956	-3.4012e-12
2.958	-2.18469e-12
2.96	-2.20039e-12
2.962	-4.71273e-12
2.964	4.96617e-12
2.966	-2.18457e-12
2.968	-4.2894e-12
2.97	-4.84571e-12
2.972	-2.65716e-12
2.974	-3.08867e-12
2.976	-5.3907e-12
2.978	-5.94764e-12
2.98	-6.11573e-12
2.982	-2.70195e-12
2.984	-5.79494e-12
2.986	-2.61905e-12
2.988	5.43349e-12
2.99	-5.04304e-12
2.992	-5.77676e-12
2.994	-3.61901e-12
2.996	-5.10573e-12
2.998	-3.16566e-12
3	4.93011e-12
3.002	-4.04509e-12
3.004	2.78918e-12
3.006	-2.29882e-12
3.008	7.3192e-12
3.01	-5.47262e-12
3.012	7.75842e-12
3.014	-2.29503e-12
3.016	-6.07565e-12
3.018	-5.26836e-12
3.02	-2.18398e-12
3.022	3.08004e-12
3.024	-3.06109e-12
3.026	5.47975e-12
3.028	9.80319e-12
3.03	2.92307e-12
3.032	9.84999e-12
3.034	2.94389e-12
3.036	1.00073e-11
3.038	-5.68102e-12
3.04	7.50546e-12
3.042	5.50954e-12
3.044	-4.36739e-12
3.046	-9.19848e-12
3.048	-4.46369e-12
3.05	-4.02811e-12
3.052	-3.91372e-12
3.054	-9.46662e-12
3.056	2.65612e-12
3.058	-6.14816e-12
3.06	6.82085e-12
3.062	2.5639e-12
3.064	-6.20812e-12
3.066	-2.74776e-12
3.068	4.37946e-12
3.07	2.60811e-12
3.072	6.09822e-12
3.074	2.48564e-12
3.076	5.24079e-12
3.078	-4.05516e-12
3.08	-8.5714e-12
3.082	4.9259e-12
3.084	4.47778e-12
3.086	4.97258e-12
3.088	-3.77279e-12
3.09	2.95243e-12
3.092	4.73987e-12
3.094	-8.31625e-12
3.096	3.01311e-12
3.098	5.81671e-12
3.1	5.63887e-12
3.102	-8.2351e-12
3.104	9.08539e-12
3.106	-8.99517e-12
3.108	-4.83665e-12
3.11	3.42567e-12
3.112	-7.98532e-12
3.114	3.48346e-12
3.116	5.71748e-12
3.118	-8.37891e-12
3.12	3.34532e-12
3.122	3.57116e-12
3.124	-2.67316e-12
3.126	-3.31141e-12
3.128	-1.76041e-12
3.13	1.97382e-12
3.132	-1.97069e-12
3.134	-3.25153e-12
3.136	-3.12388e-12
3.138	-1.85867e-12
3.14	6.9834e-12
3.142	-3.2949e-12
3.144	-3.80787e-12
3.146	-1.71185e-12
3.148	-1.75956e-12
3.15	-3.53336e-12
3.152	-1.75567e-12
3.154	8.63963e-12
3.156	-3.17375e-12
3.158	-3.81205e-12
3.16	-1.87035e-12
3.162	-9.59633e-12
3.164	8.68483e-12
3.166	4.95731e-12
3.168	-3.80268e-12
3.17	-1.86145e-12
3.172	-2.77427e-12
3.174	-2.47515e-12
3.176	-1.92425e-12
3.178	-4.81653e-12
3.18	-2.40184e-12
3.182	-4.01687e-12
3.184	-4.13141e-12
3.186	-2.6762e-12
3.188	3.10394e-12
3.19	-1.46915e-12
3.192	3.98894e-12
3.194	-2.45225e-12
3.196	-2.50969e-12
3.198	-1.86764e-12
3.2	-2.99462e-12
3.202	6.78857e-12
3.204	6.94044e-12
3.206	-2.54484e-12
3.208	-2.90273e-12
3.21	-2.01064e-12
3.212	7.69795e-12
3.214	5.58347e-12
3.216	-2.08182e-12
3.218	8.38065e-12
3.22	4.29787e-12
3.222	6.751e-12
3.224	-2.63902e-12
3.226	-2.35187e-12
3.228	-1.72991e-12
3.23	-2.71261e-12
3.232	6.85245e-12
3.234	6.72961e-12
3.236	-1.96561e-12
3.238	-2.85875e-12
3.24	6.86582e-12
3.242	6.9597e-12
3.244	6.52769e-12
3.246	7.3546e-12
3.248	-1.46924e-12
3.25	-1.85256e-12
3.252	7.56205e-12
3.254	-1.61978e-12
3.256	6.59915e-12
3.258	-2.19378e-12
3.26	-1.65873e-12
3.262	-1.96296e-12
3.264	-1.8063e-12
3.266	-1.82523e-12
3.268	-1.15074e-12
3.27	-2.27533e-12
3.272	-1.38024e-12
3.274	-1.61008e-12
3.276	-1.46899e-12
3.278	-1.6072e-12
3.28	-1.63531e-12
3.282	-1.86242e-12
3.284	-1.58814e-12
3.286	-1.63735e-12
3.288	-2.53063e-12
3.29	-1.96452e-12
3.292	-1.53288e-12
3.294	-2.07175e-12
3.296	-1.9537e-12
3.298	5.87886e-12
3.3	-2.541e-12
3.302	-2.43822e-12
3.304	-2.0672e-12
3.306	-1.88695e-12
3.308	-2.12229e-12
3.31	-2.23263e-12
3.312	5.82801e-12
3.314	-2.41154e-12
3.316	5.81618e-12
3.318	-1.63564e-12
3.32	-2.37596e-12
3.322	5.78551e-12
3.324	-2.07761e-12
3.326	-1.30313e-12
3.328	6.56886e-12
3.33	-1.75145e-12
3.332	6.59533e-12
3.334	5.93381e-12
3.336	5.97294e-12
3.338	6.2874e-12
3.34	5.88506e-12
3.342	6.28375e-12
3.344	6.58105e-12
3.346	6.22794e-12
3.348	-1.29317e-12
3.35	6.25069e-12
3.352	-1.25375e-12
3.354	-1.31373e-12
3.356	6.35735e-12
3.358	5.9932e-12
3.36	-1.36768e-12
3.362	6.8787e-12
3.364	-1.40856e-12
3.366	-1.28895e-12
3.368	-1.53382e-12
3.37	6.72012e-12
3.372	-1.27517e-12
3.374	-1.59107e-12
3.376	-1.42057e-12
3.378	-1.54e-12
3.38	-1.61566e-12
3.382	-1.38095e-12
3.384	-1.26816e-12
3.386	-1.65512e-12
3.388	-1.7255e-12
3.39	-1.70805e-12
3.392	-1.7162e-12
3.394	-1.83183e-12
3.396	-1.4687e-12
3.398	-1.93424e-12
3.4	-1.74046e-12
3.402	-1.95448e-12
3.404	-1.8127e-12
3.406	-1.99516e-12
3.408	-1.69066e-12
3.41	-2.1012e-12
3.412	-2.00656e-12
3.414	-1.99623e-12
3.416	-2.03999e-12
3.418	-2.00585e-12
3.42	-1.90809e-12
3.422	-1.94829e-12
3.424	-1.78426e-12
3.426	-1.69453e-12
3.428	-1.52024e-12
3.43	-1.46677e-12
3.432	-1.35857e-12
3.434	-1.52329e-12
3.436	5.09701e-12
3.438	-2.73099e-12
3.44	6.20014e-12
3.442	-1.50531e-12
3.444	-1.37941e-12
3.446	6.40163e-12
3.448	-1.40903e-12
3.45	2.05642e-12
3.452	2.26951e-12
3.454	-5.23961e-12
3.456	-5.40387e-12
3.458	2.53771e-12
3.46	-5.6887e-12
3.462	1.86068e-12
3.464	-4.6286e-12
3.466	-5.37117e-12
3.468	-3.80059e-12
3.47	1.50224e-12
3.472	2.52473e-12
3.474	1.57403e-12
3.476	-1.97208e-12
3.478	2.85918e-12
3.48	-1.14941e-12
3.482	-5.3129e-12
3.484	3.55211e-12
3.486	-5.30563e-12
3.488	3.60113e-12
3.49	2.2412e-12
3.492	-3.14155e-12
3.494	2.15235e-12
3.496	1.94186e-12
3.498	3.59795e-12
3.5	4.2054e-12
3.502	2.49328e-12
3.504	2.5717e-12
3.506	2.54732e-12
3.508	-4.87918e-12
3.51	3.08647e-12
3.512	-4.86491e-12
3.514	2.16037e-12
3.516	1.60297e-12
3.518	2.58591e-12
3.52	-5.14724e-12
3.522	-5.04506e-12
3.524	1.3639e-12
3.526	1.77593e-12
3.528	2.06545e-12
3.53	1.54746e-12
3.532	-5.8e-12
3.534	-4.76992e-12
3.536	1.43819e-12
3.538	-5.3112e-12
3.54	2.11421e-12
3.542	1.74897e-12
3.544	2.02596e-12
3.546	1.67011e-12
3.548	2.07148e-12
3.55	2.12769e-12
3.552	1.73144e-12
3.554	2.01337e-12
3.556	1.94674e-12
3.558	1.59921e-12
3.56	1.56252e-12
3.562	1.20681e-12
3.564	1.74634e-12
3.566	1.87635e-12
3.568	-5.46481e-12
3.57	1.9227e-12
3.572	-4.59405e-12
3.574	1.89188e-12
3.576	-4.90431e-12
3.578	2.29334e-12
3.58	2.23044e-12
3.582	-5.32315e-12
3.584	1.68076e-12
3.586	1.41404e-12
3.588	1.617e-12
3.59	2.29228e-12
3.592	2.179e-12
3.594	1.51573e-12
3.596	1.52639e-12
3.598	-4.84449e-12
3.6	1.38989e-12
3.602	2.30368e-12
3.604	1.56241e-12
3.606	-5.03982e-12
3.608	1.25482e-12
3.61	1.77273e-12
3.612	2.01149e-12
3.614	-4.70216e-12
3.616	-4.48907e-12
3.618	-4.93771e-12
3.62	-4.67496e-12
3.622	-5.45919e-12
3.624	-4.67758e-12
3.626	1.31059e-12
3.628	-5.17047e-12
3.63	-5.55739e-12
3.632	1.18561e-12
3.634	-5.38475e-12
3.636	-5.4994e-12
3.638	-5.48328e-12
3.64	1.28882e-12
3.642	-4.70261e-12
3.644	1.32652e-12
3.646	-5.13596e-12
3.648	1.4004e-12
3.65	-4.93597e-12
3.652	1.19966e-12
3.654	-5.29523e-12
3.656	-5.1712e-12
3.658	-5.30851e-12
3.66	-5.34013e-12
3.662	-4.71318e-12
3.664	1.31171e-12
3.666	1.16024e-12
3.668	-5.14893e-12
3.67	1.19538e-12
3.672	-4.57019e-12
3.674	1.3109e-12
3.676	1.95165e-12
3.678	1.26902e-12
3.68	-5.16498e-12
3.682	1.18942e-12
3.684	-5.07879e-12
3.686	1.17467e-12
3.688	1.31694e-12
3.69	-4.7068e-12
3.692	-4.23955e-12
3.694	1.39517e-12
3.696	-4.97161e-12
3.698	-5.26419e-12
3.7	1.14742e-12
3.702	1.25302e-12
3.704	-4.3411e-12
3.706	1.45178e-12
3.708	1.93174e-12
3.71	1.50895e-12
3.712	1.24068e-12
3.714	1.21172e-12
3.716	1.23013e-12
3.718	1.73454e-12
3.72	1.46959e-12
3.722	1.4645e-12
3.724	-5.12224e-12
3.726	1.27195e-12
3.728	1.75296e-12
3.73	1.42732e-12
3.732	1.354e-12
3.734	-4.95861e-12
3.736	1.14336e-12
3.738	1.49442e-12
3.74	1.74978e-12
3.742	1.42821e-12
3.744	1.14159e-12
3.746	1.34872e-12
3.748	1.30008e-12
3.75	1.27485e-12
3.752	1.15922e-12
3.754	1.26174e-12
3.756	1.2372e-12
3.758	1.24781e-12
3.76	1.24664e-12
3.762	1.24364e-12
3.764	1.24263e-12
3.766	1.24171e-12
3.768	1.20314e-12
3.77	1.31312e-12
3.772	1.25897e-12
3.774	1.23048e-12
3.776	1.24152e-12
3.778	1.25599e-12
3.78	1.14037e-12
3.782	1.1558e-12
3.784	1.18612e-12
3.786	1.22303e-12
3.788	1.21954e-12
3.79	1.15655e-12
3.792	1.20046e-12
3.794	1.17077e-12
3.796	1.17526e-12
3.798	1.12107e-12
3.8	1.15845e-12
3.802	1.12719e-12
3.804	1.12196e-12
3.806	1.12392e-12
3.808	-4.70995e-12
3.81	-4.56697e-12
3.812	-4.67798e-12
3.814	-4.58749e-12
3.816	-4.5429e-12
3.818	-4.48058e-12
3.82	-4.42064e-12
3.822	-4.3355e-12
3.824	-4.33386e-12
3.826	-4.431e-12
3.828	-3.81032e-12
3.83	-4.07931e-12
3.832	-4.51476e-12
3.834	-3.98924e-12
3.836	-4.14814e-12
3.838	-3.73249e-12
3.84	-3.71223e-12
3.842	-3.95724e-12
3.844	-3.9557e-12
3.846	-3.92729e-12
3.848	-3.90885e-12
3.85	-3.90124e-12
3.852	-3.92364e-12
3.854	-3.89766e-12
3.856	-3.9088e-12
3.858	-4.13261e-12
3.86	1.79615e-12
3.862	-4.14959e-12
3.864	1.82227e-12
3.866	-4.06711e-12
3.868	-3.82042e-12
3.87	-3.98479e-12
3.872	-3.95582e-12
3.874	-3.96144e-12
3.876	-3.91435e-12
3.878	-3.84152e-12
3.88	-3.72897e-12
3.882	-3.59433e-12
3.884	-3.50329e-12
3.886	1.8628e-12
3.888	-4.08664e-12
3.89	-3.7595e-12
3.892	-3.73363e-12
3.894	1.23844e-12
3.896	-3.72529e-12
3.898	-3.98145e-12
3.9	-3.94302e-12
3.902	-3.66993e-12
3.904	-3.98253e-12
3.906	-3.88318e-12
3.908	-4.06017e-12
3.91	1.87507e-12
3.912	-3.54737e-12
3.914	1.91787e-12
3.916	-3.60582e-12
3.918	-3.63858e-12
3.92	-3.60717e-12
3.922	-3.5506e-12
3.924	-3.55281e-12
3.926	2.02322e-12
3.928	-3.44314e-12
3.93	1.9291e-12
3.932	-3.4313e-12
3.934	1.62588e-12
3.936	1.99067e-12
3.938	1.80782e-12
3.94	1.78659e-12
3.942	1.75757e-12
3.944	1.67789e-12
3.946	1.68225e-12
3.948	1.58856e-12
3.95	1.55476e-12
3.952	1.58754e-12
3.954	-3.52734e-12
3.956	-3.19618e-12
3.958	-3.09589e-12
3.96	2.47077e-12
3.962	-2.86616e-12
3.964	-2.66331e-12
3.966	-1.83277e-12
3.968	-1.26271e-12
3.97	1.9026e-12
3.972	-7.46691e-13
3.974	7.57698e-13
3.976	8.51861e-13
3.978	6.38557e-13
3.98	6.53154e-13
3.982	9.15481e-13
3.984	1.19888e-12
3.986	1.55326e-12
3.988	1.83135e-12
3.99	2.13289e-12
3.992	-2.67764e-12
3.994	-2.6454e-12
3.996	-2.06299e-12
3.998	-1.76789e-12
4	-1.47436e-12
4.002	-1.30808e-12
4.004	-1.24497e-12
4.006	-1.32583e-12
4.008	3.6144e-12
4.01	-2.04727e-12
4.012	-1.27894e-12
4.014	-1.22051e-12
4.016	-1.24536e-12
4.018	4.19976e-12
4.02	-1.13609e-12
4.022	4.25925e-12
4.024	4.28737e-12
4.026	-1.08445e-12
4.028	4.24724e-12
4.03	-1.47579e-12
4.032	-1.15298e-12
4.034	-1.22293e-12
4.036	-1.21196e-12
4.038	-1.21302e-12
4.04	-1.22281e-12
4.042	-1.14101e-12
4.044	-1.15639e-12
4.046	-1.08461e-12
4.048	-1.1765e-12
4.05	4.02528e-12
4.052	-1.60382e-12
4.054	-1.60154e-12
4.056	-1.63203e-12
4.058	-1.64057e-12
4.06	-1.69394e-12
4.062	-1.62124e-12
4.064	-1.58322e-12
4.066	-1.55632e-12
4.068	-1.51937e-12
4.07	-1.58262e-12
4.072	-1.49097e-12
4.074	-1.70753e-12
4.076	3.49815e-12
4.078	4.13778e-12
4.08	-1.19492e-12
4.082	-1.28064e-12
4.084	-1.33402e-12
4.086	-1.38472e-12
4.088	-1.3675e-12
4.09	-1.34103e-12
4.092	-1.31379e-12
4.094	-1.27306e-12
4.096	-1.27172e-12
4.098	-1.23742e-12
4.1	-1.21458e-12
4.102	-1.19296e-12
4.104	-1.17214e-12
4.106	-1.15086e-12
4.108	-1.13616e-12
4.11	-1.12657e-12
4.112	-1.11534e-12
4.114	-1.10493e-12
4.116	-1.09485e-12
4.118	-1.10401e-12
4.12	-1.1031e-12
4.122	-1.09229e-12
4.124	-1.10021e-12
4.126	-1.09926e-12
4.128	-1.10547e-12
4.13	-1.1113e-12
4.132	-1.1185e-12
4.134	-1.12615e-12
4.136	-1.13361e-12
4.138	-1.13931e-12
4.14	-1.1138e-12
4.142	-1.26531e-12
4.144	-1.12705e-12
4.146	-1.20819e-12
4.148	-1.18126e-12
4.15	-1.20767e-12
4.152	-1.20913e-12
4.154	-1.22052e-12
4.156	-1.22539e-12
4.158	-1.23126e-12
4.16	-1.23537e-12
4.162	-1.23744e-12
4.164	-1.23525e-12
4.166	-1.23852e-12
4.168	-1.23455e-12
4.17	-1.23129e-12
4.172	-1.22558e-12
4.174	-1.22031e-12
4.176	-1.21342e-12
4.178	-1.20445e-12
4.18	-1.19433e-12
4.182	-1.1859e-12
4.184	-1.17574e-12
4.186	-1.16691e-12
4.188	-1.15879e-12
4.19	-1.15253e-12
4.192	-1.14825e-12
4.194	-1.14613e-12
4.196	-1.14823e-12
4.198	-1.15278e-12
4.2	-1.16159e-12
4.202	-1.1735e-12
4.204	-1.2055e-12
4.206	-1.23107e-12
4.208	-1.25312e-12
4.21	-1.28695e-12
4.212	-1.33236e-12
4.214	-1.38493e-12
4.216	-1.4245e-12
4.218	-1.45248e-12
4.22	-1.49064e-12
4.222	-1.50206e-12
4.224	-1.47823e-12
4.226	-1.41488e-12
4.228	-1.32299e-12
4.23	-1.43559e-12
4.232	-1.60133e-12
4.234	3.56488e-12
4.236	-1.43696e-12
4.238	-1.38881e-12
4.24	-1.248e-12
4.242	-1.19613e-12
4.244	-1.16187e-12
4.246	-1.15508e-12
4.248	-1.1618e-12
4.25	-1.16737e-12
4.252	-1.17459e-12
4.254	-1.17503e-12
4.256	-1.18153e-12
4.258	-1.18689e-12
4.26	-1.17487e-12
4.262	-1.16215e-12
4.264	-1.15002e-12
4.266	-1.14844e-12
4.268	-1.09386e-12
4.27	-1.09855e-12
4.272	-1.0869e-12
4.274	-1.0798e-12
4.276	-1.33165e-12
4.278	-1.308e-12
4.28	-1.31689e-12
4.282	-1.40012e-12
4.284	-1.52318e-12
4.286	-1.6568e-12
4.288	3.58652e-12
4.29	3.68392e-12
4.292	3.56595e-12
4.294	-1.17436e-12
4.296	-1.30046e-12
4.298	-1.2192e-12
4.3	-1.2067e-12
4.302	-1.22092e-12
4.304	-1.28471e-12
4.306	-1.30796e-12
4.308	-1.34138e-12
4.31	-1.3533e-12
4.312	-1.36683e-12
4.314	-1.37286e-12
4.316	-1.38056e-12
4.318	-1.39555e-12
4.32	-1.3967e-12
4.322	-1.40602e-12
4.324	-1.42187e-12
4.326	-1.42792e-12
4.328	-1.44243e-12
4.33	-1.45885e-12
4.332	-1.48385e-12
4.334	-1.50986e-12
4.336	-1.5392e-12
4.338	-1.57937e-12
4.34	3.39455e-12
4.342	3.47068e-12
4.344	3.56622e-12
4.346	3.6538e-12
4.348	3.72964e-12
4.35	3.8267e-12
4.352	-1.21671e-12
4.354	-8.24905e-13
4.356	-1.51976e-12
4.358	-1.26073e-12
4.36	-1.52836e-12
4.362	-1.03099e-12
4.364	-9.08798e-13
4.366	3.40092e-12
4.368	-1.45423e-12
4.37	-1.44907e-12
4.372	-1.4418e-12
4.374	-1.41927e-12
4.376	-1.41765e-12
4.378	-1.41063e-12
4.38	-1.40725e-12
4.382	-1.40033e-12
4.384	-1.38625e-12
4.386	-1.38106e-12
4.388	-1.38281e-12
4.39	-1.37765e-12
4.392	-1.37318e-12
4.394	-1.36827e-12
4.396	-1.36254e-12
4.398	-1.35748e-12
4.4	-1.35273e-12
4.402	-1.34746e-12
4.404	-1.34302e-12
4.406	-1.33687e-12
4.408	-1.33142e-12
4.41	-1.32631e-12
4.412	-1.32147e-12
4.414	-1.31592e-12
4.416	-1.31201e-12
4.418	-1.30639e-12
4.42	-1.30177e-12
4.422	-1.29555e-12
4.424	-1.29341e-12
4.426	-1.28767e-12
4.428	-1.28238e-12
4.43	-1.27844e-12
4.432	-1.2739e-12
4.434	-1.26961e-12
4.436	-1.26558e-12
4.438	-1.26072e-12
4.44	-1.25662e-12
4.442	-1.25263e-12
4.444	-1.25085e-12
4.446	-1.24555e-12
4.448	-1.24233e-12
4.45	-1.23835e-12
4.452	-1.23608e-12
4.454	-1.23297e-12
4.456	-1.22981e-12
4.458	-1.22607e-12
4.46	-1.22376e-12
4.462	-1.22306e-12
4.464	-1.22105e-12
4.466	-1.21937e-12
4.468	-1.21739e-12
4.47	-1.2159e-12
4.472	-1.21498e-12
4.474	-1.2142e-12
4.476	-1.21374e-12
4.478	-1.21362e-12
4.48	-1.21406e-12
4.482	-1.21412e-12
4.484	-1.21488e-12
4.486	-1.2163e-12
4.488	-1.21719e-12
4.49	-1.21959e-12
4.492	-1.2221e-12
4.494	-1.22394e-12
4.496	-1.22749e-12
4.498	-1.23014e-12
4.5	-1.23205e-12
4.502	-1.24491e-12
4.504	-1.24214e-12
4.506	-1.24963e-12
4.508	-1.25461e-12
4.51	-1.26098e-12
4.512	-1.26867e-12
4.514	-1.2754e-12
4.516	-1.28146e-12
4.518	-1.29016e-12
4.52	-1.2992e-12
4.522	-1.30848e-12
4.524	-1.31834e-12
4.526	-1.32821e-12
4.528	-1.337e-12
4.53	-1.34909e-12
4.532	-1.36137e-12
4.534	-1.37333e-12
4.536	-1.386e-12
4.538	-1.39709e-12
4.54	-1.41126e-12
4.542	3.09412e-12
4.544	3.12515e-12
4.546	3.15361e-12
4.548	3.18184e-12
4.55	3.20985e-12
4.552	3.24238e-12
4.554	3.27539e-12
4.556	3.30344e-12
4.558	3.33074e-12
4.56	3.35838e-12
4.562	3.3828e-12
4.564	3.40881e-12
4.566	3.42438e-12
4.568	3.46815e-12
4.57	3.45986e-12
4.572	3.48436e-12
4.574	3.48878e-12
4.576	3.49282e-12
4.578	3.48831e-12
4.58	3.47838e-12
4.582	3.46045e-12
4.584	3.43839e-12
4.586	3.40888e-12
4.588	3.37376e-12
4.59	3.33232e-12
4.592	3.28892e-12
4.594	3.23761e-12
4.596	3.1803e-12
4.598	3.12845e-12
4.6	3.05692e-12
4.602	-1.43857e-12
4.604	-1.41576e-12
4.606	-1.38358e-12
4.608	-1.35746e-12
4.61	-1.33511e-12
4.612	-1.31892e-12
4.614	-1.31061e-12
4.616	-1.31322e-12
4.618	-1.33411e-12
4.62	-1.37822e-12
4.622	-1.45902e-12
4.624	3.13489e-12
4.626	3.07123e-12
4.628	-1.63418e-12
4.63	-1.45309e-12
4.632	-1.22892e-12
4.634	-1.20179e-12
4.636	-1.27655e-12
4.638	-1.34506e-12
4.64	-1.34958e-12
4.642	3.02193e-12
4.644	3.06411e-12
4.646	3.0801e-12
4.648	3.07532e-12
4.65	3.05385e-12
4.652	3.03005e-12
4.654	3.00354e-12
4.656	2.97278e-12
4.658	2.93824e-12
4.66	-1.40031e-12
4.662	-1.38725e-12
4.664	-1.36734e-12
4.666	-1.35092e-12
4.668	-1.33143e-12
4.67	-1.31646e-12
4.672	-1.29963e-12
4.674	-1.28434e-12
4.676	-1.2697e-12
4.678	-1.25686e-12
4.68	-1.24673e-12
4.682	-1.23332e-12
4.684	-1.219e-12
4.686	-1.20603e-12
4.688	-1.19334e-12
4.69	-1.18058e-12
4.692	-1.16138e-12
4.694	-1.17826e-12
4.696	-1.14353e-12
4.698	-1.1396e-12
4.7	-1.12724e-12
4.702	-1.11883e-12
4.704	-1.10839e-12
4.706	-1.09847e-12
4.708	-6.6281e-13
4.71	-7.04492e-13
4.712	-7.70412e-13
4.714	2.94219e-12
4.716	-7.93923e-13
4.718	3.31207e-12
4.72	-7.90533e-13
4.722	-7.95208e-13
4.724	-7.78245e-13
4.726	3.76498e-12
4.728	-9.05567e-13
4.73	-7.49325e-13
4.732	-8.50349e-13
4.734	-1.03837e-12
4.736	-8.12843e-13
4.738	-7.16639e-13
4.74	-7.91839e-13
4.742	3.03896e-12
4.744	-7.79374e-13
4.746	-1.27959e-12
4.748	-7.6855e-13
4.75	-1.2094e-12
4.752	-1.1601e-12
4.754	-1.07452e-12
4.756	-1.17381e-12
4.758	-1.05541e-12
4.76	-1.09976e-12
4.762	-1.02356e-12
4.764	-1.03614e-12
4.766	-9.84768e-13
4.768	-9.81368e-13
4.77	-9.442e-13
4.772	-9.32796e-13
4.774	-9.03807e-13
4.776	-8.88597e-13
4.778	-8.65101e-13
4.78	-8.48439e-13
4.782	-8.28183e-13
4.784	-8.11465e-13
4.786	-7.93567e-13
4.788	-7.77165e-13
4.79	-7.60674e-13
4.792	-7.45026e-13
4.794	-7.29755e-13
4.796	-7.15037e-13
4.798	-7.00457e-13
4.8	-6.86465e-13
4.802	-6.70503e-13
4.804	-6.64044e-13
4.806	-6.45926e-13
4.808	-6.34415e-13
4.81	3.69811e-12
4.812	3.61625e-12
4.814	3.5337e-12
4.816	3.45155e-12
4.818	3.36949e-12
4.82	3.28727e-12
4.822	3.21098e-12
4.824	3.12916e-12
4.826	3.04962e-12
4.828	2.96876e-12
4.83	2.88882e-12
4.832	2.80976e-12
4.834	2.72991e-12
4.836	-1.2596e-12
4.838	-1.22494e-12
4.84	-1.18729e-12
4.842	-1.14916e-12
4.844	-1.11002e-12
4.846	-1.07146e-12
4.848	-1.03196e-12
4.85	-9.92411e-13
4.852	-9.55614e-13
4.854	-9.14929e-13
4.856	-8.76334e-13
4.858	-8.36599e-13
4.86	-7.97823e-13
4.862	-7.58486e-13
4.864	-7.19729e-13
4.866	-6.80633e-13
4.868	-6.42295e-13
4.87	3.55274e-12
4.872	3.35772e-12
4.874	3.08706e-12
4.876	3.13736e-12
4.878	2.69145e-12
4.88	2.59069e-12
4.882	-1.08811e-12
4.884	-1.02904e-12
4.886	-8.99589e-13
4.888	-8.54137e-13
4.89	-7.63549e-13
4.892	-6.95392e-13
4.894	-6.1816e-13
4.896	-5.40123e-13
4.898	2.26221e-12
4.9	1.95405e-12
4.902	1.79468e-12
4.904	-2.79657e-13
4.906	-3.44761e-13
4.908	-5.01578e-13
4.91	-7.39702e-13
4.912	-1.04694e-12
4.914	2.35716e-12
4.916	-2.34345e-12
4.918	-2.54611e-12
4.92	1.26804e-12
4.922	1.27949e-12
4.924	1.31063e-12
4.926	1.30176e-12
4.928	1.28545e-12
4.93	1.23554e-12
4.932	1.16199e-12
4.934	1.06484e-12
4.936	9.71602e-13
4.938	-3.37707e-12
4.94	-3.2962e-12
4.942	-3.2657e-12
4.944	-3.32198e-12
4.946	-3.40377e-12
4.948	-3.37653e-12
4.95	-3.04995e-12
4.952	1.36903e-12
4.954	-3.24838e-12
4.956	-2.84539e-12
4.958	1.27441e-12
4.96	1.0565e-12
4.962	9.4678e-13
4.964	9.32741e-13
4.966	1.00973e-12
4.968	1.5367e-12
4.97	3.48724e-12
4.972	1.12198e-12
4.974	1.33266e-12
4.976	1.48412e-12
4.978	-2.61424e-12
4.98	-2.67583e-12
4.982	-2.69526e-12
4.984	-2.62806e-12
4.986	1.41661e-12
4.988	1.37535e-12
4.99	1.31403e-12
4.992	1.27444e-12
4.994	1.23029e-12
4.996	1.19842e-12
4.998	1.1713e-12
5	1.15966e-12
5.002	1.1684e-12
5.004	1.20909e-12
5.006	1.28145e-12
5.008	1.25695e-12
5.01	1.32338e-12
5.012	1.1669e-12
5.014	-2.99491e-12
5.016	8.83947e-13
5.018	9.24444e-13
5.02	9.42052e-13
5.022	1.01604e-12
5.024	1.01803e-12
5.026	1.03994e-12
5.028	1.01742e-12
5.03	1.00928e-12
5.032	9.87973e-13
5.034	1.00151e-12
5.036	9.89464e-13
5.038	9.90607e-13
5.04	9.93085e-13
5.042	1.00374e-12
5.044	1.01945e-12
5.046	1.03957e-12
5.048	1.05812e-12
5.05	1.06708e-12
5.052	1.1021e-12
5.054	-3.31488e-12
5.056	1.1242e-12
5.058	1.01162e-12
5.06	1.11132e-12
5.062	1.0474e-12
5.064	1.09479e-12
5.066	1.05168e-12
5.068	1.07955e-12
5.07	-2.83664e-12
5.072	9.6911e-13
5.074	8.72611e-13
5.076	7.99884e-13
5.078	8.28852e-13
5.08	7.92605e-13
5.082	7.93393e-13
5.084	7.75589e-13
5.086	7.69341e-13
5.088	-3.4109e-12
5.09	-3.36489e-12
5.092	-3.33253e-12
5.094	-3.32928e-12
5.096	-3.29685e-12
5.098	-3.25041e-12
5.1	-3.21748e-12
5.102	-3.18316e-12
5.104	-3.15321e-12
5.106	-3.12223e-12
5.108	-3.09433e-12
5.11	-3.06652e-12
5.112	-3.0406e-12
5.114	-3.0452e-12
5.116	-2.99507e-12
5.118	-3.00568e-12
5.12	-2.98435e-12
5.122	-2.96582e-12
5.124	-2.94719e-12
5.126	-2.92902e-12
5.128	-2.91127e-12
5.13	-2.89378e-12
5.132	-2.87665e-12
5.134	-2.8597e-12
5.136	-2.84303e-12
5.138	-2.8265e-12
5.14	-2.81023e-12
5.142	-2.79403e-12
5.144	-2.77636e-12
5.146	-2.76084e-12
5.148	-2.74512e-12
5.15	-2.72945e-12
5.152	-2.71321e-12
5.154	-2.69707e-12
5.156	-2.68092e-12
5.158	-2.66482e-12
5.16	-2.64823e-12
5.162	-2.88409e-12
5.164	-3.40314e-12
5.166	1.14159e-12
5.168	-3.31112e-12
5.17	1.11373e-12
5.172	-2.48912e-12
5.174	1.10965e-12
5.176	1.26956e-12
5.178	1.09695e-12
5.18	-2.67256e-12
5.182	-2.6863e-12
5.184	-2.66373e-12
5.186	-2.64394e-12
5.188	-2.61906e-12
5.19	-2.59552e-12
5.192	-2.57131e-12
5.194	-2.5466e-12
5.196	-2.52215e-12
5.198	-2.4968e-12
5.2	1.2969e-12
5.202	1.28306e-12
5.204	1.2693e-12
5.206	1.25526e-12
5.208	1.24124e-12
5.21	1.22699e-12
5.212	1.21271e-12
5.214	1.19826e-12
5.216	1.18375e-12
5.218	1.16916e-12
5.22	1.15446e-12
5.222	1.1397e-12
5.224	1.12488e-12
5.226	1.11e-12
5.228	1.09508e-12
5.23	1.08011e-12
5.232	1.06513e-12
5.234	1.05012e-12
5.236	1.0351e-12
5.238	1.02008e-12
5.24	1.00508e-12
5.242	9.90082e-13
5.244	9.75112e-13
5.246	9.60177e-13
5.248	9.45286e-13
5.25	-3.18003e-12
5.252	-3.24023e-12
5.254	-3.12528e-12
5.256	-3.08567e-12
5.258	-3.02401e-12
5.26	-2.97254e-12
5.262	-2.91658e-12
5.264	-2.86275e-12
5.266	-2.80774e-12
5.268	-2.75341e-12
5.27	-2.6989e-12
5.272	-2.64449e-12
5.274	-2.58831e-12
5.276	1.26847e-12
5.278	1.24539e-12
5.28	1.21416e-12
5.282	1.18703e-12
5.284	1.15721e-12
5.286	1.13161e-12
5.288	1.10346e-12
5.29	1.07619e-12
5.292	1.04891e-12
5.294	1.0219e-12
5.296	9.95062e-13
5.298	9.68454e-13
5.3	9.42062e-13
5.302	9.15909e-13
5.304	8.8999e-13
5.306	8.64318e-13
5.308	8.38903e-13
5.31	8.13749e-13
5.312	7.8886e-13
5.314	7.64239e-13
5.316	7.39882e-13
5.318	7.15793e-13
5.32	-3.58039e-12
5.322	-3.46397e-12
5.324	-3.35476e-12
5.326	-3.2396e-12
5.328	-3.1279e-12
5.33	-3.01544e-12
5.332	-2.90383e-12
5.334	-2.79192e-12
5.336	1.39231e-12
5.338	1.3571e-12
5.34	1.3002e-12
5.342	1.25535e-12
5.344	1.20779e-12
5.346	1.16157e-12
5.348	1.11536e-12
5.35	1.06986e-12
5.352	1.02505e-12
5.354	9.81417e-13
5.356	9.39373e-13
5.358	8.99572e-13
5.36	8.62762e-13
5.362	8.29774e-13
5.364	8.01512e-13
5.366	7.7892e-13
5.368	7.62805e-13
5.37	7.54288e-13
5.372	7.53939e-13
5.374	7.62561e-13
5.376	7.80753e-13
5.378	8.09259e-13
5.38	8.48583e-13
5.382	8.87361e-13
5.384	9.57596e-13
5.386	1.02173e-12
5.388	1.09984e-12
5.39	1.23473e-12
5.392	1.32362e-12
5.394	-1.80268e-12
5.396	-1.90183e-12
5.398	-2.02037e-12
5.4	-2.12965e-12
5.402	-2.23344e-12
5.404	-2.33462e-12
5.406	-2.43078e-12
5.408	-2.52295e-12
5.41	-2.6098e-12
5.412	1.78223e-12
5.414	1.88194e-12
5.416	1.99287e-12
5.418	2.10034e-12
5.42	2.20837e-12
5.422	2.31462e-12
5.424	2.42086e-12
5.426	-1.48514e-12
5.428	-1.49541e-12
5.43	-1.51185e-12
5.432	-1.52043e-12
5.434	-1.52477e-12
5.436	-1.52432e-12
5.438	-1.51878e-12
5.44	-1.50811e-12
5.442	-1.49234e-12
5.444	-1.47172e-12
5.446	-1.44677e-12
5.448	-1.41823e-12
5.45	-1.38704e-12
5.452	-1.35419e-12
5.454	-1.32059e-12
5.456	-1.28682e-12
5.458	-1.25297e-12
5.46	-1.21844e-12
5.462	-1.18194e-12
5.464	-1.14154e-12
5.466	-1.09496e-12
5.468	-1.04018e-12
5.47	-9.76427e-13
5.472	2.70166e-12
5.474	2.73551e-12
5.476	-1.68049e-12
5.478	-1.14712e-12
5.48	-1.23886e-12
5.482	-1.44148e-12
5.484	-1.62852e-12
5.486	2.81522e-12
5.488	2.90524e-12
5.49	3.03498e-12
5.492	3.1061e-12
5.494	3.16817e-12
5.496	3.21807e-12
5.498	3.26292e-12
5.5	3.3026e-12
5.502	3.33878e-12
5.504	3.37113e-12
5.506	3.39981e-12
5.508	3.42441e-12
5.51	3.44478e-12
5.512	3.46063e-12
5.514	-9.06484e-13
5.516	-9.08088e-13
5.518	-9.01059e-13
5.52	3.48534e-12
5.522	3.46073e-12
5.524	3.45862e-12
5.526	3.43741e-12
5.528	3.41887e-12
5.53	3.39467e-12
5.532	3.36736e-12
5.534	3.3373e-12
5.536	3.30506e-12
5.538	3.27135e-12
5.54	3.23682e-12
5.542	3.20211e-12
5.544	3.16803e-12
5.546	3.13498e-12
5.548	3.10327e-12
5.55	3.06895e-12
5.552	3.04366e-12
5.554	3.02574e-12
5.556	3.00864e-12
5.558	2.99553e-12
5.56	2.98643e-12
5.562	2.98225e-12
5.564	2.9828e-12
5.566	2.98819e-12
5.568	2.99811e-12
5.57	3.01233e-12
5.572	3.03037e-12
5.574	3.05174e-12
5.576	3.07696e-12
5.578	3.10412e-12
5.58	3.13152e-12
5.582	3.15948e-12
5.584	3.1868e-12
5.586	3.2126e-12
5.588	3.23584e-12
5.59	3.25548e-12
5.592	3.27058e-12
5.594	3.28015e-12
5.596	3.28353e-12
5.598	3.28041e-12
5.6	3.26832e-12
5.602	3.25528e-12
5.604	3.23974e-12
5.606	3.22414e-12
5.608	-8.2055e-13
5.61	-8.2494e-13
5.612	3.60362e-12
5.614	3.57777e-12
5.616	3.57286e-12
5.618	3.56502e-12
5.62	3.41673e-12
5.622	-1.39146e-12
5.624	-1.22442e-12
5.626	3.11606e-12
5.628	-8.61573e-13
5.63	-9.22531e-13
5.632	-9.02927e-13
5.634	-8.49948e-13
5.636	3.51583e-12
5.638	3.31827e-12
5.64	3.1491e-12
5.642	2.99392e-12
5.644	2.85439e-12
5.646	2.7324e-12
5.648	-1.36518e-12
5.65	-1.31727e-12
5.652	-1.27593e-12
5.654	-1.24311e-12
5.656	-1.21756e-12
5.658	-1.19878e-12
5.66	-1.18561e-12
5.662	-1.17706e-12
5.664	-1.1722e-12
5.666	-1.17014e-12
5.668	-1.17013e-12
5.67	-1.1715e-12
5.672	-1.17367e-12
5.674	-1.17614e-12
5.676	-1.17847e-12
5.678	-1.1804e-12
5.68	-1.18153e-12
5.682	-1.18165e-12
5.684	-1.18048e-12
5.686	-1.17815e-12
5.688	-1.17432e-12
5.69	-1.16893e-12
5.692	-1.16197e-12
5.694	-1.15342e-12
5.696	-1.14334e-12
5.698	-1.13179e-12
5.7	-1.11894e-12
5.702	-1.105e-12
5.704	-1.09021e-12
5.706	-1.07527e-12
5.708	-1.06055e-12
5.71	-1.04715e-12
5.712	-1.03601e-12
5.714	-1.0288e-12
5.716	-1.02746e-12
5.718	-1.03496e-12
5.72	3.20864e-12
5.722	-1.07728e-12
5.724	-7.94482e-13
5.726	-9.91501e-13
5.728	3.55101e-12
5.73	-1.01737e-12
5.732	3.32387e-12
5.734	-1.11822e-12
5.736	3.12287e-12
5.738	-1.3206e-12
5.74	2.94974e-12
5.742	-1.07055e-12
5.744	-1.29119e-12
5.746	-1.13082e-12
5.748	-1.15016e-12
5.75	-1.11853e-12
5.752	-1.1037e-12
5.754	-1.15701e-12
5.756	-1.13599e-12
5.758	-1.12602e-12
5.76	-1.1211e-12
5.762	-1.12315e-12
5.764	-1.1389e-12
5.766	-1.17485e-12
5.768	-1.24145e-12
5.77	-1.35254e-12
5.772	2.91753e-12
5.774	3.35301e-12
5.776	-8.55425e-13
5.778	-8.82987e-13
5.78	3.62899e-12
5.782	-8.49634e-13
5.784	-8.83352e-13
5.786	-1.06948e-12
5.788	3.40755e-12
5.79	-1.35665e-12
5.792	2.87386e-12
5.794	3.12987e-12
5.796	3.30337e-12
5.798	3.41049e-12
5.8	3.43147e-12
5.802	3.39693e-12
5.804	3.32618e-12
5.806	3.23184e-12
5.808	3.12601e-12
5.81	3.01869e-12
5.812	2.91606e-12
5.814	2.82111e-12
5.816	-1.37038e-12
5.818	-1.32864e-12
5.82	-1.29006e-12
5.822	-1.25519e-12
5.824	-1.2234e-12
5.826	-1.19436e-12
5.828	-1.16778e-12
5.83	-1.14331e-12
5.832	-1.12074e-12
5.834	-1.09987e-12
5.836	-1.08052e-12
5.838	-1.06253e-12
5.84	-1.04577e-12
5.842	-1.0301e-12
5.844	-1.01541e-12
5.846	-1.0016e-12
5.848	-9.88578e-13
5.85	-9.76246e-13
5.852	-9.64525e-13
5.854	-9.53342e-13
5.856	-9.42627e-13
5.858	-9.32318e-13
5.86	-9.22358e-13
5.862	-9.12693e-13
5.864	-9.03277e-13
5.866	-8.94067e-13
5.868	-8.85023e-13
5.87	-8.76114e-13
5.872	-8.67307e-13
5.874	-8.58578e-13
5.876	-8.49901e-13
5.878	-8.41293e-13
5.88	-8.32649e-13
5.882	-8.24006e-13
5.884	-8.1537e-13
5.886	-8.06703e-13
5.888	-7.98007e-13
5.89	-7.89234e-13
5.892	-7.80448e-13
5.894	-7.71577e-13
5.896	-7.62638e-13
5.898	-7.53618e-13
5.9	-7.44511e-13
5.902	-7.35312e-13
5.904	-7.2601e-13
5.906	3.75986e-12
5.908	3.70653e-12
5.91	3.66162e-12
5.912	3.61282e-12
5.914	3.5636e-12
5.916	3.5137e-12
5.918	3.46314e-12
5.92	3.41244e-12
5.922	3.35943e-12
5.924	3.30734e-12
5.926	3.25489e-12
5.928	3.20191e-12
5.93	3.1488e-12
5.932	3.09579e-12
5.934	3.04315e-12
5.936	2.99121e-12
5.938	2.94035e-12
5.94	2.89107e-12
5.942	2.84393e-12
5.944	2.79958e-12
5.946	-1.33934e-12
5.948	-1.32108e-12
5.95	-1.30707e-12
5.952	-1.29618e-12
5.954	-1.29011e-12
5.956	-1.28944e-12
5.958	-1.29547e-12
5.96	-1.30935e-12
5.962	-1.33258e-12
5.964	-1.36668e-12
5.966	2.84846e-12
5.968	2.98992e-12
5.97	3.11293e-12
5.972	3.27762e-12
5.974	3.46095e-12
5.976	3.65584e-12
5.978	-7.99012e-13
5.98	-8.27499e-13
5.982	-8.48397e-13
5.984	-8.05502e-13
5.986	-1.48633e-12
5.988	-1.62052e-12
5.99	3.17069e-12
5.992	3.23619e-12
5.994	-7.98256e-13
5.996	-9.25046e-13
5.998	-1.07606e-12
6	-1.1827e-12
6.002	-1.26496e-12
6.004	-1.32653e-12
6.006	-1.3722e-12
6.008	-1.4054e-12
6.01	-1.42859e-12
6.012	-1.4436e-12
6.014	2.83146e-12
6.016	2.85133e-12
6.018	2.84825e-12
6.02	2.84305e-12
6.022	2.83213e-12
6.024	-1.43089e-12
6.026	-1.41759e-12
6.028	-1.40555e-12
6.03	-1.39288e-12
6.032	-1.37884e-12
6.034	-1.36439e-12
6.036	-1.3498e-12
6.038	-1.33516e-12
6.04	-1.32059e-12
6.042	-1.30615e-12
6.044	-1.29189e-12
6.046	-1.27786e-12
6.048	-1.2641e-12
6.05	-1.25061e-12
6.052	-1.23743e-12
6.054	-1.22457e-12
6.056	-1.21202e-12
6.058	-1.19979e-12
6.06	-1.18789e-12
6.062	-1.17631e-12
6.064	-1.16505e-12
6.066	-1.1541e-12
6.068	-1.14346e-12
6.07	-1.14936e-12
6.072	-1.13769e-12
6.074	-1.12718e-12
6.076	-1.11627e-12
6.078	-1.10573e-12
6.08	-1.09551e-12
6.082	-1.08562e-12
6.084	-1.07605e-12
6.086	-1.06679e-12
6.088	-1.05781e-12
6.09	-1.04912e-12
6.092	-1.04068e-12
6.094	-1.0325e-12
6.096	-1.02456e-12
6.098	-1.01684e-12
6.1	-1.00934e-12
6.102	-1.00208e-12
6.104	-9.94909e-13
6.106	-9.8797e-13
6.108	-9.81311e-13
6.11	-9.75406e-13
6.112	-9.69028e-13
6.114	-9.62752e-13
6.116	-9.56625e-13
6.118	-9.50646e-13
6.12	-9.44774e-13
6.122	-9.39061e-13
6.124	-9.33457e-13
6.126	-9.27974e-13
6.128	-9.22597e-13
6.13	-9.17335e-13
6.132	-9.12177e-13
6.134	-9.07115e-13
6.136	-9.0214e-13
6.138	-8.97264e-13
6.14	-8.92474e-13
6.142	-8.87768e-13
6.144	-8.83146e-13
6.146	-8.78602e-13
6.148	-8.74134e-13
6.15	-8.69742e-13
6.152	-8.65421e-13
6.154	-1.32018e-12
6.156	-1.29089e-12
6.158	-1.27465e-12
6.16	-1.27023e-12
6.162	-1.26282e-12
6.164	-1.25658e-12
6.166	-1.2502e-12
6.168	-1.24416e-12
6.17	-1.2383e-12
6.172	-1.23266e-12
6.174	-1.22723e-12
6.176	-1.22201e-12
6.178	-1.21701e-12
6.18	-1.21224e-12
6.182	-1.20768e-12
6.184	-1.20336e-12
6.186	-1.19926e-12
6.188	-1.19541e-12
6.19	-1.19179e-12
6.192	-1.18842e-12
6.194	-1.1853e-12
6.196	-1.18244e-12
6.198	-1.17983e-12
6.2	-1.17749e-12
6.202	-1.17542e-12
6.204	-1.17363e-12
6.206	-1.17211e-12
6.208	-1.17089e-12
6.21	-1.16997e-12
6.212	-1.16936e-12
6.214	-1.16911e-12
6.216	-1.16909e-12
6.218	-1.16837e-12
6.22	-1.16893e-12
6.222	-1.16999e-12
6.224	-1.17144e-12
6.226	-1.17291e-12
6.228	-1.17473e-12
6.23	-1.1769e-12
6.232	-1.1794e-12
6.234	-1.1904e-12
6.236	-1.19633e-12
6.238	-1.20041e-12
6.24	-1.205e-12
6.242	-1.20987e-12
6.244	-1.21514e-12
6.246	-1.22079e-12
6.248	-1.22681e-12
6.25	-1.2332e-12
6.252	-1.23997e-12
6.254	-1.24712e-12
6.256	-1.25465e-12
6.258	-1.26257e-12
6.26	-1.27089e-12
6.262	-1.27959e-12
6.264	-1.2887e-12
6.266	-1.29819e-12
6.268	-1.30813e-12
6.27	-1.31843e-12
6.272	-1.32918e-12
6.274	-1.34034e-12
6.276	-1.35192e-12
6.278	-1.36395e-12
6.28	-1.3764e-12
6.282	-1.38931e-12
6.284	-1.40267e-12
6.286	2.83579e-12
6.288	2.86281e-12
6.29	2.89036e-12
6.292	2.98829e-12
6.294	3.02453e-12
6.296	3.05833e-12
6.298	3.09135e-12
6.3	3.12584e-12
6.302	3.16149e-12
6.304	3.19857e-12
6.306	3.23706e-12
6.308	3.27736e-12
6.31	3.31895e-12
6.312	3.36243e-12
6.314	3.4078e-12
6.316	3.45668e-12
6.318	3.50504e-12
6.32	3.5553e-12
6.322	3.61053e-12
6.324	3.66704e-12
6.326	3.72598e-12
6.328	-7.63969e-13
6.33	-7.78613e-13
6.332	-7.93564e-13
6.334	-8.08712e-13
6.336	-8.23985e-13
6.338	-8.17492e-13
6.34	-8.77008e-13
6.342	-8.93338e-13
6.344	-9.03131e-13
6.346	-8.91222e-13
6.348	-8.98312e-13
6.35	-9.05216e-13
6.352	-8.649e-13
6.354	-8.97066e-13
6.356	-8.91817e-13
6.358	-8.87057e-13
6.36	-8.80689e-13
6.362	-8.70372e-13
6.364	-8.55724e-13
6.366	-8.34122e-13
6.368	-8.89268e-13
6.37	-8.75943e-13
6.372	-8.52773e-13
6.374	3.65766e-12
6.376	3.09015e-12
6.378	-1.44687e-12
6.38	-1.30879e-12
6.382	-1.24718e-12
6.384	-1.2204e-12
6.386	-1.20689e-12
6.388	-1.18252e-12
6.39	-1.12258e-12
6.392	-1.00735e-12
6.394	3.45479e-12
6.396	3.02969e-12
6.398	-9.72878e-13
6.4	-1.25008e-12
6.402	-1.03979e-12
6.404	2.94485e-12
6.406	3.43478e-12
6.408	3.28983e-12
6.41	2.85013e-12
6.412	-9.44779e-13
6.414	-1.15836e-12
6.416	-1.46499e-12
6.418	2.90578e-12
6.42	3.09117e-12
6.422	3.21394e-12
6.424	3.28491e-12
6.426	3.31747e-12
6.428	3.3216e-12
6.43	3.30484e-12
6.432	3.27283e-12
6.434	3.22999e-12
6.436	3.17977e-12
6.438	3.12492e-12
6.44	3.06759e-12
6.442	3.00939e-12
6.444	2.95166e-12
6.446	2.89527e-12
6.448	2.84092e-12
6.45	-1.47838e-12
6.452	-1.44219e-12
6.454	-1.41132e-12
6.456	-1.38332e-12
6.458	-1.35747e-12
6.46	-1.33358e-12
6.462	-1.31158e-12
6.464	-1.29138e-12
6.466	-1.27286e-12
6.468	-1.25592e-12
6.47	-1.24043e-12
6.472	-1.22628e-12
6.474	-1.21337e-12
6.476	-1.1554e-12
6.478	-1.13776e-12
6.48	-1.13069e-12
6.482	-1.12519e-12
6.484	-1.12044e-12
6.486	-1.11624e-12
6.488	-1.11253e-12
6.49	-1.10926e-12
6.492	-1.10639e-12
6.494	-1.10387e-12
6.496	-1.10169e-12
6.498	-1.09979e-12
6.5	-1.09815e-12
6.502	-1.09675e-12
6.504	-1.09556e-12
6.506	-1.09456e-12
6.508	-1.09372e-12
6.51	-1.09303e-12
6.512	-1.09246e-12
6.514	-1.09202e-12
6.516	-1.09167e-12
6.518	-1.09141e-12
6.52	-1.09123e-12
6.522	-1.09112e-12
6.524	-1.09106e-12
6.526	-1.09105e-12
6.528	-1.09108e-12
6.53	-1.09115e-12
6.532	-1.09124e-12
6.534	-1.09134e-12
6.536	-1.09146e-12
6.538	-1.09159e-12
6.54	-1.09172e-12
6.542	-1.09186e-12
6.544	-1.09198e-12
6.546	-1.0921e-12
6.548	-1.09221e-12
6.55	-1.0923e-12
6.552	-1.09238e-12
6.554	-1.09243e-12
6.556	-1.09246e-12
6.558	-1.09247e-12
6.56	-1.09245e-12
6.562	-1.0924e-12
6.564	-1.09232e-12
6.566	-1.09221e-12
6.568	-1.09207e-12
6.57	-1.09189e-12
6.572	-1.09167e-12
6.574	-1.09142e-12
6.576	-1.09113e-12
6.578	-1.09081e-12
6.58	-1.09044e-12
6.582	-1.09004e-12
6.584	-1.08959e-12
6.586	-1.08911e-12
6.588	-1.08858e-12
6.59	-1.08801e-12
6.592	-1.0874e-12
6.594	-1.08675e-12
6.596	-1.08605e-12
6.598	-1.08532e-12
6.6	-1.08454e-12
6.602	-1.08372e-12
6.604	-1.08285e-12
6.606	-1.08195e-12
6.608	-1.081e-12
6.61	-1.08002e-12
6.612	-1.07899e-12
6.614	-1.07792e-12
6.616	-1.0768e-12
6.618	-1.07565e-12
6.62	-1.07446e-12
6.622	-1.07323e-12
6.624	-1.07196e-12
6.626	-1.07065e-12
6.628	-1.0693e-12
6.63	-1.06792e-12
6.632	-1.0665e-12
6.634	-1.06505e-12
6.636	-1.06356e-12
6.638	-1.06203e-12
6.64	-1.06047e-12
6.642	-1.05888e-12
6.644	-1.05726e-12
6.646	-1.05561e-12
6.648	-1.05392e-12
6.65	-1.05221e-12
6.652	-1.05048e-12
6.654	-1.04871e-12
6.656	-1.04692e-12
6.658	-1.04511e-12
6.66	-1.04327e-12
6.662	-1.04141e-12
6.664	-1.03953e-12
6.666	-1.03763e-12
6.668	-1.03785e-12
6.67	-1.03812e-12
6.672	-1.03691e-12
6.674	-1.03594e-12
6.676	-1.03491e-12
6.678	-1.03394e-12
6.68	-1.033e-12
6.682	-1.03216e-12
6.684	-1.03112e-12
6.686	-1.03041e-12
6.688	-1.02967e-12
6.69	-1.02896e-12
6.692	-1.02832e-12
6.694	-1.02773e-12
6.696	-1.02722e-12
6.698	-1.02678e-12
6.7	-1.02643e-12
6.702	-1.02615e-12
6.704	-1.02597e-12
6.706	-1.02588e-12
6.708	-1.02589e-12
6.71	-1.02602e-12
6.712	-1.02626e-12
6.714	-1.02662e-12
6.716	-1.0271e-12
6.718	-1.02773e-12
6.72	-1.02853e-12
6.722	-1.02943e-12
6.724	-1.03052e-12
6.726	-1.03178e-12
6.728	-1.03321e-12
6.73	-1.03483e-12
6.732	-1.03665e-12
6.734	-1.03868e-12
6.736	-1.04092e-12
6.738	-1.04339e-12
6.74	-1.0461e-12
6.742	-1.04906e-12
6.744	-1.05228e-12
6.746	-1.05577e-12
6.748	-1.05955e-12
6.75	-1.06363e-12
6.752	-7.50255e-13
6.754	-1.05352e-12
6.756	-7.41269e-13
6.758	-1.05613e-12
6.76	-7.38792e-13
6.762	-1.05745e-12
6.764	-7.37895e-13
6.766	-1.05869e-12
6.768	-7.37279e-13
6.77	-1.06012e-12
6.772	-7.36735e-13
6.774	-1.06186e-12
6.776	-7.36217e-13
6.778	-1.064e-12
6.78	-7.35707e-13
6.782	-1.06659e-12
6.784	-7.35201e-13
6.786	-1.0697e-12
6.788	-7.34694e-13
6.79	-1.07338e-12
6.792	-7.34189e-13
6.794	3.50075e-12
6.796	3.49309e-12
6.798	3.46162e-12
6.8	3.45076e-12
6.802	3.4451e-12
6.804	3.44154e-12
6.806	3.43885e-12
6.808	3.43658e-12
6.81	3.43452e-12
6.812	3.43259e-12
6.814	3.43076e-12
6.816	3.42901e-12
6.818	3.42733e-12
6.82	3.4257e-12
6.822	3.42412e-12
6.824	3.42259e-12
6.826	3.4211e-12
6.828	3.41964e-12
6.83	3.41823e-12
6.832	3.41684e-12
6.834	3.41549e-12
6.836	3.41404e-12
6.838	3.41273e-12
6.84	3.41151e-12
6.842	3.41023e-12
6.844	3.40898e-12
6.846	3.40774e-12
6.848	3.4065e-12
6.85	3.40527e-12
6.852	3.40405e-12
6.854	3.40283e-12
6.856	3.40161e-12
6.858	3.4004e-12
6.86	3.39918e-12
6.862	3.39796e-12
6.864	3.39674e-12
6.866	3.39551e-12
6.868	3.39427e-12
6.87	3.39303e-12
6.872	3.39178e-12
6.874	3.39052e-12
6.876	3.38888e-12
6.878	3.38777e-12
6.88	3.38658e-12
6.882	3.38529e-12
6.884	3.38399e-12
6.886	3.38267e-12
6.888	3.38133e-12
6.89	3.37998e-12
6.892	3.37861e-12
6.894	3.37724e-12
6.896	3.37585e-12
6.898	3.37446e-12
6.9	3.37307e-12
6.902	3.37172e-12
6.904	3.37048e-12
6.906	3.36966e-12
6.908	3.37052e-12
6.91	3.36615e-12
6.912	3.36071e-12
6.914	3.35969e-12
6.916	3.35908e-12
6.918	3.35785e-12
6.92	3.3564e-12
6.922	3.35483e-12
6.924	3.35315e-12
6.926	3.3515e-12
6.928	3.34974e-12
6.93	3.34795e-12
6.932	3.34612e-12
6.934	3.34426e-12
6.936	3.34237e-12
6.938	3.34045e-12
6.94	3.29573e-12
6.942	3.35615e-12
6.944	3.36131e-12
6.946	3.36398e-12
6.948	3.36519e-12
6.95	3.36543e-12
6.952	3.36501e-12
6.954	3.36416e-12
6.956	3.36299e-12
6.958	3.27541e-12
6.96	3.33728e-12
6.962	3.34373e-12
6.964	3.34679e-12
6.966	3.34816e-12
6.968	3.34843e-12
6.97	3.34797e-12
6.972	3.347e-12
6.974	3.25995e-12
6.976	3.32022e-12
6.978	3.32695e-12
6.98	3.33008e-12
6.982	3.33139e-12
6.984	3.3315e-12
6.986	3.25015e-12
6.988	3.24801e-12
6.99	3.30403e-12
6.992	3.31026e-12
6.994	3.31333e-12
6.996	3.22612e-12
6.998	3.25571e-12
7	3.254e-12
7.002	3.22846e-12
7.004	3.28506e-12
7.006	3.29149e-12
7.008	3.19721e-12
7.01	3.23025e-12
7.012	3.22962e-12
7.014	3.22871e-12
7.016	3.20634e-12
7.018	3.26342e-12
7.02	3.16071e-12
7.022	3.19989e-12
7.024	3.20193e-12
7.026	3.20205e-12
7.028	3.18454e-12
7.03	3.24184e-12
7.032	3.13415e-12
7.034	3.17336e-12
7.036	3.17483e-12
7.038	3.16355e-12
7.04	3.15772e-12
7.042	3.08242e-12
7.044	3.1379e-12
7.046	3.143e-12
7.048	3.11816e-12
7.05	3.14605e-12
7.052	3.1325e-12
7.054	3.05205e-12
7.056	3.1198e-12
7.058	3.08444e-12
7.06	3.12551e-12
7.062	3.09043e-12
7.064	3.10842e-12
7.066	3.02296e-12
7.068	3.09883e-12
7.07	3.0544e-12
7.072	3.10367e-12
7.074	3.08466e-12
7.076	2.99098e-12
7.078	3.07223e-12
7.08	3.0535e-12
7.082	3.0495e-12
7.084	3.05056e-12
7.086	3.03744e-12
7.088	2.94873e-12
7.09	3.04055e-12
7.092	3.02959e-12
7.094	3.02957e-12
7.096	3.01054e-12
7.098	2.91516e-12
7.1	3.01576e-12
7.102	3.00443e-12
7.104	3.00689e-12
7.106	2.98031e-12
7.108	2.96564e-12
7.11	2.97153e-12
7.112	2.98027e-12
7.114	2.97482e-12
7.116	2.94834e-12
7.118	2.93568e-12
7.12	2.94834e-12
7.122	2.94745e-12
7.124	2.95049e-12
7.126	2.91521e-12
7.128	2.91002e-12
7.13	2.91635e-12
7.132	2.91962e-12
7.134	2.91656e-12
7.136	2.8806e-12
7.138	2.87836e-12
7.14	2.88555e-12
7.142	2.88614e-12
7.144	2.88375e-12
7.146	2.84494e-12
7.148	2.84599e-12
7.15	2.85192e-12
7.152	2.85199e-12
7.154	-1.40411e-12
7.156	-1.4015e-12
7.158	-1.40849e-12
7.16	-1.41014e-12
7.162	-1.40966e-12
7.164	-1.39049e-12
7.166	-1.3891e-12
7.168	-1.39303e-12
7.17	-1.39388e-12
7.172	-1.39293e-12
7.174	-1.3724e-12
7.176	-1.37263e-12
7.178	-1.37617e-12
7.18	-1.37669e-12
7.182	-1.3557e-12
7.184	-1.35723e-12
7.186	-1.36108e-12
7.188	-1.36177e-12
7.19	-1.36082e-12
7.192	-1.33817e-12
7.194	-1.34064e-12
7.196	-1.34388e-12
7.198	-1.34433e-12
7.2	-1.32113e-12
7.202	-1.32473e-12
7.204	-1.32841e-12
7.206	-1.32922e-12
7.208	-1.30497e-12
7.21	-1.3094e-12
7.212	-1.31328e-12
7.214	-1.31437e-12
7.216	-1.31398e-12
7.218	-1.28758e-12
7.22	-1.2924e-12
7.222	-1.29608e-12
7.224	-1.2973e-12
7.226	-1.27034e-12
7.228	-1.27629e-12
7.23	-1.28069e-12
7.232	-1.2825e-12
7.234	-1.2542e-12
7.236	-1.26101e-12
7.238	-1.26591e-12
7.24	-1.26817e-12
7.242	-1.23836e-12
7.244	-1.24594e-12
7.246	-1.25136e-12
7.248	-1.25407e-12
7.25	-1.22266e-12
7.252	-1.2311e-12
7.254	-1.23704e-12
7.256	-1.24018e-12
7.258	-1.20714e-12
7.26	-1.21649e-12
7.262	-1.22297e-12
7.264	-1.22649e-12
7.266	-1.19184e-12
7.268	-1.20216e-12
7.27	-1.20913e-12
7.272	-1.21299e-12
7.274	-1.17682e-12
7.276	-1.18811e-12
7.278	-1.19553e-12
7.28	-1.1997e-12
7.282	-1.1621e-12
7.284	-1.17438e-12
7.286	-1.18221e-12
7.288	-1.18659e-12
7.29	-1.1477e-12
7.292	-1.16094e-12
7.294	-1.16911e-12
7.296	-1.17368e-12
7.298	-1.13365e-12
7.3	-1.14781e-12
7.302	-1.15627e-12
7.304	-1.16098e-12
7.306	-1.11996e-12
7.308	-1.13498e-12
7.31	-1.14368e-12
7.312	-1.14849e-12
7.314	-1.10665e-12
7.316	-1.12246e-12
7.318	-1.13134e-12
7.32	-1.13621e-12
7.322	-1.09373e-12
7.324	-1.11023e-12
7.326	-1.11927e-12
7.328	-1.07918e-12
7.33	-1.09692e-12
7.332	-1.10736e-12
7.334	-1.11315e-12
7.336	-1.06965e-12
7.338	-1.08751e-12
7.34	-1.097e-12
7.342	-1.10219e-12
7.344	-1.05774e-12
7.346	-1.07395e-12
7.348	-1.08818e-12
7.35	-1.09215e-12
7.352	-1.04749e-12
7.354	-1.06598e-12
7.356	-1.07549e-12
7.358	-1.03365e-12
7.36	-1.05319e-12
7.362	-1.06421e-12
7.364	-1.07037e-12
7.366	-1.02583e-12
7.368	-1.04511e-12
7.37	-1.05517e-12
7.372	-1.06075e-12
7.374	-1.0161e-12
7.376	-1.03532e-12
7.378	-1.04528e-12
7.38	-1.00342e-12
7.382	-1.02341e-12
7.384	-1.03477e-12
7.386	-1.04132e-12
7.388	-9.96973e-13
7.39	-1.01635e-12
7.392	-1.02669e-12
7.394	-9.85113e-13
7.396	-1.00514e-12
7.398	-1.01674e-12
7.4	-1.02358e-12
7.402	-9.79554e-13
7.404	-9.98769e-13
7.406	-1.00926e-12
7.408	-1.01557e-12
7.41	-9.71845e-13
7.412	-9.90546e-13
7.414	-1.00088e-12
7.416	-9.6058e-13
7.418	-9.79825e-13
7.42	-9.91415e-13
7.422	-9.98511e-13
7.424	-9.56104e-13
7.426	-9.74253e-13
7.428	-9.84791e-13
7.43	-9.45665e-13
7.432	-9.64302e-13
7.434	-9.75916e-13
7.436	-9.83166e-13
7.438	-9.41958e-13
7.44	-9.5944e-13
7.442	-9.70471e-13
7.444	-9.31781e-13
7.446	-9.49717e-13
7.448	-9.61298e-13
7.45	-9.24467e-13
7.452	-9.42379e-13
7.454	-9.54157e-13
7.456	-9.61664e-13
7.458	-9.22301e-13
7.46	-9.38681e-13
7.462	-9.49163e-13
7.464	-9.13123e-13
7.466	-9.29998e-13
7.468	-9.41334e-13
7.47	-9.4862e-13
7.472	-9.10943e-13
7.474	-9.26314e-13
7.476	-9.36526e-13
7.478	-9.02209e-13
7.48	-9.18116e-13
7.482	-9.29122e-13
7.484	-8.95864e-13
7.486	-9.11758e-13
7.488	-9.22925e-13
7.49	-9.30164e-13
7.492	-8.95041e-13
7.494	-9.09172e-13
7.496	-9.18856e-13
7.498	-8.87005e-13
7.5	-9.01768e-13
