/*--------------------------------*- C++ -*----------------------------------*\
| =========                 |                                                 |
| \\      /  F ield         | OpenFOAM: The Open Source CFD Toolbox           |
|  \\    /   O peration     | Version:  2.4.0                                 |
|   \\  /    A nd           | Web:      www.OpenFOAM.org                      |
|    \\/     M anipulation  |                                                 |
\*---------------------------------------------------------------------------*/
FoamFile
{
    version     2.0;
    format      ascii;
    class       volScalarField;
    location    "5.45";
    object      nut;
}
// * * * * * * * * * * * * * * * * * * * * * * * * * * * * * * * * * * * * * //

dimensions      [0 2 -1 0 0 0 0];

internalField   nonuniform List<scalar> 
6000
(
4.7015e-05
1.44417e-05
4.24755e-06
8.77709e-06
7.78857e-06
8.92561e-06
8.56588e-06
8.93815e-06
8.81176e-06
9.01833e-06
9.05602e-06
9.28545e-06
9.49746e-06
9.84766e-06
1.02458e-05
1.07506e-05
1.13198e-05
1.19706e-05
1.26808e-05
1.34507e-05
1.42656e-05
1.51177e-05
1.5993e-05
1.6879e-05
1.77607e-05
1.8624e-05
1.94543e-05
2.02371e-05
2.09566e-05
2.15962e-05
2.21388e-05
2.25664e-05
2.28612e-05
2.30037e-05
2.29752e-05
2.2758e-05
2.2336e-05
2.16936e-05
2.0822e-05
1.97153e-05
1.839e-05
1.68736e-05
1.52434e-05
1.45447e-05
1.62705e-05
1.80649e-05
1.98067e-05
2.16238e-05
2.32356e-05
2.49854e-05
2.62631e-05
2.79489e-05
2.86559e-05
3.0482e-05
3.02473e-05
3.27593e-05
3.08868e-05
3.52264e-05
3.06997e-05
3.82499e-05
2.94897e-05
9.50748e-06
3.16519e-06
7.01521e-06
6.32248e-06
7.0163e-06
6.77367e-06
7.00659e-06
6.93331e-06
7.07932e-06
7.13449e-06
7.32433e-06
7.52429e-06
7.82855e-06
8.18469e-06
8.62524e-06
9.12525e-06
9.69172e-06
1.03105e-05
1.09788e-05
1.16865e-05
1.24266e-05
1.31899e-05
1.39679e-05
1.47521e-05
1.5535e-05
1.631e-05
1.70716e-05
1.78146e-05
1.85353e-05
1.92315e-05
1.99035e-05
2.05548e-05
2.11912e-05
2.18253e-05
2.24807e-05
2.31964e-05
2.40361e-05
2.51031e-05
2.65687e-05
2.87084e-05
3.196e-05
3.67626e-05
3.9273e-05
3.41486e-05
3.01661e-05
2.74063e-05
2.54788e-05
2.42234e-05
2.34194e-05
2.28809e-05
2.26705e-05
2.23614e-05
2.25495e-05
2.21015e-05
2.27844e-05
2.17664e-05
2.34022e-05
2.12374e-05
2.44006e-05
2.14309e-05
8.16038e-06
2.81359e-06
5.88991e-06
5.32639e-06
5.68168e-06
5.49666e-06
5.63047e-06
5.59171e-06
5.70581e-06
5.78874e-06
5.98023e-06
6.21289e-06
6.54313e-06
6.94558e-06
7.43793e-06
8.00909e-06
8.66143e-06
9.38825e-06
1.01864e-05
1.10501e-05
1.19744e-05
1.29539e-05
1.39845e-05
1.50632e-05
1.61889e-05
1.73632e-05
1.85902e-05
1.98774e-05
2.1237e-05
2.26872e-05
2.42548e-05
2.59786e-05
2.79035e-05
3.00955e-05
3.26595e-05
3.57457e-05
3.95818e-05
4.45069e-05
5.10515e-05
5.99821e-05
7.23825e-05
8.87668e-05
9.62411e-05
7.93922e-05
6.46411e-05
5.32593e-05
4.42778e-05
3.7698e-05
3.2461e-05
2.87351e-05
2.56307e-05
2.34811e-05
2.15888e-05
2.02689e-05
1.91618e-05
1.81713e-05
1.77952e-05
1.66642e-05
1.71762e-05
1.78746e-05
7.96953e-06
2.98757e-06
5.26063e-06
4.70356e-06
4.76723e-06
4.593e-06
4.64892e-06
4.63206e-06
4.73526e-06
4.8596e-06
5.09182e-06
5.40622e-06
5.8385e-06
6.38641e-06
7.06282e-06
7.8719e-06
8.81837e-06
9.90643e-06
1.11377e-05
1.25147e-05
1.40384e-05
1.57115e-05
1.75374e-05
1.95233e-05
2.16792e-05
2.40207e-05
2.65689e-05
2.93533e-05
3.24132e-05
3.58016e-05
3.959e-05
4.38763e-05
4.87316e-05
5.4317e-05
6.08452e-05
6.86029e-05
7.79988e-05
8.95933e-05
0.000104189
0.000122785
0.000146533
0.000174714
0.000185995
0.000158335
0.000131002
0.000107794
8.79698e-05
7.23287e-05
5.91547e-05
4.92782e-05
4.07094e-05
3.46823e-05
2.90342e-05
2.54827e-05
2.16426e-05
1.96565e-05
1.70056e-05
1.58861e-05
1.43652e-05
1.67546e-05
8.44521e-06
3.53506e-06
5.03886e-06
4.40555e-06
4.18444e-06
3.9787e-06
3.96423e-06
3.96021e-06
4.06981e-06
4.25464e-06
4.57175e-06
5.03089e-06
5.66203e-06
6.48917e-06
7.53244e-06
8.81905e-06
1.0367e-05
1.22006e-05
1.43358e-05
1.67921e-05
1.95846e-05
2.27314e-05
2.62512e-05
3.01676e-05
3.45082e-05
3.93086e-05
4.46133e-05
5.04776e-05
5.69706e-05
6.41791e-05
7.2214e-05
8.11877e-05
9.11354e-05
0.000102293
0.000114908
0.000129296
0.000145889
0.000165237
0.000188079
0.000215223
0.000247387
0.000282147
0.000294753
0.000261899
0.000225693
0.000192144
0.00016123
0.000134807
0.000111126
9.20101e-05
7.4767e-05
6.17822e-05
4.9534e-05
4.13062e-05
3.26374e-05
2.79336e-05
2.17277e-05
1.93966e-05
1.56165e-05
1.71085e-05
9.39797e-06
4.39167e-06
5.14705e-06
4.41018e-06
3.8886e-06
3.60809e-06
3.51963e-06
3.52114e-06
3.65345e-06
3.92556e-06
4.38382e-06
5.07561e-06
6.04189e-06
7.3436e-06
9.02443e-06
1.11485e-05
1.37617e-05
1.69202e-05
2.06652e-05
2.50408e-05
3.00816e-05
3.58237e-05
4.23006e-05
4.95479e-05
5.76024e-05
6.65072e-05
7.63116e-05
8.7071e-05
9.8849e-05
0.00011172
0.000125784
0.000140977
0.000157307
0.000174985
0.000194182
0.000215124
0.00023813
0.000263601
0.000292085
0.000324128
0.000360038
0.000396127
0.000408488
0.000375631
0.000335849
0.00029628
0.000257541
0.000222089
0.000188521
0.000159392
0.000131997
0.000109665
8.8292e-05
7.24838e-05
5.63781e-05
4.63674e-05
3.45122e-05
2.90906e-05
2.21424e-05
1.83893e-05
1.07093e-05
5.51651e-06
5.50506e-06
4.69472e-06
3.86436e-06
3.46276e-06
3.28704e-06
3.28718e-06
3.45951e-06
3.85633e-06
4.53176e-06
5.58151e-06
7.07797e-06
9.1356e-06
1.18399e-05
1.53055e-05
1.96167e-05
2.48662e-05
3.11196e-05
3.84394e-05
4.6869e-05
5.64459e-05
6.71965e-05
7.91403e-05
9.22897e-05
0.000106657
0.000122253
0.000139084
0.000157155
0.000176469
0.000197033
0.000218499
0.000240927
0.000264431
0.000289083
0.000314998
0.00034238
0.000371496
0.000402737
0.000436493
0.00047272
0.00050718
0.00051876
0.00048894
0.000449591
0.000408081
0.000365469
0.00032431
0.000283631
0.000246159
0.000209642
0.000177701
0.000146572
0.000121341
9.61035e-05
7.81462e-05
5.86543e-05
4.7637e-05
3.64086e-05
2.02058e-05
1.22753e-05
6.86637e-06
6.06046e-06
5.205e-06
4.10954e-06
3.5432e-06
3.25977e-06
3.25131e-06
3.48374e-06
4.0564e-06
5.05209e-06
6.63266e-06
8.92425e-06
1.21104e-05
1.63297e-05
2.17483e-05
2.84836e-05
3.66485e-05
4.63129e-05
5.753e-05
7.03223e-05
8.46948e-05
0.000100631
0.000118096
0.00013704
0.000157409
0.000179141
0.000202165
0.000226401
0.00025177
0.000278086
0.000304882
0.000332244
0.000360204
0.000388754
0.000417934
0.000447863
0.000478717
0.000510786
0.000544376
0.000579077
0.000610768
0.000621576
0.000596101
0.000559526
0.000518873
0.000475465
0.00043169
0.000386949
0.000343765
0.00030047
0.000260418
0.000220698
0.000186004
0.000151561
0.000124136
9.60795e-05
7.71389e-05
6.0954e-05
2.2247e-05
1.39955e-05
8.38927e-06
6.80586e-06
5.85884e-06
4.61032e-06
3.85719e-06
3.44576e-06
3.42184e-06
3.73872e-06
4.55392e-06
6.00297e-06
8.33413e-06
1.17447e-05
1.64903e-05
2.27562e-05
3.07392e-05
4.05633e-05
5.23263e-05
6.60679e-05
8.17972e-05
9.94838e-05
0.000119071
0.000140473
0.000163578
0.000188259
0.000214385
0.00024182
0.000270417
0.000300024
0.000330501
0.000361398
0.000392355
0.000423426
0.000454579
0.000485757
0.000516946
0.000548211
0.000579663
0.000611522
0.000644023
0.000676465
0.000705198
0.000715416
0.000694573
0.000661884
0.000623716
0.000581511
0.000537395
0.000491048
0.000444646
0.000397037
0.00035107
0.000304746
0.00026192
0.000219404
0.000182527
0.000146167
0.000118043
9.69149e-05
2.42783e-05
1.57758e-05
1.00262e-05
7.74407e-06
6.59847e-06
5.31659e-06
4.40036e-06
3.85624e-06
3.8142e-06
4.24527e-06
5.38293e-06
7.44112e-06
1.07694e-05
1.56398e-05
2.23626e-05
3.11423e-05
4.21677e-05
5.55314e-05
7.12796e-05
8.93925e-05
0.000109813
0.000132442
0.000157151
0.00018378
0.00021214
0.00024203
0.000273257
0.000305623
0.000338924
0.000372954
0.000407511
0.000441942
0.000476068
0.000509877
0.000543293
0.000576224
0.000608618
0.000640503
0.000671943
0.000703109
0.000734127
0.00076419
0.000790176
0.000799999
0.000783536
0.000755084
0.000720206
0.000680356
0.000637388
0.000591166
0.000543517
0.000493663
0.000443939
0.00039307
0.000344043
0.000295116
0.000249975
0.000206321
0.000169093
0.000143497
2.61484e-05
1.75358e-05
1.17163e-05
8.86134e-06
7.41763e-06
6.14823e-06
5.13639e-06
4.48699e-06
4.43584e-06
5.01629e-06
6.56068e-06
9.38548e-06
1.39442e-05
2.057e-05
2.95915e-05
4.11945e-05
5.55182e-05
7.25942e-05
9.23938e-05
0.000114828
0.000139769
0.000167052
0.000196481
0.000227829
0.000260844
0.000295263
0.000330844
0.000367348
0.000404526
0.000442138
0.000479879
0.000517068
0.000553615
0.000589462
0.0006245
0.000658609
0.000691713
0.000723811
0.000754931
0.000785213
0.000814619
0.000842462
0.000866045
0.000875614
0.00086304
0.000838732
0.000807426
0.000770505
0.000729575
0.000684606
0.000637126
0.000586593
0.000534925
0.000481312
0.00042806
0.00037444
0.000322807
0.000273178
0.000227961
0.000198491
2.77811e-05
1.9213e-05
1.34023e-05
1.01244e-05
8.33894e-06
7.04153e-06
5.99991e-06
5.30151e-06
5.26689e-06
6.0349e-06
8.05954e-06
1.17797e-05
1.77429e-05
2.63178e-05
3.78099e-05
5.23511e-05
7.00024e-05
9.07213e-05
0.0001144
0.000140885
0.000169986
0.000201481
0.000235118
0.000270615
0.000307667
0.000345962
0.000385224
0.000425179
0.000465551
0.000506075
0.000546316
0.000585683
0.000624111
0.0006615
0.000697718
0.000732625
0.000766127
0.000798203
0.000828855
0.00085817
0.000886018
0.000911869
0.000933398
0.000942793
0.000933531
0.000913044
0.000885272
0.000851479
0.000813059
0.000770024
0.000723674
0.000673582
0.000621372
0.000566461
0.000510729
0.000453975
0.000397736
0.000343484
0.000291939
0.000259107
2.91563e-05
2.07652e-05
1.50353e-05
1.14877e-05
9.37735e-06
7.98058e-06
6.92984e-06
6.23614e-06
6.25179e-06
7.24e-06
9.79041e-06
1.44781e-05
2.19286e-05
3.25194e-05
4.64993e-05
6.39238e-05
8.47641e-05
0.000108904
0.000136164
0.000166335
0.000199177
0.000234419
0.000271763
0.000310882
0.000351424
0.000393039
0.000435423
0.000478279
0.000521305
0.00056423
0.000606456
0.000647573
0.000687483
0.000726058
0.000763143
0.000798587
0.000832281
0.000864192
0.000894304
0.000922617
0.000949032
0.000973119
0.000992901
0.00100215
0.00099562
0.000978519
0.000954064
0.000923368
0.000887647
0.000846917
0.000802306
0.000753421
0.0007017
0.000646604
0.000589812
0.000531246
0.000472129
0.000414512
0.000358426
0.000322623
3.02873e-05
2.21682e-05
1.65773e-05
1.29011e-05
1.05287e-05
8.98225e-06
7.89947e-06
7.23083e-06
7.31706e-06
8.53741e-06
1.16165e-05
1.7272e-05
2.6194e-05
3.87505e-05
5.51134e-05
7.52534e-05
9.90509e-05
0.000126324
0.000156829
0.000190313
0.000226491
0.000265056
0.000305666
0.000347955
0.000391533
0.000436016
0.000481074
0.000526395
0.000571655
0.000616551
0.000660412
0.000702956
0.000744049
0.000783542
0.000821264
0.000857054
0.000890795
0.000922447
0.000951964
0.000979286
0.0010044
0.00102692
0.0010452
0.00105428
0.00104996
0.00103577
0.00101432
0.000986553
0.000953539
0.000915274
0.000872757
0.000825581
0.000775072
0.000720622
0.000663871
0.000604575
0.000544037
0.000484171
0.000425199
0.000386728
3.12037e-05
2.34127e-05
1.80021e-05
1.43156e-05
1.17719e-05
1.00656e-05
8.91525e-06
8.25688e-06
8.40494e-06
9.83551e-06
1.33961e-05
1.99476e-05
3.0239e-05
4.46221e-05
6.31853e-05
8.58138e-05
0.000112301
0.000142407
0.000175831
0.000212283
0.000251441
0.00029296
0.000336465
0.000381551
0.000427796
0.000474781
0.000522157
0.000569596
0.000616758
0.000663285
0.000708518
0.000752235
0.00079428
0.000834483
0.000872663
0.000908653
0.00094233
0.000973653
0.00100251
0.00102889
0.0010528
0.00107393
0.0010909
0.00109977
0.00109716
0.00108543
0.00106663
0.00104155
0.00101114
0.000975359
0.000935114
0.000889955
0.000841147
0.000787947
0.000732062
0.000672896
0.000612109
0.000550955
0.000490504
0.000449631
3.19396e-05
2.45008e-05
1.92943e-05
1.56882e-05
1.30741e-05
1.12362e-05
9.99564e-06
9.31846e-06
9.49385e-06
1.10792e-05
1.50279e-05
2.23421e-05
3.38346e-05
4.98455e-05
7.03828e-05
9.52493e-05
0.000124155
0.000156808
0.000192855
0.000231969
0.000273798
0.000317961
0.000364049
0.000411626
0.000460234
0.000509422
0.000558826
0.000608104
0.000656902
0.000704792
0.000751184
0.000795871
0.00083868
0.000879425
0.000917919
0.000953989
0.000987511
0.00101843
0.0010466
0.00107207
0.00109487
0.00111473
0.00113053
0.00113913
0.00113782
0.0011281
0.00111159
0.00108893
0.00106095
0.00102759
0.000989667
0.000946694
0.000899898
0.000848376
0.000793955
0.000735595
0.000675467
0.000613836
0.000553044
0.000510034
3.25279e-05
2.54415e-05
2.04482e-05
1.6984e-05
1.43969e-05
1.24841e-05
1.11555e-05
1.04357e-05
1.05941e-05
1.22594e-05
1.64716e-05
2.4372e-05
3.68513e-05
5.42534e-05
7.65157e-05
0.000103364
0.000134425
0.00016936
0.000207761
0.000249271
0.000293502
0.000340043
0.000388452
0.000438261
0.00048898
0.000540124
0.000591315
0.000642201
0.000692414
0.000741452
0.000788825
0.000834314
0.00087773
0.000918877
0.000957562
0.000993611
0.0010269
0.00105732
0.0010848
0.00110939
0.00113114
0.00114983
0.00116455
0.00117282
0.00117245
0.00116435
0.00114978
0.00112925
0.0011035
0.00107243
0.00103681
0.000996093
0.000951493
0.00090194
0.000849405
0.000792373
0.000733589
0.000672163
0.000611916
0.000567051
3.29974e-05
2.62483e-05
2.14654e-05
1.81777e-05
1.57007e-05
1.37868e-05
1.23976e-05
1.16266e-05
1.17345e-05
1.34e-05
1.77405e-05
2.60289e-05
3.92535e-05
5.77877e-05
8.15135e-05
0.000110086
0.00014305
0.00018002
0.000220533
0.000264198
0.000310596
0.000359283
0.000409786
0.000461604
0.000514219
0.000567109
0.00061988
0.000672176
0.000723606
0.000773626
0.000821828
0.000867974
0.000911863
0.000953291
0.00099206
0.001028
0.00106095
0.00109083
0.00111761
0.00114133
0.00116207
0.00117966
0.00119338
0.00120125
0.00120151
0.00119468
0.00118173
0.00116306
0.00113931
0.00111038
0.00107699
0.00103853
0.000996212
0.000948818
0.000898455
0.000843147
0.000786215
0.000725557
0.000666529
0.000620115
3.33723e-05
2.69364e-05
2.23527e-05
1.92538e-05
1.6949e-05
1.51129e-05
1.37119e-05
1.29004e-05
1.29466e-05
1.45401e-05
1.88809e-05
2.73576e-05
4.10761e-05
6.04718e-05
8.53927e-05
0.000115434
0.000150055
0.000188828
0.000231225
0.000276827
0.000325178
0.000375803
0.000428197
0.00048183
0.00053615
0.0005906
0.000644773
0.000698306
0.000750773
0.000801641
0.000850538
0.000897214
0.000941457
0.000983058
0.00102182
0.00105754
0.00109008
0.00111939
0.00114544
0.00116831
0.00118807
0.00120461
0.00121736
0.00122476
0.0012254
0.00121953
0.00120791
0.00119083
0.00116889
0.00114193
0.00111064
0.0010744
0.00103439
0.000989274
0.000941269
0.00088798
0.000833266
0.000773841
0.000716537
0.000668896
3.36719e-05
2.7521e-05
2.31207e-05
2.02052e-05
1.81109e-05
1.64266e-05
1.50773e-05
1.42551e-05
1.42466e-05
1.57307e-05
1.99523e-05
2.84321e-05
4.23973e-05
6.23818e-05
8.82266e-05
0.000119482
0.000155519
0.000195869
0.000239936
0.000287268
0.000337374
0.000389745
0.000443846
0.000499114
0.000554969
0.000610812
0.000666224
0.00072084
0.00077419
0.000825781
0.000875255
0.000922346
0.000966837
0.00100851
0.00104716
0.00108258
0.00111465
0.00114334
0.00116865
0.00119066
0.00120946
0.00122499
0.0012368
0.00124367
0.00124448
0.00123931
0.00122875
0.00121303
0.00119267
0.00116752
0.00113822
0.00110412
0.00106641
0.00102362
0.000978079
0.000927026
0.000874788
0.000816973
0.000761766
0.000713235
3.3912e-05
2.80167e-05
2.37816e-05
2.10324e-05
1.91636e-05
1.76912e-05
1.64642e-05
1.56778e-05
1.5638e-05
1.70148e-05
2.10181e-05
2.93364e-05
4.33172e-05
6.36237e-05
9.01218e-05
0.000122338
0.000159551
0.000201258
0.000246786
0.000295649
0.000347321
0.000401257
0.000456891
0.000513629
0.00057086
0.00062794
0.000684442
0.000739999
0.000794096
0.000846298
0.000896237
0.000943638
0.000988279
0.00102993
0.00106836
0.0011034
0.00113495
0.001163
0.00118755
0.0012087
0.00122654
0.00124108
0.00125196
0.00125824
0.00125904
0.00125435
0.00124463
0.00123005
0.00121108
0.00118757
0.00116013
0.00112809
0.00109262
0.00105218
0.00100916
0.000960495
0.000910907
0.000855012
0.00080217
0.000753093
3.41047e-05
2.84367e-05
2.43486e-05
2.17411e-05
2.00924e-05
1.88727e-05
1.78371e-05
1.71455e-05
1.71128e-05
1.84012e-05
2.21656e-05
3.01531e-05
4.39421e-05
6.4317e-05
9.12023e-05
0.000124127
0.000162276
0.000205123
0.000251906
0.000302107
0.000355159
0.000410485
0.000467484
0.000525533
0.00058399
0.000642162
0.000699612
0.000755974
0.000810699
0.000863404
0.000913706
0.000961319
0.00100601
0.00104752
0.00108565
0.00112026
0.00115126
0.00117863
0.00120239
0.00122266
0.00123956
0.00125311
0.00126308
0.00126872
0.00126937
0.00126497
0.00125588
0.00124225
0.0012245
0.00120248
0.00117676
0.00114669
0.00111339
0.00107528
0.0010348
0.000988631
0.000941804
0.000888076
0.000837793
0.000788513
3.42598e-05
2.87926e-05
2.48341e-05
2.23413e-05
2.08911e-05
1.99428e-05
1.91579e-05
1.86267e-05
1.86529e-05
1.98866e-05
2.34277e-05
3.10052e-05
4.43764e-05
6.45837e-05
9.15984e-05
0.000124982
0.000163829
0.000207599
0.000255431
0.000306776
0.000361028
0.00041757
0.000475772
0.000534976
0.000594514
0.000653635
0.000711896
0.000768934
0.000824179
0.000877284
0.000927852
0.000975563
0.00102018
0.00106148
0.00109926
0.00113338
0.00116378
0.00119043
0.00121338
0.00123276
0.00124871
0.00126129
0.00127034
0.00127531
0.00127568
0.00127141
0.0012628
0.00124995
0.00123326
0.00121258
0.00118847
0.00116026
0.00112906
0.00109326
0.0010553
0.00101169
0.000967687
0.000916327
0.000868737
0.000819591
3.43849e-05
2.90943e-05
2.52501e-05
2.28449e-05
2.15608e-05
2.08809e-05
2.03896e-05
2.00841e-05
2.02303e-05
2.14567e-05
2.48078e-05
3.19712e-05
4.47712e-05
6.45428e-05
9.14405e-05
0.000125039
0.000164346
0.000208822
0.000257497
0.000309793
0.000365061
0.000422649
0.00048189
0.000542096
0.000602571
0.000662501
0.00072144
0.000779034
0.000834692
0.000888099
0.000938798
0.000986505
0.00103098
0.00107199
0.00110936
0.00114295
0.00117269
0.00119859
0.00122072
0.00123918
0.00125418
0.00126578
0.00127392
0.00127817
0.00127819
0.00127392
0.00126563
0.00125342
0.00123766
0.0012182
0.00119557
0.00116913
0.00113995
0.00110641
0.00107094
0.00102993
0.000988784
0.000939949
0.000895144
0.00084646
3.4486e-05
2.93504e-05
2.56073e-05
2.3265e-05
2.21083e-05
2.16747e-05
2.14992e-05
2.14769e-05
2.18091e-05
2.30862e-05
2.6296e-05
3.30662e-05
4.52519e-05
6.43783e-05
9.08556e-05
0.000124431
0.000163962
0.000208927
0.000258238
0.000311291
0.000367392
0.000425851
0.000485967
0.000547021
0.00060829
0.00066889
0.000728374
0.000786411
0.000842363
0.000895931
0.000946672
0.000994294
0.00103855
0.00107922
0.00111611
0.00114911
0.00117817
0.00120328
0.00122454
0.00124209
0.00125612
0.00126675
0.00127397
0.00127749
0.00127707
0.00127269
0.00126461
0.00125292
0.00123796
0.0012196
0.00119836
0.0011736
0.00114636
0.00111503
0.00108201
0.00104362
0.00100532
0.000959139
0.000917178
0.000869273
3.45679e-05
2.9568e-05
2.59149e-05
2.36148e-05
2.25452e-05
2.23206e-05
2.24606e-05
2.27643e-05
2.33471e-05
2.47404e-05
2.78697e-05
3.42884e-05
4.58504e-05
6.42319e-05
9.0082e-05
0.000123287
0.000162809
0.000208047
0.000257785
0.000311399
0.000368148
0.000427303
0.000488128
0.000549872
0.00061179
0.000672919
0.000732806
0.000791129
0.000847271
0.000900905
0.000951602
0.000999059
0.00104303
0.00108328
0.00111965
0.00115201
0.00118033
0.00120463
0.00122501
0.00124162
0.00125467
0.00126433
0.00127063
0.00127338
0.00127247
0.00126791
0.00125994
0.00124865
0.0012344
0.00121705
0.0011971
0.00117394
0.00114856
0.00111939
0.00108876
0.00105299
0.00101754
0.000974101
0.00093502
0.000888194
3.46343e-05
2.97531e-05
2.61808e-05
2.39064e-05
2.28854e-05
2.28225e-05
2.32565e-05
2.39092e-05
2.47988e-05
2.63764e-05
2.94948e-05
3.56207e-05
4.65788e-05
6.41534e-05
8.9223e-05
0.000121844
0.000161102
0.00020631
0.000256265
0.000310243
0.000367453
0.000427126
0.000488492
0.000550764
0.000613136
0.000674641
0.000734804
0.000793301
0.00084953
0.000903137
0.000953703
0.00100092
0.00104452
0.0010843
0.00112008
0.00115176
0.00117931
0.00120276
0.00122223
0.00123788
0.00124995
0.00125863
0.00126401
0.00126599
0.00126454
0.00125972
0.00125178
0.00124083
0.00122719
0.00121077
0.00119202
0.00117039
0.0011468
0.00111974
0.00109145
0.00105829
0.00102565
0.000985037
0.000948855
0.000903394
3.46882e-05
2.99107e-05
2.64116e-05
2.41509e-05
2.31444e-05
2.31912e-05
2.38789e-05
2.48809e-05
2.61188e-05
2.79455e-05
3.11273e-05
3.70319e-05
4.74302e-05
6.41721e-05
8.83438e-05
0.000120193
0.000158956
0.0002039
0.00025384
0.000307959
0.000365419
0.000425411
0.000487132
0.000549761
0.000612427
0.000674158
0.000734474
0.000793032
0.000849243
0.000902729
0.000953077
0.000999966
0.00104314
0.00108238
0.00111752
0.00114847
0.00117521
0.00119778
0.00121631
0.00123098
0.00124206
0.00124976
0.00125422
0.00125541
0.00125339
0.00124827
0.0012403
0.00122961
0.00121652
0.00120096
0.00118335
0.00116317
0.00114131
0.00111631
0.0010903
0.00105973
0.00102988
0.000992144
0.000958868
0.000915041
3.4732e-05
3.0045e-05
2.66128e-05
2.43579e-05
2.33375e-05
2.34417e-05
2.43292e-05
2.56579e-05
2.72654e-05
2.93959e-05
3.27148e-05
3.8478e-05
4.83801e-05
6.42959e-05
8.74892e-05
0.000118407
0.000156464
0.00020092
0.000250613
0.000304652
0.000362152
0.000422264
0.000484152
0.000546962
0.000609761
0.000671564
0.000731914
0.000790419
0.000846506
0.000899776
0.000949817
0.000996304
0.00103897
0.00107761
0.00111206
0.00114224
0.00116812
0.00118978
0.00120734
0.00122103
0.00123111
0.00123782
0.00124135
0.00124176
0.00123915
0.00123369
0.00122564
0.00121516
0.00120256
0.00118779
0.00117127
0.0011525
0.00113231
0.00110931
0.00108555
0.00105754
0.00103042
0.000995616
0.000965243
0.000923304
3.47677e-05
3.01596e-05
2.6789e-05
2.45352e-05
2.34793e-05
2.35922e-05
2.46176e-05
2.62293e-05
2.82041e-05
3.06772e-05
3.42004e-05
3.99047e-05
4.93883e-05
6.45126e-05
8.66827e-05
0.000116543
0.000153703
0.000197458
0.000246681
0.000300423
0.000357751
0.000417784
0.00047965
0.000542465
0.000605232
0.000666958
0.000727216
0.000785552
0.000841408
0.000894364
0.000944011
0.000990015
0.00103211
0.00107008
0.00110379
0.00113314
0.00115813
0.00117884
0.00119542
0.0012081
0.00121717
0.0012229
0.00122551
0.00122512
0.00122191
0.00121608
0.00120792
0.00119761
0.00118546
0.00117145
0.00115596
0.00113855
0.00111998
0.00109895
0.00107737
0.00105191
0.00102749
0.000995638
0.00096816
0.000928345
3.47966e-05
3.02575e-05
2.69436e-05
2.46893e-05
2.35829e-05
2.36621e-05
2.47605e-05
2.65951e-05
2.89106e-05
3.17437e-05
3.55254e-05
4.12502e-05
5.04009e-05
6.4791e-05
8.59266e-05
0.000114636
0.000150735
0.000193593
0.000242131
0.00029536
0.00035231
0.000412063
0.000473719
0.000536359
0.000598928
0.000660437
0.000720469
0.000778518
0.000834032
0.000886576
0.000935738
0.000981179
0.00102263
0.00105988
0.00109278
0.00112125
0.00114532
0.00116505
0.00118062
0.00119228
0.00120033
0.00120507
0.00120676
0.00120558
0.00120176
0.00119555
0.00118726
0.00117709
0.00116536
0.00115207
0.00113758
0.0011215
0.00110451
0.00108541
0.00106597
0.00104303
0.00102125
0.000992386
0.000967793
0.000930322
3.48202e-05
3.03411e-05
2.70799e-05
2.48251e-05
2.36592e-05
2.36704e-05
2.47793e-05
2.67658e-05
2.93728e-05
3.25584e-05
3.6634e-05
4.24493e-05
5.13542e-05
6.50835e-05
8.52024e-05
0.0001127
0.000147603
0.000189385
0.000237035
0.000289545
0.000345913
0.000405189
0.000466444
0.000528731
0.00059093
0.000652087
0.000711756
0.000769397
0.000824459
0.00087649
0.000925075
0.000969871
0.0010106
0.00104706
0.0010791
0.00110666
0.00112975
0.00114848
0.00116302
0.00117364
0.00118066
0.00118441
0.00118519
0.00118323
0.00117881
0.0011722
0.00116377
0.00115372
0.00114239
0.00112979
0.00111628
0.00110149
0.00108606
0.00106886
0.00105152
0.00103107
0.0010119
0.000986031
0.000964308
0.000929385
3.48393e-05
3.04126e-05
2.72001e-05
2.49465e-05
2.37174e-05
2.36351e-05
2.46981e-05
2.67606e-05
2.95914e-05
3.30962e-05
3.74777e-05
4.34373e-05
5.21784e-05
6.53293e-05
8.44732e-05
0.00011073
0.000144331
0.00018488
0.000231455
0.000283047
0.000338635
0.000397238
0.000457905
0.000519662
0.000581318
0.000641985
0.000701156
0.000758266
0.000812762
0.000864178
0.000912095
0.000956161
0.0009961
0.0010317
0.00106283
0.00108942
0.00111151
0.00112919
0.00114268
0.00115225
0.00115824
0.001161
0.00116088
0.00115815
0.00115312
0.00114613
0.00113754
0.00112761
0.00111667
0.00110475
0.0010922
0.00107869
0.00106478
0.00104945
0.00103418
0.0010162
0.000999599
0.000976733
0.000957866
0.00092568
3.48548e-05
3.04737e-05
2.73064e-05
2.50563e-05
2.37646e-05
2.35718e-05
2.45416e-05
2.66052e-05
2.95793e-05
3.33466e-05
3.80193e-05
4.41553e-05
5.28022e-05
6.54589e-05
8.36868e-05
0.000108701
0.000140925
0.000180108
0.000225436
0.000275924
0.000330539
0.000388281
0.000448176
0.000509224
0.000570172
0.000630208
0.000688744
0.000745199
0.000799014
0.000849711
0.000896864
0.000940117
0.000979189
0.00101387
0.00104403
0.00106961
0.00109065
0.00110727
0.00111968
0.00112818
0.00113313
0.00113492
0.0011339
0.0011304
0.00112478
0.00111741
0.00110868
0.00109887
0.00108831
0.00107707
0.00106547
0.00105322
0.00104082
0.00102734
0.00101411
0.000998571
0.000984502
0.000964649
0.000948621
0.000919346
3.48674e-05
3.05261e-05
2.74005e-05
2.51564e-05
2.38059e-05
2.34937e-05
2.43333e-05
2.63293e-05
2.93603e-05
3.33136e-05
3.82362e-05
4.45549e-05
5.31587e-05
6.53992e-05
8.27797e-05
0.000106574
0.000137371
0.00017508
0.000219009
0.000268219
0.00032168
0.000378378
0.000437319
0.000497485
0.000557575
0.000616826
0.000674588
0.000730262
0.00078328
0.000833153
0.000879448
0.000921803
0.000959933
0.000993629
0.00102276
0.00104728
0.00106724
0.00108276
0.00109408
0.0011015
0.00110542
0.00110622
0.00110432
0.00110007
0.00109388
0.00108614
0.00107727
0.00106758
0.00105741
0.00104686
0.0010362
0.00102521
0.00101431
0.00100267
0.000991453
0.00097834
0.000966763
0.000949926
0.000936723
0.000910515
3.48776e-05
3.0571e-05
2.74838e-05
2.52484e-05
2.38449e-05
2.34112e-05
2.40947e-05
2.59641e-05
2.89663e-05
3.30161e-05
3.81228e-05
4.46025e-05
5.31903e-05
6.5079e-05
8.16828e-05
0.000104295
0.000133643
0.000169793
0.000212191
0.000259963
0.000312098
0.000367575
0.000425389
0.000484503
0.000543586
0.000601901
0.000658752
0.000713519
0.000765625
0.000814568
0.000859909
0.00090128
0.000938393
0.000971038
0.000999089
0.00102251
0.00104134
0.00105574
0.00106594
0.00107228
0.00107515
0.00107499
0.00107222
0.00106724
0.00106049
0.0010524
0.00104342
0.00103387
0.0010241
0.00101423
0.00100452
0.00099479
0.000985382
0.000975568
0.000966351
0.000955646
0.000946529
0.000932706
0.000922313
0.000899317
3.48859e-05
3.06095e-05
2.75577e-05
2.53333e-05
2.3884e-05
2.3332e-05
2.3844e-05
2.55401e-05
2.84344e-05
3.24851e-05
3.76908e-05
4.42825e-05
5.28539e-05
6.44355e-05
8.03273e-05
0.000101806
0.000129701
0.000164231
0.000204986
0.000251176
0.000301824
0.000355914
0.000412431
0.000470327
0.000528259
0.00058549
0.000641294
0.000695028
0.000746106
0.000794014
0.000838305
0.000878607
0.000914628
0.000946157
0.000973072
0.000995338
0.00101302
0.00102627
0.00103534
0.00104059
0.00104242
0.00104129
0.00103767
0.00103199
0.0010247
0.00101629
0.00100721
0.000997821
0.000988467
0.0009793
0.000970555
0.000962084
0.000954168
0.000946176
0.000938939
0.000930627
0.00092394
0.000913128
0.00090553
0.000885876
3.48925e-05
3.06426e-05
2.76232e-05
2.54118e-05
2.39244e-05
2.32616e-05
2.3596e-05
2.50853e-05
2.78036e-05
3.17613e-05
3.69686e-05
4.35992e-05
5.21255e-05
6.34199e-05
7.8651e-05
9.9045e-05
0.0001255
0.000158368
0.000197386
0.000241865
0.000290877
0.000343422
0.000398482
0.000455
0.000511637
0.000567644
0.000622266
0.000674844
0.000724779
0.000771546
0.000814693
0.000853841
0.000888695
0.000919045
0.00094477
0.000965843
0.000982332
0.000994409
0.00100234
0.00100649
0.00100728
0.00100521
0.00100076
0.000994391
0.000986608
0.000977902
0.000968753
0.000959544
0.000950629
0.000942181
0.000934412
0.000927212
0.000920791
0.000914618
0.000909351
0.000903416
0.000899133
0.000891325
0.000886508
0.00087031
3.48978e-05
3.06711e-05
2.76813e-05
2.54844e-05
2.39667e-05
2.32032e-05
2.33619e-05
2.46237e-05
2.71123e-05
3.08911e-05
3.59982e-05
4.25767e-05
5.10026e-05
6.20024e-05
7.66048e-05
9.59588e-05
0.000120994
0.000152173
0.000189378
0.000232031
0.000279271
0.000330121
0.000383571
0.000438555
0.000493761
0.000548405
0.000601715
0.000653014
0.000701693
0.000747217
0.000789126
0.000827036
0.000860651
0.000889759
0.000914243
0.00093408
0.00094935
0.000960233
0.00096701
0.000970057
0.00096983
0.000966828
0.000961567
0.000954549
0.000946296
0.000937329
0.000928143
0.000919148
0.000910698
0.000902991
0.000896214
0.000890298
0.000885378
0.000881023
0.000877717
0.000874146
0.00087224
0.00086743
0.000865378
0.000852738
3.49021e-05
3.06958e-05
2.7733e-05
2.55516e-05
2.40108e-05
2.31584e-05
2.31493e-05
2.41749e-05
2.63955e-05
2.99228e-05
3.48317e-05
4.12571e-05
4.95053e-05
6.01761e-05
7.41587e-05
9.25047e-05
0.000116141
0.000145617
0.000180947
0.000221674
0.000267014
0.000316029
0.000367722
0.000421022
0.000474665
0.000527812
0.000579682
0.000629584
0.000676896
0.000721076
0.000761656
0.000798248
0.000830553
0.000858359
0.000881552
0.000900116
0.000914138
0.00092381
0.000929427
0.00093138
0.00093014
0.000926231
0.000920193
0.000912558
0.000903873
0.000894682
0.000885498
0.00087675
0.000868796
0.000861854
0.00085609
0.00085147
0.000848059
0.000845521
0.000844169
0.000842949
0.000843397
0.000841572
0.00084227
0.000833273
3.49056e-05
3.07171e-05
2.77789e-05
2.56137e-05
2.40564e-05
2.31275e-05
2.29631e-05
2.37537e-05
2.56835e-05
2.89033e-05
3.35268e-05
3.96969e-05
4.76755e-05
5.79592e-05
7.13062e-05
8.86593e-05
0.000110915
0.000138678
0.000172082
0.000210791
0.000254114
0.00030116
0.000350956
0.000402443
0.000454381
0.0005059
0.000556207
0.000604596
0.000650435
0.000693173
0.000732335
0.000767531
0.000798458
0.000824906
0.000846763
0.000864019
0.00087677
0.000885219
0.000889674
0.000890541
0.000888309
0.000883521
0.00087674
0.000868529
0.000859455
0.000850085
0.000840944
0.00083248
0.000825054
0.000818903
0.000814173
0.000810863
0.000808968
0.000808248
0.000808841
0.000809958
0.000812737
0.000813881
0.000817313
0.00081203
3.49083e-05
3.07356e-05
2.78198e-05
2.5671e-05
2.41029e-05
2.31099e-05
2.28054e-05
2.33706e-05
2.50006e-05
2.78749e-05
3.21421e-05
3.79622e-05
4.55736e-05
5.53943e-05
6.80672e-05
8.44229e-05
0.000105305
0.000131347
0.000162782
0.000199393
0.000240586
0.000285536
0.000333299
0.000382843
0.000432942
0.000482706
0.00053133
0.000578093
0.000622356
0.000663557
0.000701218
0.000734943
0.000764428
0.000789464
0.000809944
0.000825863
0.000837325
0.000844545
0.000847843
0.00084764
0.000844442
0.000838809
0.000831329
0.000822587
0.000813174
0.000803672
0.00079462
0.000786482
0.000779619
0.000774287
0.00077061
0.000768623
0.00076825
0.000769345
0.000771875
0.000775311
0.000780395
0.000784488
0.000790635
0.000789122
3.49104e-05
3.07518e-05
2.78563e-05
2.57238e-05
2.41498e-05
2.31043e-05
2.26765e-05
2.30315e-05
2.43651e-05
2.68735e-05
3.07329e-05
3.61228e-05
4.32731e-05
5.25461e-05
6.44883e-05
7.98234e-05
9.93266e-05
0.000123637
0.000153063
0.0001875
0.000226459
0.000269188
0.000314785
0.000362255
0.000410383
0.000458268
0.000505091
0.000550121
0.000592708
0.000632282
0.00066836
0.000700544
0.000728529
0.000752107
0.000771174
0.000785731
0.000795894
0.000801885
0.000804038
0.00080279
0.000798659
0.000792225
0.000784095
0.000774878
0.00076518
0.000755601
0.000746688
0.000738919
0.000732655
0.000728169
0.000725564
0.000724908
0.00072606
0.000728962
0.000733417
0.00073915
0.000746514
0.000753527
0.000762367
0.000764662
3.49121e-05
3.0766e-05
2.7889e-05
2.57724e-05
2.41965e-05
2.31091e-05
2.25751e-05
2.27393e-05
2.37893e-05
2.59274e-05
2.93478e-05
3.42473e-05
4.08549e-05
4.94961e-05
6.06409e-05
7.49167e-05
9.30243e-05
0.000115586
0.000142965
0.000175157
0.000211781
0.000252166
0.000295463
0.000340725
0.000386752
0.000432635
0.000477544
0.000520734
0.000561548
0.000599409
0.000633829
0.000664407
0.000690838
0.000712916
0.00073054
0.00074372
0.000752579
0.00075735
0.000758381
0.00075612
0.000751101
0.000743919
0.000735199
0.000725568
0.000715649
0.000706053
0.000697334
0.00068998
0.000684351
0.000680736
0.000679218
0.000679896
0.000682569
0.000687264
0.000693625
0.000701627
0.000711239
0.000721139
0.000732643
0.000738768
3.49135e-05
3.07786e-05
2.79183e-05
2.58172e-05
2.42425e-05
2.31226e-05
2.24989e-05
2.24938e-05
2.32801e-05
2.5057e-05
2.80269e-05
3.23977e-05
3.84004e-05
4.63357e-05
5.66157e-05
6.97852e-05
8.64701e-05
0.000107262
0.000132557
0.000162437
0.000196626
0.000234545
0.000275407
0.000318321
0.000362116
0.000405873
0.000448752
0.000489999
0.000528947
0.000565013
0.000597703
0.000626615
0.000651445
0.000671987
0.000688148
0.000699943
0.000707503
0.000711074
0.000711015
0.000707786
0.000701934
0.000694068
0.000684828
0.000674857
0.000664788
0.000655243
0.000646776
0.000639885
0.000634927
0.000632203
0.000631781
0.000633787
0.000637969
0.000644434
0.000652674
0.000662905
0.000674728
0.000687467
0.000701603
0.000711558
3.49145e-05
3.07897e-05
2.79447e-05
2.58584e-05
2.42874e-05
2.31431e-05
2.24452e-05
2.22928e-05
2.28401e-05
2.42753e-05
2.68002e-05
3.06265e-05
3.59851e-05
4.31589e-05
5.25158e-05
6.45322e-05
7.97637e-05
9.87616e-05
0.000121938
0.000149444
0.000181103
0.000216434
0.000254724
0.00029514
0.000336569
0.000378074
0.000418807
0.000458006
0.000494995
0.000529185
0.000560079
0.000587272
0.000610459
0.00062944
0.000644124
0.000654536
0.000660814
0.000663217
0.000662112
0.000657973
0.000651357
0.000642886
0.00063321
0.000622983
0.000612846
0.000603424
0.000595272
0.000588893
0.000584638
0.00058282
0.000583493
0.000586813
0.000592477
0.000600673
0.000610754
0.000623163
0.000637148
0.000652669
0.000669393
0.000683156
3.49154e-05
3.07997e-05
2.79686e-05
2.58964e-05
2.43308e-05
2.31691e-05
2.24109e-05
2.2133e-05
2.24681e-05
2.35886e-05
2.56879e-05
2.89743e-05
3.36741e-05
4.00543e-05
4.84478e-05
5.92743e-05
7.30264e-05
9.02104e-05
0.000111239
0.000136316
0.000165359
0.000197983
0.000233562
0.000271317
0.000310245
0.000349364
0.000387829
0.000424873
0.000459812
0.000492049
0.000521083
0.000546508
0.000568019
0.00058542
0.000598626
0.000607667
0.000612694
0.000613972
0.000611883
0.000606908
0.000599614
0.000590631
0.000580616
0.00057023
0.000560117
0.0005509
0.000543131
0.000537311
0.000533787
0.000532881
0.000534636
0.000539238
0.000546344
0.000556216
0.000568081
0.000582598
0.000598685
0.000616909
0.000636166
0.000653691
3.4916e-05
3.08087e-05
2.79904e-05
2.59314e-05
2.43726e-05
2.31989e-05
2.23929e-05
2.20097e-05
2.21605e-05
2.29979e-05
2.47014e-05
2.74693e-05
3.15184e-05
3.70988e-05
4.45124e-05
5.41315e-05
6.63919e-05
8.17538e-05
0.000100618
0.000123228
0.000149578
0.000179387
0.000212118
0.000247058
0.000283329
0.000319919
0.000355988
0.000390766
0.000423558
0.000453765
0.000480879
0.000504493
0.000524302
0.000540114
0.00055185
0.000559548
0.000563367
0.000563583
0.000560587
0.000554868
0.000547
0.000537617
0.000527378
0.000516946
0.000506959
0.000498037
0.00049072
0.000485505
0.000482733
0.000482733
0.000485542
0.000491374
0.000499858
0.000511325
0.000524898
0.00054143
0.00055954
0.000580371
0.00060209
0.000623302
3.49165e-05
3.08168e-05
2.80102e-05
2.59638e-05
2.44125e-05
2.32315e-05
2.23882e-05
2.19185e-05
2.19118e-05
2.24999e-05
2.38441e-05
2.6128e-05
2.95541e-05
3.4353e-05
4.07974e-05
4.92167e-05
5.99955e-05
7.35476e-05
9.0254e-05
0.000110379
0.000133985
0.000160885
0.00019064
0.000222619
0.000256066
0.000289973
0.00032351
0.000355901
0.00038645
0.000414548
0.000439683
0.000461447
0.000479536
0.000493761
0.000504048
0.000510444
0.000513117
0.000512351
0.000508545
0.000502196
0.000493879
0.000484228
0.000473899
0.000463548
0.000453805
0.000445274
0.000438481
0.000433913
0.000431904
0.000432787
0.0004366
0.000443584
0.000453355
0.000466308
0.000481482
0.00049991
0.000519939
0.000543252
0.000567343
0.000592134
3.49169e-05
3.08244e-05
2.80285e-05
2.59938e-05
2.44506e-05
2.32658e-05
2.23942e-05
2.18543e-05
2.17156e-05
2.20882e-05
2.31135e-05
2.49567e-05
2.78023e-05
3.18593e-05
3.73709e-05
4.46262e-05
5.39618e-05
6.5745e-05
8.0329e-05
9.79857e-05
0.000118829
0.000142756
0.00016943
0.00019831
0.000228768
0.000259832
0.000290691
0.00032057
0.000348771
0.000374679
0.000397778
0.000417657
0.000434015
0.000446665
0.000455539
0.000460692
0.000462299
0.000460654
0.00045616
0.000449316
0.000440699
0.000430935
0.000420669
0.000410545
0.000401173
0.000393135
0.000386938
0.000383053
0.000381803
0.000383526
0.000388267
0.000396294
0.000407227
0.000421519
0.000438154
0.00045832
0.000480137
0.000505773
0.000532121
0.000560344
3.49172e-05
3.08314e-05
2.80455e-05
2.60216e-05
2.44867e-05
2.3301e-05
2.24085e-05
2.18128e-05
2.1565e-05
2.17547e-05
2.25024e-05
2.3953e-05
2.6271e-05
2.9642e-05
3.42793e-05
4.04332e-05
4.83941e-05
5.84824e-05
7.10171e-05
8.6264e-05
0.00010437
0.000125306
0.000148831
0.000174502
0.000201817
0.000229882
0.000257912
0.000285148
0.000310891
0.000334525
0.000355531
0.000373496
0.00038812
0.000399219
0.000406731
0.000410718
0.000411362
0.000408962
0.000403926
0.000396752
0.000388008
0.000378308
0.00036828
0.000358543
0.000349679
0.000342242
0.00033671
0.000333532
0.00033302
0.000335516
0.000341076
0.000349999
0.000361926
0.000377367
0.000395279
0.000416982
0.000440416
0.000468179
0.000496635
0.0005281
3.49174e-05
3.08379e-05
2.80614e-05
2.60477e-05
2.45211e-05
2.33365e-05
2.24291e-05
2.17898e-05
2.14532e-05
2.14901e-05
2.20005e-05
2.31086e-05
2.49574e-05
2.77089e-05
3.15468e-05
3.66841e-05
4.33664e-05
5.18671e-05
6.24657e-05
7.54098e-05
9.08625e-05
0.000108848
0.00012921
0.000151607
0.000175661
0.000200586
0.000225645
0.000250105
0.00027328
0.000294556
0.000313413
0.00032944
0.000342335
0.000351921
0.000358139
0.000361057
0.000360863
0.00035786
0.000352455
0.000345138
0.000336465
0.00032703
0.00031743
0.000308252
0.000300041
0.000293311
0.000288505
0.000286045
0.000286229
0.000289399
0.000295635
0.000305265
0.000317972
0.000334319
0.000353275
0.00037626
0.000401097
0.00043074
0.00046112
0.000495585
3.49176e-05
3.08442e-05
2.80763e-05
2.60722e-05
2.45537e-05
2.33718e-05
2.24543e-05
2.17815e-05
2.13739e-05
2.12851e-05
2.15961e-05
2.24106e-05
2.38505e-05
2.60544e-05
2.91779e-05
3.33988e-05
3.89204e-05
4.59695e-05
5.47827e-05
6.55796e-05
7.85219e-05
9.36677e-05
0.00011093
0.000130059
0.000150789
0.000172473
0.000194443
0.000216011
0.000236515
0.000255353
0.000272013
0.000286083
0.000297268
0.000305391
0.000310401
0.000312369
0.000311487
0.000308056
0.000302478
0.000295231
0.000286848
0.000277892
0.000268923
0.000260481
0.000253066
0.000247141
0.00024311
0.000241358
0.000242171
0.000245889
0.000252619
0.000262721
0.000275946
0.000292899
0.000312608
0.000336564
0.000362537
0.000393757
0.000425831
0.000462995
3.49177e-05
3.08501e-05
2.80905e-05
2.60952e-05
2.45847e-05
2.34065e-05
2.24827e-05
2.17849e-05
2.13213e-05
2.11305e-05
2.12764e-05
2.18435e-05
2.29336e-05
2.46629e-05
2.7161e-05
3.05739e-05
3.50659e-05
4.08197e-05
4.8028e-05
5.68753e-05
6.75084e-05
7.99995e-05
9.43093e-05
0.000110264
0.000127695
0.000146106
0.000164921
0.000183516
0.00020127
0.00021761
0.000232036
0.000244147
0.000253653
0.000260383
0.00026429
0.000265447
0.000264045
0.000260384
0.000254849
0.000247898
0.000240033
0.000231776
0.000223636
0.000216099
0.000209607
0.00020457
0.00020134
0.000200266
0.000201617
0.000205726
0.000212738
0.000223041
0.000236472
0.000253682
0.000273794
0.000298346
0.000325126
0.000357561
0.000391044
0.00043054
3.49179e-05
3.08559e-05
2.81041e-05
2.61172e-05
2.46142e-05
2.34404e-05
2.25133e-05
2.17971e-05
2.129e-05
2.10179e-05
2.1029e-05
2.1391e-05
2.21868e-05
2.3512e-05
2.5473e-05
2.81876e-05
3.17858e-05
3.64104e-05
4.2212e-05
4.93374e-05
5.79085e-05
6.79954e-05
7.95854e-05
9.25609e-05
0.000106823
0.00012203
0.000137706
0.000153311
0.000168287
0.000182103
0.000194289
0.000204461
0.000212341
0.000217766
0.000220692
0.000221195
0.00021946
0.000215774
0.000210504
0.000204075
0.000196949
0.000189592
0.000182457
0.000175966
0.000170495
0.000166395
0.000163966
0.000163516
0.000165293
0.000169623
0.000176684
0.000186893
0.00020019
0.000217263
0.000237379
0.000262092
0.000289291
0.000322509
0.000357063
0.000398448
3.4918e-05
3.08616e-05
2.81172e-05
2.61381e-05
2.46425e-05
2.34735e-05
2.25453e-05
2.1816e-05
2.12758e-05
2.09395e-05
2.08423e-05
2.10366e-05
2.15886e-05
2.25754e-05
2.40831e-05
2.62051e-05
2.90424e-05
3.27037e-05
3.73017e-05
4.29464e-05
4.97309e-05
5.77116e-05
6.68852e-05
7.71695e-05
8.85099e-05
0.000100697
0.000113359
0.000126052
0.000138299
0.00014963
0.000159618
0.000167909
0.000174246
0.000178476
0.000180562
0.000180576
0.000178695
0.000175186
0.000170387
0.000164681
0.000158476
0.00015218
0.000146176
0.000140819
0.00013642
0.000133265
0.000131605
0.000131702
0.000133785
0.000138164
0.000145049
0.000154877
0.000167694
0.000184222
0.000203911
0.000228305
0.000255481
0.00028899
0.000324212
0.000367026
3.49181e-05
3.08672e-05
2.813e-05
2.61584e-05
2.46696e-05
2.35057e-05
2.25779e-05
2.18399e-05
2.12748e-05
2.08886e-05
2.07054e-05
2.07646e-05
2.11176e-05
2.18255e-05
2.29565e-05
2.45838e-05
2.67849e-05
2.96399e-05
3.32303e-05
3.76335e-05
4.29138e-05
4.9109e-05
5.62136e-05
6.41641e-05
7.29273e-05
8.2394e-05
9.22888e-05
0.000102265
0.000111936
0.000120906
0.000128807
0.000135329
0.000140242
0.000143413
0.000144809
0.000144499
0.000142644
0.000139484
0.000135318
0.00013048
0.000125316
0.000120167
0.000115349
0.000111145
0.000107804
0.000105554
0.000104598
0.000105155
0.000107431
0.000111714
0.000118236
0.000127438
0.00013947
0.000155074
0.000173907
0.000197488
0.00022416
0.000257412
0.000292845
0.000336568
3.49183e-05
3.08729e-05
2.81425e-05
2.6178e-05
2.46958e-05
2.3537e-05
2.26108e-05
2.18673e-05
2.12841e-05
2.08597e-05
2.06091e-05
2.05607e-05
2.07535e-05
2.12347e-05
2.20574e-05
2.32783e-05
2.49554e-05
2.71472e-05
2.991e-05
3.32949e-05
3.73414e-05
4.20686e-05
4.74635e-05
5.34709e-05
6.00639e-05
6.71986e-05
7.46782e-05
8.22452e-05
8.96009e-05
9.6432e-05
0.000102439
0.000107366
0.000111019
0.000113288
0.000114147
0.00011366
0.000111968
0.000109277
0.000105839
0.000101932
9.78409e-05
9.38377e-05
9.01713e-05
8.70635e-05
8.47063e-05
8.32763e-05
8.29361e-05
8.38656e-05
8.62477e-05
9.03398e-05
9.6382e-05
0.000104801
0.000115831
0.000130211
0.000147815
0.000170113
0.000195795
0.00022821
0.000263346
0.000307385
3.49184e-05
3.08785e-05
2.8155e-05
2.61972e-05
2.47212e-05
2.35675e-05
2.26438e-05
2.18971e-05
2.1301e-05
2.08479e-05
2.05452e-05
2.04123e-05
2.04777e-05
2.07772e-05
2.13511e-05
2.22425e-05
2.34946e-05
2.51489e-05
2.72432e-05
2.98086e-05
3.28656e-05
3.64179e-05
4.04449e-05
4.48945e-05
4.97397e-05
5.49719e-05
6.04528e-05
6.59981e-05
7.13884e-05
7.63886e-05
8.07697e-05
8.43324e-05
8.69266e-05
8.84658e-05
8.89344e-05
8.83874e-05
8.69433e-05
8.47715e-05
8.20758e-05
7.90779e-05
7.60003e-05
7.30542e-05
7.04301e-05
6.82966e-05
6.68004e-05
6.6078e-05
6.62593e-05
6.7492e-05
6.99348e-05
7.38115e-05
7.93523e-05
8.69489e-05
9.68859e-05
0.00010987
0.00012598
0.000146608
0.000170848
0.000201841
0.000236136
0.000279824
3.49186e-05
3.08843e-05
2.81674e-05
2.62161e-05
2.4746e-05
2.35974e-05
2.26765e-05
2.19286e-05
2.13236e-05
2.08493e-05
2.05069e-05
2.03084e-05
2.02739e-05
2.04294e-05
2.08052e-05
2.14331e-05
2.23448e-05
2.35694e-05
2.51312e-05
2.70476e-05
2.93258e-05
3.19587e-05
3.49204e-05
3.81617e-05
4.16543e-05
4.54041e-05
4.93141e-05
5.3255e-05
5.7072e-05
6.0597e-05
6.36649e-05
6.6131e-05
6.78863e-05
6.88699e-05
6.90748e-05
6.8548e-05
6.73848e-05
6.57186e-05
6.37076e-05
6.15218e-05
5.93301e-05
5.7292e-05
5.55511e-05
5.42351e-05
5.34576e-05
5.33269e-05
5.39503e-05
5.54508e-05
5.79637e-05
6.16757e-05
6.67917e-05
7.36479e-05
8.25435e-05
9.41199e-05
0.000108618
0.000127319
0.00014975
0.000178776
0.000211672
0.000254277
3.49188e-05
3.08902e-05
2.81799e-05
2.62348e-05
2.47705e-05
2.36266e-05
2.27091e-05
2.19612e-05
2.13504e-05
2.08607e-05
2.04886e-05
2.02398e-05
2.01277e-05
2.01707e-05
2.03905e-05
2.08104e-05
2.14531e-05
2.23383e-05
2.34813e-05
2.48904e-05
2.65644e-05
2.84905e-05
3.06405e-05
3.29692e-05
3.54489e-05
3.80882e-05
4.08184e-05
4.35495e-05
4.61751e-05
4.858e-05
5.06509e-05
5.22891e-05
5.34213e-05
5.40088e-05
5.4052e-05
5.35904e-05
5.26987e-05
5.14786e-05
5.00494e-05
4.85384e-05
4.70719e-05
4.57694e-05
4.47402e-05
4.40842e-05
4.38944e-05
4.42633e-05
4.52845e-05
4.70623e-05
4.9709e-05
5.33709e-05
5.82155e-05
6.45108e-05
7.25372e-05
8.28419e-05
9.57725e-05
0.000112461
0.000132847
0.000159457
0.000190422
0.000231166
3.49191e-05
3.08963e-05
2.81926e-05
2.62536e-05
2.47947e-05
2.36555e-05
2.27414e-05
2.19945e-05
2.13802e-05
2.08797e-05
2.04855e-05
2.01989e-05
2.00273e-05
1.99832e-05
2.00817e-05
2.03393e-05
2.07717e-05
2.13921e-05
2.22094e-05
2.32263e-05
2.44374e-05
2.58273e-05
2.73687e-05
2.90216e-05
3.07612e-05
3.25939e-05
3.447e-05
3.6327e-05
3.80929e-05
3.96908e-05
4.10464e-05
4.20958e-05
4.27934e-05
4.31176e-05
4.30744e-05
4.26969e-05
4.20431e-05
4.11897e-05
4.02259e-05
3.92466e-05
3.83471e-05
3.76192e-05
3.71505e-05
3.70262e-05
3.73309e-05
3.81504e-05
3.95703e-05
4.16778e-05
4.45597e-05
4.83205e-05
5.3084e-05
5.90463e-05
6.64474e-05
7.57235e-05
8.72713e-05
0.000102039
0.000120309
0.000144217
0.000172796
0.000210915
3.49193e-05
3.09026e-05
2.82055e-05
2.62725e-05
2.48188e-05
2.36842e-05
2.27735e-05
2.20282e-05
2.14122e-05
2.09044e-05
2.04942e-05
2.01792e-05
1.99627e-05
1.9852e-05
1.98572e-05
1.99895e-05
2.02594e-05
2.06752e-05
2.12419e-05
2.19587e-05
2.28185e-05
2.38058e-05
2.48961e-05
2.60554e-05
2.72631e-05
2.85222e-05
2.97962e-05
3.10417e-05
3.221e-05
3.32509e-05
3.4117e-05
3.4769e-05
3.51807e-05
3.53427e-05
3.52645e-05
3.49744e-05
3.45178e-05
3.39535e-05
3.33492e-05
3.27777e-05
3.23141e-05
3.20346e-05
3.20178e-05
3.23454e-05
3.3102e-05
3.43711e-05
3.62293e-05
3.87442e-05
4.1975e-05
4.59853e-05
5.08551e-05
5.67126e-05
6.37475e-05
7.22831e-05
8.2717e-05
9.57963e-05
0.000112045
0.000133172
0.000159055
0.000193883
3.49197e-05
3.09093e-05
2.82188e-05
2.62917e-05
2.4843e-05
2.37127e-05
2.28055e-05
2.20623e-05
2.14458e-05
2.09332e-05
2.05118e-05
2.0176e-05
1.99257e-05
1.97647e-05
1.9699e-05
1.97355e-05
1.98811e-05
2.01407e-05
2.05163e-05
2.10056e-05
2.1601e-05
2.22885e-05
2.3047e-05
2.38487e-05
2.46777e-05
2.5534e-05
2.63907e-05
2.72172e-05
2.79808e-05
2.86488e-05
2.91919e-05
2.9587e-05
2.98208e-05
2.98916e-05
2.98113e-05
2.96047e-05
2.93087e-05
2.897e-05
2.86428e-05
2.83869e-05
2.82678e-05
2.83573e-05
2.87353e-05
2.9488e-05
3.07019e-05
3.24558e-05
3.4813e-05
3.78188e-05
4.15043e-05
4.58958e-05
5.10324e-05
5.69824e-05
6.3883e-05
7.19536e-05
8.15612e-05
9.32548e-05
0.0001077
0.000126171
0.000149222
0.000180284
3.492e-05
3.09162e-05
2.82326e-05
2.63112e-05
2.48675e-05
2.37414e-05
2.28376e-05
2.20967e-05
2.14806e-05
2.09652e-05
2.05359e-05
2.01851e-05
1.991e-05
1.97114e-05
1.95922e-05
1.95563e-05
1.96077e-05
1.97489e-05
1.99802e-05
2.02985e-05
2.06964e-05
2.1162e-05
2.16779e-05
2.22218e-05
2.27825e-05
2.33575e-05
2.3927e-05
2.44696e-05
2.4963e-05
2.53863e-05
2.57216e-05
2.59566e-05
2.60857e-05
2.61127e-05
2.60506e-05
2.59222e-05
2.57593e-05
2.56017e-05
2.54968e-05
2.55e-05
2.56767e-05
2.6104e-05
2.68693e-05
2.80641e-05
2.97738e-05
3.2067e-05
3.49899e-05
3.85648e-05
4.27958e-05
4.7675e-05
5.32043e-05
5.93997e-05
6.63483e-05
7.41799e-05
8.32153e-05
9.38249e-05
0.000106733
0.000122815
0.000143064
0.000170126
3.49205e-05
3.09235e-05
2.82468e-05
2.63313e-05
2.48924e-05
2.37703e-05
2.28698e-05
2.21314e-05
2.15162e-05
2.09994e-05
2.05649e-05
2.02035e-05
1.99103e-05
1.96838e-05
1.95248e-05
1.94348e-05
1.94155e-05
1.94678e-05
1.9591e-05
1.97815e-05
2.0033e-05
2.03352e-05
2.06744e-05
2.10331e-05
2.14036e-05
2.17823e-05
2.21545e-05
2.25052e-05
2.28193e-05
2.30837e-05
2.3288e-05
2.34265e-05
2.34992e-05
2.35131e-05
2.34824e-05
2.34291e-05
2.33828e-05
2.33812e-05
2.34711e-05
2.37117e-05
2.41761e-05
2.4952e-05
2.61349e-05
2.78179e-05
3.00793e-05
3.2974e-05
3.65289e-05
4.07432e-05
4.55945e-05
5.1043e-05
5.70552e-05
6.36018e-05
7.07242e-05
7.84778e-05
8.71333e-05
9.69113e-05
0.000108537
0.000122524
0.000140145
0.000163202
3.4921e-05
3.09313e-05
2.82616e-05
2.63519e-05
2.49177e-05
2.37995e-05
2.29023e-05
2.21663e-05
2.15525e-05
2.10351e-05
2.05974e-05
2.02286e-05
1.99224e-05
1.96757e-05
1.94872e-05
1.93569e-05
1.9285e-05
1.92712e-05
1.93139e-05
1.94098e-05
1.95531e-05
1.97357e-05
1.99466e-05
2.0172e-05
2.04077e-05
2.06491e-05
2.08855e-05
2.11063e-05
2.13018e-05
2.14638e-05
2.15874e-05
2.16712e-05
2.17192e-05
2.17408e-05
2.17519e-05
2.17749e-05
2.18405e-05
2.19885e-05
2.2272e-05
2.27598e-05
2.35381e-05
2.4705e-05
2.63604e-05
2.85934e-05
3.1471e-05
3.50316e-05
3.9282e-05
4.41971e-05
4.97271e-05
5.58008e-05
6.2351e-05
6.93087e-05
7.66749e-05
8.44461e-05
9.28455e-05
0.000101974
0.000112523
0.000124682
0.000139908
0.000159132
3.49215e-05
3.09395e-05
2.82771e-05
2.63732e-05
2.49437e-05
2.38292e-05
2.2935e-05
2.22014e-05
2.15891e-05
2.10719e-05
2.06322e-05
2.02584e-05
1.9943e-05
1.96816e-05
1.94716e-05
1.93117e-05
1.92009e-05
1.91381e-05
1.91214e-05
1.91474e-05
1.92114e-05
1.93066e-05
1.94244e-05
1.95538e-05
1.96939e-05
1.9839e-05
1.99816e-05
2.01146e-05
2.02319e-05
2.03294e-05
2.04058e-05
2.04634e-05
2.05091e-05
2.05548e-05
2.06186e-05
2.07256e-05
2.09104e-05
2.12205e-05
2.17203e-05
2.24929e-05
2.36373e-05
2.52585e-05
2.74554e-05
3.03084e-05
3.38702e-05
3.81607e-05
4.31642e-05
4.88294e-05
5.50769e-05
6.18043e-05
6.8912e-05
7.62971e-05
8.39267e-05
9.17519e-05
9.99553e-05
0.000108548
0.000118162
0.0001287
0.000141756
0.000157432
3.49222e-05
3.09482e-05
2.82933e-05
2.63953e-05
2.49702e-05
2.38592e-05
2.29679e-05
2.22366e-05
2.16258e-05
2.11091e-05
2.06684e-05
2.02912e-05
1.99694e-05
1.96974e-05
1.94718e-05
1.92902e-05
1.91508e-05
1.9052e-05
1.89914e-05
1.89662e-05
1.8972e-05
1.90035e-05
1.9054e-05
1.91149e-05
1.91867e-05
1.92642e-05
1.93422e-05
1.94164e-05
1.94836e-05
1.9543e-05
1.95962e-05
1.96488e-05
1.97103e-05
1.97958e-05
1.99268e-05
2.01336e-05
2.04589e-05
2.09626e-05
2.1724e-05
2.2841e-05
2.44219e-05
2.65734e-05
2.93882e-05
3.29345e-05
3.72482e-05
4.23273e-05
4.81306e-05
5.45771e-05
6.15567e-05
6.89357e-05
7.6585e-05
8.43738e-05
9.22422e-05
0.000100109
0.000108123
0.000116233
0.000124986
0.000134051
0.000145127
0.00015758
3.49229e-05
3.09574e-05
2.83101e-05
2.64179e-05
2.49971e-05
2.38894e-05
2.30007e-05
2.22714e-05
2.16621e-05
2.1146e-05
2.07047e-05
2.03253e-05
1.99989e-05
1.97194e-05
1.94824e-05
1.9285e-05
1.91247e-05
1.89994e-05
1.89068e-05
1.8844e-05
1.88074e-05
1.87926e-05
1.87945e-05
1.88068e-05
1.883e-05
1.88604e-05
1.88949e-05
1.89314e-05
1.89694e-05
1.90108e-05
1.90601e-05
1.9126e-05
1.92212e-05
1.93647e-05
1.95836e-05
1.99168e-05
2.04196e-05
2.11674e-05
2.22553e-05
2.37928e-05
2.58921e-05
2.86564e-05
3.2168e-05
3.64797e-05
4.16066e-05
4.75214e-05
5.41527e-05
6.13879e-05
6.90847e-05
7.70806e-05
8.52213e-05
9.33543e-05
0.000101401
0.000109256
0.000117048
0.000124659
0.000132569
0.000140274
0.000149519
0.000159068
3.49238e-05
3.09672e-05
2.83276e-05
2.64411e-05
2.50243e-05
2.39195e-05
2.30329e-05
2.23052e-05
2.16969e-05
2.11814e-05
2.07398e-05
2.03588e-05
2.00292e-05
1.97442e-05
1.9499e-05
1.929e-05
1.91144e-05
1.89698e-05
1.88537e-05
1.87635e-05
1.86961e-05
1.86479e-05
1.8615e-05
1.85933e-05
1.85829e-05
1.8582e-05
1.85893e-05
1.86049e-05
1.8631e-05
1.86719e-05
1.87353e-05
1.88331e-05
1.89822e-05
1.92074e-05
1.95444e-05
2.00446e-05
2.0779e-05
2.18395e-05
2.33344e-05
2.53791e-05
2.80843e-05
3.1545e-05
3.58295e-05
4.09708e-05
4.69589e-05
5.37361e-05
6.11979e-05
6.91985e-05
7.75654e-05
8.61109e-05
9.46611e-05
0.000103049
0.000111184
0.00011895
0.000126455
0.0001335
0.000140555
0.000146965
0.000154489
0.000161424
3.49246e-05
3.09774e-05
2.83456e-05
2.64643e-05
2.5051e-05
2.39484e-05
2.30634e-05
2.23367e-05
2.17291e-05
2.12138e-05
2.07718e-05
2.03896e-05
2.00576e-05
1.97686e-05
1.95173e-05
1.92999e-05
1.91132e-05
1.89546e-05
1.88215e-05
1.87116e-05
1.86222e-05
1.85504e-05
1.84934e-05
1.84488e-05
1.84172e-05
1.83981e-05
1.83925e-05
1.84025e-05
1.84329e-05
1.84909e-05
1.85875e-05
1.87387e-05
1.89673e-05
1.93068e-05
1.9805e-05
2.0529e-05
2.15664e-05
2.30232e-05
2.50153e-05
2.76584e-05
3.1057e-05
3.52932e-05
4.04168e-05
4.64361e-05
5.33106e-05
6.09487e-05
6.92111e-05
7.79201e-05
8.68768e-05
9.58743e-05
0.000104726
0.000113257
0.000121372
0.000128948
0.000136087
0.000142472
0.000148631
0.000153775
0.00015965
0.000164225
3.49256e-05
3.0988e-05
2.83636e-05
2.6487e-05
2.50763e-05
2.3975e-05
2.30906e-05
2.23641e-05
2.17565e-05
2.12409e-05
2.07983e-05
2.04151e-05
2.00811e-05
1.97891e-05
1.95335e-05
1.93101e-05
1.91155e-05
1.89469e-05
1.88021e-05
1.86786e-05
1.85743e-05
1.8487e-05
1.84149e-05
1.83573e-05
1.83156e-05
1.8291e-05
1.82864e-05
1.83064e-05
1.83585e-05
1.84531e-05
1.86055e-05
1.88374e-05
1.91803e-05
1.96792e-05
2.03975e-05
2.14187e-05
2.28449e-05
2.47907e-05
2.7374e-05
3.07054e-05
3.4878e-05
3.99567e-05
4.59671e-05
5.28875e-05
6.06427e-05
6.91051e-05
7.81019e-05
8.74279e-05
9.68639e-05
0.000106191
0.000115216
0.000123762
0.000131737
0.000139016
0.000145655
0.000151305
0.000156516
0.000160394
0.000164661
0.000167093
3.49265e-05
3.09986e-05
2.83809e-05
2.65079e-05
2.50983e-05
2.3997e-05
2.31119e-05
2.23845e-05
2.17761e-05
2.12597e-05
2.08162e-05
2.04319e-05
2.00965e-05
1.98024e-05
1.95439e-05
1.93165e-05
1.91169e-05
1.89421e-05
1.879e-05
1.86584e-05
1.85458e-05
1.84505e-05
1.8372e-05
1.83116e-05
1.82714e-05
1.82547e-05
1.82664e-05
1.83141e-05
1.8408e-05
1.8563e-05
1.88001e-05
1.91492e-05
1.96535e-05
2.03728e-05
2.13864e-05
2.27921e-05
2.47013e-05
2.72315e-05
3.04966e-05
3.45972e-05
3.96101e-05
4.55769e-05
5.24937e-05
6.03039e-05
6.8896e-05
7.81076e-05
8.77369e-05
9.75575e-05
0.000107338
0.000116853
0.000125912
0.000134339
0.000142046
0.000148913
0.000154918
0.000159751
0.000163947
0.000166543
0.000169219
0.000169694
3.49272e-05
3.10086e-05
2.83963e-05
2.65248e-05
2.51143e-05
2.40109e-05
2.31234e-05
2.23939e-05
2.17837e-05
2.12659e-05
2.08214e-05
2.04363e-05
2.01001e-05
1.98051e-05
1.95454e-05
1.93165e-05
1.91149e-05
1.89378e-05
1.87832e-05
1.86494e-05
1.85352e-05
1.84401e-05
1.83651e-05
1.83132e-05
1.8288e-05
1.82949e-05
1.83412e-05
1.84376e-05
1.85985e-05
1.88445e-05
1.92048e-05
1.97206e-05
2.04491e-05
2.14654e-05
2.28627e-05
2.47477e-05
2.72354e-05
3.04399e-05
3.44662e-05
3.93996e-05
4.52945e-05
5.21638e-05
5.99692e-05
6.86176e-05
7.7962e-05
8.78101e-05
9.79381e-05
0.000108107
0.000118079
0.000127632
0.000136579
0.00014475
0.000152066
0.000158369
0.000163642
0.000167572
0.000170683
0.000171966
0.000173048
0.000171726
3.49274e-05
3.10171e-05
2.84077e-05
2.65346e-05
2.51201e-05
2.40119e-05
2.31199e-05
2.23867e-05
2.17738e-05
2.12545e-05
2.08093e-05
2.04242e-05
2.00887e-05
1.97948e-05
1.95365e-05
1.93092e-05
1.91096e-05
1.89351e-05
1.87839e-05
1.86549e-05
1.85476e-05
1.84627e-05
1.84033e-05
1.8374e-05
1.83803e-05
1.84298e-05
1.85332e-05
1.8705e-05
1.89655e-05
1.93435e-05
1.98788e-05
2.06263e-05
2.16571e-05
2.30592e-05
2.49343e-05
2.73926e-05
3.05462e-05
3.45011e-05
3.93475e-05
4.51496e-05
5.19338e-05
5.96797e-05
6.83128e-05
7.77046e-05
8.76779e-05
9.80176e-05
0.000108487
0.000118841
0.000128846
0.000138283
0.000146974
0.000154754
0.00016156
0.000167157
0.000171597
0.000174539
0.000176491
0.000176424
0.000175897
0.000172918
3.49267e-05
3.10222e-05
2.84116e-05
2.65322e-05
2.51093e-05
2.39927e-05
2.30939e-05
2.23557e-05
2.174e-05
2.12196e-05
2.07752e-05
2.03923e-05
2.00601e-05
1.97706e-05
1.95178e-05
1.92971e-05
1.91053e-05
1.89401e-05
1.88003e-05
1.86854e-05
1.8596e-05
1.85341e-05
1.85057e-05
1.85169e-05
1.85753e-05
1.86917e-05
1.88809e-05
1.91632e-05
1.95671e-05
2.01316e-05
2.09092e-05
2.19673e-05
2.33887e-05
2.52689e-05
2.77126e-05
3.08273e-05
3.47173e-05
3.94745e-05
4.51689e-05
5.18378e-05
5.94757e-05
6.80268e-05
7.73822e-05
8.73831e-05
9.78294e-05
0.000108493
0.000119131
0.000129502
0.000139379
0.00014855
0.000156846
0.000164109
0.000170262
0.000175049
0.000178561
0.00018043
0.000181149
0.000179691
0.00017753
0.000173024
3.49241e-05
3.1021e-05
2.84026e-05
2.651e-05
2.50729e-05
2.3944e-05
2.3036e-05
2.22924e-05
2.16748e-05
2.11557e-05
2.07153e-05
2.03386e-05
2.00147e-05
1.97354e-05
1.94946e-05
1.92878e-05
1.91122e-05
1.89659e-05
1.88485e-05
1.87602e-05
1.87031e-05
1.86811e-05
1.87035e-05
1.87777e-05
1.89147e-05
1.91294e-05
1.94426e-05
1.98824e-05
2.04871e-05
2.1307e-05
2.2406e-05
2.38615e-05
2.57623e-05
2.82063e-05
3.12952e-05
3.51287e-05
3.97977e-05
4.53746e-05
5.1904e-05
5.93926e-05
6.78011e-05
7.70406e-05
8.69728e-05
9.74166e-05
0.000108158
0.000118965
0.000129596
0.000139817
0.000149411
0.000158174
0.000165944
0.000172571
0.000177937
0.000181818
0.000184312
0.000185028
0.000184438
0.00018155
0.000177727
0.000171819
3.49181e-05
3.10088e-05
2.83724e-05
2.64572e-05
2.49987e-05
2.38533e-05
2.2935e-05
2.21874e-05
2.15712e-05
2.10584e-05
2.06281e-05
2.0265e-05
1.99575e-05
1.96972e-05
1.94781e-05
1.92961e-05
1.91485e-05
1.90344e-05
1.8954e-05
1.8909e-05
1.89029e-05
1.89433e-05
1.90417e-05
1.92083e-05
1.94584e-05
1.98129e-05
2.03002e-05
2.09575e-05
2.18331e-05
2.2987e-05
2.4491e-05
2.64271e-05
2.88856e-05
3.19609e-05
3.57466e-05
4.03298e-05
4.57823e-05
5.21526e-05
5.94564e-05
6.76688e-05
7.67193e-05
8.64911e-05
9.68245e-05
0.000107525
0.000118374
0.000129141
0.000139594
0.000149507
0.000158673
0.000166895
0.000174017
0.000179883
0.000184355
0.000187239
0.00018863
0.000188117
0.000186148
0.000181793
0.000176284
0.000169097
3.49061e-05
3.09777e-05
2.83085e-05
2.63581e-05
2.48704e-05
2.37055e-05
2.27783e-05
2.20313e-05
2.1424e-05
2.09265e-05
2.05167e-05
2.01784e-05
1.98995e-05
1.96713e-05
1.94879e-05
1.93454e-05
1.92419e-05
1.91774e-05
1.91534e-05
1.91733e-05
1.92429e-05
1.93749e-05
1.95818e-05
1.98788e-05
2.02872e-05
2.08348e-05
2.15582e-05
2.25031e-05
2.37255e-05
2.52914e-05
2.72758e-05
2.97608e-05
3.28326e-05
3.65774e-05
4.10763e-05
4.63983e-05
5.25928e-05
5.96812e-05
6.76501e-05
7.64458e-05
8.59721e-05
9.6092e-05
0.000106633
0.000117397
0.000128166
0.000138718
0.000148832
0.000158291
0.000166896
0.000174454
0.000180815
0.000185796
0.000189288
0.00019109
0.000191295
0.000189482
0.000186068
0.000180223
0.000173016
0.000164679
3.48834e-05
3.09156e-05
2.81927e-05
2.61921e-05
2.4668e-05
2.34838e-05
2.25535e-05
2.18173e-05
2.12316e-05
2.0764e-05
2.03905e-05
2.00935e-05
1.98602e-05
1.96817e-05
1.95524e-05
1.94689e-05
1.94304e-05
1.9438e-05
1.94953e-05
1.9608e-05
1.97852e-05
2.00456e-05
2.04033e-05
2.08794e-05
2.15016e-05
2.23048e-05
2.33322e-05
2.46354e-05
2.62746e-05
2.83173e-05
3.08373e-05
3.3912e-05
3.76194e-05
4.2033e-05
4.72171e-05
5.32194e-05
6.00647e-05
6.77483e-05
7.62304e-05
8.54342e-05
9.52452e-05
0.000105515
0.000116067
0.000126703
0.000137216
0.000147392
0.000157019
0.000165891
0.000173814
0.000180594
0.000186087
0.000190078
0.000192505
0.000193145
0.000192089
0.000188912
0.000184001
0.000176656
0.000167761
0.000158414
3.48426e-05
3.08036e-05
2.79991e-05
2.59322e-05
2.43678e-05
2.31705e-05
2.22504e-05
2.15425e-05
2.09983e-05
2.05818e-05
2.02662e-05
2.00325e-05
1.9867e-05
1.9761e-05
1.97091e-05
1.97092e-05
1.97618e-05
1.98703e-05
2.00405e-05
2.02817e-05
2.06071e-05
2.10413e-05
2.16006e-05
2.23119e-05
2.32084e-05
2.43301e-05
2.57241e-05
2.74445e-05
2.95514e-05
3.21102e-05
3.51893e-05
3.88576e-05
4.31807e-05
4.82163e-05
5.40092e-05
6.05851e-05
6.79451e-05
7.60615e-05
8.48743e-05
9.42905e-05
0.000104185
0.000114406
0.000124779
0.000135112
0.000145206
0.000154859
0.00016387
0.000172035
0.000179163
0.000185059
0.00018957
0.000192492
0.000193774
0.000193178
0.000190793
0.000186202
0.00017976
0.000170933
0.000160398
0.000150197
3.47708e-05
3.06127e-05
2.76926e-05
2.55455e-05
2.39447e-05
2.27501e-05
2.18634e-05
2.12105e-05
2.07358e-05
2.03983e-05
2.01684e-05
2.00251e-05
1.99547e-05
1.99487e-05
2.00027e-05
2.01164e-05
2.02924e-05
2.05368e-05
2.08588e-05
2.12714e-05
2.17934e-05
2.2452e-05
2.32665e-05
2.4268e-05
2.54932e-05
2.69844e-05
2.87896e-05
3.09615e-05
3.35571e-05
3.66359e-05
4.02575e-05
4.44793e-05
4.93519e-05
5.49156e-05
6.11956e-05
6.8197e-05
7.59013e-05
8.42632e-05
9.3209e-05
0.000102637
0.000112419
0.000122403
0.000132422
0.000142292
0.000151826
0.000160827
0.000169103
0.000176452
0.000182683
0.000187591
0.000191027
0.000192802
0.000192864
0.000190965
0.000187194
0.00018116
0.000173185
0.000162931
0.000150861
0.000139984
3.46479e-05
3.03075e-05
2.72276e-05
2.49952e-05
2.33748e-05
2.22125e-05
2.13941e-05
2.08324e-05
2.04626e-05
2.02381e-05
2.01262e-05
2.01051e-05
2.01612e-05
2.02871e-05
2.04803e-05
2.07425e-05
2.10794e-05
2.15e-05
2.2017e-05
2.26471e-05
2.34164e-05
2.43452e-05
2.54604e-05
2.67944e-05
2.83846e-05
3.02726e-05
3.25042e-05
3.51283e-05
3.81954e-05
4.17567e-05
4.58606e-05
5.0551e-05
5.58632e-05
6.18203e-05
6.84302e-05
7.56815e-05
8.3541e-05
9.1952e-05
0.000100834
0.000110081
0.000119567
0.000129146
0.000138657
0.000147926
0.000156773
0.000165009
0.000172445
0.000178877
0.000184109
0.000187931
0.000190214
0.000190767
0.000189544
0.000186287
0.000181098
0.000173621
0.000164159
0.000152586
0.000139166
0.000127822
3.44447e-05
2.98366e-05
2.65597e-05
2.42444e-05
2.26405e-05
2.15561e-05
2.08528e-05
2.04264e-05
2.0202e-05
2.01277e-05
2.0169e-05
2.03041e-05
2.05205e-05
2.08127e-05
2.11805e-05
2.16284e-05
2.21646e-05
2.28011e-05
2.35537e-05
2.44419e-05
2.54945e-05
2.67281e-05
2.81713e-05
2.98566e-05
3.18198e-05
3.40996e-05
3.67373e-05
3.97753e-05
4.32563e-05
4.72209e-05
5.17059e-05
5.67416e-05
6.2349e-05
6.85369e-05
7.52995e-05
8.26136e-05
9.04369e-05
9.87067e-05
0.00010734
0.000116232
0.000125262
0.000134289
0.000143159
0.000151706
0.000159757
0.000167126
0.000173625
0.000179043
0.000183178
0.000185829
0.000186887
0.000186154
0.000183591
0.000178946
0.000172339
0.000163468
0.000152634
0.000139925
0.000125451
0.000113882
3.4114e-05
2.91328e-05
2.5637e-05
2.32682e-05
2.17375e-05
2.07916e-05
2.02584e-05
2.00147e-05
1.99765e-05
2.00888e-05
2.03169e-05
2.06405e-05
2.10491e-05
2.15395e-05
2.2114e-05
2.27794e-05
2.35464e-05
2.44291e-05
2.54451e-05
2.66158e-05
2.7968e-05
2.95155e-05
3.12864e-05
3.33109e-05
3.56215e-05
3.82523e-05
4.12384e-05
4.46146e-05
4.84146e-05
5.26685e-05
5.74021e-05
6.26336e-05
6.83725e-05
7.46168e-05
8.13512e-05
8.85454e-05
9.61524e-05
0.000104108
0.000112329
0.000120716
0.000129151
0.0001375
0.000145616
0.000153337
0.000160495
0.000166904
0.000172373
0.000176683
0.000179626
0.000181038
0.000180809
0.000178739
0.000174811
0.000168783
0.000160815
0.000150668
0.000138678
0.000125106
0.000110011
9.85032e-05
3.35846e-05
2.81162e-05
2.44144e-05
2.20648e-05
2.06799e-05
1.99434e-05
1.96356e-05
1.96172e-05
1.97991e-05
2.01263e-05
2.05664e-05
2.1102e-05
2.1725e-05
2.24349e-05
2.3236e-05
2.41369e-05
2.51497e-05
2.62897e-05
2.75754e-05
2.90279e-05
3.06683e-05
3.2509e-05
3.45753e-05
3.6894e-05
3.94929e-05
4.24003e-05
4.56445e-05
4.92526e-05
5.32494e-05
5.76559e-05
6.24882e-05
6.77555e-05
7.34587e-05
7.95885e-05
8.61243e-05
9.3032e-05
0.000100263
0.000107755
0.000115426
0.000123181
0.000130905
0.000138471
0.000145734
0.000152538
0.000158713
0.000164074
0.000168423
0.000171532
0.000173212
0.000173325
0.000171765
0.000168338
0.00016306
0.000155716
0.000146528
0.00013532
0.000122518
0.000108475
9.33427e-05
8.22258e-05
3.27537e-05
2.67047e-05
2.28716e-05
2.06555e-05
1.95093e-05
1.90476e-05
1.90076e-05
1.92406e-05
1.96589e-05
2.02119e-05
2.0872e-05
2.16251e-05
2.24667e-05
2.33979e-05
2.44247e-05
2.55567e-05
2.68064e-05
2.81891e-05
2.97229e-05
3.14273e-05
3.33148e-05
3.53974e-05
3.76968e-05
4.0235e-05
4.30348e-05
4.61186e-05
4.95079e-05
5.32226e-05
5.72801e-05
6.1694e-05
6.6473e-05
7.16199e-05
7.71301e-05
8.29901e-05
8.91765e-05
9.56543e-05
0.000102375
0.000109278
0.000116284
0.000123301
0.000130219
0.00013691
0.000143235
0.000149037
0.000154147
0.000158376
0.00016152
0.000163339
0.000163715
0.000162494
0.000159593
0.000154839
0.000148301
0.000139798
0.000129651
0.000117724
0.000104611
9.0617e-05
7.61696e-05
6.58078e-05
3.14837e-05
2.48426e-05
2.10393e-05
1.91033e-05
1.82892e-05
1.81423e-05
1.83832e-05
1.88644e-05
1.95074e-05
2.02704e-05
2.11324e-05
2.20837e-05
2.31224e-05
2.42512e-05
2.54768e-05
2.68087e-05
2.8259e-05
2.98418e-05
3.15734e-05
3.34707e-05
3.5537e-05
3.77843e-05
4.02299e-05
4.28912e-05
4.57858e-05
4.89305e-05
5.2341e-05
5.60311e-05
6.00123e-05
6.42927e-05
6.88761e-05
7.37609e-05
7.89394e-05
8.43961e-05
9.01064e-05
9.60354e-05
0.000102136
0.000108348
0.000114596
0.000120788
0.000126816
0.000132554
0.000137863
0.000142585
0.000146553
0.000149573
0.000151436
0.000151924
0.000150974
0.000148427
0.000144243
0.000138276
0.000130679
0.000121303
0.000110614
9.84643e-05
8.5702e-05
7.23924e-05
5.94233e-05
5.01849e-05
2.962e-05
2.25491e-05
1.90221e-05
1.75118e-05
1.70859e-05
1.72511e-05
1.77436e-05
1.84311e-05
1.92525e-05
2.01786e-05
2.11952e-05
2.22971e-05
2.34841e-05
2.47596e-05
2.613e-05
2.76039e-05
2.91918e-05
3.09058e-05
3.27597e-05
3.47665e-05
3.69222e-05
3.92383e-05
4.17276e-05
4.44033e-05
4.72779e-05
5.03636e-05
5.36712e-05
5.72099e-05
6.09869e-05
6.50062e-05
6.92683e-05
7.37694e-05
7.84997e-05
8.34427e-05
8.85737e-05
9.38581e-05
9.92497e-05
0.000104689
0.0001101
0.000115394
0.000120461
0.000125176
0.000129399
0.000132975
0.000135735
0.000137487
0.000138021
0.000137193
0.000134956
0.000131174
0.000125869
0.000118936
0.000110637
0.000100845
9.02067e-05
7.84874e-05
6.68492e-05
5.4918e-05
4.41482e-05
3.63471e-05
2.7056e-05
1.99743e-05
1.70008e-05
1.60068e-05
1.59568e-05
1.63747e-05
1.70401e-05
1.78529e-05
1.87746e-05
1.97882e-05
2.08861e-05
2.20656e-05
2.33275e-05
2.46747e-05
2.61125e-05
2.76475e-05
2.92882e-05
3.10439e-05
3.29252e-05
3.49408e-05
3.70833e-05
3.93616e-05
4.17849e-05
4.43621e-05
4.71019e-05
5.00124e-05
5.31005e-05
5.6372e-05
5.98308e-05
6.34783e-05
6.73129e-05
7.1329e-05
7.55158e-05
7.98563e-05
8.43254e-05
8.88885e-05
9.34993e-05
9.80981e-05
0.00010261
0.000106943
0.000110989
0.000114623
0.000117707
0.000120088
0.000121607
0.000122076
0.00012131
0.000119261
0.000115884
0.000111091
0.00010499
9.75164e-05
8.90633e-05
7.94954e-05
6.96511e-05
5.91165e-05
4.93571e-05
3.94292e-05
3.13087e-05
2.51234e-05
2.38639e-05
1.74175e-05
1.51954e-05
1.4704e-05
1.49351e-05
1.54893e-05
1.62117e-05
1.70432e-05
1.79668e-05
1.89748e-05
2.00636e-05
2.12311e-05
2.24777e-05
2.3805e-05
2.52163e-05
2.67161e-05
2.83101e-05
3.00048e-05
3.18075e-05
3.37226e-05
3.57426e-05
3.78732e-05
4.01199e-05
4.24883e-05
4.49836e-05
4.76107e-05
5.03736e-05
5.32753e-05
5.63174e-05
5.94994e-05
6.2818e-05
6.62663e-05
6.98328e-05
7.34995e-05
7.72411e-05
8.10221e-05
8.47957e-05
8.85015e-05
9.20639e-05
9.53913e-05
9.83765e-05
0.000100898
0.000102824
0.000104013
0.000104322
0.00010358
0.000101689
9.864e-05
9.44393e-05
8.90525e-05
8.26822e-05
7.52996e-05
6.74155e-05
5.88413e-05
5.05574e-05
4.19104e-05
3.45468e-05
2.69955e-05
2.15343e-05
1.69418e-05
2.04314e-05
1.52609e-05
1.38051e-05
1.3684e-05
1.40338e-05
1.45763e-05
1.52295e-05
1.59715e-05
1.6799e-05
1.77081e-05
1.86952e-05
1.97577e-05
2.08943e-05
2.21049e-05
2.33906e-05
2.47536e-05
2.61969e-05
2.77244e-05
2.93402e-05
3.10458e-05
3.28351e-05
3.47107e-05
3.66751e-05
3.8731e-05
4.08809e-05
4.31271e-05
4.54713e-05
4.79144e-05
5.04561e-05
5.30944e-05
5.58246e-05
5.86388e-05
6.15244e-05
6.44628e-05
6.74278e-05
7.03834e-05
7.32824e-05
7.60644e-05
7.8655e-05
8.09656e-05
8.28945e-05
8.43303e-05
8.5157e-05
8.52567e-05
8.45143e-05
8.27964e-05
8.01347e-05
7.65146e-05
7.20208e-05
6.66706e-05
6.07448e-05
5.42193e-05
4.76635e-05
4.07981e-05
3.46207e-05
2.82732e-05
2.3371e-05
1.81688e-05
1.4931e-05
1.17098e-05
1.74321e-05
1.38496e-05
1.29641e-05
1.29952e-05
1.32783e-05
1.36747e-05
1.41604e-05
1.47333e-05
1.53918e-05
1.61293e-05
1.694e-05
1.78194e-05
1.87644e-05
1.97731e-05
2.08449e-05
2.198e-05
2.31792e-05
2.44439e-05
2.57759e-05
2.71749e-05
2.86374e-05
3.01632e-05
3.17527e-05
3.34062e-05
3.51244e-05
3.69075e-05
3.87556e-05
4.0668e-05
4.26432e-05
4.46777e-05
4.6766e-05
4.88995e-05
5.10649e-05
5.32433e-05
5.54086e-05
5.75256e-05
5.95489e-05
6.14213e-05
6.30743e-05
6.44284e-05
6.53961e-05
6.58861e-05
6.58109e-05
6.50882e-05
6.36461e-05
6.14328e-05
5.85379e-05
5.49757e-05
5.08849e-05
4.63081e-05
4.15458e-05
3.65442e-05
3.18264e-05
2.70365e-05
2.30375e-05
1.8921e-05
1.60637e-05
1.28074e-05
1.11161e-05
8.9431e-06
1.55758e-05
1.34237e-05
1.27495e-05
1.26915e-05
1.27634e-05
1.29449e-05
1.32276e-05
1.36057e-05
1.40684e-05
1.46034e-05
1.52018e-05
1.58572e-05
1.6565e-05
1.73221e-05
1.81264e-05
1.89766e-05
1.98719e-05
2.08123e-05
2.17978e-05
2.28272e-05
2.38995e-05
2.50128e-05
2.61661e-05
2.73586e-05
2.85896e-05
2.98584e-05
3.11642e-05
3.25053e-05
3.38795e-05
3.52831e-05
3.67104e-05
3.8153e-05
3.95985e-05
4.10296e-05
4.2423e-05
4.37475e-05
4.49641e-05
4.6025e-05
4.68745e-05
4.74512e-05
4.76915e-05
4.75342e-05
4.69288e-05
4.58346e-05
4.42239e-05
4.21338e-05
3.96398e-05
3.67836e-05
3.3708e-05
3.04441e-05
2.72363e-05
2.39957e-05
2.11114e-05
1.82326e-05
1.59909e-05
1.36265e-05
1.21509e-05
1.0287e-05
9.49317e-06
8.08506e-06
1.54241e-05
1.41642e-05
1.32371e-05
1.29025e-05
1.2724e-05
1.27118e-05
1.2825e-05
1.30387e-05
1.33307e-05
1.36834e-05
1.40859e-05
1.45302e-05
1.50108e-05
1.55234e-05
1.60649e-05
1.66331e-05
1.72262e-05
1.78429e-05
1.84824e-05
1.91434e-05
1.98256e-05
2.05268e-05
2.12457e-05
2.19812e-05
2.27322e-05
2.34978e-05
2.42771e-05
2.50687e-05
2.58707e-05
2.66802e-05
2.74931e-05
2.8303e-05
2.91008e-05
2.98738e-05
3.06049e-05
3.1272e-05
3.18477e-05
3.22993e-05
3.25907e-05
3.26836e-05
3.25423e-05
3.21363e-05
3.14468e-05
3.04644e-05
2.9199e-05
2.76974e-05
2.60166e-05
2.41917e-05
2.23234e-05
2.04187e-05
1.86287e-05
1.68669e-05
1.5366e-05
1.38768e-05
1.27735e-05
1.15849e-05
1.08842e-05
9.96683e-06
9.5769e-06
8.80103e-06
1.75624e-05
1.63309e-05
1.46051e-05
1.39377e-05
1.3585e-05
1.34534e-05
1.34662e-05
1.35777e-05
1.37577e-05
1.39868e-05
1.42525e-05
1.45458e-05
1.48599e-05
1.51898e-05
1.55315e-05
1.58819e-05
1.62387e-05
1.65999e-05
1.69639e-05
1.73294e-05
1.76957e-05
1.80612e-05
1.84249e-05
1.87858e-05
1.91432e-05
1.94966e-05
1.98458e-05
2.01903e-05
2.05296e-05
2.08627e-05
2.11881e-05
2.15031e-05
2.18036e-05
2.20835e-05
2.23344e-05
2.25452e-05
2.27019e-05
2.27883e-05
2.27869e-05
2.26801e-05
2.2453e-05
2.20949e-05
2.1603e-05
2.09792e-05
2.02432e-05
1.94175e-05
1.85362e-05
1.7618e-05
1.67129e-05
1.58209e-05
1.50083e-05
1.42349e-05
1.35872e-05
1.29809e-05
1.25095e-05
1.2093e-05
1.17369e-05
1.15538e-05
1.11811e-05
1.11218e-05
2.31235e-05
2.04909e-05
1.73022e-05
1.64109e-05
1.59924e-05
1.57981e-05
1.57734e-05
1.58452e-05
1.59796e-05
1.61572e-05
1.63627e-05
1.65852e-05
1.68163e-05
1.70499e-05
1.72808e-05
1.75052e-05
1.772e-05
1.79227e-05
1.81115e-05
1.82844e-05
1.84402e-05
1.85783e-05
1.86978e-05
1.87985e-05
1.88802e-05
1.89432e-05
1.89882e-05
1.90161e-05
1.90281e-05
1.90256e-05
1.901e-05
1.89825e-05
1.8944e-05
1.88947e-05
1.88339e-05
1.87599e-05
1.86696e-05
1.8559e-05
1.84237e-05
1.8259e-05
1.80614e-05
1.78292e-05
1.75639e-05
1.72694e-05
1.69546e-05
1.66303e-05
1.63086e-05
1.6001e-05
1.57173e-05
1.54721e-05
1.52568e-05
1.51102e-05
1.49579e-05
1.49459e-05
1.4791e-05
1.49891e-05
1.46646e-05
1.52648e-05
1.44965e-05
1.5537e-05
3.47959e-05
2.7966e-05
2.23348e-05
2.14135e-05
2.09524e-05
2.06914e-05
2.06687e-05
2.07521e-05
2.09052e-05
2.11059e-05
2.13325e-05
2.15697e-05
2.1806e-05
2.20326e-05
2.22424e-05
2.243e-05
2.2591e-05
2.27223e-05
2.28211e-05
2.28849e-05
2.29123e-05
2.2903e-05
2.28566e-05
2.27732e-05
2.26537e-05
2.24992e-05
2.23118e-05
2.20941e-05
2.18496e-05
2.15823e-05
2.12968e-05
2.09983e-05
2.06925e-05
2.03852e-05
2.00819e-05
1.97883e-05
1.95094e-05
1.92497e-05
1.90129e-05
1.88025e-05
1.86212e-05
1.84721e-05
1.83576e-05
1.8281e-05
1.82437e-05
1.82528e-05
1.83031e-05
1.84099e-05
1.85456e-05
1.87591e-05
1.89526e-05
1.929e-05
1.94632e-05
1.99854e-05
1.99601e-05
2.0858e-05
2.02626e-05
2.20078e-05
2.02568e-05
2.32349e-05
5.9229e-05
4.18103e-05
3.17767e-05
3.09097e-05
3.02784e-05
2.98733e-05
2.98735e-05
3.00185e-05
3.02655e-05
3.05822e-05
3.09323e-05
3.12908e-05
3.16396e-05
3.19637e-05
3.22517e-05
3.24947e-05
3.26855e-05
3.28188e-05
3.28903e-05
3.28965e-05
3.28358e-05
3.27074e-05
3.25111e-05
3.22479e-05
3.19196e-05
3.15292e-05
3.1081e-05
3.05805e-05
3.00347e-05
2.94517e-05
2.88412e-05
2.82138e-05
2.75813e-05
2.69564e-05
2.63519e-05
2.57811e-05
2.52569e-05
2.47917e-05
2.43966e-05
2.40817e-05
2.38552e-05
2.37243e-05
2.36923e-05
2.37642e-05
2.3936e-05
2.42164e-05
2.45823e-05
2.50638e-05
2.55847e-05
2.62576e-05
2.68462e-05
2.77305e-05
2.8206e-05
2.94314e-05
2.94166e-05
3.13988e-05
3.01265e-05
3.38695e-05
3.01596e-05
3.67174e-05
)
;

boundaryField
{
    inlet
    {
        type            calculated;
        value           uniform 4.12857e-05;
    }
    outlet
    {
        type            calculated;
        value           nonuniform List<scalar> 
100
(
3.82499e-05
2.44006e-05
1.71762e-05
1.43652e-05
1.56165e-05
2.21424e-05
3.64086e-05
6.0954e-05
9.69149e-05
0.000143497
0.000198491
0.000259107
0.000322623
0.000386728
0.000449631
0.000510034
0.000567051
0.000620115
0.000668896
0.000713235
0.000753093
0.000788513
0.000819591
0.00084646
0.000869273
0.000888194
0.000903394
0.000915041
0.000923304
0.000928345
0.000930322
0.000929385
0.00092568
0.000919346
0.000910515
0.000899317
0.000885876
0.00087031
0.000852738
0.000833273
0.00081203
0.000789122
0.000764662
0.000738768
0.000711558
0.000683156
0.000653691
0.000623302
0.000592134
0.000560344
0.0005281
0.000495585
0.000462995
0.00043054
0.000398448
0.000367026
0.000336568
0.000307385
0.000279824
0.000254277
0.000231166
0.000210915
0.000193883
0.000180284
0.000170126
0.000163202
0.000159132
0.000157432
0.00015758
0.000159068
0.000161424
0.000164225
0.000167093
0.000169694
0.000171726
0.000172918
0.000173024
0.000171819
0.000169097
0.000164679
0.000158414
0.000150197
0.000139984
0.000127822
0.000113882
9.85032e-05
8.22258e-05
6.58078e-05
5.01849e-05
3.63471e-05
2.51234e-05
1.69418e-05
1.17098e-05
8.9431e-06
8.08506e-06
8.80103e-06
1.11218e-05
1.5537e-05
2.32349e-05
3.67174e-05
)
;
    }
    fixedWalls
    {
        type            nutkWallFunction;
        Cmu             0.09;
        kappa           0.41;
        E               9.8;
        value           uniform 0;
    }
    frontAndBack
    {
        type            empty;
    }
}


// ************************************************************************* //
