/*--------------------------------*- C++ -*----------------------------------*\
| =========                 |                                                 |
| \\      /  F ield         | OpenFOAM: The Open Source CFD Toolbox           |
|  \\    /   O peration     | Version:  2.4.0                                 |
|   \\  /    A nd           | Web:      www.OpenFOAM.org                      |
|    \\/     M anipulation  |                                                 |
\*---------------------------------------------------------------------------*/
FoamFile
{
    version     2.0;
    format      ascii;
    class       volScalarField;
    location    "1.45";
    object      nut;
}
// * * * * * * * * * * * * * * * * * * * * * * * * * * * * * * * * * * * * * //

dimensions      [0 2 -1 0 0 0 0];

internalField   nonuniform List<scalar> 
6000
(
4.70184e-05
1.44127e-05
4.30613e-06
8.76279e-06
7.81914e-06
8.99374e-06
8.81999e-06
9.59588e-06
9.72578e-06
9.03841e-06
6.25164e-06
4.2464e-06
7.52815e-06
8.62246e-06
7.97547e-06
1.34332e-05
2.24116e-05
3.1161e-05
3.85803e-05
4.38228e-05
4.63061e-05
4.5733e-05
4.22408e-05
3.63199e-05
2.85951e-05
1.96888e-05
1.1045e-05
7.36064e-06
1.17435e-05
1.45714e-05
1.62594e-05
1.73374e-05
1.81489e-05
1.89088e-05
1.97389e-05
2.06941e-05
2.17817e-05
2.29754e-05
2.42255e-05
2.5469e-05
2.66406e-05
2.76851e-05
2.85674e-05
2.92787e-05
2.98329e-05
3.02625e-05
3.06006e-05
3.08889e-05
3.11385e-05
3.13984e-05
3.16135e-05
3.19164e-05
3.20541e-05
3.25155e-05
3.23705e-05
3.33474e-05
3.23229e-05
3.4812e-05
3.16727e-05
3.70484e-05
2.94911e-05
9.48145e-06
3.22779e-06
7.01048e-06
6.35078e-06
7.07989e-06
6.99259e-06
7.4981e-06
7.50947e-06
6.87132e-06
4.99357e-06
4.5016e-06
6.52456e-06
7.37493e-06
8.12964e-06
1.24695e-05
1.77609e-05
2.2361e-05
2.57626e-05
2.76866e-05
2.80388e-05
2.68459e-05
2.43918e-05
2.09133e-05
1.66072e-05
1.17723e-05
7.82156e-06
7.38445e-06
9.60121e-06
1.10755e-05
1.20201e-05
1.26815e-05
1.32239e-05
1.37478e-05
1.43062e-05
1.49187e-05
1.55821e-05
1.6278e-05
1.69787e-05
1.76531e-05
1.82716e-05
1.88119e-05
1.92624e-05
1.96235e-05
1.99057e-05
2.01267e-05
2.03034e-05
2.04558e-05
2.05896e-05
2.07272e-05
2.0844e-05
2.09999e-05
2.10802e-05
2.13083e-05
2.12561e-05
2.1725e-05
2.12562e-05
2.24412e-05
2.09535e-05
2.33882e-05
2.14311e-05
8.1436e-06
2.8618e-06
5.89427e-06
5.3575e-06
5.74943e-06
5.70185e-06
6.02249e-06
5.96425e-06
5.42319e-06
4.35696e-06
4.72413e-06
5.96602e-06
6.9248e-06
8.46838e-06
1.16368e-05
1.47119e-05
1.6944e-05
1.81381e-05
1.83152e-05
1.76308e-05
1.6292e-05
1.45618e-05
1.25161e-05
1.01927e-05
7.86341e-06
6.86001e-06
7.25698e-06
8.12443e-06
8.83439e-06
9.35982e-06
9.77558e-06
1.01439e-05
1.05039e-05
1.08745e-05
1.12609e-05
1.16587e-05
1.20578e-05
1.24454e-05
1.2808e-05
1.3134e-05
1.34152e-05
1.36483e-05
1.3835e-05
1.39812e-05
1.4096e-05
1.41878e-05
1.42663e-05
1.4335e-05
1.44038e-05
1.44637e-05
1.45388e-05
1.45835e-05
1.46881e-05
1.46773e-05
1.48834e-05
1.46917e-05
1.52047e-05
1.4566e-05
1.54746e-05
1.78741e-05
7.95882e-06
3.02584e-06
5.27427e-06
4.74222e-06
4.84647e-06
4.80184e-06
4.99407e-06
4.91112e-06
4.52183e-06
4.21637e-06
4.99708e-06
5.8095e-06
7.00688e-06
8.73386e-06
1.08882e-05
1.25266e-05
1.33209e-05
1.3296e-05
1.26527e-05
1.16473e-05
1.05405e-05
9.43365e-06
8.32345e-06
7.24153e-06
6.59675e-06
7.37314e-06
7.31989e-06
7.2974e-06
7.51157e-06
7.75794e-06
7.99873e-06
8.23253e-06
8.46279e-06
8.69103e-06
8.91636e-06
9.13621e-06
9.34708e-06
9.54512e-06
9.72651e-06
9.88781e-06
1.00264e-05
1.01411e-05
1.02323e-05
1.03024e-05
1.03552e-05
1.0395e-05
1.04264e-05
1.04522e-05
1.04764e-05
1.04977e-05
1.05232e-05
1.05404e-05
1.05758e-05
1.0576e-05
1.06451e-05
1.05821e-05
1.07524e-05
1.05296e-05
1.06694e-05
1.67538e-05
8.43868e-06
3.56791e-06
5.06209e-06
4.45658e-06
4.28239e-06
4.20802e-06
4.31159e-06
4.25043e-06
4.07756e-06
4.50634e-06
5.3897e-06
6.00432e-06
7.36463e-06
8.88885e-06
1.02261e-05
1.0909e-05
1.08652e-05
1.02854e-05
9.46129e-06
8.65673e-06
8.03344e-06
7.52782e-06
7.11082e-06
6.91665e-06
7.60195e-06
9.01561e-06
7.88536e-06
7.13806e-06
6.93944e-06
6.94445e-06
7.02637e-06
7.13561e-06
7.25043e-06
7.36078e-06
7.46235e-06
7.55392e-06
7.63588e-06
7.7092e-06
7.77468e-06
7.83237e-06
7.88145e-06
7.92069e-06
7.94911e-06
7.96664e-06
7.97427e-06
7.974e-06
7.96806e-06
7.95889e-06
7.94808e-06
7.93752e-06
7.92726e-06
7.91888e-06
7.91124e-06
7.90448e-06
7.90097e-06
7.88677e-06
7.88811e-06
7.84827e-06
7.63029e-06
1.71077e-05
9.39461e-06
4.42219e-06
5.17933e-06
4.47819e-06
4.01318e-06
3.87659e-06
3.92217e-06
3.93532e-06
4.05894e-06
5.17771e-06
5.9448e-06
6.47829e-06
7.81791e-06
8.98788e-06
9.71191e-06
9.81285e-06
9.41146e-06
8.81711e-06
8.35793e-06
8.26562e-06
8.43665e-06
8.67358e-06
8.91755e-06
9.48166e-06
1.11219e-05
1.16706e-05
9.21804e-06
7.71564e-06
7.06701e-06
6.80135e-06
6.70467e-06
6.67976e-06
6.68024e-06
6.68422e-06
6.68267e-06
6.67342e-06
6.65783e-06
6.63855e-06
6.61805e-06
6.59764e-06
6.57709e-06
6.555e-06
6.52954e-06
6.49939e-06
6.46412e-06
6.4245e-06
6.38165e-06
6.33762e-06
6.29308e-06
6.25093e-06
6.20882e-06
6.17328e-06
6.13331e-06
6.10867e-06
6.06345e-06
6.05581e-06
5.97753e-06
6.00051e-06
5.6423e-06
1.83888e-05
1.07085e-05
5.54672e-06
5.54541e-06
4.78263e-06
4.02419e-06
3.79236e-06
3.80709e-06
3.95902e-06
4.47925e-06
6.1706e-06
6.67889e-06
7.1479e-06
8.30117e-06
9.12093e-06
9.44851e-06
9.31889e-06
9.02378e-06
8.98721e-06
9.59611e-06
1.10209e-05
1.26257e-05
1.39553e-05
1.48253e-05
1.57077e-05
1.69597e-05
1.53031e-05
1.15155e-05
9.13528e-06
7.92081e-06
7.30514e-06
6.98148e-06
6.79647e-06
6.67287e-06
6.57229e-06
6.47702e-06
6.38046e-06
6.28179e-06
6.18279e-06
6.08586e-06
5.9927e-06
5.90371e-06
5.81799e-06
5.73392e-06
5.64998e-06
5.56521e-06
5.47972e-06
5.39402e-06
5.3097e-06
5.22705e-06
5.14901e-06
5.07278e-06
5.00574e-06
4.93508e-06
4.8846e-06
4.80976e-06
4.78638e-06
4.67083e-06
4.69647e-06
4.30787e-06
2.02058e-05
1.22769e-05
6.89756e-06
6.10884e-06
5.31242e-06
4.31247e-06
3.95861e-06
3.97247e-06
4.34575e-06
5.37097e-06
7.41295e-06
7.59035e-06
7.94603e-06
8.83542e-06
9.39296e-06
9.56528e-06
9.58407e-06
9.94329e-06
1.1275e-05
1.41035e-05
1.8207e-05
2.18472e-05
2.41622e-05
2.4924e-05
2.47996e-05
2.38129e-05
1.97735e-05
1.48218e-05
1.1473e-05
9.55381e-06
8.47945e-06
7.8593e-06
7.4749e-06
7.20861e-06
6.99806e-06
6.81109e-06
6.63214e-06
6.4548e-06
6.27763e-06
6.10173e-06
5.92906e-06
5.7613e-06
5.59925e-06
5.44275e-06
5.29112e-06
5.1436e-06
5.00001e-06
4.86035e-06
4.72567e-06
4.59593e-06
4.47365e-06
4.35627e-06
4.2505e-06
4.14472e-06
4.06077e-06
3.95737e-06
3.90553e-06
3.76871e-06
3.76874e-06
3.39841e-06
2.22477e-05
1.39991e-05
8.42211e-06
6.86289e-06
5.98325e-06
4.86022e-06
4.38233e-06
4.43674e-06
5.13198e-06
6.73654e-06
8.84083e-06
8.67307e-06
8.84954e-06
9.48374e-06
9.91633e-06
1.02121e-05
1.08357e-05
1.25933e-05
1.64601e-05
2.28185e-05
2.99273e-05
3.4861e-05
3.69188e-05
3.63418e-05
3.40894e-05
3.03842e-05
2.47247e-05
1.89381e-05
1.46758e-05
1.19715e-05
1.03402e-05
9.35045e-06
8.7222e-06
8.29051e-06
7.96131e-06
7.68152e-06
7.42148e-06
7.16541e-06
6.9062e-06
6.64255e-06
6.3768e-06
6.11298e-06
5.8551e-06
5.60594e-06
5.36686e-06
5.13801e-06
4.91917e-06
4.70985e-06
4.51039e-06
4.32032e-06
4.1415e-06
3.97172e-06
3.81663e-06
3.6666e-06
3.53992e-06
3.40205e-06
3.31235e-06
3.1555e-06
3.11689e-06
2.77987e-06
2.42797e-05
1.57812e-05
1.00609e-05
7.81007e-06
6.73755e-06
5.61067e-06
5.05117e-06
5.20743e-06
6.32757e-06
8.49834e-06
1.0415e-05
9.92922e-06
9.88214e-06
1.03254e-05
1.0808e-05
1.15589e-05
1.33628e-05
1.74656e-05
2.49796e-05
3.49874e-05
4.34977e-05
4.79442e-05
4.85493e-05
4.61432e-05
4.18088e-05
3.61612e-05
2.96983e-05
2.34545e-05
1.85016e-05
1.50615e-05
1.28378e-05
1.14308e-05
1.05243e-05
9.90898e-06
9.45511e-06
9.08334e-06
8.74504e-06
8.41111e-06
8.06614e-06
7.70524e-06
7.33129e-06
6.95189e-06
6.57591e-06
6.21078e-06
5.8612e-06
5.52902e-06
5.21435e-06
4.91618e-06
4.63396e-06
4.36657e-06
4.11516e-06
3.87772e-06
3.65903e-06
3.45133e-06
3.26974e-06
3.08632e-06
2.94887e-06
2.76465e-06
2.67983e-06
2.37372e-06
2.61502e-05
1.75425e-05
1.17524e-05
8.9359e-06
7.57084e-06
6.47811e-06
5.91314e-06
6.24969e-06
7.8692e-06
1.05002e-05
1.21202e-05
1.1375e-05
1.10957e-05
1.1445e-05
1.21866e-05
1.37856e-05
1.74456e-05
2.47648e-05
3.60635e-05
4.80668e-05
5.59085e-05
5.87673e-05
5.76452e-05
5.36457e-05
4.77919e-05
4.11119e-05
3.4317e-05
2.79113e-05
2.25686e-05
1.8575e-05
1.5822e-05
1.40047e-05
1.28135e-05
1.20115e-05
1.14364e-05
1.09805e-05
1.05729e-05
1.01677e-05
9.73859e-06
9.27571e-06
8.78258e-06
8.27144e-06
7.7577e-06
7.25512e-06
6.77307e-06
6.316e-06
5.88467e-06
5.47761e-06
5.0932e-06
4.72946e-06
4.38676e-06
4.06322e-06
3.76312e-06
3.48032e-06
3.22788e-06
2.98329e-06
2.7854e-06
2.56078e-06
2.42216e-06
2.13604e-06
2.77833e-05
1.92208e-05
1.34393e-05
1.02064e-05
8.5059e-06
7.3988e-06
6.885e-06
7.47164e-06
9.61093e-06
1.2572e-05
1.39545e-05
1.3038e-05
1.25535e-05
1.29258e-05
1.41652e-05
1.70497e-05
2.3207e-05
3.40607e-05
4.80144e-05
5.99858e-05
6.61327e-05
6.72122e-05
6.4556e-05
5.93282e-05
5.24686e-05
4.53156e-05
3.83771e-05
3.19638e-05
2.64873e-05
2.21833e-05
1.90515e-05
1.68969e-05
1.54553e-05
1.44871e-05
1.38087e-05
1.32873e-05
1.28288e-05
1.23681e-05
1.18659e-05
1.13058e-05
1.06917e-05
1.00414e-05
9.37842e-06
8.72428e-06
8.09428e-06
7.49621e-06
6.93191e-06
6.39938e-06
5.89578e-06
5.41797e-06
4.96549e-06
4.53644e-06
4.13508e-06
3.75681e-06
3.41396e-06
3.08842e-06
2.81333e-06
2.53063e-06
2.32749e-06
2.04647e-06
2.91586e-05
2.07736e-05
1.50725e-05
1.15754e-05
9.5571e-06
8.35938e-06
7.89282e-06
8.75261e-06
1.13787e-05
1.45962e-05
1.59174e-05
1.49492e-05
1.43175e-05
1.48426e-05
1.68359e-05
2.14312e-05
3.04828e-05
4.44252e-05
5.94422e-05
7.01887e-05
7.44816e-05
7.39231e-05
6.99543e-05
6.37536e-05
5.62521e-05
4.88677e-05
4.1832e-05
3.54455e-05
2.99786e-05
2.55748e-05
2.22484e-05
1.98786e-05
1.82593e-05
1.71709e-05
1.64236e-05
1.58671e-05
1.53864e-05
1.48971e-05
1.43446e-05
1.37046e-05
1.29806e-05
1.21965e-05
1.13848e-05
1.05765e-05
9.7938e-06
9.04861e-06
8.3441e-06
7.67767e-06
7.04499e-06
6.44129e-06
5.865e-06
5.314e-06
4.79282e-06
4.29838e-06
3.84366e-06
3.41441e-06
3.04128e-06
2.67863e-06
2.39568e-06
2.10289e-06
3.02897e-05
2.21769e-05
1.66138e-05
1.29922e-05
1.07194e-05
9.37899e-06
8.90899e-06
9.99694e-06
1.30438e-05
1.65241e-05
1.80035e-05
1.71338e-05
1.64396e-05
1.72533e-05
2.02497e-05
2.68876e-05
3.88507e-05
5.49586e-05
6.98232e-05
7.89697e-05
8.1539e-05
7.9486e-05
7.43342e-05
6.73002e-05
5.94099e-05
5.18663e-05
4.47275e-05
3.8338e-05
3.29167e-05
2.8535e-05
2.51686e-05
2.27159e-05
2.10128e-05
1.98682e-05
1.9099e-05
1.85471e-05
1.80817e-05
1.76007e-05
1.70333e-05
1.63448e-05
1.55367e-05
1.46383e-05
1.36924e-05
1.27404e-05
1.18128e-05
1.09265e-05
1.00861e-05
9.28857e-06
8.52755e-06
7.79612e-06
7.09098e-06
6.4092e-06
5.75553e-06
5.12822e-06
4.54195e-06
3.98605e-06
3.4918e-06
3.02427e-06
2.64164e-06
2.31921e-06
3.1206e-05
2.34214e-05
1.80371e-05
1.44077e-05
1.19707e-05
1.04769e-05
9.94799e-06
1.11653e-05
1.45525e-05
1.83531e-05
2.01984e-05
1.96025e-05
1.89539e-05
2.01892e-05
2.44008e-05
3.32542e-05
4.78109e-05
6.51378e-05
7.92173e-05
8.67614e-05
8.77571e-05
8.4274e-05
7.79864e-05
7.01852e-05
6.21012e-05
5.43919e-05
4.71411e-05
4.07048e-05
3.53013e-05
3.09737e-05
2.76541e-05
2.52213e-05
2.3523e-05
2.2389e-05
2.16487e-05
2.11441e-05
2.07356e-05
2.03062e-05
1.97691e-05
1.90766e-05
1.82247e-05
1.72466e-05
1.61947e-05
1.51223e-05
1.40697e-05
1.30596e-05
1.20992e-05
1.11848e-05
1.03079e-05
9.45878e-06
8.63153e-06
7.82151e-06
7.03306e-06
6.26504e-06
5.53424e-06
4.8332e-06
4.19637e-06
3.5988e-06
3.09399e-06
2.72402e-06
3.19417e-05
2.45092e-05
1.93272e-05
1.57788e-05
1.32774e-05
1.16582e-05
1.10355e-05
1.22781e-05
1.59068e-05
2.00984e-05
2.24795e-05
2.23468e-05
2.18723e-05
2.36499e-05
2.92259e-05
4.02965e-05
5.69602e-05
7.47998e-05
8.78761e-05
9.39276e-05
9.34097e-05
8.84914e-05
8.10659e-05
7.25892e-05
6.43584e-05
5.64988e-05
4.91449e-05
4.26342e-05
3.72025e-05
3.29034e-05
2.96484e-05
2.72867e-05
2.56534e-05
2.45831e-05
2.39148e-05
2.34953e-05
2.3182e-05
2.28475e-05
2.23899e-05
2.17462e-05
2.09028e-05
1.98922e-05
1.87752e-05
1.7617e-05
1.64692e-05
1.53623e-05
1.4307e-05
1.32996e-05
1.23296e-05
1.13838e-05
1.04532e-05
9.53014e-06
8.61754e-06
7.71362e-06
6.83685e-06
5.98189e-06
5.18807e-06
4.43967e-06
3.79169e-06
3.35809e-06
3.25299e-05
2.54496e-05
2.04785e-05
1.70708e-05
1.46004e-05
1.29122e-05
1.21901e-05
1.33844e-05
1.71339e-05
2.17744e-05
2.48166e-05
2.53372e-05
2.51828e-05
2.76034e-05
3.46191e-05
4.77757e-05
6.60531e-05
8.39772e-05
9.60367e-05
0.000100687
9.8636e-05
9.2236e-05
8.3649e-05
7.46131e-05
6.61989e-05
5.82182e-05
5.07911e-05
4.42055e-05
3.87115e-05
3.43951e-05
3.11768e-05
2.88876e-05
2.73408e-05
2.63621e-05
2.57924e-05
2.54832e-05
2.5293e-05
2.50889e-05
2.4756e-05
2.42147e-05
2.34373e-05
2.24501e-05
2.13183e-05
2.0118e-05
1.89129e-05
1.77431e-05
1.66243e-05
1.55544e-05
1.45211e-05
1.35081e-05
1.25024e-05
1.14929e-05
1.04796e-05
9.45856e-06
8.44878e-06
7.44516e-06
6.49248e-06
5.58257e-06
4.77784e-06
4.26925e-06
3.29993e-05
2.62559e-05
2.14927e-05
1.82587e-05
1.58998e-05
1.42152e-05
1.3417e-05
1.45192e-05
1.82923e-05
2.33728e-05
2.71741e-05
2.85175e-05
2.88503e-05
3.19933e-05
4.04547e-05
5.54925e-05
7.49713e-05
9.27605e-05
0.000103857
0.000107134
0.000103484
9.55427e-05
8.57878e-05
7.6299e-05
6.76323e-05
5.95654e-05
5.21109e-05
4.54762e-05
3.99102e-05
3.55381e-05
3.23115e-05
3.00634e-05
2.85909e-05
2.77041e-05
2.72386e-05
2.70482e-05
2.69943e-05
2.69422e-05
2.67676e-05
2.63746e-05
2.57176e-05
2.48116e-05
2.37199e-05
2.25265e-05
2.13072e-05
2.01125e-05
1.89654e-05
1.78666e-05
1.68036e-05
1.57573e-05
1.47112e-05
1.36497e-05
1.25693e-05
1.14624e-05
1.03471e-05
9.21597e-06
8.11892e-06
7.05203e-06
6.09065e-06
5.504e-06
3.3374e-05
2.69434e-05
2.23771e-05
1.93275e-05
1.7139e-05
1.5535e-05
1.47072e-05
1.57022e-05
1.94424e-05
2.48877e-05
2.95125e-05
3.18146e-05
3.28192e-05
3.67463e-05
4.66063e-05
6.32962e-05
8.3666e-05
0.000101224
0.000111411
0.000113282
0.000107945
9.84105e-05
8.75858e-05
7.76023e-05
6.86618e-05
6.05459e-05
5.31195e-05
4.64818e-05
4.08595e-05
3.64133e-05
3.3138e-05
3.0888e-05
2.94564e-05
2.86403e-05
2.82663e-05
2.81869e-05
2.82668e-05
2.83724e-05
2.83734e-05
2.81598e-05
2.7667e-05
2.68933e-05
2.58948e-05
2.47584e-05
2.35694e-05
2.23895e-05
2.12503e-05
2.0157e-05
1.90983e-05
1.80539e-05
1.70038e-05
1.59286e-05
1.48208e-05
1.36682e-05
1.24865e-05
1.12638e-05
1.00541e-05
8.85271e-06
7.75326e-06
7.09682e-06
3.36735e-05
2.75274e-05
2.31421e-05
2.02706e-05
1.82877e-05
1.68349e-05
1.60398e-05
1.69395e-05
2.0606e-05
2.635e-05
3.17897e-05
3.51546e-05
3.70165e-05
4.1781e-05
5.29565e-05
7.10741e-05
9.21093e-05
0.000109398
0.000118693
0.00011908
0.000111969
0.000100832
8.90934e-05
7.85046e-05
6.92891e-05
6.11619e-05
5.38228e-05
4.72407e-05
4.15985e-05
3.7082e-05
3.37337e-05
3.14428e-05
3.00128e-05
2.92347e-05
2.89267e-05
2.89382e-05
2.91366e-05
2.9391e-05
2.95686e-05
2.95482e-05
2.92471e-05
2.86444e-05
2.77837e-05
2.67495e-05
2.56333e-05
2.45065e-05
2.34097e-05
2.23545e-05
2.13323e-05
2.03228e-05
1.93041e-05
1.82533e-05
1.71594e-05
1.60051e-05
1.48036e-05
1.3536e-05
1.22597e-05
1.09637e-05
9.76473e-06
9.0594e-06
3.39133e-05
2.80226e-05
2.38003e-05
2.10889e-05
1.93237e-05
1.80779e-05
1.73844e-05
1.82236e-05
2.1793e-05
2.77789e-05
3.39782e-05
3.84553e-05
4.13546e-05
4.70125e-05
5.94007e-05
7.87344e-05
0.000100264
0.000117258
0.000125637
0.000124433
0.000115483
0.000102918
9.02295e-05
7.89969e-05
6.95177e-05
6.14161e-05
5.4223e-05
4.77609e-05
4.21491e-05
3.75853e-05
3.41584e-05
3.18005e-05
3.03371e-05
2.95625e-05
2.92898e-05
2.93656e-05
2.96589e-05
3.00425e-05
3.0384e-05
3.05545e-05
3.04554e-05
3.00465e-05
2.93554e-05
2.84596e-05
2.74523e-05
2.64124e-05
2.5389e-05
2.44007e-05
2.34431e-05
2.24974e-05
2.15413e-05
2.05495e-05
1.95083e-05
1.83959e-05
1.72227e-05
1.59622e-05
1.46751e-05
1.33377e-05
1.20949e-05
1.1373e-05
3.41059e-05
2.84422e-05
2.43647e-05
2.17888e-05
2.02332e-05
1.92305e-05
1.87048e-05
1.95352e-05
2.30023e-05
2.91677e-05
3.60663e-05
4.16342e-05
4.57347e-05
5.23561e-05
6.58468e-05
8.61934e-05
0.000108071
0.000124726
0.000132117
0.000129213
0.000118513
0.000104643
9.09479e-05
7.90755e-05
6.93545e-05
6.13149e-05
5.43227e-05
4.80456e-05
4.25218e-05
3.79474e-05
3.44529e-05
3.20169e-05
3.04956e-05
2.96949e-05
2.94281e-05
2.95401e-05
2.99013e-05
3.03889e-05
3.08726e-05
3.12194e-05
3.13179e-05
3.11098e-05
3.06057e-05
2.98724e-05
2.9001e-05
2.80747e-05
2.71499e-05
2.6252e-05
2.53819e-05
2.45234e-05
2.36551e-05
2.27511e-05
2.17959e-05
2.07641e-05
1.96648e-05
1.84627e-05
1.72235e-05
1.59047e-05
1.46852e-05
1.39868e-05
3.42609e-05
2.87976e-05
2.4848e-05
2.23805e-05
2.10111e-05
2.02653e-05
1.99626e-05
2.08449e-05
2.42221e-05
3.0506e-05
3.80303e-05
4.46615e-05
5.00523e-05
5.77301e-05
7.22178e-05
9.33687e-05
0.000115438
0.000131674
0.000137958
0.000133354
0.000121081
0.000105912
9.12188e-05
7.87404e-05
6.88111e-05
6.08694e-05
5.41277e-05
4.80971e-05
4.27213e-05
3.81811e-05
3.46424e-05
3.2131e-05
3.05391e-05
2.96911e-05
2.94058e-05
2.95285e-05
2.99314e-05
3.04961e-05
3.10962e-05
3.15972e-05
3.18783e-05
3.18654e-05
3.15522e-05
3.09932e-05
3.02743e-05
2.94799e-05
2.86717e-05
2.78814e-05
2.71152e-05
2.63609e-05
2.55991e-05
2.48043e-05
2.3961e-05
2.30414e-05
2.20544e-05
2.09569e-05
1.98209e-05
1.85809e-05
1.74547e-05
1.68229e-05
3.43859e-05
2.90989e-05
2.52622e-05
2.28763e-05
2.16595e-05
2.11628e-05
2.11211e-05
2.21167e-05
2.54315e-05
3.17792e-05
3.98465e-05
4.74906e-05
5.42196e-05
6.30825e-05
7.84646e-05
0.000100179
0.000122245
0.000137905
0.000143025
0.000136842
0.000123092
0.000106661
9.10225e-05
7.79964e-05
6.79033e-05
6.0096e-05
5.36483e-05
4.79196e-05
4.27499e-05
3.82925e-05
3.4741e-05
3.21672e-05
3.05028e-05
2.95957e-05
2.92744e-05
2.93873e-05
2.9809e-05
3.04256e-05
3.11157e-05
3.17455e-05
3.2188e-05
3.23559e-05
3.22272e-05
3.18436e-05
3.12837e-05
3.06308e-05
2.99498e-05
2.92776e-05
2.86255e-05
2.79857e-05
2.7342e-05
2.66704e-05
2.59567e-05
2.51721e-05
2.43267e-05
2.33709e-05
2.23854e-05
2.1278e-05
2.0311e-05
1.97867e-05
3.4487e-05
2.93546e-05
2.56178e-05
2.32896e-05
2.21863e-05
2.19128e-05
2.21484e-05
2.33114e-05
2.66011e-05
3.29683e-05
4.14893e-05
5.008e-05
5.81249e-05
6.82574e-05
8.44735e-05
0.000106525
0.00012838
0.000143341
0.000147278
0.000139612
0.000124467
0.000106844
9.03475e-05
7.68529e-05
6.66518e-05
5.90166e-05
5.29002e-05
4.75209e-05
4.26107e-05
3.82847e-05
3.47558e-05
3.21398e-05
3.04093e-05
2.94394e-05
2.90719e-05
2.91602e-05
2.95825e-05
3.02294e-05
3.0985e-05
3.17183e-05
3.22985e-05
3.2628e-05
3.26707e-05
3.24554e-05
3.20529e-05
3.15435e-05
3.09934e-05
3.04432e-05
2.99094e-05
2.93885e-05
2.88678e-05
2.83263e-05
2.77517e-05
2.71158e-05
2.64317e-05
2.56443e-05
2.48452e-05
2.39141e-05
2.31613e-05
2.27803e-05
3.45688e-05
2.95719e-05
2.59241e-05
2.36336e-05
2.26037e-05
2.25133e-05
2.30203e-05
2.43901e-05
2.76959e-05
3.40504e-05
4.29314e-05
5.2391e-05
6.16758e-05
7.31e-05
9.00961e-05
0.000112297
0.000133767
0.000147924
0.000150666
0.000141597
0.000125145
0.000106433
8.91905e-05
7.53247e-05
6.50817e-05
5.76579e-05
5.1904e-05
4.69129e-05
4.2309e-05
3.816e-05
3.46906e-05
3.20565e-05
3.02721e-05
2.9242e-05
2.88241e-05
2.8879e-05
2.92887e-05
2.99486e-05
3.07487e-05
3.15621e-05
3.22567e-05
3.27268e-05
3.2924e-05
3.28652e-05
3.26126e-05
3.22425e-05
3.18212e-05
3.13921e-05
3.09756e-05
3.05725e-05
3.01744e-05
2.97633e-05
2.93304e-05
2.88488e-05
2.83357e-05
2.77325e-05
2.71435e-05
2.64199e-05
2.5923e-05
2.5713e-05
3.46351e-05
2.97567e-05
2.6189e-05
2.39206e-05
2.29265e-05
2.29706e-05
2.37222e-05
2.53184e-05
2.86784e-05
3.49986e-05
4.41446e-05
5.43852e-05
6.48022e-05
7.74687e-05
9.51902e-05
0.000117391
0.000138332
0.000151593
0.000153133
0.000142736
0.000125081
0.00010541
8.7557e-05
7.34324e-05
6.32224e-05
5.60507e-05
5.0685e-05
4.61116e-05
4.18528e-05
3.7922e-05
3.45475e-05
3.19212e-05
3.00986e-05
2.90155e-05
2.85479e-05
2.85652e-05
2.89538e-05
2.9614e-05
3.04416e-05
3.13149e-05
3.21023e-05
3.26924e-05
3.30262e-05
3.31094e-05
3.29957e-05
3.2757e-05
3.24584e-05
3.21451e-05
3.1841e-05
3.15508e-05
3.12704e-05
3.09853e-05
3.06906e-05
3.03617e-05
3.00213e-05
2.96082e-05
2.92414e-05
2.8744e-05
2.85295e-05
2.85103e-05
3.46889e-05
2.9914e-05
2.64191e-05
2.41615e-05
2.31705e-05
2.32968e-05
2.42492e-05
2.60691e-05
2.95115e-05
3.57843e-05
4.5101e-05
5.60235e-05
6.7455e-05
8.12462e-05
9.96255e-05
0.000121711
0.000142006
0.000154297
0.00015463
0.000142984
0.000124251
0.000103773
8.54618e-05
7.12028e-05
6.11072e-05
5.42293e-05
4.92722e-05
4.51371e-05
4.1253e-05
3.75758e-05
3.43291e-05
3.17363e-05
2.98928e-05
2.87665e-05
2.82534e-05
2.82326e-05
2.85956e-05
2.92473e-05
3.00894e-05
3.10059e-05
3.18674e-05
3.25585e-05
3.30115e-05
3.32217e-05
3.32345e-05
3.31169e-05
3.29324e-05
3.27272e-05
3.25279e-05
3.2343e-05
3.21722e-05
3.20051e-05
3.18408e-05
3.16579e-05
3.14849e-05
3.12598e-05
3.11168e-05
3.08529e-05
3.09338e-05
3.11171e-05
3.47327e-05
3.00481e-05
2.66197e-05
2.43658e-05
2.33513e-05
2.35087e-05
2.46062e-05
2.66255e-05
3.0163e-05
3.63785e-05
4.57752e-05
5.72673e-05
6.9599e-05
8.43481e-05
0.000103291
0.000125171
0.000144728
0.00015599
0.000155116
0.000142314
0.000122646
0.000101533
8.29294e-05
6.86688e-05
5.87734e-05
5.22309e-05
4.76978e-05
4.40125e-05
4.05239e-05
3.71285e-05
3.40388e-05
3.15038e-05
2.96569e-05
2.84987e-05
2.79461e-05
2.78894e-05
2.82255e-05
2.88634e-05
2.97106e-05
3.06571e-05
3.15767e-05
3.23522e-05
3.29083e-05
3.32311e-05
3.33579e-05
3.33505e-05
3.32705e-05
3.31643e-05
3.30608e-05
3.29719e-05
3.2901e-05
3.28416e-05
3.27971e-05
3.27495e-05
3.27339e-05
3.26882e-05
3.27626e-05
3.27301e-05
3.31074e-05
3.34979e-05
3.47683e-05
3.01625e-05
2.67953e-05
2.45412e-05
2.34835e-05
2.36254e-05
2.48063e-05
2.69816e-05
3.06084e-05
3.67553e-05
4.61454e-05
5.80805e-05
7.12055e-05
8.67247e-05
0.000106102
0.000127701
0.000146449
0.000156637
0.000154567
0.000140718
0.000120277
9.87147e-05
7.99936e-05
6.58691e-05
5.62611e-05
5.00945e-05
4.59959e-05
4.27638e-05
3.96819e-05
3.65895e-05
3.36811e-05
3.12259e-05
2.93925e-05
2.8214e-05
2.76293e-05
2.75404e-05
2.78502e-05
2.84718e-05
2.93178e-05
3.02841e-05
3.12489e-05
3.20944e-05
3.27397e-05
3.3162e-05
3.3391e-05
3.34833e-05
3.34978e-05
3.34813e-05
3.34642e-05
3.34613e-05
3.34798e-05
3.35168e-05
3.35799e-05
3.3655e-05
3.37834e-05
3.39044e-05
3.41837e-05
3.43734e-05
3.50384e-05
3.5635e-05
3.47972e-05
3.02601e-05
2.69496e-05
2.46941e-05
2.35799e-05
2.3667e-05
2.48688e-05
2.71429e-05
3.08342e-05
3.68948e-05
4.61959e-05
5.84335e-05
7.22466e-05
8.83574e-05
0.000108005
0.000129248
0.000147134
0.000156222
0.000152973
0.000138208
0.00011717
9.53542e-05
7.66977e-05
6.28482e-05
5.36132e-05
4.78599e-05
4.42014e-05
4.14182e-05
3.87458e-05
3.59698e-05
3.32621e-05
3.09057e-05
2.91014e-05
2.79138e-05
2.73045e-05
2.71881e-05
2.74736e-05
2.80782e-05
2.89191e-05
2.98979e-05
3.08976e-05
3.18011e-05
3.25233e-05
3.30338e-05
3.33545e-05
3.35366e-05
3.36366e-05
3.37007e-05
3.37609e-05
3.38344e-05
3.39318e-05
3.40536e-05
3.42117e-05
3.43956e-05
3.46531e-05
3.49254e-05
3.53932e-05
3.57906e-05
3.67279e-05
3.75248e-05
3.48207e-05
3.03435e-05
2.70855e-05
2.48293e-05
2.36514e-05
2.3653e-05
2.48173e-05
2.7125e-05
3.08386e-05
3.67858e-05
4.59189e-05
5.83069e-05
7.26937e-05
8.9248e-05
0.000108983
0.000129784
0.000146767
0.000154743
0.000150353
0.000134819
0.000113367
9.15016e-05
7.30933e-05
5.96551e-05
5.08743e-05
4.55674e-05
4.23497e-05
4.00042e-05
3.77355e-05
3.52818e-05
3.27888e-05
3.05472e-05
2.87858e-05
2.75995e-05
2.69729e-05
2.68337e-05
2.70977e-05
2.7686e-05
2.85197e-05
2.95058e-05
3.05323e-05
3.14841e-05
3.22728e-05
3.28616e-05
3.32648e-05
3.35284e-05
3.37056e-05
3.38423e-05
3.39712e-05
3.41121e-05
3.42784e-05
3.4474e-05
3.47147e-05
3.49938e-05
3.53649e-05
3.57719e-05
3.64095e-05
3.69972e-05
3.81863e-05
3.91741e-05
3.48398e-05
3.04148e-05
2.72054e-05
2.49504e-05
2.37068e-05
2.3601e-05
2.46771e-05
2.69513e-05
3.06324e-05
3.64285e-05
4.53167e-05
5.76951e-05
7.25201e-05
8.9406e-05
0.000109048
0.000129306
0.000145351
0.000152222
0.000146767
0.000130601
0.000108927
8.72175e-05
6.9239e-05
5.63422e-05
4.80895e-05
4.32562e-05
4.04748e-05
3.85497e-05
3.66716e-05
3.45391e-05
3.22691e-05
3.01545e-05
2.8448e-05
2.72726e-05
2.66353e-05
2.64781e-05
2.67237e-05
2.72969e-05
2.81227e-05
2.91126e-05
3.01598e-05
3.11517e-05
3.19985e-05
3.26571e-05
3.31352e-05
3.34729e-05
3.37203e-05
3.39223e-05
3.41126e-05
3.43128e-05
3.4539e-05
3.47983e-05
3.51101e-05
3.54712e-05
3.59409e-05
3.64659e-05
3.72539e-05
3.80126e-05
3.94306e-05
4.05972e-05
3.48553e-05
3.04757e-05
2.73114e-05
2.50601e-05
2.37527e-05
2.35263e-05
2.44736e-05
2.66507e-05
3.02373e-05
3.58349e-05
4.44034e-05
5.66093e-05
7.17081e-05
8.88388e-05
0.000108241
0.000127843
0.000142915
0.000148697
0.000142268
0.000125621
0.00010392
8.25724e-05
6.51995e-05
5.29642e-05
4.53039e-05
4.0964e-05
3.86094e-05
3.70821e-05
3.55751e-05
3.37558e-05
3.17112e-05
2.97322e-05
2.80911e-05
2.69349e-05
2.6293e-05
2.61219e-05
2.63519e-05
2.69118e-05
2.77296e-05
2.87212e-05
2.97845e-05
3.08103e-05
3.17077e-05
3.24292e-05
3.29756e-05
3.33813e-05
3.36931e-05
3.39544e-05
3.41996e-05
3.44521e-05
3.47303e-05
3.50443e-05
3.54167e-05
3.58478e-05
3.64021e-05
3.7029e-05
3.79482e-05
3.88584e-05
4.04811e-05
4.18126e-05
3.48678e-05
3.05279e-05
2.74052e-05
2.51604e-05
2.3794e-05
2.34415e-05
2.42303e-05
2.62549e-05
2.96836e-05
3.50293e-05
4.32049e-05
5.50785e-05
7.02565e-05
8.75481e-05
0.000106609
0.000125448
0.00013951
0.000144229
0.000136931
0.000119958
9.84263e-05
7.76445e-05
6.10433e-05
4.95764e-05
4.25607e-05
3.87261e-05
3.67834e-05
3.56268e-05
3.4466e-05
3.2946e-05
3.11227e-05
2.92834e-05
2.7718e-05
2.65884e-05
2.59472e-05
2.57659e-05
2.59829e-05
2.65311e-05
2.73413e-05
2.83334e-05
2.94095e-05
3.04639e-05
3.14061e-05
3.21845e-05
3.27937e-05
3.32625e-05
3.36337e-05
3.39494e-05
3.42441e-05
3.45429e-05
3.48665e-05
3.52274e-05
3.56513e-05
3.61417e-05
3.67676e-05
3.74816e-05
3.85139e-05
3.95564e-05
4.13595e-05
4.28412e-05
3.4878e-05
3.05727e-05
2.74882e-05
2.52526e-05
2.38339e-05
2.33563e-05
2.39678e-05
2.57956e-05
2.90077e-05
3.4046e-05
4.17596e-05
5.31497e-05
6.81875e-05
8.55337e-05
0.0001042
0.000122191
0.00013521
0.000138897
0.000130845
0.000113705
9.25377e-05
7.25182e-05
5.68412e-05
4.62332e-05
3.99007e-05
3.65744e-05
3.50237e-05
3.42072e-05
3.33633e-05
3.21232e-05
3.05112e-05
2.88177e-05
2.73322e-05
2.62357e-05
2.55997e-05
2.54111e-05
2.56172e-05
2.6155e-05
2.69584e-05
2.79502e-05
2.90367e-05
3.01157e-05
3.10976e-05
3.19278e-05
3.25954e-05
3.31231e-05
3.35498e-05
3.39158e-05
3.42558e-05
3.4596e-05
3.49591e-05
3.53603e-05
3.58279e-05
3.63682e-05
3.70544e-05
3.78421e-05
3.89708e-05
4.01275e-05
4.20877e-05
4.37045e-05
3.48862e-05
3.0611e-05
2.75618e-05
2.53377e-05
2.38746e-05
2.32776e-05
2.37034e-05
2.53026e-05
2.82483e-05
3.29272e-05
4.01157e-05
5.08858e-05
6.55509e-05
8.28048e-05
0.00010105
0.000118149
0.000130103
0.000132792
0.000124106
0.00010696
8.63512e-05
6.7282e-05
5.2664e-05
4.29863e-05
3.73609e-05
3.45368e-05
3.33538e-05
3.28439e-05
3.22846e-05
3.13002e-05
2.98937e-05
2.8343e-05
2.69377e-05
2.58794e-05
2.52522e-05
2.50588e-05
2.52553e-05
2.57838e-05
2.65809e-05
2.75721e-05
2.86673e-05
2.97676e-05
3.07851e-05
3.16629e-05
3.23849e-05
3.29681e-05
3.34472e-05
3.38604e-05
3.4242e-05
3.46196e-05
3.50178e-05
3.54537e-05
3.59583e-05
3.65405e-05
3.72772e-05
3.81267e-05
3.93368e-05
4.0591e-05
4.26865e-05
4.44234e-05
3.48929e-05
3.0644e-05
2.76271e-05
2.54164e-05
2.39168e-05
2.32101e-05
2.34502e-05
2.48018e-05
2.74436e-05
3.17191e-05
3.83293e-05
4.83631e-05
6.24246e-05
7.9392e-05
9.71853e-05
0.000113391
0.000124281
0.00012601
0.000116814
9.9825e-05
7.99695e-05
6.20263e-05
4.85804e-05
3.98832e-05
3.49737e-05
3.26369e-05
3.17932e-05
3.15543e-05
3.1245e-05
3.04877e-05
2.92773e-05
2.78655e-05
2.65412e-05
2.55226e-05
2.49067e-05
2.47102e-05
2.48983e-05
2.54181e-05
2.6209e-05
2.71994e-05
2.8302e-05
2.94212e-05
3.04708e-05
3.13926e-05
3.21657e-05
3.28016e-05
3.33306e-05
3.37883e-05
3.42089e-05
3.46207e-05
3.505e-05
3.55161e-05
3.60521e-05
3.66695e-05
3.74483e-05
3.83494e-05
3.96276e-05
4.09644e-05
4.31751e-05
4.50177e-05
3.48982e-05
3.06724e-05
2.76849e-05
2.54891e-05
2.39611e-05
2.31562e-05
2.32177e-05
2.43148e-05
2.66286e-05
3.04683e-05
3.64602e-05
4.5666e-05
5.8911e-05
7.53582e-05
9.2635e-05
0.000107971
0.000117825
0.000118642
0.000109069
9.24084e-05
7.34995e-05
5.68413e-05
4.46551e-05
3.69659e-05
3.27658e-05
3.08935e-05
3.03572e-05
3.0353e-05
3.0258e-05
2.96965e-05
2.86707e-05
2.73914e-05
2.61471e-05
2.51685e-05
2.45654e-05
2.43669e-05
2.4547e-05
2.50582e-05
2.58431e-05
2.68324e-05
2.79414e-05
2.90775e-05
3.01563e-05
3.11188e-05
3.19402e-05
3.26265e-05
3.32033e-05
3.37036e-05
3.41609e-05
3.46044e-05
3.50618e-05
3.55544e-05
3.61174e-05
3.67643e-05
3.7578e-05
3.8522e-05
3.98568e-05
4.12629e-05
4.35709e-05
4.55055e-05
3.49024e-05
3.06969e-05
2.77363e-05
2.55564e-05
2.40071e-05
2.3117e-05
2.30121e-05
2.38578e-05
2.58336e-05
2.92186e-05
3.45679e-05
4.28824e-05
5.51306e-05
7.08034e-05
8.74458e-05
0.000101935
0.000110806
0.000110768
0.000100971
8.48221e-05
6.70513e-05
5.18148e-05
4.09466e-05
3.42697e-05
3.07583e-05
2.93207e-05
2.90576e-05
2.92511e-05
2.93344e-05
2.89478e-05
2.80832e-05
2.69266e-05
2.57593e-05
2.48199e-05
2.42304e-05
2.40304e-05
2.42027e-05
2.47051e-05
2.54836e-05
2.64712e-05
2.75858e-05
2.87372e-05
2.98428e-05
3.08433e-05
3.17105e-05
3.24452e-05
3.3068e-05
3.36094e-05
3.41018e-05
3.45749e-05
3.5058e-05
3.55741e-05
3.61603e-05
3.68321e-05
3.76749e-05
3.86542e-05
4.00359e-05
4.14997e-05
4.38892e-05
4.59032e-05
3.49059e-05
3.07181e-05
2.7782e-05
2.56184e-05
2.40545e-05
2.30921e-05
2.28366e-05
2.34423e-05
2.50823e-05
2.80085e-05
3.27078e-05
4.00975e-05
5.12126e-05
6.58626e-05
8.1699e-05
9.53331e-05
0.000103285
0.00010246
9.26237e-05
7.71859e-05
6.07369e-05
4.7029e-05
3.75051e-05
3.18218e-05
2.8966e-05
2.79276e-05
2.7902e-05
2.82568e-05
2.84828e-05
2.82453e-05
2.75212e-05
2.64763e-05
2.53816e-05
2.44789e-05
2.39037e-05
2.37023e-05
2.38664e-05
2.43594e-05
2.51309e-05
2.61163e-05
2.72356e-05
2.84008e-05
2.95312e-05
3.05674e-05
3.14782e-05
3.22593e-05
3.29269e-05
3.3508e-05
3.40342e-05
3.45354e-05
3.50423e-05
3.55795e-05
3.61858e-05
3.68788e-05
3.77457e-05
3.87543e-05
4.01744e-05
4.1686e-05
4.41431e-05
4.62249e-05
3.49086e-05
3.07366e-05
2.78226e-05
2.56757e-05
2.41026e-05
2.30805e-05
2.2692e-05
2.30752e-05
2.43922e-05
2.68688e-05
3.09279e-05
3.73886e-05
4.72854e-05
6.06965e-05
7.55195e-05
8.82441e-05
9.53288e-05
9.37993e-05
8.41495e-05
6.96304e-05
5.46681e-05
4.25582e-05
3.43706e-05
2.96414e-05
2.73977e-05
2.67191e-05
2.68948e-05
2.73755e-05
2.77094e-05
2.75939e-05
2.69903e-05
2.60449e-05
2.50172e-05
2.4149e-05
2.35872e-05
2.33841e-05
2.35394e-05
2.40221e-05
2.47856e-05
2.5768e-05
2.68912e-05
2.8069e-05
2.92225e-05
3.02921e-05
3.12444e-05
3.20705e-05
3.27816e-05
3.34014e-05
3.39603e-05
3.44884e-05
3.50175e-05
3.55739e-05
3.6198e-05
3.6909e-05
3.77962e-05
3.88288e-05
4.02804e-05
4.18313e-05
4.43439e-05
4.64833e-05
3.49107e-05
3.07527e-05
2.78589e-05
2.57283e-05
2.41509e-05
2.30808e-05
2.25773e-05
2.27595e-05
2.37744e-05
2.58223e-05
2.92664e-05
3.48211e-05
4.34668e-05
5.54779e-05
6.90746e-05
8.07897e-05
8.70377e-05
8.50209e-05
7.56969e-05
6.22955e-05
4.89514e-05
3.84642e-05
3.1572e-05
2.77392e-05
2.60565e-05
2.56964e-05
2.60375e-05
2.66102e-05
2.70186e-05
2.6999e-05
2.64952e-05
2.56362e-05
2.4669e-05
2.38328e-05
2.32826e-05
2.30771e-05
2.32227e-05
2.36941e-05
2.44485e-05
2.54267e-05
2.65528e-05
2.77423e-05
2.89172e-05
3.00185e-05
3.10104e-05
3.18799e-05
3.26333e-05
3.32911e-05
3.38817e-05
3.44358e-05
3.49859e-05
3.556e-05
3.62e-05
3.69265e-05
3.78306e-05
3.88831e-05
4.03603e-05
4.19433e-05
4.45012e-05
4.66888e-05
3.49124e-05
3.07668e-05
2.78913e-05
2.57768e-05
2.41987e-05
2.3091e-05
2.24903e-05
2.2495e-05
2.32345e-05
2.48837e-05
2.77507e-05
3.24453e-05
3.9856e-05
5.03749e-05
6.25617e-05
7.31417e-05
7.85575e-05
7.62308e-05
6.74229e-05
5.53251e-05
4.36827e-05
3.47943e-05
2.91255e-05
2.61177e-05
2.49408e-05
2.48575e-05
2.53293e-05
2.59619e-05
2.64132e-05
2.64649e-05
2.60401e-05
2.52538e-05
2.43395e-05
2.3532e-05
2.29915e-05
2.27825e-05
2.29176e-05
2.33764e-05
2.41203e-05
2.50932e-05
2.62212e-05
2.7421e-05
2.8616e-05
2.97472e-05
3.07771e-05
3.16885e-05
3.24833e-05
3.31781e-05
3.37999e-05
3.43791e-05
3.49493e-05
3.55398e-05
3.61941e-05
3.69342e-05
3.78525e-05
3.89214e-05
4.04194e-05
4.20284e-05
4.46229e-05
4.68505e-05
3.49137e-05
3.07793e-05
2.79204e-05
2.58213e-05
2.42455e-05
2.31093e-05
2.24282e-05
2.22794e-05
2.27734e-05
2.40602e-05
2.63977e-05
3.02957e-05
3.65291e-05
4.55361e-05
5.61884e-05
6.55137e-05
7.00872e-05
6.76041e-05
5.95082e-05
4.8859e-05
3.89396e-05
3.15774e-05
2.70351e-05
2.47723e-05
2.40451e-05
2.41983e-05
2.47679e-05
2.54303e-05
2.59015e-05
2.59957e-05
2.56281e-05
2.49001e-05
2.40308e-05
2.32482e-05
2.27151e-05
2.25015e-05
2.26249e-05
2.30699e-05
2.38019e-05
2.47681e-05
2.58967e-05
2.7106e-05
2.83197e-05
2.94793e-05
3.05454e-05
3.14973e-05
3.23323e-05
3.30635e-05
3.37159e-05
3.43195e-05
3.4909e-05
3.5515e-05
3.61823e-05
3.69342e-05
3.78646e-05
3.8947e-05
4.04619e-05
4.20918e-05
4.47155e-05
4.69757e-05
3.49148e-05
3.07903e-05
2.79466e-05
2.58623e-05
2.4291e-05
2.31339e-05
2.23876e-05
2.21087e-05
2.23884e-05
2.33526e-05
2.52144e-05
2.83913e-05
3.35365e-05
4.10786e-05
5.01487e-05
5.81385e-05
6.18651e-05
5.93627e-05
5.21413e-05
4.30185e-05
3.47747e-05
2.88231e-05
2.52931e-05
2.36925e-05
2.33613e-05
2.37135e-05
2.43499e-05
2.50137e-05
2.54822e-05
2.55922e-05
2.52613e-05
2.45773e-05
2.37445e-05
2.29825e-05
2.24546e-05
2.2235e-05
2.23456e-05
2.27755e-05
2.34942e-05
2.44522e-05
2.55802e-05
2.67977e-05
2.8029e-05
2.92154e-05
3.03161e-05
3.13072e-05
3.21814e-05
3.29481e-05
3.36304e-05
3.42579e-05
3.48661e-05
3.54867e-05
3.61659e-05
3.69284e-05
3.78691e-05
3.89627e-05
4.0491e-05
4.21376e-05
4.47842e-05
4.70707e-05
3.49156e-05
3.08003e-05
2.79703e-05
2.59e-05
2.43348e-05
2.31633e-05
2.2365e-05
2.19779e-05
2.20742e-05
2.2757e-05
2.41994e-05
2.67373e-05
3.09041e-05
3.70821e-05
4.46022e-05
5.1238e-05
5.41383e-05
5.17345e-05
4.54911e-05
3.7891e-05
3.12109e-05
2.65225e-05
2.38824e-05
2.28639e-05
2.28804e-05
2.33977e-05
2.4072e-05
2.47104e-05
2.51517e-05
2.52545e-05
2.49408e-05
2.42869e-05
2.34819e-05
2.2736e-05
2.22106e-05
2.19836e-05
2.20803e-05
2.24939e-05
2.3198e-05
2.41464e-05
2.52726e-05
2.6497e-05
2.77447e-05
2.89563e-05
3.00902e-05
3.11189e-05
3.20312e-05
3.28327e-05
3.35442e-05
3.41951e-05
3.48213e-05
3.54558e-05
3.61461e-05
3.69181e-05
3.78676e-05
3.89704e-05
4.05094e-05
4.2169e-05
4.48331e-05
4.71401e-05
3.49162e-05
3.08092e-05
2.79918e-05
2.59347e-05
2.43768e-05
2.3196e-05
2.23574e-05
2.18818e-05
2.18237e-05
2.22655e-05
2.33451e-05
2.53276e-05
2.86363e-05
3.35879e-05
3.96596e-05
4.49931e-05
4.71246e-05
4.49127e-05
3.96794e-05
3.35191e-05
2.82402e-05
2.465e-05
2.27789e-05
2.22705e-05
2.25934e-05
2.32464e-05
2.39315e-05
2.45186e-05
2.49089e-05
2.49824e-05
2.46676e-05
2.40301e-05
2.32441e-05
2.25094e-05
2.19838e-05
2.1748e-05
2.18298e-05
2.22261e-05
2.29142e-05
2.38517e-05
2.49746e-05
2.62049e-05
2.74675e-05
2.8703e-05
2.98683e-05
3.09332e-05
3.18824e-05
3.27177e-05
3.34579e-05
3.41316e-05
3.47753e-05
3.54231e-05
3.61238e-05
3.69042e-05
3.78613e-05
3.89716e-05
4.0519e-05
4.21884e-05
4.48654e-05
4.71877e-05
3.49167e-05
3.08173e-05
2.80116e-05
2.59668e-05
2.44168e-05
2.32308e-05
2.23616e-05
2.18149e-05
2.16292e-05
2.18681e-05
2.26393e-05
2.41478e-05
2.67205e-05
3.06034e-05
3.53783e-05
3.95234e-05
4.09786e-05
3.90238e-05
3.47639e-05
2.98979e-05
2.58279e-05
2.31683e-05
2.19549e-05
2.18961e-05
2.24932e-05
2.32571e-05
2.39269e-05
2.44373e-05
2.4753e-05
2.47759e-05
2.44422e-05
2.38076e-05
2.30318e-05
2.23033e-05
2.17744e-05
2.15286e-05
2.15946e-05
2.19728e-05
2.2644e-05
2.35693e-05
2.46875e-05
2.59222e-05
2.71985e-05
2.84564e-05
2.96515e-05
3.0751e-05
3.17357e-05
3.26039e-05
3.3372e-05
3.40679e-05
3.47285e-05
3.5389e-05
3.60994e-05
3.68875e-05
3.78511e-05
3.89674e-05
4.0521e-05
4.21976e-05
4.48833e-05
4.72162e-05
3.49171e-05
3.08248e-05
2.80297e-05
2.59964e-05
2.44547e-05
2.32668e-05
2.2375e-05
2.17723e-05
2.14827e-05
2.15536e-05
2.20668e-05
2.31777e-05
2.51318e-05
2.81088e-05
3.17666e-05
3.48792e-05
3.57719e-05
3.41137e-05
3.07355e-05
2.69806e-05
2.39196e-05
2.20333e-05
2.13819e-05
2.17266e-05
2.25758e-05
2.343e-05
2.4059e-05
2.44668e-05
2.46838e-05
2.46352e-05
2.4265e-05
2.36202e-05
2.28457e-05
2.21182e-05
2.15835e-05
2.13259e-05
2.13753e-05
2.17347e-05
2.23882e-05
2.33002e-05
2.44125e-05
2.56502e-05
2.69387e-05
2.82173e-05
2.94405e-05
3.05729e-05
3.15917e-05
3.24917e-05
3.32869e-05
3.40043e-05
3.46814e-05
3.5354e-05
3.60734e-05
3.68683e-05
3.78374e-05
3.89584e-05
4.05165e-05
4.21975e-05
4.48884e-05
4.72272e-05
3.49174e-05
3.08318e-05
2.80465e-05
2.6024e-05
2.44907e-05
2.33032e-05
2.23954e-05
2.17492e-05
2.13766e-05
2.13104e-05
2.16111e-05
2.23939e-05
2.38376e-05
2.60653e-05
2.87928e-05
3.10486e-05
3.15302e-05
3.01544e-05
2.75293e-05
2.46913e-05
2.24496e-05
2.11991e-05
2.10335e-05
2.17514e-05
2.28411e-05
2.37693e-05
2.43314e-05
2.46094e-05
2.47022e-05
2.45605e-05
2.41365e-05
2.34683e-05
2.26863e-05
2.19544e-05
2.14111e-05
2.11403e-05
2.11724e-05
2.15127e-05
2.2148e-05
2.30458e-05
2.41509e-05
2.53902e-05
2.66892e-05
2.79869e-05
2.92363e-05
3.03998e-05
3.14511e-05
3.23817e-05
3.3203e-05
3.39413e-05
3.46341e-05
3.53183e-05
3.6046e-05
3.68471e-05
3.78207e-05
3.89451e-05
4.05058e-05
4.21889e-05
4.48814e-05
4.72215e-05
3.49176e-05
3.08383e-05
2.80622e-05
2.60498e-05
2.45248e-05
2.33395e-05
2.24209e-05
2.17417e-05
2.13036e-05
2.11272e-05
2.12556e-05
2.17715e-05
2.28015e-05
2.4423e-05
2.63988e-05
2.79716e-05
2.81841e-05
2.70505e-05
2.50432e-05
2.29385e-05
2.13496e-05
2.06218e-05
2.08873e-05
2.19649e-05
2.32943e-05
2.42844e-05
2.47517e-05
2.48702e-05
2.48103e-05
2.45526e-05
2.40571e-05
2.33525e-05
2.2554e-05
2.18124e-05
2.12577e-05
2.09721e-05
2.09866e-05
2.13077e-05
2.19246e-05
2.28076e-05
2.39043e-05
2.51436e-05
2.64515e-05
2.77663e-05
2.90398e-05
3.02324e-05
3.13145e-05
3.22742e-05
3.31206e-05
3.38789e-05
3.45868e-05
3.5282e-05
3.60174e-05
3.68238e-05
3.78009e-05
3.89275e-05
4.0489e-05
4.21718e-05
4.48623e-05
4.71992e-05
3.49178e-05
3.08445e-05
2.8077e-05
2.6074e-05
2.45571e-05
2.33753e-05
2.24499e-05
2.17463e-05
2.12573e-05
2.09938e-05
2.09843e-05
2.12863e-05
2.19863e-05
2.3127e-05
2.45113e-05
2.55588e-05
2.55959e-05
2.46739e-05
2.31598e-05
2.16286e-05
2.05545e-05
2.02627e-05
2.09261e-05
2.23671e-05
2.3947e-05
2.49905e-05
2.53324e-05
2.5258e-05
2.50116e-05
2.46131e-05
2.40278e-05
2.32735e-05
2.24494e-05
2.16924e-05
2.11235e-05
2.08218e-05
2.08185e-05
2.11208e-05
2.17194e-05
2.25873e-05
2.36746e-05
2.49121e-05
2.62269e-05
2.75566e-05
2.88521e-05
3.00715e-05
3.11825e-05
3.21698e-05
3.30401e-05
3.38174e-05
3.45396e-05
3.5245e-05
3.59874e-05
3.67983e-05
3.7778e-05
3.89054e-05
4.04658e-05
4.21456e-05
4.48305e-05
4.71595e-05
3.49179e-05
3.08504e-05
2.80911e-05
2.60968e-05
2.45878e-05
2.34102e-05
2.24812e-05
2.176e-05
2.12323e-05
2.09007e-05
2.07823e-05
2.09154e-05
2.13559e-05
2.21223e-05
2.30523e-05
2.37084e-05
2.3635e-05
2.28932e-05
2.17642e-05
2.06743e-05
2.00067e-05
2.00902e-05
2.11396e-05
2.29649e-05
2.48183e-05
2.59105e-05
2.60921e-05
2.57818e-05
2.53119e-05
2.47451e-05
2.40502e-05
2.32323e-05
2.23733e-05
2.15952e-05
2.10091e-05
2.06901e-05
2.0669e-05
2.09531e-05
2.15341e-05
2.23867e-05
2.34635e-05
2.46976e-05
2.60169e-05
2.73591e-05
2.86741e-05
2.9918e-05
3.10557e-05
3.20688e-05
3.29615e-05
3.37568e-05
3.44924e-05
3.52072e-05
3.59558e-05
3.67703e-05
3.77513e-05
3.8878e-05
4.04353e-05
4.21094e-05
4.47845e-05
4.71008e-05
3.49181e-05
3.08562e-05
2.81046e-05
2.61185e-05
2.4617e-05
2.34442e-05
2.25138e-05
2.17804e-05
2.12238e-05
2.08398e-05
2.06367e-05
2.06379e-05
2.08774e-05
2.13574e-05
2.19457e-05
2.23184e-05
2.21795e-05
2.15863e-05
2.07525e-05
1.99992e-05
1.96578e-05
2.00802e-05
2.15241e-05
2.37726e-05
2.5936e-05
2.70765e-05
2.70574e-05
2.64582e-05
2.5721e-05
2.49536e-05
2.4127e-05
2.32304e-05
2.23267e-05
2.15216e-05
2.09152e-05
2.05779e-05
2.05394e-05
2.08063e-05
2.13706e-05
2.22081e-05
2.32734e-05
2.45021e-05
2.58233e-05
2.71752e-05
2.85068e-05
2.97727e-05
3.09347e-05
3.19716e-05
3.28852e-05
3.36972e-05
3.44452e-05
3.51684e-05
3.59222e-05
3.67392e-05
3.77203e-05
3.88446e-05
4.03963e-05
4.20614e-05
4.47221e-05
4.70205e-05
3.49182e-05
3.08619e-05
2.81176e-05
2.61392e-05
2.46449e-05
2.34772e-05
2.25472e-05
2.18057e-05
2.12279e-05
2.08043e-05
2.05361e-05
2.04357e-05
2.05216e-05
2.07857e-05
2.11222e-05
2.12949e-05
2.11202e-05
2.06465e-05
2.00359e-05
1.954e-05
1.94698e-05
2.02166e-05
2.20837e-05
2.48132e-05
2.73376e-05
2.85309e-05
2.82639e-05
2.73124e-05
2.6253e-05
2.5246e-05
2.42619e-05
2.32701e-05
2.2311e-05
2.14726e-05
2.08429e-05
2.04862e-05
2.0431e-05
2.06823e-05
2.12312e-05
2.20539e-05
2.31068e-05
2.43278e-05
2.5648e-05
2.70063e-05
2.83514e-05
2.96362e-05
3.08199e-05
3.18784e-05
3.2811e-05
3.36383e-05
3.43975e-05
3.51281e-05
3.58859e-05
3.67042e-05
3.76837e-05
3.88035e-05
4.03469e-05
4.19994e-05
4.46402e-05
4.6915e-05
3.49183e-05
3.08675e-05
2.81303e-05
2.61592e-05
2.46717e-05
2.35092e-05
2.25808e-05
2.18344e-05
2.12415e-05
2.07883e-05
2.04708e-05
2.02933e-05
2.02632e-05
2.0367e-05
2.05212e-05
2.05561e-05
2.03648e-05
1.99851e-05
1.9542e-05
1.92466e-05
1.94145e-05
2.04914e-05
2.28301e-05
2.61185e-05
2.90718e-05
3.03285e-05
2.97586e-05
2.83769e-05
2.69272e-05
2.56328e-05
2.44607e-05
2.33546e-05
2.23285e-05
2.14499e-05
2.07935e-05
2.04169e-05
2.0346e-05
2.05835e-05
2.11187e-05
2.1927e-05
2.29663e-05
2.4177e-05
2.54928e-05
2.68539e-05
2.82089e-05
2.95093e-05
3.07119e-05
3.17895e-05
3.27391e-05
3.358e-05
3.43489e-05
3.50856e-05
3.58461e-05
3.66641e-05
3.76401e-05
3.87531e-05
4.02846e-05
4.19203e-05
4.45349e-05
4.67795e-05
3.49185e-05
3.0873e-05
2.81427e-05
2.61786e-05
2.46975e-05
2.35402e-05
2.26143e-05
2.18654e-05
2.12621e-05
2.07873e-05
2.04329e-05
2.01974e-05
2.0081e-05
2.00674e-05
2.00918e-05
2.0034e-05
1.98377e-05
1.95307e-05
1.92139e-05
1.90807e-05
1.94729e-05
2.09044e-05
2.37831e-05
2.77301e-05
3.11987e-05
3.25371e-05
3.16009e-05
2.96938e-05
2.7769e-05
2.61278e-05
2.47308e-05
2.34882e-05
2.23819e-05
2.14556e-05
2.07692e-05
2.03719e-05
2.02868e-05
2.05129e-05
2.10362e-05
2.18307e-05
2.28551e-05
2.40525e-05
2.53599e-05
2.67195e-05
2.80804e-05
2.93928e-05
3.06109e-05
3.17048e-05
3.26692e-05
3.35218e-05
3.42987e-05
3.50399e-05
3.58016e-05
3.66173e-05
3.75876e-05
3.86907e-05
4.02063e-05
4.18199e-05
4.4401e-05
4.66081e-05
3.49186e-05
3.08787e-05
2.81551e-05
2.61976e-05
2.47226e-05
2.35704e-05
2.26475e-05
2.18977e-05
2.12876e-05
2.07974e-05
2.04159e-05
2.01376e-05
1.99576e-05
1.98592e-05
1.97927e-05
1.96738e-05
1.94794e-05
1.92279e-05
1.90081e-05
1.90148e-05
1.96345e-05
2.14628e-05
2.49713e-05
2.96997e-05
3.37906e-05
3.52376e-05
3.38631e-05
3.13155e-05
2.88103e-05
2.67491e-05
2.50821e-05
2.36767e-05
2.2475e-05
2.14928e-05
2.07726e-05
2.03542e-05
2.02568e-05
2.04741e-05
2.09876e-05
2.17687e-05
2.27764e-05
2.3957e-05
2.52513e-05
2.66046e-05
2.79669e-05
2.92872e-05
3.05173e-05
3.16244e-05
3.26009e-05
3.3463e-05
3.42461e-05
3.49898e-05
3.57506e-05
3.65618e-05
3.75235e-05
3.86131e-05
4.0108e-05
4.16933e-05
4.4232e-05
4.63933e-05
3.49188e-05
3.08844e-05
2.81675e-05
2.62164e-05
2.47472e-05
2.35999e-05
2.26803e-05
2.1931e-05
2.13167e-05
2.08158e-05
2.04147e-05
2.0105e-05
1.98789e-05
1.97201e-05
1.9591e-05
1.94354e-05
1.92439e-05
1.90347e-05
1.88929e-05
1.90307e-05
1.98961e-05
2.21814e-05
2.64317e-05
3.20891e-05
3.69298e-05
3.85223e-05
3.66297e-05
3.33044e-05
3.00902e-05
2.75187e-05
2.5527e-05
2.39274e-05
2.26127e-05
2.15653e-05
2.08072e-05
2.03675e-05
2.02599e-05
2.04715e-05
2.09774e-05
2.17453e-05
2.27341e-05
2.38935e-05
2.51693e-05
2.65108e-05
2.78693e-05
2.91929e-05
3.0431e-05
3.15479e-05
3.25336e-05
3.34026e-05
3.41895e-05
3.49336e-05
3.5691e-05
3.6495e-05
3.74446e-05
3.85163e-05
3.99844e-05
4.15343e-05
4.40203e-05
4.61264e-05
3.4919e-05
3.08903e-05
2.81799e-05
2.6235e-05
2.47713e-05
2.36288e-05
2.27127e-05
2.19647e-05
2.13482e-05
2.08401e-05
2.04253e-05
2.0093e-05
1.98338e-05
1.96326e-05
1.94609e-05
1.92831e-05
1.90957e-05
1.89199e-05
1.88459e-05
1.91181e-05
2.02616e-05
2.30824e-05
2.82108e-05
3.4969e-05
4.07061e-05
4.24904e-05
3.99937e-05
3.57308e-05
3.16536e-05
2.84629e-05
2.60806e-05
2.42494e-05
2.28011e-05
2.16777e-05
2.08775e-05
2.04163e-05
2.03014e-05
2.05105e-05
2.1011e-05
2.17653e-05
2.27321e-05
2.3865e-05
2.51161e-05
2.64394e-05
2.77885e-05
2.91104e-05
3.0352e-05
3.14749e-05
3.24663e-05
3.33393e-05
3.41272e-05
3.48689e-05
3.56201e-05
3.64133e-05
3.73466e-05
3.83951e-05
3.98294e-05
4.13351e-05
4.37563e-05
4.57969e-05
3.49192e-05
3.08964e-05
2.81925e-05
2.62536e-05
2.47953e-05
2.36573e-05
2.27448e-05
2.19986e-05
2.13814e-05
2.08688e-05
2.04444e-05
2.00963e-05
1.98137e-05
1.9583e-05
1.93829e-05
1.91916e-05
1.90092e-05
1.88615e-05
1.88527e-05
1.92733e-05
2.07415e-05
2.41962e-05
3.03636e-05
3.84167e-05
4.52104e-05
4.72393e-05
4.40495e-05
3.86691e-05
3.35502e-05
2.96117e-05
2.67604e-05
2.46535e-05
2.30478e-05
2.18363e-05
2.09892e-05
2.05066e-05
2.03873e-05
2.05976e-05
2.10944e-05
2.1834e-05
2.27747e-05
2.38748e-05
2.50938e-05
2.63918e-05
2.7725e-05
2.90396e-05
3.02799e-05
3.14043e-05
3.23977e-05
3.32712e-05
3.40569e-05
3.47929e-05
3.55342e-05
3.63125e-05
3.72242e-05
3.82431e-05
3.96351e-05
4.10866e-05
4.3429e-05
4.53922e-05
3.49195e-05
3.09027e-05
2.82054e-05
2.62724e-05
2.48192e-05
2.36856e-05
2.27766e-05
2.20327e-05
2.14157e-05
2.09005e-05
2.04698e-05
2.01107e-05
1.98119e-05
1.95611e-05
1.93422e-05
1.91429e-05
1.89659e-05
1.88444e-05
1.89051e-05
1.94986e-05
2.13527e-05
2.55612e-05
3.29531e-05
4.25112e-05
5.05254e-05
5.2852e-05
4.88815e-05
4.21903e-05
3.58305e-05
3.09973e-05
2.75864e-05
2.51525e-05
2.33617e-05
2.20482e-05
2.11491e-05
2.06456e-05
2.05252e-05
2.07401e-05
2.12346e-05
2.19573e-05
2.28664e-05
2.39261e-05
2.51044e-05
2.63692e-05
2.76793e-05
2.89803e-05
3.02138e-05
3.13348e-05
3.23258e-05
3.31958e-05
3.39754e-05
3.47017e-05
3.54287e-05
3.6187e-05
3.70709e-05
3.80525e-05
3.93921e-05
4.07776e-05
4.30253e-05
4.48984e-05
3.49198e-05
3.09093e-05
2.82186e-05
2.62914e-05
2.48432e-05
2.37139e-05
2.28083e-05
2.20668e-05
2.14508e-05
2.09344e-05
2.04997e-05
2.01332e-05
1.98233e-05
1.95589e-05
1.93281e-05
1.91241e-05
1.89531e-05
1.8859e-05
1.90005e-05
1.98018e-05
2.21188e-05
2.72246e-05
3.6048e-05
4.73271e-05
5.67128e-05
5.93812e-05
5.4549e-05
4.63525e-05
3.85411e-05
3.26525e-05
2.85802e-05
2.5761e-05
2.37534e-05
2.23225e-05
2.13659e-05
2.08421e-05
2.07243e-05
2.09471e-05
2.14394e-05
2.21416e-05
2.30118e-05
2.40218e-05
2.51499e-05
2.63722e-05
2.76513e-05
2.89319e-05
3.01523e-05
3.12645e-05
3.22481e-05
3.31097e-05
3.38787e-05
3.45905e-05
3.52978e-05
3.60299e-05
3.68785e-05
3.78137e-05
3.90893e-05
4.03953e-05
4.25301e-05
4.42992e-05
3.49202e-05
3.09162e-05
2.82323e-05
2.63108e-05
2.48674e-05
2.37422e-05
2.28401e-05
2.21011e-05
2.14865e-05
2.09698e-05
2.05327e-05
2.01613e-05
1.98441e-05
1.95707e-05
1.93323e-05
1.91258e-05
1.8962e-05
1.89001e-05
1.91408e-05
2.01963e-05
2.30711e-05
2.92413e-05
3.97186e-05
5.29242e-05
6.37982e-05
6.68307e-05
6.10691e-05
5.11884e-05
4.17188e-05
3.46078e-05
2.9764e-05
2.64948e-05
2.42353e-05
2.26698e-05
2.16498e-05
2.11068e-05
2.09953e-05
2.12286e-05
2.17176e-05
2.23936e-05
2.32158e-05
2.41649e-05
2.52316e-05
2.64015e-05
2.76408e-05
2.88932e-05
3.00937e-05
3.11907e-05
3.21609e-05
3.30088e-05
3.37615e-05
3.4453e-05
3.51343e-05
3.58327e-05
3.66372e-05
3.75154e-05
3.87132e-05
3.99245e-05
4.19262e-05
4.35767e-05
3.49206e-05
3.09235e-05
2.82464e-05
2.63308e-05
2.48921e-05
2.37708e-05
2.28719e-05
2.21355e-05
2.15225e-05
2.10062e-05
2.05679e-05
2.01934e-05
1.98713e-05
1.95919e-05
1.93489e-05
1.91415e-05
1.89873e-05
1.89663e-05
1.93324e-05
2.07012e-05
2.42489e-05
3.16735e-05
4.40319e-05
5.9336e-05
7.17556e-05
7.51407e-05
6.84014e-05
5.66947e-05
4.5383e-05
3.68879e-05
3.11594e-05
2.7371e-05
2.48212e-05
2.31025e-05
2.20132e-05
2.14523e-05
2.13508e-05
2.15963e-05
2.20788e-05
2.27203e-05
2.34826e-05
2.43579e-05
2.53506e-05
2.64568e-05
2.76467e-05
2.88623e-05
3.00351e-05
3.11096e-05
3.20598e-05
3.28873e-05
3.36172e-05
3.42815e-05
3.49291e-05
3.55851e-05
3.6335e-05
3.71438e-05
3.82486e-05
3.93482e-05
4.11947e-05
4.27112e-05
3.49211e-05
3.09312e-05
2.82612e-05
2.63513e-05
2.49172e-05
2.37998e-05
2.2904e-05
2.21701e-05
2.15588e-05
2.10432e-05
2.06043e-05
2.02279e-05
1.99025e-05
1.96191e-05
1.93732e-05
1.91664e-05
1.9026e-05
1.90598e-05
1.95867e-05
2.1342e-05
2.56999e-05
3.45877e-05
4.90422e-05
6.65563e-05
8.04955e-05
8.4179e-05
7.64401e-05
6.28241e-05
4.95307e-05
3.95083e-05
3.27855e-05
2.84073e-05
2.55267e-05
2.36353e-05
2.24707e-05
2.18937e-05
2.18054e-05
2.20629e-05
2.25329e-05
2.31285e-05
2.38164e-05
2.46025e-05
2.55072e-05
2.65375e-05
2.76672e-05
2.88365e-05
2.99727e-05
3.10166e-05
3.19387e-05
3.27382e-05
3.34376e-05
3.40665e-05
3.46712e-05
3.52746e-05
3.59578e-05
3.66833e-05
3.76778e-05
3.86472e-05
4.03148e-05
4.16819e-05
3.49217e-05
3.09394e-05
2.82766e-05
2.63725e-05
2.4943e-05
2.38291e-05
2.29363e-05
2.22047e-05
2.1595e-05
2.10803e-05
2.06413e-05
2.02635e-05
1.99358e-05
1.96496e-05
1.94017e-05
1.91977e-05
1.90779e-05
1.91863e-05
1.99198e-05
2.21516e-05
2.74805e-05
3.80502e-05
5.47821e-05
7.45266e-05
8.98591e-05
9.37441e-05
8.5016e-05
6.94836e-05
5.4132e-05
4.24723e-05
3.46572e-05
2.96206e-05
2.63685e-05
2.42847e-05
2.30396e-05
2.24484e-05
2.23756e-05
2.26423e-05
2.30902e-05
2.36247e-05
2.42201e-05
2.48996e-05
2.57007e-05
2.66417e-05
2.76996e-05
2.88119e-05
2.99015e-05
3.09051e-05
3.17902e-05
3.25527e-05
3.32123e-05
3.37961e-05
3.43475e-05
3.48864e-05
3.54892e-05
3.61158e-05
3.69813e-05
3.78009e-05
3.92649e-05
4.04675e-05
3.49223e-05
3.0948e-05
2.82927e-05
2.63944e-05
2.49692e-05
2.38588e-05
2.29686e-05
2.22391e-05
2.16309e-05
2.11169e-05
2.06777e-05
2.0299e-05
1.99693e-05
1.9681e-05
1.94322e-05
1.92341e-05
1.91453e-05
1.93557e-05
2.03539e-05
2.31715e-05
2.96542e-05
4.21208e-05
6.12494e-05
8.31275e-05
9.96236e-05
0.000103581
9.39118e-05
7.65405e-05
5.91308e-05
4.57687e-05
3.67834e-05
3.10266e-05
2.73644e-05
2.50695e-05
2.37394e-05
2.31362e-05
2.30795e-05
2.33491e-05
2.37604e-05
2.42139e-05
2.46956e-05
2.52485e-05
2.59291e-05
2.67666e-05
2.77399e-05
2.87834e-05
2.98149e-05
3.07673e-05
3.16047e-05
3.23196e-05
3.29289e-05
3.34564e-05
3.39424e-05
3.44034e-05
3.49107e-05
3.54215e-05
3.61382e-05
3.67876e-05
3.80234e-05
3.90471e-05
3.49231e-05
3.09572e-05
2.83095e-05
2.64169e-05
2.49959e-05
2.38886e-05
2.30007e-05
2.22729e-05
2.16657e-05
2.11521e-05
2.07126e-05
2.03327e-05
2.00012e-05
1.97111e-05
1.94627e-05
1.92759e-05
1.92336e-05
1.95828e-05
2.09178e-05
2.44526e-05
3.22887e-05
4.68439e-05
6.83962e-05
9.21756e-05
0.000109517
0.000113406
0.000102885
8.38349e-05
6.44478e-05
4.93717e-05
3.91654e-05
3.26385e-05
2.85323e-05
2.60103e-05
2.45924e-05
2.39793e-05
2.39362e-05
2.41972e-05
2.45518e-05
2.48994e-05
2.52425e-05
2.5647e-05
2.6189e-05
2.69076e-05
2.77825e-05
2.87438e-05
2.97042e-05
3.0593e-05
3.13704e-05
3.20258e-05
3.25726e-05
3.30311e-05
3.34381e-05
3.38066e-05
3.42019e-05
3.45792e-05
3.51268e-05
3.55862e-05
3.65701e-05
3.74023e-05
3.49239e-05
3.09669e-05
2.83268e-05
2.64398e-05
2.50227e-05
2.39179e-05
2.30319e-05
2.23051e-05
2.16984e-05
2.11847e-05
2.07443e-05
2.03628e-05
2.00294e-05
1.97382e-05
1.94927e-05
1.93256e-05
1.93523e-05
1.9888e-05
2.16487e-05
2.6055e-05
3.54505e-05
5.22375e-05
7.61185e-05
0.00010143
0.00011924
0.000122938
0.000111695
9.11951e-05
6.99872e-05
5.32423e-05
4.17971e-05
3.44665e-05
2.98901e-05
2.71293e-05
2.56228e-05
2.5001e-05
2.4965e-05
2.51993e-05
2.547e-05
2.56813e-05
2.58574e-05
2.609e-05
2.64744e-05
2.70581e-05
2.78197e-05
2.86841e-05
2.95588e-05
3.03697e-05
3.10733e-05
3.16555e-05
3.2126e-05
3.25015e-05
3.28148e-05
3.3075e-05
3.33415e-05
3.35674e-05
3.39262e-05
3.41772e-05
3.48883e-05
3.5519e-05
3.49247e-05
3.09771e-05
2.83447e-05
2.64628e-05
2.50489e-05
2.3946e-05
2.30609e-05
2.23344e-05
2.17274e-05
2.12126e-05
2.07707e-05
2.03872e-05
2.00518e-05
1.97605e-05
1.95227e-05
1.93889e-05
1.95156e-05
2.02984e-05
2.25934e-05
2.80467e-05
3.91972e-05
5.82815e-05
8.42514e-05
0.000110605
0.000128497
0.000131923
0.000120124
9.84541e-05
7.56446e-05
5.73311e-05
4.4665e-05
3.65168e-05
3.14552e-05
2.84496e-05
2.68561e-05
2.62252e-05
2.61836e-05
2.63648e-05
2.65167e-05
2.65558e-05
2.65335e-05
2.65695e-05
2.67771e-05
2.72093e-05
2.78415e-05
2.85925e-05
2.93654e-05
3.00824e-05
3.06968e-05
3.11907e-05
3.15698e-05
3.18472e-05
3.20511e-05
3.21871e-05
3.2308e-05
3.23657e-05
3.25181e-05
3.25454e-05
3.29673e-05
3.339e-05
3.49257e-05
3.09876e-05
2.83625e-05
2.64851e-05
2.50734e-05
2.39713e-05
2.30859e-05
2.23585e-05
2.175e-05
2.12333e-05
2.07891e-05
2.04032e-05
2.00664e-05
1.97776e-05
1.95558e-05
1.94755e-05
1.97439e-05
2.08497e-05
2.3809e-05
3.04989e-05
4.35673e-05
6.49057e-05
9.25707e-05
0.000119395
0.000137019
0.000140155
0.000127998
0.000105462
8.1315e-05
6.15818e-05
4.77494e-05
3.87926e-05
3.32439e-05
2.99953e-05
2.83185e-05
2.76745e-05
2.76061e-05
2.76977e-05
2.76875e-05
2.75132e-05
2.72593e-05
2.70736e-05
2.70852e-05
2.73489e-05
2.78348e-05
2.84545e-05
2.91079e-05
2.97137e-05
3.02219e-05
3.06112e-05
3.08832e-05
3.10469e-05
3.11259e-05
3.11222e-05
3.10821e-05
3.09571e-05
3.08894e-05
3.06826e-05
3.0806e-05
3.1019e-05
3.49265e-05
3.09981e-05
2.83796e-05
2.65053e-05
2.50943e-05
2.39913e-05
2.31041e-05
2.23743e-05
2.1763e-05
2.12433e-05
2.07962e-05
2.04081e-05
2.00716e-05
1.97908e-05
1.95989e-05
1.9601e-05
2.00651e-05
2.1587e-05
2.53626e-05
3.34791e-05
4.85673e-05
7.19819e-05
0.000100802
0.000127496
0.000144583
0.000147487
0.000135186
0.000112093
8.6899e-05
6.59352e-05
5.10259e-05
4.1294e-05
3.52718e-05
3.17901e-05
3.00349e-05
2.93677e-05
2.92403e-05
2.91942e-05
2.89702e-05
2.85372e-05
2.80173e-05
2.75858e-05
2.73829e-05
2.74613e-05
2.77829e-05
2.82527e-05
2.87677e-05
2.92437e-05
2.9628e-05
2.98959e-05
3.00448e-05
3.00795e-05
3.00193e-05
2.98623e-05
2.96489e-05
2.93308e-05
2.90351e-05
2.85909e-05
2.84159e-05
2.84234e-05
3.49272e-05
3.1008e-05
2.83946e-05
2.65214e-05
2.51087e-05
2.40024e-05
2.31112e-05
2.23772e-05
2.17618e-05
2.12383e-05
2.07883e-05
2.03995e-05
2.00676e-05
1.9805e-05
1.96637e-05
1.97876e-05
2.05157e-05
2.25662e-05
2.73278e-05
3.70402e-05
5.41589e-05
7.93199e-05
0.000108641
0.000134629
0.000151026
0.000153823
0.000141601
0.000118247
9.23075e-05
7.03323e-05
5.4468e-05
4.40191e-05
3.75532e-05
3.38565e-05
3.20265e-05
3.13165e-05
3.10843e-05
3.084e-05
3.03427e-05
2.96033e-05
2.87838e-05
2.80841e-05
2.76498e-05
2.75264e-05
2.76654e-05
2.79662e-05
2.83232e-05
2.86506e-05
2.88935e-05
2.90236e-05
2.90345e-05
2.89268e-05
2.87153e-05
2.8395e-05
2.80004e-05
2.74852e-05
2.69616e-05
2.62864e-05
2.58249e-05
2.56382e-05
3.49274e-05
3.10163e-05
2.84054e-05
2.653e-05
2.51121e-05
2.39993e-05
2.31015e-05
2.23614e-05
2.17408e-05
2.12136e-05
2.07622e-05
2.03766e-05
2.00574e-05
1.98295e-05
1.97691e-05
2.00663e-05
2.11422e-05
2.38539e-05
2.97772e-05
4.12069e-05
6.0248e-05
8.66729e-05
0.00011577
0.000140565
0.00015624
0.000159114
0.000147189
0.000123851
9.74637e-05
7.47177e-05
5.80481e-05
4.69645e-05
4.01014e-05
3.62139e-05
3.43079e-05
3.35218e-05
3.31226e-05
3.26072e-05
3.17715e-05
3.06775e-05
2.95278e-05
2.85407e-05
2.786e-05
2.75192e-05
2.74577e-05
2.7571e-05
2.77513e-05
2.79123e-05
2.79974e-05
2.79753e-05
2.78357e-05
2.75752e-05
2.72045e-05
2.67161e-05
2.61394e-05
2.54311e-05
2.46902e-05
2.38016e-05
2.30796e-05
2.2718e-05
3.49266e-05
3.10211e-05
2.84085e-05
2.65257e-05
2.50979e-05
2.39747e-05
2.30674e-05
2.23196e-05
2.16937e-05
2.11645e-05
2.07159e-05
2.03413e-05
2.00492e-05
1.98807e-05
1.9942e-05
2.04774e-05
2.20016e-05
2.55239e-05
3.27708e-05
4.59611e-05
6.66767e-05
9.37492e-05
0.00012189
0.000145128
0.000160167
0.000163337
0.000151918
0.000128847
0.000102304
7.90409e-05
6.17398e-05
5.01264e-05
4.2927e-05
3.88758e-05
3.68821e-05
3.59681e-05
3.53222e-05
3.4452e-05
3.321e-05
3.17163e-05
3.02105e-05
2.89211e-05
2.79821e-05
2.74099e-05
2.71321e-05
2.70409e-05
2.70278e-05
2.70071e-05
2.69212e-05
2.67361e-05
2.64377e-05
2.60191e-05
2.54872e-05
2.48329e-05
2.40816e-05
2.31943e-05
2.22586e-05
2.1187e-05
2.02456e-05
1.97368e-05
3.4924e-05
3.10196e-05
2.83983e-05
2.65009e-05
2.50568e-05
2.39186e-05
2.29993e-05
2.22435e-05
2.16143e-05
2.10879e-05
2.06505e-05
2.03005e-05
2.00579e-05
1.99832e-05
2.02186e-05
2.10708e-05
2.31609e-05
2.76489e-05
3.63401e-05
5.12278e-05
7.32242e-05
0.000100233
0.000126738
0.000148205
0.000162784
0.000166484
0.000155768
0.000133193
0.000106775
8.32583e-05
6.55189e-05
5.34999e-05
4.60361e-05
4.18449e-05
3.9735e-05
3.86187e-05
3.76289e-05
3.63127e-05
3.45978e-05
3.26655e-05
3.0785e-05
2.91842e-05
2.79786e-05
2.71634e-05
2.66574e-05
2.63484e-05
2.61296e-05
2.59167e-05
2.56516e-05
2.5298e-05
2.48386e-05
2.42632e-05
2.35759e-05
2.27668e-05
2.18584e-05
2.08174e-05
1.9722e-05
1.85105e-05
1.74047e-05
1.67844e-05
3.49179e-05
3.10068e-05
2.83663e-05
2.64444e-05
2.49762e-05
2.38185e-05
2.28861e-05
2.21245e-05
2.14979e-05
2.09839e-05
2.05721e-05
2.02682e-05
2.01066e-05
2.01709e-05
2.06446e-05
2.1906e-05
2.46913e-05
3.02862e-05
4.0471e-05
5.68653e-05
7.96155e-05
0.000105811
0.000130109
0.000149733
0.000164084
0.000168547
0.000158717
0.000136858
0.000110837
8.73328e-05
6.93628e-05
5.70774e-05
4.94258e-05
4.51072e-05
4.28284e-05
4.141e-05
3.99643e-05
3.81086e-05
3.58611e-05
3.34614e-05
3.11969e-05
2.92824e-05
2.78066e-05
2.67428e-05
2.60011e-05
2.54671e-05
2.50368e-05
2.46281e-05
2.4183e-05
2.36629e-05
2.30478e-05
2.23254e-05
2.14974e-05
2.05543e-05
1.95171e-05
1.83589e-05
1.71507e-05
1.58533e-05
1.46487e-05
1.39585e-05
3.49057e-05
3.09748e-05
2.82999e-05
2.63403e-05
2.48398e-05
2.36595e-05
2.2716e-05
2.19554e-05
2.13427e-05
2.08575e-05
2.04937e-05
2.02669e-05
2.02275e-05
2.0486e-05
2.12736e-05
2.30481e-05
2.66579e-05
3.3459e-05
4.50877e-05
6.26632e-05
8.55404e-05
0.000110194
0.00013186
0.000149692
0.000164062
0.000169507
0.000160743
0.000139813
0.000114457
9.12333e-05
7.325e-05
6.08454e-05
5.30781e-05
4.86232e-05
4.60923e-05
4.42471e-05
4.22241e-05
3.97406e-05
3.69132e-05
3.40313e-05
3.13849e-05
2.91625e-05
2.74191e-05
2.61087e-05
2.51318e-05
2.43742e-05
2.37358e-05
2.31371e-05
2.25199e-05
2.18445e-05
2.10884e-05
2.02379e-05
1.92938e-05
1.82475e-05
1.71197e-05
1.58904e-05
1.46251e-05
1.33023e-05
1.20697e-05
1.1353e-05
3.48829e-05
3.09114e-05
2.81805e-05
2.61675e-05
2.46273e-05
2.34249e-05
2.24779e-05
2.17321e-05
2.11525e-05
2.07208e-05
2.04367e-05
2.03275e-05
2.04605e-05
2.09779e-05
2.21641e-05
2.45596e-05
2.91013e-05
3.71371e-05
5.00422e-05
6.8351e-05
9.06783e-05
0.000113145
0.000131917
0.000148087
0.000162701
0.000169332
0.000161818
0.000142035
0.000117608
9.49321e-05
7.71555e-05
6.47773e-05
5.69502e-05
5.23186e-05
4.94188e-05
4.70015e-05
4.42794e-05
4.10932e-05
3.76578e-05
3.42961e-05
3.1283e-05
2.87682e-05
2.67694e-05
2.52239e-05
2.40229e-05
2.30545e-05
2.22227e-05
2.14506e-05
2.06801e-05
1.98703e-05
1.89976e-05
1.80476e-05
1.70209e-05
1.5911e-05
1.47388e-05
1.3491e-05
1.22281e-05
1.0941e-05
9.74822e-06
9.04584e-06
3.48418e-05
3.07974e-05
2.79819e-05
2.5899e-05
2.43153e-05
2.30983e-05
2.2164e-05
2.14557e-05
2.09378e-05
2.05939e-05
2.04303e-05
2.04871e-05
2.08506e-05
2.16984e-05
2.33714e-05
2.64834e-05
3.20155e-05
4.12199e-05
5.51135e-05
7.36164e-05
9.47272e-05
0.000114496
0.000130269
0.000144933
0.000159966
0.000167972
0.00016191
0.000143503
0.000120267
9.84008e-05
8.10448e-05
6.88246e-05
6.09637e-05
5.60752e-05
5.26574e-05
4.95114e-05
4.59793e-05
4.20387e-05
3.79915e-05
3.4173e-05
3.08237e-05
2.80436e-05
2.58153e-05
2.40582e-05
2.26575e-05
2.15045e-05
2.05072e-05
1.95901e-05
1.86956e-05
1.77824e-05
1.68266e-05
1.58142e-05
1.47462e-05
1.36182e-05
1.24521e-05
1.12394e-05
1.00363e-05
8.8392e-06
7.74296e-06
7.0879e-06
3.47695e-05
3.06043e-05
2.76685e-05
2.55018e-05
2.38792e-05
2.2666e-05
2.17718e-05
2.11348e-05
2.07168e-05
2.05034e-05
2.05092e-05
2.07857e-05
2.14423e-05
2.26932e-05
2.49315e-05
2.88205e-05
3.53283e-05
4.55288e-05
6.00179e-05
7.81335e-05
9.74306e-05
0.000114154
0.000126953
0.000140247
0.000155803
0.000165363
0.000160981
0.000144193
0.000122409
0.000101602
8.48638e-05
7.29042e-05
6.49927e-05
5.97236e-05
5.5614e-05
5.1586e-05
4.71571e-05
4.24429e-05
3.78103e-05
3.35812e-05
2.99434e-05
2.69395e-05
2.45237e-05
2.25943e-05
2.10341e-05
1.97375e-05
1.86152e-05
1.7593e-05
1.66138e-05
1.56368e-05
1.4639e-05
1.36071e-05
1.25433e-05
1.1445e-05
1.03342e-05
9.20569e-06
8.11033e-06
7.04461e-06
6.08441e-06
5.49821e-06
3.46461e-05
3.02965e-05
2.71972e-05
2.49392e-05
2.32965e-05
2.21199e-05
2.13064e-05
2.07848e-05
2.05133e-05
2.04796e-05
2.07069e-05
2.1259e-05
2.22691e-05
2.39855e-05
2.68393e-05
3.15082e-05
3.88885e-05
4.98116e-05
6.44329e-05
8.15934e-05
9.85992e-05
0.000112106
0.000122048
0.000134043
0.000150144
0.000161424
0.000158982
0.000144077
0.000123999
0.00010448
8.85254e-05
7.68846e-05
6.88532e-05
6.30396e-05
5.8055e-05
5.30124e-05
4.76387e-05
4.21729e-05
3.70162e-05
3.2449e-05
2.85906e-05
2.54258e-05
2.28811e-05
2.08362e-05
1.91729e-05
1.77874e-05
1.6592e-05
1.55137e-05
1.44965e-05
1.35014e-05
1.25067e-05
1.15008e-05
1.04863e-05
9.4622e-06
8.44933e-06
7.44336e-06
6.48932e-06
5.57874e-06
4.77404e-06
4.26543e-06
3.44421e-05
2.98223e-05
2.65232e-05
2.41766e-05
2.25516e-05
2.14615e-05
2.07814e-05
2.04275e-05
2.03533e-05
2.05502e-05
2.10484e-05
2.19259e-05
2.33368e-05
2.55543e-05
2.90261e-05
3.44056e-05
4.24667e-05
5.37611e-05
6.80282e-05
8.37344e-05
9.81248e-05
0.000108411
0.00011566
0.00012634
0.00014291
0.000156052
0.000155847
0.000143108
0.000124981
0.000106948
9.18954e-05
8.05726e-05
7.2297e-05
6.57474e-05
5.97156e-05
5.35677e-05
4.72539e-05
4.1109e-05
3.55291e-05
3.07257e-05
2.67379e-05
2.34984e-05
2.09025e-05
1.88167e-05
1.71208e-05
1.57118e-05
1.45029e-05
1.34227e-05
1.24178e-05
1.14517e-05
1.05051e-05
9.56761e-06
8.64229e-06
7.72815e-06
6.84399e-06
5.98415e-06
5.18751e-06
4.43764e-06
3.78923e-06
3.35546e-06
3.41104e-05
2.91149e-05
2.55948e-05
2.31974e-05
2.1642e-05
2.07044e-05
2.02185e-05
2.00859e-05
2.02573e-05
2.07284e-05
2.1536e-05
2.2771e-05
2.46023e-05
2.73142e-05
3.13464e-05
3.72932e-05
4.5771e-05
5.70452e-05
7.05e-05
8.43648e-05
9.59841e-05
0.00010319
0.00010792
0.000117177
0.00013403
0.000149112
0.000151472
0.000141212
0.000125263
0.000108871
9.47774e-05
8.37045e-05
7.50116e-05
6.75278e-05
6.03141e-05
5.30336e-05
4.58527e-05
3.91597e-05
3.33016e-05
2.83967e-05
2.43975e-05
2.1192e-05
1.86419e-05
1.66034e-05
1.49543e-05
1.35919e-05
1.24306e-05
1.14025e-05
1.04582e-05
9.56491e-06
8.70556e-06
7.87103e-06
7.0641e-06
6.28279e-06
5.54311e-06
4.83652e-06
4.19661e-06
3.59749e-06
3.09217e-06
2.72207e-06
3.35799e-05
2.80946e-05
2.43678e-05
2.19945e-05
2.05941e-05
1.98757e-05
1.96425e-05
1.97769e-05
2.02292e-05
2.09994e-05
2.21318e-05
2.3726e-05
2.5957e-05
2.91052e-05
3.35797e-05
3.98892e-05
4.84769e-05
5.93433e-05
7.16017e-05
8.33768e-05
9.22335e-05
9.66087e-05
9.89868e-05
0.000106642
0.000123452
0.000140428
0.000145688
0.00013826
0.000124705
0.000110054
9.69025e-05
8.59433e-05
7.66289e-05
6.80347e-05
5.9571e-05
5.12184e-05
4.33269e-05
3.62839e-05
3.03416e-05
2.55045e-05
2.16395e-05
1.85949e-05
1.61988e-05
1.4301e-05
1.27777e-05
1.15277e-05
1.04696e-05
9.54077e-06
8.69749e-06
7.91121e-06
7.16751e-06
6.45805e-06
5.78486e-06
5.14432e-06
4.54965e-06
3.98875e-06
3.49186e-06
3.02309e-06
2.6401e-06
2.31765e-06
3.27476e-05
2.66801e-05
2.2824e-05
2.05916e-05
1.94459e-05
1.90162e-05
1.90749e-05
1.94989e-05
2.02406e-05
2.1305e-05
2.27435e-05
2.46592e-05
2.72241e-05
3.07008e-05
3.545e-05
4.18804e-05
5.02649e-05
6.03821e-05
7.11654e-05
8.07489e-05
8.69953e-05
8.88672e-05
8.90594e-05
9.49071e-05
0.000111182
0.000129778
0.000138222
0.000134035
0.000123095
0.000110231
9.79267e-05
8.68866e-05
7.67419e-05
6.69187e-05
5.72378e-05
4.79881e-05
3.96426e-05
3.25226e-05
2.67389e-05
2.21701e-05
1.86065e-05
1.58528e-05
1.37168e-05
1.20442e-05
1.07134e-05
9.62841e-06
8.71533e-06
7.91959e-06
7.20424e-06
6.54555e-06
5.93161e-06
5.35469e-06
4.8161e-06
4.3104e-06
3.84888e-06
3.41578e-06
3.04075e-06
2.67731e-06
2.39422e-06
2.10154e-06
3.14762e-05
2.48168e-05
2.09953e-05
1.90525e-05
1.82539e-05
1.81568e-05
1.85171e-05
1.92173e-05
2.02192e-05
2.15359e-05
2.32228e-05
2.5382e-05
2.81741e-05
3.1833e-05
3.66605e-05
4.29622e-05
5.08595e-05
5.99629e-05
6.91122e-05
7.65374e-05
8.04363e-05
8.01813e-05
7.83935e-05
8.2264e-05
9.73373e-05
0.00011692
0.000128642
0.000128181
0.000120125
0.000109058
9.74385e-05
8.60856e-05
7.49332e-05
6.38629e-05
5.314e-05
4.33139e-05
3.4886e-05
2.80365e-05
2.26932e-05
1.86076e-05
1.55072e-05
1.31607e-05
1.13688e-05
9.98145e-06
8.88575e-06
7.99649e-06
7.25086e-06
6.60423e-06
6.02724e-06
5.50107e-06
5.01635e-06
4.56593e-06
4.15085e-06
3.76411e-06
3.41642e-06
3.08833e-06
2.81213e-06
2.5291e-06
2.32605e-06
2.04525e-06
2.96114e-05
2.2525e-05
1.89868e-05
1.74796e-05
1.70819e-05
1.73127e-05
1.7937e-05
1.88576e-05
2.00517e-05
2.15413e-05
2.3384e-05
2.56755e-05
2.8559e-05
3.22328e-05
3.69363e-05
4.28794e-05
5.00609e-05
5.79788e-05
6.54503e-05
7.08572e-05
7.27395e-05
7.07715e-05
6.7321e-05
6.9168e-05
8.22473e-05
0.000101695
0.000116339
0.000120111
0.000115348
0.000106119
9.49848e-05
8.30809e-05
7.08218e-05
5.86445e-05
4.725e-05
3.73441e-05
2.93201e-05
2.3141e-05
1.85249e-05
1.51149e-05
1.26002e-05
1.0734e-05
9.32827e-06
8.24905e-06
7.4e-06
6.71155e-06
6.1345e-06
5.63489e-06
5.19099e-06
4.78862e-06
4.42093e-06
4.08149e-06
3.77169e-06
3.48325e-06
3.22786e-06
2.98191e-06
2.78362e-06
2.55906e-06
2.42071e-06
2.13491e-06
2.70474e-05
1.99552e-05
1.69779e-05
1.59954e-05
1.59819e-05
1.64739e-05
1.72749e-05
1.83198e-05
1.9605e-05
2.11601e-05
2.30409e-05
2.53331e-05
2.81583e-05
3.16769e-05
3.60689e-05
4.14628e-05
4.77675e-05
5.44195e-05
6.0263e-05
6.38563e-05
6.4075e-05
6.08536e-05
5.62562e-05
5.62527e-05
6.65813e-05
8.41118e-05
0.000100767
0.000108968
0.000108103
0.000100933
9.01199e-05
7.7468e-05
6.41484e-05
5.12429e-05
3.98013e-05
3.04938e-05
2.34342e-05
1.83066e-05
1.46423e-05
1.20237e-05
1.01403e-05
8.76275e-06
7.73364e-06
6.9459e-06
6.32537e-06
5.82036e-06
5.39549e-06
5.0269e-06
4.69966e-06
4.40366e-06
4.13443e-06
3.88627e-06
3.66153e-06
3.45066e-06
3.26771e-06
3.08391e-06
2.94663e-06
2.76279e-06
2.67839e-06
2.37266e-06
2.38568e-05
1.74059e-05
1.51857e-05
1.47106e-05
1.49816e-05
1.56111e-05
1.64637e-05
1.7512e-05
1.87692e-05
2.02682e-05
2.20593e-05
2.42147e-05
2.68331e-05
3.00381e-05
3.39578e-05
3.86578e-05
4.39895e-05
4.93692e-05
5.36941e-05
5.56952e-05
5.45855e-05
5.06422e-05
4.56764e-05
4.42864e-05
5.12414e-05
6.50391e-05
8.17376e-05
9.38289e-05
9.73804e-05
9.29518e-05
8.24959e-05
6.90206e-05
5.49386e-05
4.20256e-05
3.14356e-05
2.35023e-05
1.79098e-05
1.40779e-05
1.14461e-05
9.61337e-06
8.31423e-06
7.36947e-06
6.66411e-06
6.12225e-06
5.69257e-06
5.34005e-06
5.04131e-06
4.78077e-06
4.54899e-06
4.33907e-06
4.14863e-06
3.97248e-06
3.81434e-06
3.66314e-06
3.53637e-06
3.3989e-06
3.3098e-06
3.15357e-06
3.11548e-06
2.77889e-06
2.04273e-05
1.5257e-05
1.38053e-05
1.37016e-05
1.40905e-05
1.47025e-05
1.54718e-05
1.64023e-05
1.75156e-05
1.8841e-05
2.04197e-05
2.23086e-05
2.45836e-05
2.7336e-05
3.06521e-05
3.45536e-05
3.88641e-05
4.30107e-05
4.59503e-05
4.65651e-05
4.44393e-05
4.03977e-05
3.60622e-05
3.40267e-05
3.75561e-05
4.64766e-05
6.02641e-05
7.41646e-05
8.19967e-05
8.15398e-05
7.20142e-05
5.79207e-05
4.37844e-05
3.19789e-05
2.3267e-05
1.73333e-05
1.34434e-05
1.09033e-05
9.2038e-06
8.03362e-06
7.20454e-06
6.59902e-06
6.14395e-06
5.79145e-06
5.50919e-06
5.2752e-06
5.07512e-06
4.89942e-06
4.74265e-06
4.60018e-06
4.47128e-06
4.35103e-06
4.24457e-06
4.13919e-06
4.05613e-06
3.95372e-06
3.9028e-06
3.76679e-06
3.76741e-06
3.39752e-06
1.74314e-05
1.38513e-05
1.29682e-05
1.30146e-05
1.33312e-05
1.37847e-05
1.4363e-05
1.50831e-05
1.59624e-05
1.70204e-05
1.82856e-05
1.97993e-05
2.16163e-05
2.38008e-05
2.6408e-05
2.94334e-05
3.26991e-05
3.56701e-05
3.73708e-05
3.68253e-05
3.40495e-05
3.05641e-05
2.78034e-05
2.59668e-05
2.68991e-05
3.1159e-05
3.96617e-05
5.14742e-05
6.15909e-05
6.60228e-05
5.90492e-05
4.51083e-05
3.215e-05
2.27321e-05
1.66151e-05
1.28229e-05
1.04755e-05
8.98348e-06
7.99171e-06
7.30522e-06
6.81324e-06
6.45012e-06
6.17495e-06
5.96025e-06
5.78703e-06
5.64228e-06
5.51767e-06
5.40765e-06
5.30939e-06
5.21976e-06
5.13916e-06
5.06288e-06
4.99706e-06
4.92804e-06
4.87922e-06
4.80584e-06
4.78361e-06
4.66899e-06
4.69524e-06
4.30709e-06
1.55776e-05
1.34273e-05
1.275e-05
1.2702e-05
1.27964e-05
1.3014e-05
1.33545e-05
1.38246e-05
1.44265e-05
1.51656e-05
1.60572e-05
1.71269e-05
1.84099e-05
1.99478e-05
2.1773e-05
2.38702e-05
2.60842e-05
2.7956e-05
2.86248e-05
2.73037e-05
2.44293e-05
2.19505e-05
2.11251e-05
2.02273e-05
1.987e-05
2.10221e-05
2.44511e-05
3.10184e-05
3.92053e-05
4.67776e-05
4.46785e-05
3.25095e-05
2.22058e-05
1.59375e-05
1.23616e-05
1.03039e-05
9.07009e-06
8.28834e-06
7.76353e-06
7.39497e-06
7.12764e-06
6.92973e-06
6.78049e-06
6.66513e-06
6.57291e-06
6.49634e-06
6.4308e-06
6.37318e-06
6.32218e-06
6.27573e-06
6.23465e-06
6.19502e-06
6.16237e-06
6.12513e-06
6.10279e-06
6.05941e-06
6.05309e-06
5.97584e-06
5.99944e-06
5.64168e-06
1.54269e-05
1.41656e-05
1.32263e-05
1.28926e-05
1.27174e-05
1.27097e-05
1.28341e-05
1.30718e-05
1.34069e-05
1.38316e-05
1.43488e-05
1.49691e-05
1.57096e-05
1.65912e-05
1.76294e-05
1.88084e-05
2.00186e-05
2.09297e-05
2.09001e-05
1.94112e-05
1.70765e-05
1.55874e-05
1.61109e-05
1.65219e-05
1.61114e-05
1.60156e-05
1.65541e-05
1.84887e-05
2.21464e-05
2.79703e-05
3.07402e-05
2.24566e-05
1.56758e-05
1.22926e-05
1.05797e-05
9.64533e-06
9.08875e-06
8.72937e-06
8.48444e-06
8.3128e-06
8.19189e-06
8.1078e-06
8.05012e-06
8.01061e-06
7.983e-06
7.96295e-06
7.94787e-06
7.93618e-06
7.92718e-06
7.91992e-06
7.91439e-06
7.90938e-06
7.90571e-06
7.90196e-06
7.89816e-06
7.89687e-06
7.88414e-06
7.88661e-06
7.84739e-06
7.6299e-06
1.75646e-05
1.63259e-05
1.45745e-05
1.38925e-05
1.35137e-05
1.33439e-05
1.33095e-05
1.33652e-05
1.34809e-05
1.36403e-05
1.38358e-05
1.40654e-05
1.43307e-05
1.46351e-05
1.49809e-05
1.53592e-05
1.57173e-05
1.58868e-05
1.55255e-05
1.43869e-05
1.2913e-05
1.2069e-05
1.28396e-05
1.43136e-05
1.47878e-05
1.4919e-05
1.46289e-05
1.43387e-05
1.46406e-05
1.63831e-05
1.96697e-05
1.61868e-05
1.27653e-05
1.1474e-05
1.09335e-05
1.0653e-05
1.04708e-05
1.03398e-05
1.025e-05
1.01965e-05
1.0174e-05
1.01754e-05
1.01934e-05
1.02214e-05
1.02546e-05
1.029e-05
1.0326e-05
1.03622e-05
1.03974e-05
1.04327e-05
1.04646e-05
1.04995e-05
1.0524e-05
1.0565e-05
1.0569e-05
1.06409e-05
1.05795e-05
1.07512e-05
1.0529e-05
1.06694e-05
2.31238e-05
2.04746e-05
1.72403e-05
1.63079e-05
1.58207e-05
1.55307e-05
1.53835e-05
1.53009e-05
1.52445e-05
1.51927e-05
1.51291e-05
1.50421e-05
1.49213e-05
1.47574e-05
1.45451e-05
1.4286e-05
1.39795e-05
1.36005e-05
1.30847e-05
1.24106e-05
1.17418e-05
1.12823e-05
1.15027e-05
1.30638e-05
1.50406e-05
1.66626e-05
1.70643e-05
1.63607e-05
1.49675e-05
1.3579e-05
1.37355e-05
1.31625e-05
1.26729e-05
1.29858e-05
1.32729e-05
1.34108e-05
1.34366e-05
1.34148e-05
1.33974e-05
1.34101e-05
1.34586e-05
1.35365e-05
1.36326e-05
1.3737e-05
1.38429e-05
1.39472e-05
1.40481e-05
1.41466e-05
1.42395e-05
1.43321e-05
1.44126e-05
1.45042e-05
1.4561e-05
1.46741e-05
1.46688e-05
1.48787e-05
1.4689e-05
1.52037e-05
1.45656e-05
1.54751e-05
3.47926e-05
2.7931e-05
2.22208e-05
2.12133e-05
2.06183e-05
2.01757e-05
1.99195e-05
1.97062e-05
1.94911e-05
1.92459e-05
1.89442e-05
1.85649e-05
1.80881e-05
1.74942e-05
1.67737e-05
1.59401e-05
1.50355e-05
1.4137e-05
1.33951e-05
1.3019e-05
1.30301e-05
1.29862e-05
1.24566e-05
1.25637e-05
1.6065e-05
2.07403e-05
2.34853e-05
2.38764e-05
2.18729e-05
1.79502e-05
1.3654e-05
1.20553e-05
1.45825e-05
1.67374e-05
1.79456e-05
1.85008e-05
1.86814e-05
1.8697e-05
1.86867e-05
1.87224e-05
1.88258e-05
1.89881e-05
1.91872e-05
1.9402e-05
1.96178e-05
1.98287e-05
2.00313e-05
2.02286e-05
2.04132e-05
2.05988e-05
2.07557e-05
2.09426e-05
2.10445e-05
2.12874e-05
2.12441e-05
2.17189e-05
2.12531e-05
2.24405e-05
2.09534e-05
2.33896e-05
5.92189e-05
4.17415e-05
3.15669e-05
3.05337e-05
2.96569e-05
2.89226e-05
2.84984e-05
2.81039e-05
2.76834e-05
2.71942e-05
2.6592e-05
2.58439e-05
2.49178e-05
2.37828e-05
2.24252e-05
2.08736e-05
1.92115e-05
1.75938e-05
1.6347e-05
1.59857e-05
1.66455e-05
1.73531e-05
1.63937e-05
1.35065e-05
1.69631e-05
2.72632e-05
3.49503e-05
3.85116e-05
3.70452e-05
3.04699e-05
2.00857e-05
1.209e-05
1.78794e-05
2.32055e-05
2.60444e-05
2.7327e-05
2.77393e-05
2.77546e-05
2.76789e-05
2.76815e-05
2.78239e-05
2.80979e-05
2.846e-05
2.88634e-05
2.92739e-05
2.96767e-05
3.00633e-05
3.04405e-05
3.07921e-05
3.1149e-05
3.1445e-05
3.18096e-05
3.19897e-05
3.24792e-05
3.23506e-05
3.33379e-05
3.23184e-05
3.48115e-05
3.1673e-05
3.70515e-05
)
;

boundaryField
{
    inlet
    {
        type            calculated;
        value           uniform 4.12857e-05;
    }
    outlet
    {
        type            calculated;
        value           nonuniform List<scalar> 
100
(
3.70484e-05
2.33882e-05
1.54746e-05
1.06694e-05
7.63029e-06
5.6423e-06
4.30787e-06
3.39841e-06
2.77987e-06
2.37372e-06
2.13604e-06
2.04647e-06
2.10289e-06
2.31921e-06
2.72402e-06
3.35809e-06
4.26925e-06
5.504e-06
7.09682e-06
9.0594e-06
1.1373e-05
1.39868e-05
1.68229e-05
1.97867e-05
2.27803e-05
2.5713e-05
2.85103e-05
3.11171e-05
3.34979e-05
3.5635e-05
3.75248e-05
3.91741e-05
4.05972e-05
4.18126e-05
4.28412e-05
4.37045e-05
4.44234e-05
4.50177e-05
4.55055e-05
4.59032e-05
4.62249e-05
4.64833e-05
4.66888e-05
4.68505e-05
4.69757e-05
4.70707e-05
4.71401e-05
4.71877e-05
4.72162e-05
4.72272e-05
4.72215e-05
4.71992e-05
4.71595e-05
4.71008e-05
4.70205e-05
4.6915e-05
4.67795e-05
4.66081e-05
4.63933e-05
4.61264e-05
4.57969e-05
4.53922e-05
4.48984e-05
4.42992e-05
4.35767e-05
4.27112e-05
4.16819e-05
4.04675e-05
3.90471e-05
3.74023e-05
3.5519e-05
3.339e-05
3.1019e-05
2.84234e-05
2.56382e-05
2.2718e-05
1.97368e-05
1.67844e-05
1.39585e-05
1.1353e-05
9.04584e-06
7.0879e-06
5.49821e-06
4.26543e-06
3.35546e-06
2.72207e-06
2.31765e-06
2.10154e-06
2.04525e-06
2.13491e-06
2.37266e-06
2.77889e-06
3.39752e-06
4.30709e-06
5.64168e-06
7.6299e-06
1.06694e-05
1.54751e-05
2.33896e-05
3.70515e-05
)
;
    }
    fixedWalls
    {
        type            nutkWallFunction;
        Cmu             0.09;
        kappa           0.41;
        E               9.8;
        value           uniform 0;
    }
    frontAndBack
    {
        type            empty;
    }
}


// ************************************************************************* //
