/*--------------------------------*- C++ -*----------------------------------*\
| =========                 |                                                 |
| \\      /  F ield         | OpenFOAM: The Open Source CFD Toolbox           |
|  \\    /   O peration     | Version:  2.4.0                                 |
|   \\  /    A nd           | Web:      www.OpenFOAM.org                      |
|    \\/     M anipulation  |                                                 |
\*---------------------------------------------------------------------------*/
FoamFile
{
    version     2.0;
    format      ascii;
    class       volScalarField;
    location    "0.16";
    object      epsilon;
}
// * * * * * * * * * * * * * * * * * * * * * * * * * * * * * * * * * * * * * //

dimensions      [0 2 -3 0 0 0 0];

internalField   nonuniform List<scalar> 
6000
(
54.5541
0.959721
0.0569255
0.20389
0.133919
0.519976
1.03732
1.36988
1.509
1.55026
1.55672
1.54738
1.52693
1.49915
1.46769
1.43526
1.40352
1.37352
1.34586
1.32091
1.29887
1.27983
1.26385
1.25094
1.24111
1.23435
1.23071
1.23021
1.23292
1.23895
1.24842
1.26153
1.27849
1.29959
1.32516
1.35567
1.39168
1.43385
1.48299
1.54011
1.60643
1.68349
1.77319
1.87796
2.00081
2.14578
2.31764
2.52387
2.77145
3.07712
3.44635
3.92877
4.49666
5.34162
6.21082
7.97836
9.11759
13.9024
14.3867
29.9833
17.8271
0.929414
0.0515101
0.106812
0.100406
0.279168
0.470715
0.575992
0.610064
0.611621
0.602536
0.589242
0.573448
0.556419
0.539263
0.522727
0.507235
0.493008
0.480146
0.468682
0.45861
0.449902
0.442522
0.436433
0.431601
0.428001
0.425616
0.42444
0.424481
0.425759
0.428309
0.432185
0.437453
0.444199
0.452548
0.462659
0.474712
0.488937
0.505614
0.52509
0.547796
0.574266
0.605168
0.641348
0.68387
0.734139
0.79387
0.865613
0.952012
1.05854
1.18812
1.35602
1.5575
1.84886
2.16607
2.76124
3.21852
4.77294
5.18479
10.0483
7.1671
0.696886
0.0527662
0.0645986
0.0768091
0.162052
0.237899
0.273974
0.28172
0.277302
0.269211
0.260024
0.250448
0.240921
0.231793
0.223278
0.215479
0.208429
0.202127
0.196549
0.191663
0.187437
0.183836
0.18083
0.178395
0.176508
0.175155
0.174326
0.174018
0.174234
0.174984
0.176285
0.178159
0.180637
0.183777
0.187631
0.192267
0.197773
0.20426
0.211864
0.220753
0.231137
0.243279
0.257513
0.27426
0.294072
0.317635
0.345934
0.380076
0.422084
0.473447
0.539439
0.619944
0.733257
0.862963
1.0887
1.29005
1.85716
2.10852
3.79631
3.42829
0.515769
0.0560943
0.0462226
0.0598255
0.101025
0.132641
0.145917
0.147019
0.142884
0.137248
0.13138
0.125628
0.120147
0.115041
0.11037
0.10615
0.102374
0.0990219
0.0960678
0.0934858
0.0912508
0.0893397
0.0877326
0.0864126
0.0853658
0.0845818
0.0840532
0.0837758
0.0837487
0.0839743
0.0844584
0.0852099
0.0862459
0.0875899
0.0892597
0.0912851
0.0937042
0.0965646
0.0999255
0.10386
0.108461
0.113842
0.12015
0.127568
0.136336
0.146758
0.159255
0.17433
0.192815
0.215479
0.244343
0.279992
0.328936
0.387315
0.482286
0.578037
0.80645
0.950651
1.59065
1.89806
0.397475
0.0601902
0.0387133
0.0478935
0.0675529
0.0811259
0.0862877
0.0858341
0.0827642
0.0789333
0.0751025
0.0714855
0.0681357
0.0650757
0.062314
0.0598446
0.057652
0.0557168
0.0540183
0.0525373
0.0512559
0.0501585
0.0492318
0.0484642
0.0478467
0.0473719
0.0470346
0.0468313
0.0467602
0.0468216
0.0470176
0.047352
0.0478376
0.0484809
0.0492899
0.0502785
0.0514651
0.0528727
0.0545297
0.0564719
0.0587434
0.0613997
0.0645108
0.0681651
0.0724769
0.0775923
0.0837088
0.0910736
0.100063
0.111084
0.124991
0.142294
0.165521
0.194087
0.237912
0.286543
0.38695
0.469207
0.731304
1.18865
0.321756
0.0645607
0.0363329
0.0398258
0.0484373
0.0541053
0.0560932
0.0553766
0.0531855
0.0505244
0.0479145
0.0455136
0.0433406
0.0413889
0.0396496
0.0381102
0.0367551
0.0355674
0.0345311
0.0336314
0.0328553
0.0321916
0.0316307
0.0311645
0.0307865
0.0304916
0.0302756
0.030136
0.0300711
0.0300803
0.0301644
0.0303259
0.0305735
0.0309077
0.0313328
0.0318561
0.0324873
0.0332389
0.0341262
0.0351683
0.0363889
0.0378176
0.0394914
0.0414573
0.0437749
0.0465212
0.0497976
0.0537346
0.058519
0.0643746
0.0716993
0.0808387
0.0928649
0.107956
0.129986
0.156216
0.204161
0.251684
0.367026
0.825427
0.2722
0.0688876
0.0364108
0.0346131
0.0371707
0.0390486
0.0396178
0.0389231
0.0373528
0.0354611
0.0336232
0.031967
0.0305003
0.0292067
0.0280707
0.0270781
0.0262142
0.0254646
0.0248163
0.0242577
0.023779
0.0233715
0.0230282
0.0227431
0.0225114
0.0223292
0.0221937
0.0221026
0.0220547
0.0220493
0.0220866
0.0221685
0.0223002
0.0224811
0.0227137
0.0230021
0.023352
0.0237709
0.0242676
0.0248535
0.0255425
0.026352
0.0273037
0.0284246
0.0297495
0.0313225
0.0332009
0.0354593
0.0381998
0.0415524
0.0457212
0.0509285
0.0576728
0.0662371
0.0782437
0.0932447
0.118042
0.146204
0.200772
0.624412
0.238641
0.0728863
0.0376411
0.031435
0.0303974
0.0302501
0.0300662
0.0294192
0.0282774
0.0269204
0.0256121
0.0244551
0.0234538
0.0225891
0.0218435
0.0212025
0.0206529
0.0201824
0.0197804
0.0194378
0.0191469
0.0189012
0.0186956
0.0185255
0.0183875
0.0182788
0.0181973
0.0181414
0.01811
0.0181026
0.0181193
0.0181614
0.0182319
0.0183301
0.0184576
0.018617
0.0188116
0.0190462
0.0193262
0.0196588
0.0200526
0.0205186
0.0210704
0.0217249
0.0225039
0.0234348
0.0245531
0.0259049
0.0275516
0.0295738
0.0320873
0.0352369
0.0392786
0.0444533
0.0514933
0.0605728
0.0744251
0.0917005
0.119527
0.506321
0.215126
0.0763195
0.0393434
0.0296568
0.0263103
0.0249596
0.0243058
0.0236781
0.0228315
0.0218634
0.0209422
0.0201437
0.0194698
0.0189017
0.0184225
0.0180185
0.0176782
0.0173916
0.0171504
0.0169476
0.0167774
0.0166351
0.016517
0.01642
0.0163417
0.01628
0.0162337
0.0162015
0.0161828
0.0161772
0.0161846
0.016206
0.0162429
0.0162951
0.0163633
0.0164493
0.0165551
0.0166836
0.0168383
0.0170238
0.0172455
0.0175105
0.0178276
0.0182079
0.0186655
0.0192185
0.0198902
0.020711
0.0217206
0.0229723
0.0245383
0.0265165
0.0290527
0.03233
0.036709
0.0424839
0.0507833
0.0618007
0.0771047
0.433756
0.198171
0.0790415
0.0411392
0.0288057
0.0238844
0.0217571
0.0207792
0.020143
0.0194971
0.0188149
0.0181824
0.0176474
0.017208
0.0168477
0.016551
0.0163064
0.0161045
0.0159375
0.0157993
0.0156848
0.01559
0.0155117
0.0154473
0.0153948
0.0153527
0.0153197
0.0152949
0.0152776
0.0152674
0.0152639
0.0152671
0.0152777
0.0152964
0.0153231
0.0153582
0.0154029
0.0154583
0.0155262
0.0156088
0.0157088
0.0158298
0.0159762
0.0161537
0.0163696
0.0166332
0.0169565
0.0173553
0.0178501
0.0184681
0.0192457
0.0202315
0.0214938
0.0231247
0.0252599
0.028096
0.0319084
0.0371737
0.0444637
0.0535002
0.387654
0.185696
0.08102
0.0428145
0.0285413
0.0225043
0.0198466
0.0186359
0.0179752
0.0174613
0.0169846
0.0165637
0.0162187
0.0159442
0.0157256
0.0155503
0.0154092
0.0152951
0.0152025
0.0151272
0.0150658
0.0150156
0.0149747
0.0149413
0.0149144
0.014893
0.0148762
0.0148637
0.0148549
0.0148496
0.0148477
0.0148491
0.0148542
0.0148633
0.0148764
0.0148938
0.0149161
0.014944
0.0149785
0.0150209
0.0150728
0.0151365
0.0152146
0.0153107
0.0154295
0.015577
0.0157612
0.0159926
0.0162852
0.0166578
0.0171359
0.017753
0.0185586
0.0196145
0.0210224
0.0229007
0.025477
0.0289579
0.0339282
0.0396015
0.357649
0.176415
0.0823252
0.0442622
0.0286276
0.021784
0.0187477
0.0173667
0.0166755
0.0162441
0.0159089
0.0156364
0.015423
0.0152592
0.0151328
0.0150343
0.0149566
0.0148951
0.0148461
0.0148069
0.0147753
0.0147499
0.0147293
0.0147127
0.0146994
0.0146889
0.0146807
0.0146746
0.0146703
0.0146677
0.0146668
0.0146674
0.0146698
0.0146741
0.0146803
0.0146887
0.0146994
0.014713
0.01473
0.0147511
0.0147773
0.0148098
0.0148502
0.0149007
0.0149643
0.0150445
0.0151467
0.0152777
0.015447
0.0156672
0.0159562
0.0163376
0.0168472
0.0175284
0.0184578
0.0197127
0.021475
0.0238371
0.0273008
0.0310421
0.337784
0.169494
0.0830945
0.0454517
0.0289093
0.0214758
0.0181566
0.0166477
0.0159251
0.0155415
0.0152983
0.0151243
0.0149969
0.0149033
0.0148335
0.0147803
0.0147392
0.0147071
0.0146818
0.0146618
0.0146458
0.014633
0.0146227
0.0146145
0.0146079
0.0146028
0.0145988
0.0145958
0.0145937
0.0145924
0.0145919
0.0145921
0.0145933
0.0145953
0.0145983
0.0146023
0.0146075
0.0146141
0.0146225
0.014633
0.0146461
0.0146625
0.0146833
0.0147096
0.0147431
0.0147862
0.0148421
0.0149151
0.0150115
0.0151396
0.0153119
0.0155447
0.0158638
0.0163
0.0169116
0.0177512
0.0189637
0.0205909
0.0230432
0.0256047
0.324481
0.164364
0.0834907
0.0464035
0.0292908
0.021421
0.0178785
0.0162681
0.0155151
0.0151555
0.014968
0.014855
0.0147803
0.0147283
0.0146907
0.0146624
0.0146407
0.0146237
0.0146103
0.0145997
0.0145912
0.0145844
0.014579
0.0145746
0.0145711
0.0145683
0.0145662
0.0145645
0.0145634
0.0145627
0.0145624
0.0145625
0.0145631
0.0145641
0.0145656
0.0145677
0.0145704
0.0145738
0.0145782
0.0145836
0.0145905
0.0145993
0.0146103
0.0146244
0.0146426
0.0146662
0.0146972
0.0147384
0.0147935
0.0148683
0.0149709
0.0151126
0.0153119
0.0155903
0.0159924
0.0165543
0.0173924
0.0185239
0.0202834
0.0220879
0.315512
0.160614
0.0836688
0.0471675
0.0297177
0.0215187
0.0177892
0.0160921
0.0153089
0.0149577
0.0148006
0.0147226
0.0146775
0.0146482
0.0146274
0.0146117
0.0145993
0.0145894
0.0145814
0.0145749
0.0145697
0.0145655
0.014562
0.0145593
0.014557
0.0145552
0.0145539
0.0145528
0.0145521
0.0145516
0.0145514
0.0145514
0.0145517
0.0145523
0.0145532
0.0145545
0.0145561
0.0145582
0.0145608
0.0145641
0.0145682
0.0145734
0.01458
0.0145883
0.0145991
0.0146131
0.0146315
0.014656
0.0146891
0.0147343
0.0147972
0.0148851
0.0150115
0.0151908
0.0154577
0.0158358
0.0164205
0.0172141
0.0184956
0.0197971
0.309448
0.157935
0.0837548
0.0477978
0.030162
0.0217064
0.0178114
0.0160345
0.0152204
0.0148671
0.0147239
0.0146636
0.0146336
0.0146154
0.0146023
0.014592
0.0145836
0.0145765
0.0145707
0.0145658
0.0145619
0.0145586
0.0145559
0.0145537
0.014552
0.0145506
0.0145495
0.0145486
0.014548
0.0145476
0.0145474
0.0145475
0.0145477
0.0145481
0.0145488
0.0145497
0.0145509
0.0145524
0.0145543
0.0145567
0.0145596
0.0145633
0.014568
0.0145738
0.0145813
0.0145908
0.0146032
0.0146195
0.0146414
0.0146711
0.0147124
0.0147701
0.0148539
0.0149732
0.0151552
0.0154143
0.0158302
0.0163943
0.0173465
0.0183065
0.305351
0.156084
0.0838382
0.0483468
0.030611
0.0219457
0.0178976
0.0160432
0.0151968
0.0148347
0.0146948
0.0146417
0.0146181
0.0146043
0.0145942
0.0145858
0.0145786
0.0145724
0.0145672
0.0145629
0.0145593
0.0145563
0.0145539
0.0145519
0.0145503
0.014549
0.014548
0.0145472
0.0145466
0.0145463
0.0145461
0.0145461
0.0145463
0.0145466
0.0145472
0.014548
0.014549
0.0145503
0.014552
0.014554
0.0145565
0.0145596
0.0145635
0.0145683
0.0145743
0.014582
0.0145917
0.0146043
0.0146209
0.0146429
0.0146732
0.0147147
0.0147748
0.0148593
0.0149899
0.0151741
0.01548
0.0158903
0.0166179
0.0173436
0.302593
0.154868
0.0839732
0.0488551
0.0310595
0.0222136
0.0180199
0.0160878
0.0152073
0.014832
0.0146892
0.0146371
0.0146151
0.0146024
0.0145928
0.0145847
0.0145776
0.0145715
0.0145664
0.0145621
0.0145586
0.0145556
0.0145532
0.0145513
0.0145497
0.0145484
0.0145474
0.0145467
0.0145461
0.0145458
0.0145456
0.0145456
0.0145458
0.0145461
0.0145467
0.0145474
0.0145484
0.0145496
0.0145511
0.0145531
0.0145554
0.0145583
0.0145619
0.0145663
0.0145718
0.0145787
0.0145874
0.0145984
0.0146126
0.0146312
0.0146562
0.0146895
0.0147371
0.0148024
0.0149032
0.015042
0.0152784
0.0155876
0.0161643
0.0167294
0.300752
0.154132
0.084185
0.0493492
0.0315054
0.022496
0.0181616
0.0161511
0.0152347
0.0148434
0.0146941
0.0146398
0.014617
0.0146037
0.0145937
0.0145852
0.0145779
0.0145716
0.0145664
0.014562
0.0145584
0.0145555
0.0145531
0.0145511
0.0145495
0.0145482
0.0145473
0.0145465
0.014546
0.0145456
0.0145454
0.0145454
0.0145456
0.0145459
0.0145464
0.0145472
0.0145481
0.0145493
0.0145508
0.0145527
0.014555
0.0145579
0.0145614
0.0145657
0.014571
0.0145776
0.0145859
0.0145963
0.0146096
0.0146268
0.0146494
0.014679
0.0147205
0.0147757
0.0148601
0.0149725
0.0151664
0.015411
0.0158884
0.016344
0.299536
0.153751
0.0844778
0.0498431
0.0319468
0.0227842
0.0183131
0.0162237
0.01527
0.0148609
0.014703
0.0146449
0.0146202
0.0146058
0.014595
0.014586
0.0145784
0.0145719
0.0145665
0.0145621
0.0145584
0.0145554
0.014553
0.014551
0.0145494
0.0145482
0.0145472
0.0145464
0.0145459
0.0145455
0.0145453
0.0145453
0.0145455
0.0145458
0.0145463
0.0145471
0.014548
0.0145492
0.0145507
0.0145526
0.0145549
0.0145577
0.0145612
0.0145654
0.0145707
0.0145773
0.0145854
0.0145957
0.0146087
0.0146253
0.0146471
0.0146751
0.0147138
0.0147642
0.0148402
0.0149379
0.015107
0.0153115
0.015725
0.0161071
0.298747
0.153627
0.0848425
0.0503412
0.0323818
0.0230727
0.0184691
0.0163005
0.0153084
0.0148805
0.0147131
0.0146504
0.0146234
0.0146078
0.0145963
0.0145868
0.0145788
0.0145721
0.0145666
0.0145621
0.0145584
0.0145554
0.014553
0.014551
0.0145494
0.0145481
0.0145471
0.0145463
0.0145458
0.0145454
0.0145453
0.0145452
0.0145454
0.0145457
0.0145463
0.014547
0.0145479
0.0145491
0.0145506
0.0145525
0.0145548
0.0145576
0.0145611
0.0145654
0.0145706
0.0145772
0.0145853
0.0145956
0.0146085
0.014625
0.0146465
0.014674
0.0147117
0.01476
0.0148319
0.0149221
0.0150774
0.0152579
0.0156314
0.0159648
0.298248
0.153684
0.0852629
0.0508421
0.0328079
0.0233578
0.0186262
0.0163791
0.0153479
0.0149005
0.0147232
0.0146555
0.0146262
0.0146094
0.0145972
0.0145873
0.0145791
0.0145723
0.0145667
0.0145621
0.0145584
0.0145554
0.0145529
0.0145509
0.0145493
0.014548
0.014547
0.0145463
0.0145457
0.0145454
0.0145452
0.0145452
0.0145453
0.0145457
0.0145462
0.0145469
0.0145479
0.0145491
0.0145506
0.0145525
0.0145548
0.0145576
0.0145611
0.0145653
0.0145706
0.0145772
0.0145853
0.0145956
0.0146086
0.0146251
0.0146465
0.014674
0.0147113
0.0147589
0.0148292
0.0149159
0.015064
0.0152307
0.0155799
0.0158817
0.297943
0.153861
0.0857209
0.0513406
0.0332224
0.0236369
0.0187825
0.0164581
0.0153876
0.0149204
0.0147328
0.0146602
0.0146286
0.0146107
0.014598
0.0145877
0.0145793
0.0145724
0.0145668
0.0145622
0.0145584
0.0145553
0.0145529
0.0145509
0.0145493
0.014548
0.014547
0.0145462
0.0145457
0.0145453
0.0145451
0.0145451
0.0145453
0.0145456
0.0145461
0.0145469
0.0145478
0.014549
0.0145505
0.0145524
0.0145547
0.0145575
0.014561
0.0145653
0.0145706
0.0145771
0.0145853
0.0145956
0.0146087
0.0146252
0.0146467
0.0146743
0.0147116
0.0147591
0.0148288
0.0149142
0.0150588
0.0152181
0.0155528
0.0158346
0.297768
0.154113
0.0861985
0.0518309
0.0336228
0.0239084
0.018937
0.016537
0.0154271
0.01494
0.0147421
0.0146645
0.0146307
0.0146118
0.0145986
0.0145881
0.0145795
0.0145725
0.0145668
0.0145622
0.0145584
0.0145553
0.0145528
0.0145508
0.0145492
0.0145479
0.0145469
0.0145462
0.0145456
0.0145453
0.0145451
0.0145451
0.0145452
0.0145456
0.0145461
0.0145468
0.0145478
0.014549
0.0145505
0.0145524
0.0145547
0.0145575
0.014561
0.0145653
0.0145706
0.0145771
0.0145853
0.0145956
0.0146087
0.0146253
0.0146469
0.0146746
0.014712
0.0147597
0.0148294
0.0149144
0.0150577
0.0152131
0.0155394
0.0158087
0.297676
0.154409
0.0866802
0.052307
0.034007
0.0241709
0.0190889
0.0166154
0.0154664
0.0149593
0.0147511
0.0146686
0.0146327
0.0146128
0.0145991
0.0145883
0.0145797
0.0145726
0.0145668
0.0145622
0.0145584
0.0145553
0.0145528
0.0145508
0.0145492
0.0145479
0.0145469
0.0145461
0.0145456
0.0145452
0.014545
0.014545
0.0145452
0.0145455
0.014546
0.0145467
0.0145477
0.0145489
0.0145504
0.0145523
0.0145546
0.0145575
0.0145609
0.0145652
0.0145705
0.0145771
0.0145854
0.0145957
0.0146088
0.0146254
0.0146471
0.0146748
0.0147125
0.0147603
0.0148302
0.0149152
0.0150582
0.0152118
0.0155331
0.0157947
0.297638
0.154723
0.0871539
0.052764
0.0343733
0.0244237
0.0192377
0.0166932
0.0155055
0.0149784
0.0147599
0.0146725
0.0146345
0.0146137
0.0145995
0.0145886
0.0145798
0.0145726
0.0145668
0.0145621
0.0145583
0.0145553
0.0145528
0.0145507
0.0145491
0.0145478
0.0145468
0.0145461
0.0145455
0.0145451
0.014545
0.0145449
0.0145451
0.0145454
0.014546
0.0145467
0.0145476
0.0145489
0.0145504
0.0145523
0.0145546
0.0145574
0.0145609
0.0145652
0.0145705
0.0145771
0.0145854
0.0145957
0.0146088
0.0146255
0.0146472
0.0146751
0.0147128
0.0147608
0.0148309
0.0149162
0.0150592
0.0152121
0.0155304
0.0157871
0.297633
0.155039
0.0876103
0.0531984
0.034721
0.0246664
0.0193832
0.0167703
0.0155444
0.0149974
0.0147686
0.0146764
0.0146362
0.0146146
0.0146
0.0145888
0.0145799
0.0145727
0.0145669
0.0145621
0.0145583
0.0145552
0.0145527
0.0145507
0.0145491
0.0145478
0.0145468
0.014546
0.0145454
0.0145451
0.0145449
0.0145449
0.0145451
0.0145454
0.0145459
0.0145466
0.0145476
0.0145488
0.0145503
0.0145522
0.0145545
0.0145574
0.0145609
0.0145652
0.0145705
0.0145771
0.0145854
0.0145957
0.0146089
0.0146256
0.0146474
0.0146753
0.0147131
0.0147612
0.0148315
0.0149171
0.0150603
0.0152129
0.0155292
0.0157828
0.297647
0.155347
0.0880433
0.0536077
0.0350496
0.0248988
0.0195251
0.0168468
0.0155832
0.0150164
0.0147774
0.0146803
0.014638
0.0146154
0.0146004
0.0145891
0.01458
0.0145728
0.0145669
0.0145621
0.0145583
0.0145552
0.0145527
0.0145507
0.014549
0.0145477
0.0145467
0.014546
0.0145454
0.014545
0.0145449
0.0145448
0.014545
0.0145453
0.0145459
0.0145466
0.0145475
0.0145488
0.0145503
0.0145522
0.0145545
0.0145573
0.0145608
0.0145651
0.0145705
0.0145771
0.0145854
0.0145957
0.0146089
0.0146257
0.0146475
0.0146754
0.0147133
0.0147616
0.0148321
0.0149179
0.0150612
0.0152137
0.0155285
0.0157798
0.297671
0.15564
0.0884493
0.053991
0.0353592
0.0251211
0.0196635
0.0169224
0.015622
0.0150353
0.0147862
0.0146842
0.0146397
0.0146163
0.0146009
0.0145893
0.0145802
0.0145728
0.0145669
0.0145621
0.0145583
0.0145552
0.0145526
0.0145506
0.014549
0.0145477
0.0145467
0.0145459
0.0145453
0.014545
0.0145448
0.0145448
0.014545
0.0145453
0.0145458
0.0145465
0.0145475
0.0145487
0.0145502
0.0145521
0.0145544
0.0145573
0.0145608
0.0145651
0.0145705
0.0145771
0.0145854
0.0145957
0.0146089
0.0146257
0.0146476
0.0146756
0.0147135
0.0147619
0.0148325
0.0149185
0.015062
0.0152143
0.0155278
0.0157774
0.297699
0.155914
0.0888264
0.0543483
0.0356503
0.0253334
0.0197982
0.0169973
0.0156606
0.0150544
0.014795
0.0146881
0.0146415
0.0146171
0.0146013
0.0145895
0.0145803
0.0145729
0.0145669
0.0145621
0.0145583
0.0145551
0.0145526
0.0145506
0.0145489
0.0145476
0.0145466
0.0145459
0.0145453
0.0145449
0.0145448
0.0145447
0.0145449
0.0145452
0.0145458
0.0145465
0.0145475
0.0145487
0.0145502
0.0145521
0.0145544
0.0145573
0.0145608
0.0145651
0.0145704
0.0145771
0.0145853
0.0145958
0.014609
0.0146258
0.0146476
0.0146757
0.0147137
0.0147622
0.0148329
0.014919
0.0150626
0.0152148
0.0155269
0.015775
0.297727
0.156168
0.0891746
0.0546801
0.0359237
0.025536
0.0199293
0.0170714
0.0156991
0.0150734
0.0148039
0.0146921
0.0146434
0.014618
0.0146018
0.0145898
0.0145804
0.0145729
0.014567
0.0145621
0.0145583
0.0145551
0.0145526
0.0145505
0.0145489
0.0145476
0.0145466
0.0145458
0.0145453
0.0145449
0.0145447
0.0145447
0.0145449
0.0145452
0.0145457
0.0145465
0.0145474
0.0145486
0.0145502
0.014552
0.0145544
0.0145572
0.0145607
0.0145651
0.0145704
0.014577
0.0145853
0.0145958
0.014609
0.0146258
0.0146477
0.0146758
0.0147139
0.0147624
0.0148332
0.0149194
0.015063
0.015215
0.0155259
0.0157725
0.297753
0.1564
0.0894947
0.0549878
0.0361804
0.0257294
0.0200569
0.0171446
0.0157376
0.0150925
0.0148128
0.0146962
0.0146452
0.0146189
0.0146022
0.01459
0.0145805
0.014573
0.014567
0.0145621
0.0145582
0.0145551
0.0145526
0.0145505
0.0145489
0.0145476
0.0145465
0.0145458
0.0145452
0.0145449
0.0145447
0.0145447
0.0145448
0.0145452
0.0145457
0.0145464
0.0145474
0.0145486
0.0145501
0.014552
0.0145543
0.0145572
0.0145607
0.014565
0.0145704
0.014577
0.0145853
0.0145958
0.014609
0.0146259
0.0146478
0.0146759
0.0147141
0.0147626
0.0148335
0.0149198
0.0150634
0.0152152
0.0155247
0.0157699
0.297777
0.156611
0.0897882
0.0552728
0.0364214
0.0259141
0.0201809
0.017217
0.0157759
0.0151117
0.0148218
0.0147002
0.0146471
0.0146198
0.0146027
0.0145903
0.0145807
0.0145731
0.014567
0.0145621
0.0145582
0.0145551
0.0145525
0.0145505
0.0145488
0.0145475
0.0145465
0.0145457
0.0145452
0.0145448
0.0145446
0.0145446
0.0145448
0.0145451
0.0145456
0.0145464
0.0145473
0.0145485
0.0145501
0.014552
0.0145543
0.0145572
0.0145607
0.014565
0.0145704
0.014577
0.0145853
0.0145958
0.0146091
0.0146259
0.0146479
0.014676
0.0147142
0.0147629
0.0148337
0.0149201
0.0150637
0.0152152
0.0155234
0.0157673
0.297797
0.156804
0.0900572
0.0555369
0.0366478
0.0260904
0.0203015
0.0172884
0.0158142
0.0151309
0.0148309
0.0147044
0.014649
0.0146208
0.0146032
0.0145905
0.0145808
0.0145731
0.014567
0.0145621
0.0145582
0.014555
0.0145525
0.0145504
0.0145488
0.0145475
0.0145465
0.0145457
0.0145451
0.0145448
0.0145446
0.0145446
0.0145447
0.0145451
0.0145456
0.0145463
0.0145473
0.0145485
0.01455
0.0145519
0.0145543
0.0145571
0.0145606
0.014565
0.0145704
0.014577
0.0145853
0.0145958
0.0146091
0.014626
0.0146479
0.0146761
0.0147143
0.014763
0.014834
0.0149204
0.0150639
0.0152152
0.015522
0.0157646
0.297814
0.156979
0.0903036
0.0557819
0.0368609
0.0262589
0.0204187
0.017359
0.0158523
0.0151501
0.0148401
0.0147086
0.0146509
0.0146217
0.0146037
0.0145908
0.014581
0.0145732
0.0145671
0.0145622
0.0145582
0.014555
0.0145525
0.0145504
0.0145488
0.0145475
0.0145464
0.0145457
0.0145451
0.0145447
0.0145446
0.0145445
0.0145447
0.014545
0.0145456
0.0145463
0.0145473
0.0145485
0.01455
0.0145519
0.0145542
0.0145571
0.0145606
0.014565
0.0145703
0.014577
0.0145853
0.0145958
0.0146091
0.014626
0.014648
0.0146762
0.0147145
0.0147632
0.0148342
0.0149207
0.0150641
0.0152151
0.0155207
0.0157619
0.297828
0.157138
0.0905297
0.0560095
0.0370616
0.0264201
0.0205327
0.0174287
0.0158904
0.0151694
0.0148493
0.0147128
0.0146529
0.0146227
0.0146041
0.014591
0.0145811
0.0145733
0.0145671
0.0145622
0.0145582
0.014555
0.0145524
0.0145504
0.0145487
0.0145474
0.0145464
0.0145456
0.0145451
0.0145447
0.0145445
0.0145445
0.0145447
0.014545
0.0145455
0.0145463
0.0145472
0.0145484
0.01455
0.0145519
0.0145542
0.0145571
0.0145606
0.0145649
0.0145703
0.014577
0.0145853
0.0145958
0.0146091
0.014626
0.0146481
0.0146763
0.0147146
0.0147634
0.0148344
0.0149209
0.0150643
0.015215
0.0155194
0.0157593
0.297838
0.157283
0.0907377
0.0562215
0.0372511
0.0265744
0.0206434
0.0174974
0.0159283
0.0151887
0.0148585
0.0147171
0.0146549
0.0146236
0.0146046
0.0145913
0.0145812
0.0145734
0.0145671
0.0145622
0.0145582
0.014555
0.0145524
0.0145504
0.0145487
0.0145474
0.0145464
0.0145456
0.014545
0.0145447
0.0145445
0.0145445
0.0145446
0.014545
0.0145455
0.0145462
0.0145472
0.0145484
0.0145499
0.0145518
0.0145542
0.014557
0.0145606
0.0145649
0.0145703
0.014577
0.0145853
0.0145958
0.0146091
0.0146261
0.0146481
0.0146764
0.0147147
0.0147635
0.0148346
0.0149211
0.0150644
0.0152149
0.0155181
0.0157568
0.297846
0.157415
0.0909295
0.0564195
0.0374303
0.0267222
0.0207511
0.0175652
0.015966
0.015208
0.0148678
0.0147214
0.0146569
0.0146246
0.0146051
0.0145916
0.0145814
0.0145734
0.0145672
0.0145622
0.0145582
0.014555
0.0145524
0.0145503
0.0145487
0.0145474
0.0145463
0.0145456
0.014545
0.0145446
0.0145445
0.0145444
0.0145446
0.0145449
0.0145455
0.0145462
0.0145472
0.0145484
0.0145499
0.0145518
0.0145542
0.014557
0.0145606
0.0145649
0.0145703
0.014577
0.0145853
0.0145958
0.0146092
0.0146261
0.0146482
0.0146765
0.0147148
0.0147637
0.0148348
0.0149213
0.0150646
0.0152148
0.0155169
0.0157544
0.297851
0.157536
0.091107
0.056605
0.0376003
0.026864
0.0208559
0.017632
0.0160036
0.0152273
0.0148771
0.0147258
0.014659
0.0146256
0.0146057
0.0145918
0.0145815
0.0145735
0.0145672
0.0145622
0.0145582
0.014555
0.0145524
0.0145503
0.0145487
0.0145473
0.0145463
0.0145455
0.014545
0.0145446
0.0145444
0.0145444
0.0145446
0.0145449
0.0145454
0.0145462
0.0145471
0.0145484
0.0145499
0.0145518
0.0145541
0.014557
0.0145605
0.0145649
0.0145703
0.014577
0.0145853
0.0145958
0.0146092
0.0146261
0.0146482
0.0146765
0.0147149
0.0147638
0.0148349
0.0149215
0.0150647
0.0152147
0.0155158
0.0157522
0.297855
0.157647
0.091272
0.0567792
0.0377618
0.0270002
0.0209578
0.0176979
0.0160409
0.0152466
0.0148865
0.0147301
0.014661
0.0146266
0.0146062
0.0145921
0.0145817
0.0145736
0.0145672
0.0145622
0.0145582
0.014555
0.0145524
0.0145503
0.0145486
0.0145473
0.0145463
0.0145455
0.014545
0.0145446
0.0145444
0.0145444
0.0145446
0.0145449
0.0145454
0.0145462
0.0145471
0.0145483
0.0145499
0.0145518
0.0145541
0.014557
0.0145605
0.0145649
0.0145703
0.014577
0.0145853
0.0145958
0.0146092
0.0146262
0.0146482
0.0146766
0.014715
0.0147639
0.0148351
0.0149217
0.0150648
0.0152145
0.0155148
0.0157502
0.297857
0.157749
0.0914261
0.0569436
0.0379155
0.0271311
0.0210569
0.0177628
0.0160781
0.015266
0.0148959
0.0147345
0.0146631
0.0146276
0.0146067
0.0145924
0.0145818
0.0145737
0.0145673
0.0145622
0.0145582
0.014555
0.0145524
0.0145503
0.0145486
0.0145473
0.0145463
0.0145455
0.0145449
0.0145446
0.0145444
0.0145444
0.0145445
0.0145449
0.0145454
0.0145461
0.0145471
0.0145483
0.0145498
0.0145517
0.0145541
0.014557
0.0145605
0.0145649
0.0145703
0.0145769
0.0145853
0.0145958
0.0146092
0.0146262
0.0146483
0.0146767
0.0147151
0.014764
0.0148352
0.0149218
0.0150649
0.0152144
0.0155138
0.0157483
0.297858
0.157844
0.0915705
0.0570991
0.0380621
0.0272572
0.0211534
0.0178267
0.016115
0.0152853
0.0149053
0.0147389
0.0146652
0.0146286
0.0146072
0.0145927
0.014582
0.0145737
0.0145673
0.0145622
0.0145582
0.0145549
0.0145524
0.0145503
0.0145486
0.0145473
0.0145463
0.0145455
0.0145449
0.0145445
0.0145444
0.0145443
0.0145445
0.0145448
0.0145454
0.0145461
0.0145471
0.0145483
0.0145498
0.0145517
0.0145541
0.0145569
0.0145605
0.0145648
0.0145702
0.0145769
0.0145853
0.0145958
0.0146092
0.0146262
0.0146483
0.0146767
0.0147151
0.0147641
0.0148353
0.014922
0.0150649
0.0152143
0.0155129
0.0157466
0.297857
0.157933
0.0917065
0.0572468
0.0382024
0.0273787
0.0212474
0.0178897
0.0161518
0.0153046
0.0149147
0.0147434
0.0146673
0.0146297
0.0146077
0.0145929
0.0145821
0.0145738
0.0145674
0.0145623
0.0145582
0.0145549
0.0145523
0.0145503
0.0145486
0.0145473
0.0145462
0.0145455
0.0145449
0.0145445
0.0145443
0.0145443
0.0145445
0.0145448
0.0145454
0.0145461
0.0145471
0.0145483
0.0145498
0.0145517
0.0145541
0.0145569
0.0145605
0.0145648
0.0145702
0.0145769
0.0145853
0.0145958
0.0146092
0.0146262
0.0146483
0.0146767
0.0147152
0.0147642
0.0148354
0.0149221
0.015065
0.0152142
0.0155122
0.0157451
0.297856
0.158017
0.0918354
0.0573877
0.038337
0.0274961
0.021339
0.0179517
0.0161883
0.0153238
0.0149241
0.0147478
0.0146693
0.0146307
0.0146082
0.0145932
0.0145822
0.0145739
0.0145674
0.0145623
0.0145582
0.0145549
0.0145523
0.0145502
0.0145486
0.0145473
0.0145462
0.0145454
0.0145449
0.0145445
0.0145443
0.0145443
0.0145445
0.0145448
0.0145453
0.0145461
0.014547
0.0145483
0.0145498
0.0145517
0.014554
0.0145569
0.0145605
0.0145648
0.0145702
0.0145769
0.0145853
0.0145958
0.0146092
0.0146262
0.0146484
0.0146768
0.0147152
0.0147643
0.0148355
0.0149222
0.015065
0.0152141
0.0155115
0.0157438
0.297854
0.158096
0.0919581
0.0575225
0.0384664
0.0276095
0.0214283
0.0180129
0.0162245
0.015343
0.0149335
0.0147522
0.0146714
0.0146317
0.0146088
0.0145935
0.0145824
0.014574
0.0145674
0.0145623
0.0145582
0.0145549
0.0145523
0.0145502
0.0145486
0.0145472
0.0145462
0.0145454
0.0145449
0.0145445
0.0145443
0.0145443
0.0145445
0.0145448
0.0145453
0.0145461
0.014547
0.0145482
0.0145498
0.0145517
0.014554
0.0145569
0.0145605
0.0145648
0.0145702
0.0145769
0.0145853
0.0145958
0.0146092
0.0146262
0.0146484
0.0146768
0.0147153
0.0147643
0.0148355
0.0149222
0.015065
0.015214
0.0155109
0.0157426
0.297852
0.158171
0.0920754
0.057652
0.0385911
0.0277195
0.0215155
0.0180732
0.0162606
0.0153621
0.0149429
0.0147567
0.0146735
0.0146327
0.0146093
0.0145938
0.0145825
0.0145741
0.0145675
0.0145623
0.0145582
0.0145549
0.0145523
0.0145502
0.0145486
0.0145472
0.0145462
0.0145454
0.0145449
0.0145445
0.0145443
0.0145443
0.0145445
0.0145448
0.0145453
0.014546
0.014547
0.0145482
0.0145498
0.0145517
0.014554
0.0145569
0.0145604
0.0145648
0.0145702
0.0145769
0.0145853
0.0145958
0.0146092
0.0146262
0.0146484
0.0146768
0.0147153
0.0147644
0.0148356
0.0149223
0.0150651
0.0152139
0.0155104
0.0157417
0.297849
0.158242
0.0921883
0.057777
0.0387118
0.0278262
0.0216008
0.0181326
0.0162963
0.0153812
0.0149523
0.0147611
0.0146756
0.0146337
0.0146098
0.014594
0.0145827
0.0145741
0.0145675
0.0145623
0.0145582
0.0145549
0.0145523
0.0145502
0.0145485
0.0145472
0.0145462
0.0145454
0.0145448
0.0145445
0.0145443
0.0145443
0.0145444
0.0145448
0.0145453
0.014546
0.014547
0.0145482
0.0145498
0.0145517
0.014554
0.0145569
0.0145604
0.0145648
0.0145702
0.0145769
0.0145853
0.0145958
0.0146092
0.0146263
0.0146484
0.0146769
0.0147153
0.0147644
0.0148356
0.0149224
0.0150651
0.0152139
0.01551
0.0157409
0.297846
0.158312
0.0922974
0.057898
0.0388288
0.0279299
0.0216842
0.0181913
0.0163319
0.0154003
0.0149617
0.0147655
0.0146777
0.0146348
0.0146103
0.0145943
0.0145828
0.0145742
0.0145676
0.0145624
0.0145582
0.0145549
0.0145523
0.0145502
0.0145485
0.0145472
0.0145462
0.0145454
0.0145448
0.0145445
0.0145443
0.0145443
0.0145444
0.0145448
0.0145453
0.014546
0.014547
0.0145482
0.0145498
0.0145517
0.014554
0.0145569
0.0145604
0.0145648
0.0145702
0.0145769
0.0145853
0.0145958
0.0146092
0.0146263
0.0146484
0.0146769
0.0147153
0.0147645
0.0148357
0.0149224
0.0150651
0.0152138
0.0155097
0.0157403
0.297843
0.158379
0.0924035
0.0580156
0.0389426
0.028031
0.0217659
0.0182492
0.0163672
0.0154192
0.0149711
0.0147699
0.0146798
0.0146358
0.0146108
0.0145946
0.014583
0.0145743
0.0145676
0.0145624
0.0145582
0.0145549
0.0145523
0.0145502
0.0145485
0.0145472
0.0145462
0.0145454
0.0145448
0.0145445
0.0145443
0.0145443
0.0145444
0.0145448
0.0145453
0.014546
0.014547
0.0145482
0.0145498
0.0145517
0.014554
0.0145569
0.0145604
0.0145648
0.0145702
0.0145769
0.0145853
0.0145958
0.0146092
0.0146263
0.0146484
0.0146769
0.0147154
0.0147645
0.0148357
0.0149224
0.0150651
0.0152138
0.0155095
0.0157399
0.29784
0.158445
0.0925071
0.0581305
0.0390536
0.0281298
0.0218461
0.0183065
0.0164024
0.0154382
0.0149804
0.0147743
0.0146819
0.0146368
0.0146113
0.0145948
0.0145831
0.0145744
0.0145677
0.0145624
0.0145583
0.014555
0.0145523
0.0145502
0.0145485
0.0145472
0.0145462
0.0145454
0.0145448
0.0145445
0.0145443
0.0145443
0.0145444
0.0145448
0.0145453
0.014546
0.014547
0.0145482
0.0145498
0.0145517
0.014554
0.0145569
0.0145604
0.0145648
0.0145702
0.0145769
0.0145853
0.0145958
0.0146092
0.0146263
0.0146484
0.0146769
0.0147154
0.0147645
0.0148357
0.0149224
0.0150651
0.0152138
0.0155094
0.0157397
0.297837
0.158509
0.0926088
0.058243
0.0391622
0.0282264
0.021925
0.0183632
0.0164374
0.015457
0.0149897
0.0147787
0.0146839
0.0146378
0.0146118
0.0145951
0.0145833
0.0145745
0.0145677
0.0145624
0.0145583
0.014555
0.0145523
0.0145502
0.0145485
0.0145472
0.0145462
0.0145454
0.0145448
0.0145445
0.0145443
0.0145443
0.0145444
0.0145448
0.0145453
0.014546
0.014547
0.0145482
0.0145498
0.0145517
0.014554
0.0145569
0.0145604
0.0145648
0.0145702
0.0145769
0.0145853
0.0145958
0.0146092
0.0146263
0.0146484
0.0146769
0.0147154
0.0147645
0.0148357
0.0149224
0.0150651
0.0152138
0.0155094
0.0157397
0.297833
0.158573
0.0927092
0.0583538
0.0392688
0.0283213
0.0220027
0.0184194
0.0164722
0.0154758
0.0149989
0.0147831
0.014686
0.0146388
0.0146123
0.0145954
0.0145834
0.0145745
0.0145678
0.0145625
0.0145583
0.014555
0.0145523
0.0145502
0.0145485
0.0145472
0.0145462
0.0145454
0.0145448
0.0145445
0.0145443
0.0145443
0.0145444
0.0145448
0.0145453
0.014546
0.014547
0.0145482
0.0145498
0.0145517
0.014554
0.0145569
0.0145604
0.0145648
0.0145702
0.0145769
0.0145853
0.0145958
0.0146092
0.0146263
0.0146484
0.0146769
0.0147154
0.0147645
0.0148357
0.0149224
0.0150651
0.0152138
0.0155095
0.0157399
0.29783
0.158637
0.0928088
0.0584632
0.0393739
0.0284147
0.0220793
0.0184752
0.0165069
0.0154946
0.0150081
0.0147874
0.014688
0.0146397
0.0146128
0.0145956
0.0145836
0.0145746
0.0145678
0.0145625
0.0145583
0.014555
0.0145523
0.0145502
0.0145485
0.0145472
0.0145462
0.0145454
0.0145448
0.0145445
0.0145443
0.0145443
0.0145444
0.0145448
0.0145453
0.014546
0.014547
0.0145482
0.0145498
0.0145517
0.014554
0.0145569
0.0145604
0.0145648
0.0145702
0.0145769
0.0145853
0.0145958
0.0146092
0.0146263
0.0146484
0.0146769
0.0147153
0.0147645
0.0148357
0.0149224
0.0150651
0.0152138
0.0155097
0.0157403
0.297828
0.158701
0.0929081
0.0585718
0.0394777
0.0285068
0.0221551
0.0185306
0.0165416
0.0155133
0.0150173
0.0147916
0.01469
0.0146407
0.0146133
0.0145959
0.0145837
0.0145747
0.0145678
0.0145625
0.0145583
0.014555
0.0145524
0.0145502
0.0145486
0.0145472
0.0145462
0.0145454
0.0145448
0.0145445
0.0145443
0.0145443
0.0145444
0.0145448
0.0145453
0.014546
0.014547
0.0145482
0.0145498
0.0145517
0.014554
0.0145569
0.0145604
0.0145648
0.0145702
0.0145769
0.0145853
0.0145958
0.0146092
0.0146263
0.0146484
0.0146769
0.0147153
0.0147644
0.0148356
0.0149224
0.0150651
0.0152139
0.01551
0.0157409
0.297825
0.158766
0.0930075
0.0586799
0.0395807
0.028598
0.0222303
0.0185858
0.0165762
0.015532
0.0150264
0.0147959
0.0146919
0.0146416
0.0146138
0.0145961
0.0145838
0.0145748
0.0145679
0.0145625
0.0145583
0.014555
0.0145524
0.0145502
0.0145486
0.0145472
0.0145462
0.0145454
0.0145448
0.0145445
0.0145443
0.0145443
0.0145444
0.0145448
0.0145453
0.014546
0.014547
0.0145482
0.0145498
0.0145517
0.014554
0.0145569
0.0145604
0.0145648
0.0145702
0.0145769
0.0145853
0.0145958
0.0146092
0.0146263
0.0146484
0.0146768
0.0147153
0.0147644
0.0148356
0.0149223
0.0150651
0.015214
0.0155104
0.0157416
0.297822
0.158831
0.0931075
0.0587881
0.0396833
0.0286886
0.022305
0.0186408
0.0166108
0.0155507
0.0150355
0.0148001
0.0146939
0.0146426
0.0146143
0.0145964
0.014584
0.0145749
0.0145679
0.0145626
0.0145584
0.014555
0.0145524
0.0145503
0.0145486
0.0145472
0.0145462
0.0145454
0.0145449
0.0145445
0.0145443
0.0145443
0.0145445
0.0145448
0.0145453
0.0145461
0.014547
0.0145482
0.0145498
0.0145517
0.014554
0.0145569
0.0145605
0.0145648
0.0145702
0.0145769
0.0145853
0.0145958
0.0146092
0.0146262
0.0146484
0.0146768
0.0147153
0.0147644
0.0148355
0.0149223
0.0150651
0.015214
0.0155109
0.0157426
0.29782
0.158898
0.0932085
0.0588967
0.0397857
0.0287788
0.0223795
0.0186958
0.0166454
0.0155693
0.0150445
0.0148042
0.0146958
0.0146435
0.0146147
0.0145966
0.0145841
0.0145749
0.014568
0.0145626
0.0145584
0.014555
0.0145524
0.0145503
0.0145486
0.0145473
0.0145462
0.0145454
0.0145449
0.0145445
0.0145443
0.0145443
0.0145445
0.0145448
0.0145453
0.0145461
0.014547
0.0145483
0.0145498
0.0145517
0.014554
0.0145569
0.0145605
0.0145648
0.0145702
0.0145769
0.0145853
0.0145958
0.0146092
0.0146262
0.0146484
0.0146768
0.0147152
0.0147643
0.0148355
0.0149222
0.015065
0.0152141
0.0155115
0.0157437
0.297818
0.158967
0.0933111
0.0590061
0.0398885
0.028869
0.0224539
0.0187509
0.0166801
0.015588
0.0150535
0.0148083
0.0146977
0.0146444
0.0146152
0.0145969
0.0145842
0.014575
0.014568
0.0145626
0.0145584
0.0145551
0.0145524
0.0145503
0.0145486
0.0145473
0.0145462
0.0145455
0.0145449
0.0145445
0.0145443
0.0145443
0.0145445
0.0145448
0.0145454
0.0145461
0.0145471
0.0145483
0.0145498
0.0145517
0.0145541
0.0145569
0.0145605
0.0145648
0.0145702
0.0145769
0.0145853
0.0145958
0.0146092
0.0146262
0.0146484
0.0146768
0.0147152
0.0147642
0.0148354
0.0149221
0.015065
0.0152142
0.0155122
0.0157451
0.297817
0.159037
0.0934156
0.059117
0.0399919
0.0289594
0.0225284
0.0188061
0.0167149
0.0156066
0.0150624
0.0148124
0.0146995
0.0146452
0.0146156
0.0145971
0.0145844
0.0145751
0.0145681
0.0145627
0.0145584
0.0145551
0.0145524
0.0145503
0.0145486
0.0145473
0.0145463
0.0145455
0.0145449
0.0145445
0.0145444
0.0145443
0.0145445
0.0145448
0.0145454
0.0145461
0.0145471
0.0145483
0.0145498
0.0145517
0.0145541
0.0145569
0.0145605
0.0145649
0.0145702
0.0145769
0.0145853
0.0145958
0.0146092
0.0146262
0.0146483
0.0146767
0.0147151
0.0147642
0.0148353
0.014922
0.015065
0.0152144
0.015513
0.0157466
0.297815
0.15911
0.0935226
0.0592295
0.0400964
0.0290504
0.0226033
0.0188617
0.01675
0.0156253
0.0150713
0.0148164
0.0147013
0.0146461
0.014616
0.0145973
0.0145845
0.0145752
0.0145681
0.0145627
0.0145585
0.0145551
0.0145525
0.0145503
0.0145486
0.0145473
0.0145463
0.0145455
0.0145449
0.0145446
0.0145444
0.0145444
0.0145445
0.0145449
0.0145454
0.0145461
0.0145471
0.0145483
0.0145498
0.0145517
0.0145541
0.014557
0.0145605
0.0145649
0.0145703
0.014577
0.0145853
0.0145958
0.0146092
0.0146262
0.0146483
0.0146767
0.0147151
0.0147641
0.0148352
0.0149219
0.0150649
0.0152145
0.0155139
0.0157483
0.297814
0.159186
0.0936325
0.0593444
0.0402023
0.0291423
0.0226788
0.0189177
0.0167852
0.0156441
0.0150801
0.0148203
0.0147031
0.0146469
0.0146164
0.0145975
0.0145846
0.0145752
0.0145682
0.0145627
0.0145585
0.0145551
0.0145525
0.0145504
0.0145487
0.0145473
0.0145463
0.0145455
0.014545
0.0145446
0.0145444
0.0145444
0.0145446
0.0145449
0.0145454
0.0145461
0.0145471
0.0145483
0.0145499
0.0145518
0.0145541
0.014557
0.0145605
0.0145649
0.0145703
0.014577
0.0145853
0.0145958
0.0146092
0.0146262
0.0146483
0.0146766
0.014715
0.014764
0.0148351
0.0149217
0.0150648
0.0152146
0.0155148
0.0157502
0.297814
0.159264
0.0937458
0.0594619
0.0403102
0.0292354
0.0227551
0.0189742
0.0168207
0.0156628
0.0150889
0.0148242
0.0147048
0.0146477
0.0146168
0.0145978
0.0145847
0.0145753
0.0145682
0.0145628
0.0145585
0.0145552
0.0145525
0.0145504
0.0145487
0.0145474
0.0145463
0.0145455
0.014545
0.0145446
0.0145444
0.0145444
0.0145446
0.0145449
0.0145454
0.0145462
0.0145471
0.0145484
0.0145499
0.0145518
0.0145541
0.014557
0.0145605
0.0145649
0.0145703
0.014577
0.0145853
0.0145958
0.0146092
0.0146261
0.0146482
0.0146766
0.0147149
0.0147638
0.0148349
0.0149216
0.0150647
0.0152147
0.0155159
0.0157522
0.297813
0.159347
0.0938629
0.0595826
0.0404203
0.02933
0.0228324
0.0190314
0.0168566
0.0156817
0.0150976
0.014828
0.0147065
0.0146485
0.0146172
0.014598
0.0145849
0.0145754
0.0145683
0.0145628
0.0145586
0.0145552
0.0145525
0.0145504
0.0145487
0.0145474
0.0145464
0.0145456
0.014545
0.0145446
0.0145445
0.0145444
0.0145446
0.0145449
0.0145455
0.0145462
0.0145472
0.0145484
0.0145499
0.0145518
0.0145542
0.014557
0.0145606
0.0145649
0.0145703
0.014577
0.0145853
0.0145958
0.0146092
0.0146261
0.0146482
0.0146765
0.0147148
0.0147637
0.0148348
0.0149214
0.0150646
0.0152149
0.015517
0.0157544
0.297813
0.159433
0.0939845
0.059707
0.0405332
0.0294264
0.0229108
0.0190893
0.0168928
0.0157006
0.0151062
0.0148318
0.0147081
0.0146493
0.0146176
0.0145982
0.014585
0.0145755
0.0145683
0.0145629
0.0145586
0.0145552
0.0145526
0.0145504
0.0145487
0.0145474
0.0145464
0.0145456
0.014545
0.0145447
0.0145445
0.0145445
0.0145446
0.014545
0.0145455
0.0145462
0.0145472
0.0145484
0.0145499
0.0145518
0.0145542
0.014557
0.0145606
0.0145649
0.0145703
0.014577
0.0145853
0.0145958
0.0146091
0.0146261
0.0146481
0.0146764
0.0147147
0.0147636
0.0148346
0.0149212
0.0150645
0.015215
0.0155182
0.0157568
0.297814
0.159525
0.0941111
0.0598355
0.0406492
0.0295251
0.0229907
0.0191479
0.0169293
0.0157195
0.0151148
0.0148354
0.0147097
0.01465
0.014618
0.0145984
0.0145851
0.0145755
0.0145684
0.0145629
0.0145586
0.0145553
0.0145526
0.0145505
0.0145488
0.0145474
0.0145464
0.0145456
0.0145451
0.0145447
0.0145445
0.0145445
0.0145447
0.014545
0.0145455
0.0145463
0.0145472
0.0145484
0.01455
0.0145519
0.0145542
0.0145571
0.0145606
0.0145649
0.0145703
0.014577
0.0145853
0.0145958
0.0146091
0.0146261
0.0146481
0.0146763
0.0147146
0.0147634
0.0148344
0.014921
0.0150644
0.0152151
0.0155195
0.0157593
0.297815
0.159621
0.0942431
0.0599688
0.0407689
0.0296261
0.023072
0.0192075
0.0169661
0.0157384
0.0151233
0.014839
0.0147112
0.0146507
0.0146183
0.0145985
0.0145852
0.0145756
0.0145684
0.0145629
0.0145587
0.0145553
0.0145526
0.0145505
0.0145488
0.0145475
0.0145464
0.0145457
0.0145451
0.0145447
0.0145445
0.0145445
0.0145447
0.014545
0.0145456
0.0145463
0.0145473
0.0145485
0.01455
0.0145519
0.0145542
0.0145571
0.0145606
0.014565
0.0145703
0.014577
0.0145853
0.0145958
0.0146091
0.014626
0.014648
0.0146762
0.0147145
0.0147633
0.0148342
0.0149207
0.0150642
0.0152152
0.0155208
0.0157619
0.297817
0.159722
0.0943813
0.0601073
0.0408925
0.0297298
0.0231549
0.0192678
0.0170033
0.0157574
0.0151317
0.0148425
0.0147127
0.0146513
0.0146186
0.0145987
0.0145853
0.0145757
0.0145685
0.014563
0.0145587
0.0145553
0.0145527
0.0145505
0.0145488
0.0145475
0.0145465
0.0145457
0.0145451
0.0145448
0.0145446
0.0145446
0.0145447
0.0145451
0.0145456
0.0145463
0.0145473
0.0145485
0.01455
0.0145519
0.0145543
0.0145571
0.0145607
0.014565
0.0145704
0.014577
0.0145853
0.0145958
0.0146091
0.014626
0.014648
0.0146762
0.0147144
0.0147631
0.014834
0.0149205
0.015064
0.0152153
0.0155221
0.0157645
0.29782
0.15983
0.0945261
0.0602514
0.0410204
0.0298363
0.0232394
0.0193288
0.0170405
0.0157762
0.0151399
0.0148459
0.0147141
0.014652
0.0146189
0.0145989
0.0145854
0.0145757
0.0145685
0.014563
0.0145587
0.0145554
0.0145527
0.0145506
0.0145489
0.0145476
0.0145465
0.0145457
0.0145452
0.0145448
0.0145446
0.0145446
0.0145448
0.0145451
0.0145456
0.0145464
0.0145473
0.0145485
0.0145501
0.014552
0.0145543
0.0145572
0.0145607
0.014565
0.0145704
0.014577
0.0145854
0.0145958
0.0146091
0.0146259
0.0146479
0.0146761
0.0147142
0.0147629
0.0148338
0.0149202
0.0150638
0.0152153
0.0155235
0.0157673
0.297823
0.159944
0.0946781
0.0604017
0.0411527
0.0299455
0.0233251
0.0193901
0.0170778
0.0157948
0.0151479
0.0148491
0.0147154
0.0146525
0.0146192
0.014599
0.0145855
0.0145758
0.0145686
0.0145631
0.0145588
0.0145554
0.0145527
0.0145506
0.0145489
0.0145476
0.0145466
0.0145458
0.0145452
0.0145448
0.0145447
0.0145447
0.0145448
0.0145452
0.0145457
0.0145464
0.0145474
0.0145486
0.0145501
0.014552
0.0145543
0.0145572
0.0145607
0.014565
0.0145704
0.014577
0.0145854
0.0145958
0.014609
0.0146259
0.0146478
0.014676
0.0147141
0.0147627
0.0148335
0.0149199
0.0150635
0.0152153
0.0155248
0.0157699
0.297827
0.160065
0.0948377
0.0605584
0.0412895
0.0300572
0.0234117
0.0194515
0.0171146
0.015813
0.0151556
0.0148521
0.0147167
0.0146531
0.0146195
0.0145992
0.0145856
0.0145759
0.0145686
0.0145631
0.0145588
0.0145555
0.0145528
0.0145507
0.014549
0.0145476
0.0145466
0.0145458
0.0145453
0.0145449
0.0145447
0.0145447
0.0145449
0.0145452
0.0145457
0.0145464
0.0145474
0.0145486
0.0145502
0.014552
0.0145544
0.0145572
0.0145607
0.0145651
0.0145704
0.0145771
0.0145854
0.0145958
0.014609
0.0146258
0.0146478
0.0146758
0.0147139
0.0147625
0.0148332
0.0149195
0.0150631
0.0152152
0.015526
0.0157725
0.297832
0.160194
0.0950054
0.0607215
0.0414304
0.0301707
0.0234984
0.0195121
0.0171507
0.0158306
0.015163
0.014855
0.0147178
0.0146536
0.0146197
0.0145993
0.0145857
0.0145759
0.0145687
0.0145632
0.0145589
0.0145555
0.0145528
0.0145507
0.014549
0.0145477
0.0145466
0.0145459
0.0145453
0.0145449
0.0145447
0.0145447
0.0145449
0.0145452
0.0145458
0.0145465
0.0145474
0.0145487
0.0145502
0.0145521
0.0145544
0.0145573
0.0145608
0.0145651
0.0145704
0.0145771
0.0145854
0.0145958
0.014609
0.0146258
0.0146477
0.0146757
0.0147138
0.0147622
0.0148329
0.0149191
0.0150627
0.0152149
0.015527
0.015775
0.297838
0.160331
0.0951813
0.0608909
0.0415748
0.0302849
0.023584
0.0195711
0.0171852
0.0158472
0.0151698
0.0148576
0.0147188
0.014654
0.0146199
0.0145994
0.0145858
0.014576
0.0145688
0.0145632
0.0145589
0.0145555
0.0145529
0.0145507
0.0145491
0.0145477
0.0145467
0.0145459
0.0145453
0.014545
0.0145448
0.0145448
0.0145449
0.0145453
0.0145458
0.0145465
0.0145475
0.0145487
0.0145502
0.0145521
0.0145544
0.0145573
0.0145608
0.0145651
0.0145705
0.0145771
0.0145854
0.0145958
0.014609
0.0146257
0.0146476
0.0146756
0.0147136
0.014762
0.0148326
0.0149186
0.0150621
0.0152145
0.0155279
0.0157774
0.297845
0.160477
0.0953652
0.0610658
0.0417212
0.0303983
0.023667
0.0196271
0.0172175
0.0158623
0.0151758
0.0148598
0.0147196
0.0146544
0.0146201
0.0145996
0.0145858
0.0145761
0.0145688
0.0145633
0.014559
0.0145556
0.0145529
0.0145508
0.0145491
0.0145478
0.0145467
0.014546
0.0145454
0.014545
0.0145448
0.0145448
0.014545
0.0145453
0.0145459
0.0145466
0.0145475
0.0145488
0.0145503
0.0145522
0.0145545
0.0145573
0.0145608
0.0145651
0.0145705
0.0145771
0.0145854
0.0145957
0.0146089
0.0146257
0.0146475
0.0146755
0.0147134
0.0147616
0.0148321
0.014918
0.0150613
0.0152138
0.0155286
0.0157799
0.297853
0.16063
0.0955565
0.0612449
0.0418674
0.0305082
0.023745
0.0196783
0.0172463
0.0158755
0.0151807
0.0148615
0.0147203
0.0146547
0.0146203
0.0145997
0.0145859
0.0145761
0.0145688
0.0145633
0.014559
0.0145556
0.014553
0.0145508
0.0145491
0.0145478
0.0145468
0.014546
0.0145454
0.0145451
0.0145449
0.0145449
0.014545
0.0145454
0.0145459
0.0145466
0.0145476
0.0145488
0.0145503
0.0145522
0.0145545
0.0145574
0.0145609
0.0145652
0.0145705
0.0145771
0.0145854
0.0145957
0.0146089
0.0146256
0.0146474
0.0146753
0.0147131
0.0147613
0.0148316
0.0149172
0.0150604
0.015213
0.0155294
0.0157828
0.297861
0.160792
0.0957535
0.0614254
0.04201
0.0306112
0.0238152
0.0197229
0.0172704
0.0158858
0.0151843
0.0148625
0.0147206
0.0146548
0.0146204
0.0145997
0.014586
0.0145762
0.0145689
0.0145634
0.0145591
0.0145557
0.014553
0.0145509
0.0145492
0.0145479
0.0145468
0.0145461
0.0145455
0.0145451
0.0145449
0.0145449
0.0145451
0.0145454
0.014546
0.0145467
0.0145476
0.0145489
0.0145504
0.0145523
0.0145546
0.0145574
0.0145609
0.0145652
0.0145705
0.0145771
0.0145854
0.0145957
0.0146089
0.0146255
0.0146473
0.0146751
0.0147129
0.0147608
0.014831
0.0149163
0.0150593
0.0152122
0.0155306
0.0157872
0.29787
0.16096
0.0959539
0.0616024
0.0421441
0.0307033
0.0238745
0.0197584
0.0172882
0.0158925
0.015186
0.0148627
0.0147206
0.0146548
0.0146204
0.0145998
0.014586
0.0145762
0.0145689
0.0145634
0.0145591
0.0145557
0.0145531
0.0145509
0.0145492
0.0145479
0.0145469
0.0145461
0.0145456
0.0145452
0.014545
0.014545
0.0145452
0.0145455
0.014546
0.0145467
0.0145477
0.0145489
0.0145504
0.0145523
0.0145546
0.0145575
0.0145609
0.0145652
0.0145706
0.0145771
0.0145854
0.0145957
0.0146088
0.0146255
0.0146471
0.0146749
0.0147125
0.0147603
0.0148303
0.0149153
0.0150583
0.015212
0.0155333
0.0157948
0.297877
0.161132
0.0961541
0.0617705
0.0422642
0.0307796
0.0239195
0.0197825
0.0172983
0.0158946
0.0151853
0.0148618
0.01472
0.0146546
0.0146203
0.0145998
0.014586
0.0145762
0.014569
0.0145634
0.0145591
0.0145558
0.0145531
0.014551
0.0145493
0.014548
0.0145469
0.0145462
0.0145456
0.0145452
0.0145451
0.014545
0.0145452
0.0145455
0.0145461
0.0145468
0.0145477
0.014549
0.0145505
0.0145524
0.0145547
0.0145575
0.014561
0.0145653
0.0145706
0.0145771
0.0145854
0.0145957
0.0146087
0.0146254
0.014647
0.0146746
0.0147121
0.0147597
0.0148295
0.0149145
0.0150578
0.0152133
0.0155396
0.0158088
0.297882
0.161307
0.096348
0.0619233
0.0423643
0.0308362
0.0239477
0.0197938
0.0172993
0.0158912
0.0151817
0.0148595
0.0147188
0.014654
0.0146201
0.0145997
0.014586
0.0145762
0.014569
0.0145635
0.0145592
0.0145558
0.0145532
0.014551
0.0145494
0.014548
0.014547
0.0145462
0.0145457
0.0145453
0.0145451
0.0145451
0.0145453
0.0145456
0.0145461
0.0145469
0.0145478
0.014549
0.0145505
0.0145524
0.0145547
0.0145575
0.014561
0.0145653
0.0145706
0.0145772
0.0145854
0.0145956
0.0146087
0.0146252
0.0146468
0.0146743
0.0147117
0.0147592
0.0148289
0.0149143
0.015059
0.0152183
0.015553
0.0158348
0.297883
0.16148
0.0965287
0.0620543
0.0424396
0.0308709
0.0239589
0.0197918
0.0172907
0.0158818
0.0151748
0.0148553
0.0147166
0.0146529
0.0146196
0.0145994
0.0145859
0.0145762
0.014569
0.0145635
0.0145592
0.0145559
0.0145532
0.0145511
0.0145494
0.0145481
0.0145471
0.0145463
0.0145457
0.0145454
0.0145452
0.0145452
0.0145453
0.0145457
0.0145462
0.0145469
0.0145479
0.0145491
0.0145506
0.0145525
0.0145548
0.0145576
0.0145611
0.0145653
0.0145706
0.0145772
0.0145853
0.0145956
0.0146086
0.0146251
0.0146466
0.014674
0.0147114
0.014759
0.0148293
0.014916
0.0150642
0.015231
0.0155801
0.0158819
0.297878
0.161649
0.0966922
0.0621596
0.0424898
0.030887
0.0239571
0.0197792
0.0172734
0.0158664
0.0151643
0.0148492
0.0147134
0.0146513
0.0146188
0.014599
0.0145857
0.0145761
0.014569
0.0145635
0.0145592
0.0145559
0.0145532
0.0145511
0.0145495
0.0145481
0.0145471
0.0145463
0.0145458
0.0145454
0.0145452
0.0145452
0.0145454
0.0145457
0.0145463
0.014547
0.0145479
0.0145491
0.0145506
0.0145525
0.0145548
0.0145576
0.0145611
0.0145654
0.0145706
0.0145772
0.0145853
0.0145956
0.0146086
0.014625
0.0146465
0.0146741
0.0147117
0.01476
0.014832
0.0149223
0.0150776
0.0152581
0.0156317
0.0159651
0.297869
0.161813
0.0968395
0.0622433
0.0425243
0.0308969
0.0239534
0.0197631
0.0172508
0.0158463
0.0151507
0.0148413
0.0147091
0.014649
0.0146175
0.0145983
0.0145853
0.0145759
0.0145689
0.0145635
0.0145593
0.0145559
0.0145533
0.0145512
0.0145495
0.0145482
0.0145472
0.0145464
0.0145459
0.0145455
0.0145453
0.0145453
0.0145455
0.0145458
0.0145463
0.0145471
0.014548
0.0145492
0.0145507
0.0145526
0.0145549
0.0145577
0.0145612
0.0145655
0.0145707
0.0145773
0.0145854
0.0145957
0.0146087
0.0146253
0.0146471
0.0146752
0.0147139
0.0147643
0.0148403
0.0149381
0.0151072
0.0153117
0.0157253
0.0161073
0.297864
0.161986
0.0969851
0.0623255
0.0425697
0.0309284
0.0239696
0.019757
0.0172302
0.0158254
0.0151359
0.0148324
0.0147041
0.0146463
0.014616
0.0145975
0.0145849
0.0145757
0.0145688
0.0145634
0.0145593
0.014556
0.0145534
0.0145513
0.0145496
0.0145483
0.0145473
0.0145465
0.014546
0.0145456
0.0145454
0.0145454
0.0145456
0.0145459
0.0145464
0.0145472
0.0145481
0.0145493
0.0145508
0.0145527
0.014555
0.0145579
0.0145614
0.0145657
0.014571
0.0145776
0.0145859
0.0145963
0.0146097
0.0146268
0.0146494
0.0146791
0.0147205
0.0147758
0.0148602
0.0149726
0.0151666
0.0154112
0.0158886
0.0163442
0.29789
0.162209
0.0971709
0.0624551
0.0426802
0.031031
0.0240423
0.0197837
0.0172247
0.015811
0.0151243
0.0148254
0.0147002
0.0146441
0.0146148
0.0145969
0.0145846
0.0145756
0.0145688
0.0145636
0.0145594
0.0145562
0.0145536
0.0145515
0.0145498
0.0145485
0.0145475
0.0145467
0.0145461
0.0145458
0.0145456
0.0145456
0.0145458
0.0145461
0.0145466
0.0145474
0.0145484
0.0145496
0.0145511
0.0145531
0.0145554
0.0145583
0.0145619
0.0145663
0.0145718
0.0145787
0.0145874
0.0145984
0.0146127
0.0146312
0.0146562
0.0146896
0.0147372
0.0148025
0.0149033
0.0150422
0.0152785
0.0155878
0.0161645
0.0167296
0.298017
0.162571
0.0974874
0.0627274
0.0429492
0.031282
0.0242254
0.0198772
0.0172556
0.015817
0.0151251
0.0148261
0.0147012
0.0146453
0.014616
0.014598
0.0145856
0.0145766
0.0145697
0.0145644
0.0145602
0.0145569
0.0145542
0.0145521
0.0145504
0.014549
0.014548
0.0145472
0.0145466
0.0145463
0.0145461
0.0145461
0.0145463
0.0145466
0.0145472
0.014548
0.014549
0.0145503
0.014552
0.014554
0.0145565
0.0145596
0.0145635
0.0145683
0.0145743
0.014582
0.0145917
0.0146043
0.0146209
0.014643
0.0146732
0.0147147
0.0147748
0.0148594
0.01499
0.0151743
0.0154802
0.0158905
0.0166181
0.0173439
0.298395
0.163254
0.0981063
0.0633049
0.0435197
0.03179
0.0245917
0.0200847
0.0173551
0.0158667
0.0151549
0.0148467
0.0147161
0.0146562
0.0146242
0.0146043
0.0145907
0.0145807
0.0145732
0.0145674
0.0145628
0.0145592
0.0145563
0.0145539
0.0145521
0.0145506
0.0145495
0.0145486
0.014548
0.0145476
0.0145474
0.0145475
0.0145477
0.0145481
0.0145488
0.0145497
0.0145509
0.0145524
0.0145543
0.0145567
0.0145596
0.0145633
0.014568
0.0145738
0.0145813
0.0145908
0.0146032
0.0146196
0.0146415
0.0146711
0.0147125
0.0147701
0.014854
0.0149733
0.0151553
0.0154144
0.0158303
0.0163944
0.0173466
0.0183067
0.299334
0.164599
0.0993241
0.064439
0.0445888
0.032693
0.0252314
0.020469
0.0175713
0.0159969
0.0152428
0.0149098
0.0147623
0.0146906
0.0146502
0.0146245
0.0146067
0.0145938
0.014584
0.0145766
0.0145707
0.0145661
0.0145624
0.0145595
0.0145572
0.0145553
0.0145539
0.0145528
0.0145521
0.0145516
0.0145514
0.0145514
0.0145517
0.0145523
0.0145532
0.0145545
0.0145561
0.0145582
0.0145608
0.0145641
0.0145682
0.0145734
0.01458
0.0145883
0.0145991
0.0146131
0.0146315
0.014656
0.0146891
0.0147343
0.0147972
0.0148851
0.0150115
0.0151909
0.0154578
0.0158359
0.0164206
0.0172142
0.0184957
0.0197973
0.301446
0.167214
0.101618
0.0664848
0.0464019
0.0341473
0.0262471
0.0211084
0.0179681
0.0162643
0.0154371
0.0150555
0.0148729
0.0147753
0.0147162
0.0146769
0.0146491
0.0146287
0.0146134
0.0146016
0.0145924
0.0145851
0.0145794
0.0145748
0.0145712
0.0145684
0.0145662
0.0145646
0.0145634
0.0145627
0.0145624
0.0145625
0.0145631
0.0145641
0.0145656
0.0145677
0.0145704
0.0145738
0.0145782
0.0145836
0.0145905
0.0145993
0.0146103
0.0146244
0.0146426
0.0146662
0.0146973
0.0147384
0.0147936
0.0148683
0.014971
0.0151126
0.015312
0.0155903
0.0159925
0.0165544
0.0173925
0.0185239
0.0202835
0.0220881
0.305887
0.172139
0.105712
0.0699036
0.0492307
0.036309
0.0277494
0.0220911
0.018636
0.0167551
0.0158157
0.015352
0.0151063
0.0149606
0.0148651
0.0147984
0.0147498
0.0147134
0.0146857
0.0146641
0.0146473
0.0146339
0.0146233
0.0146149
0.0146082
0.0146029
0.0145989
0.0145958
0.0145937
0.0145924
0.0145919
0.0145921
0.0145933
0.0145953
0.0145983
0.0146023
0.0146075
0.0146141
0.0146225
0.014633
0.0146461
0.0146625
0.0146833
0.0147096
0.0147431
0.0147862
0.0148421
0.0149151
0.0150115
0.0151397
0.015312
0.0155447
0.0158638
0.0163
0.0169117
0.0177513
0.0189637
0.0205909
0.0230432
0.0256048
0.314814
0.181093
0.112646
0.0752438
0.0533364
0.0393131
0.0298354
0.0235353
0.0197055
0.0176006
0.0165019
0.0159114
0.015563
0.0153355
0.0151761
0.0150594
0.0149716
0.0149042
0.0148517
0.0148104
0.0147775
0.0147513
0.0147302
0.0147133
0.0146998
0.0146892
0.0146809
0.0146747
0.0146704
0.0146678
0.0146668
0.0146674
0.0146698
0.0146741
0.0146803
0.0146887
0.0146994
0.0147131
0.01473
0.0147511
0.0147773
0.0148098
0.0148502
0.0149008
0.0149643
0.0150446
0.0151468
0.0152778
0.015447
0.0156672
0.0159562
0.0163376
0.0168472
0.0175284
0.0184578
0.0197127
0.021475
0.023837
0.0273006
0.0310421
0.332182
0.196881
0.123859
0.0831068
0.0589327
0.043268
0.0326323
0.025613
0.0213728
0.0190006
0.0176881
0.0169134
0.0164088
0.0160528
0.0157891
0.0155882
0.0154322
0.0153093
0.0152115
0.0151329
0.0150695
0.015018
0.0149763
0.0149424
0.0149152
0.0148935
0.0148766
0.0148639
0.0148551
0.0148498
0.0148478
0.0148492
0.0148543
0.0148634
0.0148765
0.0148939
0.0149161
0.014944
0.0149785
0.0150209
0.0150728
0.0151365
0.0152146
0.0153107
0.0154295
0.015577
0.0157612
0.0159926
0.0162853
0.0166578
0.0171359
0.0177531
0.0185586
0.0196146
0.0210224
0.0229006
0.0254768
0.0289577
0.0339278
0.0396013
0.365282
0.224057
0.141307
0.0941217
0.0661883
0.0483014
0.0363525
0.0286069
0.0239496
0.0212681
0.0196765
0.0186455
0.0179154
0.0173679
0.0169443
0.0166102
0.0163434
0.0161279
0.0159526
0.0158092
0.0156913
0.0155944
0.0155147
0.0154493
0.0153963
0.0153537
0.0153205
0.0152954
0.015278
0.0152676
0.0152641
0.0152673
0.0152779
0.0152965
0.0153232
0.0153583
0.015403
0.0154584
0.0155263
0.0156088
0.0157089
0.0158298
0.0159762
0.0161537
0.0163696
0.0166332
0.0169565
0.0173553
0.0178502
0.0184681
0.0192458
0.0202315
0.0214938
0.0231247
0.0252598
0.0280959
0.0319081
0.0371733
0.0444631
0.0534997
0.42781
0.270193
0.167697
0.109007
0.0753474
0.0547123
0.0414312
0.0330282
0.0279621
0.0249163
0.0229587
0.021577
0.0205311
0.0197093
0.0190509
0.0185166
0.0180787
0.0177173
0.0174174
0.0171676
0.0169592
0.0167854
0.0166406
0.0165209
0.0164227
0.0163436
0.0162815
0.0162347
0.0162023
0.0161834
0.0161776
0.0161849
0.0162064
0.0162432
0.0162953
0.0163635
0.0164494
0.0165552
0.0166837
0.0168384
0.0170239
0.0172456
0.0175106
0.0178276
0.0182079
0.0186655
0.0192186
0.0198903
0.0207111
0.0217207
0.0229724
0.0245384
0.0265165
0.0290527
0.0323299
0.0367088
0.0424835
0.0507827
0.0617999
0.0771041
0.546572
0.348451
0.207012
0.128891
0.0871011
0.0633025
0.048806
0.0398572
0.0343651
0.0308497
0.0283887
0.0265187
0.0250303
0.0238198
0.022823
0.0219948
0.0213018
0.0207188
0.0202267
0.0198105
0.0194585
0.0191613
0.0189114
0.0187028
0.0185307
0.0183913
0.0182816
0.0181994
0.0181429
0.0181112
0.0181035
0.01812
0.0181621
0.0182324
0.0183306
0.018458
0.0186173
0.0188119
0.0190464
0.0193264
0.0196589
0.0200528
0.0205187
0.0210705
0.021725
0.022504
0.0234349
0.0245532
0.025905
0.0275517
0.0295739
0.0320874
0.035237
0.0392786
0.0444531
0.051493
0.0605724
0.0744246
0.0916997
0.119527
0.777434
0.483241
0.265766
0.15626
0.103415
0.0760061
0.0604691
0.0510553
0.0450201
0.0408062
0.0375897
0.0349981
0.0328619
0.0310819
0.0295867
0.0283219
0.0272462
0.026328
0.0255425
0.0248702
0.0242954
0.0238056
0.0233905
0.0230418
0.022753
0.0225186
0.0223346
0.0221977
0.0221057
0.022057
0.0220511
0.0220879
0.0221697
0.0223012
0.0224819
0.0227143
0.0230026
0.0233525
0.0237712
0.0242679
0.0248538
0.0255428
0.0263523
0.0273039
0.0284249
0.0297497
0.0313227
0.0332011
0.0354595
0.0382001
0.0415526
0.0457214
0.0509287
0.0576729
0.0662371
0.0782436
0.0932446
0.118042
0.146204
0.200773
1.24689
0.723203
0.356074
0.197305
0.129204
0.0971823
0.080632
0.0707252
0.0638239
0.0584241
0.0539503
0.0501883
0.0470172
0.0443338
0.0420495
0.0400939
0.0384124
0.0369628
0.0357115
0.0346321
0.0337028
0.0329064
0.0322284
0.0316574
0.0311841
0.030801
0.0305024
0.0302837
0.0301421
0.0300757
0.0300839
0.0301672
0.0303281
0.0305754
0.0309093
0.031334
0.0318571
0.0324881
0.0332396
0.0341268
0.0351688
0.0363894
0.037818
0.0394919
0.0414577
0.0437753
0.0465216
0.0497981
0.053735
0.0585195
0.0643751
0.0716999
0.0808392
0.0928655
0.107956
0.129987
0.156217
0.204163
0.251687
0.367031
2.26967
1.17306
0.503631
0.267549
0.175894
0.136329
0.11845
0.107935
0.0995186
0.0919351
0.0851684
0.0793065
0.074298
0.0700197
0.066348
0.0631819
0.0604425
0.0580679
0.0560086
0.054225
0.052685
0.0513623
0.0502359
0.0492884
0.048506
0.0478777
0.0473952
0.0470521
0.0468446
0.0467704
0.0468294
0.0470236
0.0473566
0.0478415
0.0484841
0.0492924
0.0502806
0.0514668
0.052874
0.0545309
0.0564729
0.0587444
0.0614006
0.0645116
0.068166
0.0724778
0.0775933
0.0837099
0.0910747
0.100064
0.111085
0.124993
0.142296
0.165523
0.194089
0.237915
0.286547
0.386956
0.469217
0.73132
4.71358
2.07993
0.76981
0.405974
0.270031
0.214979
0.195044
0.184152
0.173209
0.161451
0.150192
0.140212
0.131606
0.124205
0.11782
0.112289
0.107487
0.103314
0.0996877
0.0965436
0.0938286
0.0914996
0.0895218
0.0878668
0.0865121
0.0854401
0.0846376
0.0840954
0.0838079
0.0837732
0.0839931
0.084473
0.0852212
0.086255
0.0875971
0.0892655
0.0912897
0.093708
0.0965678
0.0999282
0.103863
0.108463
0.113844
0.120152
0.12757
0.136339
0.146761
0.159257
0.174333
0.192818
0.215483
0.244347
0.279996
0.328941
0.387322
0.482295
0.578048
0.806466
0.950675
1.59069
11.2718
4.09852
1.3169
0.714052
0.477118
0.385895
0.363239
0.354541
0.340327
0.320547
0.299974
0.281289
0.265025
0.250953
0.238749
0.228139
0.218902
0.210859
0.203864
0.1978
0.192572
0.188101
0.184325
0.181193
0.178665
0.17671
0.175307
0.174442
0.174106
0.174302
0.175036
0.176325
0.17819
0.180661
0.183797
0.187646
0.192279
0.197783
0.204269
0.211871
0.220759
0.231142
0.243284
0.257518
0.274266
0.294077
0.317641
0.34594
0.380083
0.422091
0.473456
0.539448
0.619955
0.73327
0.86298
1.08873
1.29007
1.8572
2.10857
3.7964
31.6159
9.22122
2.61606
1.476
0.97458
0.791504
0.768453
0.775288
0.761637
0.727176
0.686467
0.648179
0.614435
0.585012
0.559343
0.536923
0.517338
0.500247
0.485369
0.472477
0.461385
0.451944
0.444034
0.437558
0.432443
0.428635
0.426095
0.424804
0.424759
0.425972
0.428473
0.432311
0.437551
0.444275
0.452608
0.462706
0.47475
0.488967
0.505639
0.525111
0.547814
0.574282
0.605183
0.641363
0.683885
0.734154
0.793886
0.86563
0.952031
1.05857
1.18815
1.35605
1.55753
1.8489
2.16612
2.7613
3.21859
4.77304
5.18493
10.0485
107.375
24.4945
6.1766
3.57123
2.29769
1.86049
1.85808
1.94179
1.9606
1.9053
1.82062
1.73614
1.6603
1.59354
1.53485
1.48331
1.4381
1.39854
1.36408
1.33425
1.30869
1.28711
1.26927
1.255
1.24416
1.23666
1.23246
1.23154
1.23394
1.23973
1.24902
1.262
1.27885
1.29986
1.32537
1.35584
1.39182
1.43396
1.48308
1.54018
1.60649
1.68354
1.77324
1.87801
2.00086
2.14583
2.3177
2.52393
2.77151
3.07718
3.44642
3.92885
4.49675
5.34172
6.21094
7.97853
9.1178
13.9027
14.387
29.984
)
;

boundaryField
{
    inlet
    {
        type            fixedValue;
        value           uniform 0.63;
    }
    outlet
    {
        type            zeroGradient;
    }
    fixedWalls
    {
        Cmu             0.09;
        kappa           0.41;
        E               9.8;
        type            epsilonWallFunction;
        value           nonuniform List<scalar> 
120
(
107.375
24.4945
6.1766
3.57123
2.29769
1.86049
1.85808
1.94179
1.9606
1.9053
1.82062
1.73614
1.6603
1.59354
1.53485
1.48331
1.4381
1.39854
1.36408
1.33425
1.30869
1.28711
1.26927
1.255
1.24416
1.23666
1.23246
1.23154
1.23394
1.23973
1.24902
1.262
1.27885
1.29986
1.32537
1.35584
1.39182
1.43396
1.48308
1.54018
1.60649
1.68354
1.77324
1.87801
2.00086
2.14583
2.3177
2.52393
2.77151
3.07718
3.44642
3.92885
4.49675
5.34172
6.21094
7.97853
9.1178
13.9027
14.387
29.984
54.5541
0.959721
0.0569255
0.20389
0.133919
0.519976
1.03732
1.36988
1.509
1.55026
1.55672
1.54738
1.52693
1.49915
1.46769
1.43526
1.40352
1.37352
1.34586
1.32091
1.29887
1.27983
1.26385
1.25094
1.24111
1.23435
1.23071
1.23021
1.23292
1.23895
1.24842
1.26153
1.27849
1.29959
1.32516
1.35567
1.39168
1.43385
1.48299
1.54011
1.60643
1.68349
1.77319
1.87796
2.00081
2.14578
2.31764
2.52387
2.77145
3.07712
3.44635
3.92877
4.49666
5.34162
6.21082
7.97836
9.11759
13.9024
14.3867
29.9833
)
;
    }
    frontAndBack
    {
        type            empty;
    }
}


// ************************************************************************* //
