/*--------------------------------*- C++ -*----------------------------------*\
| =========                 |                                                 |
| \\      /  F ield         | OpenFOAM: The Open Source CFD Toolbox           |
|  \\    /   O peration     | Version:  2.4.0                                 |
|   \\  /    A nd           | Web:      www.OpenFOAM.org                      |
|    \\/     M anipulation  |                                                 |
\*---------------------------------------------------------------------------*/
FoamFile
{
    version     2.0;
    format      ascii;
    class       volScalarField;
    location    "4.5";
    object      epsilon;
}
// * * * * * * * * * * * * * * * * * * * * * * * * * * * * * * * * * * * * * //

dimensions      [0 2 -3 0 0 0 0];

internalField   nonuniform List<scalar> 
5625
(
0.359356
0.289809
0.111085
0.0640662
0.0535307
0.0437919
0.0388061
0.0346473
0.0321978
0.0302403
0.0290591
0.0282132
0.0277201
0.0276442
0.0277861
0.0280897
0.0285747
0.0292192
0.0300054
0.0309297
0.0319882
0.0331694
0.0344639
0.035863
0.0373599
0.0389492
0.0406281
0.0423973
0.0442548
0.0461626
0.0481381
0.050176
0.0522775
0.0544385
0.056656
0.0589271
0.0612496
0.0636208
0.0660386
0.0685013
0.0710089
0.0735613
0.0761497
0.0787747
0.081438
0.0841395
0.0868797
0.0896612
0.0924844
0.0953557
0.098366
0.103855
0.109903
0.116429
0.123494
0.131158
0.139541
0.148687
0.158851
0.169973
0.182653
0.19643
0.212894
0.230108
0.252995
0.273898
0.309427
0.332287
0.392157
0.420051
0.515307
0.561756
0.706203
0.830654
0.702152
0.0501475
0.235841
0.147935
0.0681985
0.038595
0.0261059
0.0206311
0.0172966
0.0153976
0.0140775
0.0132569
0.0127117
0.0123873
0.0122399
0.0122129
0.0122837
0.0124497
0.0126953
0.0130119
0.0133961
0.0138427
0.0143456
0.0149
0.0155015
0.0161468
0.016833
0.0175583
0.0183235
0.0191202
0.0199436
0.0207996
0.0216929
0.0226146
0.0235636
0.024539
0.0255401
0.0265662
0.0276167
0.0286914
0.0297902
0.0309134
0.032062
0.0332333
0.034428
0.035648
0.0368942
0.0381677
0.03947
0.0408035
0.0421746
0.0436214
0.045654
0.0478757
0.0502427
0.0527711
0.0554914
0.0584126
0.0616001
0.0650255
0.0688614
0.072937
0.0777107
0.0826555
0.0887647
0.0951044
0.102788
0.112073
0.121136
0.135815
0.147757
0.169274
0.189822
0.218014
0.26896
0.130412
0.0474808
0.183482
0.156693
0.0876887
0.0462051
0.0281812
0.0204062
0.0160994
0.0137099
0.0121485
0.0111727
0.0105205
0.0101082
0.00987519
0.00976952
0.00975558
0.00982917
0.00997618
0.0101868
0.0104557
0.0107774
0.0111459
0.0115567
0.0120059
0.01249
0.0130065
0.0135536
0.0141298
0.0147312
0.0153541
0.0160014
0.0166732
0.0173658
0.0180783
0.0188102
0.0195608
0.0203297
0.0211165
0.021921
0.0227433
0.0235836
0.0244425
0.0253188
0.0262131
0.0271268
0.0280606
0.0290156
0.0299932
0.0309953
0.0320274
0.0331136
0.0344719
0.035938
0.037491
0.0391353
0.0408921
0.0427573
0.044785
0.0469256
0.0493372
0.0518131
0.0547994
0.0576835
0.0615235
0.0650226
0.0699283
0.0747711
0.0806871
0.0881012
0.0958267
0.106308
0.119477
0.132361
0.160023
0.151544
0.0451881
0.146984
0.154377
0.108103
0.0589244
0.0343341
0.0233712
0.0176078
0.0144454
0.0124478
0.0111944
0.0103537
0.00980869
0.00946681
0.00927167
0.00919068
0.00919767
0.00928254
0.00943337
0.0096429
0.00990449
0.0102118
0.0105597
0.010944
0.0113612
0.0118083
0.0122831
0.0127837
0.0133072
0.0138505
0.0144149
0.0149995
0.0156019
0.0162213
0.0168569
0.0175083
0.0181749
0.0188563
0.0195524
0.0202631
0.0209887
0.0217293
0.0224844
0.0232544
0.0240403
0.0248427
0.0256627
0.0265013
0.0273605
0.0282447
0.0291721
0.0302602
0.0314249
0.0326532
0.0339461
0.0353199
0.0367686
0.0383363
0.0399772
0.0418227
0.0436923
0.0459615
0.0480957
0.0510095
0.053517
0.057277
0.0605852
0.0652469
0.0701078
0.0762412
0.0829848
0.0931989
0.101556
0.11898
0.172916
0.0431905
0.118396
0.149176
0.122041
0.0736896
0.0430391
0.0282382
0.0204976
0.0162631
0.0136514
0.0120133
0.010924
0.0102066
0.00973635
0.00944179
0.00928091
0.00922678
0.00925525
0.00935596
0.00951967
0.00973831
0.0100046
0.0103128
0.0106579
0.0110361
0.011444
0.0118791
0.0123388
0.0128208
0.0133223
0.0138436
0.0143833
0.0149394
0.0155111
0.0160975
0.016698
0.0173121
0.0179393
0.0185793
0.0192321
0.0198977
0.0205762
0.0212673
0.0219711
0.0226885
0.0234199
0.0241663
0.0249285
0.0257083
0.0265095
0.0273464
0.0282899
0.0292927
0.0303465
0.0314511
0.0326195
0.0338458
0.0351667
0.0365432
0.038084
0.0396391
0.0415183
0.0432762
0.0456792
0.0477084
0.0508308
0.0534086
0.0573786
0.061015
0.0663059
0.0713134
0.0798929
0.0863108
0.0999563
0.19253
0.0414223
0.0952978
0.140867
0.128997
0.0890934
0.0535794
0.0346289
0.0244813
0.0188986
0.0155027
0.0133739
0.0119627
0.011023
0.0103913
0.00997648
0.00972152
0.00959365
0.00956448
0.0096153
0.00973589
0.0099165
0.0101486
0.0104254
0.0107412
0.0110915
0.0114725
0.0118812
0.0123146
0.0127705
0.0132464
0.0137417
0.0142546
0.0147835
0.0153274
0.0158853
0.0164565
0.0170403
0.0176363
0.0182441
0.0188634
0.0194938
0.0201356
0.0207884
0.0214525
0.0221282
0.0228161
0.0235168
0.0242312
0.0249607
0.0257088
0.0264867
0.02734
0.0282412
0.0291845
0.0301696
0.0312074
0.0322936
0.033458
0.0346689
0.036016
0.0373768
0.0390066
0.0405387
0.0426117
0.0443646
0.0470715
0.0492352
0.0527531
0.0556943
0.0604496
0.0644998
0.0720202
0.0774015
0.0894714
0.209969
0.0398396
0.0768169
0.130088
0.130219
0.102814
0.0653053
0.0423854
0.029509
0.0222969
0.01793
0.015191
0.0133798
0.0121657
0.011338
0.0107791
0.0104146
0.0101999
0.0101037
0.0100998
0.0101737
0.0103145
0.0105124
0.0107593
0.0110487
0.0113751
0.0117342
0.0121225
0.0125366
0.0129741
0.0134324
0.01391
0.0144052
0.0149164
0.0154423
0.015982
0.0165346
0.0170992
0.0176754
0.0182625
0.0188603
0.0194685
0.0200869
0.0207153
0.0213537
0.0220024
0.0226618
0.0233322
0.0240146
0.0247102
0.0254219
0.0261585
0.0269499
0.0277805
0.0286468
0.0295481
0.030494
0.031481
0.0325343
0.0336288
0.0348396
0.0360661
0.0375197
0.0388993
0.0407379
0.0423108
0.0447201
0.046622
0.0498117
0.0523173
0.0566881
0.0601587
0.0669152
0.0716693
0.0831065
0.225331
0.0384062
0.0630358
0.116247
0.128929
0.112408
0.0774853
0.0512936
0.0355559
0.0264668
0.0209373
0.0174578
0.015159
0.0136108
0.0125455
0.011813
0.0113177
0.011002
0.0108247
0.0107591
0.0107807
0.0108781
0.0110396
0.0112557
0.0115185
0.0118219
0.0121607
0.0125307
0.0129282
0.0133505
0.0137948
0.0142591
0.0147414
0.0152401
0.0157537
0.016281
0.016821
0.0173729
0.0179359
0.0185093
0.0190927
0.0196857
0.020288
0.0208993
0.0215195
0.0221487
0.0227872
0.0234353
0.0240936
0.0247633
0.0254468
0.0261512
0.0268979
0.0276772
0.0284872
0.0293272
0.0302048
0.0311166
0.0320856
0.0330915
0.0341976
0.0353224
0.0366424
0.0379096
0.0395704
0.0410151
0.043197
0.0449196
0.0478539
0.0500678
0.0541401
0.0572268
0.0634104
0.0677471
0.0790103
0.238857
0.0370963
0.0537649
0.100404
0.124935
0.117373
0.0893658
0.0610292
0.0425577
0.0314211
0.0245484
0.0201925
0.0173104
0.0153613
0.0140111
0.0130707
0.0124195
0.0119841
0.0117132
0.0115722
0.011535
0.0115829
0.0117035
0.0118855
0.0121198
0.0123989
0.0127168
0.0130687
0.0134503
0.0138586
0.0142905
0.0147434
0.0152152
0.015704
0.0162082
0.0167263
0.0172572
0.0177999
0.0183534
0.0189171
0.0194902
0.0200722
0.0206628
0.0212616
0.0218682
0.0224826
0.023105
0.0237356
0.0243749
0.0250238
0.0256845
0.0263624
0.027073
0.0278106
0.0285744
0.0293639
0.0301864
0.0310395
0.0319429
0.0328797
0.0339019
0.0349448
0.0361568
0.0373342
0.0388534
0.0401996
0.0421995
0.043791
0.0465168
0.0485252
0.0523527
0.0551669
0.0609045
0.0649455
0.0762729
0.250787
0.0358873
0.047291
0.0849123
0.118029
0.118362
0.0994939
0.0711401
0.0503786
0.0371484
0.0287855
0.0234206
0.0198548
0.0174318
0.0157443
0.0145571
0.0137214
0.0131447
0.0127637
0.0125347
0.0124275
0.0124188
0.0124925
0.0126357
0.0128377
0.0130898
0.0133849
0.0137174
0.0140824
0.0144764
0.0148959
0.0153379
0.0157999
0.0162799
0.0167759
0.0172863
0.0178098
0.0183451
0.0188912
0.0194471
0.0200122
0.0205857
0.021167
0.0217556
0.0223512
0.0229535
0.0235626
0.0241786
0.0248017
0.0254327
0.0260735
0.0267284
0.0274085
0.0281109
0.0288357
0.0295824
0.0303577
0.0311599
0.0320063
0.0328833
0.033837
0.0348131
0.0359365
0.0370381
0.0384385
0.0397038
0.041553
0.0430426
0.045592
0.0474495
0.0510677
0.0536777
0.0590558
0.0628782
0.0743943
0.261331
0.0347599
0.0426247
0.0709561
0.108538
0.117428
0.106271
0.0811167
0.0587973
0.0435945
0.0336557
0.0271651
0.022816
0.0198427
0.0177607
0.0162841
0.0152317
0.014489
0.0139789
0.0136478
0.0134576
0.0133834
0.0134026
0.013501
0.0136658
0.013887
0.0141562
0.0144669
0.0148134
0.0151917
0.0155978
0.0160282
0.0164802
0.0169513
0.0174392
0.0179422
0.0184587
0.0189873
0.0195267
0.0200759
0.0206338
0.0211997
0.0217729
0.0223526
0.0229383
0.0235298
0.0241269
0.0247295
0.0253378
0.0259525
0.0265748
0.0272084
0.0278615
0.0285327
0.0292227
0.0299314
0.0306648
0.0314217
0.0322177
0.0330417
0.0339341
0.0348499
0.0358971
0.0369345
0.0382345
0.0394289
0.0411486
0.0425546
0.0449509
0.0466922
0.0501273
0.0525765
0.0576554
0.0613108
0.0730769
0.270653
0.0337
0.0391619
0.0591781
0.0972452
0.114451
0.109549
0.0902988
0.0675027
0.0506479
0.0391386
0.0314386
0.026215
0.0226149
0.0200787
0.0182668
0.0169622
0.0160263
0.0153659
0.0149157
0.0146299
0.0144775
0.0144344
0.0144806
0.0146023
0.0147876
0.0150269
0.0153125
0.0156377
0.015998
0.0163889
0.0168063
0.017247
0.0177081
0.0181873
0.0186824
0.0191916
0.0197132
0.0202458
0.0207881
0.0213389
0.0218973
0.0224624
0.0230334
0.0236096
0.0241905
0.0247758
0.0253654
0.0259593
0.0265579
0.0271623
0.0277753
0.0284031
0.0290453
0.0297031
0.0303764
0.0310712
0.0317862
0.032536
0.0333112
0.034148
0.0350086
0.0359869
0.0369644
0.0381774
0.0393095
0.0409148
0.0422487
0.0445091
0.0461561
0.049429
0.0517456
0.0565683
0.0600925
0.0721326
0.278881
0.0326967
0.0365096
0.0505006
0.0844451
0.108898
0.109838
0.0976229
0.0761083
0.0581325
0.0451763
0.0362348
0.030065
0.0257668
0.0227164
0.0205213
0.018927
0.0177682
0.0169339
0.016346
0.0159496
0.0157071
0.0155906
0.0155768
0.0156484
0.015792
0.0159964
0.0162526
0.016553
0.0168923
0.0172654
0.0176675
0.0180949
0.0185446
0.0190136
0.0194995
0.0200003
0.0205139
0.0210388
0.0215735
0.0221166
0.0226669
0.0232233
0.023785
0.024351
0.0249209
0.025494
0.0260701
0.0266491
0.0272313
0.0278174
0.0284096
0.0290127
0.0296269
0.0302537
0.0308931
0.0315509
0.0322261
0.0329322
0.0336613
0.0344461
0.0352546
0.0361696
0.0370906
0.038224
0.0392972
0.0408028
0.0420708
0.0442085
0.0457756
0.0489025
0.0511055
0.0557033
0.0591218
0.0714365
0.286113
0.0317418
0.0344084
0.0441289
0.0717329
0.100958
0.108664
0.101995
0.0842276
0.0658057
0.0516645
0.0415217
0.0343654
0.02931
0.025689
0.023063
0.02114
0.019727
0.0186935
0.0179476
0.0174241
0.017078
0.0168765
0.0167932
0.0168068
0.0169019
0.0170657
0.0172876
0.0175591
0.0178736
0.0182256
0.0186095
0.0190213
0.0194571
0.0199139
0.0203889
0.0208795
0.0213837
0.0218994
0.0224251
0.0229591
0.0235
0.0240467
0.0245979
0.0251527
0.0257103
0.0262702
0.0268317
0.0273948
0.0279595
0.0285264
0.029097
0.0296752
0.0302614
0.0308575
0.0314635
0.032085
0.0327212
0.0333849
0.0340692
0.0348043
0.0355626
0.0364181
0.0372848
0.0383447
0.0393611
0.0407753
0.0419831
0.0440076
0.0455042
0.0484974
0.0506004
0.0549964
0.0583275
0.0709027
0.292425
0.0308288
0.0326885
0.0393869
0.060167
0.0912659
0.10558
0.103598
0.0911292
0.0733577
0.0584473
0.0472341
0.0390969
0.0332458
0.0290063
0.0259044
0.023614
0.0219145
0.0206555
0.0197299
0.0190615
0.0185969
0.0182983
0.0181345
0.0180816
0.0181207
0.0182373
0.0184193
0.0186568
0.0189423
0.0192693
0.0196316
0.0200246
0.0204439
0.0208859
0.0213475
0.0218258
0.0223184
0.0228231
0.0233379
0.023861
0.0243908
0.0249259
0.025465
0.026007
0.0265508
0.0270957
0.0276412
0.0281868
0.0287325
0.0292787
0.0298265
0.0303788
0.0309364
0.0315013
0.0320736
0.0326588
0.0332561
0.0338779
0.0345179
0.0352045
0.0359135
0.0367119
0.0375253
0.0385162
0.039477
0.040806
0.0419563
0.0438759
0.0453082
0.0481771
0.0501897
0.0544016
0.0576581
0.0704702
0.297877
0.0299526
0.0312396
0.0358079
0.0504576
0.0804183
0.100181
0.103214
0.095925
0.0804435
0.065316
0.0532679
0.0442153
0.0375607
0.0326693
0.0290529
0.0263589
0.0243412
0.0228296
0.021702
0.0208699
0.020271
0.0198619
0.0196065
0.019477
0.0194519
0.0195142
0.0196499
0.0198479
0.0200994
0.020397
0.0207339
0.0211044
0.0215038
0.021928
0.0223734
0.0228367
0.0233152
0.0238064
0.0243081
0.024818
0.0253346
0.0258561
0.0263809
0.0269079
0.0274359
0.0279639
0.0284912
0.0290175
0.0295422
0.0300659
0.030589
0.0311141
0.0316419
0.0321746
0.0327124
0.0332606
0.0338185
0.0343981
0.0349939
0.0356323
0.0362923
0.0370352
0.0377957
0.0387207
0.0396262
0.0408751
0.0419686
0.04379
0.045162
0.0479138
0.0498431
0.0538844
0.0570757
0.0700949
0.302515
0.0291082
0.0299841
0.0330557
0.0432608
0.0688484
0.0926877
0.101434
0.098154
0.0866598
0.0720122
0.0594768
0.049647
0.0422223
0.0366671
0.0325084
0.0293798
0.0270145
0.025224
0.0238718
0.0228567
0.022107
0.0215735
0.0212144
0.020998
0.0208995
0.0208997
0.0209822
0.0211345
0.0213466
0.0216099
0.0219167
0.0222607
0.0226365
0.0230394
0.0234653
0.0239106
0.0243721
0.0248469
0.0253326
0.0258269
0.0263275
0.0268328
0.027341
0.0278505
0.0283602
0.028869
0.0293758
0.0298803
0.0303819
0.0308807
0.0313772
0.0318733
0.0323697
0.0328688
0.0333707
0.0338808
0.0343984
0.0349352
0.035486
0.0360763
0.0366869
0.0373751
0.0380826
0.0389439
0.0397941
0.0409666
0.0420038
0.0437318
0.0450462
0.0476861
0.0495377
0.053419
0.0565513
0.069744
0.306378
0.0282914
0.0288693
0.03089
0.0378862
0.0578659
0.0836152
0.097687
0.0981845
0.0912926
0.0782359
0.0656714
0.0552848
0.0471744
0.0409734
0.0362609
0.0326751
0.0299371
0.0278437
0.0262449
0.025028
0.0241108
0.0234383
0.022963
0.0226487
0.0224673
0.0223968
0.0224188
0.0225188
0.0226854
0.022909
0.0231809
0.0234938
0.0238418
0.0242194
0.0246222
0.0250459
0.025487
0.0259424
0.0264091
0.0268845
0.0273664
0.0278526
0.0283412
0.0288305
0.0293192
0.029806
0.0302897
0.0307698
0.0312456
0.0317171
0.0321845
0.0326495
0.0331126
0.0335763
0.0340407
0.0345113
0.0349873
0.0354802
0.0359852
0.0365268
0.0370875
0.0377212
0.0383754
0.0391742
0.0399688
0.0410677
0.0420484
0.043687
0.0449453
0.0474774
0.0492554
0.0529853
0.0560627
0.0693929
0.309497
0.0274999
0.027859
0.0291422
0.0338446
0.0482485
0.0735787
0.0918338
0.0970791
0.093641
0.0836892
0.0716236
0.0609853
0.0523341
0.0455427
0.040287
0.0362344
0.0331058
0.0306893
0.0288241
0.0273873
0.0262863
0.0254604
0.0248561
0.0244326
0.0241583
0.0240083
0.023962
0.0240025
0.0241172
0.0242953
0.0245268
0.0248039
0.0251194
0.0254675
0.025843
0.0262413
0.0266584
0.0270907
0.0275349
0.0279882
0.028448
0.0289119
0.0293779
0.0298439
0.0303085
0.0307703
0.0312279
0.0316808
0.032128
0.0325695
0.0330052
0.0334366
0.0338642
0.0342904
0.0347155
0.0351449
0.0355777
0.0360254
0.0364834
0.0369756
0.0374856
0.0380646
0.0386648
0.0394021
0.0401405
0.0411679
0.0420917
0.0436438
0.0448471
0.0472742
0.048982
0.0525675
0.0555925
0.0690231
0.311905
0.0267317
0.0269282
0.0276936
0.0307728
0.0407154
0.0629861
0.0841834
0.0942962
0.0939512
0.0877973
0.0770677
0.066569
0.0575885
0.0503072
0.0445474
0.0400357
0.036509
0.0337555
0.0316076
0.0299351
0.0286351
0.0276418
0.0268959
0.0263519
0.0259746
0.0257359
0.0256129
0.025587
0.0256427
0.0257691
0.0259547
0.0261905
0.0264687
0.0267826
0.0271266
0.0274953
0.0278843
0.0282896
0.0287077
0.0291352
0.0295694
0.0300076
0.0304474
0.0308868
0.031324
0.0317576
0.0321859
0.0326084
0.0330239
0.0334325
0.0338338
0.034229
0.0346186
0.0350052
0.0353888
0.035775
0.0361629
0.0365641
0.0369737
0.0374154
0.0378737
0.0383977
0.0389433
0.0396193
0.040301
0.0412583
0.0421247
0.0435928
0.0447415
0.0470658
0.0487062
0.0521531
0.055127
0.0686205
0.313628
0.025985
0.0260604
0.0264617
0.028401
0.0351328
0.0527183
0.0752113
0.0894521
0.0930615
0.0899443
0.08173
0.0718242
0.0627935
0.0551743
0.0489842
0.0440431
0.040125
0.0370295
0.0345882
0.032667
0.0311553
0.0299819
0.0290825
0.0284071
0.0279167
0.0275802
0.0273721
0.0272718
0.0272625
0.0273303
0.0274639
0.0276529
0.0278885
0.0281634
0.0284711
0.0288057
0.0291624
0.0295367
0.0299245
0.0303224
0.0307271
0.0311358
0.0315459
0.0319551
0.0323615
0.0327633
0.0331591
0.0335478
0.0339285
0.0343011
0.0346649
0.0350212
0.0353702
0.0357148
0.0360547
0.0363958
0.036737
0.0370898
0.0374497
0.0378397
0.0382453
0.0387137
0.039204
0.039819
0.0404433
0.0413314
0.0421396
0.0435258
0.0446202
0.0468433
0.0484186
0.051732
0.0546549
0.0681741
0.31467
0.0252584
0.0252294
0.0253909
0.0265381
0.0309787
0.0436617
0.0654953
0.0828093
0.0906704
0.090215
0.0851617
0.0765095
0.0677757
0.0600247
0.0535179
0.0482046
0.0439198
0.0404889
0.0377514
0.0355735
0.0338405
0.0324765
0.0314131
0.0305961
0.0299831
0.0295399
0.0292385
0.0290561
0.0289744
0.0289778
0.0290529
0.0291893
0.029377
0.0296077
0.0298742
0.03017
0.0304898
0.0308287
0.0311822
0.0315463
0.0319176
0.0322929
0.0326694
0.0330446
0.0334164
0.0337829
0.0341425
0.0344941
0.0348367
0.03517
0.0354933
0.0358078
0.0361136
0.0364136
0.0367076
0.0370015
0.037294
0.0375969
0.0379056
0.0382428
0.0385946
0.0390066
0.0394408
0.0399947
0.0405613
0.0413805
0.0421308
0.0434361
0.0444764
0.0465995
0.0481116
0.051296
0.0541673
0.0676757
0.315062
0.0245504
0.0244195
0.0244386
0.0250461
0.027871
0.0365122
0.0554809
0.074703
0.0863395
0.0893159
0.086835
0.0803754
0.0723349
0.0647121
0.0580463
0.0524497
0.0478449
0.0441003
0.0410739
0.0386381
0.036679
0.035117
0.0338811
0.0329138
0.0321697
0.0316115
0.031209
0.0309372
0.030776
0.0307083
0.0307193
0.0307969
0.0309311
0.0311122
0.0313326
0.0315847
0.0318631
0.032162
0.0324766
0.0328027
0.0331364
0.0334742
0.0338131
0.0341504
0.0344838
0.0348114
0.0351312
0.0354422
0.0357432
0.0360339
0.0363137
0.0365835
0.0368433
0.0370962
0.0373419
0.0375864
0.0378284
0.0380798
0.0383357
0.0386189
0.0389159
0.0392709
0.0396485
0.0401411
0.0406495
0.0413998
0.0420926
0.043318
0.0443041
0.0463282
0.0477789
0.0508382
0.053657
0.0671193
0.314872
0.0238599
0.0236555
0.0235266
0.0238177
0.0255306
0.031264
0.0459324
0.0656148
0.0802568
0.0869689
0.0867927
0.0830468
0.0762467
0.0690652
0.0624433
0.0566876
0.0518356
0.0478173
0.044522
0.0418363
0.0396522
0.0378892
0.0364756
0.0353515
0.0344692
0.0337889
0.0332782
0.0329101
0.0326626
0.0325173
0.0324582
0.0324716
0.0325464
0.0326728
0.0328418
0.0330454
0.0332774
0.0335318
0.0338031
0.0340867
0.0343785
0.0346747
0.0349719
0.0352674
0.0355585
0.0358432
0.0361196
0.0363864
0.0366424
0.0368874
0.0371204
0.0373425
0.0375536
0.037757
0.0379521
0.0381452
0.0383347
0.038533
0.0387348
0.0389629
0.0392041
0.0395014
0.0398218
0.0402529
0.0407023
0.0413853
0.0420202
0.0431662
0.0440983
0.0460242
0.0474152
0.0503531
0.053118
0.0665003
0.314077
0.0231858
0.022935
0.022656
0.022759
0.0237302
0.027411
0.0376896
0.0561263
0.0727121
0.0827659
0.0856935
0.0840618
0.079288
0.0728912
0.0665606
0.060807
0.0558095
0.051579
0.0480504
0.0451338
0.0427338
0.0407726
0.03918
0.0378957
0.0368703
0.0360623
0.0354374
0.0349669
0.0346273
0.0343984
0.0342633
0.0342071
0.0342173
0.0342835
0.0343962
0.0345461
0.0347271
0.0349322
0.0351558
0.0353925
0.035638
0.0358883
0.0361398
0.0363894
0.0366343
0.0368725
0.0371017
0.0373207
0.0375283
0.0377243
0.0379075
0.0380791
0.0382389
0.0383902
0.0385326
0.0386723
0.0388076
0.0389512
0.0390976
0.0392696
0.0394543
0.0396933
0.0399563
0.040325
0.0407164
0.0413317
0.0419094
0.0429764
0.0438547
0.0456834
0.0470161
0.049836
0.0525454
0.065815
0.312698
0.0225273
0.0222517
0.0218315
0.0218067
0.0223045
0.0245698
0.0313921
0.046677
0.0640986
0.0768936
0.083089
0.0836341
0.0811023
0.0759786
0.0702296
0.064676
0.0596655
0.0553082
0.0516
0.0484854
0.0458882
0.0437388
0.0419714
0.0405274
0.0393571
0.0384181
0.0376748
0.0370972
0.0366602
0.0363427
0.0361263
0.0359951
0.0359358
0.0359371
0.0359882
0.0360796
0.036205
0.0363563
0.0365275
0.036713
0.036908
0.0371083
0.0373099
0.0375096
0.0377045
0.0378923
0.0380707
0.0382385
0.0383944
0.0385383
0.0386687
0.038787
0.0388928
0.0389899
0.0390774
0.0391619
0.0392414
0.0393291
0.039419
0.039534
0.0396616
0.0398419
0.0400471
0.040353
0.040688
0.0412351
0.0417567
0.0427447
0.0435695
0.0453019
0.0465779
0.049283
0.0519353
0.065061
0.310752
0.0218834
0.0215964
0.0210728
0.0209036
0.0211315
0.0224512
0.026838
0.0380733
0.0549564
0.0696123
0.0787318
0.0820768
0.081338
0.0781226
0.0732661
0.0681442
0.0632841
0.0589116
0.0550979
0.0518337
0.0490697
0.0467509
0.0448198
0.0432216
0.0419083
0.0408379
0.0399743
0.0392864
0.0387485
0.0383381
0.038036
0.0378254
0.0376919
0.0376233
0.0376091
0.0376369
0.0377023
0.0377954
0.03791
0.0380398
0.0381802
0.0383264
0.0384741
0.0386201
0.0387613
0.0388951
0.0390193
0.0391325
0.0392336
0.0393223
0.0393971
0.0394595
0.0395091
0.0395499
0.0395806
0.0396082
0.0396306
0.0396612
0.0396937
0.0397513
0.0398213
0.0399422
0.040089
0.0403343
0.0406129
0.0410916
0.0415588
0.0424674
0.0432395
0.0448768
0.0460973
0.0486909
0.0512842
0.0642365
0.308257
0.0212534
0.0209622
0.0203721
0.0200546
0.0201234
0.0208298
0.0235412
0.0309831
0.0458749
0.061297
0.0728147
0.078929
0.080431
0.0789537
0.0754808
0.0710453
0.0665287
0.062279
0.0584558
0.0551078
0.0522212
0.0497626
0.0476866
0.045946
0.0444966
0.0432981
0.042315
0.0415162
0.0408754
0.0403694
0.0399783
0.0396846
0.0394731
0.0393308
0.0392464
0.0392079
0.0392086
0.0392392
0.0392931
0.0393634
0.0394452
0.0395334
0.0396235
0.0397121
0.0397959
0.0398724
0.039939
0.0399945
0.040038
0.0400688
0.0400854
0.0400895
0.0400808
0.0400635
0.0400358
0.0400052
0.0399694
0.039942
0.0399164
0.0399164
0.0399283
0.0399888
0.0400808
0.040264
0.0404877
0.0408976
0.0413129
0.0421413
0.0428617
0.0444053
0.0455718
0.0480569
0.0505896
0.0633405
0.305228
0.0206364
0.0203441
0.0197195
0.0192697
0.0192121
0.0195466
0.0211374
0.0259128
0.0372532
0.0524143
0.0655773
0.0741969
0.078214
0.078436
0.0766487
0.0732045
0.0692484
0.0652847
0.0615707
0.0582234
0.0552738
0.0527166
0.0505243
0.0486606
0.0470877
0.045769
0.0446709
0.0437633
0.04302
0.0424176
0.0419358
0.0415566
0.0412643
0.0410451
0.0408872
0.0407785
0.040711
0.0406757
0.0406653
0.0406722
0.0406919
0.0407185
0.0407476
0.0407755
0.0407987
0.0408147
0.0408208
0.0408157
0.040799
0.0407695
0.0407256
0.0406697
0.0406008
0.0405235
0.0404362
0.0403465
0.0402516
0.0401659
0.0400818
0.0400231
0.0399757
0.0399818
0.0400168
0.0401383
0.0403091
0.0406497
0.0410156
0.0417639
0.0424339
0.0438852
0.0449991
0.0473788
0.0498494
0.0623725
0.301681
0.0200361
0.01974
0.0191033
0.01856
0.0183591
0.0184866
0.0193531
0.0222936
0.0299806
0.0435598
0.0573881
0.0680269
0.0744117
0.0768224
0.0764502
0.0744559
0.0712845
0.0677901
0.0643253
0.0610829
0.0581461
0.0555451
0.0532757
0.0513165
0.0496397
0.0482141
0.0470101
0.0459994
0.0451568
0.0444595
0.0438872
0.0434217
0.043047
0.0427489
0.0425151
0.0423335
0.042195
0.0420906
0.0420126
0.0419534
0.0419077
0.0418697
0.0418347
0.0417989
0.0417586
0.0417113
0.0416545
0.0415867
0.041507
0.041415
0.0413091
0.0411914
0.041061
0.0409227
0.0407748
0.0406254
0.0404711
0.0403269
0.0401829
0.0400667
0.0399632
0.0399133
0.0398919
0.0399556
0.0400736
0.0403451
0.040664
0.0413332
0.0419538
0.0433146
0.0443772
0.0466548
0.0490618
0.0613325
0.297631
0.0194476
0.0191502
0.0185117
0.017915
0.0175665
0.0175745
0.0179863
0.0197015
0.0245568
0.0352236
0.048719
0.0606736
0.0691488
0.073739
0.0751954
0.0744888
0.0724775
0.0696486
0.0665912
0.063576
0.0607445
0.0581687
0.0558731
0.0538561
0.0521027
0.0505901
0.0492943
0.0481904
0.0472553
0.0464675
0.0458072
0.0452566
0.0447996
0.044422
0.044111
0.0438548
0.0436434
0.0434677
0.0433197
0.0431918
0.0430782
0.0429731
0.0428714
0.0427695
0.0426635
0.0425507
0.0424287
0.0422963
0.0421519
0.0419959
0.0418264
0.0416458
0.041453
0.0412531
0.0410442
0.0408349
0.0406209
0.0404164
0.0402158
0.0400447
0.0398845
0.0397796
0.0397008
0.0397128
0.0397767
0.0399822
0.0402556
0.0408471
0.0414196
0.0426917
0.0437047
0.0458833
0.0482255
0.0602211
0.293094
0.0188702
0.0185742
0.0179389
0.0173167
0.0168599
0.0167271
0.016896
0.0178261
0.0207667
0.0280747
0.0401426
0.0525187
0.0625928
0.0692189
0.0725992
0.0734461
0.0726107
0.0707123
0.0682323
0.0655823
0.0629644
0.0604972
0.058239
0.0562122
0.0544183
0.0528459
0.0514783
0.0502961
0.0492794
0.0484088
0.047666
0.0470338
0.0464968
0.0460407
0.0456529
0.0453215
0.0450364
0.0447882
0.0445688
0.0443706
0.0441873
0.0440132
0.0438432
0.0436733
0.0434997
0.0433198
0.0431312
0.0429327
0.0427226
0.0425014
0.0422675
0.0420234
0.0417679
0.0415063
0.0412366
0.040966
0.0406918
0.0404327
0.0401763
0.0399501
0.0397348
0.0395765
0.039442
0.0394025
0.0394155
0.0395598
0.0397878
0.0403036
0.0408296
0.0420154
0.0429803
0.0450631
0.0473395
0.059039
0.288086
0.0183035
0.0180114
0.0173832
0.0167497
0.0162293
0.0159472
0.0159807
0.0164267
0.0181115
0.0226456
0.0321927
0.0440474
0.0550333
0.0633669
0.0686113
0.0711653
0.0716478
0.0708167
0.069111
0.0669754
0.0646923
0.0624307
0.0602861
0.0583084
0.0565198
0.0549225
0.0535101
0.05227
0.0511873
0.0502457
0.0494291
0.0487218
0.0481093
0.0475779
0.0471154
0.0467101
0.0463517
0.0460311
0.04574
0.0454708
0.045217
0.044973
0.0447335
0.0444947
0.0442525
0.0440046
0.0437484
0.0434832
0.0432068
0.0429203
0.0426219
0.0423143
0.0419964
0.0416722
0.0413399
0.0410124
0.0406833
0.0403684
0.040057
0.0397776
0.0395092
0.0392996
0.0391121
0.0390226
0.0389839
0.0390771
0.0392584
0.039701
0.0401826
0.0412844
0.0422029
0.0441935
0.0464033
0.0577874
0.282623
0.0177471
0.0174607
0.0168439
0.0162051
0.0156542
0.0152548
0.0151566
0.0153368
0.0162309
0.0189174
0.0253949
0.035818
0.0468808
0.0563995
0.063305
0.0675415
0.0695308
0.0698475
0.0690943
0.067627
0.0658097
0.063862
0.0619187
0.0600601
0.0583322
0.0567535
0.0553303
0.0540593
0.0529313
0.0519349
0.0510572
0.0502845
0.049604
0.049003
0.0484699
0.0479936
0.0475643
0.0471728
0.0468109
0.0464712
0.0461473
0.0458334
0.0455244
0.0452165
0.0449056
0.0445896
0.044266
0.0439341
0.0435919
0.0432403
0.0428779
0.0425062
0.0421243
0.0417408
0.0413529
0.0409693
0.0405846
0.040216
0.039852
0.0395217
0.039203
0.0389448
0.0387075
0.0385705
0.0384801
0.0385302
0.0386646
0.0390382
0.0394774
0.0404979
0.0413718
0.0432736
0.0454164
0.0564678
0.276721
0.0172005
0.0169213
0.0163204
0.0156794
0.0151149
0.0146475
0.0144031
0.0144425
0.0148593
0.0163546
0.0202658
0.0283697
0.038642
0.0486548
0.0568409
0.0626328
0.0661335
0.0677725
0.0680464
0.0674315
0.0661971
0.0646796
0.0630351
0.0613755
0.0597734
0.0582654
0.0568731
0.0556044
0.0544579
0.0534281
0.0525061
0.0516815
0.0509435
0.0502813
0.0496844
0.0491424
0.0486462
0.048187
0.0477569
0.0473487
0.0469562
0.0465738
0.0461964
0.0458205
0.0454418
0.0450586
0.0446686
0.044271
0.0438639
0.0434463
0.0430187
0.0425869
0.0421484
0.0417085
0.0412641
0.0408261
0.0403884
0.0399688
0.0395551
0.039177
0.0388113
0.0385076
0.0382243
0.038043
0.0379034
0.037914
0.0380053
0.0383144
0.0387129
0.0396552
0.0404865
0.0423033
0.0443788
0.0550819
0.270399
0.0166635
0.0163926
0.0158113
0.0151725
0.0145994
0.0141014
0.0137411
0.0136519
0.0138111
0.0145737
0.0168148
0.0221458
0.0308673
0.0405831
0.0494965
0.0565628
0.0614942
0.0644827
0.0659169
0.0662221
0.0657671
0.0647728
0.0635312
0.0621581
0.0607556
0.0593784
0.0580663
0.0568405
0.0557081
0.0546714
0.0537268
0.0528677
0.0520866
0.0513748
0.0507235
0.0501236
0.0495668
0.0490451
0.0485511
0.0480781
0.0476201
0.0471719
0.0467285
0.0462868
0.0458424
0.0453941
0.0449378
0.0444741
0.0440017
0.0435254
0.043041
0.042552
0.0420565
0.0415616
0.0410638
0.0405745
0.0400872
0.0396201
0.0391604
0.0387382
0.0383294
0.0379841
0.037659
0.037437
0.0372531
0.0372235
0.0372794
0.0375289
0.0378886
0.0387558
0.0395466
0.0412824
0.0432907
0.0536318
0.263674
0.0161356
0.0158737
0.0153145
0.014684
0.0141042
0.0135927
0.0131695
0.0129359
0.0129636
0.0132966
0.0144892
0.0175892
0.0240628
0.0327126
0.0416669
0.0495641
0.0557122
0.0599989
0.0626366
0.0639707
0.0643462
0.0640621
0.0633147
0.0623104
0.0611879
0.0600087
0.0588331
0.0576973
0.0566178
0.0556066
0.054666
0.0537943
0.0529882
0.0522418
0.0515487
0.0509013
0.0502928
0.0497161
0.0491647
0.0486324
0.0481138
0.047604
0.0470978
0.0465917
0.0460827
0.0455701
0.0450541
0.0445331
0.0440045
0.0434703
0.042929
0.0423851
0.0418362
0.04129
0.0407426
0.0402061
0.0396734
0.0391631
0.0386617
0.0381998
0.0377526
0.03737
0.0370081
0.0367496
0.0365273
0.0364578
0.036484
0.036681
0.0370035
0.0377993
0.0385521
0.040211
0.0421524
0.0521196
0.256564
0.0156166
0.0153642
0.0148281
0.0142123
0.0136293
0.0131084
0.0126593
0.0123199
0.0122172
0.0123304
0.0129008
0.0145932
0.0186207
0.0255822
0.0338442
0.0419868
0.04899
0.0544065
0.0582128
0.0606202
0.061918
0.0623891
0.0622676
0.0617589
0.0609863
0.0600703
0.0590936
0.0581014
0.0571195
0.056171
0.055265
0.0544072
0.0535988
0.0528368
0.0521179
0.0514364
0.0507873
0.0501648
0.0495635
0.0489781
0.048404
0.0478369
0.0472741
0.0467132
0.0461495
0.0455827
0.0450106
0.0444336
0.0438499
0.043262
0.0426684
0.042074
0.0414764
0.0408836
0.0402915
0.0397127
0.0391395
0.038591
0.0380533
0.0375567
0.0370765
0.0366616
0.0362684
0.035978
0.0357237
0.035617
0.0356166
0.0357701
0.0360572
0.0367858
0.0375031
0.0390895
0.0409647
0.050548
0.249091
0.0151061
0.0148635
0.0143506
0.0137549
0.0131744
0.0126456
0.0121841
0.0117957
0.0115502
0.0115534
0.0117725
0.0126137
0.0148382
0.0196188
0.0265631
0.0342869
0.0416436
0.0478879
0.0527244
0.0561777
0.0584357
0.0597372
0.0603153
0.0603402
0.060067
0.0594933
0.0587738
0.0579795
0.0571432
0.0563008
0.0554657
0.0546514
0.0538656
0.0531094
0.0523832
0.051684
0.0510091
0.0503545
0.0497163
0.0490903
0.0484728
0.0478603
0.0472495
0.0466383
0.0460235
0.0454056
0.0447826
0.0441553
0.0435222
0.0428863
0.042246
0.0416067
0.040966
0.0403323
0.0397014
0.039086
0.0384783
0.0378974
0.0373294
0.0368039
0.0362968
0.0358553
0.0354369
0.0351199
0.03484
0.0347015
0.034675
0.034796
0.035049
0.0357156
0.0364001
0.0379185
0.0397284
0.0489196
0.241274
0.014604
0.0143713
0.0138811
0.013309
0.0127378
0.0122045
0.0117327
0.011326
0.010996
0.0108604
0.0109176
0.0112794
0.0124118
0.0151427
0.0203226
0.0269865
0.0340982
0.040736
0.0463433
0.050722
0.0539138
0.0560747
0.0574079
0.0580764
0.0582898
0.0581656
0.0577906
0.0572611
0.0566224
0.0559306
0.0552078
0.054474
0.0537432
0.0530206
0.0523112
0.0516149
0.0509319
0.0502605
0.0495983
0.0489427
0.0482911
0.0476411
0.0469904
0.0463375
0.0456799
0.0450185
0.0443519
0.0436816
0.043006
0.0423289
0.0416487
0.0409714
0.0402944
0.0396266
0.0389635
0.0383182
0.037683
0.0370763
0.0364847
0.0359369
0.0354097
0.0349478
0.0345109
0.0341731
0.0338745
0.03371
0.0336603
0.0337567
0.033979
0.0345893
0.0352439
0.036699
0.0384446
0.0472376
0.233134
0.0141102
0.0138874
0.013419
0.012872
0.0123162
0.0117846
0.0113036
0.0108869
0.0105232
0.0102692
0.0102102
0.0103264
0.010836
0.0122434
0.015419
0.0205871
0.0268564
0.033353
0.0393483
0.0444225
0.0484367
0.0514272
0.0535319
0.0548907
0.0556798
0.0560437
0.056045
0.0558675
0.0554845
0.0549969
0.0544305
0.0538161
0.053175
0.0525161
0.0518501
0.05118
0.0505095
0.0498396
0.0491697
0.0484992
0.0478269
0.0471517
0.0464724
0.0457883
0.0450975
0.044402
0.0437009
0.0429961
0.0422865
0.0415763
0.0408643
0.0401568
0.0394514
0.0387572
0.0380698
0.0374023
0.0367471
0.0361222
0.0355146
0.0349517
0.0344117
0.0339363
0.0334883
0.0331361
0.0328259
0.0326419
0.0325733
0.032651
0.0328473
0.0334082
0.0340355
0.0354319
0.0371147
0.0455051
0.224696
0.0136247
0.0134116
0.0129644
0.0124424
0.0119062
0.0113832
0.0108972
0.0104714
0.0100936
0.00978554
0.0095897
0.00959481
0.00977243
0.0104175
0.0120564
0.0154721
0.0204306
0.0262263
0.0321269
0.0375519
0.0421769
0.0458896
0.0487274
0.0507831
0.0521877
0.0530858
0.0535517
0.0537303
0.053666
0.0534426
0.053078
0.0526248
0.0521109
0.0515487
0.0509558
0.050338
0.0497036
0.0490563
0.0483977
0.0477294
0.0470521
0.0463661
0.0456713
0.0449684
0.0442562
0.0435377
0.0428124
0.0420833
0.0413494
0.0406158
0.0398812
0.0391527
0.0384278
0.037716
0.0370131
0.0363318
0.0356651
0.0350302
0.0344151
0.0338447
0.0333003
0.0328187
0.0323674
0.0320076
0.0316933
0.0314967
0.0314151
0.0314786
0.0316546
0.0321734
0.0327762
0.0341188
0.0357405
0.0437257
0.215982
0.013147
0.0129437
0.0125171
0.0120193
0.011505
0.0109965
0.0105119
0.010079
0.00969168
0.00936175
0.00909223
0.00896237
0.00899608
0.00923873
0.00999698
0.0118024
0.0152315
0.0198633
0.0251525
0.0304895
0.0354084
0.0396435
0.0431047
0.0458095
0.04783
0.0492844
0.0502505
0.0508473
0.0511455
0.0512027
0.0511033
0.0508536
0.0505061
0.0500755
0.0495874
0.0490505
0.0484782
0.0478771
0.0472512
0.0466047
0.0459403
0.0452598
0.044565
0.0438575
0.0431373
0.0424085
0.0416713
0.0409294
0.0401824
0.039436
0.0386894
0.03795
0.0372157
0.036496
0.0357872
0.0351015
0.0344328
0.0337968
0.033183
0.0326137
0.0320734
0.0315935
0.0311473
0.0307873
0.0304765
0.0302744
0.0301867
0.03024
0.0304015
0.0308866
0.0314676
0.0327614
0.0343238
0.0419032
0.207019
0.0126769
0.012483
0.012077
0.0116024
0.0111104
0.0106206
0.0101443
0.00970875
0.00931402
0.00897166
0.00867337
0.00845021
0.0083619
0.00841947
0.00871219
0.00954409
0.0114325
0.0146812
0.0189243
0.0236999
0.0285088
0.0329696
0.0368597
0.0400974
0.0426807
0.0446768
0.0461519
0.0471967
0.0478906
0.0482891
0.0484724
0.0484536
0.048325
0.0480605
0.0477104
0.0472841
0.046802
0.0462727
0.0457026
0.0450994
0.0444678
0.0438113
0.0431337
0.0424375
0.0417245
0.0409997
0.0402641
0.0395224
0.0387748
0.0380277
0.0372808
0.0365417
0.0358091
0.0350921
0.0343879
0.0337078
0.0330471
0.0324194
0.0318167
0.0312573
0.0307304
0.0302604
0.0298279
0.0294754
0.0291758
0.028976
0.0288894
0.0289364
0.0290897
0.0295498
0.0301117
0.0313617
0.0328669
0.0400417
0.197832
0.0122142
0.0120294
0.0116439
0.0111916
0.0107217
0.0102525
0.00979003
0.00935785
0.00895941
0.00860789
0.00829586
0.00803429
0.00784299
0.00778609
0.00785971
0.00817996
0.00903708
0.0108895
0.0138629
0.0176742
0.0219381
0.0262491
0.0302858
0.0338611
0.036887
0.0393602
0.0413149
0.0428086
0.0439126
0.044678
0.0451787
0.0454425
0.0455316
0.0454729
0.0452997
0.0450138
0.0446508
0.0442199
0.04373
0.0431932
0.0426158
0.0420032
0.0413615
0.0406943
0.040005
0.0392998
0.0385809
0.0378536
0.0371191
0.0363843
0.0356497
0.0349232
0.034204
0.0335012
0.0328128
0.0321489
0.0315068
0.0308974
0.0303158
0.0297755
0.0292715
0.02882
0.0284102
0.0280732
0.0277926
0.0276028
0.0275248
0.0275699
0.0277211
0.0281652
0.0287108
0.0299221
0.0313724
0.0381456
0.188449
0.0117587
0.0115828
0.0112173
0.0107869
0.0103385
0.00989033
0.00944535
0.00902219
0.00862533
0.00826795
0.0079476
0.00766745
0.00743433
0.00726703
0.00723084
0.00731092
0.00763382
0.00845837
0.0101803
0.0128214
0.0161761
0.0199386
0.0237717
0.0274103
0.0306833
0.033506
0.0358616
0.0377655
0.0392654
0.0404017
0.0412354
0.041802
0.0421515
0.0423222
0.0423273
0.0422267
0.0420112
0.0417047
0.0413196
0.0408731
0.040372
0.0398242
0.0392383
0.0386188
0.0379707
0.037302
0.0366159
0.0359183
0.0352115
0.034503
0.0337942
0.033093
0.0323999
0.031723
0.0310622
0.0304256
0.0298131
0.0292322
0.028682
0.0281703
0.0276988
0.0272745
0.0268964
0.0265828
0.0263292
0.0261575
0.0260951
0.0261433
0.0262988
0.0267356
0.0272675
0.0284455
0.0298432
0.0362196
0.1789
0.01131
0.0111429
0.0107972
0.0103883
0.00996076
0.00953313
0.00910745
0.00869759
0.00830778
0.00794927
0.00762402
0.0073335
0.00708022
0.00686939
0.00671999
0.0066926
0.00676965
0.00706934
0.00781312
0.00933692
0.01161
0.0145026
0.0177712
0.021144
0.0243973
0.0273728
0.0299907
0.0322158
0.0340586
0.0355389
0.0366985
0.0375709
0.0381963
0.0386135
0.0388438
0.0389222
0.0388733
0.0387263
0.0384691
0.0381362
0.0377335
0.0372715
0.0367615
0.0362088
0.0356204
0.0350052
0.0343687
0.0337168
0.033053
0.0323853
0.0317163
0.0310538
0.0303996
0.0297611
0.0291397
0.0285416
0.0279698
0.0274278
0.0269193
0.0264455
0.0260163
0.0256278
0.0252903
0.0250078
0.0247893
0.0246434
0.0246028
0.0246606
0.0248266
0.0252641
0.0257852
0.0269353
0.0282829
0.0342691
0.169216
0.010868
0.0107095
0.0103833
0.00999539
0.00958845
0.00918068
0.00877472
0.00838073
0.00800237
0.007648
0.0073218
0.00702581
0.00676144
0.00653035
0.00633709
0.00620015
0.00617001
0.00623527
0.00649104
0.00712289
0.00840014
0.0102947
0.0127269
0.0155115
0.018437
0.0213073
0.0239862
0.026386
0.0284702
0.0302279
0.0316745
0.0328314
0.0337277
0.0343952
0.0348591
0.035146
0.0352856
0.0352841
0.0351892
0.0349941
0.0347095
0.0343534
0.0339388
0.0334714
0.0329614
0.0324167
0.0318461
0.0312562
0.030651
0.0300388
0.0294235
0.0288132
0.0282109
0.0276228
0.0270529
0.0265043
0.0259841
0.025491
0.0250344
0.0246077
0.0242299
0.0238857
0.0235971
0.0233534
0.0231778
0.0230652
0.0230509
0.0231279
0.023309
0.0237541
0.0242674
0.0253953
0.0266953
0.0322996
0.159429
0.0104325
0.0102824
0.0099753
0.00960804
0.00922147
0.00883298
0.00844644
0.0080695
0.00770538
0.00735975
0.00703702
0.00673989
0.00646992
0.00622795
0.00601537
0.00583577
0.0057069
0.00566397
0.00571118
0.00591072
0.00640991
0.00742402
0.00894403
0.0109246
0.013241
0.0157234
0.018214
0.0205857
0.0227562
0.0246771
0.0263319
0.0277198
0.0288549
0.0297557
0.0304457
0.0309438
0.0312785
0.0314613
0.0315146
0.0314622
0.0313257
0.0310929
0.0307912
0.0304258
0.0300115
0.029554
0.0290647
0.0285516
0.0280204
0.0274781
0.02693
0.0263849
0.025847
0.0253212
0.024814
0.0243255
0.0238671
0.0234327
0.0230374
0.0226663
0.0223485
0.0220563
0.0218246
0.0216266
0.0215014
0.0214285
0.0214438
0.021552
0.0217514
0.0222096
0.0227188
0.0238299
0.025085
0.0303174
0.149573
0.0100032
0.00986137
0.00957294
0.00922594
0.00885957
0.00849001
0.00812235
0.00776276
0.00741427
0.00708062
0.00676537
0.00647132
0.00620024
0.00595318
0.0057305
0.00553353
0.00536446
0.00524049
0.00517773
0.00520401
0.00534232
0.00570513
0.00646132
0.00762225
0.00917518
0.0110374
0.0130869
0.0151941
0.0172498
0.0191715
0.0209104
0.0224365
0.0237445
0.0248339
0.0257202
0.0264129
0.0269352
0.0272991
0.0275226
0.027625
0.0276142
0.0275256
0.0273563
0.0271064
0.0268023
0.0264465
0.0260528
0.0256296
0.0251856
0.0247262
0.024258
0.0237904
0.0233281
0.0228753
0.0224412
0.0220223
0.0216349
0.0212676
0.0209423
0.0206342
0.0203839
0.0201505
0.0199826
0.0198367
0.0197683
0.0197392
0.0197923
0.0199373
0.0201614
0.0206353
0.0211448
0.0222443
0.0234573
0.0283294
0.139687
0.00957987
0.00944615
0.00917597
0.00884879
0.00850244
0.00815164
0.00780238
0.00746004
0.0071276
0.00680775
0.00650297
0.0062157
0.00594756
0.00569983
0.00547292
0.00526713
0.0050835
0.00492267
0.00480197
0.00471586
0.00472169
0.00480099
0.00503877
0.00555503
0.00639205
0.00754841
0.00898227
0.01061
0.0123351
0.014062
0.0157199
0.017251
0.0186276
0.0198276
0.020852
0.0216984
0.0223807
0.0229068
0.0232908
0.023547
0.023688
0.0237235
0.0236771
0.0235669
0.023383
0.0231393
0.0228525
0.0225299
0.0221838
0.0218172
0.0214394
0.0210596
0.0206826
0.0203119
0.0199592
0.0196181
0.0193091
0.019016
0.0187676
0.0185284
0.0183516
0.0181827
0.0180837
0.0179955
0.0179891
0.0180029
0.0181104
0.0182893
0.0185468
0.0190373
0.0195522
0.0206441
0.0218181
0.0263431
0.129816
0.00916233
0.00903651
0.00878416
0.00847637
0.00814971
0.00781761
0.00748641
0.0071611
0.00684469
0.00653941
0.00624696
0.00596913
0.00570742
0.00546259
0.00523615
0.00502644
0.00483717
0.00466241
0.00451358
0.00438664
0.00429336
0.00426463
0.00429722
0.0044305
0.0047442
0.00530123
0.00610741
0.00714677
0.00837602
0.00972197
0.0111176
0.0124913
0.0137984
0.0149962
0.0160691
0.0169991
0.0177893
0.0184377
0.018954
0.0193444
0.019623
0.0197935
0.0198777
0.019873
0.0198116
0.0196962
0.0195223
0.0193074
0.0190661
0.0187984
0.0185183
0.0182335
0.0179487
0.0176662
0.0174011
0.0171431
0.0169178
0.0167035
0.0165371
0.0163707
0.0162713
0.0161709
0.0161439
0.0161176
0.0161759
0.0162347
0.0164051
0.0166177
0.0169154
0.0174239
0.0179496
0.0190355
0.0201744
0.024367
0.120008
0.00875033
0.00863222
0.00839724
0.0081084
0.00780108
0.00748756
0.0071742
0.00686575
0.00656522
0.00627467
0.0059955
0.00572876
0.00547599
0.00523712
0.0050143
0.0048056
0.00461364
0.00443641
0.00427313
0.00413233
0.00400048
0.00390975
0.00383704
0.00383958
0.00389386
0.00404956
0.00438383
0.0048924
0.00559059
0.00645105
0.00744124
0.00850184
0.00958851
0.0106479
0.011652
0.0125676
0.0133862
0.0140929
0.0146913
0.0151774
0.0155635
0.0158465
0.0160473
0.0161604
0.0162091
0.0161921
0.0161332
0.0160353
0.0158997
0.0157323
0.0155535
0.0153661
0.0151759
0.0149832
0.0148092
0.0146359
0.014497
0.014363
0.0142807
0.0141882
0.0141672
0.0141373
0.0141864
0.0142114
0.0143495
0.0144516
0.0146864
0.0149338
0.0152768
0.0158044
0.0163464
0.0174263
0.0185338
0.0224105
0.110314
0.00834362
0.00823305
0.00801499
0.00774465
0.00745625
0.00716113
0.00686544
0.00657371
0.00628893
0.00601309
0.0057475
0.00549285
0.00525034
0.00502002
0.00480271
0.00459914
0.00440707
0.00423193
0.00406325
0.00391692
0.0037725
0.00365589
0.00354497
0.00347004
0.00341994
0.00342802
0.00348702
0.00363863
0.00392601
0.00433899
0.00488956
0.00555035
0.00630041
0.00709435
0.00790562
0.00869204
0.00943839
0.010117
0.0107255
0.0112476
0.0116926
0.0120484
0.0123348
0.0125397
0.0126879
0.0127684
0.0128078
0.012797
0.0127612
0.0126985
0.0126193
0.012525
0.0124263
0.0123205
0.0122362
0.0121448
0.0120914
0.0120349
0.0120352
0.0120138
0.0120745
0.0120981
0.0122356
0.0123067
0.0125249
0.01267
0.0129691
0.0132511
0.0136423
0.0141895
0.0147522
0.0158265
0.0169057
0.0204838
0.100784
0.00794196
0.00783873
0.00763714
0.00738488
0.00711494
0.00683798
0.00655978
0.00628467
0.0060155
0.00575435
0.0055023
0.00526037
0.0050286
0.00480862
0.00459826
0.00440218
0.00421318
0.00404176
0.00387374
0.00372552
0.00357885
0.00345213
0.00332846
0.00322595
0.00313181
0.00306714
0.00302212
0.00302779
0.00307223
0.00318747
0.00339978
0.00369657
0.00408965
0.00455588
0.00508646
0.00564416
0.00621785
0.0067735
0.00730561
0.00778729
0.00822525
0.00859716
0.00892218
0.00917826
0.00939259
0.00954283
0.00966366
0.00972991
0.00978186
0.00979318
0.00980112
0.00978478
0.00977497
0.00974832
0.00974826
0.009727
0.00976252
0.00976104
0.00984841
0.00987895
0.0100268
0.0100964
0.0103165
0.0104311
0.0107229
0.0109094
0.0112705
0.0115856
0.0120255
0.0125918
0.0131781
0.0142475
0.0153005
0.0185982
0.0914718
0.0075451
0.00744903
0.00726348
0.00702884
0.00677692
0.00651781
0.00625685
0.00599826
0.00574454
0.00549816
0.00525946
0.00503061
0.0048098
0.00460096
0.00439889
0.00421122
0.00402817
0.00386144
0.00369766
0.00355034
0.00340556
0.00327619
0.00314946
0.00303808
0.00292953
0.00283952
0.00275385
0.00269515
0.0026455
0.0026407
0.00266034
0.00272224
0.00285312
0.00303751
0.00328612
0.00357938
0.0039217
0.00428241
0.00466058
0.00502473
0.00538348
0.00570513
0.00600968
0.0062635
0.00649731
0.00667653
0.00684362
0.00695724
0.00707131
0.00713623
0.00721617
0.00725184
0.00731967
0.00734344
0.00742332
0.00745062
0.00756257
0.00760672
0.00776813
0.00784123
0.0080626
0.0081718
0.00846107
0.00861414
0.00896985
0.00919293
0.00961093
0.00995574
0.0104425
0.0110264
0.0116375
0.0127022
0.0137304
0.0167663
0.0824311
0.00715278
0.00706364
0.00689371
0.00667628
0.00644193
0.00620034
0.00595629
0.00571414
0.00547565
0.00524411
0.00501863
0.00480297
0.00459339
0.00439578
0.00420317
0.00402412
0.00384898
0.00368788
0.00353034
0.00338604
0.00324546
0.00311683
0.00299188
0.00287802
0.00276768
0.00266813
0.00257321
0.00248895
0.00241382
0.0023487
0.00230479
0.00226833
0.00226813
0.00228634
0.00234257
0.00243188
0.00256381
0.00271743
0.00290965
0.00311104
0.00333713
0.00355211
0.00377801
0.00397359
0.00417384
0.00433463
0.00450333
0.00462571
0.00476461
0.00485308
0.00497177
0.00503746
0.00515222
0.00520954
0.00533994
0.0054014
0.0055637
0.0056403
0.00585201
0.00595651
0.00622927
0.00636803
0.00670818
0.00689005
0.00729687
0.00754819
0.00801408
0.00838359
0.00891176
0.00951091
0.0101455
0.0112053
0.0122093
0.0150021
0.0737162
0.00676474
0.00668226
0.00652746
0.00632687
0.00610965
0.00588528
0.00565779
0.00543193
0.00520847
0.00499173
0.00477947
0.00457685
0.0043789
0.00419229
0.00400999
0.00383964
0.00367347
0.00351881
0.00336867
0.00322881
0.00309401
0.00296791
0.00284733
0.00273384
0.0026264
0.00252419
0.00242943
0.00233757
0.0022557
0.00217486
0.00210699
0.00204106
0.0019891
0.00194521
0.0019157
0.00190332
0.0019087
0.00192853
0.00197805
0.00203529
0.00212148
0.00220624
0.00231699
0.0024177
0.00254267
0.00264531
0.00277158
0.00286368
0.0029849
0.00306216
0.00318057
0.00324808
0.00337398
0.00344075
0.00358782
0.00366145
0.00384258
0.00393242
0.00416546
0.00428433
0.00458123
0.00473409
0.00510192
0.00529875
0.00573907
0.00600688
0.00650752
0.0068946
0.00745541
0.00806621
0.00872007
0.00977389
0.010753
0.0133211
0.0653814
0.00638073
0.0063047
0.00616451
0.00598032
0.00577977
0.0055723
0.00536101
0.00515122
0.00494265
0.0047405
0.00454161
0.00435175
0.00416581
0.00398996
0.00381845
0.00365692
0.00350021
0.00335262
0.00321053
0.00307609
0.00294797
0.00282578
0.00271062
0.00259967
0.00249638
0.00239547
0.00230309
0.00221125
0.00212871
0.00204571
0.00197211
0.00189831
0.00183384
0.00176979
0.00171619
0.00166335
0.00162382
0.00158507
0.00156436
0.00154471
0.00154456
0.00154438
0.00156407
0.00158001
0.00161815
0.00164688
0.00169751
0.00173159
0.00179827
0.00183762
0.00192035
0.00196405
0.00206519
0.00211652
0.00224388
0.00230613
0.0024706
0.00255295
0.00277315
0.00288675
0.00317441
0.00332362
0.00368927
0.00388521
0.00433552
0.00460514
0.00512295
0.00551824
0.00609898
0.00671632
0.00738224
0.00842727
0.00937955
0.0117407
0.0574795
0.00600059
0.0059308
0.00580467
0.00563639
0.00545203
0.00526107
0.00506566
0.00487162
0.00467784
0.00448998
0.00430459
0.00412722
0.00395354
0.00378834
0.0036278
0.00347529
0.00332822
0.0031882
0.0030544
0.0029262
0.00280508
0.00268796
0.00257854
0.00247174
0.00237298
0.00227548
0.00218642
0.00209731
0.0020168
0.00193545
0.00186256
0.00178824
0.0017226
0.00165472
0.00159612
0.00153466
0.00148315
0.00142832
0.00138467
0.00133719
0.00130259
0.00126512
0.00124157
0.00121437
0.00120035
0.00118388
0.00117867
0.00117308
0.00118263
0.00118172
0.00120533
0.00121238
0.00125577
0.00127445
0.00134568
0.00138115
0.00149591
0.001556
0.00172712
0.00181903
0.00205958
0.00218977
0.00251738
0.00269808
0.00312767
0.00338309
0.00389627
0.00428804
0.00487207
0.0054889
0.00615623
0.0071877
0.00810954
0.0102799
0.0500596
0.00562447
0.00556064
0.00544794
0.00529495
0.00512629
0.00495137
0.00477154
0.00459282
0.00441373
0.0042398
0.00406798
0.00390287
0.00374151
0.00358698
0.00343742
0.00329418
0.00315671
0.0030247
0.00289921
0.0027779
0.00266384
0.00255268
0.00244912
0.00234748
0.00225354
0.00216051
0.00207537
0.00199012
0.00191278
0.00183462
0.00176425
0.00169237
0.00162836
0.00156214
0.00150381
0.00144293
0.00138978
0.00133382
0.0012857
0.00123438
0.00119116
0.00114453
0.00110643
0.00106467
0.00103232
0.000997044
0.000971343
0.000941898
0.000923672
0.000899544
0.000887528
0.000872152
0.000871912
0.000868507
0.000884593
0.00089387
0.000940116
0.000967383
0.00105916
0.00111381
0.00127392
0.0013719
0.00163058
0.00178287
0.00215802
0.00238396
0.00286684
0.00324144
0.00380855
0.0044155
0.00507006
0.0060806
0.00696628
0.00895983
0.0431653
0.00525354
0.00519528
0.00509495
0.00495639
0.00480285
0.00464334
0.00447871
0.0043148
0.00415021
0.00398984
0.00383147
0.00367849
0.00352933
0.00338555
0.00324683
0.0031131
0.00298513
0.00286151
0.00274426
0.00263033
0.00252332
0.0024187
0.0023211
0.00222524
0.00213634
0.00204842
0.00196753
0.00188684
0.00181309
0.00173903
0.00167167
0.0016035
0.00154193
0.00147913
0.00142262
0.00136482
0.00131286
0.00125957
0.00121186
0.00116266
0.00111895
0.00107354
0.00103366
0.000991843
0.000955698
0.000917415
0.000885135
0.000850288
0.000822061
0.00079204
0.000769272
0.000745443
0.00072992
0.000713601
0.000707464
0.000702785
0.000709096
0.00071654
0.000749916
0.000775701
0.000856272
0.000914705
0.00107626
0.00118621
0.00146785
0.00165283
0.00207584
0.00241991
0.00294726
0.00353258
0.00415658
0.00513559
0.0059769
0.00780437
0.0368315
0.00489185
0.00483849
0.00474841
0.00462287
0.00448345
0.00433838
0.00418831
0.0040385
0.00388797
0.00374072
0.00359546
0.00345442
0.00331719
0.00318419
0.00305607
0.00293203
0.00281339
0.00269841
0.00258931
0.0024831
0.00238314
0.00228542
0.00219388
0.00210418
0.00202051
0.00193811
0.0018617
0.00178604
0.00171611
0.00164666
0.00158259
0.00151873
0.00145996
0.00140122
0.00134714
0.00129315
0.0012433
0.00119363
0.00114771
0.00110197
0.00105972
0.00101759
0.000978881
0.000940085
0.000904756
0.000869151
0.000836994
0.000804571
0.000775991
0.000749003
0.000726523
0.000705558
0.000688745
0.000674005
0.000663575
0.000654986
0.000654012
0.00065617
0.000667149
0.000683376
0.000724819
0.000763851
0.000860825
0.000940808
0.00113125
0.00127838
0.00159606
0.00189649
0.00234147
0.00288818
0.00345769
0.00438978
0.00517515
0.00684173
0.0310833
0.00455091
0.00450113
0.00441666
0.00430157
0.00417426
0.00404184
0.00390495
0.003768
0.00363051
0.00349557
0.00336263
0.00323306
0.00310715
0.00298469
0.00286677
0.00275234
0.00264276
0.00253648
0.00243537
0.00233701
0.00224405
0.00215342
0.002068
0.00198468
0.00190635
0.00182975
0.00175798
0.00168764
0.00162176
0.00155721
0.00149671
0.00143741
0.0013818
0.00132736
0.00127614
0.0012262
0.001179
0.00113319
0.00108971
0.00104765
0.00100769
0.000969184
0.000932566
0.000897238
0.000863975
0.000832518
0.000804539
0.000778335
0.000755645
0.000734251
0.000715479
0.000699013
0.000685649
0.000676725
0.000670935
0.00067257
0.000677408
0.000690144
0.000707048
0.000740023
0.000775861
0.000830482
0.00089992
0.000979426
0.00110738
0.00124455
0.00146658
0.00173617
0.00207695
0.0025806
0.00305395
0.00390857
0.0046101
0.00610868
0.0259372
0.00425954
0.00421028
0.00412193
0.00401267
0.00389351
0.00377022
0.00364344
0.0035166
0.00338966
0.00326495
0.00314238
0.00302276
0.0029067
0.00279373
0.00268493
0.00257939
0.00247815
0.00238009
0.00228651
0.00219573
0.00210948
0.0020258
0.00194639
0.00186941
0.00179644
0.00172565
0.00165864
0.00159365
0.00153205
0.00147244
0.00141581
0.00136116
0.00130907
0.00125903
0.00121107
0.0011653
0.0011212
0.00107927
0.00103867
0.00100027
0.000963347
0.000929138
0.000896996
0.000867541
0.000840679
0.000815734
0.000792903
0.000772433
0.00075467
0.00074079
0.000731087
0.000725324
0.000726791
0.000732731
0.000744002
0.00076718
0.000793354
0.000843315
0.000886525
0.000968616
0.00103252
0.00115222
0.0012383
0.00139592
0.00150265
0.00169777
0.00183214
0.00208803
0.00228764
0.00269654
0.00303962
0.00376911
0.00435893
0.00566896
0.0214127
0.00408214
0.0040216
0.00391836
0.003807
0.0036887
0.00356726
0.00344346
0.00332001
0.00319732
0.00307723
0.0029599
0.00284585
0.00273567
0.00262889
0.00252628
0.00242722
0.00233224
0.00224071
0.0021532
0.00206879
0.00198829
0.00191065
0.00183664
0.00176534
0.00169738
0.00163193
0.00156957
0.00150958
0.00145234
0.00139744
0.00134492
0.00129476
0.00124661
0.00120079
0.00115655
0.00111492
0.00107476
0.00103764
0.00100193
0.000969735
0.000938753
0.000910686
0.000884078
0.000860934
0.000839672
0.00082265
0.000809587
0.000800266
0.000796864
0.000800481
0.000808281
0.000824149
0.000848063
0.000891604
0.00093368
0.00101065
0.00107612
0.00119601
0.001289
0.0014586
0.00157945
0.0017976
0.00194058
0.00219619
0.00234914
0.00262344
0.00276812
0.00304018
0.0031707
0.00346073
0.00364912
0.00413831
0.00455992
0.00560908
0.0175672
0.00411926
0.00403466
0.00392018
0.00379623
0.00366442
0.00352861
0.003391
0.00325471
0.00312102
0.00299174
0.00286722
0.00274788
0.00263409
0.00252532
0.00242194
0.00232366
0.00223024
0.0021411
0.00205626
0.00197514
0.00189791
0.00182403
0.00175367
0.00168633
0.00162224
0.00156085
0.00150248
0.00144659
0.00139347
0.00134266
0.00129443
0.00124844
0.00120477
0.00116361
0.00112469
0.0010884
0.00105416
0.00102285
0.000993722
0.000968013
0.000944611
0.000925836
0.000910442
0.00089993
0.000893548
0.000895912
0.000902643
0.000916609
0.000938934
0.000977849
0.00102124
0.00109655
0.00116551
0.0012869
0.00138795
0.0015657
0.00170273
0.00194217
0.00211281
0.0024069
0.00260026
0.00292657
0.0031255
0.00345652
0.00364456
0.00396001
0.00412451
0.00441456
0.00454598
0.00480715
0.00491196
0.00520346
0.00541045
0.0060935
0.0144259
0.00448429
0.00434144
0.00419603
0.00404091
0.00387556
0.00370501
0.00353413
0.00336752
0.00320736
0.00305532
0.00291181
0.00277679
0.00265013
0.00253105
0.00241928
0.00231314
0.0022131
0.00211877
0.00203006
0.00194636
0.00186759
0.00179312
0.00172304
0.00165654
0.00159413
0.00153468
0.00147906
0.00142597
0.00137658
0.00132929
0.00128581
0.00124397
0.00120627
0.00117074
0.00113959
0.00111093
0.0010869
0.00106647
0.00105123
0.00103985
0.00103481
0.00103813
0.00104719
0.00106282
0.00108828
0.00112698
0.00117792
0.00125709
0.00133671
0.00146534
0.0015821
0.00177446
0.00193457
0.00219966
0.0024035
0.00273836
0.00297725
0.00336444
0.00361866
0.00402303
0.00426923
0.00464958
0.00486979
0.00520559
0.00539049
0.00567589
0.00582584
0.00607558
0.00619594
0.00643732
0.00653779
0.0068015
0.00690164
0.0072769
0.0120576
0.00550541
0.00528374
0.00506902
0.00483533
0.00458093
0.00431745
0.00405684
0.00380831
0.00357598
0.00336165
0.00316557
0.00298648
0.00282355
0.00267449
0.00253868
0.00241422
0.00230018
0.00219464
0.00209746
0.00200717
0.00192376
0.00184604
0.00177433
0.0017072
0.00164577
0.00158793
0.00153568
0.00148659
0.001443
0.0014024
0.00136751
0.00133551
0.00131107
0.0012896
0.00127663
0.00126707
0.00126891
0.0012777
0.00129385
0.00131783
0.00135394
0.00140347
0.00147342
0.00155906
0.00167442
0.00181185
0.00197411
0.0021782
0.00239702
0.00267847
0.00295619
0.00331665
0.00364198
0.00406621
0.0044142
0.00486974
0.00520842
0.00566074
0.005957
0.0063668
0.00661019
0.00694163
0.00713527
0.00739731
0.0075425
0.0077487
0.00785729
0.00804126
0.00812603
0.0083333
0.00841335
0.00870716
0.00879846
0.00911883
0.0105575
0.00750551
0.00722294
0.00691857
0.00655463
0.00613209
0.00568588
0.00524571
0.00483282
0.00445562
0.00411721
0.00381681
0.00354993
0.00331484
0.00310581
0.00292171
0.00275723
0.00261248
0.0024821
0.00236694
0.00226292
0.0021706
0.00208765
0.00201441
0.00194905
0.00189253
0.00184245
0.00180209
0.00176742
0.00174228
0.00172366
0.00171432
0.00171792
0.0017318
0.0017559
0.00179171
0.00183772
0.00189935
0.00197892
0.00208155
0.00220722
0.00237433
0.0025497
0.00279128
0.00302878
0.0033439
0.00366111
0.00404461
0.00444086
0.00488121
0.00534173
0.00580956
0.00630236
0.00675706
0.0072424
0.00764579
0.00808914
0.00842244
0.00880371
0.00905698
0.0093507
0.00953318
0.00973533
0.00986634
0.0100193
0.0100953
0.0102354
0.0102685
0.01044
0.0104553
0.0106939
0.0107233
0.0110983
0.0111631
0.0116721
0.0099415
0.0106599
0.0104645
0.0102365
0.00977745
0.00909734
0.00833088
0.00756556
0.00685898
0.00622752
0.00567262
0.00519421
0.0047807
0.00442934
0.00412537
0.00386933
0.00364665
0.00346185
0.00330032
0.00316881
0.00305496
0.00296431
0.00289149
0.00283615
0.00279851
0.00277283
0.00277089
0.00278505
0.00281375
0.00286041
0.00292396
0.00300985
0.00311413
0.00323754
0.00338482
0.00356274
0.00377173
0.00401813
0.00429901
0.00463618
0.00498347
0.00542068
0.00582059
0.00633297
0.00679486
0.0073516
0.0078559
0.00842764
0.00894353
0.00949392
0.00998534
0.0104739
0.0109105
0.0113102
0.0116702
0.0119756
0.0122565
0.0124895
0.012697
0.0128497
0.0129772
0.0130285
0.0131402
0.0131499
0.0132728
0.0132455
0.0133961
0.013373
0.0135904
0.0135836
0.0139236
0.0139639
0.0145366
0.0145903
0.0153664
0.010156
0.0150608
0.0159887
0.0166989
0.016367
0.015203
0.0137883
0.0123786
0.0111218
0.010038
0.00912484
0.0083747
0.00775549
0.00726099
0.006853
0.00654027
0.00628705
0.00610944
0.00596959
0.00589103
0.00583843
0.00584709
0.00588609
0.00595912
0.00606134
0.00619824
0.00636559
0.00656891
0.00680051
0.00706849
0.00736481
0.00768728
0.00803685
0.00842294
0.00884205
0.00930069
0.00978511
0.0103015
0.0108312
0.0113827
0.0119334
0.0125056
0.0130425
0.0135951
0.0140968
0.0145989
0.0150514
0.015486
0.0158736
0.0162329
0.0165354
0.0168079
0.0170203
0.0171938
0.0173161
0.017432
0.0175097
0.0175695
0.0176332
0.017608
0.0176764
0.017602
0.0177132
0.0176333
0.0178015
0.0177429
0.0179947
0.0180161
0.0184005
0.0185244
0.0191571
0.0193983
0.0204861
0.0207599
0.0222008
0.0112553
0.0207763
0.0283415
0.0340715
0.0339267
0.0313725
0.0283477
0.0254884
0.0231489
0.0212586
0.0198004
0.0187206
0.0179202
0.0173641
0.0169701
0.0167649
0.0166759
0.0167161
0.0168111
0.0169766
0.0171849
0.0174549
0.0177559
0.0181002
0.0184601
0.0188571
0.0192602
0.019695
0.0201229
0.0205708
0.0210011
0.021441
0.0218487
0.0222632
0.0226363
0.023014
0.0233437
0.0236822
0.0239644
0.0242598
0.0244912
0.0247398
0.0249183
0.0251167
0.0252398
0.0253861
0.0254537
0.0255503
0.0255594
0.0256288
0.0255441
0.0255999
0.0254433
0.0254703
0.0253036
0.0252838
0.02516
0.0250943
0.0251145
0.024982
0.0251054
0.0250071
0.0252578
0.02526
0.0256807
0.0257979
0.02644
0.0268371
0.0278069
0.0284828
0.0301406
0.0311437
0.0339833
0.0353067
0.039274
0.0138783
0.0279408
0.0832615
0.109042
0.107581
0.099758
0.0907098
0.0825389
0.0762337
0.0711347
0.0674293
0.0647631
0.0627166
0.0612035
0.059993
0.0591223
0.0583817
0.0578456
0.0572833
0.0568465
0.0563466
0.0559645
0.055489
0.0551225
0.0546345
0.054245
0.0537019
0.0532684
0.0526482
0.0521346
0.0514521
0.0509383
0.0502764
0.0498105
0.0491426
0.0487368
0.0480518
0.0477144
0.0470134
0.0467306
0.0460263
0.0457803
0.0450921
0.044874
0.0442051
0.0440194
0.0433759
0.0432303
0.0426045
0.0425119
0.0418897
0.0418424
0.0412734
0.0412575
0.0408208
0.0408534
0.0406247
0.04075
0.0408695
0.0410718
0.0416044
0.0419191
0.0429689
0.0434836
0.0451044
0.0460956
0.0486217
0.0503109
0.0541119
0.0568753
0.0631627
0.067449
0.0780082
0.0845171
0.101478
0.0193117
0.290413
0.633712
0.690321
0.644292
0.582744
0.507638
0.441436
0.386468
0.3416
0.305235
0.27578
0.251699
0.231963
0.215421
0.20151
0.189705
0.179652
0.170982
0.163483
0.156913
0.151152
0.146027
0.141475
0.137362
0.133658
0.130251
0.127146
0.124232
0.121534
0.118959
0.116582
0.11428
0.11216
0.110051
0.108168
0.106217
0.104553
0.102748
0.101276
0.0996235
0.0983267
0.0968452
0.0957311
0.0944433
0.0935394
0.092483
0.0918312
0.0910474
0.0906941
0.0902277
0.0902034
0.0901687
0.0905319
0.0910575
0.0919343
0.0931314
0.0948277
0.0968248
0.0995169
0.102483
0.106932
0.111272
0.118188
0.124575
0.134995
0.144751
0.160591
0.175975
0.200649
0.226136
0.266535
0.311778
0.380265
0.494471
0.246102
)
;

boundaryField
{
    inlet
    {
        Cmu             0.09;
        kappa           0.41;
        E               9.8;
        type            epsilonWallFunction;
        value           nonuniform List<scalar> 
75
(
0.359356
0.0501475
0.0474808
0.0451881
0.0431905
0.0414223
0.0398396
0.0384062
0.0370963
0.0358873
0.0347599
0.0337
0.0326967
0.0317418
0.0308288
0.0299526
0.0291082
0.0282914
0.0274999
0.0267317
0.025985
0.0252584
0.0245504
0.0238599
0.0231858
0.0225273
0.0218834
0.0212534
0.0206364
0.0200361
0.0194476
0.0188702
0.0183035
0.0177471
0.0172005
0.0166635
0.0161356
0.0156166
0.0151061
0.014604
0.0141102
0.0136247
0.013147
0.0126769
0.0122142
0.0117587
0.01131
0.010868
0.0104325
0.0100032
0.00957987
0.00916233
0.00875033
0.00834362
0.00794196
0.0075451
0.00715278
0.00676474
0.00638073
0.00600059
0.00562447
0.00525354
0.00489185
0.00455091
0.00425954
0.00408214
0.00411926
0.00448429
0.00550541
0.00750551
0.0106599
0.0150608
0.0207763
0.0279408
0.290413
)
;
    }
    outlet
    {
        Cmu             0.09;
        kappa           0.41;
        E               9.8;
        type            epsilonWallFunction;
        value           nonuniform List<scalar> 
75
(
0.702152
0.130412
0.151544
0.172916
0.19253
0.209969
0.225331
0.238857
0.250787
0.261331
0.270653
0.278881
0.286113
0.292425
0.297877
0.302515
0.306378
0.309497
0.311905
0.313628
0.31467
0.315062
0.314872
0.314077
0.312698
0.310752
0.308257
0.305228
0.301681
0.297631
0.293094
0.288086
0.282623
0.276721
0.270399
0.263674
0.256564
0.249091
0.241274
0.233134
0.224696
0.215982
0.207019
0.197832
0.188449
0.1789
0.169216
0.159429
0.149573
0.139687
0.129816
0.120008
0.110314
0.100784
0.0914718
0.0824311
0.0737162
0.0653814
0.0574795
0.0500596
0.0431653
0.0368315
0.0310833
0.0259372
0.0214127
0.0175672
0.0144259
0.0120576
0.0105575
0.0099415
0.010156
0.0112553
0.0138783
0.0193117
0.246102
)
;
    }
    fixedWalls
    {
        Cmu             0.09;
        kappa           0.41;
        E               9.8;
        type            epsilonWallFunction;
        value           nonuniform List<scalar> 
150
(
0.290413
0.633712
0.690321
0.644292
0.582744
0.507638
0.441436
0.386468
0.3416
0.305235
0.27578
0.251699
0.231963
0.215421
0.20151
0.189705
0.179652
0.170982
0.163483
0.156913
0.151152
0.146027
0.141475
0.137362
0.133658
0.130251
0.127146
0.124232
0.121534
0.118959
0.116582
0.11428
0.11216
0.110051
0.108168
0.106217
0.104553
0.102748
0.101276
0.0996235
0.0983267
0.0968452
0.0957311
0.0944433
0.0935394
0.092483
0.0918312
0.0910474
0.0906941
0.0902277
0.0902034
0.0901687
0.0905319
0.0910575
0.0919343
0.0931314
0.0948277
0.0968248
0.0995169
0.102483
0.106932
0.111272
0.118188
0.124575
0.134995
0.144751
0.160591
0.175975
0.200649
0.226136
0.266535
0.311778
0.380265
0.494471
0.246102
0.359356
0.289809
0.111085
0.0640662
0.0535307
0.0437919
0.0388061
0.0346473
0.0321978
0.0302403
0.0290591
0.0282132
0.0277201
0.0276442
0.0277861
0.0280897
0.0285747
0.0292192
0.0300054
0.0309297
0.0319882
0.0331694
0.0344639
0.035863
0.0373599
0.0389492
0.0406281
0.0423973
0.0442548
0.0461626
0.0481381
0.050176
0.0522775
0.0544385
0.056656
0.0589271
0.0612496
0.0636208
0.0660386
0.0685013
0.0710089
0.0735613
0.0761497
0.0787747
0.081438
0.0841395
0.0868797
0.0896612
0.0924844
0.0953557
0.098366
0.103855
0.109903
0.116429
0.123494
0.131158
0.139541
0.148687
0.158851
0.169973
0.182653
0.19643
0.212894
0.230108
0.252995
0.273898
0.309427
0.332287
0.392157
0.420051
0.515307
0.561756
0.706203
0.830654
0.702152
)
;
    }
    frontAndBack
    {
        type            empty;
    }
}


// ************************************************************************* //
