/*--------------------------------*- C++ -*----------------------------------*\
| =========                 |                                                 |
| \\      /  F ield         | OpenFOAM: The Open Source CFD Toolbox           |
|  \\    /   O peration     | Version:  2.4.0                                 |
|   \\  /    A nd           | Web:      www.OpenFOAM.org                      |
|    \\/     M anipulation  |                                                 |
\*---------------------------------------------------------------------------*/
FoamFile
{
    version     2.0;
    format      ascii;
    class       volScalarField;
    location    "1.4";
    object      p;
}
// * * * * * * * * * * * * * * * * * * * * * * * * * * * * * * * * * * * * * //

dimensions      [0 2 -2 0 0 0 0];

internalField   nonuniform List<scalar> 
6000
(
-0.11151
0.249242
0.24918
0.254817
0.254184
0.256171
0.257359
0.25746
0.251535
0.241477
0.220803
0.188644
0.149145
0.10947
0.0831044
0.0778988
0.100356
0.141971
0.194358
0.245557
0.288779
0.322484
0.347414
0.365732
0.379183
0.389423
0.397245
0.403676
0.408822
0.413178
0.416724
0.419659
0.421878
0.423516
0.42443
0.424764
0.42441
0.423522
0.422027
0.420075
0.417554
0.414606
0.411069
0.407076
0.402381
0.39714
0.390989
0.384142
0.375986
0.366865
0.355861
0.343425
0.328118
0.310583
0.288399
0.262624
0.228611
0.189503
0.132154
0.092917
-0.0805219
0.246012
0.249148
0.25477
0.254153
0.256104
0.25731
0.257509
0.251805
0.241931
0.221468
0.189321
0.149674
0.109644
0.0828342
0.077295
0.0989323
0.140517
0.193059
0.244548
0.28807
0.321997
0.347085
0.365506
0.379028
0.38931
0.397163
0.403608
0.408764
0.413123
0.41667
0.419603
0.421817
0.423447
0.424351
0.424672
0.424303
0.423399
0.421887
0.419918
0.417378
0.414413
0.410854
0.406839
0.402119
0.39685
0.390667
0.383784
0.375585
0.366418
0.355351
0.342854
0.327458
0.309837
0.287527
0.261612
0.227424
0.188222
0.130721
0.0905405
-0.0702427
0.243949
0.24914
0.254788
0.254136
0.256065
0.257272
0.25756
0.251929
0.24202
0.221388
0.189206
0.149611
0.109522
0.0823432
0.0768051
0.0981233
0.13958
0.192202
0.243894
0.287631
0.321718
0.346905
0.36538
0.37893
0.389226
0.397088
0.403537
0.408696
0.413058
0.416605
0.419539
0.421751
0.42338
0.424279
0.424598
0.424222
0.423314
0.421794
0.41982
0.417275
0.414305
0.410741
0.406722
0.401999
0.396721
0.39054
0.38364
0.375447
0.366256
0.355204
0.342666
0.327293
0.309606
0.287325
0.261312
0.227182
0.187671
0.130485
0.0897794
-0.0561329
0.241781
0.249164
0.254795
0.254122
0.256024
0.257241
0.25767
0.252277
0.242365
0.221587
0.189288
0.1496
0.109245
0.081549
0.0759437
0.0964281
0.138061
0.190984
0.243056
0.287126
0.321418
0.346721
0.365253
0.378826
0.389133
0.396999
0.403448
0.408607
0.41297
0.416515
0.41945
0.421659
0.423287
0.42418
0.424491
0.424106
0.423186
0.421654
0.419666
0.417105
0.41412
0.410538
0.4065
0.401755
0.396453
0.390243
0.383315
0.375079
0.365854
0.354732
0.342162
0.326685
0.308962
0.286538
0.260462
0.226134
0.186615
0.129334
0.0882589
-0.0429643
0.239459
0.249166
0.254801
0.254118
0.255986
0.257223
0.257831
0.252638
0.242649
0.221661
0.189284
0.149513
0.108818
0.0805537
0.0750022
0.0948215
0.13652
0.189765
0.24224
0.286665
0.321164
0.346575
0.365152
0.378738
0.389049
0.396913
0.403358
0.408513
0.412875
0.416418
0.419353
0.421562
0.423187
0.424076
0.424381
0.423988
0.42306
0.421518
0.419522
0.416952
0.413959
0.410369
0.406322
0.40157
0.396255
0.390044
0.383094
0.374861
0.365604
0.354501
0.341866
0.326421
0.308594
0.286206
0.259977
0.225721
0.185866
0.128858
0.087151
-0.0310038
0.237061
0.24911
0.254804
0.254126
0.255943
0.257225
0.258044
0.253124
0.243003
0.221736
0.189234
0.149329
0.108247
0.0794105
0.0737298
0.0929217
0.13479
0.18844
0.24138
0.286207
0.32093
0.346449
0.365066
0.378658
0.388967
0.396825
0.403264
0.408415
0.412774
0.416316
0.419251
0.421459
0.423084
0.423969
0.424269
0.423868
0.42293
0.421378
0.419371
0.416789
0.413783
0.41018
0.406118
0.401349
0.396015
0.389781
0.382807
0.374536
0.365251
0.354078
0.34143
0.32588
0.308041
0.285521
0.259255
0.224818
0.184944
0.127884
0.0859289
-0.0200273
0.234674
0.24898
0.254801
0.254147
0.255905
0.257234
0.258301
0.253675
0.243416
0.221844
0.189152
0.149042
0.107546
0.0781799
0.0721149
0.0908103
0.132869
0.187
0.240467
0.285742
0.320708
0.346338
0.364989
0.378579
0.388883
0.396732
0.40316
0.408305
0.412663
0.416204
0.419142
0.421352
0.422976
0.423861
0.424155
0.423747
0.422799
0.421237
0.41922
0.416628
0.41361
0.409997
0.405923
0.401143
0.395794
0.389551
0.382555
0.37428
0.36496
0.353803
0.341077
0.325549
0.3076
0.285092
0.258673
0.224274
0.184118
0.127252
0.0848039
-0.00982019
0.232343
0.248768
0.254783
0.25418
0.255883
0.257246
0.258587
0.254272
0.243876
0.221988
0.189032
0.148657
0.106718
0.076876
0.0701942
0.0885002
0.130766
0.185451
0.239503
0.285268
0.320495
0.346238
0.364919
0.378499
0.388793
0.396628
0.403045
0.408183
0.412539
0.416081
0.419022
0.421236
0.422863
0.423748
0.424039
0.423626
0.422669
0.421098
0.41907
0.416468
0.41344
0.409816
0.405729
0.400937
0.395572
0.389314
0.382296
0.373994
0.364648
0.353431
0.340697
0.325092
0.307119
0.28452
0.258046
0.223529
0.183291
0.12645
0.0837298
-0.000267181
0.23009
0.248473
0.254742
0.254224
0.255871
0.257264
0.258889
0.254905
0.24438
0.22215
0.188869
0.148192
0.105768
0.0754451
0.0680679
0.0860033
0.128493
0.183801
0.238495
0.284792
0.320294
0.346149
0.364855
0.378418
0.388698
0.396515
0.402916
0.408046
0.4124
0.415943
0.418889
0.42111
0.422742
0.423631
0.423921
0.423503
0.422539
0.420959
0.418921
0.41631
0.413271
0.409637
0.405538
0.400734
0.395354
0.389084
0.382044
0.37373
0.364353
0.353141
0.340338
0.324725
0.306669
0.284047
0.257456
0.222924
0.182497
0.125766
0.0827199
0.00870095
0.227926
0.248095
0.254671
0.254279
0.255869
0.25729
0.259203
0.255556
0.244918
0.222312
0.18867
0.147669
0.104713
0.0738504
0.06578
0.083328
0.126058
0.182057
0.237451
0.28432
0.320108
0.346075
0.3648
0.378336
0.388597
0.396393
0.402775
0.407895
0.412246
0.415792
0.418744
0.420975
0.422614
0.423509
0.423799
0.423379
0.422407
0.420821
0.418773
0.416154
0.413103
0.409461
0.405349
0.400535
0.39514
0.388857
0.381797
0.373465
0.364062
0.352808
0.339985
0.324328
0.306226
0.28355
0.256879
0.222286
0.181731
0.125085
0.0817633
0.0171404
0.225859
0.247642
0.254563
0.25434
0.255878
0.257321
0.259521
0.256205
0.245467
0.222472
0.188448
0.147101
0.103562
0.072106
0.063336
0.0804784
0.123464
0.180223
0.236369
0.283856
0.319942
0.346017
0.36475
0.378259
0.388492
0.396262
0.402622
0.407731
0.412077
0.415627
0.418587
0.420828
0.422477
0.423381
0.423674
0.423253
0.422275
0.420683
0.418625
0.415998
0.412937
0.409286
0.405163
0.400338
0.394929
0.388635
0.381555
0.373208
0.363776
0.352512
0.339639
0.323956
0.305793
0.283078
0.256317
0.221683
0.180992
0.124434
0.0808567
0.0251021
0.223894
0.247119
0.254413
0.254403
0.2559
0.257359
0.259836
0.256846
0.246013
0.222633
0.18821
0.146494
0.102326
0.0702264
0.0607442
0.0774556
0.120704
0.178299
0.235248
0.283398
0.319799
0.345978
0.36471
0.378188
0.388385
0.396124
0.402459
0.407553
0.411895
0.415448
0.418416
0.420672
0.422333
0.423247
0.423545
0.423125
0.422142
0.420544
0.418478
0.415844
0.412773
0.409114
0.404979
0.400145
0.394722
0.388417
0.381317
0.372955
0.363497
0.352206
0.339301
0.323588
0.305369
0.282614
0.255768
0.221094
0.180276
0.123807
0.0799932
0.0326316
0.222036
0.246537
0.254218
0.254461
0.255934
0.257406
0.260143
0.257469
0.246551
0.222798
0.187961
0.145855
0.101013
0.0682238
0.0580145
0.0742598
0.117774
0.176274
0.234088
0.28294
0.319676
0.345958
0.36468
0.378124
0.388278
0.395982
0.402287
0.407365
0.411699
0.415256
0.418234
0.420505
0.42218
0.423107
0.423412
0.422995
0.422008
0.420406
0.418331
0.415691
0.412611
0.408944
0.404798
0.399955
0.394518
0.388202
0.381083
0.372707
0.363222
0.351913
0.338969
0.323228
0.304955
0.282161
0.255233
0.220519
0.179583
0.123201
0.0791682
0.0397681
0.220288
0.245905
0.253978
0.254509
0.255975
0.257462
0.26044
0.258066
0.247077
0.222964
0.187706
0.145191
0.0996332
0.0661104
0.0551584
0.0708923
0.114665
0.174137
0.232886
0.282481
0.319568
0.34595
0.364664
0.378069
0.388172
0.395836
0.402108
0.407166
0.411492
0.415052
0.418039
0.420328
0.422019
0.422962
0.423277
0.422863
0.421873
0.420268
0.418186
0.41554
0.41245
0.408777
0.40462
0.399768
0.394317
0.387992
0.380854
0.372464
0.362954
0.351626
0.338645
0.322876
0.304551
0.281719
0.254711
0.21996
0.178911
0.122614
0.0783785
0.0465448
0.218649
0.245234
0.253693
0.254541
0.256021
0.257528
0.26072
0.258634
0.247586
0.223129
0.18745
0.144507
0.0982
0.0639004
0.0521896
0.0673581
0.111373
0.171876
0.23163
0.282021
0.319474
0.345952
0.364659
0.378021
0.388071
0.39569
0.401924
0.40696
0.411273
0.414836
0.417833
0.42014
0.421851
0.422811
0.423137
0.42273
0.421737
0.42013
0.418041
0.41539
0.412291
0.408612
0.404444
0.399585
0.39412
0.387786
0.38063
0.372226
0.362691
0.351344
0.338328
0.322533
0.304155
0.281288
0.254202
0.219415
0.178261
0.122047
0.077622
0.0529906
0.217119
0.244533
0.253366
0.254554
0.256069
0.257605
0.260981
0.259169
0.248074
0.223294
0.187193
0.143807
0.0967252
0.0616105
0.0491267
0.0636692
0.107897
0.169484
0.230311
0.281554
0.319391
0.345962
0.364663
0.377978
0.387973
0.395546
0.401737
0.406747
0.411045
0.414609
0.417615
0.419943
0.421675
0.422655
0.422995
0.422594
0.4216
0.419992
0.417897
0.415241
0.412134
0.408449
0.404271
0.399405
0.393927
0.387584
0.380411
0.371994
0.362435
0.351069
0.338019
0.322198
0.303769
0.280867
0.253706
0.218885
0.177631
0.121498
0.0768968
0.0591305
0.215695
0.243811
0.253003
0.254544
0.256119
0.257687
0.261223
0.259668
0.248534
0.223458
0.186936
0.143098
0.0952212
0.0592606
0.0459937
0.0598477
0.104247
0.166954
0.22892
0.281075
0.31931
0.345984
0.364675
0.377941
0.387878
0.395404
0.40155
0.40653
0.410809
0.414373
0.417387
0.419736
0.42149
0.422492
0.422849
0.422457
0.421463
0.419854
0.417753
0.415094
0.411979
0.408288
0.4041
0.399228
0.393738
0.387387
0.380196
0.371767
0.362184
0.350801
0.337717
0.321871
0.303393
0.280457
0.253224
0.21837
0.177021
0.120966
0.0762017
0.064986
0.214376
0.243077
0.252603
0.254511
0.256167
0.257772
0.261448
0.260124
0.248964
0.223619
0.186677
0.142387
0.0937021
0.056873
0.0428196
0.0559252
0.100444
0.164288
0.227453
0.280576
0.319228
0.346013
0.364693
0.377907
0.387785
0.395264
0.401364
0.406311
0.410568
0.414128
0.417149
0.41952
0.421299
0.422324
0.4227
0.422318
0.421325
0.419717
0.417611
0.414948
0.411825
0.40813
0.403933
0.399054
0.393553
0.387193
0.379986
0.371545
0.361939
0.35054
0.337422
0.321553
0.303026
0.280058
0.252754
0.21787
0.176431
0.120452
0.0755358
0.0705764
0.21316
0.242338
0.25217
0.254456
0.256209
0.257858
0.261654
0.260538
0.249357
0.223772
0.186417
0.141681
0.0921849
0.0544714
0.039636
0.0519392
0.0965189
0.1615
0.225899
0.280054
0.319141
0.346046
0.364713
0.377877
0.387693
0.395126
0.40118
0.406093
0.410323
0.413877
0.416903
0.419296
0.4211
0.422151
0.422549
0.422177
0.421186
0.41958
0.41747
0.414804
0.411674
0.407975
0.403769
0.398884
0.393371
0.387004
0.379781
0.371329
0.3617
0.350285
0.337135
0.321243
0.30267
0.27967
0.252298
0.217384
0.175861
0.119956
0.074898
0.0759184
0.212043
0.241601
0.251708
0.254379
0.256238
0.257947
0.261838
0.260911
0.249707
0.223914
0.186157
0.140984
0.0906877
0.0520806
0.0364753
0.04793
0.0925072
0.158613
0.224259
0.279494
0.319057
0.346082
0.364734
0.377848
0.387602
0.394989
0.400998
0.405877
0.410077
0.413622
0.41665
0.419064
0.420894
0.421972
0.422394
0.422034
0.421047
0.419443
0.417329
0.414661
0.411525
0.407822
0.403607
0.398718
0.393193
0.38682
0.379581
0.371118
0.361468
0.350037
0.336856
0.320942
0.302323
0.279293
0.251855
0.216913
0.175312
0.119478
0.0742876
0.0810269
0.211025
0.240871
0.251225
0.254277
0.256255
0.25804
0.261996
0.261238
0.250012
0.224041
0.185899
0.140301
0.0892286
0.0497253
0.0333696
0.0439373
0.0884461
0.155656
0.222544
0.278886
0.318969
0.346117
0.364755
0.377819
0.387512
0.394853
0.400818
0.405664
0.409831
0.413364
0.41639
0.418825
0.420682
0.421788
0.422237
0.42189
0.420907
0.419307
0.417189
0.41452
0.411377
0.407672
0.403449
0.398555
0.39302
0.38664
0.379386
0.370913
0.361242
0.349796
0.336585
0.32065
0.301986
0.278928
0.251426
0.216456
0.174781
0.119016
0.0737038
0.0859151
0.210102
0.240152
0.250724
0.254149
0.256258
0.258134
0.262126
0.261517
0.250269
0.224149
0.185641
0.139639
0.0878242
0.0474299
0.0303506
0.0400005
0.0843728
0.152656
0.220772
0.278227
0.318874
0.346149
0.364773
0.377789
0.387421
0.394718
0.40064
0.405453
0.409587
0.413105
0.416126
0.418579
0.420464
0.421598
0.422078
0.421744
0.420767
0.419171
0.417051
0.41438
0.411232
0.407524
0.403293
0.398395
0.39285
0.386464
0.379195
0.370714
0.361022
0.349562
0.336322
0.320366
0.301659
0.278573
0.251011
0.216015
0.17427
0.118572
0.0731458
0.0905952
0.209273
0.239447
0.25021
0.253997
0.256246
0.258228
0.262226
0.261747
0.250475
0.224231
0.185384
0.139003
0.0864894
0.045218
0.0274492
0.0361572
0.0803245
0.14964
0.218969
0.277518
0.318763
0.346177
0.364787
0.377755
0.38733
0.394584
0.400464
0.405247
0.409345
0.412846
0.415859
0.41833
0.42024
0.421404
0.421916
0.421596
0.420626
0.419035
0.416914
0.414242
0.411089
0.407379
0.403141
0.398239
0.392685
0.386293
0.379011
0.37052
0.360808
0.349336
0.336066
0.320091
0.301343
0.27823
0.250609
0.215589
0.173779
0.118144
0.072613
0.0950782
0.208535
0.238759
0.249689
0.253822
0.256219
0.258311
0.2623
0.261926
0.250629
0.22428
0.18513
0.1384
0.0852371
0.0431123
0.024695
0.0324442
0.0763381
0.146632
0.217151
0.276775
0.318633
0.346197
0.364795
0.377717
0.387236
0.39445
0.40029
0.405043
0.409108
0.412591
0.41559
0.418076
0.420011
0.421205
0.421753
0.421447
0.420485
0.4189
0.416777
0.414106
0.410948
0.407236
0.402992
0.398087
0.392523
0.386127
0.378831
0.370331
0.360601
0.349116
0.335819
0.319825
0.301036
0.277899
0.250221
0.215177
0.173306
0.117733
0.0721046
0.0993748
0.207886
0.23809
0.249166
0.253622
0.25618
0.258375
0.262356
0.26205
0.250728
0.224297
0.184871
0.137834
0.0840791
0.0411341
0.0221167
0.0288963
0.0724494
0.143659
0.215352
0.275993
0.318479
0.346203
0.364797
0.377674
0.387139
0.394316
0.400117
0.404843
0.408875
0.412339
0.415322
0.41782
0.419777
0.421002
0.421589
0.421297
0.420344
0.418766
0.416642
0.413971
0.41081
0.407097
0.402846
0.397938
0.392366
0.385965
0.378656
0.370149
0.3604
0.348903
0.335579
0.319568
0.30074
0.277579
0.249847
0.214781
0.172853
0.117339
0.0716201
0.103495
0.207321
0.237441
0.248644
0.253401
0.256133
0.258412
0.262403
0.262111
0.250775
0.224278
0.184606
0.137308
0.0830264
0.0393034
0.0197413
0.0255463
0.0686919
0.140753
0.213583
0.275186
0.318303
0.346191
0.364789
0.377625
0.387038
0.394181
0.399946
0.404647
0.408645
0.412091
0.415055
0.417567
0.419537
0.420794
0.421424
0.421145
0.420203
0.418632
0.416509
0.413838
0.410674
0.40696
0.402704
0.397793
0.392213
0.385808
0.378487
0.369972
0.360206
0.348697
0.335348
0.31932
0.300455
0.27727
0.249487
0.214399
0.172418
0.116962
0.0711589
0.107448
0.206837
0.236815
0.248127
0.25316
0.256073
0.258417
0.262438
0.262104
0.250769
0.22422
0.184335
0.136824
0.0820906
0.0376392
0.0175942
0.0224241
0.0650982
0.137952
0.211856
0.274366
0.318108
0.346159
0.364769
0.377568
0.386932
0.394044
0.399777
0.404455
0.40842
0.411848
0.414793
0.417317
0.419288
0.420585
0.421258
0.420991
0.420062
0.418499
0.416376
0.413707
0.41054
0.406826
0.402565
0.397652
0.392065
0.385656
0.378323
0.369801
0.360019
0.348499
0.335125
0.319081
0.30018
0.276973
0.24914
0.214033
0.172001
0.1166
0.0707203
0.111245
0.20643
0.236211
0.247619
0.252903
0.255996
0.258394
0.262445
0.262032
0.250711
0.224118
0.184057
0.136388
0.0812734
0.036163
0.0156985
0.0195578
0.0617073
0.135287
0.210177
0.273539
0.3179
0.346105
0.364735
0.377502
0.38682
0.393904
0.399609
0.404267
0.4082
0.411611
0.414535
0.417068
0.419034
0.420376
0.421092
0.420837
0.419921
0.418367
0.416245
0.413578
0.410408
0.406695
0.402429
0.397515
0.391921
0.385508
0.378165
0.369637
0.359838
0.348308
0.334911
0.318851
0.299916
0.276688
0.248808
0.213682
0.171604
0.116255
0.0703038
0.114893
0.206095
0.235632
0.247122
0.252632
0.255899
0.258353
0.262408
0.261901
0.2506
0.22397
0.183771
0.136011
0.0805749
0.0348931
0.0140712
0.0169806
0.0585671
0.132766
0.208569
0.272712
0.317682
0.346027
0.364685
0.377426
0.386702
0.393762
0.399442
0.40408
0.407985
0.411379
0.414284
0.41682
0.418779
0.420166
0.420927
0.420681
0.41978
0.418236
0.416116
0.413451
0.410279
0.406566
0.402296
0.397381
0.391781
0.385365
0.378012
0.369478
0.359664
0.348125
0.334705
0.318631
0.299663
0.276415
0.24849
0.213345
0.171224
0.115926
0.069909
0.118403
0.205825
0.235078
0.246638
0.252349
0.255779
0.258306
0.262316
0.261722
0.250429
0.223778
0.183474
0.135695
0.0800084
0.033836
0.0127229
0.0147347
0.0557016
0.130398
0.20705
0.271895
0.317458
0.345926
0.364617
0.377339
0.386577
0.393615
0.399276
0.403897
0.407775
0.411148
0.414044
0.416573
0.418523
0.419956
0.420763
0.420524
0.41964
0.418106
0.415988
0.413326
0.410153
0.406441
0.402168
0.397252
0.391646
0.385228
0.377864
0.369325
0.359497
0.347948
0.334507
0.318419
0.29942
0.276153
0.248186
0.213024
0.170863
0.115613
0.0695352
0.121782
0.205616
0.234551
0.246168
0.252057
0.25564
0.258252
0.262159
0.2615
0.250194
0.223542
0.183166
0.135435
0.0795731
0.0330111
0.011681
0.0128271
0.0531369
0.128211
0.205637
0.271101
0.317232
0.345801
0.364531
0.377241
0.386446
0.393463
0.399109
0.403719
0.407571
0.410916
0.413817
0.416328
0.418273
0.419739
0.420602
0.420365
0.419501
0.417977
0.415862
0.413203
0.41003
0.406319
0.402042
0.397126
0.391515
0.385095
0.377723
0.369178
0.359336
0.34778
0.334318
0.318217
0.299188
0.275904
0.247896
0.212718
0.17052
0.115316
0.0691822
0.12504
0.205462
0.234051
0.245713
0.251757
0.255484
0.258184
0.261937
0.261236
0.249889
0.223266
0.182847
0.135226
0.0792641
0.0324432
0.010959
0.0112758
0.0508991
0.126232
0.204342
0.270341
0.317011
0.345653
0.364424
0.377131
0.386306
0.393306
0.39894
0.403545
0.407375
0.410691
0.413595
0.416088
0.418032
0.419523
0.420434
0.420206
0.419363
0.417849
0.415738
0.413082
0.409909
0.4062
0.401921
0.397005
0.391389
0.384967
0.377586
0.369037
0.359183
0.347618
0.334138
0.318025
0.298967
0.275666
0.24762
0.212428
0.170194
0.115034
0.0688493
0.128185
0.205356
0.233578
0.245274
0.25145
0.255319
0.258091
0.261661
0.260921
0.249518
0.222952
0.182516
0.13505
0.0790893
0.0321507
0.0105645
0.0100985
0.0490103
0.124487
0.203176
0.269619
0.3168
0.345484
0.364298
0.377007
0.38616
0.393144
0.398768
0.403372
0.407184
0.410479
0.413373
0.415854
0.417799
0.419318
0.420249
0.420048
0.419227
0.417723
0.415615
0.412964
0.409791
0.406084
0.401803
0.396887
0.391268
0.384844
0.377456
0.368902
0.359036
0.347465
0.333966
0.317842
0.298757
0.275441
0.247359
0.212152
0.169887
0.114768
0.0685363
0.131222
0.205295
0.233133
0.244852
0.251139
0.255147
0.257967
0.261339
0.260547
0.249088
0.222598
0.182176
0.134883
0.0790656
0.0321442
0.0105019
0.00930807
0.0474892
0.122998
0.202154
0.268935
0.316608
0.345294
0.36415
0.37687
0.386006
0.392977
0.398595
0.4032
0.406997
0.410276
0.413155
0.415628
0.417577
0.419119
0.42005
0.419893
0.419092
0.417598
0.415494
0.412847
0.409675
0.405972
0.401689
0.396774
0.391151
0.384726
0.377331
0.368774
0.358897
0.347319
0.333803
0.317668
0.298558
0.275227
0.247111
0.211892
0.169597
0.114517
0.0682426
0.134159
0.205272
0.232716
0.244445
0.250833
0.254965
0.257808
0.260982
0.260101
0.248602
0.222202
0.181829
0.134704
0.0792109
0.0324268
0.0107726
0.00891164
0.0463504
0.121785
0.201291
0.268315
0.316417
0.345083
0.363982
0.376718
0.385844
0.392805
0.398418
0.403029
0.406817
0.410079
0.412943
0.415409
0.417367
0.418922
0.419842
0.419743
0.41896
0.417475
0.415376
0.412734
0.409563
0.405862
0.401578
0.396665
0.391039
0.384613
0.377212
0.368651
0.358764
0.34718
0.333648
0.317504
0.298371
0.275025
0.246878
0.211646
0.169325
0.114282
0.0679681
0.137001
0.205284
0.232326
0.244055
0.250537
0.254768
0.257616
0.260601
0.259569
0.248067
0.221764
0.18148
0.134509
0.0795264
0.0329941
0.0113742
0.0089114
0.0456042
0.120866
0.200624
0.267801
0.316176
0.344855
0.363794
0.376553
0.385674
0.392628
0.398238
0.402857
0.406642
0.409891
0.412739
0.415194
0.417173
0.418721
0.419628
0.4196
0.41883
0.417353
0.41526
0.412622
0.409454
0.405756
0.401472
0.39656
0.390932
0.384505
0.377098
0.368535
0.358639
0.347049
0.333503
0.317349
0.298194
0.274836
0.246659
0.211416
0.16907
0.114062
0.0677122
0.139753
0.205328
0.231963
0.243684
0.250251
0.254558
0.257395
0.260198
0.25895
0.247489
0.221282
0.181134
0.134323
0.0799887
0.0338344
0.0123005
0.00930491
0.0452571
0.120255
0.200193
0.267402
0.315852
0.344612
0.363586
0.376373
0.385497
0.392446
0.398056
0.402684
0.406473
0.409709
0.412541
0.414981
0.416995
0.418518
0.41941
0.419462
0.418702
0.417233
0.415145
0.412514
0.409348
0.405654
0.40137
0.39646
0.39083
0.384402
0.376991
0.368425
0.358521
0.346926
0.333366
0.317205
0.298029
0.274659
0.246455
0.211201
0.168832
0.113857
0.0674748
0.142418
0.2054
0.231626
0.243333
0.249973
0.254338
0.257153
0.259761
0.258259
0.246871
0.220761
0.180797
0.134169
0.0805765
0.0349333
0.0135418
0.0100847
0.0453128
0.119971
0.200027
0.267091
0.315457
0.344355
0.36336
0.376179
0.385311
0.39226
0.397871
0.402509
0.406309
0.409535
0.412351
0.414778
0.416822
0.418317
0.41919
0.419332
0.418577
0.417114
0.415034
0.412408
0.409245
0.405555
0.401271
0.396363
0.390733
0.384305
0.376889
0.368322
0.35841
0.346811
0.333238
0.317069
0.297875
0.274494
0.246265
0.211002
0.168612
0.113667
0.0672555
0.145001
0.205498
0.231314
0.243002
0.2497
0.254112
0.256888
0.259288
0.257512
0.246209
0.220204
0.180471
0.13405
0.0812834
0.0362765
0.0150846
0.0112384
0.0457719
0.120032
0.2001
0.266877
0.315015
0.344089
0.363118
0.375971
0.385118
0.392069
0.397683
0.402333
0.406147
0.409368
0.412167
0.414587
0.416648
0.418122
0.418982
0.419197
0.418455
0.416998
0.414925
0.412305
0.409146
0.40546
0.401177
0.396272
0.39064
0.384213
0.376794
0.368225
0.358306
0.346704
0.33312
0.316944
0.297732
0.274341
0.246089
0.210817
0.168409
0.113491
0.067054
0.147502
0.205621
0.231028
0.242692
0.249433
0.25388
0.256599
0.258784
0.256714
0.245496
0.219616
0.18016
0.133968
0.0821073
0.037849
0.0169128
0.0127503
0.0466321
0.120437
0.200383
0.266792
0.314527
0.343815
0.36286
0.37575
0.384917
0.391874
0.397493
0.402156
0.405986
0.409208
0.411991
0.414402
0.416479
0.417937
0.418792
0.419048
0.418337
0.416884
0.414818
0.412204
0.40905
0.405368
0.401086
0.396185
0.390553
0.384126
0.376704
0.368134
0.35821
0.346604
0.33301
0.316828
0.2976
0.274201
0.245928
0.210648
0.168223
0.113331
0.0668701
0.149925
0.205767
0.230767
0.242401
0.249174
0.253642
0.256301
0.258239
0.255884
0.244725
0.219005
0.179888
0.1339
0.0830453
0.0396339
0.0190077
0.0146022
0.0478878
0.12118
0.200885
0.266835
0.314002
0.343532
0.362589
0.375516
0.384709
0.391675
0.397301
0.401978
0.405827
0.409054
0.411823
0.414224
0.416304
0.417781
0.418611
0.418889
0.418224
0.416772
0.414714
0.412107
0.408957
0.40528
0.401001
0.396102
0.390471
0.384044
0.37662
0.36805
0.358121
0.346512
0.332909
0.316722
0.29748
0.274072
0.245781
0.210494
0.168054
0.113186
0.0667036
0.152271
0.205936
0.23053
0.242128
0.248924
0.253398
0.256001
0.257648
0.255051
0.243887
0.218386
0.179653
0.133866
0.0840813
0.0416114
0.0213492
0.016775
0.0495289
0.122252
0.201603
0.266999
0.313474
0.343241
0.362307
0.375271
0.384493
0.391473
0.397106
0.4018
0.405669
0.408904
0.411663
0.414054
0.416124
0.41765
0.418437
0.418721
0.418117
0.416662
0.414613
0.412013
0.408868
0.405196
0.400919
0.396024
0.390394
0.383968
0.376543
0.367973
0.358039
0.346428
0.332817
0.316626
0.297371
0.273957
0.245648
0.210355
0.167902
0.113055
0.0665543
0.154541
0.206126
0.230317
0.241873
0.248685
0.253152
0.255694
0.25703
0.254218
0.242978
0.217765
0.179424
0.133919
0.0851946
0.0437629
0.0239163
0.01925
0.0515414
0.12364
0.202529
0.267257
0.312995
0.342945
0.362017
0.375015
0.38427
0.391266
0.39691
0.401621
0.405512
0.408759
0.411511
0.413892
0.415952
0.417525
0.418275
0.418548
0.418016
0.416554
0.414515
0.411922
0.408783
0.405116
0.400842
0.39595
0.390321
0.383897
0.376471
0.367902
0.357965
0.346352
0.332735
0.316539
0.297274
0.273853
0.24553
0.210231
0.167767
0.112939
0.066422
0.156737
0.206338
0.230128
0.241636
0.248457
0.252907
0.25537
0.256422
0.253373
0.242004
0.21714
0.1792
0.134062
0.0863892
0.0460765
0.0266886
0.0220094
0.0539084
0.125334
0.203644
0.267562
0.312624
0.342649
0.36172
0.374749
0.384041
0.391057
0.396713
0.401441
0.405356
0.408617
0.411365
0.413739
0.41579
0.417402
0.418127
0.418376
0.417917
0.416448
0.414421
0.411834
0.408701
0.40504
0.400769
0.395881
0.390255
0.383832
0.376406
0.367837
0.357898
0.346285
0.332661
0.316463
0.297188
0.273762
0.245426
0.210123
0.167649
0.112837
0.0663065
0.15886
0.206571
0.229962
0.241416
0.248239
0.252669
0.255026
0.255844
0.252503
0.240986
0.216515
0.178985
0.134282
0.0876739
0.0485425
0.0296467
0.0250355
0.0566128
0.127322
0.204932
0.267867
0.312405
0.342357
0.361418
0.374476
0.383805
0.390845
0.396514
0.401261
0.405201
0.408479
0.411226
0.413594
0.415636
0.417284
0.417993
0.418214
0.417813
0.416346
0.414329
0.41175
0.408623
0.404968
0.400701
0.395817
0.390193
0.383772
0.376347
0.367779
0.357838
0.346225
0.332597
0.316396
0.297114
0.273684
0.245337
0.21003
0.167548
0.11275
0.0662077
0.160912
0.206825
0.229819
0.241213
0.24803
0.252438
0.254667
0.25529
0.251613
0.239964
0.215878
0.17878
0.134582
0.0890501
0.0511534
0.0327728
0.0283116
0.059639
0.129593
0.206352
0.268185
0.312355
0.342073
0.361113
0.374195
0.383565
0.39063
0.396315
0.40108
0.405047
0.408345
0.411094
0.413457
0.415489
0.417157
0.417892
0.418058
0.417701
0.416247
0.414241
0.41167
0.408549
0.404901
0.400637
0.395757
0.390136
0.383718
0.376294
0.367728
0.357786
0.346173
0.332542
0.31634
0.297051
0.273617
0.245262
0.209952
0.167463
0.112677
0.0661254
0.162895
0.207098
0.229698
0.241027
0.247831
0.252214
0.254305
0.254735
0.250738
0.238971
0.215207
0.178587
0.134979
0.0905121
0.0539024
0.0360517
0.031823
0.0629733
0.13214
0.207877
0.268606
0.312396
0.341801
0.360807
0.37391
0.383319
0.390413
0.396114
0.400899
0.404894
0.408213
0.410968
0.413328
0.415351
0.41702
0.417821
0.417914
0.417585
0.416151
0.414157
0.411593
0.40848
0.404837
0.400579
0.395703
0.390085
0.38367
0.376248
0.367683
0.357742
0.346129
0.332496
0.316293
0.296999
0.273564
0.245201
0.209889
0.167395
0.112619
0.0660597
0.164811
0.207388
0.229598
0.240859
0.247642
0.251999
0.253948
0.254163
0.249911
0.238011
0.214504
0.178407
0.135489
0.0920508
0.0567846
0.0394713
0.0355587
0.0666034
0.13495
0.209513
0.269183
0.312447
0.341542
0.360501
0.37362
0.383069
0.390194
0.395913
0.400718
0.404741
0.408084
0.410848
0.413206
0.415221
0.416887
0.417754
0.417783
0.417468
0.41606
0.414077
0.41152
0.408414
0.404778
0.400525
0.395653
0.390039
0.383627
0.376207
0.367645
0.357705
0.346093
0.33246
0.316256
0.29696
0.273523
0.245155
0.209841
0.167344
0.112575
0.0660103
0.166663
0.207695
0.229519
0.240708
0.247462
0.25179
0.253604
0.253574
0.249148
0.237078
0.213788
0.178327
0.136081
0.0936272
0.0597965
0.0430226
0.0395122
0.0705175
0.138013
0.211257
0.269889
0.312516
0.341296
0.360198
0.373329
0.382817
0.389973
0.395712
0.400537
0.404589
0.407958
0.410733
0.413092
0.415101
0.416763
0.417688
0.417666
0.417354
0.415974
0.414002
0.411451
0.408353
0.404723
0.400475
0.395608
0.389999
0.383589
0.376173
0.367614
0.357676
0.346065
0.332432
0.316229
0.296932
0.273494
0.245124
0.209809
0.16731
0.112546
0.0659773
0.168452
0.208017
0.22946
0.240575
0.247293
0.251587
0.253275
0.252983
0.24842
0.236184
0.213103
0.178364
0.136775
0.0951972
0.06293
0.0466997
0.0436813
0.0747048
0.141313
0.21312
0.270682
0.312605
0.341064
0.359899
0.373035
0.382561
0.389751
0.395512
0.400357
0.404438
0.407834
0.410625
0.412986
0.414989
0.416646
0.417617
0.417571
0.417241
0.415893
0.41393
0.411386
0.408296
0.404673
0.400431
0.395567
0.389964
0.383558
0.376146
0.367589
0.357654
0.346046
0.332414
0.316212
0.296915
0.273477
0.245107
0.209792
0.167292
0.112531
0.0659605
0.170183
0.208351
0.22942
0.24046
0.247134
0.251392
0.252958
0.252406
0.24769
0.23537
0.212487
0.178442
0.137644
0.0967684
0.0661748
0.0504999
0.0480671
0.079155
0.144831
0.215107
0.271535
0.312717
0.340847
0.359605
0.372742
0.382304
0.389528
0.395311
0.400177
0.404287
0.407713
0.410521
0.412887
0.414887
0.416536
0.417535
0.417505
0.417131
0.415816
0.413863
0.411325
0.408244
0.404627
0.400392
0.395532
0.389934
0.383532
0.376125
0.367571
0.35764
0.346034
0.332405
0.316205
0.29691
0.273474
0.245104
0.20979
0.167291
0.11253
0.0659601
0.171858
0.208695
0.229398
0.240363
0.246987
0.251203
0.252654
0.251871
0.246919
0.234658
0.211955
0.178539
0.138669
0.0983969
0.0695338
0.0544254
0.0526735
0.0838571
0.148543
0.217203
0.272438
0.312854
0.340645
0.359317
0.37245
0.382046
0.389305
0.395111
0.399998
0.404138
0.407593
0.410422
0.412795
0.414794
0.416434
0.41744
0.417468
0.417024
0.415744
0.413801
0.411268
0.408196
0.404586
0.400358
0.395502
0.38991
0.383512
0.37611
0.36756
0.357634
0.346031
0.332406
0.316209
0.296916
0.273482
0.245116
0.209804
0.167306
0.112544
0.0659759
0.17348
0.209048
0.229395
0.240283
0.246852
0.251024
0.252355
0.251409
0.246115
0.234041
0.211454
0.178701
0.139813
0.100142
0.0730114
0.0584835
0.0575062
0.0887996
0.152426
0.219394
0.273382
0.313014
0.340458
0.359035
0.37216
0.381787
0.389082
0.394912
0.399819
0.403989
0.407476
0.410328
0.41271
0.414709
0.416343
0.417346
0.417445
0.416922
0.415678
0.413744
0.411216
0.408153
0.40455
0.400329
0.395476
0.389892
0.383498
0.376101
0.367556
0.357635
0.346036
0.332416
0.316222
0.296935
0.273504
0.245142
0.209832
0.167339
0.112572
0.066008
0.175049
0.209408
0.22941
0.24022
0.246729
0.250854
0.252061
0.250982
0.245326
0.233454
0.21098
0.179017
0.141054
0.10204
0.0765929
0.0626844
0.0625722
0.0939704
0.156457
0.221665
0.274362
0.313199
0.340287
0.358761
0.371873
0.381529
0.388859
0.394713
0.399642
0.403841
0.407361
0.410238
0.412631
0.414633
0.416262
0.417263
0.417421
0.416827
0.415617
0.413691
0.411168
0.408115
0.404519
0.400305
0.395456
0.389879
0.383489
0.376099
0.367559
0.357644
0.346049
0.332435
0.316245
0.296964
0.273537
0.245183
0.209876
0.167387
0.112615
0.0660564
0.176569
0.209774
0.229442
0.240174
0.246618
0.250696
0.251778
0.250545
0.244655
0.232812
0.210541
0.179531
0.142416
0.104146
0.0802446
0.0670381
0.0678779
0.0993564
0.16061
0.224
0.275373
0.313406
0.340131
0.358495
0.371589
0.381272
0.388636
0.394516
0.399466
0.403694
0.407247
0.410153
0.41256
0.414565
0.416189
0.41719
0.417396
0.416745
0.415562
0.413644
0.411125
0.408081
0.404493
0.400286
0.395441
0.389871
0.383487
0.376104
0.367568
0.35766
0.34607
0.332463
0.316278
0.297006
0.273584
0.245238
0.209935
0.167453
0.112672
0.0661212
0.178041
0.210144
0.229491
0.240146
0.246522
0.250549
0.251507
0.25011
0.244169
0.232067
0.210136
0.180074
0.144004
0.106577
0.0839044
0.0715541
0.0734197
0.104943
0.16486
0.226382
0.276409
0.313635
0.339992
0.358238
0.37131
0.381016
0.388415
0.39432
0.399291
0.403549
0.407136
0.410071
0.412494
0.414505
0.416126
0.417127
0.417361
0.416684
0.415513
0.413601
0.411087
0.408053
0.404472
0.400273
0.395431
0.389869
0.38349
0.376115
0.367584
0.357684
0.346099
0.332501
0.316321
0.297059
0.273642
0.245308
0.21001
0.167535
0.112743
0.0662025
0.179465
0.210519
0.229556
0.240133
0.246439
0.250412
0.251252
0.249686
0.243816
0.231279
0.209786
0.180498
0.145816
0.109454
0.0875348
0.0761599
0.0792605
0.11071
0.169178
0.228796
0.277467
0.313886
0.339869
0.357989
0.371035
0.380763
0.388195
0.394126
0.399118
0.403404
0.407026
0.409994
0.412435
0.414454
0.416071
0.417072
0.417313
0.416647
0.415471
0.413564
0.411054
0.40803
0.404456
0.400264
0.395426
0.389873
0.383499
0.376133
0.367607
0.357716
0.346137
0.332548
0.316374
0.297123
0.273713
0.245392
0.210099
0.167634
0.112829
0.0663004
0.180843
0.210897
0.229638
0.240137
0.246371
0.250285
0.251017
0.249273
0.243491
0.230562
0.209575
0.180912
0.147565
0.112676
0.0912634
0.0808469
0.0853919
0.116627
0.173528
0.231227
0.278542
0.314159
0.339761
0.357749
0.370765
0.380512
0.387977
0.393933
0.398946
0.403261
0.406918
0.40992
0.412382
0.414411
0.416026
0.417027
0.417264
0.416624
0.415436
0.413532
0.411026
0.408012
0.404446
0.40026
0.395426
0.389883
0.383514
0.376157
0.367637
0.357756
0.346182
0.332604
0.316437
0.297199
0.273797
0.245491
0.210204
0.16775
0.112929
0.066415
0.182176
0.211279
0.229735
0.240156
0.246318
0.250168
0.250802
0.248882
0.243123
0.229981
0.209553
0.181473
0.149186
0.116001
0.0951935
0.0858494
0.0916013
0.122641
0.177875
0.23366
0.27963
0.314451
0.339669
0.357519
0.370502
0.380264
0.387761
0.393743
0.398776
0.403118
0.406812
0.40985
0.412336
0.414375
0.41599
0.41699
0.417225
0.416605
0.415406
0.413505
0.411002
0.408
0.40444
0.400262
0.395431
0.389898
0.383535
0.376187
0.367674
0.357803
0.346236
0.33267
0.31651
0.297287
0.273893
0.245604
0.210324
0.167883
0.113045
0.0665464
0.183463
0.211664
0.229848
0.240189
0.24628
0.250058
0.250608
0.248525
0.242685
0.229553
0.20959
0.182195
0.150817
0.11935
0.0993077
0.0911714
0.0978276
0.128698
0.182185
0.236086
0.28073
0.314762
0.339593
0.357298
0.370244
0.38002
0.387548
0.393554
0.398608
0.402977
0.406708
0.409783
0.412295
0.414347
0.415963
0.416961
0.417194
0.416591
0.415384
0.413483
0.410984
0.407993
0.40444
0.400269
0.395442
0.389919
0.383563
0.376225
0.367718
0.357858
0.346298
0.332745
0.316594
0.297386
0.274002
0.245731
0.21046
0.168033
0.113174
0.0666948
0.184706
0.212052
0.229976
0.240238
0.246259
0.249958
0.25043
0.248202
0.24222
0.229243
0.209581
0.183051
0.15254
0.122719
0.103587
0.0965907
0.104112
0.134727
0.186429
0.238497
0.28184
0.315092
0.339533
0.357088
0.369992
0.37978
0.387337
0.393368
0.398442
0.402838
0.406605
0.409719
0.41226
0.414328
0.415945
0.416941
0.417173
0.416582
0.415367
0.413467
0.410972
0.407992
0.404445
0.400281
0.395458
0.389946
0.383596
0.376268
0.367769
0.357921
0.346369
0.332829
0.316687
0.297496
0.274123
0.245873
0.21061
0.168199
0.113319
0.0668604
0.185907
0.212443
0.23012
0.2403
0.246253
0.249869
0.250267
0.247917
0.241783
0.22899
0.209534
0.183975
0.154337
0.126104
0.107974
0.102057
0.110385
0.14065
0.190591
0.24089
0.28296
0.31544
0.339488
0.356888
0.369748
0.379545
0.387129
0.393185
0.398277
0.402699
0.406504
0.409659
0.41223
0.414315
0.415935
0.416931
0.417159
0.416579
0.415357
0.413456
0.410964
0.407997
0.404456
0.400299
0.39548
0.389978
0.383635
0.376319
0.367827
0.357991
0.346447
0.332923
0.31679
0.297618
0.274256
0.24603
0.210776
0.168383
0.113478
0.0670434
0.187066
0.212835
0.230278
0.240376
0.246263
0.249795
0.250113
0.247676
0.241379
0.228764
0.209511
0.1849
0.156235
0.129454
0.112398
0.107501
0.116563
0.14642
0.194662
0.24326
0.284086
0.315805
0.339459
0.356697
0.36951
0.379314
0.386925
0.393004
0.398114
0.402562
0.406404
0.409602
0.412207
0.414311
0.415935
0.416929
0.417155
0.416581
0.415353
0.413451
0.410962
0.408007
0.404472
0.400321
0.395507
0.390017
0.383681
0.376376
0.367891
0.358069
0.346533
0.333026
0.316902
0.297752
0.274402
0.246201
0.210957
0.168584
0.113652
0.067244
0.188184
0.213228
0.230451
0.240467
0.246287
0.249737
0.249993
0.247451
0.241024
0.228555
0.209551
0.185808
0.158215
0.13273
0.116784
0.112856
0.122588
0.152018
0.198644
0.245607
0.285218
0.316186
0.339445
0.356517
0.369279
0.379089
0.386725
0.392827
0.397954
0.402425
0.406306
0.409548
0.412188
0.414313
0.415944
0.416936
0.417159
0.416589
0.415356
0.413452
0.410966
0.408024
0.404493
0.400349
0.39554
0.390061
0.383732
0.37644
0.367963
0.358155
0.346628
0.333137
0.317025
0.297897
0.27456
0.246386
0.211153
0.168802
0.113841
0.0674624
0.189263
0.213621
0.230639
0.240571
0.246326
0.249691
0.249928
0.247199
0.240732
0.228356
0.209679
0.18671
0.160181
0.135956
0.12109
0.118085
0.128435
0.157445
0.202537
0.247928
0.286355
0.316582
0.339445
0.356346
0.369055
0.378869
0.38653
0.392653
0.397795
0.40229
0.406208
0.409497
0.412175
0.414324
0.415961
0.416951
0.417171
0.416604
0.415366
0.413458
0.410975
0.408047
0.404519
0.400383
0.395578
0.390111
0.38379
0.37651
0.368041
0.358248
0.346731
0.333258
0.317158
0.298053
0.27473
0.246586
0.211365
0.169037
0.114044
0.067699
0.190303
0.214014
0.230841
0.240688
0.246381
0.249658
0.249897
0.246948
0.240482
0.228186
0.209906
0.187606
0.162122
0.139128
0.125294
0.123177
0.134101
0.162708
0.206343
0.250221
0.287494
0.316992
0.33946
0.356186
0.368839
0.378655
0.386339
0.392482
0.397638
0.402155
0.406112
0.409449
0.412168
0.414341
0.415987
0.416976
0.417192
0.416625
0.415381
0.41347
0.41099
0.408076
0.404551
0.400422
0.395622
0.390167
0.383853
0.376587
0.368127
0.358349
0.346842
0.333389
0.3173
0.298221
0.274913
0.2468
0.211592
0.16929
0.114264
0.067954
0.191305
0.214407
0.231057
0.240819
0.24645
0.249642
0.249877
0.246746
0.240238
0.228063
0.210195
0.188516
0.164052
0.142239
0.129401
0.128139
0.139598
0.167818
0.210063
0.252482
0.288634
0.317416
0.339488
0.356034
0.368629
0.378447
0.386153
0.392315
0.397484
0.402021
0.406017
0.409403
0.412165
0.414366
0.416021
0.417009
0.417221
0.416653
0.415404
0.413487
0.411012
0.408111
0.404588
0.400466
0.395671
0.390229
0.383923
0.37667
0.368219
0.358458
0.34696
0.333528
0.317452
0.2984
0.275108
0.247028
0.211834
0.16956
0.114498
0.0682277
0.192269
0.214801
0.231286
0.240964
0.246533
0.249643
0.24986
0.246608
0.240006
0.227989
0.210514
0.189457
0.165976
0.145297
0.133426
0.132976
0.144936
0.172781
0.213693
0.254711
0.289775
0.317852
0.339529
0.355893
0.368427
0.378246
0.385973
0.392153
0.397332
0.401888
0.405923
0.40936
0.412168
0.414397
0.416065
0.417052
0.417258
0.416688
0.415433
0.413511
0.41104
0.408151
0.40463
0.400516
0.395726
0.390297
0.383999
0.376761
0.368318
0.358574
0.347087
0.333676
0.317614
0.29859
0.275315
0.247271
0.212091
0.169848
0.114747
0.0685206
0.193195
0.215195
0.23153
0.241121
0.246631
0.249657
0.24985
0.246511
0.239808
0.227947
0.210861
0.190423
0.167895
0.148311
0.137377
0.137707
0.150124
0.177598
0.217235
0.256906
0.290916
0.3183
0.339581
0.355759
0.368232
0.378052
0.3858
0.391996
0.397182
0.401755
0.405829
0.40932
0.412176
0.414436
0.416116
0.417102
0.417303
0.416729
0.415468
0.41354
0.411075
0.408196
0.404677
0.400572
0.395787
0.390371
0.384082
0.376857
0.368424
0.358698
0.347222
0.333834
0.317786
0.298791
0.275534
0.247528
0.212363
0.170153
0.115012
0.0688328
0.194083
0.215592
0.231786
0.241292
0.246744
0.249686
0.249852
0.246443
0.23965
0.227931
0.211238
0.191406
0.169813
0.151281
0.141255
0.142326
0.155164
0.182269
0.220685
0.259067
0.292054
0.318757
0.339645
0.355635
0.368044
0.377864
0.385632
0.391843
0.397034
0.401623
0.405735
0.409282
0.412189
0.414482
0.416177
0.417162
0.417357
0.416777
0.415511
0.413576
0.411117
0.408246
0.40473
0.400633
0.395853
0.39045
0.38417
0.376961
0.368537
0.358829
0.347365
0.334
0.317968
0.299004
0.275766
0.247799
0.212651
0.170477
0.115293
0.0691649
0.194933
0.215991
0.232056
0.241476
0.24687
0.249731
0.249865
0.246397
0.239529
0.227947
0.211645
0.192409
0.171723
0.154202
0.145056
0.146831
0.160053
0.186792
0.224046
0.261194
0.29319
0.319224
0.339718
0.355518
0.367862
0.377683
0.385472
0.391696
0.396888
0.40149
0.405641
0.409246
0.412206
0.414535
0.416245
0.41723
0.417418
0.416832
0.415559
0.413617
0.411166
0.408301
0.404789
0.4007
0.395925
0.390536
0.384265
0.377071
0.368657
0.358968
0.347516
0.334175
0.318159
0.299227
0.276009
0.248085
0.212954
0.170818
0.115589
0.0695172
0.195744
0.216393
0.232338
0.241673
0.247009
0.249795
0.249887
0.246371
0.239441
0.227998
0.21208
0.193428
0.173616
0.15707
0.148773
0.151215
0.16479
0.191168
0.227319
0.263287
0.294322
0.319697
0.339801
0.355409
0.367688
0.37751
0.385319
0.391555
0.396745
0.401357
0.405548
0.409212
0.412229
0.414596
0.416323
0.417307
0.417488
0.416894
0.415615
0.413666
0.411221
0.408361
0.404853
0.400772
0.396002
0.390628
0.384366
0.377188
0.368783
0.359114
0.347675
0.334359
0.318359
0.299462
0.276265
0.248385
0.213272
0.171177
0.115901
0.0698902
0.196517
0.216799
0.232632
0.241882
0.247162
0.249874
0.249921
0.246363
0.239391
0.228085
0.212542
0.194458
0.175486
0.159879
0.152397
0.155472
0.169372
0.195401
0.230509
0.265348
0.29545
0.320176
0.33989
0.355306
0.36752
0.377344
0.385174
0.39142
0.396605
0.401224
0.405453
0.409181
0.412257
0.414663
0.416408
0.417392
0.417565
0.416963
0.415677
0.41372
0.411283
0.408426
0.404922
0.400851
0.396086
0.390726
0.384473
0.377311
0.368917
0.359267
0.347842
0.334552
0.31857
0.299708
0.276532
0.248699
0.213605
0.171555
0.116229
0.0702844
0.197252
0.21721
0.232939
0.242104
0.247328
0.249971
0.249968
0.246373
0.239375
0.228206
0.213028
0.195493
0.17733
0.162623
0.155924
0.159597
0.173802
0.199496
0.233619
0.267377
0.296572
0.320658
0.339986
0.35521
0.367358
0.377185
0.385037
0.391292
0.396467
0.401089
0.405358
0.409151
0.41229
0.414737
0.416503
0.417486
0.41765
0.417039
0.415745
0.413781
0.411352
0.408497
0.404998
0.400935
0.396174
0.39083
0.384586
0.377441
0.369057
0.359428
0.348017
0.334754
0.318789
0.299964
0.276812
0.249027
0.213954
0.171951
0.116574
0.0707001
0.197951
0.217625
0.233256
0.242338
0.247507
0.250084
0.25003
0.246403
0.239393
0.228361
0.213534
0.196531
0.179145
0.165301
0.159348
0.163592
0.178083
0.20346
0.236656
0.269376
0.297687
0.321143
0.340087
0.355119
0.367201
0.377033
0.384909
0.391171
0.396331
0.400954
0.405261
0.409123
0.412327
0.414818
0.416605
0.417588
0.417743
0.417121
0.41582
0.413849
0.411426
0.408573
0.40508
0.401024
0.396269
0.39094
0.384705
0.377577
0.369204
0.359597
0.3482
0.334964
0.319019
0.300232
0.277103
0.249369
0.214317
0.172365
0.116934
0.071138
0.198615
0.218044
0.233585
0.242585
0.247701
0.250206
0.250112
0.246458
0.239443
0.228546
0.214059
0.197573
0.180932
0.167913
0.162672
0.167462
0.182224
0.207303
0.239622
0.271346
0.298795
0.321629
0.34019
0.355032
0.36705
0.376889
0.38479
0.391057
0.396198
0.400816
0.405162
0.409096
0.41237
0.414907
0.416716
0.417698
0.417843
0.41721
0.415901
0.413923
0.411507
0.408653
0.405167
0.40112
0.396369
0.391055
0.38483
0.37772
0.369358
0.359772
0.34839
0.335183
0.319257
0.30051
0.277406
0.249725
0.214696
0.172799
0.117311
0.0715986
0.199244
0.218466
0.233925
0.242844
0.24791
0.250344
0.250207
0.246534
0.239522
0.228759
0.214602
0.198618
0.182691
0.170461
0.165901
0.171212
0.186232
0.21103
0.242521
0.273288
0.299895
0.322114
0.340296
0.354949
0.366904
0.376751
0.38468
0.390952
0.396067
0.400677
0.40506
0.40907
0.412418
0.415003
0.416836
0.417817
0.417951
0.417305
0.415988
0.414004
0.411596
0.408736
0.405262
0.40122
0.396475
0.391177
0.384962
0.377869
0.369518
0.359955
0.348588
0.335411
0.319505
0.300799
0.277721
0.250096
0.21509
0.173251
0.117704
0.0720825
0.19984
0.218892
0.234276
0.243114
0.248131
0.250507
0.250312
0.246632
0.239627
0.228996
0.215164
0.199665
0.184423
0.172946
0.169036
0.174848
0.190113
0.214648
0.245357
0.275203
0.300986
0.322595
0.340402
0.354868
0.366762
0.37662
0.384581
0.390856
0.395939
0.400535
0.404956
0.409046
0.412471
0.415106
0.416964
0.417944
0.418065
0.417407
0.416082
0.414091
0.411693
0.408821
0.405363
0.401327
0.396587
0.391305
0.3851
0.378024
0.369685
0.360145
0.348794
0.335647
0.319762
0.301098
0.278047
0.25048
0.215499
0.173721
0.118114
0.0725903
0.200404
0.21932
0.234636
0.243397
0.248364
0.250691
0.25043
0.246751
0.239758
0.229257
0.215742
0.200712
0.186127
0.17537
0.172082
0.178374
0.193871
0.218161
0.248132
0.277092
0.302067
0.323073
0.340507
0.354789
0.366623
0.376496
0.384493
0.390769
0.395813
0.40039
0.404848
0.409022
0.412529
0.415217
0.417101
0.41808
0.418187
0.417514
0.416182
0.414186
0.411792
0.408912
0.405472
0.401441
0.396705
0.391439
0.385243
0.378186
0.369859
0.360342
0.349008
0.335892
0.320029
0.301408
0.278386
0.250879
0.215923
0.174212
0.118541
0.0731226
0.200937
0.21975
0.235007
0.243692
0.248609
0.250892
0.250565
0.246893
0.239914
0.229541
0.216334
0.201756
0.187802
0.177732
0.175039
0.181792
0.197511
0.221573
0.250849
0.278958
0.303137
0.323544
0.340611
0.354711
0.366487
0.376378
0.384415
0.390693
0.39569
0.40024
0.404736
0.409
0.412592
0.415335
0.417247
0.418223
0.418316
0.417628
0.416288
0.414287
0.411893
0.409008
0.405588
0.401561
0.39683
0.391579
0.385393
0.378354
0.37004
0.360546
0.349229
0.336145
0.320305
0.301729
0.278735
0.251291
0.216362
0.174721
0.118984
0.07368
0.201441
0.220182
0.235389
0.243998
0.248868
0.251111
0.250717
0.247055
0.240092
0.229846
0.216939
0.202796
0.189445
0.18003
0.177906
0.185103
0.201034
0.224888
0.253511
0.2808
0.304197
0.324008
0.340711
0.354632
0.366351
0.376267
0.38435
0.390628
0.39557
0.400088
0.40462
0.408977
0.41266
0.415461
0.417401
0.418374
0.418451
0.417748
0.4164
0.414394
0.411997
0.40911
0.40571
0.401688
0.396961
0.391725
0.385549
0.378529
0.370227
0.360757
0.349458
0.336406
0.320589
0.30206
0.279097
0.251717
0.216816
0.17525
0.119445
0.0742633
0.201914
0.220616
0.235781
0.244316
0.24914
0.251345
0.25089
0.247235
0.240293
0.230172
0.217555
0.203828
0.191055
0.182263
0.180684
0.188308
0.204443
0.228109
0.256122
0.282621
0.305244
0.324463
0.340807
0.354551
0.366216
0.376161
0.384298
0.390574
0.395453
0.39993
0.404499
0.408956
0.412734
0.415595
0.417563
0.418532
0.418593
0.417873
0.416518
0.414508
0.412104
0.409217
0.40584
0.401822
0.397099
0.391877
0.385711
0.378709
0.37042
0.360975
0.349694
0.336676
0.320883
0.302401
0.279469
0.252156
0.217285
0.175798
0.119923
0.0748733
0.202356
0.221054
0.236184
0.244646
0.249425
0.251594
0.251085
0.247433
0.240516
0.230517
0.218181
0.204851
0.192631
0.18443
0.183373
0.191407
0.207742
0.231242
0.258685
0.284422
0.306279
0.324909
0.340897
0.354465
0.366079
0.376063
0.384261
0.390533
0.39534
0.399769
0.404372
0.408937
0.412814
0.415736
0.417733
0.418699
0.41874
0.418005
0.41664
0.414628
0.412213
0.409331
0.405975
0.401963
0.397243
0.392035
0.385879
0.378896
0.370621
0.361201
0.349938
0.336954
0.321186
0.302753
0.279853
0.252609
0.217769
0.176367
0.120418
0.0755106
0.202768
0.221496
0.236597
0.244987
0.249722
0.251859
0.251298
0.247648
0.240761
0.230881
0.218816
0.205865
0.194172
0.186529
0.185973
0.194403
0.210935
0.234291
0.261204
0.286204
0.307302
0.325345
0.340979
0.354373
0.365941
0.375973
0.384241
0.390508
0.395236
0.399611
0.404251
0.408924
0.412901
0.415885
0.417918
0.418872
0.418894
0.418142
0.416768
0.414756
0.412324
0.40945
0.406117
0.402111
0.397393
0.392199
0.386053
0.379089
0.370827
0.361433
0.350189
0.33724
0.321497
0.303114
0.280248
0.253076
0.218268
0.176955
0.120931
0.0761762
0.203148
0.221943
0.23702
0.245339
0.250033
0.252138
0.251531
0.247877
0.241031
0.231264
0.219457
0.206869
0.195676
0.188561
0.188487
0.197298
0.214025
0.237262
0.263681
0.287969
0.308312
0.32577
0.341052
0.354274
0.365801
0.375895
0.384238
0.390499
0.395149
0.399466
0.404139
0.408921
0.412997
0.416042
0.418104
0.419051
0.419051
0.418284
0.416901
0.41489
0.41244
0.409575
0.406263
0.402265
0.39755
0.392368
0.386232
0.379288
0.37104
0.361672
0.350447
0.337534
0.321818
0.303486
0.280654
0.253556
0.218781
0.177564
0.121462
0.0768708
0.203497
0.222397
0.237454
0.245702
0.250357
0.252432
0.251781
0.248119
0.241325
0.231666
0.220105
0.207863
0.197142
0.190527
0.190915
0.200094
0.217019
0.240159
0.26612
0.289718
0.30931
0.326184
0.341114
0.354168
0.365664
0.375829
0.384253
0.390509
0.395082
0.399344
0.40405
0.408933
0.413103
0.416203
0.418295
0.419235
0.419213
0.418431
0.417038
0.415031
0.412565
0.409703
0.406412
0.402425
0.397713
0.392544
0.386418
0.379493
0.37126
0.361917
0.350713
0.337837
0.322147
0.303867
0.281072
0.25405
0.21931
0.178193
0.122011
0.0775957
0.203816
0.222857
0.237899
0.246077
0.250693
0.252742
0.25205
0.248375
0.24164
0.232085
0.220757
0.208847
0.198569
0.192427
0.193259
0.202794
0.219918
0.242986
0.268526
0.291454
0.310298
0.326586
0.341166
0.354063
0.365535
0.375778
0.38428
0.390533
0.395036
0.39925
0.403985
0.408966
0.413208
0.416381
0.418487
0.419421
0.419377
0.418582
0.41718
0.415177
0.4127
0.409839
0.406559
0.402589
0.397882
0.392725
0.386609
0.379704
0.371486
0.36217
0.350986
0.338147
0.322485
0.304259
0.2815
0.254557
0.219853
0.178842
0.122578
0.078352
0.204104
0.223324
0.238353
0.246462
0.251042
0.253066
0.252336
0.248646
0.241972
0.23252
0.221414
0.209818
0.199957
0.194263
0.195519
0.205402
0.222728
0.245748
0.270902
0.29318
0.311277
0.326976
0.341218
0.353974
0.365431
0.375745
0.38431
0.390556
0.395009
0.399187
0.40395
0.408992
0.413285
0.416608
0.418685
0.419608
0.419543
0.418738
0.417327
0.415328
0.412842
0.409985
0.406706
0.402758
0.398056
0.392912
0.386806
0.379921
0.371718
0.362429
0.351266
0.338465
0.322831
0.304659
0.281939
0.255076
0.22041
0.179513
0.123164
0.0791414
0.204361
0.223799
0.238817
0.246859
0.251405
0.253404
0.252641
0.248938
0.242317
0.232971
0.222076
0.210776
0.201305
0.196033
0.197696
0.207918
0.22545
0.248448
0.273255
0.2949
0.312247
0.32736
0.341284
0.353913
0.365359
0.375723
0.384328
0.39057
0.394999
0.39915
0.403945
0.409006
0.41336
0.416851
0.418896
0.419794
0.41971
0.418897
0.417477
0.415484
0.412989
0.410142
0.406854
0.402931
0.398236
0.393104
0.387009
0.380144
0.371956
0.362695
0.351553
0.33879
0.323186
0.30507
0.282389
0.255609
0.220983
0.180205
0.123769
0.0799661
0.204587
0.224283
0.239292
0.247266
0.25178
0.253757
0.252964
0.249256
0.242667
0.233438
0.222739
0.211719
0.202612
0.197737
0.199791
0.210345
0.228085
0.251092
0.275593
0.296614
0.313207
0.32775
0.341376
0.353882
0.365316
0.375703
0.384327
0.390575
0.395002
0.399136
0.403968
0.409059
0.41347
0.417038
0.419092
0.419979
0.419877
0.419058
0.41763
0.415645
0.413141
0.410304
0.407006
0.403109
0.398421
0.393301
0.387217
0.380373
0.372201
0.362967
0.351847
0.339123
0.32355
0.30549
0.28285
0.256156
0.221571
0.18092
0.124396
0.0808295
0.204782
0.224777
0.239776
0.247685
0.252168
0.254125
0.253303
0.249596
0.243029
0.233916
0.223404
0.212648
0.203877
0.199375
0.201805
0.212681
0.230637
0.253688
0.277939
0.298317
0.314151
0.328152
0.341489
0.353877
0.365292
0.37568
0.384307
0.390571
0.395012
0.399139
0.404025
0.409144
0.413597
0.417197
0.419268
0.42016
0.420045
0.419223
0.417786
0.415808
0.413297
0.41047
0.407165
0.40329
0.398611
0.393504
0.387431
0.380607
0.372451
0.363246
0.352147
0.339464
0.32392
0.30592
0.283321
0.256717
0.222173
0.181658
0.125047
0.081736
0.204947
0.225283
0.240269
0.248114
0.252569
0.254507
0.253658
0.249952
0.243407
0.234405
0.224069
0.213562
0.205099
0.200946
0.203739
0.214924
0.233106
0.256243
0.280244
0.299988
0.315072
0.328552
0.34161
0.353888
0.365277
0.375653
0.384276
0.390559
0.395023
0.399163
0.404117
0.409233
0.413722
0.41735
0.419439
0.420337
0.420211
0.419388
0.417945
0.415975
0.413457
0.41064
0.407329
0.403477
0.398805
0.393713
0.387651
0.380848
0.37271
0.363532
0.352461
0.339814
0.324309
0.30636
0.283815
0.257292
0.222811
0.182423
0.125727
0.0826925
0.20508
0.2258
0.240772
0.248554
0.252982
0.254902
0.254029
0.250324
0.243801
0.234904
0.224735
0.21446
0.206277
0.202452
0.205594
0.217064
0.235506
0.258756
0.28248
0.3016
0.315947
0.32892
0.341726
0.353908
0.365267
0.375622
0.38424
0.390541
0.395035
0.399237
0.404202
0.409328
0.413846
0.417501
0.419603
0.420509
0.420374
0.419553
0.418105
0.416144
0.41362
0.410812
0.407497
0.403665
0.399003
0.393922
0.387871
0.381091
0.372964
0.363821
0.352763
0.340168
0.32468
0.306808
0.284287
0.257881
0.223413
0.183217
0.126413
0.0837024
0.205183
0.22633
0.241283
0.249005
0.253408
0.255311
0.254417
0.250711
0.24421
0.23541
0.2254
0.215341
0.207408
0.203891
0.207373
0.219112
0.237831
0.261196
0.284644
0.303106
0.316716
0.329236
0.341829
0.353934
0.365259
0.375593
0.384201
0.390522
0.39505
0.399358
0.404268
0.409431
0.413975
0.41765
0.419762
0.420675
0.420534
0.419717
0.418266
0.416313
0.413787
0.41099
0.407674
0.403861
0.399212
0.394146
0.388112
0.38135
0.373253
0.36413
0.353117
0.340547
0.325125
0.307287
0.284856
0.258506
0.22416
0.184043
0.12721
0.0847763
0.205253
0.226873
0.241804
0.249467
0.253845
0.255732
0.254821
0.251113
0.244633
0.235921
0.226063
0.216201
0.208494
0.205269
0.209032
0.221071
0.240063
0.263497
0.286657
0.304415
0.31733
0.329486
0.341915
0.353959
0.365258
0.375568
0.384165
0.390504
0.395071
0.399475
0.404341
0.409546
0.414109
0.417796
0.419914
0.420835
0.420691
0.41988
0.418426
0.416483
0.413948
0.411161
0.407841
0.404051
0.399403
0.394355
0.388322
0.381592
0.373492
0.364415
0.353396
0.340895
0.325463
0.307725
0.285285
0.259087
0.224699
0.184868
0.127847
0.0859011
0.20529
0.227429
0.242331
0.249938
0.254293
0.256164
0.255238
0.251529
0.245067
0.236438
0.226723
0.217036
0.209532
0.20658
0.21056
0.222952
0.242137
0.265586
0.288405
0.305445
0.317782
0.329672
0.341984
0.35398
0.365268
0.375552
0.384136
0.390491
0.395097
0.399575
0.404434
0.409674
0.41425
0.417941
0.420063
0.42099
0.420843
0.420039
0.418586
0.416655
0.414131
0.41135
0.408038
0.404262
0.39964
0.3946
0.388599
0.38188
0.373827
0.364764
0.353812
0.341327
0.325991
0.308276
0.285965
0.259807
0.225605
0.185787
0.128814
0.0871228
0.205296
0.227998
0.242865
0.250417
0.25475
0.256604
0.255663
0.251956
0.245503
0.236958
0.227362
0.217835
0.210508
0.207746
0.211971
0.224653
0.243939
0.267333
0.289763
0.306187
0.318086
0.329798
0.342034
0.354007
0.365288
0.375548
0.384121
0.390484
0.395128
0.39966
0.404543
0.409813
0.414399
0.418086
0.420209
0.421139
0.420991
0.42019
0.418736
0.416807
0.414266
0.411504
0.408186
0.404432
0.399802
0.394786
0.388775
0.382092
0.374026
0.36501
0.35404
0.341622
0.326259
0.308642
0.286299
0.260292
0.226013
0.186539
0.129294
0.0882302
0.205422
0.228617
0.243436
0.250926
0.255233
0.257073
0.256113
0.252385
0.245963
0.237462
0.228004
0.218565
0.211346
0.208821
0.21327
0.226067
0.245366
0.26862
0.290693
0.306655
0.318248
0.329863
0.342066
0.354042
0.365337
0.375567
0.38412
0.390497
0.395169
0.399739
0.404664
0.409962
0.414555
0.418233
0.420352
0.421284
0.421137
0.420345
0.418899
0.416986
0.414469
0.411704
0.408399
0.404664
0.400065
0.395058
0.389084
0.382416
0.374402
0.365407
0.354509
0.34212
0.32686
0.309283
0.287081
0.261139
0.227063
0.187592
0.13044
0.0897509
0.204886
0.229027
0.243816
0.251287
0.255578
0.257397
0.256438
0.25276
0.246245
0.237854
0.228451
0.21893
0.211893
0.209682
0.214246
0.227026
0.246207
0.269277
0.291111
0.30683
0.318253
0.329844
0.342067
0.354055
0.365333
0.375586
0.384127
0.39052
0.395196
0.399814
0.404787
0.41011
0.414709
0.418368
0.420475
0.421397
0.421245
0.42045
0.419002
0.417086
0.414557
0.411811
0.4085
0.404779
0.400172
0.395181
0.389199
0.382557
0.37453
0.365569
0.354654
0.342309
0.327028
0.309514
0.287284
0.26144
0.227303
0.188143
0.13068
0.0905116
0.205723
0.229837
0.244538
0.251873
0.25608
0.257822
0.25682
0.253178
0.246735
0.238201
0.228543
0.219242
0.21248
0.210413
0.215051
0.227808
0.246924
0.269883
0.291506
0.306968
0.318269
0.329888
0.342139
0.354165
0.365486
0.375699
0.384213
0.390554
0.395287
0.399918
0.404927
0.410265
0.414862
0.418502
0.420603
0.421525
0.421382
0.420597
0.41916
0.41726
0.414749
0.412015
0.40872
0.405018
0.400441
0.395471
0.389522
0.382912
0.374931
0.366011
0.35516
0.342876
0.327683
0.310257
0.288154
0.26245
0.22849
0.189424
0.132111
0.0928877
)
;

boundaryField
{
    inlet
    {
        type            zeroGradient;
    }
    outlet
    {
        type            fixedValue;
        value           uniform 0;
    }
    fixedWalls
    {
        type            zeroGradient;
    }
    frontAndBack
    {
        type            empty;
    }
}


// ************************************************************************* //
