/*--------------------------------*- C++ -*----------------------------------*\
| =========                 |                                                 |
| \\      /  F ield         | OpenFOAM: The Open Source CFD Toolbox           |
|  \\    /   O peration     | Version:  2.4.0                                 |
|   \\  /    A nd           | Web:      www.OpenFOAM.org                      |
|    \\/     M anipulation  |                                                 |
\*---------------------------------------------------------------------------*/
FoamFile
{
    version     2.0;
    format      ascii;
    class       volScalarField;
    location    "440";
    object      epsilon;
}
// * * * * * * * * * * * * * * * * * * * * * * * * * * * * * * * * * * * * * //

dimensions      [0 2 -3 0 0 0 0];

internalField   nonuniform List<scalar> 
6000
(
1.28837
0.343832
0.0455654
0.0271073
0.0222861
0.0201232
0.0185319
0.0174996
0.0167615
0.0162168
0.0157867
0.0154328
0.0151289
0.0148709
0.0146624
0.0145146
0.0144381
0.0144428
0.0145373
0.0147345
0.0150553
0.0155333
0.0162151
0.0171569
0.0184234
0.0200813
0.0221811
0.0247916
0.0280881
0.031867
0.03609
0.0406827
0.0455372
0.0505239
0.0554983
0.060321
0.0649327
0.0691619
0.0728684
0.0760048
0.0785396
0.0804903
0.0818566
0.0827391
0.0831225
0.0832024
0.0832112
0.0818135
0.0874615
0.0956149
0.105209
0.11996
0.136057
0.163406
0.191004
0.246133
0.292674
0.419902
0.502246
0.90677
0.483861
0.207656
0.0748466
0.0200322
0.00905434
0.00737533
0.00667993
0.00630296
0.00606443
0.00589737
0.00576795
0.00565815
0.00555873
0.00546767
0.00538826
0.00532713
0.00529269
0.00529398
0.00534082
0.00544455
0.00561917
0.00588202
0.00625367
0.00675692
0.00741672
0.00825533
0.00928746
0.0105268
0.0119912
0.0136252
0.0153953
0.0172598
0.0191717
0.0210837
0.022953
0.0247475
0.0264735
0.0280941
0.029556
0.0308512
0.0319778
0.0329442
0.0337595
0.0344518
0.0350336
0.0355533
0.0360992
0.0360025
0.0376244
0.0399329
0.0428771
0.0470198
0.0520652
0.0593362
0.0681387
0.081256
0.0973649
0.121774
0.158455
0.203532
0.351399
0.169544
0.0782408
0.0307272
0.0100254
0.00635847
0.00522296
0.00471436
0.00443503
0.00426002
0.00413684
0.00404009
0.003957
0.00388287
0.00381859
0.00376875
0.00374027
0.00374141
0.00378143
0.00387074
0.0040213
0.00424699
0.00456355
0.00498802
0.0055386
0.00623026
0.00707108
0.0080638
0.00920411
0.0104575
0.0117941
0.013181
0.0145849
0.0159761
0.0173304
0.0186329
0.0198877
0.0210682
0.022147
0.0231206
0.0239893
0.024759
0.0254378
0.026042
0.0265858
0.0270901
0.0276067
0.0276043
0.0284464
0.0296539
0.0313053
0.0335207
0.0364011
0.040191
0.0451663
0.051527
0.0603772
0.0706992
0.0900153
0.102749
0.320755
0.155186
0.0775145
0.0392563
0.0142736
0.00729893
0.00534459
0.00454546
0.00413339
0.00388915
0.00372747
0.00360913
0.00351442
0.00343448
0.00336728
0.00331528
0.00328396
0.0032807
0.00331424
0.00339461
0.0035333
0.00374345
0.00403981
0.00443823
0.00495507
0.00560328
0.00638798
0.00730719
0.00834964
0.00948619
0.0106884
0.0119268
0.0131735
0.0144051
0.0156037
0.0167589
0.0178712
0.0189155
0.0198733
0.0207414
0.0215199
0.0222135
0.0228289
0.0233785
0.0238757
0.0243284
0.0247601
0.024736
0.0252622
0.0260355
0.0271721
0.0286673
0.0307143
0.0332775
0.036813
0.0409589
0.0471131
0.0533204
0.0659478
0.0721579
0.310659
0.149283
0.0763091
0.0433383
0.020771
0.00928771
0.00608911
0.0048655
0.0042617
0.00391621
0.00369598
0.00354206
0.0034252
0.00333118
0.00325453
0.00319546
0.00315794
0.00314846
0.00317533
0.00324841
0.0033792
0.00358101
0.0038689
0.00425888
0.00476737
0.00540676
0.00618046
0.00708356
0.00810118
0.00920581
0.0103694
0.0115641
0.0127646
0.0139499
0.0151045
0.016219
0.0172903
0.0182925
0.0192104
0.0200404
0.0207818
0.0214381
0.0220154
0.0225233
0.0229746
0.0233664
0.0236954
0.0236268
0.0239662
0.0244908
0.0253326
0.0264399
0.0280341
0.0299775
0.0327638
0.035857
0.040653
0.0450506
0.0545042
0.0583381
0.306587
0.146935
0.0754007
0.0449366
0.0272458
0.0122866
0.00731125
0.00549365
0.0046302
0.00415014
0.00385252
0.00365116
0.00350401
0.00339001
0.00329957
0.00323026
0.00318437
0.00316743
0.0031872
0.00325341
0.00337777
0.00357412
0.00385846
0.0042477
0.00475933
0.00540604
0.00619012
0.00710453
0.00813189
0.00924487
0.0104153
0.0116158
0.0128221
0.0140139
0.0151763
0.0162992
0.0173755
0.0183774
0.0192911
0.0201119
0.0208382
0.0214729
0.022021
0.0224906
0.0228928
0.0232142
0.0234291
0.0233093
0.0235117
0.0238596
0.0244933
0.0253422
0.0266357
0.0281937
0.0305095
0.0329859
0.0369624
0.0403579
0.0480138
0.0506361
0.304709
0.146148
0.0748801
0.0452728
0.0319945
0.016331
0.00902679
0.00639741
0.00518903
0.00453412
0.00413734
0.00387544
0.00368955
0.00354979
0.0034415
0.00335912
0.00330296
0.00327734
0.00328935
0.00334849
0.00346669
0.00365852
0.00394128
0.00433334
0.0048539
0.00551668
0.00632334
0.00726508
0.00832246
0.00946757
0.0106716
0.0119073
0.0131499
0.0143789
0.0155787
0.0167379
0.0178442
0.0188682
0.0197959
0.0206215
0.0213426
0.0219613
0.022482
0.0229112
0.0232584
0.0234975
0.023592
0.0234181
0.0235057
0.0237103
0.0241765
0.0248276
0.0258937
0.0271769
0.029159
0.0312225
0.0346441
0.0374002
0.0438941
0.045781
0.303653
0.146043
0.0746851
0.0450515
0.0345902
0.0210295
0.0112962
0.00759175
0.00593168
0.00505227
0.00453005
0.00419221
0.00395786
0.00378593
0.00365545
0.00355703
0.00348861
0.00345299
0.00345639
0.00350787
0.00361952
0.00380671
0.00408829
0.00448449
0.0050168
0.00570067
0.00653751
0.00751707
0.00861801
0.00981132
0.0110673
0.0123576
0.0136569
0.0149435
0.0161999
0.017413
0.0185644
0.0196232
0.0205746
0.0214115
0.0221308
0.0227341
0.0232254
0.0236091
0.023893
0.0240363
0.0240108
0.0237797
0.0237632
0.0238415
0.0241614
0.0246465
0.0255246
0.0265921
0.028316
0.0300763
0.0330916
0.0354
0.0410745
0.0424657
0.302902
0.146234
0.0747331
0.0446489
0.0355787
0.0254433
0.0141707
0.00911206
0.00687006
0.00570547
0.00502601
0.00459382
0.00429959
0.00408807
0.00393044
0.00381265
0.00372975
0.00368266
0.00367639
0.00371938
0.00382368
0.00400547
0.0042853
0.00468557
0.00523058
0.00593821
0.00681008
0.00783471
0.0089889
0.0102422
0.0115633
0.0129228
0.0142935
0.0156517
0.0169779
0.0182567
0.0194623
0.0205631
0.0215427
0.022393
0.0231104
0.0236958
0.0241531
0.0244847
0.0246954
0.0247303
0.0245905
0.0242983
0.0241831
0.0241446
0.0243302
0.0246672
0.02538
0.026266
0.0277774
0.0292997
0.0320002
0.0339748
0.0390363
0.0400726
0.302277
0.146552
0.0749535
0.0442507
0.0355134
0.0287861
0.0176227
0.011001
0.00802584
0.00650321
0.00562838
0.00507987
0.00471226
0.00445244
0.00426189
0.0041209
0.00402096
0.00396067
0.00394351
0.00397699
0.00407291
0.00424811
0.00452496
0.00492825
0.00548556
0.00621792
0.0071277
0.00820242
0.00941699
0.0107391
0.0121356
0.013575
0.0150281
0.0164683
0.0178734
0.0192252
0.0204906
0.0216368
0.0226458
0.0235087
0.0242214
0.0247845
0.0252017
0.0254732
0.0255999
0.0255181
0.0252717
0.0249146
0.0247037
0.0245543
0.024613
0.0248128
0.0253742
0.0261
0.0274281
0.0287544
0.0312008
0.032916
0.0375002
0.0382738
0.301715
0.14692
0.0752923
0.0439394
0.034844
0.0309014
0.0212454
0.0132923
0.00942584
0.00746015
0.00634485
0.00565407
0.00519714
0.00487879
0.00464859
0.00447989
0.00435992
0.00428445
0.004255
0.00427779
0.00436411
0.00453127
0.00480345
0.00520798
0.00577612
0.00653283
0.00748181
0.00860983
0.00988992
0.0112875
0.0127671
0.0142948
0.0158384
0.0173679
0.018858
0.0202873
0.021615
0.0228071
0.0238443
0.024717
0.0254205
0.0259555
0.0263256
0.0265284
0.0265598
0.0263602
0.0260142
0.0255888
0.0252843
0.0250281
0.0249652
0.0250349
0.0254544
0.0260336
0.0271983
0.0283573
0.0305925
0.0321006
0.0363031
0.0368806
0.301195
0.147303
0.0757106
0.0437437
0.0338926
0.031876
0.0245443
0.015985
0.0110975
0.0085941
0.00718613
0.00632275
0.00575787
0.00536903
0.00509128
0.0048896
0.0047461
0.00465311
0.00460975
0.00462058
0.00469599
0.00485348
0.00511897
0.00552239
0.00609903
0.00687848
0.00786654
0.00904952
0.0103985
0.0118765
0.013445
0.0150671
0.0167069
0.0183307
0.0199095
0.0214182
0.0228083
0.0240449
0.0251072
0.025985
0.0266739
0.0271741
0.0274896
0.0276144
0.027541
0.0272285
0.0267883
0.0262922
0.025896
0.0255366
0.0253565
0.0253015
0.0255859
0.0260282
0.0270436
0.0280561
0.0301119
0.0314523
0.0353444
0.0357765
0.300709
0.147683
0.0761804
0.0436654
0.0328695
0.0319198
0.027196
0.018916
0.0130615
0.00992419
0.0081649
0.00709408
0.0063997
0.00592649
0.00559199
0.00535116
0.00518001
0.00506678
0.00500767
0.00500513
0.00506825
0.00521437
0.00547094
0.00587048
0.00645257
0.00725206
0.00827774
0.00951582
0.0109356
0.012497
0.0141584
0.015879
0.0176189
0.0193399
0.0210089
0.0225969
0.0240477
0.0253256
0.0264084
0.0272858
0.0279535
0.0284118
0.0286646
0.0287022
0.0285197
0.0281013
0.0275716
0.0270033
0.0265175
0.0260586
0.0257654
0.0255906
0.0257452
0.0260578
0.0269347
0.0278163
0.0297176
0.0309211
0.0345589
0.0348863
0.300255
0.148055
0.0766822
0.0436942
0.0319006
0.0312852
0.0290448
0.0218113
0.0153183
0.0114682
0.00929487
0.00797754
0.00712907
0.00655554
0.00615367
0.00586653
0.00566292
0.00552623
0.00544925
0.0054318
0.00548122
0.00561423
0.00585956
0.00625216
0.00683606
0.00765187
0.00871246
0.0100043
0.011495
0.0131414
0.0148979
0.0167194
0.0185613
0.0203805
0.0221395
0.0238048
0.025313
0.0266276
0.0277254
0.028596
0.0292354
0.0296442
0.0298262
0.0297685
0.0294786
0.0289612
0.0283462
0.0277053
0.0271324
0.0265779
0.0261763
0.0258863
0.0259161
0.0261048
0.0268516
0.027615
0.0293815
0.0304737
0.0339029
0.0341591
0.299832
0.148415
0.0772022
0.043815
0.0310524
0.030215
0.0300534
0.0244391
0.0177757
0.0132377
0.0105895
0.00898333
0.00795328
0.00726136
0.00677998
0.00643823
0.00619656
0.00603268
0.00593536
0.00590131
0.0059356
0.00605381
0.00628553
0.00666794
0.00724958
0.00807708
0.00916864
0.0105115
0.0120718
0.013803
0.015655
0.0175781
0.0195223
0.0214388
0.0232861
0.0250251
0.0265862
0.0279318
0.0290382
0.0298949
0.0304988
0.0308507
0.0309536
0.0307966
0.0304041
0.029794
0.0290977
0.0283848
0.027728
0.0270821
0.0265772
0.0261769
0.0260869
0.026157
0.0267806
0.027436
0.0290843
0.0300868
0.0333457
0.0335592
0.299439
0.148763
0.0777306
0.0440117
0.0303531
0.0289149
0.030279
0.0266167
0.0202794
0.0152279
0.01206
0.0101216
0.00888014
0.0080497
0.00747506
0.00706926
0.00678306
0.00658763
0.00646713
0.00641458
0.00643229
0.00653407
0.00674986
0.00711878
0.0076938
0.00852753
0.00964499
0.0110348
0.0126616
0.0144757
0.0164222
0.0184457
0.0204907
0.0225024
0.0244346
0.0262426
0.0278507
0.029221
0.030329
0.0311646
0.0317256
0.0320129
0.0320298
0.0317747
0.031285
0.0305882
0.0298146
0.029031
0.0282939
0.0275618
0.026959
0.0264539
0.0262491
0.0262057
0.0267123
0.0272683
0.0288123
0.0297437
0.0328654
0.0330604
0.299075
0.149099
0.0782602
0.0442693
0.0298075
0.0275432
0.0298425
0.0282143
0.0226917
0.0173694
0.013712
0.0114016
0.0099175
0.00892663
0.0082435
0.00776298
0.00742484
0.00719284
0.00704583
0.00697265
0.00697227
0.00705609
0.00725376
0.00760592
0.00816972
0.00900367
0.0101409
0.011572
0.0132609
0.0151543
0.0171923
0.0193136
0.0214564
0.0235596
0.0255722
0.0274429
0.0290917
0.0304795
0.0315819
0.032389
0.0328998
0.0331152
0.0330432
0.0326936
0.0321121
0.0313342
0.0304874
0.0296354
0.0288222
0.028009
0.0273145
0.0267106
0.0263967
0.0262448
0.02664
0.0271041
0.0285558
0.0294325
0.0324456
0.032643
0.298739
0.149423
0.0787862
0.0445746
0.0294074
0.0262112
0.0288975
0.0291659
0.0248697
0.0195798
0.0155247
0.0128296
0.0110726
0.00989828
0.00909008
0.00852297
0.00812456
0.0078502
0.00767285
0.00757661
0.00755654
0.00762098
0.00779848
0.00813079
0.0086786
0.00950643
0.0106564
0.0121219
0.0138667
0.0158342
0.0179592
0.0201739
0.0224099
0.0245995
0.026687
0.0286133
0.0302955
0.0316934
0.0327828
0.0335541
0.0340075
0.0341458
0.033986
0.0335459
0.0328781
0.0320246
0.0311088
0.0301912
0.0293065
0.0284179
0.0276382
0.0269419
0.026525
0.0262698
0.0265589
0.0269377
0.0283074
0.0291438
0.0320736
0.0322918
0.298429
0.149737
0.079305
0.0449161
0.029138
0.0249895
0.0276047
0.029468
0.0266836
0.0217678
0.0174536
0.0144013
0.0123511
0.0109704
0.0100196
0.00935297
0.008885
0.00856174
0.00834965
0.00822753
0.00818605
0.00822977
0.00838526
0.00869487
0.00922206
0.0100372
0.0111921
0.0126839
0.014477
0.0165117
0.0187173
0.0210195
0.0233426
0.0256122
0.0277679
0.0297419
0.0314499
0.0328502
0.0339191
0.0346475
0.0350371
0.035097
0.0348519
0.0343259
0.0335774
0.0326536
0.0316731
0.0306933
0.0297418
0.0287839
0.0279257
0.027144
0.0266305
0.0262778
0.0264659
0.0267652
0.0280618
0.0288705
0.0317392
0.0319943
0.298144
0.15004
0.0798139
0.0452842
0.028982
0.0239167
0.0261136
0.0291708
0.0280318
0.0238301
0.0194491
0.0160926
0.013753
0.0121476
0.0110365
0.0102567
0.00970901
0.00932954
0.00907768
0.00892644
0.00886164
0.00888337
0.00901524
0.00929963
0.00980181
0.0105976
0.011749
0.0132581
0.0150904
0.0171836
0.0194619
0.021844
0.0242468
0.026589
0.0288053
0.0308182
0.0325439
0.0339387
0.03498
0.0356583
0.0359814
0.0359638
0.0356364
0.0350294
0.0342057
0.0332169
0.0321762
0.0311378
0.0301246
0.0291034
0.0281738
0.0273139
0.0267109
0.0262663
0.0263585
0.0265836
0.0278146
0.0286068
0.0314341
0.03174
0.297882
0.150333
0.0803112
0.0456712
0.0289221
0.0230084
0.0245506
0.0283634
0.0288504
0.0256611
0.0214466
0.0178774
0.0152653
0.0134301
0.0121444
0.0112375
0.0105993
0.0101557
0.00985837
0.00967431
0.009584
0.00958249
0.00968934
0.00994639
0.0104196
0.0111897
0.0123288
0.0138451
0.0157062
0.0178479
0.0201893
0.0226421
0.0251158
0.0275219
0.0297901
0.0318326
0.0335679
0.0349494
0.035955
0.0365799
0.0368357
0.0367423
0.0363364
0.0356535
0.0347603
0.0337116
0.0326152
0.0315224
0.0304526
0.0293741
0.0283801
0.0274495
0.0267641
0.0262338
0.0262352
0.0263907
0.0275627
0.028348
0.0311509
0.0315201
0.297642
0.150616
0.0807956
0.0460704
0.028942
0.0222643
0.0230141
0.0271587
0.0291171
0.0271633
0.0233694
0.0197177
0.0168736
0.0148114
0.0133427
0.0122983
0.0115585
0.011042
0.010693
0.010472
0.0103536
0.0103276
0.0104083
0.0106363
0.0110771
0.0118156
0.0129334
0.0144462
0.0163247
0.0185033
0.0208965
0.0234094
0.0259437
0.0284041
0.0307148
0.032777
0.0345121
0.0358728
0.0368386
0.0374079
0.0375968
0.0374301
0.0369499
0.0361966
0.0352395
0.034136
0.0329885
0.0318456
0.0307243
0.0295945
0.0285431
0.0275491
0.0267887
0.0261793
0.0260949
0.026185
0.0273033
0.0280899
0.0308834
0.0313266
0.297422
0.150889
0.0812662
0.0464767
0.029027
0.0216748
0.0215739
0.025678
0.0288496
0.0282573
0.0251343
0.0215637
0.0185551
0.0162827
0.0146285
0.0134377
0.0125877
0.0119903
0.0115829
0.01132
0.0111708
0.0111188
0.0111723
0.0113701
0.0117757
0.0124774
0.0135651
0.0150634
0.0169467
0.0191494
0.0215818
0.0241425
0.0267256
0.0292286
0.0315708
0.0336429
0.0353701
0.0367043
0.0376269
0.0381396
0.0382628
0.0380262
0.0374763
0.0366581
0.0356429
0.0344898
0.0332957
0.032107
0.0309392
0.0297639
0.0286617
0.0276119
0.0267839
0.0261018
0.0259367
0.0259653
0.0270342
0.0278289
0.0306256
0.0311524
0.297221
0.151154
0.0817225
0.0468859
0.0291644
0.0212248
0.0202743
0.0240391
0.0281004
0.0288889
0.0266578
0.0233558
0.0202779
0.0178297
0.015996
0.0146543
0.0136864
0.0130003
0.0125281
0.0122189
0.0120356
0.011956
0.0119815
0.0121482
0.0125166
0.0131772
0.0142249
0.015697
0.017572
0.019785
0.0222428
0.024838
0.0274571
0.0299909
0.0323529
0.0344258
0.0361379
0.0374406
0.0383176
0.0387736
0.0388331
0.0385304
0.0379159
0.0370386
0.0359709
0.0347731
0.0335371
0.032307
0.0310977
0.0298824
0.0287359
0.0276372
0.026749
0.0260009
0.0257603
0.0257306
0.0267534
0.0275616
0.0303723
0.0309908
0.297037
0.15141
0.0821641
0.0472944
0.0293432
0.0208974
0.0191383
0.0223466
0.0269484
0.0290332
0.0278636
0.0250272
0.0220013
0.0194313
0.0174354
0.0159439
0.014853
0.0140718
0.0135286
0.0131679
0.0129472
0.0128383
0.0128352
0.0129702
0.0132996
0.0139149
0.0149139
0.0163481
0.0182014
0.0204101
0.0228786
0.0254938
0.0281354
0.0306877
0.0330576
0.0351226
0.036813
0.0380801
0.0389098
0.0393097
0.0393083
0.0389437
0.0382699
0.0373393
0.0362247
0.0349873
0.033714
0.032447
0.0312009
0.0299507
0.0287659
0.027625
0.0266837
0.0258762
0.0255652
0.0254804
0.0264593
0.0272851
0.0301184
0.0308357
0.296869
0.151656
0.0825909
0.0476997
0.0295543
0.020675
0.0181724
0.0206866
0.0254885
0.0286961
0.028689
0.0265079
0.0236761
0.0210592
0.0189321
0.0172993
0.0160841
0.0152029
0.0145832
0.0141662
0.0139045
0.0137645
0.013732
0.0138349
0.0141241
0.0146902
0.0156332
0.0170182
0.0188358
0.0210251
0.0234888
0.026109
0.028759
0.0313172
0.033683
0.0357319
0.0373944
0.0386223
0.0394036
0.0397487
0.0396896
0.0392679
0.0385404
0.0375622
0.0364064
0.0351343
0.0338282
0.0325286
0.0312503
0.0299701
0.0287525
0.0275757
0.0265881
0.0257277
0.0253512
0.025214
0.0261505
0.0269967
0.0298591
0.0306814
0.296716
0.151894
0.0830029
0.0480996
0.0297898
0.0205413
0.0173723
0.0191235
0.0238226
0.027912
0.0290901
0.0277299
0.0252468
0.0226778
0.0204656
0.0187093
0.0173739
0.0163905
0.01569
0.0152122
0.014906
0.0147327
0.0146701
0.0147408
0.014989
0.0155029
0.0163835
0.0177083
0.0194765
0.0216312
0.0240741
0.0266837
0.0293274
0.0318787
0.0342289
0.0362533
0.037882
0.0390679
0.0398004
0.0400926
0.0399794
0.0395056
0.03873
0.0377101
0.0365185
0.0352165
0.0338821
0.0325542
0.0312479
0.0299422
0.0286968
0.0274899
0.0264624
0.0255552
0.0251183
0.0249312
0.0258259
0.0266939
0.0295901
0.0305224
0.296577
0.152124
0.0834
0.0484925
0.0300434
0.0204811
0.0167261
0.0177011
0.0220499
0.0267398
0.0290459
0.0286317
0.0266538
0.0242447
0.0220096
0.0201587
0.0187135
0.0176294
0.0168456
0.0163032
0.0159493
0.0157405
0.0156473
0.0156857
0.0158928
0.0163524
0.0171655
0.0184198
0.0201252
0.0222297
0.0246357
0.0272187
0.0298414
0.0323728
0.0346959
0.0366877
0.0382774
0.0394187
0.0401025
0.0403441
0.0401808
0.0396599
0.038842
0.0377859
0.036564
0.0352368
0.0338785
0.0325263
0.0311962
0.029869
0.0286005
0.0273686
0.026307
0.025359
0.0248664
0.0246317
0.0254844
0.0263742
0.0293071
0.0303536
0.296449
0.152345
0.0837826
0.0488769
0.0303097
0.0204813
0.0162182
0.016444
0.02026
0.0252566
0.0285599
0.029164
0.0278372
0.0257118
0.0235316
0.0216271
0.0200906
0.0189119
0.0180449
0.0174358
0.0170313
0.016785
0.0166607
0.0166669
0.0168333
0.0172373
0.0179791
0.0191536
0.0207834
0.0228225
0.0251754
0.0277158
0.0303026
0.0328012
0.035086
0.0370374
0.0385831
0.0396776
0.0403131
0.0405067
0.0402973
0.0397345
0.0388798
0.0377933
0.0365462
0.0351984
0.0338204
0.0324479
0.0310978
0.0297529
0.0284653
0.027213
0.0261226
0.0251392
0.0245956
0.0243152
0.0251251
0.0260357
0.0290062
0.03017
0.296334
0.152559
0.0841507
0.049252
0.0305845
0.0205303
0.0158313
0.0153615
0.0185275
0.0235505
0.0276596
0.0292932
0.0287405
0.0270273
0.0249935
0.0230892
0.0214889
0.0202276
0.0192812
0.0186048
0.0181479
0.0178625
0.0177068
0.017681
0.0178076
0.0181558
0.0188239
0.0199105
0.0214527
0.0234119
0.0256958
0.0281775
0.0307137
0.0331664
0.0354022
0.0373054
0.0388024
0.0398484
0.0404363
0.0405844
0.0403333
0.0397336
0.0388477
0.0377361
0.0364688
0.0351048
0.033711
0.0323221
0.0309555
0.0295963
0.0282932
0.0270245
0.0259099
0.0248963
0.0243059
0.0239818
0.0247474
0.0256765
0.0286837
0.0299673
0.296228
0.152764
0.0845046
0.049617
0.030864
0.0206182
0.0155481
0.0144513
0.0169092
0.0217128
0.0263946
0.0290049
0.0293143
0.0281381
0.0263525
0.0245145
0.022888
0.021563
0.020545
0.0198036
0.0192938
0.0189682
0.0187813
0.018724
0.018812
0.0191052
0.0196986
0.0206909
0.0221347
0.0240001
0.0261995
0.0286071
0.0310781
0.0334721
0.0356483
0.0374959
0.0389397
0.0399355
0.0404765
0.040582
0.0402932
0.0396617
0.0387497
0.0376182
0.0363355
0.0349595
0.0335537
0.0321519
0.0307722
0.0294016
0.0280861
0.0268045
0.0256699
0.0246305
0.0239976
0.0236315
0.0243508
0.0252951
0.0283364
0.0297411
0.296133
0.152961
0.0848446
0.0499714
0.0311456
0.0207369
0.0153524
0.0137029
0.0154437
0.0198311
0.0248319
0.0283055
0.0295208
0.0289927
0.0275621
0.0258677
0.0242628
0.0229007
0.0218245
0.0210234
0.0204622
0.0200963
0.019879
0.0197908
0.0198421
0.0200818
0.0206001
0.0214943
0.0228305
0.0245894
0.0266897
0.0290081
0.0313998
0.0337222
0.0358288
0.0376137
0.039
0.0399441
0.0404391
0.0405046
0.0401821
0.0395234
0.0385904
0.0374437
0.0361501
0.034766
0.0333519
0.0319404
0.0305505
0.0291713
0.0278461
0.0265546
0.0254035
0.0243424
0.0236708
0.0232642
0.023935
0.0248899
0.0279611
0.0294875
0.296045
0.15315
0.085171
0.0503148
0.0314268
0.0208793
0.0152296
0.0131012
0.0141526
0.017983
0.0230507
0.0272224
0.0293367
0.0295443
0.0285747
0.0271094
0.025584
0.0242198
0.0231045
0.0222532
0.0216445
0.0212398
0.0209935
0.0208757
0.0208925
0.0210814
0.0215253
0.0223199
0.0235408
0.0251819
0.0271696
0.0293846
0.0316834
0.0339212
0.035949
0.0376642
0.038989
0.0398799
0.0403296
0.0403576
0.0400051
0.0393236
0.0383743
0.0372169
0.0359165
0.0345279
0.0331086
0.0316906
0.0302932
0.0289077
0.0275752
0.0262762
0.0251117
0.0240324
0.0233256
0.0228801
0.0234999
0.0244601
0.0275554
0.0292029
0.295966
0.153332
0.0854841
0.0506469
0.0317057
0.0210396
0.0151664
0.0126287
0.0130431
0.0162322
0.0211361
0.0258024
0.0287558
0.0297547
0.0293431
0.0281974
0.0268182
0.0254954
0.0243668
0.0234795
0.0228304
0.0223901
0.0221168
0.0219716
0.021957
0.0220985
0.0224703
0.0231658
0.0242659
0.0257795
0.0276423
0.0297406
0.0319337
0.0340743
0.0360147
0.0376535
0.0389127
0.0397489
0.0401539
0.0401467
0.0397675
0.0390672
0.0381058
0.0369419
0.0356383
0.0342485
0.0328271
0.0314052
0.0300028
0.0286131
0.0272753
0.0259708
0.0247954
0.023701
0.0229622
0.0224792
0.0230453
0.0240047
0.0271168
0.0288842
0.295894
0.153506
0.0857842
0.0509677
0.031981
0.0212131
0.0151517
0.0122677
0.0121112
0.0146257
0.0191729
0.024109
0.0277906
0.029597
0.0298242
0.0290881
0.0279285
0.0266987
0.0255899
0.024686
0.0240071
0.0235367
0.0232393
0.0230706
0.023028
0.0231267
0.0234302
0.024029
0.025005
0.0263834
0.0281108
0.0300805
0.0321557
0.0341875
0.0360318
0.0375878
0.0387776
0.0395574
0.0399181
0.0398776
0.0394747
0.0387592
0.0377894
0.0366225
0.0353192
0.033931
0.0325102
0.0310869
0.0296816
0.0282894
0.0269479
0.0256398
0.0244554
0.0233485
0.0225806
0.0220617
0.0225715
0.0235233
0.0266435
0.0285285
0.295829
0.153673
0.0860716
0.0512771
0.0322513
0.0213959
0.0151758
0.0120009
0.0113451
0.0131934
0.0172387
0.0222174
0.0264728
0.0290585
0.0299811
0.0297385
0.0288759
0.0277976
0.0267485
0.0258533
0.0251596
0.0246675
0.0243508
0.0241633
0.0240973
0.0241582
0.0243986
0.0249041
0.0257563
0.0269943
0.0285774
0.030408
0.0323542
0.0342664
0.0360065
0.0374737
0.0385903
0.0393119
0.0396284
0.0395561
0.0391321
0.0384044
0.0374294
0.0362626
0.0349624
0.0335784
0.0321605
0.0307379
0.0293316
0.0279384
0.0265945
0.0252841
0.0240926
0.0229754
0.0221811
0.0216276
0.0220786
0.0230157
0.026134
0.0281334
0.29577
0.153833
0.0863468
0.0515751
0.0325158
0.0215848
0.0152307
0.0118126
0.0107283
0.0119496
0.0153997
0.0202098
0.0248515
0.0281431
0.0297863
0.0301086
0.02962
0.0287573
0.0278143
0.0269589
0.02627
0.0257681
0.025439
0.0252389
0.0251549
0.0251844
0.0253682
0.0257853
0.0265171
0.0276117
0.029044
0.0307265
0.0325335
0.0343166
0.0359449
0.0373175
0.0383571
0.0390188
0.0392909
0.0391878
0.0387447
0.0380074
0.03703
0.0358659
0.0345711
0.0331935
0.0317803
0.0303602
0.0289544
0.0275615
0.0262164
0.0249047
0.0237075
0.0225819
0.0217634
0.021177
0.0215669
0.0224818
0.0255873
0.0276969
0.295716
0.153986
0.08661
0.0518618
0.0327737
0.0217772
0.0153096
0.0116888
0.0102424
0.0108952
0.0137068
0.0181684
0.0229911
0.026872
0.0292247
0.0301641
0.0301214
0.0295409
0.0287563
0.0279777
0.0273179
0.0268217
0.0264899
0.0262852
0.0261897
0.026195
0.0263302
0.0266657
0.0272827
0.0282341
0.0295113
0.0310386
0.0326968
0.0343433
0.035853
0.0371257
0.0380846
0.0386843
0.0389115
0.0387784
0.0383176
0.0375726
0.0365948
0.0354355
0.0341481
0.0327784
0.0313716
0.0299554
0.0285514
0.0271598
0.0258143
0.0245022
0.0233004
0.0221681
0.0213277
0.0207099
0.0210367
0.0219218
0.0250027
0.0272173
0.295668
0.154132
0.0868617
0.0521373
0.0330246
0.021971
0.0154069
0.0116174
0.00986829
0.0100212
0.0121941
0.0161702
0.0209672
0.0252842
0.0282955
0.0298788
0.0303437
0.0301114
0.0295411
0.0288815
0.0282805
0.0278095
0.0274876
0.0272883
0.0271892
0.0271785
0.0272743
0.0275371
0.0280458
0.0288583
0.0299787
0.0313457
0.0328476
0.0343511
0.0357361
0.036904
0.0377788
0.0383145
0.0384959
0.038333
0.0378554
0.037104
0.0361274
0.0349744
0.0336958
0.0323353
0.030936
0.0295248
0.0281236
0.0267341
0.025389
0.0240772
0.0228717
0.021734
0.0208736
0.0202261
0.0204886
0.0213365
0.0243801
0.0266936
0.295624
0.154271
0.087102
0.0524019
0.033268
0.0221645
0.015518
0.011588
0.00958805
0.0093119
0.010879
0.0142813
0.0188611
0.023435
0.0270143
0.0292374
0.0302553
0.0304324
0.0301342
0.02964
0.029132
0.0287101
0.028414
0.0282323
0.0281391
0.028122
0.0281889
0.0283896
0.0287988
0.0294787
0.0304441
0.0316474
0.0329883
0.0343438
0.0355991
0.0366579
0.0374453
0.0379147
0.0380493
0.0378563
0.0373624
0.0366054
0.0356309
0.0344852
0.0332162
0.0318657
0.0304747
0.0290693
0.0276717
0.0262848
0.0249406
0.0236297
0.0224214
0.0212794
0.0204009
0.0197256
0.0199227
0.0207263
0.0237196
0.026125
0.295584
0.154404
0.0873315
0.0526556
0.0335037
0.0223563
0.0156391
0.0115921
0.00938533
0.00874792
0.00976457
0.0125528
0.0167544
0.0213933
0.0254136
0.0282379
0.0298325
0.0304709
0.030501
0.0302216
0.0298448
0.0294997
0.0292489
0.0290995
0.0290235
0.0290111
0.0290609
0.0292118
0.0295325
0.0300879
0.0309025
0.0319422
0.0331202
0.0343242
0.035446
0.036392
0.037089
0.03749
0.0375763
0.0373526
0.0368422
0.0360798
0.0351079
0.0339698
0.0327109
0.0313708
0.0299885
0.0285895
0.0271958
0.025812
0.0244691
0.0231596
0.0219491
0.0208041
0.0199093
0.0192081
0.0193396
0.0200923
0.023022
0.0255112
0.295548
0.154531
0.0875503
0.0528988
0.0337314
0.0225454
0.0157673
0.0116223
0.00924575
0.00830873
0.00884234
0.0110186
0.0147225
0.0192376
0.0235425
0.0268934
0.0290617
0.030199
0.0306088
0.0305937
0.0303895
0.0301529
0.0299701
0.0298696
0.0298249
0.0298296
0.0298755
0.0299906
0.0302362
0.0306777
0.0313486
0.032228
0.0332433
0.0342942
0.0352796
0.0361101
0.036714
0.0370445
0.037081
0.0368255
0.036298
0.0355299
0.0345604
0.0334299
0.032181
0.0308513
0.0294778
0.0280852
0.0266959
0.0253154
0.0239743
0.0226665
0.0214546
0.0203076
0.0193982
0.0186733
0.0187394
0.0194355
0.0222881
0.0248525
0.295515
0.154651
0.0877589
0.0531316
0.0339511
0.0227309
0.0159
0.0116728
0.00915697
0.00797429
0.00809586
0.00969551
0.012829
0.0170505
0.0214653
0.0252335
0.027942
0.0295961
0.0304281
0.0307249
0.0307361
0.0306423
0.0305536
0.0305198
0.0305239
0.0305599
0.0306164
0.0307113
0.0308973
0.0312384
0.0317753
0.0325005
0.033356
0.034254
0.0351018
0.0358147
0.0363235
0.0365815
0.0365666
0.0362779
0.0357324
0.0349578
0.03399
0.0328665
0.0316271
0.0303074
0.0289424
0.0275564
0.0261714
0.0247945
0.0234554
0.0221498
0.0209372
0.0197893
0.018867
0.0181208
0.0181226
0.018757
0.0215195
0.0241493
0.295485
0.154766
0.0879577
0.0533542
0.0341627
0.0229122
0.0160353
0.0117386
0.00910862
0.00772614
0.00750417
0.00858484
0.0111218
0.0149129
0.0192578
0.0233044
0.0264868
0.028652
0.0299349
0.0305856
0.0308544
0.0309399
0.0309742
0.0310279
0.0310999
0.031183
0.0312657
0.0313574
0.0315011
0.0317579
0.032174
0.0327539
0.0334549
0.0342023
0.0349128
0.0355073
0.0359195
0.0361034
0.0360354
0.0357121
0.035147
0.0343647
0.0333976
0.0322801
0.0310494
0.0297389
0.028382
0.0270022
0.0256216
0.0242483
0.0229116
0.0216087
0.0203962
0.0192485
0.0183153
0.0175501
0.0174892
0.0180582
0.020718
0.0234028
0.295458
0.154875
0.0881468
0.0535671
0.0343662
0.0230887
0.0161715
0.0118159
0.00909206
0.00754797
0.00704469
0.00767556
0.00963049
0.0128971
0.0170029
0.021168
0.0247257
0.0273684
0.0291131
0.0301505
0.0307162
0.0310175
0.0312053
0.0313702
0.0315307
0.0316783
0.0318043
0.0319108
0.0320315
0.0322225
0.0325334
0.0329803
0.0335348
0.0341363
0.0347115
0.0351879
0.0355029
0.0356113
0.0354886
0.035129
0.0345429
0.0337514
0.0327834
0.0316706
0.0304473
0.0291451
0.0277955
0.0264215
0.0250452
0.0236758
0.0223417
0.0210421
0.0198306
0.0186845
0.0177422
0.0169609
0.0168396
0.0173403
0.0198855
0.0226143
0.295434
0.154978
0.0883267
0.0537703
0.0345616
0.0232601
0.0163073
0.0119016
0.00910023
0.0074258
0.00669529
0.00694828
0.00836642
0.0110613
0.0147847
0.0188991
0.022705
0.0257618
0.0279568
0.0294006
0.0302958
0.0308479
0.0312206
0.0315222
0.0317932
0.032024
0.0322114
0.032352
0.0324704
0.0326161
0.0328407
0.0331694
0.0335883
0.0340509
0.0344949
0.034855
0.0350729
0.0351051
0.0349265
0.034529
0.03392
0.0331174
0.0321469
0.0310372
0.02982
0.0285248
0.0271817
0.025813
0.0244409
0.0230753
0.0217444
0.0204489
0.0192394
0.0180963
0.0171471
0.0163526
0.0161739
0.0166048
0.0190244
0.0217858
0.295412
0.155076
0.0884976
0.0539642
0.0347491
0.0234261
0.0164419
0.0119929
0.00912739
0.00734788
0.00643567
0.00637909
0.00732493
0.00944574
0.0126815
0.0165815
0.0204869
0.0238644
0.0264727
0.0283251
0.029573
0.0304065
0.0309944
0.0314591
0.0318628
0.0321971
0.0324652
0.0326602
0.032798
0.0329211
0.0330803
0.0333088
0.0336059
0.0339393
0.034258
0.0345052
0.0346274
0.0345835
0.0343479
0.0339111
0.0332775
0.032462
0.031487
0.0303785
0.0291657
0.0278763
0.0265388
0.0251749
0.0238068
0.0224455
0.0211183
0.0198278
0.0186216
0.0174832
0.0165294
0.0157248
0.0154921
0.015853
0.0181374
0.0209192
0.295392
0.155169
0.08866
0.054149
0.0349288
0.0235865
0.0165744
0.012088
0.00916891
0.00730458
0.006248
0.00594281
0.00648914
0.00807024
0.0107591
0.0143019
0.0181474
0.0217252
0.0246821
0.0269241
0.0285344
0.0296726
0.0305032
0.0311567
0.0317138
0.0321742
0.0325432
0.0328134
0.0329934
0.0331177
0.033235
0.033384
0.0335759
0.0337922
0.0339941
0.0341334
0.0341626
0.0340434
0.0337506
0.0332732
0.0326134
0.031783
0.0308016
0.0296925
0.0284825
0.0271975
0.0258646
0.0245052
0.0231411
0.0217844
0.0204618
0.0191775
0.0179762
0.0168444
0.0158885
0.0150773
0.0147947
0.0150864
0.0172274
0.0200173
0.295374
0.155257
0.088814
0.054325
0.0351007
0.0237412
0.0167041
0.0121852
0.0092211
0.00728804
0.00611718
0.00561528
0.0058345
0.00693569
0.0090649
0.012143
0.0157725
0.0194096
0.0226224
0.0252108
0.027176
0.0286319
0.0297268
0.0305928
0.0313226
0.0319321
0.0324223
0.0327888
0.0330342
0.0331849
0.0332853
0.0333779
0.0334841
0.0335983
0.0336939
0.0337325
0.0336729
0.0334804
0.0331307
0.0326121
0.0319247
0.0310777
0.030088
0.0289765
0.0277677
0.0264858
0.0251567
0.0238014
0.0224416
0.0210902
0.0197734
0.0184966
0.0173021
0.0161791
0.0152239
0.0144097
0.0140818
0.0143065
0.0162973
0.0190828
0.295357
0.15534
0.08896
0.0544925
0.035265
0.02389
0.0168306
0.0122831
0.00928101
0.00729196
0.0060307
0.00537482
0.00533311
0.00602726
0.00762493
0.0101755
0.0134519
0.0169973
0.0203484
0.0232139
0.0255056
0.0272781
0.0286507
0.0297484
0.0306697
0.0314486
0.0320801
0.0325636
0.0328975
0.0331001
0.0332103
0.0332718
0.0333141
0.0333438
0.0333464
0.0332933
0.0331509
0.0328883
0.0324831
0.0319232
0.0312073
0.0303423
0.0293427
0.0282271
0.027018
0.0257382
0.0244124
0.0230612
0.0217062
0.020361
0.0190514
0.0177841
0.0165986
0.0154869
0.0145354
0.0137221
0.013354
0.0135148
0.0153504
0.0181188
0.295342
0.155418
0.0890983
0.0546518
0.035422
0.0240331
0.0169535
0.0123809
0.0093463
0.00731135
0.00597844
0.00520281
0.00495712
0.00531944
0.00644322
0.00845131
0.0112715
0.0145778
0.0179313
0.0209786
0.0235453
0.0256158
0.027268
0.0286097
0.0297378
0.0307037
0.0314946
0.0321152
0.0325602
0.0328402
0.0329875
0.0330448
0.0330475
0.0330129
0.0329381
0.0328048
0.0325871
0.0322592
0.031801
0.0312007
0.0304559
0.029572
0.0285613
0.0274403
0.0262299
0.0249515
0.0236287
0.0222819
0.0209325
0.0195951
0.0182945
0.0170389
0.0158649
0.0147673
0.013823
0.0130146
0.0126119
0.0127131
0.0143902
0.0171289
0.295329
0.155492
0.0892293
0.0548031
0.0355717
0.0241703
0.0170727
0.0124777
0.00941514
0.00734224
0.0059523
0.00508384
0.004681
0.00478139
0.00550509
0.00699869
0.00930484
0.0122444
0.0154565
0.0185682
0.0213334
0.0236626
0.0255813
0.0271695
0.0285146
0.0296791
0.030646
0.0314221
0.0319995
0.0323817
0.0325935
0.0326745
0.032664
0.0325876
0.0324535
0.0322536
0.0319703
0.0315835
0.0310761
0.0304373
0.0296643
0.0287612
0.0277386
0.0266115
0.0253991
0.0241218
0.0228023
0.0214607
0.0201184
0.0187906
0.0175013
0.0162601
0.0151006
0.0140205
0.0130869
0.0122879
0.0118564
0.0119031
0.0134202
0.0161168
0.295316
0.155562
0.089353
0.0549466
0.0357143
0.0243017
0.0171877
0.0125728
0.00948608
0.00738151
0.0059459
0.00500546
0.00448271
0.00438146
0.00478265
0.00582139
0.00760446
0.0100856
0.0130191
0.0160624
0.0189261
0.0214521
0.0236061
0.0254304
0.0269939
0.0283593
0.0295176
0.0304651
0.031194
0.0317016
0.0320047
0.0321379
0.0321415
0.032048
0.031875
0.0316245
0.0312875
0.03085
0.0302987
0.0296246
0.028825
0.0279033
0.0268689
0.0257356
0.0245213
0.0232455
0.0219301
0.0205951
0.0192618
0.017946
0.016671
0.0154473
0.0143058
0.0132466
0.0123279
0.0115428
0.0110888
0.0110869
0.0124442
0.0150864
0.295305
0.155627
0.0894699
0.0550827
0.03585
0.0244274
0.0172986
0.0126659
0.00955799
0.00742675
0.00595425
0.0049578
0.00434405
0.00409039
0.00424121
0.00490166
0.00619658
0.00817435
0.0107159
0.0135548
0.0163979
0.0190352
0.0213727
0.0234065
0.0251786
0.0267412
0.0280981
0.0292286
0.0301248
0.0307785
0.0311979
0.0314113
0.0314573
0.0313727
0.0311834
0.0309006
0.0305238
0.0300457
0.0294575
0.0287527
0.0279294
0.0269908
0.0259457
0.0248069
0.0235915
0.0223183
0.0210087
0.0196825
0.0183609
0.0170601
0.0158028
0.0146004
0.0134809
0.0124467
0.0115471
0.0107805
0.0103107
0.0102667
0.0114663
0.0140419
0.295295
0.155689
0.0895803
0.0552117
0.0359791
0.0245474
0.0174053
0.0127565
0.00962998
0.00747606
0.00597346
0.00493317
0.00425041
0.00388296
0.00384506
0.00420685
0.00507972
0.00655956
0.00863578
0.0111465
0.0138396
0.0164822
0.0189291
0.021127
0.0230834
0.0248313
0.026384
0.0277022
0.0287767
0.0295934
0.0301517
0.0304716
0.0305881
0.0305396
0.0303581
0.0300632
0.0296628
0.0291563
0.0285401
0.0278108
0.026968
0.0260155
0.0249619
0.0238196
0.0226049
0.0213364
0.020035
0.0187205
0.017414
0.0161322
0.0148968
0.01372
0.0126268
0.0116219
0.010746
0.0100029
0.00952412
0.00944518
0.0104907
0.0129879
0.295286
0.155747
0.0896843
0.0553337
0.0361016
0.0246619
0.0175076
0.0128444
0.00970138
0.00752797
0.00600055
0.00492565
0.0041904
0.00373855
0.00356137
0.00369715
0.00422885
0.00525922
0.00684717
0.008937
0.0113543
0.0138817
0.0163426
0.0186385
0.0207374
0.0226464
0.0243799
0.0258824
0.0271399
0.0281316
0.0288473
0.0292976
0.0295114
0.0295263
0.0293779
0.0290929
0.0286868
0.0281662
0.0275328
0.026787
0.0259307
0.0249687
0.0239101
0.0227673
0.0215564
0.0202958
0.0190061
0.0177073
0.0164202
0.015162
0.0139533
0.012807
0.0117451
0.0107743
0.00992713
0.0092123
0.00873156
0.00862515
0.00952199
0.0119293
0.295277
0.155801
0.0897822
0.055449
0.0362179
0.024771
0.0176056
0.0129293
0.00977165
0.00758135
0.00603323
0.00493068
0.00415527
0.00364091
0.00336234
0.00333253
0.00360366
0.00426047
0.00538798
0.00701102
0.00904901
0.0113379
0.013701
0.0160075
0.0181876
0.0202172
0.0220998
0.0237748
0.0252124
0.026384
0.0272702
0.0278708
0.0282064
0.0283109
0.0282214
0.0279694
0.0275775
0.0270589
0.0264211
0.0256687
0.0248065
0.0238412
0.0227827
0.0216438
0.0204411
0.0191928
0.0179195
0.0166415
0.0153792
0.01415
0.0129737
0.0118633
0.0108383
0.00990667
0.00909332
0.00841178
0.00793611
0.00780999
0.00856525
0.0108713
0.295269
0.155851
0.0898743
0.0555578
0.0363281
0.0248747
0.0176993
0.0130112
0.0098404
0.00763533
0.00606973
0.00494484
0.00413838
0.00357757
0.0032257
0.00307727
0.00315821
0.00352621
0.00425998
0.0054246
0.00702109
0.0089632
0.0111097
0.0133219
0.0155012
0.0175923
0.0195747
0.0213984
0.0230021
0.0243501
0.0254124
0.0261776
0.0266556
0.0268739
0.0268683
0.0266732
0.0263165
0.0258177
0.0251901
0.0244429
0.0235844
0.0226237
0.021572
0.0204433
0.0192546
0.0180245
0.0167737
0.0155225
0.0142913
0.0130977
0.01196
0.0108919
0.00990956
0.00902253
0.00824839
0.00760509
0.0071415
0.00700347
0.00762587
0.00981948
0.295262
0.155899
0.0899609
0.0556605
0.0364323
0.0249733
0.0177888
0.0130899
0.0099073
0.00768923
0.0061087
0.0049655
0.00413475
0.00353915
0.00313433
0.00290206
0.00284872
0.00300639
0.00343196
0.00419435
0.00534222
0.00686561
0.00868641
0.0106901
0.0127684
0.014842
0.0168639
0.01879
0.0205312
0.0220399
0.0232747
0.024211
0.0248465
0.0251993
0.0253008
0.0251859
0.0248861
0.0244263
0.0238252
0.023097
0.0222537
0.0213072
0.020271
0.0191604
0.0179931
0.0167886
0.0155677
0.0143509
0.0131583
0.0120075
0.0109157
0.00989651
0.00896326
0.00812652
0.0073971
0.00679683
0.00635219
0.00620988
0.00670977
0.00878005
0.295256
0.155943
0.090042
0.0557572
0.0365308
0.0250667
0.017874
0.0131654
0.00997213
0.00774254
0.00614913
0.00499072
0.00414067
0.00351871
0.00307543
0.00278423
0.00263807
0.00264935
0.00285122
0.00329589
0.00404244
0.00512979
0.00654824
0.00823549
0.0101019
0.0120605
0.0140435
0.0160064
0.0178385
0.019478
0.0208696
0.0219739
0.0227742
0.0232766
0.0235051
0.0234921
0.0232707
0.0228699
0.022313
0.0216191
0.0208043
0.0198838
0.0188736
0.0177908
0.0166543
0.0154845
0.0143023
0.0131286
0.0119832
0.0108835
0.00984552
0.00888247
0.00800504
0.00722441
0.00654525
0.00599261
0.00557344
0.00543408
0.00582338
0.00775973
0.29525
0.155984
0.0901181
0.0558481
0.0366238
0.0251553
0.017955
0.0132376
0.0100347
0.00779486
0.00619023
0.00501901
0.00415339
0.00351116
0.00303964
0.00270691
0.00249728
0.00240973
0.00245851
0.00267436
0.00310323
0.00379669
0.00479086
0.0060841
0.00763259
0.00936707
0.0112146
0.0131268
0.0149841
0.0167074
0.0182253
0.0194821
0.0204443
0.0211037
0.0214738
0.0215814
0.0214586
0.0211364
0.0206422
0.0199993
0.0192281
0.0183473
0.0173756
0.0163322
0.0152376
0.014113
0.0129799
0.0118595
0.0107709
0.00973148
0.00875581
0.00785666
0.00704201
0.00632335
0.00569989
0.00519911
0.00481151
0.00468161
0.00497366
0.00676596
0.295245
0.156022
0.0901891
0.0559336
0.0367115
0.025239
0.018032
0.0133065
0.0100949
0.00784588
0.00623141
0.00504925
0.00417087
0.00351276
0.00302021
0.00265795
0.00240494
0.00225175
0.00219989
0.00226259
0.00246633
0.00285079
0.00346284
0.00434097
0.00549584
0.00690176
0.00850528
0.0102522
0.0120535
0.0137949
0.0153909
0.0167687
0.0178769
0.0186904
0.019209
0.0194508
0.0194436
0.0192187
0.0188056
0.0182314
0.0175202
0.0166942
0.0157752
0.0147847
0.0137448
0.0126778
0.0116058
0.0105498
0.00952879
0.00855953
0.00765521
0.00682791
0.00608307
0.0054321
0.00486953
0.00442429
0.00407375
0.0039588
0.00416812
0.0058069
0.29524
0.156057
0.0902555
0.0560137
0.036794
0.0253181
0.018105
0.0133721
0.0101527
0.00789539
0.0062722
0.00508062
0.0041916
0.00352083
0.0030123
0.00262871
0.00234582
0.00214919
0.00203262
0.00199787
0.00205561
0.00222729
0.00254679
0.00305815
0.00380473
0.00481085
0.00606754
0.00753875
0.00917102
0.0108393
0.0124426
0.0138903
0.0151118
0.0160628
0.0167264
0.0171081
0.0172289
0.0171169
0.0168023
0.0163143
0.0156803
0.0149258
0.0140753
0.0131528
0.012182
0.0111864
0.0101884
0.00920927
0.00826727
0.00737859
0.00655492
0.00580745
0.00513928
0.00456131
0.00406431
0.00367755
0.00336873
0.00327293
0.00341476
0.00489156
0.295235
0.15609
0.0903173
0.0560887
0.0368716
0.0253927
0.018174
0.0134345
0.010208
0.0079432
0.00631228
0.00511249
0.00421446
0.00353339
0.00301246
0.00261316
0.00230935
0.00208375
0.00192581
0.00183072
0.00179929
0.00183901
0.00196623
0.00220916
0.00260895
0.00321345
0.00405994
0.00515717
0.0064964
0.00797705
0.00949148
0.0109342
0.0122153
0.0132694
0.0140601
0.0145773
0.0148307
0.0148425
0.0146408
0.0142554
0.0137156
0.0130496
0.0122844
0.0114462
0.0105602
0.00965088
0.00874104
0.0078518
0.00700073
0.0062032
0.0054694
0.0048094
0.00422423
0.00372384
0.00329628
0.00296994
0.00270646
0.00263236
0.00272211
0.00402979
0.295231
0.15612
0.0903747
0.0561587
0.0369443
0.0254629
0.0182392
0.0134937
0.0102607
0.0079892
0.00635137
0.00514436
0.00423863
0.00354903
0.00301826
0.00260709
0.00228831
0.00204304
0.00185843
0.00172619
0.00164195
0.0016052
0.00162034
0.00169876
0.0018625
0.00214783
0.00260377
0.00327869
0.00421802
0.00538533
0.00669142
0.0080277
0.00928908
0.0103897
0.0112713
0.0119045
0.0122842
0.012423
0.0123436
0.0120741
0.0116441
0.0110832
0.0104202
0.00968295
0.00889792
0.00809033
0.00728307
0.00649691
0.00574858
0.00505242
0.00441709
0.00385133
0.00335444
0.00293504
0.00257958
0.00231425
0.00209836
0.00204664
0.00209916
0.00323223
0.295227
0.156148
0.0904279
0.0562241
0.0370124
0.0255288
0.0183007
0.0135498
0.0103108
0.0080333
0.00638927
0.00517589
0.00426348
0.00356669
0.00302795
0.00260758
0.00227777
0.00201881
0.00181663
0.00166126
0.00154583
0.00146608
0.00142041
0.00141055
0.00144331
0.00153387
0.00171042
0.00201728
0.00252304
0.00327502
0.00424417
0.00534848
0.00648271
0.00754577
0.00845796
0.00916805
0.00965244
0.00990972
0.00995384
0.00980785
0.0094994
0.00905783
0.00851251
0.0078921
0.00722369
0.00653275
0.00584191
0.0051713
0.00453656
0.00395078
0.0034211
0.00295478
0.00254976
0.00221298
0.0019305
0.00172501
0.00155727
0.00152654
0.00155528
0.00251024
0.295224
0.156173
0.0904771
0.0562848
0.0370761
0.0255907
0.0183586
0.0136027
0.0103584
0.00807543
0.00642584
0.0052068
0.00428855
0.00358563
0.00304028
0.00261259
0.00227441
0.0020056
0.00179148
0.0016213
0.00148711
0.00138308
0.00130516
0.00125105
0.00122054
0.00121658
0.00124746
0.00133072
0.00150413
0.00184107
0.00238618
0.00313038
0.00400629
0.00491749
0.00577023
0.00649196
0.00703768
0.00738809
0.00754391
0.00751953
0.00733745
0.00702439
0.0066085
0.00611792
0.00557942
0.00501794
0.00445533
0.00391059
0.00339805
0.00292923
0.00250986
0.00214551
0.0018333
0.00157818
0.00136709
0.00121805
0.00109682
0.00108365
0.00109983
0.00187558
0.295221
0.156196
0.0905224
0.0563412
0.0371354
0.0256486
0.0184129
0.0136526
0.0104035
0.00811555
0.00646096
0.00523687
0.00431348
0.00360526
0.00305435
0.0026207
0.00227598
0.00199981
0.00177727
0.00159723
0.00145131
0.00133312
0.00123777
0.00116159
0.00110204
0.00105779
0.00102907
0.0010186
0.00103429
0.00111066
0.00129272
0.00162755
0.00212869
0.00275479
0.0034271
0.00406305
0.00459793
0.00499184
0.00522812
0.00530812
0.00524535
0.00506069
0.00477862
0.00442487
0.0040244
0.00360058
0.00317365
0.00276088
0.0023749
0.00202543
0.00171679
0.00145284
0.0012304
0.00105231
0.000907637
0.000808947
0.00072991
0.000729205
0.000741038
0.00133977
0.295218
0.156216
0.0905639
0.0563933
0.0371906
0.0257026
0.0184638
0.0136995
0.0104461
0.00815364
0.00649456
0.00526596
0.00433802
0.00362518
0.00306951
0.00263089
0.00228091
0.00199907
0.00177031
0.00158339
0.00142977
0.00130288
0.00119758
0.00110988
0.00103663
0.000975422
0.000924491
0.000882687
0.000849629
0.000832986
0.000845729
0.000912806
0.00106876
0.00133851
0.0017119
0.00214055
0.00256073
0.00291757
0.00317587
0.00332024
0.00335101
0.00327936
0.00312285
0.00290218
0.00263856
0.00235217
0.00206058
0.00177845
0.00151628
0.00128165
0.0010776
0.000906352
0.00076496
0.000654426
0.000566814
0.000509398
0.000465176
0.000471201
0.000483408
0.000912882
0.295215
0.156235
0.0906017
0.0564414
0.0372417
0.0257529
0.0185114
0.0137435
0.0104861
0.0081897
0.00652657
0.00529393
0.00436196
0.00364506
0.00308528
0.00264245
0.00228812
0.00200176
0.00176824
0.00157627
0.00141729
0.00128468
0.00117328
0.00107904
0.000998739
0.000929783
0.000870088
0.00081793
0.000771836
0.0007326
0.000701588
0.000683028
0.000686429
0.000728043
0.000826012
0.000986981
0.001195
0.00141552
0.00161067
0.00175215
0.00182571
0.00182967
0.00177129
0.00166318
0.0015202
0.00135741
0.00118817
0.00102358
0.000871399
0.000736848
0.00062181
0.000527211
0.000450893
0.000392714
0.000348068
0.000320234
0.000300768
0.000308897
0.0003229
0.000600858
0.295213
0.156251
0.090636
0.0564854
0.037289
0.0257997
0.0185558
0.0137847
0.0105238
0.00822372
0.00655696
0.0053207
0.00438514
0.00366465
0.00310129
0.00265485
0.00229687
0.00200679
0.00176948
0.00157365
0.00141071
0.00127407
0.00115861
0.00106027
0.00097587
0.000902826
0.000839057
0.000782836
0.000732691
0.000688066
0.000648311
0.0006133
0.000583823
0.000562241
0.000553212
0.000563336
0.00059795
0.000655899
0.000727001
0.000795292
0.000845413
0.00086752
0.000858723
0.000821969
0.000763804
0.0006923
0.00061524
0.000539207
0.000468795
0.000406918
0.000354579
0.000312059
0.000278301
0.000253017
0.000234404
0.000223758
0.000218383
0.000226507
0.000241834
0.000400797
0.295211
0.156265
0.0906669
0.0565257
0.0373324
0.0258429
0.018597
0.0138231
0.010559
0.00825572
0.0065857
0.00534621
0.00440744
0.00368379
0.00311728
0.00266771
0.00230661
0.00201341
0.001773
0.00157407
0.00140806
0.00126841
0.00115001
0.00104884
0.000961739
0.000886167
0.000820071
0.000761768
0.000709854
0.000663458
0.000621667
0.000583772
0.000549297
0.000518067
0.000490313
0.000466767
0.000448624
0.000437081
0.00043237
0.000432798
0.000434771
0.000434021
0.000427208
0.000412931
0.000391772
0.000365705
0.000337224
0.000308697
0.000281888
0.00025794
0.000237333
0.000220262
0.00020657
0.000196326
0.000189324
0.000186288
0.000187169
0.000195288
0.00021158
0.000296628
0.295209
0.156277
0.0906945
0.0565622
0.0373723
0.0258828
0.0186352
0.0138588
0.0105919
0.00828572
0.00661278
0.0053704
0.00442878
0.00370232
0.00313303
0.00268073
0.00231694
0.00202108
0.00177806
0.00157658
0.0014081
0.00126607
0.0011454
0.0010421
0.000953029
0.000875666
0.000807981
0.000748317
0.000695307
0.000647976
0.000605392
0.000566787
0.000531538
0.000499165
0.000469332
0.000441839
0.000416616
0.000393681
0.000373055
0.000354642
0.000338113
0.000322907
0.00030836
0.000293928
0.00027935
0.000264678
0.000250186
0.00023624
0.000223179
0.000211277
0.000200736
0.000191736
0.000184458
0.000179165
0.000176199
0.000176135
0.000179815
0.000188704
0.000206518
0.000256981
0.295207
0.156287
0.0907188
0.056595
0.0374086
0.0259194
0.0186704
0.0138919
0.0106226
0.00831375
0.0066382
0.00539324
0.00444909
0.00372013
0.0031484
0.0026937
0.00232755
0.00202941
0.00178416
0.00158053
0.00141
0.00126601
0.0011435
0.0010385
0.000947878
0.000869121
0.000800212
0.000739507
0.000685654
0.000637637
0.000594529
0.00055556
0.000520096
0.000487624
0.000457734
0.000430112
0.000404524
0.000380795
0.000358797
0.000338421
0.000319556
0.000302079
0.000285854
0.00027075
0.000256654
0.000243489
0.000231221
0.000219849
0.00020941
0.000199978
0.000191678
0.000184686
0.000179267
0.000175743
0.000174614
0.000176392
0.000182272
0.000192827
0.000213252
0.000251224
0.295205
0.156295
0.0907399
0.0566244
0.0374415
0.0259528
0.0187028
0.0139224
0.0106509
0.00833984
0.00666197
0.00541472
0.0044683
0.00373713
0.00316324
0.00270643
0.00233824
0.0020381
0.00179093
0.00158546
0.00141318
0.00126754
0.0011435
0.00103708
0.000945172
0.000865262
0.000795342
0.000733771
0.000679208
0.00063061
0.000587057
0.000547783
0.000512157
0.000479657
0.000449863
0.000422434
0.000397102
0.000373656
0.000351927
0.000331777
0.00031309
0.000295762
0.000279699
0.000264812
0.00025102
0.000238255
0.000226472
0.00021565
0.000205817
0.000197053
0.000189514
0.000183427
0.000179128
0.000176998
0.000177644
0.000181539
0.000190171
0.000203378
0.00022776
0.000262265
0.295204
0.156302
0.0907579
0.0566503
0.037471
0.0259831
0.0187324
0.0139505
0.0106771
0.00836401
0.0066841
0.00543481
0.0044864
0.00375328
0.00317747
0.00271881
0.00234881
0.00204693
0.00179809
0.00159103
0.00141724
0.00127019
0.00114483
0.00103721
0.000944199
0.000863305
0.000792515
0.000730194
0.000675006
0.00062589
0.000581931
0.000542368
0.000506567
0.000474007
0.000444258
0.00041697
0.000391858
0.000368691
0.000347281
0.000327471
0.000309129
0.00029214
0.000276402
0.000261824
0.000248329
0.000235854
0.000224368
0.000213873
0.000204435
0.00019619
0.000189366
0.000184275
0.000181348
0.000181045
0.000184098
0.000190943
0.00020342
0.000220512
0.00025053
0.00028492
0.295202
0.156306
0.0907728
0.0566728
0.0374973
0.0260104
0.0187592
0.0139761
0.0107012
0.00838631
0.00670461
0.00545353
0.00450335
0.0037685
0.00319102
0.00273071
0.00235913
0.00205574
0.00180544
0.00159699
0.00142189
0.00127361
0.00114711
0.00103844
0.000944478
0.000862724
0.000791172
0.00072819
0.000672441
0.000622855
0.000578519
0.000538674
0.000502687
0.000470033
0.000440277
0.000413059
0.000388085
0.00036511
0.00034393
0.000324375
0.000306301
0.00028958
0.000274104
0.000259777
0.000246523
0.000234293
0.000223075
0.000212917
0.000203945
0.000196379
0.000190555
0.000186898
0.000185967
0.000188316
0.000194836
0.000205908
0.000223832
0.000246498
0.00028438
0.000320375
0.295201
0.156308
0.0907846
0.056692
0.0375203
0.0260348
0.0187835
0.0139994
0.0107231
0.00840677
0.00672351
0.00547086
0.00451914
0.00378277
0.00320381
0.00274207
0.0023691
0.00206437
0.0018128
0.00160314
0.00142689
0.00127754
0.00115005
0.00104046
0.000945662
0.000863152
0.000790925
0.000727351
0.000671096
0.000621081
0.000576394
0.000536277
0.000500096
0.000467324
0.000437522
0.000410322
0.000385421
0.000362563
0.000341534
0.000322154
0.000304266
0.000287736
0.000272451
0.000258314
0.000245259
0.000233255
0.000222335
0.000212611
0.000204305
0.000197761
0.000193459
0.000191977
0.000194032
0.000200293
0.000211852
0.000229007
0.000254661
0.000285273
0.000334046
0.000373311
0.2952
0.156308
0.0907934
0.056708
0.0375403
0.0260563
0.0188051
0.0140203
0.010743
0.00842543
0.00674083
0.00548683
0.00453375
0.00379606
0.0032158
0.00275281
0.00237863
0.00207273
0.00182005
0.00160933
0.00143208
0.00128179
0.00115342
0.00104303
0.000947493
0.000864313
0.000791487
0.000727382
0.000670669
0.000620261
0.000575247
0.000534869
0.000498493
0.000465589
0.000435713
0.000408492
0.000383616
0.000360819
0.000339881
0.000320612
0.000302847
0.000286449
0.000271302
0.000257318
0.000244448
0.000232706
0.000222191
0.000213122
0.000205864
0.000200938
0.00019902
0.00020088
0.000207437
0.000219491
0.000238386
0.000264297
0.000300901
0.000342778
0.000406516
0.000451254
0.295199
0.156307
0.0907992
0.0567207
0.0375571
0.026075
0.0188242
0.0140391
0.0107609
0.00844231
0.0067566
0.00550143
0.0045472
0.00380835
0.00322697
0.00276288
0.00238765
0.00208073
0.00182707
0.00161543
0.0014373
0.00128619
0.00115706
0.00104596
0.000949771
0.000865998
0.000792636
0.000728056
0.000670928
0.00062016
0.000574842
0.000534217
0.000497648
0.000464603
0.000434635
0.000407367
0.00038248
0.000359705
0.000338812
0.000319606
0.000301919
0.000285611
0.000270573
0.000256736
0.000244094
0.000232731
0.000222866
0.000214881
0.000209355
0.00020705
0.000208903
0.000215926
0.000229281
0.000249912
0.000279473
0.000317945
0.000369956
0.000427608
0.00051159
0.000564762
0.295199
0.156303
0.0908019
0.0567302
0.0375709
0.0260909
0.0188408
0.0140556
0.0107769
0.00845747
0.00677083
0.00551469
0.00455947
0.00381964
0.00323728
0.00277225
0.0023961
0.0020883
0.00183379
0.00162134
0.00144245
0.00129063
0.00116083
0.0010491
0.000952336
0.000868037
0.000794199
0.000729193
0.00067169
0.000620594
0.000574996
0.000534137
0.000497381
0.000464193
0.000434122
0.000406787
0.000381865
0.000359081
0.0003382
0.000319024
0.000301385
0.000285148
0.000270223
0.000256585
0.000244305
0.000233598
0.000224871
0.000218759
0.000216145
0.000218122
0.000225958
0.000240954
0.000264552
0.00029784
0.000342819
0.000399132
0.000472489
0.000551724
0.000662322
0.000727205
0.295198
0.156297
0.0908017
0.0567366
0.0375817
0.0261041
0.018855
0.0140699
0.0107909
0.00847091
0.00678355
0.00552662
0.00457057
0.00382991
0.00324673
0.00278089
0.00240394
0.00209538
0.00184014
0.00162699
0.00144744
0.00129499
0.0011646
0.00105233
0.000955061
0.000870297
0.000796037
0.00073065
0.000672809
0.000621416
0.000575561
0.000534484
0.000497549
0.000464218
0.000434038
0.000406624
0.00038165
0.000358836
0.000337947
0.000318781
0.00030118
0.000285029
0.000270283
0.000257003
0.000245404
0.00023592
0.000229258
0.000226431
0.000228742
0.000237712
0.000255012
0.000282265
0.000321208
0.000373006
0.00043997
0.000521121
0.000623221
0.00073084
0.000874922
0.00095456
0.295198
0.156289
0.0907983
0.0567397
0.0375895
0.0261146
0.0188668
0.0140821
0.0108031
0.00848268
0.00679479
0.00553724
0.00458051
0.00383916
0.00325529
0.00278876
0.00241115
0.00210194
0.00184607
0.00163232
0.00145219
0.0012992
0.0011683
0.00105556
0.000957841
0.000872669
0.000798035
0.00073231
0.000674167
0.000622505
0.000576415
0.000535137
0.000498033
0.000464564
0.000434273
0.000406775
0.000381738
0.000358884
0.000337976
0.000318824
0.00030129
0.00028531
0.000270937
0.000258394
0.000248155
0.000241013
0.000238138
0.000241075
0.000251686
0.000272014
0.000304179
0.000350101
0.000411735
0.000490115
0.000587629
0.000702147
0.000841203
0.000984012
0.00116772
0.00126353
0.295198
0.156279
0.0907919
0.0567397
0.0375943
0.0261224
0.0188762
0.0140922
0.0108133
0.0084928
0.00680456
0.00554655
0.0045893
0.0038474
0.00326296
0.00279586
0.00241769
0.00210793
0.00185153
0.00163726
0.00145665
0.00130319
0.00117185
0.00105869
0.000960592
0.000875063
0.000800101
0.000734078
0.000675666
0.000623764
0.000577462
0.000536
0.000498739
0.000465138
0.000434739
0.000407155
0.000382055
0.000359161
0.000338251
0.000319159
0.000301808
0.000286247
0.000272721
0.00026176
0.000254273
0.000251627
0.000255664
0.000268645
0.000293118
0.000331695
0.000386894
0.000460753
0.000555135
0.000670442
0.000808572
0.000965465
0.00114896
0.00133203
0.00155912
0.0016694
0.295197
0.156267
0.0907823
0.0567364
0.0375962
0.0261275
0.0188832
0.0141003
0.0108218
0.00850129
0.00681288
0.00555458
0.00459696
0.00385463
0.00326974
0.00280219
0.00242355
0.00211333
0.00185649
0.00164179
0.00146076
0.00130691
0.00117519
0.00106168
0.000963246
0.000877408
0.000802161
0.000735877
0.000677228
0.000625112
0.000578621
0.000536994
0.000499589
0.000465866
0.000435367
0.000407705
0.000382555
0.000359655
0.000338817
0.000319951
0.000303116
0.000288598
0.000277017
0.000269445
0.000267504
0.000273409
0.000289918
0.000320169
0.000367437
0.000434783
0.000524812
0.000639139
0.000778805
0.000942662
0.00113126
0.0013378
0.00157014
0.00179477
0.00206522
0.00218405
0.295197
0.156252
0.0907696
0.0567299
0.037595
0.0261299
0.0188879
0.0141062
0.0108284
0.00850816
0.00681977
0.00556133
0.00460347
0.00386085
0.00327563
0.00280772
0.00242872
0.00211813
0.00186092
0.00164587
0.0014645
0.00131031
0.00117828
0.00106447
0.00096575
0.000879647
0.000804154
0.000737645
0.000678789
0.000626488
0.00057983
0.000538055
0.000500523
0.000466694
0.000436114
0.000408405
0.000383265
0.000360482
0.000339966
0.000321805
0.000306364
0.000294406
0.000287237
0.000286831
0.000295884
0.000317773
0.000356359
0.000415661
0.000499433
0.000610634
0.000751098
0.000920885
0.00111899
0.0013416
0.00158716
0.00184596
0.00212618
0.00238844
0.00269783
0.00281499
0.295198
0.156235
0.0907535
0.0567202
0.0375909
0.0261297
0.0188902
0.0141101
0.0108332
0.00851342
0.00682524
0.00556681
0.00460886
0.00386606
0.00328062
0.00281245
0.00243318
0.00212231
0.00186481
0.00164948
0.00146783
0.00131337
0.00118108
0.00106701
0.00096806
0.000881735
0.000806034
0.000739333
0.000680302
0.000627841
0.000581042
0.000539145
0.000501513
0.000467615
0.000437013
0.000409368
0.000384453
0.000362196
0.000342754
0.000326632
0.000314824
0.00030899
0.000311598
0.000325989
0.000356312
0.000407285
0.000483762
0.000590143
0.000729718
0.000903976
0.00111236
0.00135178
0.00161797
0.00190389
0.00220604
0.00251261
0.00283325
0.00312389
0.00346411
0.00356591
0.295198
0.156215
0.0907341
0.0567071
0.0375837
0.0261268
0.0188902
0.0141119
0.0108361
0.00851708
0.00682928
0.00557104
0.00461312
0.00387027
0.00328471
0.00281639
0.00243693
0.00212586
0.00186815
0.0016526
0.00147073
0.00131606
0.00118356
0.00106929
0.000970149
0.000883642
0.000807772
0.000740917
0.000681742
0.000629157
0.000582254
0.000540284
0.000502627
0.000468786
0.000438389
0.000411218
0.000387266
0.000366833
0.000350666
0.000340144
0.000337467
0.00034581
0.000369376
0.000413277
0.000483194
0.000584791
0.000722934
0.000900797
0.00111913
0.00137575
0.00166587
0.00198222
0.00231721
0.00266146
0.00301088
0.00335329
0.00370126
0.0040071
0.00436791
0.00443849
0.295199
0.156193
0.0907112
0.0566905
0.0375734
0.0261212
0.0188877
0.0141116
0.0108373
0.00851914
0.00683191
0.005574
0.00461627
0.00387349
0.00328792
0.00281954
0.00243998
0.00212879
0.00187094
0.00165523
0.00147321
0.00131838
0.00118573
0.00107131
0.000972027
0.000885386
0.000809392
0.000742428
0.00068317
0.000630537
0.000583645
0.000541782
0.0005044
0.000471127
0.000441812
0.000416604
0.000396084
0.00038144
0.000374679
0.000378826
0.000398062
0.00043771
0.000503996
0.000603532
0.000742504
0.000925653
0.00115524
0.00143028
0.00174635
0.00209593
0.00246968
0.0028571
0.00324915
0.00363627
0.00401572
0.00437655
0.00473558
0.00504174
0.00541298
0.0054357
0.295199
0.156168
0.0906847
0.0566704
0.0375598
0.0261127
0.0188828
0.0141092
0.0108366
0.00851957
0.00683311
0.00557572
0.00461832
0.00387574
0.00329028
0.00282194
0.00244238
0.00213115
0.00187324
0.00165747
0.00147537
0.00132046
0.00118772
0.00107324
0.00097389
0.000887205
0.00081119
0.000744255
0.000685119
0.000632756
0.000586379
0.000545434
0.000509633
0.000479027
0.000454119
0.000436037
0.000426742
0.00042925
0.000447805
0.000487925
0.000556227
0.000659963
0.000806209
0.00100078
0.00124707
0.00154504
0.00189077
0.00227676
0.0026928
0.0031273
0.00356883
0.00400665
0.00443291
0.00484
0.0052279
0.00558784
0.00594163
0.0062341
0.00660811
0.0065666
0.2952
0.156139
0.0906541
0.0566465
0.0375428
0.0261012
0.0188754
0.0141046
0.010834
0.00851845
0.00683302
0.00557635
0.00461947
0.00387727
0.00329208
0.00282393
0.0024445
0.00213338
0.00187556
0.00165986
0.00147784
0.00132302
0.00119041
0.00107609
0.000976962
0.000890573
0.00081497
0.000748747
0.000690786
0.000640307
0.000596897
0.000560568
0.000531868
0.000512037
0.00050321
0.000508624
0.000532785
0.00058151
0.000661746
0.000781084
0.000946932
0.00116539
0.00144004
0.00177093
0.00215409
0.00258179
0.00304343
0.00352682
0.00401951
0.00450986
0.004988
0.00544568
0.00587797
0.00628011
0.00665527
0.00699679
0.00733225
0.00760041
0.00797501
0.00785373
0.295201
0.156107
0.0906187
0.0566178
0.0375217
0.0260863
0.0188653
0.0140981
0.0108301
0.00851647
0.00683253
0.00557701
0.00462105
0.00387958
0.00329502
0.00282743
0.00244854
0.00213794
0.00188068
0.0016656
0.0014843
0.00133034
0.00119878
0.00108576
0.000988275
0.00090399
0.000831306
0.000769623
0.000718416
0.000677774
0.000648465
0.000632074
0.000631164
0.000649444
0.000691862
0.000764557
0.000874585
0.00102933
0.0012356
0.00149856
0.00182054
0.00220031
0.0026328
0.00310955
0.00361968
0.00415108
0.00469157
0.00522974
0.00575558
0.00626066
0.00673859
0.0071844
0.00759618
0.00797184
0.00831763
0.00862852
0.00893918
0.0091786
0.00956167
0.00934592
0.295201
0.156069
0.0905765
0.0565832
0.0374963
0.026069
0.0188545
0.0140926
0.0108288
0.00851865
0.00683759
0.00558456
0.00463082
0.00389144
0.00330893
0.00284344
0.0024668
0.0021587
0.0019043
0.00169259
0.00151532
0.00136627
0.00124076
0.00113529
0.0010473
0.000975065
0.000919514
0.000881746
0.000862931
0.000865133
0.000891396
0.000945785
0.00103335
0.00115989
0.00133155
0.0015541
0.00183207
0.00216777
0.00256062
0.00300675
0.00349926
0.00402892
0.00458511
0.00515685
0.00573355
0.00630555
0.00686433
0.00740262
0.0079144
0.00839482
0.00884052
0.00924909
0.00962106
0.00995643
0.0102647
0.0105418
0.0108326
0.0110494
0.0114675
0.0111428
0.2952
0.156023
0.0905273
0.0565458
0.037474
0.0260614
0.0188601
0.0141098
0.0108562
0.00855527
0.00688271
0.00563782
0.00469216
0.00396111
0.00338746
0.00293171
0.00256603
0.00227055
0.00203094
0.00183681
0.00168068
0.00155728
0.00146309
0.00139602
0.00135526
0.00134148
0.00136364
0.0014225
0.00152034
0.00165986
0.00184402
0.00207572
0.00235742
0.00269052
0.00307485
0.00350822
0.00398629
0.00450279
0.00504998
0.00561938
0.00620236
0.00679073
0.00737701
0.00795461
0.00851779
0.00906157
0.00958156
0.010074
0.0105355
0.0109635
0.0113564
0.0117138
0.0120381
0.0123314
0.0126078
0.0128635
0.0131595
0.0133796
0.0138968
0.0134482
0.295211
0.155991
0.0905053
0.056557
0.0375255
0.0261537
0.0189914
0.0142778
0.0110588
0.00879127
0.00715165
0.00594019
0.00502934
0.00433545
0.00380235
0.00339168
0.00307694
0.00283975
0.00266752
0.00255183
0.00248741
0.00247137
0.00250265
0.00258148
0.00270896
0.00289191
0.00313432
0.00343174
0.00377962
0.00417304
0.00460678
0.0050754
0.00557333
0.00609488
0.00663442
0.00718647
0.00774591
0.00830803
0.00886861
0.00942398
0.00997094
0.0105067
0.0110289
0.0115352
0.0120234
0.0124911
0.0129361
0.0133559
0.0137486
0.0141126
0.0144479
0.0147558
0.0150421
0.0153119
0.015587
0.0158635
0.0162316
0.016523
0.0172889
0.0167024
0.2954
0.156222
0.090826
0.0569999
0.0381036
0.0268692
0.0198419
0.0152596
0.0121692
0.010029
0.00851765
0.00743736
0.00666279
0.00611246
0.00573246
0.00548669
0.00535093
0.00530897
0.00535009
0.00546725
0.00565564
0.00591156
0.00623143
0.00661089
0.00704419
0.00752693
0.00804682
0.00858835
0.00913863
0.00968759
0.0102282
0.0107559
0.0112687
0.0117659
0.0122482
0.0127167
0.0131729
0.0136183
0.0140541
0.0144814
0.0149007
0.0153123
0.0157157
0.0161102
0.0164942
0.0168661
0.0172239
0.0175658
0.0178909
0.0181995
0.0184947
0.0187817
0.0190729
0.0193797
0.0197391
0.0201476
0.020753
0.0212922
0.0226743
0.0219617
0.297202
0.158619
0.0935939
0.0601468
0.0416592
0.0308476
0.0242429
0.0200742
0.0173841
0.0156288
0.0144867
0.0137607
0.0133266
0.0131042
0.013041
0.0131017
0.013262
0.0135048
0.0138169
0.0141874
0.0146062
0.0150629
0.0155469
0.0160468
0.0165512
0.0170428
0.0175134
0.0179527
0.018356
0.018722
0.0190531
0.0193535
0.019629
0.0198859
0.0201302
0.0203678
0.0206034
0.0208409
0.0210833
0.0213323
0.0215887
0.0218522
0.0221221
0.022397
0.0226751
0.0229551
0.0232362
0.0235189
0.0238063
0.0241042
0.0244238
0.0247807
0.0252025
0.0257161
0.0263922
0.0272351
0.0285189
0.0298212
0.0328334
0.032221
0.31205
0.175999
0.111349
0.078245
0.0602865
0.0501038
0.0441244
0.0405032
0.0382402
0.0367746
0.0357851
0.0350853
0.0345669
0.0341673
0.0338508
0.0335968
0.0333934
0.0332332
0.0331106
0.0330204
0.0329571
0.0329145
0.032886
0.0328645
0.0328437
0.0328124
0.0327653
0.0326997
0.0326146
0.0325134
0.0324022
0.0322887
0.032181
0.0320863
0.0320112
0.0319605
0.0319373
0.0319435
0.0319794
0.0320442
0.0321364
0.0322542
0.032396
0.0325612
0.0327504
0.0329666
0.033216
0.033509
0.0338618
0.0342977
0.0348509
0.0355658
0.036511
0.0377605
0.0394752
0.0417183
0.0450718
0.048998
0.0569253
0.0584447
0.438302
0.300749
0.222296
0.177503
0.150624
0.133546
0.121928
0.1134
0.106679
0.101077
0.0962302
0.0919439
0.0881119
0.0846696
0.081573
0.078787
0.0762812
0.0740272
0.0719982
0.0701685
0.068514
0.0670121
0.0656429
0.0643888
0.063236
0.0621782
0.0611912
0.0602731
0.0594157
0.0586202
0.0578916
0.0572345
0.0566524
0.0561462
0.0557144
0.0553535
0.0550582
0.0548227
0.054641
0.0545083
0.0544219
0.0543823
0.0543946
0.0544692
0.0546233
0.0548824
0.0552817
0.0558692
0.0567085
0.0578832
0.0595056
0.061724
0.0647496
0.0688559
0.0745073
0.0821973
0.0933072
0.108635
0.134881
0.158342
1.7569
1.34963
1.00947
0.770276
0.607717
0.496595
0.419233
0.364001
0.323401
0.292643
0.268652
0.249434
0.233674
0.220486
0.209263
0.199573
0.191104
0.183626
0.176965
0.17099
0.165602
0.16073
0.156322
0.152348
0.148788
0.145632
0.142874
0.140512
0.138536
0.136928
0.13566
0.134698
0.134
0.133519
0.133207
0.133016
0.132904
0.132839
0.1328
0.132786
0.132814
0.132923
0.133178
0.133675
0.134535
0.135919
0.138028
0.141116
0.145506
0.151614
0.159991
0.171397
0.186863
0.208003
0.236898
0.277879
0.334511
0.428148
0.555601
0.847893
)
;

boundaryField
{
    inlet
    {
        type            fixedValue;
        value           uniform 0.63;
    }
    outlet
    {
        type            zeroGradient;
    }
    fixedWalls
    {
        Cmu             0.09;
        kappa           0.41;
        E               9.8;
        type            epsilonWallFunction;
        value           nonuniform List<scalar> 
120
(
1.7569
1.34963
1.00947
0.770276
0.607717
0.496595
0.419233
0.364001
0.323401
0.292643
0.268652
0.249434
0.233674
0.220486
0.209263
0.199573
0.191104
0.183626
0.176965
0.17099
0.165602
0.16073
0.156322
0.152348
0.148788
0.145632
0.142874
0.140512
0.138536
0.136928
0.13566
0.134698
0.134
0.133519
0.133207
0.133016
0.132904
0.132839
0.1328
0.132786
0.132814
0.132923
0.133178
0.133675
0.134535
0.135919
0.138028
0.141116
0.145506
0.151614
0.159991
0.171397
0.186863
0.208003
0.236898
0.277879
0.334511
0.428148
0.555601
0.847893
1.28837
0.343832
0.0455654
0.0271073
0.0222861
0.0201232
0.0185319
0.0174996
0.0167615
0.0162168
0.0157867
0.0154328
0.0151289
0.0148709
0.0146624
0.0145146
0.0144381
0.0144428
0.0145373
0.0147345
0.0150553
0.0155333
0.0162151
0.0171569
0.0184234
0.0200813
0.0221811
0.0247916
0.0280881
0.031867
0.03609
0.0406827
0.0455372
0.0505239
0.0554983
0.060321
0.0649327
0.0691619
0.0728684
0.0760048
0.0785396
0.0804903
0.0818566
0.0827391
0.0831225
0.0832024
0.0832112
0.0818135
0.0874615
0.0956149
0.105209
0.11996
0.136057
0.163406
0.191004
0.246133
0.292674
0.419902
0.502246
0.90677
)
;
    }
    frontAndBack
    {
        type            empty;
    }
}


// ************************************************************************* //
