/*--------------------------------*- C++ -*----------------------------------*\
| =========                 |                                                 |
| \\      /  F ield         | OpenFOAM: The Open Source CFD Toolbox           |
|  \\    /   O peration     | Version:  2.4.0                                 |
|   \\  /    A nd           | Web:      www.OpenFOAM.org                      |
|    \\/     M anipulation  |                                                 |
\*---------------------------------------------------------------------------*/
FoamFile
{
    version     2.0;
    format      ascii;
    class       volScalarField;
    location    "0.95";
    object      p;
}
// * * * * * * * * * * * * * * * * * * * * * * * * * * * * * * * * * * * * * //

dimensions      [0 2 -2 0 0 0 0];

internalField   nonuniform List<scalar> 
6000
(
-0.104048
0.25212
0.206598
0.230221
0.22046
0.216445
0.189036
0.144494
0.0843936
0.0418676
0.044402
0.0957075
0.17324
0.244115
0.294697
0.326862
0.347299
0.361431
0.37227
0.381869
0.390552
0.39843
0.405376
0.411259
0.416024
0.419719
0.422474
0.424453
0.425811
0.426671
0.42712
0.427214
0.426991
0.426473
0.425671
0.424591
0.423229
0.421575
0.419615
0.417324
0.414674
0.411628
0.408139
0.404151
0.399594
0.394382
0.38841
0.381546
0.373626
0.364443
0.353731
0.341154
0.326251
0.308472
0.286866
0.260759
0.227096
0.187922
0.124992
0.0785165
-0.0777077
0.24871
0.206649
0.230016
0.220583
0.216864
0.190044
0.145758
0.0849618
0.0413578
0.042776
0.0934573
0.171287
0.242762
0.293861
0.32635
0.346956
0.361159
0.372066
0.381677
0.390382
0.398281
0.405246
0.411145
0.415921
0.419623
0.422381
0.424359
0.425714
0.42657
0.427014
0.427103
0.426874
0.426349
0.425541
0.424452
0.423082
0.421418
0.419446
0.417144
0.41448
0.411418
0.407912
0.403904
0.399325
0.394088
0.388086
0.381188
0.37323
0.364002
0.35324
0.340602
0.325628
0.307761
0.286053
0.259807
0.226007
0.186564
0.123568
0.076645
-0.0608778
0.245252
0.206643
0.229932
0.220701
0.217184
0.190481
0.145979
0.0849141
0.0406796
0.0416562
0.0918929
0.169797
0.241797
0.293322
0.326046
0.346749
0.360973
0.37191
0.381516
0.390232
0.398145
0.405127
0.411041
0.415829
0.419538
0.422298
0.424276
0.425629
0.426482
0.426923
0.42701
0.426778
0.426251
0.425439
0.424349
0.422975
0.421309
0.419334
0.417028
0.414361
0.411295
0.407785
0.403773
0.399188
0.393945
0.387937
0.381031
0.373062
0.363819
0.353038
0.340378
0.325376
0.307476
0.285724
0.259423
0.225543
0.185949
0.122852
0.0757856
-0.0487495
0.241392
0.206805
0.229811
0.2209
0.217728
0.190869
0.145914
0.0845728
0.0397015
0.0398267
0.0897666
0.168086
0.240802
0.292825
0.325786
0.346563
0.360788
0.371735
0.38133
0.390052
0.397979
0.404979
0.410912
0.415715
0.419432
0.422196
0.424173
0.425524
0.426373
0.42681
0.426892
0.426655
0.426123
0.425306
0.424209
0.422829
0.421156
0.419172
0.416857
0.414179
0.4111
0.407576
0.403547
0.398943
0.393677
0.387643
0.380707
0.372704
0.363428
0.352607
0.339902
0.324846
0.30688
0.285053
0.258658
0.224681
0.184995
0.12177
0.0747727
-0.0370607
0.237249
0.207131
0.229697
0.221191
0.218409
0.191342
0.145879
0.0841375
0.0384953
0.0377799
0.0873912
0.166261
0.239826
0.292395
0.325583
0.346409
0.360612
0.371554
0.381132
0.389857
0.397799
0.404819
0.410773
0.415593
0.419322
0.42209
0.424067
0.425415
0.426261
0.426693
0.426771
0.426531
0.425994
0.425173
0.424072
0.422687
0.421009
0.41902
0.416698
0.414014
0.410928
0.407396
0.403359
0.398746
0.39347
0.387426
0.380479
0.372463
0.363162
0.352314
0.339575
0.32448
0.306466
0.284577
0.2581
0.224019
0.184158
0.120824
0.0738551
-0.025614
0.232989
0.207598
0.229567
0.221557
0.219205
0.191887
0.145857
0.0836038
0.0370357
0.0354301
0.0847485
0.16429
0.238834
0.292012
0.32543
0.346284
0.360444
0.371364
0.380919
0.389646
0.397603
0.404648
0.410626
0.415467
0.419209
0.421983
0.423961
0.425307
0.426148
0.426576
0.42665
0.426405
0.425865
0.42504
0.423934
0.422544
0.42086
0.418865
0.416537
0.413844
0.41075
0.407207
0.403157
0.398529
0.393236
0.38717
0.380196
0.372148
0.362821
0.35194
0.339161
0.324017
0.305947
0.283991
0.257437
0.223261
0.183303
0.119834
0.0729852
-0.0150296
0.228711
0.208125
0.229409
0.221973
0.220073
0.192464
0.145798
0.0829391
0.0353401
0.0327863
0.081838
0.162166
0.237816
0.291665
0.325319
0.346185
0.360279
0.371163
0.380689
0.389415
0.397388
0.40446
0.410469
0.415335
0.419095
0.421877
0.423857
0.4252
0.426037
0.426461
0.42653
0.426281
0.425736
0.424907
0.423797
0.422402
0.420713
0.418712
0.416377
0.413677
0.410575
0.407023
0.402962
0.398323
0.393017
0.386937
0.37995
0.371885
0.36253
0.351618
0.338804
0.323617
0.305495
0.283472
0.256837
0.222555
0.182479
0.118882
0.072184
-0.00536231
0.224484
0.208647
0.229233
0.222409
0.220964
0.193054
0.145698
0.0821435
0.0334386
0.0298765
0.078674
0.159895
0.23677
0.29135
0.325247
0.34611
0.360115
0.370948
0.380438
0.38916
0.397151
0.404253
0.410297
0.415195
0.418977
0.421771
0.423754
0.425095
0.425928
0.426347
0.426411
0.426158
0.425609
0.424776
0.423661
0.422262
0.420568
0.418562
0.41622
0.413514
0.410403
0.406842
0.402771
0.39812
0.3928
0.386703
0.379694
0.371607
0.362229
0.351287
0.338438
0.323209
0.305036
0.282952
0.256239
0.221865
0.181683
0.117972
0.0714447
0.00362146
0.220368
0.209102
0.229058
0.222835
0.22184
0.193644
0.145564
0.0812362
0.0313572
0.0267223
0.0752722
0.157484
0.235698
0.291066
0.325212
0.346058
0.359952
0.370721
0.380168
0.388882
0.39689
0.404025
0.410108
0.415044
0.418854
0.421663
0.423651
0.424992
0.425821
0.426236
0.426295
0.426037
0.425484
0.424647
0.423528
0.422124
0.420425
0.418414
0.416066
0.413353
0.410235
0.406664
0.402584
0.397921
0.392588
0.386476
0.37945
0.371342
0.361939
0.350969
0.338085
0.322815
0.304592
0.282448
0.255662
0.221196
0.180914
0.117108
0.0707569
0.0120792
0.216404
0.209452
0.228891
0.223225
0.222683
0.194226
0.145399
0.0802353
0.029119
0.023344
0.0716457
0.154935
0.234599
0.290814
0.325216
0.346021
0.359799
0.370485
0.379882
0.388582
0.396606
0.403776
0.409904
0.414882
0.418725
0.421554
0.423549
0.42489
0.425717
0.426126
0.426181
0.425919
0.425362
0.42452
0.423397
0.421989
0.420285
0.418268
0.415915
0.413195
0.410069
0.40649
0.4024
0.397726
0.39238
0.386253
0.37921
0.371082
0.361655
0.350657
0.33774
0.32243
0.304159
0.281957
0.255099
0.220546
0.180171
0.116287
0.0701099
0.0200653
0.212612
0.209683
0.228722
0.223573
0.223484
0.19479
0.145202
0.079155
0.0267456
0.0197619
0.0678056
0.152251
0.233469
0.290592
0.325258
0.346003
0.359656
0.370243
0.379581
0.388264
0.396301
0.403506
0.409682
0.414709
0.418589
0.421442
0.423448
0.424791
0.425614
0.42602
0.42607
0.425803
0.425242
0.424396
0.423269
0.421857
0.420148
0.418126
0.415767
0.41304
0.409907
0.40632
0.40222
0.397535
0.392177
0.386035
0.378975
0.370827
0.361377
0.350352
0.337402
0.322054
0.303736
0.281477
0.25455
0.219915
0.17945
0.115503
0.0694962
0.0276099
0.209006
0.209791
0.228542
0.223883
0.224238
0.195331
0.144976
0.078008
0.024259
0.0159983
0.0637651
0.149429
0.232301
0.290397
0.325332
0.346004
0.359522
0.369999
0.379271
0.387931
0.395978
0.403218
0.409444
0.414523
0.418447
0.421327
0.423347
0.424693
0.425514
0.425915
0.425961
0.42569
0.425125
0.424275
0.423144
0.421727
0.420014
0.417986
0.415622
0.412889
0.409749
0.406153
0.402044
0.397348
0.391977
0.385821
0.378745
0.370578
0.361105
0.350053
0.337072
0.321686
0.303323
0.281008
0.254014
0.2193
0.178749
0.114754
0.0689107
0.0347496
0.205596
0.209782
0.228338
0.22416
0.224935
0.195845
0.144724
0.0768074
0.021683
0.0120804
0.0595431
0.146473
0.231087
0.290223
0.325427
0.346029
0.359399
0.369755
0.378954
0.387585
0.39564
0.402913
0.40919
0.414326
0.418298
0.42121
0.423246
0.424596
0.425416
0.425813
0.425855
0.42558
0.42501
0.424156
0.423021
0.4216
0.419882
0.41785
0.41548
0.412741
0.409594
0.40599
0.401872
0.397166
0.391783
0.385613
0.37852
0.370334
0.36084
0.349761
0.33675
0.321326
0.302919
0.28055
0.253491
0.218701
0.178069
0.114037
0.0683498
0.0415204
0.202389
0.209664
0.228094
0.224417
0.225551
0.196327
0.144447
0.0755668
0.0190442
0.00804199
0.0551664
0.14339
0.229819
0.29006
0.325542
0.346073
0.359287
0.369515
0.378635
0.387232
0.395289
0.402594
0.408922
0.414117
0.418142
0.421091
0.423145
0.424501
0.425321
0.425714
0.425751
0.425471
0.424898
0.42404
0.422901
0.421476
0.419754
0.417717
0.415341
0.412596
0.409442
0.405831
0.401704
0.396987
0.391592
0.385409
0.378301
0.370096
0.36058
0.349476
0.336434
0.320975
0.302524
0.280103
0.252981
0.218118
0.177407
0.113351
0.0678112
0.0479511
0.199386
0.209444
0.227794
0.224664
0.226059
0.196776
0.144149
0.0743003
0.0163721
0.00392357
0.0506705
0.140194
0.228491
0.289885
0.325683
0.346133
0.359188
0.369281
0.378316
0.386875
0.394929
0.402262
0.408641
0.413898
0.417979
0.420968
0.423044
0.424408
0.425227
0.425617
0.42565
0.425366
0.424788
0.423927
0.422784
0.421355
0.419628
0.417586
0.415206
0.412455
0.409294
0.405675
0.401539
0.396813
0.391407
0.38521
0.378086
0.369864
0.360327
0.349198
0.336126
0.320632
0.302139
0.279667
0.252483
0.21755
0.176765
0.112693
0.0672935
0.0540643
0.196586
0.209134
0.22743
0.224895
0.226446
0.19719
0.14383
0.0730228
0.013699
-0.000228383
0.0460989
0.13691
0.227104
0.289702
0.325832
0.346205
0.3591
0.369055
0.378002
0.386517
0.394564
0.40192
0.408348
0.413668
0.417809
0.420842
0.422943
0.424316
0.425136
0.425523
0.425551
0.425263
0.424682
0.423816
0.42267
0.421237
0.419506
0.417459
0.415073
0.412317
0.409149
0.405524
0.401379
0.396643
0.391226
0.385016
0.377877
0.369637
0.360079
0.348926
0.335826
0.320298
0.301763
0.279242
0.251998
0.216997
0.176142
0.112063
0.0667955
0.059879
0.193986
0.208743
0.226998
0.225098
0.226702
0.197557
0.143492
0.0717499
0.0110584
-0.00436338
0.0415012
0.133564
0.225664
0.289505
0.325977
0.346284
0.359023
0.368839
0.377694
0.386163
0.394198
0.401572
0.408046
0.413428
0.417632
0.420712
0.422841
0.424226
0.425047
0.425431
0.425455
0.425163
0.424578
0.423709
0.422558
0.421121
0.419386
0.417335
0.414944
0.412182
0.409009
0.405376
0.401223
0.396477
0.391049
0.384827
0.377673
0.369416
0.359838
0.348662
0.335534
0.319972
0.301396
0.278827
0.251525
0.21646
0.175538
0.111459
0.0663164
0.0654123
0.191581
0.208282
0.226497
0.225262
0.226831
0.197852
0.143138
0.0704978
0.00848474
-0.00842912
0.0369308
0.130192
0.224184
0.289284
0.326112
0.346366
0.358955
0.368633
0.377396
0.385814
0.393833
0.401221
0.407737
0.413181
0.417448
0.420579
0.422738
0.424137
0.42496
0.425342
0.425362
0.425066
0.424476
0.423604
0.422449
0.421009
0.41927
0.417214
0.414819
0.412051
0.408871
0.405231
0.401071
0.396316
0.390877
0.384643
0.377475
0.369201
0.359604
0.348404
0.335249
0.319654
0.30104
0.278424
0.251065
0.215939
0.174953
0.11088
0.0658556
0.0706795
0.189365
0.207761
0.225927
0.225373
0.226836
0.198055
0.142773
0.0692826
0.00601205
-0.0123729
0.0324432
0.126827
0.222685
0.289035
0.326227
0.346445
0.358895
0.36844
0.377109
0.385475
0.393472
0.400869
0.407423
0.412926
0.417259
0.420443
0.422635
0.424048
0.424876
0.425255
0.425271
0.424971
0.424378
0.423501
0.422344
0.420899
0.419156
0.417097
0.414696
0.411923
0.408738
0.405091
0.400923
0.396159
0.39071
0.384463
0.377282
0.368992
0.359376
0.348154
0.334972
0.319345
0.300693
0.278031
0.250618
0.215433
0.174386
0.110326
0.0654126
0.0756945
0.187332
0.207191
0.225294
0.225413
0.226717
0.198156
0.142394
0.0681203
0.00367308
-0.016143
0.0280943
0.123501
0.221196
0.288753
0.326318
0.346517
0.358841
0.368258
0.376835
0.385146
0.39312
0.400519
0.407105
0.412666
0.417064
0.420304
0.422532
0.423962
0.424793
0.425171
0.425183
0.424879
0.424282
0.423402
0.422241
0.420792
0.419046
0.416982
0.414577
0.411799
0.408608
0.404955
0.400779
0.396007
0.390547
0.384289
0.377094
0.368788
0.359154
0.34791
0.334702
0.319045
0.300356
0.27765
0.250185
0.214942
0.173838
0.109797
0.0649869
0.0804699
0.185472
0.206582
0.224601
0.22537
0.226476
0.198153
0.141992
0.0670268
0.00149886
-0.0196904
0.0239381
0.120253
0.219744
0.28844
0.326378
0.346576
0.358789
0.368087
0.376576
0.384831
0.392777
0.400174
0.406787
0.412401
0.416864
0.420162
0.422428
0.423876
0.424712
0.425089
0.425098
0.424789
0.424188
0.423305
0.42214
0.420689
0.418938
0.416871
0.414462
0.411679
0.408482
0.404822
0.400639
0.395858
0.39039
0.38412
0.376912
0.368591
0.358939
0.347674
0.334441
0.318754
0.300029
0.27728
0.249764
0.214468
0.173309
0.10929
0.0645779
0.0850175
0.183779
0.205943
0.223855
0.225231
0.226116
0.198039
0.141555
0.0660274
-0.000481592
-0.0229689
0.020021
0.117165
0.218328
0.288101
0.326404
0.346618
0.358739
0.367928
0.376331
0.384531
0.392446
0.399837
0.406471
0.412134
0.416661
0.420017
0.422323
0.423791
0.424634
0.425009
0.425015
0.424702
0.424098
0.423211
0.422043
0.420588
0.418834
0.416763
0.41435
0.411562
0.40836
0.404694
0.400504
0.395715
0.390237
0.383957
0.376736
0.3684
0.35873
0.347445
0.334187
0.318472
0.299712
0.276922
0.249357
0.214009
0.172798
0.108806
0.0641855
0.0893483
0.182244
0.205282
0.223061
0.224989
0.225641
0.197803
0.141104
0.065113
-0.00224042
-0.025936
0.0163944
0.114296
0.216963
0.28774
0.326393
0.34664
0.358688
0.36778
0.376101
0.384246
0.392129
0.399508
0.406159
0.411866
0.416454
0.41987
0.422218
0.423707
0.424557
0.424932
0.424935
0.424618
0.42401
0.42312
0.421949
0.420491
0.418733
0.416658
0.414241
0.411448
0.408241
0.404569
0.400372
0.395576
0.390088
0.383798
0.376565
0.368215
0.358528
0.347223
0.333942
0.318198
0.299405
0.276575
0.248963
0.213566
0.172307
0.108343
0.063809
0.093473
0.180859
0.204607
0.222226
0.22464
0.225056
0.19744
0.140639
0.0642851
-0.00374855
-0.0285484
0.0131233
0.11163
0.215676
0.287361
0.326343
0.346638
0.358632
0.367641
0.375887
0.383979
0.391827
0.399192
0.405853
0.411598
0.416246
0.419721
0.422112
0.423625
0.424483
0.424858
0.424857
0.424537
0.423925
0.423032
0.421857
0.420396
0.418635
0.416557
0.414135
0.411339
0.408126
0.404449
0.400245
0.395441
0.389945
0.383644
0.3764
0.368036
0.358333
0.347009
0.333705
0.317934
0.299108
0.27624
0.248582
0.213138
0.171833
0.107902
0.0634483
0.0974014
0.179613
0.203925
0.221356
0.224184
0.224362
0.196948
0.140155
0.0635799
-0.00501576
-0.03076
0.0102135
0.109229
0.214493
0.286972
0.326255
0.346611
0.358571
0.36751
0.375689
0.383728
0.391541
0.398888
0.405554
0.411333
0.416036
0.41957
0.422006
0.423543
0.42441
0.424786
0.424782
0.424458
0.423843
0.422946
0.421769
0.420304
0.418541
0.416459
0.414033
0.411232
0.408015
0.404332
0.400123
0.395311
0.389807
0.383496
0.37624
0.367863
0.358144
0.346801
0.333476
0.317679
0.298821
0.275917
0.248215
0.212727
0.171378
0.107482
0.063103
0.101143
0.1785
0.203242
0.220458
0.223626
0.223561
0.196331
0.139648
0.0630018
-0.00600947
-0.0325769
0.00772858
0.107138
0.213433
0.28658
0.326129
0.346556
0.358502
0.367387
0.375505
0.383495
0.391272
0.398598
0.405265
0.411072
0.415827
0.419418
0.421899
0.423463
0.42434
0.424716
0.42471
0.424382
0.423763
0.422864
0.421683
0.420216
0.418449
0.416364
0.413935
0.41113
0.407908
0.40422
0.400004
0.395186
0.389673
0.383353
0.376086
0.367696
0.357962
0.346602
0.333255
0.317433
0.298545
0.275605
0.247861
0.212331
0.170942
0.107082
0.0627727
0.104708
0.17751
0.202562
0.219539
0.222973
0.222658
0.195595
0.139119
0.0625482
-0.00671443
-0.0339737
0.00570491
0.105392
0.212518
0.286194
0.325966
0.346473
0.358424
0.367271
0.375337
0.38328
0.391021
0.398324
0.404986
0.410816
0.415618
0.419266
0.421793
0.423384
0.424271
0.424649
0.42464
0.424309
0.423687
0.422784
0.421601
0.420131
0.418361
0.416272
0.41384
0.411031
0.407805
0.404112
0.39989
0.395065
0.389545
0.383216
0.375938
0.367536
0.357787
0.34641
0.333043
0.317196
0.29828
0.275305
0.247521
0.211951
0.170524
0.106702
0.0624572
0.108103
0.176635
0.20189
0.218604
0.222233
0.221655
0.194749
0.13857
0.0622203
-0.00712238
-0.0349253
0.00417047
0.104018
0.211764
0.28582
0.325768
0.346361
0.358336
0.367159
0.375182
0.383082
0.390787
0.398065
0.40472
0.410567
0.415412
0.419114
0.421687
0.423306
0.424205
0.424584
0.424573
0.424239
0.423613
0.422707
0.421521
0.420048
0.418275
0.416184
0.413748
0.410936
0.407706
0.404008
0.399781
0.394949
0.389421
0.383084
0.375796
0.367381
0.357619
0.346225
0.332839
0.316969
0.298024
0.275017
0.247195
0.211587
0.170124
0.10634
0.0621562
0.111339
0.175867
0.201231
0.21766
0.221418
0.220558
0.193804
0.138
0.062021
-0.00722777
-0.0354153
0.00314772
0.103039
0.211186
0.285466
0.325539
0.346222
0.358238
0.367052
0.37504
0.382901
0.390572
0.397823
0.404466
0.410326
0.415209
0.418963
0.421582
0.423229
0.42414
0.424522
0.424509
0.424171
0.423542
0.422633
0.421445
0.419969
0.418194
0.416099
0.413661
0.410845
0.40761
0.403908
0.399675
0.394838
0.389303
0.382957
0.375659
0.367234
0.357458
0.346048
0.332643
0.316751
0.29778
0.274742
0.246883
0.211239
0.169742
0.105998
0.0618695
0.114423
0.175199
0.200586
0.216712
0.220538
0.219375
0.192775
0.137414
0.0619519
-0.00702861
-0.0354342
0.00265406
0.102473
0.210796
0.285139
0.325282
0.346055
0.358128
0.366949
0.374911
0.382736
0.390374
0.397598
0.404227
0.410094
0.41501
0.418813
0.421477
0.423154
0.424078
0.424463
0.424447
0.424106
0.423474
0.422562
0.421371
0.419893
0.418115
0.416018
0.413576
0.410757
0.407519
0.403812
0.399575
0.394731
0.389189
0.382836
0.375529
0.367092
0.357304
0.345879
0.332456
0.316542
0.297546
0.274478
0.246584
0.210907
0.169378
0.105674
0.0615968
0.117363
0.174623
0.199959
0.215765
0.219605
0.218117
0.191675
0.136817
0.0620138
-0.00652652
-0.0349782
0.00270156
0.102335
0.210603
0.284843
0.325001
0.345863
0.358007
0.366848
0.374794
0.382588
0.390193
0.39739
0.404001
0.409872
0.414817
0.418665
0.421374
0.42308
0.424018
0.424405
0.424388
0.424044
0.423409
0.422495
0.421301
0.41982
0.41804
0.41594
0.413495
0.410673
0.407431
0.40372
0.399478
0.394629
0.389081
0.38272
0.375404
0.366957
0.357157
0.345717
0.332277
0.316343
0.297323
0.274226
0.246299
0.21059
0.169033
0.105368
0.0613379
0.120166
0.174132
0.199352
0.214825
0.21863
0.216796
0.190519
0.136216
0.0622075
-0.0057258
-0.0340479
0.00329699
0.102632
0.210612
0.284585
0.324698
0.345648
0.357875
0.366749
0.374687
0.382454
0.390029
0.397198
0.403791
0.409661
0.414629
0.41852
0.421272
0.423008
0.42396
0.424351
0.424332
0.423985
0.423347
0.42243
0.421233
0.41975
0.417968
0.415866
0.413418
0.410593
0.407348
0.403633
0.399386
0.394532
0.388978
0.382609
0.375285
0.366829
0.357017
0.345564
0.332107
0.316154
0.29711
0.273987
0.246028
0.210289
0.168705
0.105079
0.0610926
0.12284
0.17372
0.198765
0.213895
0.217624
0.215426
0.189321
0.135624
0.0625347
-0.00463208
-0.0326482
0.00444226
0.103368
0.210826
0.284367
0.324379
0.345411
0.357732
0.366652
0.374591
0.382336
0.389882
0.397023
0.403596
0.409461
0.414449
0.418378
0.421172
0.422938
0.423904
0.424299
0.424279
0.423929
0.423288
0.422368
0.421169
0.419684
0.417899
0.415795
0.413345
0.410517
0.407269
0.40355
0.399299
0.39444
0.38888
0.382505
0.375173
0.366707
0.356884
0.345418
0.331946
0.315974
0.296909
0.27376
0.245772
0.210005
0.168395
0.104807
0.0608608
0.125391
0.17338
0.1982
0.21298
0.216598
0.214023
0.188096
0.135053
0.0629985
-0.00325076
-0.0307859
0.0061351
0.104542
0.211245
0.284192
0.324046
0.345155
0.35758
0.366555
0.374504
0.382231
0.38975
0.396864
0.403415
0.409274
0.414277
0.41824
0.421074
0.42287
0.423851
0.42425
0.424228
0.423876
0.423231
0.422309
0.421108
0.419621
0.417834
0.415727
0.413275
0.410444
0.407193
0.403471
0.399216
0.394352
0.388787
0.382405
0.375066
0.366591
0.356758
0.345279
0.331793
0.315804
0.296718
0.273545
0.245529
0.209736
0.168102
0.104553
0.0606422
0.127825
0.173107
0.197659
0.212082
0.215561
0.2126
0.18686
0.134519
0.0636041
-0.00158548
-0.0284687
0.00836997
0.106149
0.211864
0.284062
0.323705
0.344884
0.357419
0.36646
0.374425
0.38214
0.389634
0.396722
0.40325
0.409099
0.414113
0.418107
0.420979
0.422804
0.4238
0.424203
0.424181
0.423825
0.423178
0.422253
0.42105
0.419561
0.417772
0.415663
0.413209
0.410376
0.407122
0.403396
0.399138
0.39427
0.388699
0.382312
0.374965
0.366482
0.356639
0.345149
0.331649
0.315644
0.296538
0.273342
0.2453
0.209483
0.167828
0.104315
0.0604368
0.130149
0.172896
0.19714
0.211204
0.214522
0.211172
0.185629
0.134039
0.0643593
0.000363273
-0.0257026
0.011139
0.108177
0.212676
0.283979
0.323359
0.344599
0.35725
0.366366
0.374355
0.38206
0.389532
0.396594
0.403101
0.408937
0.413958
0.41798
0.420887
0.422741
0.423752
0.424159
0.424136
0.423778
0.423128
0.4222
0.420995
0.419504
0.417713
0.415603
0.413146
0.410311
0.407054
0.403326
0.399064
0.394192
0.388617
0.382223
0.37487
0.36638
0.356527
0.345027
0.331513
0.315493
0.296369
0.273152
0.245086
0.209246
0.16757
0.104093
0.0602443
0.132368
0.17274
0.196646
0.210349
0.213488
0.209754
0.184418
0.13363
0.0652747
0.00259929
-0.0224916
0.0144327
0.110612
0.213671
0.283941
0.323012
0.344304
0.357074
0.366272
0.374292
0.381993
0.389444
0.396482
0.402965
0.408788
0.413812
0.417858
0.420798
0.42268
0.423706
0.424118
0.424094
0.423733
0.42308
0.42215
0.420943
0.41945
0.417658
0.415546
0.413088
0.41025
0.406991
0.40326
0.398995
0.394119
0.388539
0.382141
0.374782
0.366284
0.356423
0.344912
0.331387
0.315352
0.296211
0.272975
0.244885
0.209024
0.167331
0.103887
0.0600648
0.134487
0.172636
0.196175
0.209519
0.212467
0.208357
0.183243
0.133309
0.0663631
0.00513107
-0.0188359
0.0182404
0.113435
0.214836
0.283949
0.322667
0.344002
0.356893
0.366179
0.374236
0.381936
0.389368
0.396384
0.402845
0.408652
0.413677
0.417742
0.420714
0.422622
0.423663
0.424079
0.424054
0.423691
0.423036
0.422104
0.420895
0.4194
0.417606
0.415492
0.413032
0.410193
0.406932
0.403199
0.39893
0.394051
0.388467
0.382064
0.374699
0.366194
0.356326
0.344806
0.331269
0.315221
0.296065
0.27281
0.244699
0.208819
0.167109
0.103697
0.059898
0.136513
0.172578
0.195728
0.208714
0.211463
0.206992
0.182119
0.133093
0.0676395
0.00797143
-0.0147331
0.0225495
0.11662
0.216156
0.284001
0.322327
0.343694
0.356708
0.366087
0.374186
0.381889
0.389306
0.396299
0.402738
0.408529
0.413551
0.417633
0.420633
0.422567
0.423622
0.424044
0.424018
0.423653
0.422995
0.42206
0.420849
0.419353
0.417558
0.415442
0.412981
0.41014
0.406877
0.403141
0.39887
0.393988
0.3884
0.381993
0.374623
0.366112
0.356236
0.344707
0.33116
0.3151
0.295929
0.272657
0.244527
0.208629
0.166904
0.103523
0.059744
0.138448
0.172564
0.195305
0.207937
0.210483
0.205668
0.181057
0.132995
0.0691191
0.0111363
-0.0101792
0.0273449
0.120139
0.217615
0.284096
0.321997
0.343385
0.35652
0.365996
0.374141
0.381851
0.389255
0.396228
0.402646
0.408419
0.413437
0.417532
0.420557
0.422515
0.423585
0.424011
0.423985
0.423617
0.422957
0.42202
0.420807
0.41931
0.417513
0.415396
0.412934
0.410091
0.406826
0.403088
0.398815
0.39393
0.388339
0.381927
0.374552
0.366036
0.356153
0.344617
0.331061
0.314989
0.295804
0.272517
0.244369
0.208455
0.166716
0.103364
0.0596027
0.140299
0.172588
0.194906
0.207188
0.209529
0.204393
0.180068
0.133028
0.0708163
0.0146423
-0.00517164
0.0326069
0.123958
0.219193
0.284231
0.321678
0.343076
0.356331
0.365906
0.374102
0.381823
0.389215
0.396169
0.402566
0.408322
0.413333
0.417438
0.420485
0.422466
0.42355
0.423981
0.423955
0.423585
0.422922
0.421983
0.420768
0.419269
0.417471
0.415354
0.41289
0.410046
0.40678
0.40304
0.398764
0.393876
0.388283
0.381867
0.374488
0.365967
0.356078
0.344534
0.33097
0.314888
0.295691
0.272389
0.244225
0.208297
0.166546
0.10322
0.059474
0.142068
0.172648
0.19453
0.206467
0.208605
0.203171
0.179161
0.133201
0.0727425
0.0185039
0.000287465
0.0383088
0.128039
0.220872
0.284404
0.321374
0.34277
0.356141
0.365818
0.374068
0.381802
0.389185
0.396122
0.4025
0.408238
0.41324
0.417352
0.420419
0.422421
0.423519
0.423954
0.423928
0.423555
0.42289
0.421949
0.420733
0.419233
0.417433
0.415315
0.41285
0.410005
0.406737
0.402996
0.398718
0.393828
0.388232
0.381813
0.37443
0.365904
0.35601
0.34446
0.330888
0.314797
0.295589
0.272275
0.244096
0.208155
0.166393
0.103091
0.0593579
0.14376
0.172741
0.194178
0.205776
0.207713
0.202008
0.178341
0.133519
0.0749049
0.0227292
0.006187
0.0444146
0.132339
0.222633
0.284613
0.321086
0.342469
0.355952
0.365731
0.374039
0.381788
0.389164
0.396086
0.402445
0.408166
0.413158
0.417274
0.420359
0.42238
0.423491
0.423931
0.423903
0.423529
0.422861
0.421918
0.420701
0.419199
0.417399
0.415279
0.412814
0.409967
0.406699
0.402956
0.398677
0.393785
0.388186
0.381765
0.374379
0.365849
0.35595
0.344394
0.330814
0.314716
0.295498
0.272173
0.243981
0.208029
0.166256
0.102976
0.0592544
0.145379
0.172862
0.193849
0.205114
0.206856
0.200907
0.177612
0.133984
0.0773046
0.0273166
0.0125059
0.0508771
0.136813
0.224457
0.284856
0.320817
0.342175
0.355766
0.365647
0.374014
0.381782
0.389153
0.39606
0.402403
0.408106
0.413087
0.417205
0.420304
0.422343
0.423466
0.42391
0.423882
0.423506
0.422836
0.421891
0.420672
0.419169
0.417368
0.415248
0.412781
0.409934
0.406665
0.402921
0.398641
0.393747
0.388146
0.381722
0.374333
0.3658
0.355897
0.344336
0.33075
0.314644
0.295418
0.272083
0.24388
0.207918
0.166138
0.102877
0.0591636
0.146929
0.17301
0.193543
0.204481
0.206035
0.199868
0.176973
0.134592
0.0799351
0.0322514
0.0192079
0.0576381
0.141411
0.226325
0.285131
0.320569
0.34189
0.355582
0.365566
0.373993
0.381782
0.38915
0.396045
0.402371
0.408058
0.413026
0.417144
0.420255
0.422311
0.423444
0.423892
0.423864
0.423486
0.422813
0.421867
0.420646
0.419143
0.417341
0.41522
0.412753
0.409905
0.406635
0.40289
0.398609
0.393714
0.388111
0.381685
0.374294
0.365757
0.355851
0.344286
0.330695
0.314583
0.29535
0.272006
0.243794
0.207824
0.166036
0.102791
0.0590854
0.148411
0.173182
0.19326
0.203878
0.20525
0.198894
0.176425
0.135336
0.0827821
0.0375048
0.0262404
0.0646294
0.146086
0.228223
0.285437
0.320344
0.341616
0.355404
0.365487
0.373977
0.381788
0.389155
0.396039
0.402351
0.408021
0.412976
0.417092
0.420212
0.422283
0.423426
0.423878
0.423849
0.423469
0.422794
0.421846
0.420624
0.41912
0.417317
0.415196
0.412728
0.40988
0.406609
0.402864
0.398581
0.393685
0.388081
0.381654
0.374261
0.365722
0.355812
0.344244
0.330649
0.314532
0.295293
0.271942
0.243722
0.207744
0.165951
0.102721
0.05902
0.14983
0.173376
0.192999
0.203304
0.204502
0.197984
0.175965
0.136207
0.0858233
0.043033
0.0335364
0.0717757
0.150792
0.230136
0.285772
0.320142
0.341355
0.35523
0.365412
0.373964
0.3818
0.389167
0.396042
0.40234
0.407995
0.412937
0.417048
0.420176
0.422259
0.423412
0.423867
0.423838
0.423455
0.422779
0.421828
0.420605
0.4191
0.417297
0.415175
0.412707
0.409859
0.406587
0.402842
0.398559
0.393662
0.388057
0.381629
0.374234
0.365693
0.355781
0.34421
0.330612
0.314491
0.295247
0.271891
0.243664
0.207681
0.165883
0.102664
0.0589674
0.151189
0.173588
0.19276
0.20276
0.203791
0.197138
0.175589
0.137191
0.0890293
0.0487796
0.0410173
0.0789987
0.155487
0.232053
0.286135
0.319966
0.341108
0.355064
0.365341
0.373955
0.381817
0.389187
0.396053
0.402339
0.40798
0.412909
0.417014
0.420147
0.42224
0.423402
0.42386
0.423829
0.423444
0.422766
0.421814
0.42059
0.419084
0.41728
0.415158
0.41269
0.409842
0.40657
0.402825
0.398541
0.393644
0.388038
0.381609
0.374213
0.365671
0.355758
0.344184
0.330584
0.31446
0.295212
0.271852
0.243621
0.207634
0.165832
0.102622
0.0589276
0.15249
0.173818
0.192543
0.202245
0.203118
0.196354
0.175293
0.138274
0.0923658
0.0546798
0.0485989
0.0862225
0.160134
0.233964
0.286524
0.319815
0.340875
0.354905
0.365274
0.37395
0.381839
0.389212
0.396072
0.402348
0.407974
0.41289
0.416988
0.420124
0.422226
0.423395
0.423855
0.423824
0.423437
0.422757
0.421803
0.420578
0.419071
0.417267
0.415145
0.412677
0.409829
0.406557
0.402812
0.398528
0.393631
0.388025
0.381596
0.374199
0.365656
0.355742
0.344167
0.330565
0.314439
0.295189
0.271826
0.243592
0.207602
0.165798
0.102594
0.0589009
0.153736
0.174063
0.192348
0.20176
0.202483
0.195632
0.175073
0.139441
0.0957958
0.0606652
0.0561974
0.0933779
0.164703
0.235862
0.286939
0.31969
0.340659
0.354754
0.365212
0.37395
0.381865
0.389244
0.396099
0.402365
0.407979
0.412881
0.416971
0.420108
0.422218
0.423392
0.423855
0.423822
0.423433
0.422751
0.421796
0.420569
0.419062
0.417258
0.415136
0.412668
0.40982
0.406549
0.402803
0.39852
0.393623
0.388017
0.381588
0.374191
0.365648
0.355733
0.344158
0.330556
0.314429
0.295178
0.271813
0.243577
0.207586
0.165781
0.10258
0.0588873
0.154929
0.174322
0.192173
0.201304
0.201885
0.19497
0.174924
0.140678
0.099283
0.0666702
0.0637363
0.100407
0.169174
0.237744
0.28738
0.319592
0.340461
0.354613
0.365155
0.373953
0.381896
0.389281
0.396132
0.40239
0.407993
0.412882
0.416963
0.4201
0.422214
0.423394
0.423857
0.423824
0.423433
0.422748
0.421792
0.420564
0.419057
0.417252
0.41513
0.412663
0.409815
0.406544
0.402799
0.398517
0.39362
0.388015
0.381585
0.374189
0.365646
0.355732
0.344157
0.330555
0.314428
0.295177
0.271813
0.243577
0.207586
0.165781
0.10258
0.0588872
0.156071
0.174592
0.192019
0.200877
0.201324
0.194366
0.174842
0.141971
0.102794
0.0726367
0.0711508
0.107266
0.173531
0.239605
0.287844
0.319522
0.34028
0.354482
0.365104
0.37396
0.381932
0.389324
0.396172
0.402423
0.408016
0.412893
0.416964
0.420098
0.422216
0.423399
0.423864
0.423829
0.423435
0.422749
0.421791
0.420563
0.419055
0.41725
0.415129
0.412661
0.409814
0.406544
0.4028
0.398518
0.393622
0.388017
0.381589
0.374194
0.365652
0.355738
0.344164
0.330563
0.314438
0.295188
0.271825
0.243591
0.207601
0.165797
0.102594
0.0589007
0.157166
0.174874
0.191886
0.200479
0.2008
0.193819
0.174823
0.143309
0.1063
0.0785174
0.0783909
0.113922
0.177765
0.241443
0.288332
0.319478
0.340118
0.354361
0.365059
0.373972
0.381971
0.389371
0.396218
0.402463
0.408047
0.412912
0.416973
0.420103
0.422223
0.423409
0.423874
0.423837
0.423441
0.422753
0.421794
0.420565
0.419056
0.417252
0.415131
0.412664
0.409817
0.406548
0.402805
0.398524
0.393629
0.388026
0.381599
0.374204
0.365664
0.355752
0.34418
0.33058
0.314457
0.29521
0.271851
0.24362
0.207633
0.165831
0.102622
0.0589273
0.158214
0.175164
0.191772
0.200109
0.200313
0.193328
0.174863
0.144683
0.10978
0.0842771
0.0854216
0.120356
0.181872
0.243259
0.288842
0.319462
0.339975
0.354252
0.36502
0.373987
0.382015
0.389423
0.396269
0.40251
0.408086
0.412941
0.416991
0.420116
0.422236
0.423423
0.423887
0.423849
0.423451
0.42276
0.4218
0.42057
0.419061
0.417257
0.415136
0.41267
0.409825
0.406557
0.402814
0.398535
0.393641
0.388039
0.381614
0.374221
0.365683
0.355773
0.344203
0.330607
0.314487
0.295244
0.271888
0.243662
0.20768
0.165882
0.102664
0.0589669
0.159218
0.175463
0.191678
0.199767
0.199861
0.19289
0.174959
0.146085
0.113217
0.0898923
0.0922221
0.126562
0.185851
0.24505
0.289374
0.319473
0.339852
0.354155
0.364988
0.374008
0.382063
0.389479
0.396326
0.402564
0.408133
0.412977
0.417017
0.420135
0.422254
0.423442
0.423905
0.423864
0.423463
0.422771
0.421809
0.420579
0.41907
0.417266
0.415146
0.412681
0.409836
0.406569
0.402828
0.39855
0.393658
0.388058
0.381635
0.374244
0.365708
0.355802
0.344235
0.330642
0.314527
0.295289
0.271939
0.24372
0.207743
0.16595
0.10272
0.0590194
0.160179
0.175769
0.191603
0.199453
0.199446
0.192503
0.175108
0.14751
0.116602
0.0953493
0.0987828
0.132535
0.189706
0.246817
0.289925
0.319511
0.339749
0.35407
0.364963
0.374032
0.382114
0.38954
0.396387
0.402623
0.408188
0.413022
0.417051
0.420162
0.422278
0.423465
0.423926
0.423882
0.42348
0.422786
0.421823
0.420591
0.419082
0.417279
0.415159
0.412695
0.409852
0.406586
0.402847
0.398571
0.393681
0.388083
0.381662
0.374274
0.365741
0.355837
0.344275
0.330687
0.314577
0.295345
0.272002
0.243791
0.207821
0.166034
0.102791
0.0590847
0.1611
0.176081
0.191547
0.199166
0.199066
0.192167
0.175306
0.148952
0.119927
0.100642
0.105102
0.138282
0.193438
0.248561
0.290496
0.319575
0.339666
0.353998
0.364945
0.374062
0.382169
0.389604
0.396453
0.402689
0.408249
0.413075
0.417093
0.420196
0.422308
0.423493
0.423951
0.423904
0.423499
0.422803
0.421839
0.420607
0.419098
0.417295
0.415176
0.412713
0.409871
0.406608
0.40287
0.398596
0.393708
0.388113
0.381694
0.37431
0.36578
0.355881
0.344323
0.33074
0.314637
0.295412
0.272079
0.243877
0.207916
0.166136
0.102876
0.0591628
0.161982
0.176398
0.191509
0.198907
0.19872
0.191879
0.175552
0.150408
0.123191
0.105771
0.111185
0.143808
0.197051
0.250279
0.291085
0.319664
0.339603
0.353939
0.364936
0.374096
0.382228
0.389672
0.396524
0.402759
0.408317
0.413136
0.417143
0.420237
0.422343
0.423525
0.42398
0.42393
0.423522
0.422824
0.421859
0.420627
0.419118
0.417315
0.415197
0.412736
0.409895
0.406633
0.402898
0.398626
0.39374
0.388148
0.381733
0.374352
0.365826
0.355932
0.344379
0.330803
0.314707
0.295491
0.272167
0.243977
0.208026
0.166255
0.102976
0.0592535
0.162826
0.17672
0.191489
0.198673
0.198408
0.191638
0.175842
0.151876
0.126391
0.110737
0.117038
0.149122
0.20055
0.251974
0.291691
0.319778
0.339561
0.353893
0.364934
0.374135
0.38229
0.389744
0.396598
0.402835
0.408391
0.413204
0.417201
0.420284
0.422384
0.423561
0.424013
0.423959
0.423549
0.422849
0.421883
0.42065
0.419141
0.417339
0.415222
0.412762
0.409923
0.406663
0.40293
0.39866
0.393778
0.388189
0.381777
0.3744
0.365879
0.35599
0.344444
0.330875
0.314787
0.295581
0.272269
0.244092
0.208152
0.16639
0.10309
0.0593568
0.163633
0.177045
0.191487
0.198466
0.19813
0.191442
0.176174
0.153353
0.129527
0.115546
0.12267
0.154233
0.203939
0.253643
0.292313
0.319917
0.339539
0.353861
0.364941
0.37418
0.382356
0.389818
0.396676
0.402915
0.408471
0.413278
0.417266
0.420339
0.422431
0.423602
0.424049
0.423992
0.423579
0.422877
0.42191
0.420676
0.419168
0.417366
0.415251
0.412792
0.409955
0.406697
0.402967
0.3987
0.393821
0.388235
0.381827
0.374455
0.365939
0.356055
0.344516
0.330955
0.314877
0.295682
0.272383
0.244221
0.208294
0.166543
0.103219
0.0594728
0.164406
0.177374
0.191502
0.198284
0.197883
0.19129
0.176546
0.154836
0.1326
0.1202
0.12809
0.159147
0.20722
0.255288
0.292949
0.32008
0.339537
0.353843
0.364956
0.374229
0.382425
0.389896
0.396757
0.403
0.408557
0.41336
0.417338
0.4204
0.422483
0.423648
0.42409
0.424028
0.423612
0.422909
0.42194
0.420706
0.419198
0.417398
0.415283
0.412826
0.409991
0.406736
0.403008
0.398744
0.393868
0.388286
0.381883
0.374515
0.366005
0.356128
0.344597
0.331045
0.314977
0.295795
0.27251
0.244364
0.208452
0.166713
0.103363
0.0596014
0.165145
0.177706
0.191535
0.198127
0.197669
0.191178
0.176955
0.156324
0.135609
0.124706
0.133306
0.163875
0.210398
0.256908
0.293599
0.320265
0.339554
0.353838
0.36498
0.374284
0.382498
0.389976
0.396842
0.403088
0.408648
0.413448
0.417417
0.420468
0.422541
0.423699
0.424135
0.424068
0.423649
0.422944
0.421974
0.42074
0.419232
0.417433
0.41532
0.412864
0.410032
0.406779
0.403053
0.398793
0.393921
0.388343
0.381944
0.374582
0.366078
0.356209
0.344685
0.331143
0.315087
0.295918
0.272649
0.244521
0.208625
0.166901
0.103522
0.0597426
0.165851
0.17804
0.191584
0.197995
0.197486
0.191107
0.177397
0.157813
0.138555
0.129068
0.138327
0.168422
0.213476
0.258504
0.294261
0.320472
0.339592
0.353848
0.365013
0.374344
0.382575
0.390059
0.396929
0.40318
0.408744
0.413542
0.417502
0.420542
0.422605
0.423754
0.424183
0.424112
0.423689
0.422982
0.422012
0.420777
0.41927
0.417471
0.41536
0.412906
0.410076
0.406826
0.403104
0.398847
0.393978
0.388405
0.382011
0.374655
0.366158
0.356296
0.344782
0.33125
0.315207
0.296053
0.272801
0.244693
0.208814
0.167105
0.103696
0.0598965
0.166525
0.178375
0.19165
0.197886
0.197332
0.191074
0.177872
0.159301
0.141438
0.133288
0.143159
0.172797
0.216457
0.260074
0.294934
0.320701
0.339648
0.353871
0.365055
0.37441
0.382654
0.390145
0.397019
0.403276
0.408844
0.413642
0.417594
0.420622
0.422674
0.423813
0.424235
0.424159
0.423733
0.423024
0.422053
0.420818
0.419311
0.417514
0.415404
0.412952
0.410124
0.406877
0.403158
0.398905
0.394041
0.388472
0.382084
0.374735
0.366245
0.356391
0.344887
0.331367
0.315337
0.296199
0.272966
0.244878
0.20902
0.167327
0.103886
0.0600632
0.167169
0.178713
0.191732
0.197802
0.197208
0.191077
0.178377
0.160788
0.144257
0.137371
0.147809
0.177005
0.219345
0.26162
0.295617
0.32095
0.339724
0.353909
0.365106
0.374481
0.382738
0.390233
0.397111
0.403374
0.408949
0.413747
0.417693
0.420709
0.422748
0.423877
0.424292
0.42421
0.423781
0.42307
0.422097
0.420863
0.419356
0.41756
0.415451
0.413002
0.410177
0.406933
0.403217
0.398968
0.394109
0.388545
0.382163
0.37482
0.366338
0.356493
0.344999
0.331492
0.315476
0.296356
0.273142
0.245078
0.209241
0.167567
0.104092
0.0602427
0.167783
0.179052
0.19183
0.19774
0.197113
0.191115
0.178908
0.162269
0.147013
0.141322
0.152285
0.181054
0.222143
0.263142
0.29631
0.321218
0.339818
0.35396
0.365166
0.374558
0.382824
0.390323
0.397205
0.403476
0.409058
0.413858
0.417797
0.420801
0.422828
0.423946
0.424352
0.424265
0.423832
0.423119
0.422145
0.420911
0.419405
0.41761
0.415503
0.413056
0.410234
0.406992
0.403281
0.399036
0.394181
0.388623
0.382247
0.374912
0.366438
0.356603
0.34512
0.331626
0.315626
0.296524
0.273332
0.245292
0.209477
0.167824
0.104313
0.060435
0.168368
0.179393
0.191944
0.197701
0.197046
0.191186
0.179465
0.163745
0.149706
0.145142
0.156594
0.184951
0.224854
0.264639
0.297011
0.321506
0.33993
0.354025
0.365236
0.374641
0.382914
0.390415
0.3973
0.403579
0.40917
0.413974
0.417907
0.4209
0.422912
0.424019
0.424416
0.424323
0.423886
0.423171
0.422197
0.420962
0.419457
0.417663
0.415559
0.413114
0.410294
0.407057
0.403349
0.399108
0.394259
0.388707
0.382337
0.375009
0.366544
0.35672
0.345249
0.331768
0.315785
0.296703
0.273534
0.245521
0.20973
0.168098
0.104551
0.0606404
0.168925
0.179734
0.192074
0.197683
0.197005
0.191288
0.180046
0.165212
0.152337
0.148837
0.160741
0.188702
0.227481
0.266112
0.29772
0.321811
0.34006
0.354104
0.365315
0.37473
0.383007
0.390509
0.397397
0.403686
0.409287
0.414094
0.418023
0.421004
0.423002
0.424097
0.424484
0.424384
0.423944
0.423227
0.422252
0.421018
0.419513
0.41772
0.415618
0.413176
0.410359
0.407125
0.403421
0.399186
0.394341
0.388795
0.382433
0.375113
0.366657
0.356843
0.345385
0.33192
0.315954
0.296893
0.273748
0.245763
0.209999
0.16839
0.104806
0.0608588
0.169454
0.180077
0.192219
0.197687
0.19699
0.191421
0.180647
0.16667
0.154905
0.15241
0.164734
0.192313
0.230027
0.267561
0.298435
0.322133
0.340207
0.354197
0.365404
0.374825
0.383104
0.390604
0.397496
0.403794
0.409406
0.414219
0.418144
0.421113
0.423097
0.424178
0.424556
0.424449
0.424005
0.423287
0.422311
0.421076
0.419572
0.417781
0.415681
0.413242
0.410428
0.407198
0.403498
0.399267
0.394429
0.388889
0.382534
0.375223
0.366777
0.356974
0.34553
0.33208
0.316133
0.297094
0.273975
0.246019
0.210283
0.1687
0.105077
0.0610906
0.169956
0.180422
0.19238
0.197713
0.197001
0.191583
0.181267
0.168117
0.157411
0.155865
0.168579
0.19579
0.232496
0.268987
0.299156
0.322471
0.340371
0.354303
0.365502
0.374926
0.383203
0.390701
0.397595
0.403903
0.409529
0.414349
0.418271
0.421228
0.423197
0.424264
0.424631
0.424518
0.42407
0.42335
0.422373
0.421139
0.419635
0.417846
0.415748
0.413311
0.410501
0.407274
0.40358
0.399354
0.394521
0.388989
0.382641
0.375339
0.366903
0.357113
0.345682
0.332249
0.316321
0.297306
0.274213
0.24629
0.210583
0.169028
0.105366
0.0613358
0.170432
0.180767
0.192555
0.197758
0.197036
0.191771
0.181905
0.169551
0.159856
0.159205
0.172281
0.199139
0.23489
0.270389
0.299882
0.322825
0.340551
0.354423
0.36561
0.375032
0.383306
0.390799
0.397695
0.404014
0.409654
0.414483
0.418402
0.421348
0.423302
0.424354
0.42471
0.42459
0.424139
0.423416
0.422439
0.421205
0.419702
0.417915
0.415818
0.413385
0.410578
0.407356
0.403665
0.399445
0.394619
0.389093
0.382754
0.37546
0.367036
0.357258
0.345842
0.332426
0.316519
0.297528
0.274465
0.246574
0.2109
0.169373
0.105672
0.0615946
0.170881
0.181115
0.192746
0.197824
0.197095
0.191986
0.182559
0.170973
0.162241
0.162435
0.175847
0.202366
0.237213
0.271769
0.300613
0.323193
0.340748
0.354556
0.365727
0.375145
0.383412
0.390898
0.397796
0.404126
0.409782
0.41462
0.418538
0.421472
0.423411
0.424448
0.424793
0.424666
0.42421
0.423486
0.422508
0.421274
0.419773
0.417987
0.415893
0.413462
0.410659
0.407441
0.403756
0.399541
0.394721
0.389203
0.382872
0.375588
0.367175
0.35741
0.34601
0.332612
0.316727
0.297761
0.274728
0.246872
0.211232
0.169737
0.105996
0.0618672
0.171305
0.181464
0.192952
0.197909
0.197177
0.192225
0.183227
0.17238
0.164567
0.165558
0.179282
0.205475
0.239466
0.273126
0.301347
0.323575
0.340959
0.354702
0.365854
0.375264
0.383521
0.390998
0.397896
0.404239
0.409912
0.414762
0.418679
0.421602
0.423524
0.424546
0.42488
0.424745
0.424286
0.42356
0.422581
0.421347
0.419847
0.418063
0.415971
0.413544
0.410744
0.40753
0.40385
0.399641
0.394828
0.389317
0.382996
0.375722
0.36732
0.35757
0.346185
0.332807
0.316944
0.298005
0.275003
0.247184
0.21158
0.170119
0.106338
0.0621539
0.171703
0.181815
0.193173
0.198013
0.197282
0.192487
0.183907
0.173771
0.166834
0.168578
0.182592
0.208474
0.241653
0.27446
0.302084
0.32397
0.341185
0.35486
0.365991
0.37539
0.383633
0.391098
0.397996
0.404353
0.410044
0.414907
0.418824
0.421736
0.423642
0.424648
0.42497
0.424828
0.424364
0.423636
0.422657
0.421424
0.419924
0.418142
0.416053
0.413629
0.410833
0.407624
0.403949
0.399746
0.39494
0.389437
0.383125
0.375862
0.367472
0.357736
0.346368
0.33301
0.31717
0.29826
0.27529
0.24751
0.211943
0.170518
0.106699
0.0624548
0.172077
0.182169
0.193409
0.198136
0.197407
0.192772
0.184599
0.175146
0.169044
0.171498
0.185782
0.211365
0.243776
0.275773
0.302823
0.324377
0.341426
0.355032
0.366137
0.375521
0.383748
0.391199
0.398096
0.404467
0.410179
0.415055
0.418973
0.421874
0.423763
0.424754
0.425063
0.424914
0.424446
0.423717
0.422737
0.421504
0.420006
0.418225
0.416139
0.413718
0.410926
0.407722
0.404052
0.399856
0.395057
0.389562
0.383259
0.376007
0.367631
0.357909
0.346559
0.333221
0.317406
0.298525
0.27559
0.24785
0.212323
0.170936
0.107079
0.0627702
0.172425
0.182526
0.193659
0.198277
0.197554
0.193077
0.1853
0.176504
0.171196
0.174321
0.188858
0.214154
0.245838
0.277065
0.303564
0.324796
0.34168
0.355216
0.366294
0.375659
0.383865
0.391301
0.398195
0.40458
0.410315
0.415207
0.419126
0.422017
0.423889
0.424863
0.42516
0.425003
0.424532
0.4238
0.42282
0.421587
0.420091
0.418312
0.416228
0.413811
0.411023
0.407824
0.40416
0.39997
0.395178
0.389692
0.383399
0.376159
0.367795
0.358089
0.346757
0.333441
0.317651
0.2988
0.275901
0.248203
0.212718
0.171373
0.107479
0.0631004
0.172748
0.182886
0.193924
0.198435
0.19772
0.193401
0.186009
0.177844
0.173293
0.17705
0.191822
0.216846
0.247841
0.278335
0.304306
0.325225
0.341948
0.355412
0.366459
0.375803
0.383986
0.391402
0.398293
0.404694
0.410452
0.415362
0.419284
0.422163
0.424018
0.424975
0.42526
0.425096
0.424621
0.423887
0.422907
0.421674
0.420179
0.418402
0.416322
0.413908
0.411125
0.40793
0.404272
0.400089
0.395304
0.389828
0.383545
0.376316
0.367966
0.358276
0.346963
0.333669
0.317906
0.299086
0.276224
0.24857
0.21313
0.171827
0.1079
0.0634457
0.173047
0.18325
0.194204
0.19861
0.197906
0.193744
0.186725
0.179165
0.175334
0.179689
0.194681
0.219444
0.249787
0.279585
0.305049
0.325665
0.342229
0.355621
0.366635
0.375954
0.384109
0.391503
0.398389
0.404807
0.410591
0.415519
0.419445
0.422313
0.424151
0.42509
0.425363
0.425192
0.424713
0.423978
0.422997
0.421765
0.420271
0.418497
0.416419
0.414008
0.41123
0.40804
0.404388
0.400212
0.395435
0.389968
0.383695
0.376479
0.368144
0.35847
0.347176
0.333905
0.318169
0.299382
0.276558
0.24895
0.213557
0.1723
0.108341
0.0638063
0.173321
0.183619
0.194498
0.198802
0.198111
0.194105
0.187447
0.180467
0.177321
0.182241
0.197439
0.221953
0.251678
0.280814
0.305792
0.326114
0.342522
0.355841
0.36682
0.376111
0.384235
0.391603
0.398484
0.404919
0.410731
0.41568
0.41961
0.422467
0.424286
0.425209
0.425469
0.425291
0.424808
0.424071
0.42309
0.421859
0.420366
0.418594
0.416519
0.414113
0.411338
0.408154
0.404508
0.400339
0.395571
0.390113
0.383852
0.376648
0.368327
0.35867
0.347397
0.334149
0.318442
0.299689
0.276905
0.249344
0.214
0.172792
0.108803
0.0641827
0.17357
0.183993
0.194807
0.19901
0.198333
0.194481
0.188173
0.181749
0.179254
0.184707
0.200098
0.224377
0.253517
0.282023
0.306535
0.326572
0.342827
0.356073
0.367015
0.376274
0.384363
0.391702
0.398576
0.405029
0.410872
0.415844
0.419778
0.422625
0.424425
0.42533
0.425578
0.425393
0.424906
0.424168
0.423187
0.421957
0.420465
0.418696
0.416624
0.414221
0.411451
0.408272
0.404633
0.400471
0.395712
0.390263
0.384013
0.376822
0.368517
0.358878
0.347625
0.334402
0.318723
0.300005
0.277263
0.249751
0.214459
0.173302
0.109287
0.0645751
0.173795
0.184374
0.195131
0.199234
0.198573
0.194873
0.188903
0.18301
0.181135
0.187092
0.202664
0.226719
0.255306
0.283212
0.307276
0.327037
0.343143
0.356317
0.36722
0.376444
0.384494
0.391801
0.398665
0.405138
0.411013
0.41601
0.419949
0.422785
0.424567
0.425454
0.42569
0.425498
0.425008
0.424269
0.423287
0.422058
0.420568
0.4188
0.416732
0.414333
0.411568
0.408395
0.404762
0.400608
0.395857
0.390418
0.38418
0.377002
0.368712
0.359091
0.34786
0.334662
0.319014
0.300332
0.277632
0.250171
0.214933
0.173831
0.109793
0.064984
0.173994
0.184762
0.195469
0.199473
0.198829
0.195279
0.189635
0.18425
0.182963
0.189397
0.205141
0.228982
0.257046
0.284383
0.308017
0.327511
0.34347
0.356572
0.367435
0.376621
0.384628
0.391897
0.398752
0.405246
0.411156
0.416178
0.420124
0.422949
0.424711
0.425581
0.425804
0.425606
0.425113
0.424372
0.423391
0.422162
0.420674
0.418909
0.416843
0.414449
0.411689
0.408521
0.404895
0.400748
0.396007
0.390578
0.384352
0.377188
0.368914
0.359312
0.348102
0.334931
0.319313
0.300668
0.278013
0.250605
0.215423
0.174379
0.110323
0.0654097
0.174167
0.185158
0.195821
0.199726
0.199102
0.195699
0.190368
0.185468
0.184741
0.191624
0.20753
0.23117
0.258739
0.285534
0.308755
0.327991
0.343808
0.356839
0.367659
0.376804
0.384763
0.391992
0.398835
0.405351
0.411298
0.416349
0.420302
0.423115
0.424857
0.425709
0.425921
0.425717
0.425221
0.424479
0.423497
0.42227
0.420783
0.419021
0.416959
0.414568
0.411813
0.408651
0.405032
0.400893
0.396161
0.390743
0.384529
0.377379
0.369122
0.359539
0.348352
0.335207
0.319621
0.301015
0.278405
0.251051
0.215929
0.174946
0.110877
0.0658526
0.174315
0.185563
0.196188
0.199994
0.19939
0.196131
0.191101
0.186664
0.186467
0.193777
0.209837
0.233287
0.260388
0.286666
0.309491
0.328477
0.344156
0.357116
0.367893
0.376994
0.384901
0.392085
0.398914
0.405453
0.411441
0.416523
0.420483
0.423284
0.425006
0.42584
0.426041
0.425831
0.425332
0.424589
0.423607
0.422381
0.420896
0.419136
0.417078
0.414691
0.411941
0.408786
0.405173
0.401043
0.39632
0.390913
0.384711
0.377576
0.369335
0.359772
0.348609
0.335491
0.319938
0.301371
0.278808
0.251511
0.21645
0.175531
0.111455
0.0663133
0.174437
0.185979
0.196569
0.200275
0.199693
0.196574
0.191832
0.187837
0.188144
0.195856
0.212063
0.235334
0.261993
0.287781
0.310225
0.328969
0.344514
0.357405
0.368138
0.377192
0.385041
0.392176
0.398989
0.405553
0.411585
0.416699
0.420667
0.423455
0.425156
0.425972
0.426163
0.425947
0.425446
0.424702
0.423721
0.422495
0.421012
0.419255
0.4172
0.414818
0.412073
0.408924
0.405319
0.401197
0.396483
0.391088
0.384898
0.377778
0.369555
0.360012
0.348872
0.335783
0.320264
0.301737
0.279222
0.251983
0.216987
0.176135
0.112059
0.0667924
0.174532
0.186407
0.196963
0.20057
0.200011
0.197028
0.192563
0.188987
0.189771
0.197865
0.214212
0.237315
0.263557
0.288877
0.310956
0.329466
0.34488
0.357704
0.368392
0.377396
0.385183
0.392263
0.399059
0.405649
0.411728
0.416877
0.420853
0.423627
0.425307
0.426106
0.426287
0.426066
0.425563
0.424818
0.423837
0.422613
0.421132
0.419378
0.417326
0.414948
0.412209
0.409066
0.405468
0.401355
0.396651
0.391267
0.385091
0.377986
0.36978
0.360258
0.349143
0.336083
0.320598
0.302112
0.279647
0.252468
0.217539
0.176758
0.112689
0.0672903
0.1746
0.186849
0.197372
0.200877
0.200342
0.197491
0.19329
0.190112
0.191349
0.199805
0.216287
0.239233
0.26508
0.289956
0.311683
0.329968
0.345256
0.358014
0.368657
0.377608
0.385328
0.392348
0.399124
0.405742
0.411871
0.417057
0.421041
0.423801
0.42546
0.426242
0.426413
0.426188
0.425683
0.424938
0.423957
0.422734
0.421255
0.419503
0.417456
0.415082
0.412349
0.409212
0.405622
0.401517
0.396823
0.391451
0.385288
0.378199
0.370012
0.360511
0.34942
0.33639
0.32094
0.302497
0.280083
0.252966
0.218107
0.1774
0.113347
0.067808
0.17464
0.187305
0.197794
0.201198
0.200687
0.197964
0.194013
0.191214
0.192879
0.201678
0.21829
0.24109
0.266565
0.291017
0.312407
0.330473
0.345641
0.358335
0.368934
0.377828
0.385475
0.39243
0.399184
0.405832
0.412014
0.417238
0.421231
0.423976
0.425613
0.426378
0.426541
0.426313
0.425806
0.42506
0.42408
0.422858
0.421382
0.419633
0.417589
0.41522
0.412492
0.409362
0.405779
0.401683
0.397
0.391639
0.385491
0.378417
0.370249
0.36077
0.349705
0.336704
0.321291
0.302892
0.28053
0.253476
0.21869
0.178061
0.114034
0.0683465
0.174651
0.187779
0.19823
0.20153
0.201045
0.198444
0.194732
0.192291
0.194362
0.203486
0.220224
0.242888
0.268014
0.292062
0.313127
0.330983
0.346034
0.358668
0.369222
0.378058
0.385627
0.392511
0.39924
0.405919
0.412156
0.41742
0.42142
0.42415
0.425766
0.426516
0.426671
0.42644
0.425932
0.425186
0.424206
0.422986
0.421511
0.419765
0.417725
0.415361
0.412639
0.409515
0.405941
0.401854
0.397181
0.391833
0.385698
0.378641
0.370491
0.361035
0.349996
0.337027
0.32165
0.303295
0.280987
0.253999
0.219289
0.178741
0.11475
0.0689074
0.174634
0.188271
0.198678
0.201874
0.201415
0.198932
0.195445
0.193343
0.195797
0.205229
0.222091
0.24463
0.269427
0.293091
0.313843
0.331497
0.346436
0.359012
0.369522
0.378298
0.385785
0.392595
0.399297
0.406006
0.412298
0.417601
0.42161
0.424323
0.425918
0.426655
0.426803
0.42657
0.426061
0.425314
0.424335
0.423116
0.421644
0.419901
0.417865
0.415506
0.412789
0.409673
0.406106
0.402029
0.397367
0.392031
0.38591
0.37887
0.37074
0.361306
0.350294
0.337356
0.322018
0.303708
0.281456
0.254535
0.219904
0.179442
0.115499
0.0694929
0.174586
0.188785
0.199139
0.202229
0.201798
0.199426
0.196152
0.194369
0.197185
0.20691
0.223894
0.246319
0.270806
0.294104
0.314555
0.332014
0.346847
0.359368
0.369834
0.378547
0.385952
0.392687
0.399361
0.406097
0.412439
0.417778
0.421794
0.424492
0.426069
0.426794
0.426938
0.426702
0.426192
0.425446
0.424468
0.42325
0.42178
0.420041
0.418008
0.415654
0.412944
0.409834
0.406276
0.402208
0.397557
0.392233
0.386127
0.379104
0.370994
0.361583
0.350598
0.337693
0.322394
0.304131
0.281935
0.255083
0.220535
0.180163
0.116283
0.0701065
0.174507
0.189322
0.199611
0.202595
0.202192
0.199925
0.196851
0.195369
0.198526
0.208531
0.225634
0.247956
0.272153
0.295102
0.315264
0.332535
0.347266
0.359731
0.370148
0.378796
0.386123
0.392791
0.399439
0.406196
0.41258
0.417951
0.421972
0.424658
0.426219
0.426934
0.427074
0.426837
0.426326
0.42558
0.424603
0.423387
0.421919
0.420183
0.418155
0.415806
0.413101
0.409999
0.406449
0.40239
0.397751
0.39244
0.386349
0.379344
0.371253
0.361866
0.35091
0.338038
0.322778
0.304564
0.282426
0.255646
0.221184
0.180906
0.117104
0.0707535
0.174396
0.189884
0.200094
0.202972
0.202597
0.20043
0.197543
0.196342
0.199822
0.210092
0.227314
0.249544
0.273468
0.296083
0.315966
0.333054
0.347683
0.360086
0.370448
0.379033
0.38629
0.392905
0.399533
0.406305
0.412722
0.418119
0.422144
0.42482
0.426369
0.427076
0.427212
0.426973
0.426462
0.425716
0.42474
0.423526
0.422061
0.420328
0.418304
0.415961
0.413262
0.410167
0.406625
0.402577
0.397948
0.392651
0.386576
0.379588
0.371518
0.362156
0.351228
0.338391
0.323172
0.305007
0.28293
0.256223
0.221853
0.181675
0.117968
0.0714413
0.174251
0.190475
0.200587
0.20336
0.203013
0.200939
0.198226
0.197288
0.201071
0.211594
0.228934
0.251082
0.274747
0.297041
0.316651
0.333559
0.34808
0.360414
0.370718
0.379245
0.38645
0.393026
0.399642
0.406426
0.412866
0.418281
0.42231
0.424979
0.426518
0.427219
0.427351
0.427112
0.4266
0.425855
0.42488
0.423667
0.422206
0.420476
0.418457
0.416118
0.413427
0.410339
0.406807
0.402769
0.398153
0.39287
0.386811
0.379841
0.371793
0.362456
0.351558
0.338755
0.323579
0.305466
0.283451
0.256821
0.222544
0.182471
0.118878
0.0721806
0.174073
0.191098
0.201089
0.203758
0.203439
0.201451
0.198898
0.198206
0.202273
0.213038
0.230492
0.252561
0.275975
0.297954
0.317297
0.334025
0.348436
0.360697
0.370946
0.379428
0.386597
0.393152
0.399763
0.406556
0.413011
0.418438
0.42247
0.425133
0.426665
0.427361
0.427492
0.427251
0.426739
0.425994
0.42502
0.42381
0.422351
0.420625
0.418611
0.416277
0.413592
0.410512
0.406988
0.402959
0.398353
0.393082
0.387037
0.380086
0.37206
0.362748
0.35188
0.339113
0.32398
0.305918
0.283969
0.25742
0.223249
0.183294
0.11983
0.0729817
0.17386
0.191758
0.201598
0.204167
0.203876
0.201965
0.199559
0.199093
0.203424
0.214415
0.231974
0.253956
0.277115
0.298784
0.317871
0.334429
0.348736
0.360931
0.371134
0.379583
0.386732
0.393278
0.399894
0.406694
0.413157
0.418589
0.422622
0.425281
0.426809
0.427503
0.427632
0.42739
0.426879
0.426135
0.425165
0.423957
0.422501
0.420781
0.41877
0.416444
0.413766
0.410695
0.407182
0.403167
0.398577
0.393324
0.387301
0.380372
0.37237
0.363087
0.352254
0.339527
0.324441
0.306437
0.284555
0.258084
0.224008
0.184149
0.12082
0.0738516
0.173608
0.192461
0.202116
0.204585
0.204318
0.202476
0.200202
0.19994
0.204508
0.215696
0.233337
0.255213
0.278112
0.299487
0.318345
0.334759
0.348979
0.361118
0.371283
0.37971
0.386852
0.393402
0.400028
0.406837
0.413303
0.418735
0.422766
0.425423
0.426949
0.42764
0.427767
0.427521
0.427009
0.426266
0.425295
0.424093
0.422641
0.420923
0.418918
0.416597
0.413925
0.410861
0.407355
0.403347
0.398766
0.393522
0.38751
0.380595
0.372613
0.363353
0.352547
0.339854
0.324808
0.306851
0.28503
0.258641
0.224669
0.184987
0.121766
0.0747692
0.173297
0.193195
0.20264
0.205017
0.204765
0.202976
0.20081
0.20073
0.205509
0.216826
0.234499
0.256244
0.278898
0.300024
0.318704
0.335011
0.349167
0.361263
0.371399
0.379811
0.386955
0.393537
0.400163
0.406981
0.413449
0.418877
0.422904
0.425558
0.427082
0.427774
0.427905
0.427664
0.427153
0.426412
0.425446
0.424246
0.422798
0.421087
0.419089
0.416776
0.414115
0.411063
0.407571
0.40358
0.399017
0.393797
0.38781
0.380922
0.37297
0.363744
0.352977
0.340329
0.325337
0.307446
0.285701
0.259406
0.225531
0.18594
0.122848
0.0757821
0.172845
0.19381
0.203039
0.205375
0.205144
0.203391
0.201298
0.20131
0.206239
0.217668
0.235335
0.256954
0.279418
0.300374
0.318941
0.335182
0.349295
0.361361
0.371477
0.37988
0.387032
0.39362
0.400288
0.407122
0.41359
0.41901
0.423026
0.425672
0.42719
0.427878
0.428004
0.427758
0.427247
0.426507
0.425542
0.424345
0.4229
0.421191
0.419196
0.416887
0.414229
0.41118
0.407693
0.403707
0.39915
0.393935
0.387955
0.381078
0.373138
0.363927
0.353179
0.340554
0.325589
0.307732
0.28603
0.25979
0.225995
0.186555
0.123563
0.0766414
0.173113
0.195007
0.203653
0.205816
0.205553
0.203797
0.201748
0.201905
0.206899
0.21838
0.235992
0.257485
0.279823
0.300696
0.319218
0.335426
0.349506
0.361537
0.371622
0.380006
0.387157
0.39378
0.400464
0.407309
0.413769
0.419171
0.423169
0.425803
0.427315
0.428002
0.428131
0.427889
0.427382
0.426646
0.425686
0.424494
0.423056
0.421356
0.41937
0.417072
0.414427
0.411393
0.407922
0.403955
0.39942
0.394231
0.38828
0.381436
0.373534
0.364367
0.35367
0.341105
0.326212
0.308442
0.286843
0.260742
0.227084
0.187913
0.124987
0.0785129
)
;

boundaryField
{
    inlet
    {
        type            zeroGradient;
    }
    outlet
    {
        type            fixedValue;
        value           uniform 0;
    }
    fixedWalls
    {
        type            zeroGradient;
    }
    frontAndBack
    {
        type            empty;
    }
}


// ************************************************************************* //
