/*--------------------------------*- C++ -*----------------------------------*\
| =========                 |                                                 |
| \\      /  F ield         | OpenFOAM: The Open Source CFD Toolbox           |
|  \\    /   O peration     | Version:  2.4.0                                 |
|   \\  /    A nd           | Web:      www.OpenFOAM.org                      |
|    \\/     M anipulation  |                                                 |
\*---------------------------------------------------------------------------*/
FoamFile
{
    version     2.0;
    format      ascii;
    class       volScalarField;
    location    "3.54";
    object      p;
}
// * * * * * * * * * * * * * * * * * * * * * * * * * * * * * * * * * * * * * //

dimensions      [0 2 -2 0 0 0 0];

internalField   nonuniform List<scalar> 
6000
(
-0.150395
0.206457
0.163709
0.183563
0.176185
0.180998
0.178083
0.180194
0.179024
0.179772
0.178659
0.177764
0.175769
0.174115
0.173232
0.174554
0.17792
0.180907
0.179148
0.173866
0.175936
0.182959
0.181925
0.170169
0.15242
0.137658
0.126698
0.119296
0.11479
0.113109
0.114256
0.118454
0.125883
0.136815
0.151441
0.169896
0.192192
0.218176
0.247466
0.279352
0.312643
0.345492
0.37534
0.399121
0.413545
0.416014
0.4054
0.382966
0.351906
0.316811
0.281575
0.250046
0.222166
0.200909
0.179508
0.166464
0.138597
0.131456
0.0678585
0.0798407
-0.124056
0.203042
0.163784
0.183411
0.176205
0.180981
0.178089
0.180186
0.17904
0.179809
0.178733
0.177862
0.175863
0.174152
0.173137
0.174245
0.177346
0.180132
0.178472
0.173628
0.175999
0.183256
0.182772
0.171139
0.15306
0.138011
0.126897
0.119382
0.114762
0.112969
0.114013
0.118061
0.125451
0.13632
0.150882
0.169273
0.191501
0.217408
0.246601
0.278362
0.31149
0.344134
0.373742
0.397314
0.411538
0.413834
0.403104
0.380637
0.349632
0.314667
0.279595
0.248177
0.220793
0.199767
0.178582
0.165611
0.137806
0.130405
0.0668956
0.0784392
-0.107168
0.199588
0.163813
0.183319
0.176213
0.180972
0.178089
0.180186
0.179055
0.179853
0.178804
0.177961
0.175957
0.174196
0.173052
0.173927
0.176729
0.179299
0.177744
0.173368
0.176058
0.183516
0.183439
0.171839
0.153609
0.138473
0.127261
0.119624
0.114874
0.112951
0.113868
0.117835
0.125045
0.135772
0.150195
0.168446
0.190528
0.21628
0.245302
0.276871
0.309781
0.342183
0.371535
0.39488
0.408923
0.41111
0.400375
0.378021
0.347237
0.312574
0.277861
0.24694
0.219615
0.198836
0.177779
0.164976
0.137087
0.129855
0.065966
0.0779268
-0.0949444
0.195735
0.164024
0.183236
0.176212
0.180963
0.178088
0.180188
0.17907
0.179897
0.178871
0.178055
0.176041
0.17423
0.172957
0.173618
0.176156
0.178569
0.177121
0.173118
0.176064
0.183678
0.183844
0.172187
0.153935
0.138855
0.127599
0.119861
0.114982
0.112926
0.113704
0.117533
0.124603
0.13518
0.149455
0.167557
0.18949
0.215087
0.243945
0.275336
0.308055
0.340255
0.369401
0.392525
0.406379
0.408434
0.397655
0.375368
0.34476
0.310369
0.275969
0.245313
0.218303
0.197821
0.176912
0.164332
0.136335
0.129348
0.0649646
0.0775444
-0.0831365
0.191609
0.164406
0.183155
0.176209
0.18095
0.178087
0.18019
0.179083
0.179938
0.178931
0.178137
0.176112
0.174253
0.172859
0.173328
0.175649
0.177963
0.176632
0.172903
0.176024
0.183732
0.184008
0.172231
0.154043
0.139104
0.127845
0.120028
0.115036
0.112857
0.113503
0.117195
0.124134
0.134574
0.148714
0.166685
0.188487
0.213952
0.242675
0.273925
0.306497
0.338544
0.36753
0.39046
0.404131
0.406032
0.395159
0.372869
0.342361
0.308171
0.274027
0.243654
0.21693
0.196745
0.175988
0.163663
0.135542
0.128864
0.0639042
0.0772905
-0.0715512
0.187372
0.164913
0.18306
0.176215
0.180934
0.178087
0.18019
0.179096
0.179975
0.178984
0.17821
0.176175
0.174268
0.172758
0.173051
0.175187
0.17744
0.176244
0.17273
0.175961
0.183705
0.183979
0.172042
0.153994
0.139244
0.128003
0.120126
0.115035
0.112743
0.113266
0.116831
0.123644
0.133959
0.147977
0.165831
0.187519
0.212872
0.241483
0.272618
0.305074
0.337
0.365854
0.388619
0.402121
0.403861
0.392864
0.370522
0.340059
0.306017
0.272093
0.241997
0.215536
0.195645
0.175038
0.162987
0.134732
0.128414
0.0628219
0.0771542
-0.0608099
0.183124
0.165451
0.182936
0.176233
0.180914
0.178087
0.18019
0.179108
0.180009
0.179034
0.178278
0.176231
0.174277
0.172655
0.17278
0.174751
0.17697
0.175928
0.172601
0.1759
0.183624
0.183798
0.171678
0.153836
0.1393
0.128093
0.12017
0.11499
0.112592
0.112999
0.116444
0.123137
0.133334
0.147238
0.164982
0.186566
0.211819
0.24033
0.271368
0.303725
0.335553
0.364292
0.386915
0.400262
0.401841
0.390703
0.368281
0.337827
0.303902
0.270172
0.240341
0.214132
0.194535
0.174079
0.162316
0.133923
0.128005
0.0617428
0.0771221
-0.0509696
0.178939
0.165948
0.182795
0.176258
0.180892
0.178088
0.180189
0.179121
0.180043
0.179082
0.178342
0.176283
0.174282
0.172549
0.172512
0.174329
0.176533
0.175666
0.172522
0.17587
0.183504
0.1835
0.171192
0.153605
0.139293
0.128131
0.12017
0.114908
0.11241
0.112707
0.116036
0.122612
0.132695
0.14649
0.16413
0.185615
0.210774
0.239194
0.270143
0.302415
0.334158
0.362796
0.385297
0.3985
0.399918
0.388627
0.366103
0.335635
0.301803
0.268252
0.238675
0.212716
0.193419
0.173119
0.161656
0.133125
0.127634
0.0606803
0.0771791
-0.0418004
0.174878
0.166354
0.182649
0.176277
0.18087
0.17809
0.180188
0.179134
0.180075
0.179129
0.178405
0.176333
0.174285
0.172441
0.172244
0.173917
0.176119
0.175452
0.172497
0.175888
0.183376
0.183122
0.170626
0.153324
0.139238
0.128126
0.120136
0.114797
0.112204
0.112392
0.115609
0.122071
0.132043
0.14573
0.163269
0.184659
0.209727
0.23806
0.268927
0.301122
0.332792
0.361341
0.383733
0.3968
0.398056
0.386601
0.363958
0.333456
0.299702
0.266319
0.236991
0.211286
0.192293
0.172157
0.161006
0.132343
0.127302
0.0596423
0.0773144
-0.0331476
0.170982
0.166648
0.182501
0.176293
0.18085
0.178093
0.180186
0.179148
0.180107
0.179175
0.178465
0.176382
0.174285
0.172332
0.171977
0.173508
0.175721
0.17528
0.172533
0.175968
0.183264
0.182698
0.170017
0.153017
0.139147
0.128089
0.120073
0.114662
0.111976
0.112059
0.115165
0.121514
0.131376
0.144958
0.162397
0.183692
0.208671
0.23692
0.267709
0.299833
0.331435
0.359906
0.382199
0.395135
0.396228
0.384598
0.36182
0.331269
0.297581
0.264362
0.235282
0.209837
0.191157
0.171194
0.160368
0.13158
0.127009
0.0586337
0.0775202
-0.0249586
0.167272
0.166823
0.182331
0.17633
0.180832
0.178099
0.180184
0.179162
0.180139
0.179222
0.178526
0.17643
0.174286
0.172222
0.171708
0.173101
0.175332
0.175142
0.172638
0.176127
0.183188
0.182258
0.169397
0.1527
0.139033
0.128028
0.119989
0.114509
0.111732
0.111711
0.114707
0.120944
0.130696
0.144172
0.16151
0.182711
0.2076
0.235766
0.266478
0.298536
0.330074
0.358473
0.380674
0.393484
0.394409
0.382595
0.359669
0.329056
0.295427
0.26237
0.233543
0.208366
0.19001
0.170232
0.159742
0.130838
0.126752
0.057658
0.0777908
-0.0172048
0.163764
0.166883
0.182138
0.176397
0.180814
0.178108
0.180183
0.179178
0.180172
0.17927
0.178587
0.176479
0.174286
0.172113
0.17144
0.172694
0.174947
0.175032
0.172813
0.176375
0.183166
0.181828
0.168791
0.152388
0.138907
0.127953
0.11989
0.114343
0.111476
0.111351
0.114237
0.120363
0.130005
0.143373
0.16061
0.181714
0.206513
0.234594
0.265229
0.297223
0.328698
0.357031
0.379143
0.391827
0.39258
0.380572
0.357486
0.326803
0.293229
0.260335
0.231769
0.206871
0.188849
0.16927
0.159129
0.130119
0.126534
0.0567172
0.0781215
-0.00985074
0.160466
0.166835
0.181911
0.176496
0.18079
0.178122
0.180182
0.179195
0.180204
0.17932
0.17865
0.17653
0.174289
0.172006
0.171173
0.172286
0.174563
0.174946
0.173058
0.176721
0.183215
0.181433
0.16822
0.152095
0.138778
0.127869
0.119783
0.114168
0.111212
0.110983
0.11376
0.119773
0.129302
0.142562
0.159695
0.180701
0.205407
0.233401
0.263957
0.295886
0.327297
0.355567
0.377593
0.390148
0.390723
0.378511
0.355255
0.324495
0.290975
0.258251
0.229953
0.205347
0.187673
0.168308
0.158529
0.129425
0.126353
0.0558126
0.0785086
-0.00286166
0.157385
0.166689
0.181644
0.176627
0.180753
0.178143
0.180182
0.179214
0.180238
0.179371
0.178714
0.176583
0.174293
0.171901
0.170908
0.171878
0.174178
0.174878
0.173371
0.177169
0.183348
0.181092
0.167703
0.151831
0.138655
0.127786
0.119673
0.11399
0.110945
0.110612
0.113277
0.119176
0.128592
0.141741
0.158767
0.179671
0.204281
0.232184
0.262659
0.294522
0.325868
0.354075
0.376012
0.388436
0.388825
0.376397
0.352961
0.32212
0.288656
0.25611
0.228093
0.203793
0.186482
0.167346
0.157942
0.128756
0.126209
0.0549448
0.0789487
0.00379032
0.154523
0.166456
0.181333
0.176773
0.180714
0.178168
0.180186
0.179235
0.180273
0.179424
0.178779
0.176639
0.174301
0.171802
0.170647
0.17147
0.173791
0.174824
0.173745
0.177717
0.183573
0.180821
0.167252
0.151605
0.138547
0.127708
0.119566
0.113813
0.110677
0.110239
0.112792
0.118575
0.127876
0.140911
0.157828
0.178627
0.203136
0.230945
0.261335
0.293126
0.324406
0.352547
0.374392
0.386678
0.386872
0.374217
0.350593
0.319668
0.286264
0.253905
0.226183
0.202207
0.185274
0.166383
0.157368
0.128114
0.126103
0.0541143
0.0794394
0.0101269
0.151877
0.166147
0.180979
0.176921
0.180682
0.178193
0.180193
0.179259
0.180309
0.179479
0.178847
0.176698
0.174313
0.171708
0.170393
0.171067
0.173404
0.174782
0.174176
0.178356
0.183894
0.180631
0.166879
0.151425
0.138459
0.127642
0.119465
0.113642
0.110413
0.109869
0.112308
0.117974
0.127157
0.140076
0.156879
0.177569
0.201974
0.229683
0.259984
0.291697
0.322909
0.350978
0.372725
0.384865
0.384851
0.371958
0.348137
0.317127
0.283791
0.251632
0.224221
0.200586
0.184049
0.165421
0.156808
0.127499
0.126033
0.0533211
0.0799782
0.0161667
0.149445
0.165775
0.180584
0.177061
0.180658
0.178221
0.180204
0.179288
0.180347
0.179537
0.178917
0.17676
0.17433
0.171621
0.170148
0.170669
0.173017
0.174749
0.174655
0.179076
0.18431
0.18053
0.166592
0.151297
0.1384
0.127593
0.119376
0.113479
0.110156
0.109504
0.111829
0.117375
0.126437
0.139237
0.155924
0.1765
0.200795
0.2284
0.258608
0.290236
0.321375
0.349364
0.371005
0.382988
0.382752
0.369607
0.345582
0.314489
0.281228
0.249286
0.222203
0.198929
0.182805
0.164458
0.156262
0.126911
0.126001
0.0525649
0.0805636
0.0219261
0.147221
0.165355
0.18015
0.177188
0.180641
0.178253
0.18022
0.179321
0.180389
0.179598
0.17899
0.176827
0.174352
0.171543
0.169914
0.170282
0.172635
0.174723
0.175175
0.179863
0.184817
0.180524
0.166396
0.151225
0.138373
0.127566
0.119302
0.113329
0.10991
0.109149
0.111357
0.116781
0.125721
0.138398
0.154964
0.175423
0.199604
0.227099
0.257206
0.288744
0.319802
0.347704
0.369227
0.381038
0.380565
0.367154
0.342918
0.311744
0.278571
0.246862
0.220126
0.197234
0.181542
0.163496
0.15573
0.126352
0.126006
0.0518456
0.0811939
0.0274202
0.145198
0.164896
0.179684
0.177298
0.180631
0.178297
0.180239
0.17936
0.180434
0.179662
0.179065
0.176898
0.174381
0.171475
0.169694
0.169909
0.17226
0.174703
0.175728
0.180701
0.185403
0.180613
0.166293
0.151214
0.138383
0.127564
0.119248
0.113194
0.109678
0.108806
0.110895
0.116196
0.12501
0.137561
0.154004
0.174341
0.198402
0.225782
0.255782
0.287223
0.318192
0.345994
0.367386
0.379009
0.37828
0.364587
0.340134
0.308883
0.275812
0.244355
0.217989
0.1955
0.18026
0.162533
0.155213
0.125822
0.126048
0.0511627
0.081868
0.0326625
0.143369
0.164412
0.179192
0.177385
0.180623
0.17836
0.180253
0.179405
0.180485
0.179732
0.179144
0.176974
0.174417
0.171419
0.16949
0.169554
0.171897
0.17469
0.176304
0.181572
0.186058
0.180797
0.166286
0.151266
0.138434
0.127592
0.119216
0.113079
0.109463
0.108479
0.110447
0.115622
0.124308
0.136731
0.153046
0.173257
0.197193
0.224453
0.254337
0.285675
0.316546
0.344235
0.365479
0.376894
0.375887
0.361896
0.337219
0.305899
0.272945
0.241763
0.215789
0.193727
0.178959
0.16157
0.154711
0.12532
0.126129
0.0505158
0.082585
0.0376656
0.141724
0.163912
0.17868
0.177447
0.180613
0.178441
0.180267
0.179453
0.180542
0.179807
0.179227
0.177054
0.17446
0.171376
0.169306
0.169221
0.17155
0.174682
0.176894
0.182462
0.186765
0.181072
0.166373
0.151382
0.13853
0.127652
0.11921
0.112987
0.109268
0.108169
0.110015
0.115062
0.123618
0.13591
0.152094
0.172174
0.195981
0.223114
0.252877
0.284103
0.314863
0.342425
0.363503
0.374686
0.373377
0.35907
0.334165
0.302783
0.269966
0.239081
0.213523
0.191913
0.177638
0.160608
0.154225
0.124849
0.126247
0.0499045
0.0833442
0.042441
0.140255
0.163406
0.178154
0.177484
0.1806
0.178537
0.180284
0.179507
0.180606
0.179889
0.179315
0.17714
0.174511
0.171346
0.169143
0.168914
0.171223
0.17468
0.177492
0.183356
0.18751
0.181431
0.166552
0.151562
0.138671
0.127748
0.119233
0.112919
0.109095
0.107881
0.109603
0.114521
0.122944
0.135102
0.151151
0.171097
0.19477
0.22177
0.251404
0.282511
0.313147
0.340565
0.361455
0.372381
0.370744
0.3561
0.330961
0.299529
0.266869
0.236308
0.211192
0.190057
0.176297
0.159646
0.153756
0.124408
0.126405
0.0493282
0.0841451
0.0469998
0.138953
0.162901
0.177621
0.177494
0.180581
0.178644
0.180309
0.179562
0.180675
0.179979
0.17941
0.177232
0.17457
0.17133
0.169002
0.168634
0.170918
0.174682
0.178089
0.184241
0.188276
0.181865
0.166818
0.151807
0.13886
0.127881
0.119287
0.112879
0.108948
0.107616
0.109212
0.114
0.122289
0.13431
0.150222
0.170029
0.193564
0.220424
0.249924
0.280901
0.311401
0.338657
0.359335
0.369975
0.367979
0.352977
0.327599
0.296129
0.263651
0.23344
0.208795
0.18816
0.174938
0.158685
0.153304
0.123997
0.126601
0.0487864
0.0849875
0.0513525
0.137808
0.162405
0.177087
0.177479
0.180554
0.178762
0.180343
0.17962
0.180745
0.180081
0.17951
0.17733
0.174637
0.17133
0.168886
0.168386
0.170639
0.174689
0.178677
0.185106
0.189047
0.182364
0.167167
0.152114
0.139098
0.128053
0.119374
0.112869
0.108829
0.107378
0.108848
0.113502
0.121655
0.133538
0.149309
0.168975
0.192366
0.219082
0.24844
0.279278
0.309627
0.336701
0.357142
0.367463
0.365076
0.349693
0.324072
0.292579
0.260307
0.230478
0.20633
0.186222
0.173561
0.157725
0.15287
0.123618
0.126837
0.0482785
0.0858712
0.0555091
0.136811
0.161924
0.176558
0.177442
0.180519
0.178886
0.180387
0.179686
0.180815
0.180192
0.179619
0.177436
0.174714
0.171345
0.168794
0.16817
0.170388
0.1747
0.17925
0.185944
0.18981
0.182918
0.167591
0.15248
0.139385
0.128265
0.119496
0.112891
0.108739
0.107168
0.10851
0.113032
0.121047
0.132789
0.148417
0.167937
0.191181
0.217749
0.246958
0.277645
0.307829
0.3347
0.354877
0.364845
0.362031
0.346243
0.320376
0.288875
0.256838
0.227419
0.203799
0.184243
0.172165
0.156767
0.152454
0.123269
0.127113
0.0478041
0.0867963
0.0594793
0.135951
0.161462
0.176037
0.177385
0.180475
0.179015
0.180439
0.179762
0.180884
0.18031
0.179739
0.177552
0.1748
0.171376
0.168728
0.167989
0.170166
0.174715
0.179802
0.186747
0.190554
0.183515
0.16808
0.152902
0.13972
0.128519
0.119654
0.112946
0.108682
0.10699
0.108204
0.112591
0.120467
0.132066
0.147549
0.166922
0.190015
0.216428
0.245481
0.276008
0.306011
0.332657
0.35254
0.362119
0.358841
0.342624
0.316506
0.285014
0.253241
0.224266
0.201203
0.182224
0.170754
0.155811
0.152059
0.122953
0.12743
0.0473625
0.0877629
0.0632722
0.135221
0.161022
0.17553
0.177312
0.180425
0.179147
0.1805
0.17985
0.180952
0.18043
0.179869
0.177677
0.174897
0.171422
0.168688
0.167841
0.169975
0.174733
0.180327
0.18751
0.191269
0.184143
0.168624
0.153378
0.140103
0.128814
0.119851
0.113037
0.108659
0.106845
0.10793
0.112182
0.119919
0.131374
0.14671
0.165932
0.18887
0.215124
0.244015
0.274372
0.304178
0.330576
0.350134
0.359286
0.355507
0.338835
0.312464
0.280999
0.249521
0.221021
0.198544
0.180167
0.169327
0.154859
0.151685
0.122668
0.127789
0.046953
0.0887714
0.0668969
0.134611
0.160607
0.17504
0.177225
0.180368
0.179278
0.180569
0.179951
0.181021
0.18055
0.180008
0.177814
0.175006
0.171485
0.168674
0.16773
0.169816
0.174753
0.18082
0.188227
0.191948
0.184777
0.169223
0.153907
0.140532
0.129152
0.120086
0.113165
0.108672
0.106736
0.107691
0.111808
0.119405
0.130716
0.145903
0.164972
0.187753
0.213843
0.242565
0.272741
0.302333
0.328461
0.347662
0.356349
0.352031
0.334881
0.308256
0.276836
0.245681
0.217687
0.195826
0.178074
0.167887
0.15391
0.151333
0.122416
0.12819
0.0465752
0.0898221
0.0703618
0.134112
0.16022
0.174569
0.17713
0.180308
0.179408
0.180646
0.180065
0.181094
0.180666
0.180155
0.177964
0.175127
0.171565
0.168684
0.167654
0.169688
0.174777
0.181277
0.188895
0.192586
0.185413
0.169862
0.154484
0.141008
0.129532
0.12036
0.113332
0.108723
0.106665
0.107491
0.111472
0.118929
0.130095
0.145133
0.164047
0.186668
0.21259
0.241135
0.27112
0.300483
0.326317
0.345129
0.353312
0.348417
0.330768
0.30389
0.272535
0.24173
0.214272
0.193053
0.175948
0.166436
0.152965
0.151003
0.122197
0.128634
0.0462283
0.0909157
0.073675
0.133716
0.159862
0.174122
0.177028
0.180245
0.179537
0.180729
0.180192
0.181174
0.180779
0.180303
0.178127
0.175262
0.171663
0.168719
0.167613
0.169594
0.174804
0.181696
0.18951
0.19318
0.186041
0.17053
0.155105
0.141527
0.129953
0.120675
0.113537
0.108813
0.106633
0.10733
0.111177
0.118493
0.129514
0.144402
0.163161
0.185618
0.211368
0.239731
0.269515
0.298633
0.324148
0.34254
0.35018
0.344675
0.326508
0.299382
0.26811
0.237683
0.210785
0.190233
0.173794
0.164977
0.152026
0.150699
0.12201
0.129121
0.0459118
0.0920526
0.0768444
0.133416
0.159533
0.173698
0.176924
0.180183
0.179663
0.180818
0.18033
0.181262
0.180892
0.180449
0.1783
0.175413
0.171779
0.168779
0.167604
0.169535
0.174834
0.182074
0.19007
0.193729
0.186656
0.171222
0.155764
0.142087
0.130416
0.12103
0.113783
0.108944
0.106642
0.107212
0.110925
0.118102
0.128978
0.143715
0.162318
0.18461
0.210184
0.238359
0.267931
0.296787
0.321962
0.339902
0.346962
0.340814
0.322116
0.29475
0.263581
0.233554
0.207237
0.187374
0.171614
0.163513
0.151094
0.15042
0.121856
0.129654
0.0456249
0.0932337
0.0798773
0.133203
0.159235
0.1733
0.176819
0.180123
0.179788
0.180912
0.180479
0.181359
0.181006
0.18059
0.178481
0.175578
0.171914
0.168864
0.167627
0.169512
0.17487
0.18241
0.190574
0.194234
0.18725
0.171928
0.156455
0.142686
0.130919
0.121425
0.11407
0.109116
0.106695
0.107137
0.110718
0.117757
0.128489
0.143077
0.161522
0.183647
0.209042
0.237023
0.266375
0.294953
0.319763
0.337221
0.343666
0.336846
0.317609
0.290016
0.258971
0.229365
0.203645
0.184486
0.169417
0.162047
0.15017
0.150168
0.121734
0.130232
0.0453669
0.0944597
0.0827807
0.133072
0.158966
0.172928
0.176718
0.180067
0.179912
0.181012
0.180638
0.181467
0.181126
0.180725
0.178665
0.175758
0.172068
0.168973
0.167679
0.169522
0.174915
0.182704
0.191019
0.194697
0.187818
0.172643
0.157174
0.143321
0.13146
0.12186
0.114398
0.109331
0.106791
0.107109
0.110559
0.117461
0.128051
0.142489
0.160777
0.182733
0.207947
0.235729
0.264851
0.293136
0.317559
0.334505
0.340303
0.332787
0.313008
0.285203
0.254305
0.225138
0.200024
0.181581
0.167208
0.160585
0.149256
0.149945
0.121646
0.130857
0.0451372
0.0957314
0.0855614
0.133015
0.158728
0.172584
0.176621
0.180018
0.180036
0.181117
0.180805
0.181584
0.181253
0.180855
0.178847
0.17595
0.172243
0.169108
0.167763
0.169561
0.174976
0.182955
0.191405
0.19512
0.188357
0.173359
0.157914
0.143988
0.132038
0.122335
0.114768
0.10959
0.106934
0.107129
0.11045
0.117218
0.127667
0.141957
0.160087
0.181874
0.206903
0.234483
0.263365
0.291343
0.315357
0.331763
0.336884
0.328653
0.308332
0.280337
0.249609
0.220896
0.196395
0.178671
0.164996
0.15913
0.148353
0.149752
0.12159
0.131529
0.0449349
0.0970497
0.0882255
0.133026
0.158519
0.172266
0.176532
0.179977
0.180163
0.181228
0.18098
0.181713
0.181388
0.180983
0.179026
0.176152
0.172437
0.169269
0.167877
0.169628
0.175052
0.183168
0.191733
0.195501
0.188864
0.174071
0.158672
0.144685
0.132652
0.122849
0.11518
0.109893
0.107124
0.107198
0.110394
0.117029
0.127339
0.141483
0.159457
0.181074
0.205916
0.233288
0.261924
0.289579
0.313164
0.329004
0.33342
0.324459
0.303605
0.275442
0.244906
0.216663
0.192775
0.175771
0.162789
0.157689
0.147464
0.14959
0.121566
0.132249
0.0447592
0.0984156
0.090779
0.133099
0.158338
0.171975
0.176451
0.179945
0.180292
0.181347
0.181162
0.181851
0.181533
0.181112
0.1792
0.176359
0.17265
0.169456
0.168023
0.169725
0.175141
0.183351
0.19201
0.195836
0.189339
0.174775
0.159442
0.145408
0.133301
0.123402
0.115635
0.110241
0.107362
0.107319
0.110392
0.116898
0.127072
0.141071
0.158889
0.180337
0.204991
0.232152
0.260533
0.28785
0.310986
0.326236
0.329924
0.320223
0.298848
0.270543
0.240223
0.212459
0.189182
0.172894
0.160596
0.156267
0.146591
0.149462
0.121575
0.133017
0.0446095
0.0998299
0.0932274
0.133229
0.158187
0.171712
0.17638
0.179923
0.180426
0.181474
0.181352
0.181999
0.181689
0.181246
0.17937
0.176568
0.172879
0.16967
0.168201
0.169852
0.175244
0.183513
0.192238
0.196119
0.189778
0.175465
0.160222
0.146156
0.133981
0.123993
0.116131
0.110636
0.107649
0.107492
0.110446
0.116827
0.126868
0.140725
0.158389
0.179667
0.204132
0.231079
0.259197
0.286164
0.308832
0.32347
0.32641
0.315963
0.294083
0.265665
0.23558
0.208305
0.185634
0.170054
0.158426
0.154869
0.145735
0.149368
0.121616
0.133835
0.0444849
0.101294
0.095576
0.133411
0.158062
0.171474
0.176319
0.179912
0.180564
0.18161
0.181548
0.182158
0.181855
0.181386
0.179538
0.176777
0.173122
0.169908
0.16841
0.17001
0.175361
0.183656
0.192419
0.19635
0.190181
0.176138
0.161006
0.146925
0.134693
0.124621
0.116669
0.111076
0.107987
0.10772
0.110559
0.116817
0.126729
0.140447
0.157959
0.179068
0.203344
0.230074
0.257922
0.284526
0.306709
0.320715
0.322891
0.311698
0.289333
0.26083
0.231
0.204217
0.182145
0.167262
0.156289
0.153502
0.144901
0.14931
0.121689
0.134703
0.0443844
0.102808
0.0978296
0.133641
0.157965
0.171262
0.17627
0.179913
0.180708
0.181757
0.181752
0.182325
0.182031
0.181534
0.179707
0.176984
0.173376
0.170172
0.168652
0.170202
0.175497
0.183786
0.192556
0.196529
0.190546
0.176791
0.161792
0.147713
0.135433
0.125285
0.11725
0.111564
0.108376
0.108004
0.110732
0.116873
0.126659
0.140241
0.157604
0.178545
0.202632
0.229143
0.256714
0.282943
0.304625
0.317981
0.319381
0.307447
0.284621
0.256061
0.226501
0.200212
0.178726
0.16453
0.154192
0.152171
0.144091
0.14929
0.121793
0.135622
0.0443074
0.104373
0.099993
0.133913
0.157894
0.171076
0.176233
0.179926
0.180859
0.181915
0.181964
0.182503
0.182218
0.181692
0.179882
0.177192
0.173639
0.170458
0.168926
0.170427
0.175654
0.183904
0.192652
0.196656
0.190871
0.177419
0.162575
0.148517
0.136201
0.125985
0.117872
0.112098
0.108817
0.108345
0.110967
0.116994
0.12666
0.14011
0.157326
0.178102
0.202
0.22829
0.255579
0.281419
0.302586
0.315279
0.315893
0.303227
0.279967
0.251379
0.222101
0.196303
0.175389
0.161865
0.152142
0.150881
0.143306
0.149309
0.121928
0.13659
0.0442529
0.10599
0.10207
0.134224
0.157849
0.170914
0.176208
0.179952
0.181017
0.182085
0.182186
0.182692
0.182415
0.181861
0.180064
0.177402
0.173908
0.170764
0.169231
0.170687
0.175836
0.184018
0.192711
0.196733
0.191155
0.17802
0.163352
0.149333
0.136995
0.12672
0.118535
0.11268
0.10931
0.108743
0.111265
0.117185
0.126734
0.140057
0.157131
0.177743
0.201453
0.227521
0.25452
0.279962
0.3006
0.312618
0.312443
0.299058
0.275393
0.246803
0.217815
0.1925
0.172141
0.159276
0.150146
0.149637
0.142551
0.149367
0.122093
0.137609
0.0442202
0.107659
0.104066
0.13457
0.157828
0.170776
0.176196
0.179989
0.181183
0.182266
0.182418
0.182892
0.182623
0.182042
0.180257
0.177619
0.174185
0.171088
0.169567
0.170982
0.176043
0.18413
0.192738
0.196762
0.191396
0.17859
0.164119
0.150161
0.137812
0.127487
0.119239
0.113309
0.109857
0.109201
0.111628
0.117446
0.126885
0.140086
0.15702
0.177472
0.200995
0.22684
0.253544
0.278576
0.298675
0.310008
0.309044
0.294958
0.270919
0.242351
0.213656
0.188812
0.16899
0.156767
0.14821
0.148443
0.141826
0.149466
0.122288
0.138679
0.0442083
0.109382
0.105983
0.134947
0.157831
0.170662
0.176197
0.180039
0.181356
0.182458
0.18266
0.183104
0.18284
0.182235
0.180461
0.177844
0.17447
0.171429
0.169931
0.171312
0.176279
0.184246
0.192738
0.196746
0.191593
0.179127
0.164873
0.150996
0.138652
0.128288
0.119984
0.113985
0.110458
0.109719
0.112058
0.11778
0.127115
0.140198
0.156998
0.177292
0.200631
0.226252
0.252655
0.277267
0.296817
0.30746
0.30571
0.290944
0.266562
0.238038
0.209634
0.185247
0.165939
0.154343
0.146337
0.147301
0.141134
0.149606
0.122511
0.139798
0.0442164
0.111158
0.107826
0.135353
0.157858
0.170571
0.17621
0.180102
0.181537
0.182663
0.182912
0.18333
0.18307
0.18244
0.180679
0.178082
0.174765
0.171785
0.170322
0.171676
0.176546
0.18437
0.192718
0.196689
0.191747
0.179627
0.165611
0.151836
0.139512
0.12912
0.12077
0.114709
0.111113
0.110298
0.112555
0.118189
0.127425
0.140397
0.157067
0.177208
0.200365
0.225762
0.251857
0.276039
0.295033
0.304983
0.302454
0.287034
0.26234
0.233877
0.205759
0.181809
0.162993
0.152006
0.14453
0.146216
0.140477
0.149787
0.122763
0.140966
0.0442439
0.112987
0.109597
0.135783
0.157907
0.170502
0.176236
0.180176
0.181726
0.182878
0.183175
0.18357
0.183311
0.182659
0.180912
0.178335
0.175074
0.172157
0.170736
0.172072
0.176843
0.184507
0.192682
0.196596
0.191857
0.180089
0.166327
0.152677
0.14039
0.129983
0.121594
0.11548
0.111823
0.110939
0.113122
0.118673
0.127819
0.140686
0.157232
0.177223
0.200201
0.225374
0.251154
0.274897
0.29333
0.302586
0.29929
0.283243
0.258268
0.22988
0.202035
0.178501
0.160153
0.149758
0.142793
0.14519
0.139857
0.150009
0.123042
0.142182
0.04429
0.11487
0.111301
0.136236
0.157977
0.170455
0.176275
0.180263
0.181922
0.183105
0.183448
0.183824
0.183566
0.182892
0.18116
0.178606
0.1754
0.172547
0.171174
0.172497
0.17717
0.18466
0.192637
0.196472
0.191925
0.180511
0.16702
0.153517
0.141284
0.130874
0.122458
0.116299
0.112588
0.111643
0.113758
0.119236
0.128298
0.141067
0.157494
0.177341
0.200143
0.225091
0.250551
0.273845
0.291713
0.300278
0.296231
0.279586
0.254361
0.226054
0.198467
0.175325
0.157419
0.147601
0.141126
0.144224
0.139275
0.150273
0.123348
0.143445
0.0443538
0.116807
0.11294
0.136708
0.158069
0.17043
0.176328
0.180362
0.182127
0.183342
0.183731
0.184092
0.183836
0.18314
0.181425
0.178896
0.175746
0.172956
0.171633
0.17295
0.177528
0.184832
0.192589
0.196323
0.191955
0.180892
0.167686
0.154351
0.142191
0.131794
0.12336
0.117165
0.113408
0.11241
0.114467
0.119878
0.128864
0.141543
0.157858
0.177565
0.200195
0.224917
0.250049
0.272887
0.290188
0.298067
0.293288
0.276079
0.250628
0.222408
0.195057
0.172281
0.154793
0.145534
0.139532
0.14332
0.138733
0.150577
0.123679
0.144752
0.0444348
0.118795
0.114517
0.137197
0.15818
0.170425
0.176393
0.180472
0.182339
0.183589
0.184024
0.184374
0.18412
0.183405
0.181708
0.179207
0.176114
0.173386
0.172115
0.173429
0.177912
0.185023
0.192542
0.196156
0.19195
0.181233
0.168323
0.155177
0.143109
0.132739
0.1243
0.118078
0.114284
0.113241
0.115247
0.120602
0.12952
0.142117
0.158326
0.177899
0.20036
0.224856
0.249651
0.272026
0.28876
0.295962
0.290474
0.272732
0.247081
0.218943
0.191805
0.169367
0.152272
0.143558
0.13801
0.142478
0.138231
0.150921
0.124035
0.146102
0.0445324
0.120835
0.116034
0.137701
0.158311
0.170441
0.176472
0.180595
0.182559
0.183846
0.184327
0.184669
0.184419
0.183687
0.182008
0.17954
0.176507
0.173841
0.172619
0.17393
0.178321
0.185234
0.192501
0.195977
0.191915
0.181535
0.168928
0.155991
0.144034
0.133707
0.125276
0.119037
0.115215
0.114136
0.116101
0.121407
0.130268
0.14279
0.158901
0.178346
0.200643
0.22491
0.24936
0.271263
0.287433
0.29397
0.287797
0.269557
0.243726
0.215663
0.18871
0.166582
0.149857
0.141671
0.136561
0.141699
0.13777
0.151305
0.124414
0.147493
0.0446458
0.122924
0.117494
0.138218
0.158461
0.170476
0.176563
0.180729
0.182787
0.184112
0.184638
0.184977
0.184732
0.183989
0.182329
0.179895
0.176926
0.174323
0.173147
0.174454
0.178751
0.185465
0.19247
0.195791
0.191856
0.181801
0.1695
0.156789
0.144964
0.134698
0.126286
0.120042
0.116202
0.115097
0.11703
0.122297
0.131108
0.143565
0.159586
0.17891
0.201046
0.225082
0.249176
0.270603
0.286212
0.292096
0.285268
0.266563
0.240567
0.212567
0.185769
0.163923
0.147546
0.139875
0.135185
0.140984
0.137352
0.151727
0.124816
0.148922
0.0447745
0.125061
0.118899
0.138746
0.158628
0.170531
0.176668
0.180874
0.183023
0.184388
0.184958
0.185298
0.185059
0.184308
0.18267
0.180275
0.177372
0.174833
0.173702
0.175
0.179202
0.185714
0.192451
0.195605
0.191779
0.182034
0.17004
0.15757
0.145896
0.135707
0.12733
0.121092
0.117244
0.116122
0.118033
0.123271
0.132044
0.144445
0.160383
0.179593
0.201573
0.225373
0.2491
0.270045
0.285098
0.290348
0.282895
0.263759
0.237609
0.209653
0.182979
0.161389
0.145338
0.138168
0.133883
0.140332
0.136976
0.152187
0.125239
0.150385
0.0449179
0.127244
0.120252
0.139283
0.158813
0.170604
0.176786
0.181032
0.183267
0.184673
0.185287
0.18563
0.1854
0.184646
0.183033
0.18068
0.177846
0.175373
0.174283
0.175568
0.17967
0.185979
0.192445
0.195422
0.19169
0.18224
0.17055
0.158331
0.146826
0.136733
0.128405
0.122185
0.118341
0.117213
0.119113
0.124332
0.133077
0.145431
0.161297
0.1804
0.202226
0.225785
0.249133
0.269591
0.284096
0.288731
0.280685
0.261149
0.234851
0.206918
0.180335
0.158976
0.143232
0.13655
0.132654
0.139743
0.136643
0.152683
0.125683
0.151882
0.0450755
0.129469
0.121555
0.139828
0.159014
0.170695
0.176916
0.181201
0.183519
0.184966
0.185623
0.185973
0.185754
0.185001
0.183417
0.181111
0.178349
0.175944
0.174894
0.176159
0.180154
0.186257
0.192452
0.195247
0.191595
0.182425
0.171032
0.159072
0.147752
0.137772
0.12951
0.123322
0.119492
0.118369
0.120268
0.125481
0.134208
0.146526
0.162328
0.181332
0.203008
0.226318
0.249274
0.269241
0.283206
0.287247
0.278643
0.258737
0.232291
0.204357
0.177834
0.156682
0.141226
0.13502
0.131498
0.139216
0.136353
0.153216
0.126147
0.153407
0.0452468
0.131733
0.122809
0.140378
0.159231
0.170805
0.17706
0.181381
0.183778
0.185268
0.185968
0.186327
0.186121
0.185373
0.183821
0.181566
0.178881
0.176547
0.175535
0.176774
0.180655
0.186548
0.192472
0.195083
0.191501
0.182594
0.17149
0.159794
0.148672
0.138823
0.130642
0.124499
0.120697
0.119591
0.121501
0.126718
0.135439
0.147732
0.16348
0.182392
0.20392
0.22697
0.249521
0.268994
0.282429
0.2859
0.276775
0.256526
0.229928
0.201964
0.175471
0.154504
0.139321
0.133578
0.130415
0.138752
0.136106
0.153783
0.126629
0.154958
0.0454314
0.134032
0.124017
0.140934
0.159463
0.170931
0.177216
0.181573
0.184046
0.185578
0.186321
0.186691
0.186499
0.18576
0.184245
0.182047
0.179442
0.177181
0.176207
0.177414
0.181172
0.18685
0.192505
0.194933
0.191412
0.182755
0.17193
0.160498
0.149585
0.139883
0.131799
0.125716
0.121954
0.120878
0.122811
0.128044
0.136772
0.149051
0.164755
0.183583
0.204963
0.227742
0.249872
0.268849
0.281765
0.284693
0.275083
0.254515
0.227755
0.199732
0.173242
0.152441
0.137516
0.132225
0.129406
0.138349
0.135901
0.154383
0.12713
0.156532
0.0456287
0.136363
0.12518
0.141493
0.159709
0.171073
0.177384
0.181776
0.184323
0.185897
0.186681
0.187065
0.186889
0.186162
0.184686
0.18255
0.18003
0.177846
0.17691
0.17808
0.181706
0.187162
0.192549
0.194797
0.191333
0.182914
0.172358
0.161188
0.150492
0.14095
0.132979
0.126972
0.123264
0.122229
0.124198
0.129461
0.138207
0.150485
0.166155
0.184908
0.206137
0.22863
0.250324
0.268805
0.281214
0.283627
0.273569
0.252702
0.225766
0.197657
0.171142
0.150492
0.13581
0.130959
0.128468
0.138007
0.135739
0.155015
0.127648
0.158125
0.0458385
0.13872
0.126299
0.142055
0.159969
0.171232
0.177566
0.181991
0.184607
0.186225
0.187049
0.187449
0.18729
0.186578
0.185143
0.183074
0.180644
0.178541
0.177643
0.178771
0.182258
0.187484
0.192603
0.194677
0.191269
0.183077
0.172781
0.161869
0.151394
0.142024
0.13418
0.128264
0.124624
0.123645
0.125663
0.130969
0.139747
0.152036
0.167684
0.186368
0.207443
0.229631
0.250875
0.268858
0.280774
0.282701
0.272234
0.251085
0.223954
0.19573
0.169168
0.148654
0.134204
0.12978
0.127604
0.137725
0.135619
0.155678
0.128182
0.159734
0.0460603
0.141098
0.127377
0.142618
0.160243
0.171407
0.177759
0.182216
0.1849
0.18656
0.187425
0.187842
0.187701
0.187007
0.185615
0.183616
0.181281
0.179263
0.178404
0.179489
0.182829
0.187817
0.192668
0.194572
0.191221
0.183252
0.173206
0.162546
0.152294
0.143106
0.135402
0.129591
0.126034
0.125125
0.127206
0.132569
0.141393
0.153706
0.169343
0.187964
0.208879
0.230742
0.251521
0.269005
0.280442
0.281916
0.271075
0.249656
0.22231
0.193944
0.167318
0.146928
0.132697
0.128688
0.12681
0.137501
0.13554
0.156369
0.128732
0.161356
0.0462939
0.143493
0.128415
0.143182
0.16053
0.171596
0.177964
0.182453
0.185201
0.186904
0.187809
0.188244
0.188123
0.187449
0.186102
0.184174
0.181936
0.180008
0.179192
0.180233
0.18342
0.188163
0.192744
0.194483
0.191191
0.183441
0.173639
0.163226
0.153197
0.144196
0.136644
0.130952
0.127493
0.126669
0.128828
0.134262
0.143147
0.155497
0.171134
0.189699
0.210442
0.231957
0.252256
0.269241
0.280215
0.281267
0.27009
0.24841
0.220825
0.192294
0.165587
0.145312
0.13129
0.127683
0.126088
0.137334
0.135502
0.157088
0.129297
0.162989
0.0465393
0.145899
0.129413
0.143745
0.160829
0.1718
0.178181
0.1827
0.185511
0.187256
0.1882
0.188655
0.188555
0.187903
0.186601
0.184746
0.182607
0.180773
0.180004
0.181
0.184031
0.188524
0.192832
0.194411
0.191182
0.18365
0.174087
0.163915
0.154107
0.145298
0.137907
0.132348
0.129002
0.128277
0.130528
0.136049
0.145009
0.15741
0.173059
0.191571
0.212128
0.233271
0.253075
0.269563
0.280089
0.280754
0.269275
0.247336
0.219489
0.190774
0.163975
0.143807
0.129982
0.126764
0.125436
0.137224
0.135503
0.157832
0.129877
0.164628
0.0467961
0.148311
0.130374
0.144308
0.161139
0.172019
0.17841
0.182958
0.185828
0.187616
0.188598
0.189075
0.188997
0.188368
0.187113
0.185331
0.183291
0.181553
0.180834
0.181789
0.184662
0.1889
0.192934
0.194354
0.191193
0.18388
0.174555
0.164621
0.155031
0.146415
0.139194
0.133778
0.130559
0.129948
0.132307
0.13793
0.14698
0.159447
0.17512
0.193581
0.213932
0.234677
0.253974
0.269964
0.280058
0.28037
0.268622
0.246426
0.218292
0.189377
0.162478
0.142411
0.128775
0.12593
0.124853
0.137167
0.135543
0.158601
0.130469
0.166271
0.0470647
0.150723
0.131298
0.14487
0.161462
0.172251
0.17865
0.183226
0.186154
0.187984
0.189004
0.189503
0.189448
0.188845
0.187637
0.185928
0.183985
0.182344
0.181678
0.182596
0.185313
0.189296
0.193053
0.194317
0.191225
0.184135
0.175048
0.165349
0.155975
0.147553
0.140506
0.135245
0.132165
0.131683
0.134166
0.139907
0.149064
0.161611
0.177319
0.195725
0.215848
0.236168
0.254946
0.270437
0.280118
0.28011
0.268124
0.245667
0.217225
0.1881
0.161097
0.141126
0.127666
0.12518
0.124339
0.137164
0.13562
0.159391
0.131075
0.167914
0.047345
0.153132
0.132187
0.14543
0.161795
0.172496
0.178902
0.183505
0.186488
0.188359
0.189417
0.18994
0.189908
0.189333
0.188172
0.186535
0.184688
0.183142
0.18253
0.183415
0.185983
0.189712
0.193192
0.194299
0.191278
0.184413
0.175569
0.166104
0.156944
0.148716
0.141848
0.13675
0.133821
0.133483
0.136105
0.141981
0.15126
0.163902
0.179655
0.197999
0.217866
0.237737
0.255985
0.270977
0.280262
0.279968
0.267772
0.245048
0.216277
0.186939
0.15983
0.139951
0.126657
0.124514
0.123891
0.13721
0.135734
0.160202
0.131692
0.169557
0.0476374
0.15553
0.13304
0.145987
0.162139
0.172754
0.179164
0.183794
0.18683
0.188742
0.189837
0.190384
0.190378
0.189831
0.188718
0.187152
0.185399
0.183945
0.183388
0.184244
0.186667
0.190149
0.193355
0.194304
0.191353
0.184716
0.176118
0.16689
0.157945
0.149911
0.143224
0.138296
0.13553
0.135349
0.138126
0.144153
0.153571
0.166322
0.182127
0.200399
0.219979
0.239377
0.257084
0.271574
0.280483
0.279934
0.267554
0.244557
0.215442
0.185888
0.158675
0.138885
0.125746
0.12393
0.123508
0.137306
0.135882
0.16103
0.132321
0.171195
0.0479425
0.157915
0.13386
0.146542
0.162493
0.173025
0.179438
0.184093
0.187181
0.189133
0.190264
0.190836
0.190856
0.190339
0.189274
0.187778
0.186116
0.184751
0.184247
0.185077
0.187364
0.190606
0.193545
0.194336
0.19145
0.185042
0.176697
0.16771
0.15898
0.151142
0.144639
0.139887
0.137294
0.137283
0.14023
0.146424
0.155997
0.168873
0.184735
0.202915
0.222177
0.241078
0.258235
0.272223
0.280772
0.279997
0.267459
0.24418
0.21471
0.184946
0.157633
0.137927
0.124933
0.123426
0.123189
0.137448
0.136063
0.161875
0.13296
0.172826
0.0482609
0.160282
0.134647
0.147094
0.162858
0.173308
0.179721
0.184402
0.187539
0.189531
0.190698
0.191296
0.191342
0.190856
0.18984
0.188413
0.186839
0.185561
0.185107
0.185912
0.188069
0.191084
0.193764
0.194398
0.191571
0.18539
0.177303
0.168563
0.160054
0.152413
0.146097
0.141527
0.139115
0.139286
0.142419
0.148796
0.158541
0.171553
0.187473
0.205538
0.224448
0.242834
0.259431
0.272914
0.281119
0.280148
0.267474
0.243903
0.214074
0.184109
0.156701
0.137078
0.124216
0.123
0.122932
0.137635
0.136276
0.162735
0.133609
0.174449
0.0485935
0.162626
0.135401
0.147642
0.163232
0.173603
0.180016
0.184721
0.187905
0.189936
0.191139
0.191764
0.191837
0.191383
0.190415
0.189057
0.187568
0.186372
0.185966
0.186747
0.188782
0.191581
0.194014
0.194494
0.191718
0.185757
0.177932
0.169447
0.161166
0.153727
0.147602
0.143219
0.140996
0.141362
0.144693
0.15127
0.161201
0.174362
0.190335
0.208255
0.226783
0.244637
0.260664
0.273639
0.281516
0.280372
0.267585
0.243715
0.213528
0.183375
0.155879
0.136335
0.123593
0.12265
0.122735
0.137864
0.136519
0.163606
0.134268
0.176061
0.0489412
0.164945
0.136124
0.148187
0.163616
0.173909
0.18032
0.185049
0.188279
0.190349
0.191586
0.192238
0.192339
0.191918
0.190998
0.189708
0.188302
0.187185
0.186824
0.187582
0.189499
0.192095
0.194294
0.194625
0.191892
0.186142
0.17858
0.170357
0.162312
0.155083
0.149155
0.144965
0.14294
0.143511
0.147056
0.153847
0.163979
0.177296
0.193309
0.211053
0.22917
0.246479
0.261926
0.27439
0.281949
0.280657
0.267776
0.243603
0.213067
0.182742
0.155166
0.135698
0.123063
0.122375
0.122595
0.138132
0.136791
0.164488
0.134935
0.177661
0.0493054
0.167235
0.136816
0.148729
0.164009
0.174226
0.180634
0.185387
0.188661
0.190768
0.19204
0.192719
0.192849
0.192461
0.19159
0.190366
0.18904
0.187999
0.187681
0.188415
0.190221
0.192624
0.194605
0.194795
0.192096
0.186544
0.179241
0.171285
0.163488
0.156479
0.150756
0.146767
0.144948
0.145735
0.149506
0.156526
0.166872
0.180349
0.196383
0.213917
0.231599
0.248353
0.263209
0.275158
0.282405
0.280987
0.268034
0.243554
0.212685
0.182207
0.154561
0.135163
0.122624
0.122171
0.122511
0.138438
0.137089
0.165378
0.13561
0.179248
0.0496873
0.169494
0.137478
0.149268
0.164411
0.174554
0.180958
0.185734
0.18905
0.191195
0.1925
0.193207
0.193365
0.193012
0.192189
0.19103
0.189782
0.188814
0.188536
0.189247
0.190946
0.193168
0.194945
0.195002
0.192333
0.186964
0.179911
0.172223
0.164682
0.157906
0.1524
0.148622
0.14702
0.148034
0.152042
0.159304
0.169876
0.183509
0.19954
0.216833
0.234059
0.250252
0.264506
0.275932
0.282871
0.281347
0.268342
0.243559
0.212379
0.181768
0.15406
0.134729
0.122273
0.122036
0.12248
0.138779
0.137412
0.166274
0.136294
0.180819
0.0500884
0.171721
0.138109
0.149803
0.164823
0.174892
0.181292
0.18609
0.189447
0.191628
0.192967
0.193701
0.193889
0.19357
0.192795
0.1917
0.190527
0.189629
0.189389
0.190077
0.191675
0.193727
0.195312
0.195245
0.192604
0.187406
0.180591
0.173164
0.165884
0.159353
0.154078
0.150525
0.149151
0.150403
0.154663
0.162179
0.172981
0.18676
0.20276
0.219785
0.236542
0.252168
0.265811
0.276702
0.283332
0.281723
0.268686
0.243608
0.212145
0.181422
0.153663
0.134393
0.122007
0.121967
0.1225
0.139152
0.137757
0.167175
0.136984
0.182374
0.0505105
0.173912
0.13871
0.150335
0.165243
0.17524
0.181635
0.186455
0.189852
0.192068
0.193439
0.194202
0.194419
0.194135
0.193408
0.192376
0.191275
0.190444
0.190239
0.190905
0.192407
0.194298
0.195705
0.195524
0.192908
0.18787
0.181282
0.174107
0.167085
0.160807
0.155777
0.152465
0.151333
0.152838
0.15736
0.16514
0.176174
0.190082
0.206025
0.222759
0.239041
0.254098
0.267116
0.277454
0.283771
0.282098
0.26905
0.243693
0.211981
0.181168
0.153366
0.134151
0.121823
0.121961
0.122567
0.139554
0.138125
0.168078
0.137682
0.183912
0.0509552
0.176068
0.139282
0.150863
0.165672
0.175598
0.181987
0.186829
0.190264
0.192515
0.193918
0.194709
0.194955
0.194706
0.194027
0.193056
0.192026
0.191258
0.191087
0.191731
0.193142
0.194882
0.196123
0.195837
0.193244
0.188359
0.181986
0.175052
0.168283
0.162258
0.157482
0.154425
0.153553
0.155324
0.160122
0.168173
0.179433
0.193451
0.209313
0.225742
0.24155
0.256037
0.268414
0.278177
0.284175
0.28246
0.26942
0.243809
0.211883
0.181003
0.153166
0.134001
0.121718
0.122014
0.12268
0.139984
0.138511
0.168983
0.138387
0.185433
0.0514244
0.178187
0.139826
0.151389
0.16611
0.175966
0.182348
0.187212
0.190684
0.192969
0.194403
0.195222
0.195498
0.195284
0.194651
0.19374
0.192778
0.192071
0.191932
0.192555
0.19388
0.195479
0.196565
0.196181
0.193612
0.188871
0.182704
0.176002
0.169476
0.163701
0.159181
0.156388
0.155789
0.157843
0.162928
0.171254
0.182731
0.196842
0.212607
0.228726
0.244066
0.257981
0.269694
0.278857
0.284528
0.282794
0.269782
0.24395
0.211848
0.180923
0.153061
0.133937
0.121688
0.122123
0.122836
0.140438
0.138915
0.169886
0.139098
0.186935
0.0519201
0.18027
0.14034
0.151913
0.166556
0.176343
0.182718
0.187604
0.191111
0.193428
0.194894
0.195741
0.196046
0.195867
0.195281
0.194428
0.193532
0.192883
0.192774
0.193377
0.194621
0.196086
0.197029
0.196556
0.19401
0.189405
0.183436
0.176957
0.170666
0.165134
0.160868
0.158342
0.158024
0.16037
0.165752
0.174353
0.186038
0.200231
0.215894
0.231706
0.246587
0.259926
0.270948
0.279481
0.284817
0.283089
0.270123
0.244114
0.211875
0.180926
0.153045
0.133957
0.121729
0.122286
0.123031
0.140914
0.139335
0.170787
0.139816
0.188418
0.0524442
0.182317
0.140825
0.152435
0.167011
0.176728
0.183097
0.188004
0.191545
0.193895
0.19539
0.196265
0.1966
0.196456
0.195915
0.19512
0.194287
0.193694
0.193613
0.194197
0.195363
0.196705
0.197514
0.19696
0.194437
0.189961
0.184182
0.177918
0.171854
0.166558
0.162541
0.160279
0.160243
0.162886
0.168567
0.177442
0.189332
0.203604
0.219165
0.23468
0.249112
0.261867
0.272163
0.280037
0.28503
0.283335
0.270432
0.244298
0.21196
0.181008
0.153115
0.134054
0.121837
0.122497
0.123262
0.141409
0.13977
0.171684
0.14054
0.189884
0.0529991
0.184328
0.141281
0.152955
0.167474
0.177123
0.183484
0.188412
0.191986
0.194367
0.195892
0.196795
0.19716
0.197051
0.196555
0.195815
0.195043
0.194503
0.194449
0.195015
0.196109
0.197334
0.19802
0.19739
0.19489
0.190538
0.184941
0.178883
0.173039
0.167973
0.164198
0.162195
0.162439
0.165377
0.171355
0.180503
0.192598
0.206951
0.222418
0.237648
0.251642
0.263796
0.273329
0.280513
0.285158
0.283521
0.270698
0.244501
0.212102
0.181165
0.153265
0.134225
0.122008
0.122753
0.123528
0.14192
0.140217
0.172576
0.141271
0.19133
0.0535869
0.186304
0.141709
0.153474
0.167946
0.177525
0.183879
0.188829
0.192435
0.194845
0.196399
0.19733
0.197725
0.19765
0.197198
0.196512
0.195799
0.19531
0.195281
0.19583
0.196856
0.197973
0.198545
0.197847
0.195369
0.191134
0.185711
0.179852
0.17422
0.169377
0.165838
0.164088
0.164606
0.167835
0.174108
0.183528
0.195828
0.210268
0.225649
0.240611
0.254173
0.265706
0.274434
0.2809
0.285193
0.283641
0.270916
0.244722
0.212297
0.181393
0.15349
0.134463
0.122236
0.12305
0.123824
0.142446
0.140674
0.173461
0.142008
0.192759
0.0542099
0.188248
0.142108
0.153993
0.168426
0.177936
0.184282
0.189253
0.19289
0.19533
0.196912
0.19787
0.198294
0.198255
0.197846
0.197213
0.196556
0.196116
0.196111
0.196644
0.197606
0.198622
0.199089
0.198328
0.195873
0.191748
0.186492
0.180824
0.175397
0.17077
0.167459
0.165957
0.166741
0.170256
0.17682
0.18651
0.199018
0.213552
0.22886
0.243569
0.256701
0.267585
0.275466
0.28119
0.285133
0.283689
0.271079
0.244962
0.212545
0.181688
0.153786
0.134764
0.122518
0.123385
0.124148
0.142983
0.141141
0.174339
0.142752
0.19417
0.0548708
0.190162
0.142477
0.154512
0.168915
0.178354
0.184694
0.189686
0.193352
0.19582
0.197431
0.198416
0.198869
0.198863
0.198497
0.197915
0.197313
0.196919
0.196938
0.197455
0.198357
0.19928
0.199649
0.198832
0.196399
0.19238
0.187282
0.181798
0.176568
0.172149
0.169061
0.167799
0.168844
0.172638
0.179488
0.189447
0.202167
0.216803
0.23205
0.246523
0.259223
0.269424
0.276414
0.281379
0.284979
0.28366
0.271186
0.245221
0.212842
0.182043
0.154145
0.135122
0.122848
0.123753
0.124496
0.143529
0.141616
0.175208
0.143503
0.195564
0.0555722
0.192049
0.142818
0.155032
0.169412
0.17878
0.185113
0.190126
0.193821
0.196317
0.197954
0.198966
0.199448
0.199476
0.199152
0.198619
0.198069
0.197721
0.197761
0.198265
0.199111
0.199947
0.200227
0.199358
0.196947
0.193028
0.188081
0.182773
0.177733
0.173515
0.170642
0.169612
0.170911
0.174977
0.18211
0.192336
0.205272
0.220018
0.235222
0.249474
0.26173
0.271209
0.277268
0.281466
0.284735
0.283552
0.271238
0.245498
0.213186
0.182455
0.154562
0.13553
0.123222
0.124151
0.124867
0.144083
0.142098
0.176069
0.144262
0.196943
0.0563171
0.193911
0.143129
0.155555
0.169918
0.179213
0.18554
0.190575
0.194296
0.196819
0.198483
0.199521
0.200032
0.200094
0.19981
0.199325
0.198826
0.19852
0.198582
0.199072
0.199867
0.200623
0.20082
0.199905
0.197516
0.193692
0.188888
0.183748
0.17889
0.174866
0.172201
0.171396
0.172941
0.177274
0.184684
0.195177
0.208334
0.2232
0.238376
0.25242
0.264213
0.272925
0.27802
0.281453
0.284412
0.283362
0.271237
0.245795
0.213574
0.182917
0.155031
0.135982
0.123633
0.124573
0.125255
0.14464
0.142585
0.176919
0.145029
0.198308
0.0571087
0.195753
0.14341
0.15608
0.170432
0.179653
0.185974
0.19103
0.194778
0.197326
0.199016
0.200081
0.20062
0.200714
0.20047
0.200032
0.199582
0.199317
0.199399
0.199878
0.200625
0.201307
0.201428
0.200471
0.198104
0.194369
0.189702
0.184723
0.180038
0.176201
0.173737
0.173149
0.174933
0.179525
0.187208
0.197969
0.211351
0.226348
0.241515
0.255358
0.26666
0.274556
0.278662
0.281348
0.284021
0.283092
0.271188
0.24611
0.214006
0.183424
0.155544
0.136473
0.124077
0.125017
0.125659
0.145201
0.143077
0.17776
0.145806
0.199661
0.0579506
0.197581
0.143662
0.15661
0.170955
0.180099
0.186416
0.191493
0.195266
0.197839
0.199554
0.200645
0.201212
0.201339
0.201134
0.200741
0.200337
0.200112
0.200214
0.200682
0.201385
0.201998
0.20205
0.201056
0.19871
0.195061
0.190523
0.185696
0.181178
0.17752
0.175248
0.17487
0.176885
0.181731
0.189682
0.20071
0.214323
0.229463
0.24464
0.258282
0.269053
0.276086
0.279192
0.281162
0.283579
0.282743
0.271097
0.246446
0.214477
0.183969
0.156094
0.136995
0.124549
0.125479
0.126076
0.145762
0.143573
0.178592
0.146593
0.201005
0.0588469
0.199399
0.143882
0.157146
0.171486
0.180552
0.186865
0.191964
0.19576
0.198358
0.200098
0.201213
0.201808
0.201967
0.2018
0.20145
0.201092
0.200904
0.201025
0.201484
0.202147
0.202698
0.202686
0.201659
0.199334
0.195765
0.191349
0.186668
0.182309
0.178821
0.176733
0.176557
0.178796
0.183888
0.192105
0.2034
0.217249
0.232546
0.247753
0.261181
0.271372
0.277497
0.279609
0.280912
0.283102
0.282322
0.270972
0.246801
0.214985
0.184545
0.156674
0.137543
0.125042
0.125953
0.126503
0.146323
0.144072
0.179416
0.147392
0.202342
0.0598021
0.201215
0.144071
0.157688
0.172025
0.181011
0.187321
0.192442
0.196261
0.198881
0.200645
0.201786
0.202408
0.202598
0.202468
0.202161
0.201846
0.201694
0.201834
0.202285
0.202911
0.203404
0.203335
0.202278
0.199974
0.19648
0.19218
0.187637
0.183428
0.180104
0.178193
0.178211
0.180665
0.185997
0.194475
0.206038
0.22013
0.2356
0.25085
0.26404
0.273594
0.27877
0.279917
0.280617
0.282608
0.281835
0.270821
0.247177
0.215527
0.185147
0.157277
0.138109
0.125552
0.126438
0.126936
0.146882
0.144575
0.180231
0.148206
0.203677
0.0608214
0.203037
0.144229
0.158239
0.172572
0.181476
0.187785
0.192927
0.196767
0.19941
0.201197
0.202363
0.203012
0.203232
0.203138
0.202872
0.202599
0.202482
0.20264
0.203085
0.203678
0.204118
0.203997
0.202913
0.200629
0.197207
0.193016
0.188602
0.184537
0.181367
0.179625
0.179829
0.182491
0.188057
0.196791
0.208623
0.222965
0.238626
0.253925
0.266837
0.27569
0.27989
0.280122
0.2803
0.282114
0.281294
0.270652
0.247573
0.216101
0.185766
0.157895
0.138686
0.126073
0.126928
0.127374
0.147439
0.145082
0.181041
0.149037
0.205012
0.061911
0.204873
0.144353
0.158799
0.173127
0.181947
0.188256
0.193418
0.197279
0.199943
0.201754
0.202943
0.203618
0.203869
0.20381
0.203583
0.20335
0.203267
0.203443
0.203883
0.204445
0.204839
0.204671
0.203563
0.201299
0.197944
0.193855
0.189564
0.185635
0.182612
0.18103
0.181412
0.184273
0.190065
0.199053
0.211154
0.225756
0.241623
0.256964
0.269541
0.277628
0.280844
0.280239
0.279984
0.281637
0.280714
0.270473
0.24799
0.216702
0.186397
0.158521
0.139267
0.1266
0.127421
0.127813
0.147994
0.145594
0.181848
0.149888
0.206355
0.0630777
0.206737
0.144445
0.159372
0.173689
0.182424
0.188733
0.193917
0.197797
0.200482
0.202315
0.203528
0.204229
0.204508
0.204483
0.204295
0.2041
0.20405
0.204243
0.204679
0.205215
0.205566
0.205355
0.204228
0.201983
0.19869
0.194697
0.190522
0.18672
0.183836
0.182407
0.182958
0.186011
0.192022
0.201259
0.213632
0.228503
0.244587
0.259945
0.272116
0.279378
0.281625
0.280283
0.279691
0.28119
0.280112
0.270294
0.248427
0.217326
0.187029
0.159147
0.139845
0.127129
0.127909
0.128255
0.148547
0.146113
0.182655
0.150764
0.20771
0.0643298
0.208641
0.144502
0.159958
0.174259
0.182905
0.189218
0.194422
0.198321
0.201025
0.20288
0.204116
0.204842
0.20515
0.205158
0.205006
0.204849
0.20483
0.205041
0.205475
0.205987
0.206299
0.206051
0.204906
0.202679
0.199445
0.195542
0.191474
0.187792
0.185039
0.183754
0.184466
0.187702
0.193926
0.203409
0.216055
0.231204
0.247504
0.262833
0.274519
0.28091
0.28223
0.280275
0.279443
0.280785
0.279508
0.270124
0.248883
0.217968
0.187656
0.159764
0.140412
0.127655
0.128392
0.128696
0.149099
0.14664
0.183466
0.15167
0.209086
0.0656771
0.210601
0.144524
0.16056
0.174835
0.183392
0.18971
0.194933
0.19885
0.201573
0.203449
0.204707
0.205458
0.205794
0.205834
0.205718
0.205596
0.205607
0.205836
0.206268
0.20676
0.207038
0.206757
0.205597
0.203388
0.200208
0.196388
0.192421
0.188851
0.186221
0.185072
0.185935
0.189346
0.195776
0.205502
0.218423
0.233852
0.250349
0.265582
0.2767
0.282198
0.282668
0.280236
0.279255
0.280432
0.278925
0.269974
0.249354
0.218621
0.188267
0.160364
0.140961
0.128174
0.128867
0.129141
0.149648
0.14718
0.184287
0.152613
0.210492
0.0671307
0.212638
0.14451
0.161181
0.175417
0.183883
0.190208
0.195451
0.199384
0.202125
0.204021
0.205302
0.206076
0.20644
0.20651
0.206429
0.206341
0.206381
0.206627
0.20706
0.207535
0.207784
0.207473
0.2063
0.204108
0.200979
0.197236
0.193362
0.189897
0.187381
0.18636
0.187366
0.190943
0.197572
0.207536
0.220729
0.236428
0.253079
0.268131
0.278614
0.283229
0.282953
0.280186
0.279137
0.280138
0.278385
0.269853
0.249835
0.219276
0.188853
0.160938
0.141486
0.12868
0.129329
0.129589
0.1502
0.147736
0.185126
0.1536
0.211939
0.0687038
0.214775
0.144459
0.161822
0.176005
0.18438
0.190713
0.195975
0.199923
0.202682
0.204597
0.205899
0.206698
0.207087
0.207188
0.207139
0.207085
0.207153
0.207416
0.207851
0.208311
0.208534
0.208198
0.207014
0.204839
0.201756
0.198083
0.194296
0.190927
0.188518
0.187616
0.188756
0.19249
0.199309
0.209504
0.222957
0.238895
0.255634
0.270419
0.280225
0.283999
0.283108
0.280144
0.279092
0.279907
0.27791
0.26977
0.250316
0.219923
0.189402
0.161476
0.141979
0.12917
0.129778
0.130042
0.150763
0.148312
0.185991
0.154642
0.213442
0.0704111
0.217042
0.144369
0.162487
0.176598
0.184882
0.191225
0.196505
0.200467
0.203242
0.205177
0.2065
0.207321
0.207736
0.207865
0.207848
0.207826
0.207921
0.208202
0.20864
0.209088
0.209289
0.208931
0.207738
0.205578
0.202538
0.19893
0.195221
0.19194
0.189629
0.188836
0.190101
0.193981
0.200977
0.211383
0.225065
0.241193
0.257945
0.27239
0.281505
0.284519
0.283163
0.280122
0.279113
0.279744
0.277519
0.269732
0.250783
0.220548
0.189905
0.16197
0.142433
0.129639
0.130213
0.130503
0.151337
0.148915
0.186893
0.155748
0.215016
0.0722692
0.219474
0.14424
0.163179
0.177193
0.185388
0.191744
0.197041
0.201015
0.203806
0.20576
0.207103
0.207946
0.208385
0.208542
0.208555
0.208563
0.208684
0.208983
0.209425
0.209865
0.210047
0.20967
0.208469
0.206323
0.203319
0.199768
0.19613
0.192928
0.190705
0.190009
0.191383
0.195392
0.202541
0.213126
0.226995
0.243254
0.259942
0.273996
0.282441
0.284813
0.283149
0.280129
0.279187
0.279649
0.277224
0.26974
0.251219
0.221129
0.19035
0.162409
0.142841
0.130084
0.130633
0.13098
0.151907
0.149581
0.187844
0.156935
0.21668
0.0743005
0.222115
0.144071
0.163903
0.177791
0.185899
0.192269
0.197581
0.201567
0.204373
0.206343
0.207706
0.20857
0.209032
0.209215
0.209256
0.209292
0.209438
0.209753
0.210201
0.210633
0.210799
0.210405
0.209196
0.207059
0.204086
0.200583
0.197002
0.193866
0.191717
0.191101
0.192566
0.19668
0.203954
0.214684
0.228695
0.245025
0.261579
0.275205
0.283034
0.28492
0.283099
0.280165
0.279297
0.279621
0.277032
0.269784
0.251594
0.221636
0.190719
0.16278
0.143195
0.130501
0.131042
0.131482
0.152503
0.150312
0.188867
0.15823
0.218459
0.0765395
0.225018
0.143858
0.164665
0.178393
0.186414
0.192796
0.198121
0.202117
0.204935
0.206921
0.2083
0.209182
0.209665
0.209871
0.209936
0.209996
0.210163
0.210491
0.210942
0.211366
0.211516
0.211103
0.209885
0.207752
0.204802
0.201335
0.197802
0.194719
0.192623
0.192069
0.193608
0.197807
0.20518
0.216022
0.230138
0.24648
0.262833
0.276008
0.283312
0.284891
0.283041
0.280226
0.279429
0.279656
0.276937
0.269837
0.251864
0.222018
0.190987
0.163064
0.143484
0.130884
0.131446
0.132024
0.153141
0.151142
0.189999
0.15967
0.220387
0.0790134
0.228246
0.14358
0.165455
0.178997
0.186938
0.193325
0.198657
0.202658
0.205484
0.207479
0.20887
0.209765
0.210262
0.210484
0.210567
0.210645
0.210828
0.211166
0.211619
0.212035
0.212171
0.211743
0.210514
0.208383
0.205449
0.202011
0.198516
0.195482
0.193465
0.192935
0.19451
0.198763
0.206199
0.217114
0.231283
0.247576
0.263667
0.2764
0.283327
0.284782
0.282994
0.2803
0.27958
0.279755
0.276925
0.269866
0.25198
0.222229
0.191133
0.163253
0.143701
0.131228
0.131849
0.132601
0.153827
0.152083
0.191268
0.161237
0.222495
0.0816269
0.231855
0.143146
0.166107
0.179443
0.187362
0.193765
0.199099
0.203097
0.205923
0.207923
0.209319
0.210221
0.210726
0.210958
0.211052
0.211141
0.211331
0.211672
0.212121
0.212528
0.212653
0.212215
0.210982
0.208856
0.205936
0.202518
0.199044
0.196022
0.193986
0.193548
0.195184
0.199476
0.206951
0.217883
0.231995
0.24811
0.263902
0.276326
0.283121
0.284648
0.282973
0.280383
0.279741
0.279894
0.276971
0.269881
0.251969
0.222305
0.191221
0.163395
0.143869
0.131523
0.132222
0.13312
0.154489
0.152987
0.19257
0.162686
0.224689
0.0839625
0.23575
0.14344
0.167368
0.180173
0.187916
0.194295
0.199603
0.203579
0.20639
0.208384
0.20978
0.210686
0.2112
0.211443
0.211552
0.211657
0.211863
0.212217
0.212674
0.213084
0.213205
0.212763
0.211528
0.209409
0.206504
0.203112
0.199669
0.196688
0.194713
0.194249
0.195882
0.200155
0.207564
0.218351
0.232214
0.247944
0.263432
0.275778
0.282738
0.284515
0.283021
0.280491
0.279901
0.280057
0.277132
0.269953
0.251979
0.222422
0.191445
0.16367
0.144144
0.131809
0.132491
0.133388
0.154933
0.153495
0.193565
0.163494
0.226767
0.0853823
0.239946
)
;

boundaryField
{
    inlet
    {
        type            zeroGradient;
    }
    outlet
    {
        type            fixedValue;
        value           uniform 0;
    }
    fixedWalls
    {
        type            zeroGradient;
    }
    frontAndBack
    {
        type            empty;
    }
}


// ************************************************************************* //
