/*--------------------------------*- C++ -*----------------------------------*\
| =========                 |                                                 |
| \\      /  F ield         | OpenFOAM: The Open Source CFD Toolbox           |
|  \\    /   O peration     | Version:  2.4.0                                 |
|   \\  /    A nd           | Web:      www.OpenFOAM.org                      |
|    \\/     M anipulation  |                                                 |
\*---------------------------------------------------------------------------*/
FoamFile
{
    version     2.0;
    format      ascii;
    class       surfaceScalarField;
    location    "1.69";
    object      phi_0;
}
// * * * * * * * * * * * * * * * * * * * * * * * * * * * * * * * * * * * * * //

dimensions      [0 3 -1 0 0 0 0];

internalField   nonuniform List<scalar> 
4456
(
2.34584e-06
1.54163e-07
2.48298e-06
-1.37146e-07
2.37995e-06
1.03037e-07
2.4032e-06
-2.32576e-08
2.66715e-06
-2.63944e-07
2.28714e-06
3.80011e-07
2.61399e-06
-3.26852e-07
2.5756e-06
3.83882e-08
2.38718e-06
1.88415e-07
2.72673e-06
-3.39544e-07
2.69171e-06
3.50194e-08
2.38476e-06
3.06953e-07
2.80932e-06
-4.24568e-07
2.24061e-06
5.68711e-07
2.37093e-06
-1.30316e-07
2.28538e-06
8.55537e-08
2.11371e-06
1.71668e-07
2.49062e-06
-3.76911e-07
2.37919e-06
1.11433e-07
2.08082e-07
2.1711e-06
2.45835e-06
1.95815e-07
2.46832e-06
-1.47118e-07
2.40604e-06
1.65315e-07
2.46031e-06
-7.75257e-08
2.46975e-06
-2.73387e-07
2.39717e-06
4.52594e-07
2.54984e-06
-4.79522e-07
2.52333e-06
6.48984e-08
2.51944e-06
1.92302e-07
2.51377e-06
-3.33871e-07
2.60314e-06
-5.43446e-08
2.43164e-06
4.78445e-07
2.5947e-06
-5.87627e-07
2.68898e-06
4.7443e-07
2.53509e-06
2.35767e-08
2.73779e-06
-1.17148e-07
2.57966e-06
3.29798e-07
2.36342e-06
-1.60668e-07
2.63835e-06
-1.63495e-07
2.61853e-07
2.58458e-06
2.56176e-06
1.34056e-07
2.56505e-06
-1.50412e-07
2.49791e-06
2.32455e-07
2.54256e-06
-1.22175e-07
2.44983e-06
-1.80651e-07
2.53221e-06
3.70208e-07
2.41132e-06
-3.58633e-07
2.42484e-06
5.1382e-08
2.5164e-06
1.00746e-07
2.43927e-06
-2.56744e-07
2.52829e-06
-1.43368e-07
2.5218e-06
4.84936e-07
2.40717e-06
-4.72997e-07
2.51955e-06
3.62051e-07
2.47848e-06
6.46477e-08
2.51902e-06
-1.57685e-07
2.64984e-06
1.98974e-07
2.4826e-06
6.57389e-09
2.47228e-06
-1.53173e-07
3.6435e-08
2.6977e-06
2.52775e-06
1.06303e-07
2.51405e-06
-1.36714e-07
2.54887e-06
1.97637e-07
2.49497e-06
-6.82769e-08
2.46467e-06
-1.50345e-07
2.56543e-06
2.69449e-07
2.43749e-06
-2.30695e-07
2.44935e-06
3.95207e-08
2.47747e-06
7.26268e-08
2.4574e-06
-2.36677e-07
2.47698e-06
-1.6295e-07
2.54167e-06
4.20251e-07
2.46225e-06
-3.93575e-07
2.42998e-06
3.94315e-07
2.50612e-06
-1.14924e-08
2.47703e-06
-1.28593e-07
2.51173e-06
1.6427e-07
2.57665e-06
-5.83391e-08
2.4373e-06
-1.38285e-08
-8.52173e-08
2.55895e-06
2.53163e-06
7.46734e-08
2.47771e-06
-8.27915e-08
2.54217e-06
1.33178e-07
2.4989e-06
-2.50115e-08
2.46103e-06
-1.12478e-07
2.54815e-06
1.82333e-07
2.50119e-06
-1.83733e-07
2.48644e-06
5.4275e-08
2.51649e-06
4.2569e-08
2.45456e-06
-1.74747e-07
2.43801e-06
-1.46396e-07
2.57692e-06
2.81338e-07
2.43171e-06
-2.48366e-07
2.52759e-06
2.98434e-07
2.52274e-06
-6.64107e-09
2.48816e-06
-9.4014e-08
2.5043e-06
1.48135e-07
2.529e-06
-8.30388e-08
2.48745e-06
2.77156e-08
-8.96381e-08
2.49187e-06
2.52077e-06
5.39059e-08
2.50147e-06
-6.34895e-08
2.53175e-06
1.02897e-07
2.50202e-06
4.7102e-09
2.48304e-06
-9.34905e-08
2.53333e-06
1.32038e-07
2.4921e-06
-1.42506e-07
2.49757e-06
4.88112e-08
2.5223e-06
1.78394e-08
2.46092e-06
-1.13373e-07
2.45375e-06
-1.39225e-07
2.54907e-06
1.86022e-07
2.41916e-06
-1.18455e-07
2.53972e-06
1.77875e-07
2.5171e-06
1.59727e-08
2.508e-06
-8.49083e-08
2.52757e-06
1.28566e-07
2.51511e-06
-7.05819e-08
2.50309e-06
3.97404e-08
-9.87179e-08
2.51217e-06
2.50045e-06
5.34533e-08
2.50306e-06
-6.60995e-08
2.53768e-06
6.82826e-08
2.50635e-06
3.60359e-08
2.49829e-06
-8.54252e-08
2.52434e-06
1.05984e-07
2.48225e-06
-1.0042e-07
2.51406e-06
1.70034e-08
2.50503e-06
2.68702e-08
2.47318e-06
-8.15221e-08
2.46428e-06
-1.30324e-07
2.50191e-06
1.48395e-07
2.44993e-06
-6.64832e-08
2.52736e-06
1.00445e-07
2.53157e-06
1.17667e-08
2.50247e-06
-5.58123e-08
2.50599e-06
1.25054e-07
2.53387e-06
-9.84665e-08
2.50875e-06
6.48586e-08
-9.82894e-08
2.50832e-06
2.50582e-06
4.76354e-08
2.49216e-06
-5.24417e-08
2.53257e-06
2.78716e-08
2.50727e-06
6.13337e-08
2.4811e-06
-5.92491e-08
2.51566e-06
7.14208e-08
2.48905e-06
-7.38098e-08
2.51099e-06
-4.93547e-09
2.51144e-06
2.64158e-08
2.4915e-06
-6.15788e-08
2.46033e-06
-9.9153e-08
2.49528e-06
1.13443e-07
2.47317e-06
-4.43696e-08
2.5376e-06
3.60168e-08
2.52539e-06
2.39702e-08
2.49178e-06
-2.21982e-08
2.50699e-06
1.09846e-07
2.51816e-06
-1.09641e-07
2.53446e-06
4.85608e-08
-4.65801e-08
2.48275e-06
2.49122e-06
5.64179e-08
2.48582e-06
-4.70431e-08
2.53467e-06
-2.09752e-08
2.51084e-06
8.51561e-08
2.48811e-06
-3.6512e-08
2.50796e-06
5.15628e-08
2.49749e-06
-6.33315e-08
2.50541e-06
-1.28606e-08
2.51245e-06
1.93755e-08
2.50826e-06
-5.73854e-08
2.45369e-06
-4.45889e-08
2.50266e-06
6.44768e-08
2.48382e-06
-2.55297e-08
2.53127e-06
-1.14319e-08
2.5191e-06
3.61424e-08
2.48374e-06
1.31562e-08
2.51579e-06
7.7796e-08
2.52138e-06
-1.15228e-07
2.52093e-06
4.90073e-08
-4.87066e-09
2.47922e-06
2.49222e-06
6.4201e-08
2.49257e-06
-4.74006e-08
2.51912e-06
-4.75252e-08
2.52371e-06
8.05679e-08
2.49851e-06
-1.13123e-08
2.51252e-06
3.75586e-08
2.5068e-06
-5.76174e-08
2.49499e-06
-1.04618e-09
2.51788e-06
-3.51453e-09
2.50001e-06
-3.95144e-08
2.46727e-06
-1.18499e-08
2.49711e-06
3.46392e-08
2.48882e-06
-1.7246e-08
2.52216e-06
-4.47723e-08
2.49071e-06
6.75966e-08
2.49406e-06
9.80568e-09
2.51112e-06
6.07379e-08
2.50195e-06
-1.06057e-07
2.51106e-06
3.98972e-08
2.26553e-08
2.48353e-06
2.50811e-06
5.60912e-08
2.4972e-06
-3.64878e-08
2.49498e-06
-4.53033e-08
2.53072e-06
4.48231e-08
2.50435e-06
1.50559e-08
2.52847e-06
1.34417e-08
2.49766e-06
-2.6804e-08
2.49063e-06
5.98072e-09
2.51091e-06
-2.3792e-08
2.49121e-06
-1.98136e-08
2.47629e-06
3.06405e-09
2.49131e-06
1.96251e-08
2.48948e-06
-1.54206e-08
2.49043e-06
-4.57181e-08
2.47841e-06
7.96145e-08
2.4967e-06
-8.48767e-09
2.5113e-06
4.61398e-08
2.50171e-06
-9.64726e-08
2.47653e-06
6.50824e-08
-8.39833e-09
2.50758e-06
2.53017e-06
2.59241e-08
2.5001e-06
-6.41716e-09
2.47597e-06
-2.11796e-08
2.51863e-06
2.16905e-09
2.51317e-06
2.05127e-08
2.52401e-06
2.59822e-09
2.48786e-06
9.34617e-09
2.49887e-06
-5.0221e-09
2.49214e-06
-1.70654e-08
2.49188e-06
-1.95536e-08
2.48243e-06
1.25107e-08
2.49675e-06
5.3075e-09
2.4985e-06
-1.71737e-08
2.47792e-06
-2.51313e-08
2.49483e-06
6.27027e-08
2.50391e-06
-1.75714e-08
2.51964e-06
3.04107e-08
2.50246e-06
-7.92883e-08
2.48259e-06
8.49537e-08
-3.45697e-08
2.50876e-06
2.52648e-06
-5.55211e-10
2.49991e-06
2.01516e-08
2.47585e-06
2.88047e-09
2.49521e-06
-1.71874e-08
2.50956e-06
6.15751e-09
2.51468e-06
-2.52015e-09
2.48446e-06
3.95657e-08
2.51454e-06
-3.50999e-08
2.49201e-06
5.46194e-09
2.49861e-06
-2.61492e-08
2.48583e-06
2.52922e-08
2.51382e-06
-2.26868e-08
2.49651e-06
1.35808e-10
2.48908e-06
-1.77058e-08
2.50613e-06
4.56608e-08
2.51732e-06
-2.87666e-08
2.51921e-06
2.85243e-08
2.49981e-06
-5.98942e-08
2.49837e-06
8.6396e-08
-4.60325e-08
2.50983e-06
2.51055e-06
-1.11021e-08
2.50169e-06
2.90052e-08
2.49712e-06
7.45343e-09
2.49288e-06
-1.29472e-08
2.49833e-06
7.03959e-10
2.50019e-06
-4.37224e-09
2.48917e-06
5.05837e-08
2.51899e-06
-6.49187e-08
2.50236e-06
2.2086e-08
2.50583e-06
-2.96173e-08
2.48762e-06
4.35021e-08
2.51363e-06
-4.86922e-08
2.49255e-06
2.12102e-08
2.49853e-06
-2.36809e-08
2.51045e-06
3.37375e-08
2.52578e-06
-4.4095e-08
2.50519e-06
4.91097e-08
2.49711e-06
-5.18104e-08
2.50034e-06
8.3166e-08
-5.59068e-08
2.51021e-06
2.49888e-06
-9.97931e-09
2.49672e-06
3.11606e-08
2.51136e-06
-7.1799e-09
2.50147e-06
-3.06205e-09
2.49271e-06
9.46391e-09
2.4949e-06
-6.565e-09
2.49591e-06
4.95721e-08
2.51258e-06
-8.15839e-08
2.50133e-06
3.33372e-08
2.51584e-06
-4.41334e-08
2.4923e-06
6.70422e-08
2.51075e-06
-6.714e-08
2.48806e-06
4.39037e-08
2.50358e-06
-3.92039e-08
2.50502e-06
3.22972e-08
2.52244e-06
-6.15088e-08
2.50103e-06
7.05164e-08
2.49265e-06
-4.34283e-08
2.49797e-06
7.78389e-08
-6.79621e-08
2.51003e-06
2.49296e-06
-2.94231e-09
2.49923e-06
2.48958e-08
2.5111e-06
-1.90568e-08
2.50478e-06
3.25864e-09
2.49837e-06
1.58819e-08
2.49643e-06
-4.63137e-09
2.51344e-06
3.25663e-08
2.50453e-06
-7.26789e-08
2.50325e-06
3.46205e-08
2.51167e-06
-5.2554e-08
2.50268e-06
7.60305e-08
2.50311e-06
-6.75726e-08
2.49228e-06
5.47389e-08
2.50782e-06
-5.47452e-08
2.49787e-06
4.22527e-08
2.51378e-06
-7.74276e-08
2.49425e-06
9.0049e-08
2.49629e-06
-4.54622e-08
2.48872e-06
8.54001e-08
-8.77537e-08
2.50852e-06
2.49678e-06
2.80822e-10
2.50434e-06
1.73358e-08
2.51036e-06
-2.50824e-08
2.50134e-06
1.22808e-08
2.50549e-06
1.17325e-08
2.49933e-06
1.53347e-09
2.52096e-06
1.09357e-08
2.49874e-06
-5.04614e-08
2.50215e-06
3.12108e-08
2.50222e-06
-5.26278e-08
2.50538e-06
7.28759e-08
2.49856e-06
-6.07602e-08
2.49506e-06
5.82409e-08
2.50855e-06
-6.82332e-08
2.49315e-06
5.76521e-08
2.50078e-06
-8.50563e-08
2.4864e-06
1.04425e-07
2.50563e-06
-6.46884e-08
2.48006e-06
1.10965e-07
-1.1737e-07
2.50968e-06
2.50294e-06
-2.65544e-09
2.50442e-06
1.58479e-08
2.50819e-06
-2.88456e-08
2.49986e-06
2.06119e-08
2.5134e-06
-1.81632e-09
2.5053e-06
9.64204e-09
2.52373e-06
-7.49862e-09
2.49444e-06
-2.11724e-08
2.50598e-06
1.96684e-08
2.48751e-06
-3.41548e-08
2.51159e-06
4.87966e-08
2.48954e-06
-3.87119e-08
2.5108e-06
3.69877e-08
2.48937e-06
-4.68121e-08
2.50829e-06
3.87397e-08
2.47319e-06
-4.99638e-08
2.50478e-06
7.28385e-08
2.48504e-06
-4.49518e-08
2.51624e-06
7.97656e-08
-9.16546e-08
2.49053e-06
2.50667e-06
-9.32613e-09
2.50596e-06
1.65539e-08
2.50108e-06
-2.39595e-08
2.50212e-06
1.957e-08
2.51465e-06
-1.43459e-08
2.50812e-06
1.61701e-08
2.52096e-06
-2.03318e-08
2.49396e-06
5.82645e-09
2.51377e-06
-1.43321e-10
2.48525e-06
-5.63284e-09
2.51786e-06
1.61875e-08
2.49119e-06
-1.20465e-08
2.5155e-06
1.26801e-08
2.48402e-06
-1.53369e-08
2.5063e-06
1.6462e-08
2.47359e-06
-1.72537e-08
2.49725e-06
4.91769e-08
2.49094e-06
-3.86409e-08
2.47594e-06
9.47687e-08
-1.10043e-07
2.49433e-06
2.49067e-06
2.50723e-06
2.48327e-06
2.50284e-06
2.48849e-06
2.50466e-06
2.48433e-06
2.49016e-06
2.49001e-06
2.48438e-06
2.50057e-06
2.48852e-06
2.5012e-06
2.48587e-06
2.50233e-06
2.48507e-06
2.53425e-06
2.49561e-06
2.59038e-06
2.48034e-06
2.45634e-06
-2.85237e-07
2.05984e-06
3.96498e-07
2.05437e-06
5.4767e-09
2.574e-06
-5.19635e-07
2.23274e-06
3.41261e-07
2.43998e-06
-2.07243e-07
2.49036e-06
-5.03752e-08
2.01648e-07
2.28871e-06
2.40653e-06
-1.07195e-07
2.898e-06
-9.49693e-08
2.522e-06
3.81478e-07
2.2759e-06
-2.73536e-07
2.59318e-06
2.39869e-08
2.4228e-06
-3.68637e-08
2.42225e-06
-4.98312e-08
1.32646e-08
2.61063e-06
2.3854e-06
2.05101e-07
2.59772e-06
-3.07294e-07
2.66295e-06
3.16256e-07
2.50735e-06
-1.17937e-07
2.55373e-06
-2.23947e-08
2.59928e-06
-8.24115e-08
2.68611e-06
-1.36663e-07
1.27159e-07
2.57221e-06
2.47144e-06
2.92616e-07
2.50904e-06
-3.44893e-07
2.62523e-06
2.00062e-07
2.57251e-06
-6.52114e-08
2.56216e-06
-1.205e-08
2.57943e-06
-9.96772e-08
2.51382e-06
-7.10576e-08
2.13301e-08
2.61965e-06
2.54104e-06
2.43446e-07
2.46569e-06
-2.69541e-07
2.54415e-06
1.21608e-07
2.53958e-06
-6.06433e-08
2.53806e-06
-1.05294e-08
2.484e-06
-4.56215e-08
2.47776e-06
-6.4817e-08
-5.89563e-08
2.55805e-06
2.54629e-06
2.09325e-07
2.47707e-06
-2.00324e-07
2.53252e-06
6.61558e-08
2.55791e-06
-8.6028e-08
2.50711e-06
4.02655e-08
2.47069e-06
-9.20386e-09
2.57259e-06
-1.66715e-07
-1.31167e-08
2.52675e-06
2.53299e-06
1.84655e-07
2.50944e-06
-1.76773e-07
2.55277e-06
2.28285e-08
2.51882e-06
-5.20793e-08
2.51453e-06
4.45514e-08
2.52677e-06
-2.14436e-08
2.50631e-06
-1.46248e-07
-6.46357e-08
2.55783e-06
2.51763e-06
1.49774e-07
2.52211e-06
-1.81255e-07
2.52637e-06
1.85756e-08
2.49135e-06
-1.70598e-08
2.51147e-06
2.44269e-08
2.51174e-06
-2.17138e-08
2.53232e-06
-1.66828e-07
-3.49947e-08
2.50268e-06
2.52553e-06
1.03462e-07
2.50298e-06
-1.58703e-07
2.5154e-06
6.15272e-09
2.49889e-06
-5.49835e-10
2.49303e-06
3.02942e-08
2.53506e-06
-6.37482e-08
2.50515e-06
-1.36918e-07
-2.81386e-08
2.4983e-06
2.52924e-06
5.77508e-08
2.49194e-06
-1.214e-07
2.51676e-06
-1.86662e-08
2.48711e-06
2.90955e-08
2.51762e-06
-2.11569e-10
2.53193e-06
-7.80551e-08
2.48128e-06
-8.62678e-08
-6.11975e-08
2.51434e-06
2.52394e-06
4.1398e-08
2.48067e-06
-7.8138e-08
2.51012e-06
-4.81147e-08
2.49951e-06
3.97066e-08
2.52926e-06
-2.99634e-08
2.50823e-06
-5.70207e-08
2.49509e-06
-7.31249e-08
-6.53124e-08
2.4992e-06
2.51393e-06
3.62212e-08
2.49789e-06
-6.2089e-08
2.47873e-06
-2.89558e-08
2.50546e-06
1.29774e-08
2.52611e-06
-5.06227e-08
2.50556e-06
-3.64651e-08
2.50593e-06
-7.34977e-08
-6.07263e-08
2.50135e-06
2.50127e-06
4.4791e-08
2.50267e-06
-6.34949e-08
2.46732e-06
6.39798e-09
2.49661e-06
-1.63113e-08
2.50254e-06
-5.65584e-08
2.50523e-06
-3.91496e-08
2.49943e-06
-6.76991e-08
-8.15598e-08
2.52026e-06
2.48509e-06
6.9916e-08
2.50293e-06
-8.13334e-08
2.45864e-06
5.06859e-08
2.48998e-06
-4.7654e-08
2.47606e-06
-4.26338e-08
2.50651e-06
-6.96002e-08
2.48742e-06
-4.86115e-08
-1.18715e-07
2.52458e-06
2.47418e-06
1.05761e-07
2.49928e-06
-1.06428e-07
2.45744e-06
9.2528e-08
2.49884e-06
-8.90535e-08
2.45023e-06
5.96944e-09
2.50328e-06
-1.22644e-07
2.46853e-06
-1.38633e-08
-1.87568e-07
2.53738e-06
2.46455e-06
1.4973e-07
2.48947e-06
-1.31347e-07
2.4589e-06
1.23098e-07
2.50581e-06
-1.35969e-07
2.44666e-06
6.51248e-08
2.49909e-06
-1.7508e-07
2.44374e-06
4.14937e-08
-2.93438e-07
2.54961e-06
2.45352e-06
2.05891e-07
2.48348e-06
-1.61303e-07
2.45895e-06
1.47628e-07
2.50317e-06
-1.80189e-07
2.43806e-06
1.30234e-07
2.49558e-06
-2.32604e-07
2.42471e-06
1.12366e-07
-4.24985e-07
2.55625e-06
2.44606e-06
2.50363e-07
2.48245e-06
-1.97696e-07
2.44636e-06
1.83718e-07
2.4921e-06
-2.25926e-07
2.41988e-06
2.02447e-07
2.46533e-06
-2.78053e-07
2.38343e-06
1.94268e-07
-5.94969e-07
2.55341e-06
2.36249e-06
3.82197e-07
2.42652e-06
-2.61728e-07
2.34008e-06
2.70157e-07
2.36447e-06
-2.50311e-07
2.30881e-06
2.5811e-07
2.29955e-06
-2.68793e-07
2.23033e-06
2.63486e-07
-7.6629e-07
2.40165e-06
2.47798e-06
3.84557e-07
2.40898e-06
-1.92737e-07
2.34506e-06
3.34083e-07
2.29379e-06
-1.99047e-07
2.26177e-06
2.90139e-07
2.15737e-06
-1.64401e-07
2.12832e-06
2.92537e-07
2.10717e-06
-7.45132e-07
2.16531e-06
1.23398e-07
2.7234e-06
-5.5809e-07
2.503e-06
2.20403e-07
2.21283e-06
2.90171e-07
2.78741e-06
-5.74584e-07
2.29509e-06
4.92327e-07
2.37019e-06
-7.51049e-08
2.51392e-06
-1.43735e-07
2.48856e-06
2.53641e-08
2.78267e-06
-2.94106e-07
2.5281e-06
2.54566e-07
2.98302e-06
-4.54915e-07
2.99777e-06
-1.47524e-08
2.9859e-06
1.18708e-08
3.62762e-06
-6.41725e-07
3.40906e-06
2.18566e-07
3.71225e-06
-3.03195e-07
4.39776e-06
-6.85511e-07
4.62945e-06
-2.31692e-07
5.1569e-06
-5.27445e-07
5.38386e-06
-2.26962e-07
5.85933e-06
-4.75468e-07
5.99119e-06
-1.31861e-07
6.4259e-06
-4.34707e-07
6.28623e-06
1.39667e-07
6.56978e-06
-2.83549e-07
6.07726e-06
4.92519e-07
1.25878e-07
5.95138e-06
2.49125e-06
2.42784e-07
2.40918e-06
-4.76019e-07
2.40274e-06
2.26839e-07
2.56765e-06
1.25268e-07
2.75785e-06
-7.64794e-07
2.44038e-06
8.09806e-07
2.78049e-06
-4.15217e-07
2.73655e-06
-9.97998e-08
2.67346e-06
8.84598e-08
2.81737e-06
-4.38016e-07
2.7986e-06
2.73335e-07
2.93362e-06
-5.89933e-07
2.97258e-06
-5.37195e-08
3.00174e-06
-1.7286e-08
3.56393e-06
-1.20391e-06
3.41669e-06
3.65806e-07
3.91393e-06
-8.00434e-07
4.22808e-06
-9.99663e-07
4.45358e-06
-4.57188e-07
4.93157e-06
-1.00544e-06
5.2421e-06
-5.37495e-07
5.65033e-06
-8.83697e-07
5.88269e-06
-3.64225e-07
6.14272e-06
-6.94732e-07
6.21582e-06
6.65698e-08
6.20208e-06
-2.69813e-07
6.17187e-06
5.22729e-07
5.04018e-07
5.79373e-06
2.75507e-06
5.99294e-08
2.69615e-06
-4.17104e-07
2.59792e-06
3.25069e-07
2.6658e-06
5.73944e-08
2.67792e-06
-7.76917e-07
2.77599e-06
7.11731e-07
2.69069e-06
-3.29913e-07
2.63134e-06
-4.04534e-08
2.74089e-06
-2.10897e-08
2.8751e-06
-5.72219e-07
2.83903e-06
3.09401e-07
2.94879e-06
-6.99692e-07
3.09151e-06
-1.96439e-07
3.08418e-06
-9.95592e-09
3.69933e-06
-1.81906e-06
3.76643e-06
2.98701e-07
4.2234e-06
-1.2574e-06
4.37375e-06
-1.15001e-06
4.50464e-06
-5.88083e-07
5.11115e-06
-1.61195e-06
5.30694e-06
-7.3328e-07
5.74939e-06
-1.32614e-06
6.04634e-06
-6.61183e-07
6.23316e-06
-8.81543e-07
6.42832e-06
-1.28597e-07
6.3243e-06
-1.65792e-07
6.3824e-06
4.64625e-07
8.92198e-07
5.99422e-06
2.68283e-06
-3.24406e-09
2.41878e-06
-1.53059e-07
2.69793e-06
4.59196e-08
2.6706e-06
8.47234e-08
2.43035e-06
-5.36668e-07
2.69524e-06
4.46846e-07
2.57044e-06
-2.05117e-07
2.62247e-06
-9.24794e-08
2.66484e-06
-6.34669e-08
2.70137e-06
-6.08745e-07
2.84224e-06
1.68533e-07
2.95181e-06
-8.09262e-07
3.09711e-06
-3.41738e-07
3.31589e-06
-2.28739e-07
3.3428e-06
-1.84597e-06
3.73802e-06
-9.65155e-08
4.01625e-06
-1.53564e-06
4.17278e-06
-1.30654e-06
4.56163e-06
-9.7693e-07
4.97117e-06
-2.02149e-06
5.2892e-06
-1.05131e-06
5.67178e-06
-1.70872e-06
5.99562e-06
-9.85023e-07
6.1826e-06
-1.06853e-06
6.37991e-06
-3.25904e-07
6.39103e-06
-1.76908e-07
6.36249e-06
4.93163e-07
1.00555e-06
6.24913e-06
2.58843e-06
-3.36276e-08
2.45218e-06
-1.68097e-08
2.58995e-06
-9.18511e-08
2.59652e-06
7.81549e-08
2.5112e-06
-4.51346e-07
2.65721e-06
3.00834e-07
2.59859e-06
-1.46498e-07
2.74233e-06
-2.36213e-07
2.74197e-06
-6.31088e-08
2.74924e-06
-6.16013e-07
2.9689e-06
-5.11315e-08
2.89638e-06
-7.36744e-07
3.08932e-06
-5.34675e-07
3.40259e-06
-5.42013e-07
3.1843e-06
-1.62768e-06
3.78223e-06
-6.9445e-07
3.84172e-06
-1.59512e-06
4.08927e-06
-1.55409e-06
4.56203e-06
-1.44969e-06
4.96433e-06
-2.42379e-06
5.2996e-06
-1.38658e-06
5.73387e-06
-2.14298e-06
6.05234e-06
-1.30349e-06
6.27047e-06
-1.28666e-06
6.51002e-06
-5.65451e-07
6.5372e-06
-2.04095e-07
6.51901e-06
5.11351e-07
1.09184e-06
6.43273e-06
2.54467e-06
-5.15485e-08
2.56201e-06
-3.415e-08
2.55645e-06
-8.62915e-08
2.603e-06
3.16073e-08
2.55879e-06
-4.07133e-07
2.6521e-06
2.07526e-07
2.67683e-06
-1.71228e-07
2.73991e-06
-2.99292e-07
2.75472e-06
-7.79235e-08
2.71203e-06
-5.73326e-07
2.88663e-06
-2.25732e-07
2.8399e-06
-6.90013e-07
3.0482e-06
-7.42973e-07
3.16102e-06
-6.54831e-07
3.19275e-06
-1.65941e-06
3.68587e-06
-1.18757e-06
3.73984e-06
-1.64909e-06
4.13379e-06
-1.94804e-06
4.64236e-06
-1.95827e-06
4.9363e-06
-2.71774e-06
5.41292e-06
-1.8632e-06
5.85965e-06
-2.58971e-06
6.2025e-06
-1.64634e-06
6.48116e-06
-1.56533e-06
6.71887e-06
-8.03161e-07
6.75119e-06
-2.3641e-07
6.73852e-06
5.24018e-07
1.2179e-06
6.61246e-06
2.55165e-06
-4.53735e-08
2.5265e-06
-8.99588e-09
2.56772e-06
-1.27516e-07
2.62898e-06
-2.96506e-08
2.49485e-06
-2.73008e-07
2.59652e-06
1.05862e-07
2.60283e-06
-1.77541e-07
2.61777e-06
-3.14226e-07
2.70926e-06
-1.69417e-07
2.65997e-06
-5.2404e-07
2.76789e-06
-3.33652e-07
2.78791e-06
-7.10027e-07
2.89367e-06
-8.48737e-07
3.09636e-06
-8.57523e-07
3.1605e-06
-1.72355e-06
3.52157e-06
-1.54864e-06
3.75605e-06
-1.88356e-06
4.20804e-06
-2.40003e-06
4.62928e-06
-2.3795e-06
4.91383e-06
-3.00228e-06
5.59153e-06
-2.5409e-06
5.9697e-06
-2.96788e-06
6.3493e-06
-2.02594e-06
6.62911e-06
-1.84514e-06
6.82806e-06
-1.00211e-06
6.8773e-06
-2.85655e-07
6.86545e-06
5.35872e-07
1.32843e-06
6.75492e-06
2.51777e-06
-6.0458e-08
2.546e-06
-3.72335e-08
2.55407e-06
-1.3558e-07
2.56149e-06
-3.70727e-08
2.51489e-06
-2.26409e-07
2.57271e-06
4.80414e-08
2.55774e-06
-1.62567e-07
2.6097e-06
-3.66185e-07
2.6418e-06
-2.01518e-07
2.62576e-06
-5.08006e-07
2.75869e-06
-4.6658e-07
2.7435e-06
-6.94831e-07
2.84137e-06
-9.4661e-07
3.06318e-06
-1.07934e-06
3.06197e-06
-1.72233e-06
3.42246e-06
-1.90913e-06
3.71446e-06
-2.17557e-06
4.01978e-06
-2.70536e-06
4.50174e-06
-2.86146e-06
4.96117e-06
-3.46171e-06
5.67035e-06
-3.25008e-06
5.94821e-06
-3.24574e-06
6.32105e-06
-2.39878e-06
6.5661e-06
-2.09019e-06
6.67962e-06
-1.11562e-06
6.72678e-06
-3.32815e-07
6.71393e-06
5.48726e-07
1.41246e-06
6.62989e-06
2.52549e-06
-8.76499e-08
2.52149e-06
-3.32322e-08
2.56095e-06
-1.75045e-07
2.57552e-06
-5.16422e-08
2.50728e-06
-1.58171e-07
2.56063e-06
-5.30169e-09
2.57046e-06
-1.72403e-07
2.57536e-06
-3.71084e-07
2.58421e-06
-2.10361e-07
2.62427e-06
-5.48071e-07
2.67511e-06
-5.17418e-07
2.70653e-06
-7.26255e-07
2.80961e-06
-1.04968e-06
2.91741e-06
-1.18714e-06
3.02056e-06
-1.82548e-06
3.33681e-06
-2.22538e-06
3.56993e-06
-2.40868e-06
3.92015e-06
-3.05557e-06
4.57498e-06
-3.5163e-06
5.07881e-06
-3.96554e-06
5.55003e-06
-3.7213e-06
5.71929e-06
-3.415e-06
6.01522e-06
-2.69471e-06
6.13102e-06
-2.206e-06
6.1335e-06
-1.1181e-06
6.19296e-06
-3.92276e-07
6.15038e-06
5.91303e-07
1.4409e-06
6.12195e-06
2.49782e-06
-7.11297e-08
2.55353e-06
-8.89444e-08
2.53246e-06
-1.53979e-07
2.52669e-06
-4.58703e-08
2.53831e-06
-1.69792e-07
2.53518e-06
-2.17382e-09
2.55563e-06
-1.9285e-07
2.51006e-06
-3.2551e-07
2.56385e-06
-2.64159e-07
2.56085e-06
-5.45072e-07
2.6019e-06
-5.58464e-07
2.68576e-06
-8.1012e-07
2.67324e-06
-1.03716e-06
2.80621e-06
-1.32011e-06
2.97356e-06
-1.99283e-06
3.11322e-06
-2.36504e-06
3.41645e-06
-2.71191e-06
3.94531e-06
-3.58444e-06
4.52433e-06
-4.09532e-06
4.83663e-06
-4.27783e-06
5.06095e-06
-3.94562e-06
5.15101e-06
-3.50506e-06
5.29263e-06
-2.83633e-06
5.23011e-06
-2.14348e-06
5.20921e-06
-1.0972e-06
5.27221e-06
-4.55271e-07
5.20863e-06
6.54884e-07
1.39377e-06
5.25576e-06
2.50761e-06
-7.9539e-08
2.55941e-06
-1.40749e-07
2.49961e-06
-9.41728e-08
2.54235e-06
-8.86164e-08
2.49374e-06
-1.21177e-07
2.53441e-06
-4.28411e-08
2.5547e-06
-2.13143e-07
2.48841e-06
-2.59226e-07
2.53455e-06
-3.10297e-07
2.48658e-06
-4.97105e-07
2.55328e-06
-6.25161e-07
2.59392e-06
-8.50756e-07
2.59146e-06
-1.0347e-06
2.76692e-06
-1.49557e-06
2.81623e-06
-2.04214e-06
2.95009e-06
-2.49891e-06
3.41335e-06
-3.17517e-06
3.84678e-06
-4.01787e-06
4.14507e-06
-4.39362e-06
4.28561e-06
-4.41837e-06
4.31456e-06
-3.97457e-06
4.2793e-06
-3.4698e-06
4.2585e-06
-2.81553e-06
4.16101e-06
-2.04599e-06
4.23566e-06
-1.17186e-06
4.25185e-06
-4.71458e-07
4.2459e-06
6.60833e-07
1.31456e-06
4.32512e-06
2.53151e-06
-1.09705e-07
2.53835e-06
-1.47585e-07
2.50627e-06
-6.20936e-08
2.51593e-06
-9.82773e-08
2.49092e-06
-9.6167e-08
2.54807e-06
-9.99895e-08
2.51294e-06
-1.78011e-07
2.50075e-06
-2.47035e-07
2.51137e-06
-3.20923e-07
2.45101e-06
-4.3674e-07
2.50301e-06
-6.77162e-07
2.48752e-06
-8.35272e-07
2.52803e-06
-1.07521e-06
2.61265e-06
-1.58019e-06
2.6302e-06
-2.05969e-06
2.8733e-06
-2.74201e-06
3.27172e-06
-3.57359e-06
3.49693e-06
-4.24308e-06
3.58007e-06
-4.47676e-06
3.51842e-06
-4.35673e-06
3.39211e-06
-3.84826e-06
3.29285e-06
-3.37053e-06
3.21828e-06
-2.74096e-06
3.13883e-06
-1.96654e-06
3.13244e-06
-1.16547e-06
3.03678e-06
-3.75799e-07
3.05569e-06
6.41924e-07
1.2211e-06
3.14915e-06
2.53342e-06
-1.22861e-07
2.53025e-06
-1.44423e-07
2.50014e-06
-3.19814e-08
2.50613e-06
-1.04269e-07
2.4904e-06
-8.04343e-08
2.52371e-06
-1.33301e-07
2.51378e-06
-1.68079e-07
2.49343e-06
-2.26687e-07
2.46937e-06
-2.96858e-07
2.44507e-06
-4.12437e-07
2.43822e-06
-6.70318e-07
2.40934e-06
-8.06386e-07
2.44757e-06
-1.11344e-06
2.44889e-06
-1.58152e-06
2.48337e-06
-2.09417e-06
2.72961e-06
-2.98824e-06
2.95398e-06
-3.79797e-06
2.94553e-06
-4.23462e-06
2.78074e-06
-4.31197e-06
2.56934e-06
-4.14533e-06
2.39381e-06
-3.67272e-06
2.19235e-06
-3.16907e-06
2.00318e-06
-2.5518e-06
1.90365e-06
-1.86701e-06
1.83429e-06
-1.09611e-06
1.78462e-06
-3.26121e-07
1.89736e-06
5.29182e-07
1.18307e-06
1.93538e-06
2.55318e-06
-1.51467e-07
2.51654e-06
-1.07784e-07
2.50694e-06
-2.23789e-08
2.50056e-06
-9.78885e-08
2.49663e-06
-7.65056e-08
2.5027e-06
-1.39373e-07
2.47711e-06
-1.42487e-07
2.4681e-06
-2.17673e-07
2.4436e-06
-2.72362e-07
2.40551e-06
-3.74349e-07
2.36617e-06
-6.30979e-07
2.33902e-06
-7.79232e-07
2.33073e-06
-1.10514e-06
2.27836e-06
-1.52915e-06
2.34024e-06
-2.15605e-06
2.49203e-06
-3.14004e-06
2.46003e-06
-3.76596e-06
2.22286e-06
-3.99745e-06
1.93129e-06
-4.0204e-06
1.62805e-06
-3.84209e-06
1.31313e-06
-3.35781e-06
1.00724e-06
-2.86318e-06
8.08135e-07
-2.35269e-06
6.68171e-07
-1.72704e-06
5.25072e-07
-9.53015e-07
5.38933e-07
-3.39982e-07
6.18241e-07
4.49875e-07
1.13164e-06
6.69675e-07
2.54659e-06
-1.60671e-07
2.5184e-06
-7.95941e-08
2.52121e-06
-2.51905e-08
2.49437e-06
-7.10519e-08
2.50266e-06
-8.47993e-08
2.48072e-06
-1.17427e-07
2.45665e-06
-1.18418e-07
2.43546e-06
-1.96488e-07
2.39747e-06
-2.34374e-07
2.37578e-06
-3.5265e-07
2.29858e-06
-5.53781e-07
2.24831e-06
-7.28964e-07
2.2145e-06
-1.07134e-06
2.11729e-06
-1.43194e-06
2.14177e-06
-2.18053e-06
2.10313e-06
-3.1014e-06
1.83663e-06
-3.49945e-06
1.44502e-06
-3.60585e-06
9.97838e-07
-3.57322e-06
5.41631e-07
-3.38588e-06
1.64865e-07
-2.98104e-06
-1.88411e-07
-2.50991e-06
-4.85095e-07
-2.05601e-06
-6.97587e-07
-1.51455e-06
-7.86179e-07
-8.64423e-07
-7.85831e-07
-3.4033e-07
-8.00156e-07
4.642e-07
9.31073e-07
-5.99589e-07
2.54482e-06
-1.55885e-07
2.514e-06
-4.877e-08
2.53095e-06
-4.21436e-08
2.51238e-06
-5.24784e-08
2.49462e-06
-6.70437e-08
2.46812e-06
-9.09303e-08
2.43715e-06
-8.74421e-08
2.41661e-06
-1.75954e-07
2.37505e-06
-1.92814e-07
2.32138e-06
-2.98972e-07
2.2405e-06
-4.72901e-07
2.17025e-06
-6.58722e-07
2.06985e-06
-9.70932e-07
1.96403e-06
-1.32612e-06
1.87579e-06
-2.09228e-06
1.60963e-06
-2.83524e-06
1.17038e-06
-3.06021e-06
6.19094e-07
-3.05456e-06
8.85877e-10
-2.95501e-06
-5.4597e-07
-2.83902e-06
-9.9563e-07
-2.53138e-06
-1.3885e-06
-2.11703e-06
-1.71281e-06
-1.73169e-06
-1.96303e-06
-1.26433e-06
-2.08689e-06
-7.40566e-07
-2.15239e-06
-2.7483e-07
-2.0765e-06
3.88313e-07
7.21736e-07
-1.86716e-06
2.53374e-06
-1.33365e-07
2.51577e-06
-3.08075e-08
2.52814e-06
-5.45094e-08
2.50942e-06
-3.37624e-08
2.48802e-06
-4.56393e-08
2.45032e-06
-5.32342e-08
2.41907e-06
-5.61932e-08
2.38532e-06
-1.42197e-07
2.34734e-06
-1.54834e-07
2.27994e-06
-2.31572e-07
2.17759e-06
-3.70559e-07
2.06681e-06
-5.47935e-07
1.92539e-06
-8.2951e-07
1.75765e-06
-1.15839e-06
1.50096e-06
-1.83559e-06
1.03857e-06
-2.37285e-06
4.31739e-07
-2.45338e-06
-2.37679e-07
-2.38514e-06
-9.19165e-07
-2.27352e-06
-1.58633e-06
-2.17186e-06
-2.13719e-06
-1.98052e-06
-2.58865e-06
-1.66558e-06
-2.95685e-06
-1.36349e-06
-3.22614e-06
-9.95053e-07
-3.3658e-06
-6.00899e-07
-3.43929e-06
-2.01344e-07
-3.32045e-06
2.69472e-07
5.77259e-07
-3.17597e-06
2.50676e-06
-8.67131e-08
2.50025e-06
-2.4292e-08
2.49742e-06
-5.16833e-08
2.47206e-06
-8.40207e-09
2.44534e-06
-1.8917e-08
2.41615e-06
-2.40422e-08
2.39388e-06
-3.39238e-08
2.34114e-06
-8.94564e-08
2.28789e-06
-1.01584e-07
2.21695e-06
-1.60635e-07
2.10167e-06
-2.55276e-07
1.95069e-06
-3.96956e-07
1.73328e-06
-6.12104e-07
1.46962e-06
-8.94726e-07
1.03612e-06
-1.4021e-06
3.7075e-07
-1.70747e-06
-3.75207e-07
-1.70742e-06
-1.13408e-06
-1.62627e-06
-1.87794e-06
-1.52966e-06
-2.57336e-06
-1.47644e-06
-3.19849e-06
-1.35539e-06
-3.70872e-06
-1.15535e-06
-4.12726e-06
-9.44942e-07
-4.42686e-06
-6.95459e-07
-4.60318e-06
-4.24571e-07
-4.67078e-06
-1.33748e-07
-4.5692e-06
1.67898e-07
4.23715e-07
-4.41566e-06
2.35706e-06
-4.21205e-08
2.35238e-06
-1.9615e-08
2.33624e-06
-3.55482e-08
2.32006e-06
7.78133e-09
2.30961e-06
-8.46854e-09
2.2896e-06
-4.02658e-09
2.27148e-06
-1.581e-08
2.21886e-06
-3.68374e-08
2.15639e-06
-3.91092e-08
2.07914e-06
-8.33917e-08
1.95491e-06
-1.31043e-07
1.77423e-06
-2.16275e-07
1.48825e-06
-3.26122e-07
1.09887e-06
-5.05342e-07
4.88914e-07
-7.92146e-07
-3.21731e-07
-8.96828e-07
-1.16284e-06
-8.66313e-07
-1.97383e-06
-8.15282e-07
-2.73843e-06
-7.65055e-07
-3.46079e-06
-7.54082e-07
-4.11756e-06
-6.98615e-07
-4.67738e-06
-5.95531e-07
-5.13315e-06
-4.89178e-07
-5.46782e-06
-3.60784e-07
-5.67003e-06
-2.22363e-07
-5.73892e-06
-6.48555e-08
-5.65741e-06
8.63806e-08
2.23009e-07
-5.4567e-06
2.06504e-06
2.04543e-06
2.00988e-06
2.01766e-06
2.00919e-06
2.00517e-06
1.98936e-06
1.95252e-06
1.91341e-06
1.83002e-06
1.69898e-06
1.4827e-06
1.15658e-06
6.51237e-07
-1.40909e-07
-1.03774e-06
-1.90405e-06
-2.71933e-06
-3.48439e-06
-4.23847e-06
-4.93709e-06
-5.53262e-06
-6.02179e-06
-6.38258e-06
-6.60494e-06
-6.6698e-06
-6.58342e-06
-6.36041e-06
5.48459e-06
1.31458e-06
-8.47787e-07
4.56851e-06
1.51384e-06
-5.97767e-07
3.75162e-06
1.82094e-06
-1.00404e-06
3.02033e-06
2.14286e-06
-1.41157e-06
2.88513e-06
6.86772e-07
-5.51574e-07
2.8564e-06
-9.91309e-07
1.02004e-06
1.45592e-06
-1.86958e-06
3.27006e-06
-3.66973e-06
-9.43139e-07
6.0688e-06
5.86314e-06
1.24517e-06
5.28032e-06
2.09666e-06
5.47388e-06
1.62738e-06
5.09475e-06
2.52199e-06
4.58952e-06
1.192e-06
4.05458e-06
-4.56372e-07
3.43438e-06
-1.24938e-06
-3.5369e-06
3.30154e-06
6.01586e-06
1.22354e-06
5.88322e-06
2.2293e-06
5.62645e-06
1.88416e-06
5.89542e-06
2.25302e-06
5.40799e-06
1.67944e-06
4.20584e-06
7.45781e-07
3.24149e-06
-2.85039e-07
-2.96029e-07
6.24144e-10
6.09793e-06
1.37474e-06
6.12332e-06
2.20392e-06
5.74663e-06
2.26085e-06
5.72552e-06
2.27413e-06
5.21698e-06
2.18797e-06
4.77916e-06
1.18361e-06
3.2506e-06
1.24352e-06
9.43395e-07
2.01118e-06
6.17626e-06
1.63121e-06
6.14304e-06
2.23714e-06
5.83926e-06
2.56463e-06
5.62307e-06
2.49032e-06
5.27581e-06
2.53523e-06
4.62224e-06
1.83718e-06
3.65212e-06
2.21364e-06
1.3303e-06
3.26521e-06
6.34818e-06
1.89549e-06
6.13057e-06
2.45475e-06
5.81704e-06
2.87816e-06
5.48952e-06
2.81784e-06
5.12136e-06
2.90339e-06
4.50629e-06
2.45224e-06
4.02323e-06
2.6967e-06
2.13799e-06
3.21554e-06
6.52553e-06
2.12488e-06
6.2609e-06
2.71938e-06
5.8557e-06
3.28336e-06
5.4093e-06
3.26424e-06
4.95944e-06
3.35325e-06
4.52649e-06
2.88519e-06
3.962e-06
3.26118e-06
2.55705e-06
3.54295e-06
6.45667e-06
2.2981e-06
6.26896e-06
2.90708e-06
5.88389e-06
3.66843e-06
5.43574e-06
3.71239e-06
4.88929e-06
3.8997e-06
4.44777e-06
3.32672e-06
3.98473e-06
3.72422e-06
2.92692e-06
3.61486e-06
6.03588e-06
2.38417e-06
5.97727e-06
2.96569e-06
5.70614e-06
3.93955e-06
5.39929e-06
4.01924e-06
4.90273e-06
4.39626e-06
4.40517e-06
3.82428e-06
4.02601e-06
4.10338e-06
3.33618e-06
3.61675e-06
5.22997e-06
2.40996e-06
5.3009e-06
2.89476e-06
5.21128e-06
4.02917e-06
5.10358e-06
4.12694e-06
4.8237e-06
4.67614e-06
4.44596e-06
4.20202e-06
4.08385e-06
4.46549e-06
3.75077e-06
3.66926e-06
4.31758e-06
2.4175e-06
4.4646e-06
2.74774e-06
4.52311e-06
3.97066e-06
4.55887e-06
4.09118e-06
4.41908e-06
4.81593e-06
4.301e-06
4.32009e-06
4.09375e-06
4.67274e-06
4.04055e-06
3.80397e-06
3.23773e-06
2.32892e-06
3.4013e-06
2.58417e-06
3.60242e-06
3.76954e-06
3.8848e-06
3.8088e-06
3.88389e-06
4.81685e-06
3.97395e-06
4.23004e-06
3.88188e-06
4.76481e-06
4.23568e-06
3.68676e-06
2.15601e-06
2.10829e-06
2.34376e-06
2.39642e-06
2.52625e-06
3.58706e-06
2.89999e-06
3.43505e-06
3.1244e-06
4.59244e-06
3.4827e-06
3.87174e-06
3.50431e-06
4.7432e-06
4.21058e-06
3.5294e-06
8.90064e-07
1.8879e-06
1.10813e-06
2.17835e-06
1.52886e-06
3.16633e-06
1.93718e-06
3.02673e-06
2.20191e-06
4.32771e-06
2.68384e-06
3.38981e-06
2.87897e-06
4.54807e-06
3.92909e-06
3.16046e-06
-2.97304e-07
1.58561e-06
-9.05668e-08
1.97161e-06
2.82316e-07
2.79345e-06
7.12201e-07
2.59685e-06
1.28553e-06
3.75438e-06
1.85687e-06
2.81847e-06
2.17564e-06
4.2293e-06
3.54067e-06
2.56407e-06
-1.68142e-06
1.39987e-06
-1.33526e-06
1.62545e-06
-7.49924e-07
2.20812e-06
-3.655e-07
2.21243e-06
2.1266e-07
3.17622e-06
7.13124e-07
2.318e-06
1.36231e-06
3.58011e-06
2.97786e-06
1.92512e-06
-2.89938e-06
1.12328e-06
-2.43408e-06
1.16015e-06
-2.05804e-06
1.83207e-06
-1.64304e-06
1.79743e-06
-6.6346e-07
2.19663e-06
-1.96841e-07
1.85139e-06
4.55656e-07
2.92762e-06
2.38469e-06
1.04882e-06
-4.05093e-06
7.58554e-07
-3.67658e-06
7.85798e-07
-3.2085e-06
1.36399e-06
-2.41977e-06
1.0087e-06
-1.69683e-06
1.4737e-06
-1.44274e-06
1.59729e-06
-2.90634e-07
1.77551e-06
1.62717e-06
4.66895e-07
-5.05572e-06
3.57578e-07
-4.68707e-06
4.17146e-07
-4.03733e-06
7.14247e-07
-3.44392e-06
4.15285e-07
-2.81829e-06
8.48071e-07
-1.82617e-06
6.05164e-07
-8.4768e-07
7.97028e-07
1.36341e-06
-5.8392e-07
-6.00283e-06
-5.58568e-06
-4.87144e-06
-4.45615e-06
-3.60808e-06
-3.00292e-06
-2.20589e-06
-8.42482e-07
7.31196e-08
-1.01626e-06
1.59255e-06
-1.51944e-06
1.56332e-06
2.92315e-08
1.75216e-06
-1.88832e-07
1.97264e-06
-2.20484e-07
2.06669e-06
-9.40549e-08
2.03657e-06
3.01209e-08
1.97627e-06
6.02995e-08
1.948e-06
2.82733e-08
1.97624e-06
-2.82444e-08
1.95651e-06
1.9733e-08
1.94536e-06
1.11532e-08
1.89129e-06
5.40729e-08
1.93513e-06
-4.38439e-08
1.9275e-06
7.63028e-09
2.02493e-06
-9.74344e-08
2.00079e-06
2.41444e-08
2.12045e-06
-1.19663e-07
2.15074e-06
-3.02833e-08
1.52824e-07
2.34652e-06
-6.12401e-08
1.73117e-06
-9.04083e-07
1.73502e-06
2.5384e-08
1.90375e-06
-3.57558e-07
2.00591e-06
-3.22645e-07
2.10708e-06
-1.95233e-07
2.00791e-06
1.29297e-07
1.94645e-06
1.21761e-07
1.91087e-06
6.38492e-08
1.92283e-06
-4.02042e-08
1.89239e-06
5.01785e-08
1.88849e-06
1.50438e-08
1.87285e-06
6.97124e-08
1.92657e-06
-9.75566e-08
1.92779e-06
6.40434e-09
2.00632e-06
-1.75959e-07
1.99758e-06
3.28833e-08
2.07033e-06
-1.92409e-07
2.0956e-06
-5.55537e-08
2.51417e-07
2.01675e-08
-8.07835e-08
1.64898e-06
-2.53289e-06
1.95756e-06
-2.83195e-07
2.13577e-06
-5.35773e-07
2.27721e-06
-4.64089e-07
2.33354e-06
-2.5156e-07
2.23127e-06
2.31573e-07
2.1137e-06
2.39322e-07
1.97204e-06
2.05512e-07
1.89861e-06
3.32296e-08
1.8524e-06
9.6383e-08
1.8947e-06
-2.72522e-08
1.92609e-06
3.83172e-08
2.02048e-06
-1.91946e-07
2.02694e-06
-5.7026e-11
2.11143e-06
-2.60446e-07
2.08565e-06
5.86635e-08
2.13579e-06
-2.42547e-07
2.15532e-06
-7.50881e-08
3.62778e-07
3.18221e-06
-1.25181e-06
2.92664e-06
-2.27732e-06
2.80665e-06
-1.63206e-07
2.69988e-06
-4.29007e-07
2.65884e-06
-4.23047e-07
2.6368e-06
-2.2952e-07
2.5662e-06
3.02169e-07
2.47829e-06
3.27233e-07
2.37417e-06
3.09635e-07
2.30122e-06
1.06181e-07
2.17651e-06
2.21092e-07
2.14112e-06
8.13455e-09
2.13653e-06
4.29115e-08
2.19018e-06
-2.45594e-07
2.1816e-06
8.52419e-09
2.23781e-06
-3.16659e-07
2.25358e-06
4.28932e-08
2.27092e-06
-2.59884e-07
2.28223e-06
-8.63996e-08
4.40512e-07
2.84928e-06
-8.35878e-07
2.37521e-06
-1.80326e-06
2.36239e-06
-1.50381e-07
2.32536e-06
-3.91982e-07
2.29029e-06
-3.87974e-07
2.32384e-06
-2.63072e-07
2.32028e-06
3.05726e-07
2.30595e-06
3.41566e-07
2.27642e-06
3.39165e-07
2.25348e-06
1.29123e-07
2.22256e-06
2.52007e-07
2.21174e-06
1.89571e-08
2.20529e-06
4.93656e-08
2.24787e-06
-2.88179e-07
2.2271e-06
2.92972e-08
2.23168e-06
-3.21242e-07
2.2694e-06
5.17313e-09
2.24581e-06
-2.36296e-07
2.26209e-06
-1.02679e-07
4.7265e-07
3.22138e-06
-8.41714e-07
2.89117e-06
-1.47305e-06
2.88833e-06
-1.47538e-07
2.74258e-06
-2.46236e-07
2.63058e-06
-2.75977e-07
2.51592e-06
-1.48407e-07
2.42984e-06
3.91809e-07
2.37215e-06
3.99249e-07
2.30893e-06
4.0239e-07
2.31408e-06
1.23969e-07
2.31706e-06
2.49024e-07
2.32343e-06
1.25905e-08
2.31698e-06
5.58202e-08
2.31401e-06
-2.85217e-07
2.30371e-06
3.96042e-08
2.25031e-06
-2.67849e-07
2.26738e-06
-1.18934e-08
2.22887e-06
-1.97787e-07
2.23663e-06
-1.10441e-07
4.78751e-07
3.34172e-06
-6.40488e-07
2.84584e-06
-9.77173e-07
2.64104e-06
5.72647e-08
2.54257e-06
-1.47765e-07
2.40403e-06
-1.37437e-07
2.29676e-06
-4.11342e-08
2.23335e-06
4.55215e-07
2.16972e-06
4.62875e-07
2.1484e-06
4.23709e-07
2.17714e-06
9.5232e-08
2.23765e-06
1.88519e-07
2.24318e-06
7.05974e-09
2.25472e-06
4.42802e-08
2.26774e-06
-2.98241e-07
2.27707e-06
3.02792e-08
2.23617e-06
-2.26956e-07
2.25122e-06
-2.69407e-08
2.21535e-06
-1.61913e-07
2.21564e-06
-1.10737e-07
4.74757e-07
3.21991e-06
-2.45539e-07
2.81295e-06
-5.70218e-07
2.77716e-06
9.30558e-08
2.65206e-06
-2.26665e-08
2.51011e-06
4.51436e-09
2.41492e-06
5.4056e-08
2.36012e-06
5.10015e-07
2.31176e-06
5.11238e-07
2.27072e-06
4.64745e-07
2.29842e-06
6.75386e-08
2.32271e-06
1.64224e-07
2.33183e-06
-2.06385e-09
2.33915e-06
3.69667e-08
2.31142e-06
-2.70511e-07
2.32506e-06
1.66359e-08
2.28175e-06
-1.83644e-07
2.29007e-06
-3.5262e-08
2.2528e-06
-1.24637e-07
2.24778e-06
-1.05717e-07
4.68167e-07
3.30855e-06
6.26554e-08
2.97224e-06
-2.33904e-07
2.7293e-06
3.35996e-07
2.53845e-06
1.68178e-07
2.33489e-06
2.08076e-07
2.21075e-06
1.78202e-07
2.22523e-06
4.9553e-07
2.21378e-06
5.22691e-07
2.22158e-06
4.56942e-07
2.24139e-06
4.77335e-08
2.29217e-06
1.13443e-07
2.28116e-06
8.94232e-09
2.29858e-06
1.95477e-08
2.29007e-06
-2.62004e-07
2.29935e-06
7.35708e-09
2.269e-06
-1.53292e-07
2.2708e-06
-3.70653e-08
2.24498e-06
-9.8814e-08
2.23262e-06
-9.33584e-08
4.53172e-07
3.31916e-06
4.12756e-07
2.90723e-06
1.78026e-07
2.71213e-06
5.31095e-07
2.5661e-06
3.14202e-07
2.41019e-06
3.63994e-07
2.31651e-06
2.71873e-07
2.312e-06
5.00046e-07
2.31004e-06
5.24653e-07
2.32784e-06
4.39134e-07
2.37479e-06
7.87286e-10
2.38368e-06
1.04553e-07
2.36057e-06
3.20568e-08
2.36965e-06
1.04646e-08
2.33115e-06
-2.23504e-07
2.33721e-06
1.30025e-09
2.30579e-06
-1.21881e-07
2.30871e-06
-3.99823e-08
2.28432e-06
-7.44222e-08
2.27471e-06
-8.37456e-08
4.35797e-07
3.35787e-06
8.58853e-07
2.97764e-06
5.58261e-07
2.71455e-06
7.94185e-07
2.49316e-06
5.35594e-07
2.32031e-06
5.36842e-07
2.23004e-06
3.62137e-07
2.27424e-06
4.55852e-07
2.30063e-06
4.98257e-07
2.34006e-06
3.99708e-07
2.3454e-06
-4.54701e-09
2.37273e-06
7.72153e-08
2.33902e-06
6.57748e-08
2.3448e-06
4.67904e-09
2.32786e-06
-2.06559e-07
2.32866e-06
5.01786e-10
2.3063e-06
-9.95228e-08
2.29798e-06
-3.16647e-08
2.27509e-06
-5.15295e-08
2.25881e-06
-6.74645e-08
4.071e-07
3.25549e-06
1.29013e-06
2.89342e-06
9.20329e-07
2.64844e-06
1.03916e-06
2.43682e-06
7.47214e-07
2.2913e-06
6.82363e-07
2.28641e-06
3.67028e-07
2.3391e-06
4.03166e-07
2.35114e-06
4.86218e-07
2.37834e-06
3.72501e-07
2.40437e-06
-3.0575e-08
2.38952e-06
9.20648e-08
2.34611e-06
1.09184e-07
2.35824e-06
-7.45223e-09
2.32669e-06
-1.75004e-07
2.32866e-06
-1.47311e-09
2.30393e-06
-7.47894e-08
2.29918e-06
-2.69118e-08
2.27881e-06
-3.11592e-08
2.26639e-06
-5.5049e-08
3.76323e-07
3.0625e-06
1.75702e-06
2.76844e-06
1.21439e-06
2.57256e-06
1.23503e-06
2.40409e-06
9.15691e-07
2.33735e-06
7.49101e-07
2.33357e-06
3.70803e-07
2.37679e-06
3.59949e-07
2.40415e-06
4.58859e-07
2.44739e-06
3.29261e-07
2.4285e-06
-1.16887e-08
2.40066e-06
1.19903e-07
2.35131e-06
1.58537e-07
2.35735e-06
-1.34927e-08
2.34775e-06
-1.65399e-07
2.34383e-06
2.43807e-09
2.32843e-06
-5.93816e-08
2.30905e-06
-7.53807e-09
2.28813e-06
-1.02367e-08
2.2696e-06
-3.65225e-08
3.42505e-07
2.7224e-06
2.19508e-06
2.52984e-06
1.40696e-06
2.40155e-06
1.36332e-06
2.30556e-06
1.01168e-06
2.29788e-06
7.56785e-07
2.32589e-06
3.42795e-07
2.38408e-06
3.0175e-07
2.40809e-06
4.34853e-07
2.43253e-06
3.04826e-07
2.43048e-06
-9.63953e-09
2.40305e-06
1.4733e-07
2.36817e-06
1.93413e-07
2.36639e-06
-1.17109e-08
2.34009e-06
-1.39099e-07
2.33689e-06
5.63993e-09
2.31645e-06
-3.89371e-08
2.30445e-06
4.46119e-09
2.28451e-06
9.69953e-09
2.26823e-06
-2.02406e-08
3.04476e-07
2.25619e-06
2.50297e-06
2.23506e-06
1.42809e-06
2.19909e-06
1.39929e-06
2.18487e-06
1.0259e-06
2.24592e-06
6.95732e-07
2.28559e-06
3.0313e-07
2.30845e-06
2.78889e-07
2.33578e-06
4.07525e-07
2.36308e-06
2.77528e-07
2.3379e-06
1.55316e-08
2.32721e-06
1.58024e-07
2.31692e-06
2.03704e-07
2.32206e-06
-1.68539e-08
2.3079e-06
-1.24939e-07
2.30481e-06
8.73533e-09
2.28945e-06
-2.35764e-08
2.27235e-06
2.15539e-08
2.25626e-06
2.57912e-08
2.24096e-06
-4.93538e-09
2.59404e-07
1.78963e-06
2.63845e-06
1.96389e-06
1.25383e-06
2.03254e-06
1.33064e-06
2.13698e-06
9.21458e-07
2.23458e-06
5.98129e-07
2.2453e-06
2.92419e-07
2.2455e-06
2.78687e-07
2.27311e-06
3.79912e-07
2.30133e-06
2.49304e-07
2.29097e-06
2.58976e-08
2.2907e-06
1.5829e-07
2.30159e-06
1.92814e-07
2.30178e-06
-1.70402e-08
2.27573e-06
-9.88886e-08
2.26767e-06
1.67937e-08
2.25002e-06
-5.92099e-09
2.24055e-06
3.10184e-08
2.22905e-06
3.72959e-08
2.22003e-06
4.08517e-09
2.10984e-07
1.25693e-06
2.43034e-06
1.60011e-06
9.10645e-07
1.77976e-06
1.15098e-06
1.96367e-06
7.37548e-07
2.05828e-06
5.03519e-07
2.06601e-06
2.84694e-07
2.08875e-06
2.55948e-07
2.14756e-06
3.21102e-07
2.19608e-06
2.00776e-07
2.19406e-06
2.79173e-08
2.21518e-06
1.37168e-07
2.24053e-06
1.6747e-07
2.23366e-06
-1.01758e-08
2.20823e-06
-7.34498e-08
2.20577e-06
1.92528e-08
2.19394e-06
5.90265e-09
2.1885e-06
3.64641e-08
2.18497e-06
4.08186e-08
2.17869e-06
1.0374e-08
1.58485e-07
8.27012e-07
2.07023e-06
1.19269e-06
5.44962e-07
1.49447e-06
8.49213e-07
1.7137e-06
5.18312e-07
1.83323e-06
3.83992e-07
1.88024e-06
2.37687e-07
1.9391e-06
1.97085e-07
2.02679e-06
2.33408e-07
2.08593e-06
1.41636e-07
2.09022e-06
2.36281e-08
2.12406e-06
1.0333e-07
2.16263e-06
1.28906e-07
2.15123e-06
1.22362e-09
2.12222e-06
-4.44477e-08
2.12319e-06
1.82894e-08
2.11902e-06
1.00746e-08
2.12469e-06
3.07866e-08
2.12954e-06
3.59744e-08
2.12884e-06
1.10683e-08
1.0621e-07
1.78765e-07
1.30754e-06
6.22033e-07
1.01694e-07
1.12079e-06
3.50461e-07
1.38007e-06
2.59027e-07
1.55675e-06
2.0731e-07
1.66142e-06
1.33017e-07
1.75387e-06
1.04639e-07
1.86342e-06
1.23856e-07
1.93214e-06
7.29126e-08
1.94556e-06
1.02097e-08
1.99263e-06
5.62573e-08
2.04959e-06
7.19549e-08
2.0466e-06
4.20856e-09
2.02472e-06
-2.25655e-08
2.03389e-06
9.11288e-09
2.03538e-06
8.59272e-09
2.04633e-06
1.9835e-08
2.05964e-06
2.26668e-08
2.06215e-06
8.55656e-09
5.32291e-08
4.65061e-07
5.66755e-07
9.17216e-07
1.17624e-06
1.38355e-06
1.51657e-06
1.62121e-06
1.74507e-06
1.81798e-06
1.82819e-06
1.88444e-06
1.9564e-06
1.96061e-06
1.93804e-06
1.94716e-06
1.95575e-06
1.97558e-06
1.99825e-06
2.00681e-06
-2.49773e-07
2.49773e-07
-1.59193e-07
1.61179e-06
-1.10836e-06
9.49168e-07
-1.20069e-06
9.23342e-08
-1.31649e-06
2.12236e-06
-1.1841e-06
-1.32392e-07
-1.26912e-07
-2.67886e-06
-8.16033e-06
1.34416e-07
1.15356e-07
-1.53087e-07
1.89929e-06
6.60672e-08
7.30014e-07
2.45506e-07
-8.7105e-08
-8.74956e-10
2.36874e-06
-3.50637e-08
-9.82032e-08
-1.67868e-07
-2.54605e-06
-8.32819e-06
2.69858e-07
-1.54501e-07
2.17401e-07
1.95175e-06
-2.00399e-07
1.14781e-06
-4.50206e-07
1.62703e-07
-1.76497e-07
2.09503e-06
9.56282e-08
-3.70328e-07
6.87907e-08
-2.51921e-06
-8.2594e-06
5.14983e-07
-6.69484e-07
3.78252e-07
2.08848e-06
1.44812e-07
1.38125e-06
8.81703e-08
2.19345e-07
1.09532e-07
2.07367e-06
-2.51366e-08
-2.3566e-07
-1.30026e-07
-2.41432e-06
-8.38943e-06
7.74185e-07
-1.44367e-06
4.52668e-07
2.41e-06
2.26023e-07
1.6079e-06
-9.11138e-08
5.36481e-07
-4.94174e-08
2.03197e-06
2.91262e-07
-5.7634e-07
1.28509e-07
-2.25157e-06
-8.26092e-06
8.38948e-07
-2.28262e-06
5.85267e-07
2.66368e-06
3.64419e-07
1.82875e-06
7.45851e-08
8.26315e-07
-1.10186e-09
2.10766e-06
-7.16452e-08
-5.05797e-07
-1.35457e-07
-2.18776e-06
-8.39638e-06
5.71743e-07
-2.85436e-06
5.49404e-07
2.68602e-06
4.08238e-07
1.96991e-06
1.29586e-07
1.10497e-06
8.22246e-09
2.22902e-06
1.93165e-07
-6.90739e-07
1.12145e-07
-2.10674e-06
-8.28423e-06
2.25642e-07
-3.08e-06
4.86777e-07
2.42488e-06
3.85641e-07
2.07105e-06
1.66787e-08
1.47393e-06
-6.48825e-08
2.31058e-06
-8.89929e-08
-6.66629e-07
-1.41232e-07
-2.0545e-06
-8.42546e-06
1.29554e-07
-3.20956e-06
2.89633e-07
2.26481e-06
1.83122e-07
2.17756e-06
1.22499e-07
1.53455e-06
4.30333e-08
2.39005e-06
1.37504e-07
-7.611e-07
1.30485e-07
-2.04748e-06
-8.29498e-06
1.6944e-07
-3.379e-06
2.75196e-07
2.15905e-06
-1.41228e-08
2.46688e-06
-2.40318e-07
1.76075e-06
-4.79308e-08
2.19766e-06
-1.16679e-07
-6.92352e-07
-1.85226e-07
-1.97893e-06
-8.4802e-06
7.05759e-08
-3.44957e-06
2.11083e-07
2.01854e-06
1.2452e-07
2.55344e-06
4.45031e-08
1.84076e-06
-4.73647e-08
2.28953e-06
9.31351e-08
-8.32852e-07
1.7069e-07
-2.05649e-06
-8.30952e-06
2.70745e-08
-3.47665e-06
1.16988e-07
1.92863e-06
6.28353e-08
2.60759e-06
-7.47582e-11
1.90367e-06
4.39957e-08
2.24546e-06
-1.658e-07
-6.23056e-07
-2.04341e-07
-2.01795e-06
-8.51386e-06
3.04645e-08
-3.50711e-06
2.1024e-07
1.74885e-06
1.66512e-07
2.65132e-06
1.91257e-07
1.87893e-06
1.12833e-07
2.32388e-06
1.08731e-07
-6.18954e-07
1.98662e-07
-2.10788e-06
-8.31519e-06
-7.44317e-08
-3.43268e-06
-4.83933e-08
1.72282e-06
2.44783e-08
2.57845e-06
1.28217e-07
1.77519e-06
1.45258e-08
2.43757e-06
-3.75866e-07
-2.28562e-07
-2.77089e-07
-2.20666e-06
-8.59228e-06
-1.30404e-07
-3.30228e-06
-2.34969e-08
1.61591e-06
5.51867e-08
2.49977e-06
1.65918e-07
1.66446e-06
1.3024e-07
2.47325e-06
9.60754e-08
-1.94397e-07
1.55862e-07
-2.26644e-06
-8.43642e-06
-1.50099e-07
-3.15218e-06
-3.08811e-07
1.77462e-06
-1.51285e-07
2.34224e-06
-2.84902e-08
1.54166e-06
-1.84112e-07
2.62887e-06
-4.12919e-07
3.44096e-08
-2.52748e-07
-2.42661e-06
-8.68917e-06
-1.64867e-07
-2.98731e-06
-1.28418e-07
1.73817e-06
-6.09507e-08
2.27477e-06
1.60562e-07
1.32015e-06
3.10792e-07
2.47864e-06
1.33717e-07
2.11485e-07
1.49885e-07
-2.44278e-06
-8.53928e-06
-1.59338e-07
-2.82797e-06
-2.6214e-07
1.84097e-06
-2.21798e-07
2.23443e-06
-2.88618e-07
1.38697e-06
-3.15604e-07
2.50563e-06
-2.41142e-07
1.37023e-07
-8.40577e-08
-2.59987e-06
-8.62334e-06
-9.25383e-08
-2.73544e-06
1.12726e-07
1.63571e-06
9.60128e-08
2.25114e-06
1.35006e-07
1.34798e-06
3.78725e-07
2.26191e-06
1.84591e-07
3.31157e-07
1.63639e-07
-2.57891e-06
-8.4597e-06
2.40473e-08
-2.75948e-06
1.27075e-07
1.53268e-06
7.92398e-09
2.37029e-06
-2.83127e-07
1.63903e-06
-2.89064e-07
2.26785e-06
-1.08248e-08
5.29184e-08
7.76127e-08
-2.66735e-06
-8.38209e-06
4.42294e-08
-2.80371e-06
3.71612e-07
1.2053e-06
1.14301e-07
2.6276e-06
6.9034e-08
1.68429e-06
3.81768e-07
1.95511e-06
1.54543e-07
2.80143e-07
7.40402e-08
-2.58685e-06
-8.30805e-06
5.01221e-08
-2.85383e-06
2.06122e-07
1.0493e-06
1.24843e-07
2.70888e-06
-6.79677e-08
1.87711e-06
-1.8456e-07
2.07171e-06
5.55053e-08
4.00777e-08
1.34158e-07
-2.6655e-06
-8.17389e-06
2.47743e-08
-2.87861e-06
3.24926e-07
7.4915e-07
2.46612e-07
2.7872e-06
1.49009e-07
1.97471e-06
2.58241e-07
1.96248e-06
-4.06419e-08
3.38961e-07
-1.38619e-07
-2.56752e-06
-8.31251e-06
7.53e-08
-2.95391e-06
1.85359e-07
6.39091e-07
3.31778e-07
2.64078e-06
3.17412e-07
1.98907e-06
2.36128e-08
2.25627e-06
6.32809e-08
2.99292e-07
1.22725e-07
-2.62697e-06
-8.18979e-06
1.21701e-08
-2.96608e-06
2.60104e-07
3.91157e-07
3.7862e-07
2.52226e-06
3.4997e-07
2.01772e-06
1.73363e-07
2.43288e-06
-2.51649e-07
7.24304e-07
-2.98875e-07
-2.57974e-06
-8.48866e-06
-2.75633e-08
-2.93852e-06
-6.76375e-08
4.31232e-07
1.64892e-07
2.28973e-06
4.3785e-07
1.74477e-06
2.68338e-07
2.60239e-06
6.19045e-08
9.30738e-07
8.79892e-08
-2.60583e-06
-8.40067e-06
-1.48648e-07
-2.78987e-06
-1.12141e-07
3.94725e-07
8.89335e-08
2.08866e-06
1.6311e-07
1.67059e-06
5.98868e-08
2.70562e-06
-3.21321e-07
1.31195e-06
-2.55157e-07
-2.67199e-06
-8.65583e-06
-4.79379e-08
-2.74193e-06
-2.34562e-07
5.81349e-07
1.64871e-07
1.68922e-06
3.94306e-07
1.44116e-06
2.0503e-07
2.89489e-06
-3.49809e-08
1.55196e-06
3.88605e-08
-2.74583e-06
-8.61697e-06
-1.73133e-07
-2.5688e-06
-1.47615e-07
5.5583e-07
3.31097e-08
1.5085e-06
1.64652e-07
1.30961e-06
1.41059e-07
2.91849e-06
-2.18371e-07
1.91139e-06
-1.04992e-07
-2.85921e-06
-8.72196e-06
6.38153e-08
-2.63261e-06
-1.04022e-08
6.30048e-07
2.53262e-07
1.24484e-06
2.78944e-07
1.28393e-06
2.24817e-07
2.97261e-06
8.5505e-08
2.0507e-06
7.41478e-08
-2.84785e-06
-8.64781e-06
-1.43143e-07
-2.48947e-06
-1.64307e-07
6.51212e-07
-3.20778e-09
1.08374e-06
8.65518e-08
1.19417e-06
1.5465e-07
2.90451e-06
1.54899e-08
2.18986e-06
6.33275e-08
-2.89569e-06
-8.58449e-06
5.92171e-08
-2.54869e-06
-1.45565e-07
8.55994e-07
-2.0176e-07
1.13993e-06
-1.86255e-07
1.17867e-06
2.10912e-07
2.50735e-06
3.1958e-07
2.08119e-06
2.10041e-07
-2.78615e-06
-8.37444e-06
-2.55771e-07
-2.29292e-06
-4.41464e-07
1.04169e-06
-4.81412e-07
1.17988e-06
-4.18613e-07
1.11587e-06
2.54581e-07
1.83415e-06
2.74557e-07
2.06122e-06
1.72731e-07
-2.68433e-06
-8.20171e-06
-2.84424e-08
-2.26447e-06
-2.7249e-07
1.28573e-06
-2.0475e-07
1.11214e-06
-1.24696e-07
1.03581e-06
2.5634e-07
1.45312e-06
3.85258e-07
1.9323e-06
2.28964e-07
-2.52803e-06
-7.97275e-06
-3.75643e-07
-1.88883e-06
-6.56877e-07
1.56697e-06
-3.85908e-07
8.41171e-07
-2.9633e-07
9.46237e-07
1.61514e-07
9.95272e-07
2.064e-07
1.88741e-06
1.46132e-07
-2.46776e-06
-7.82662e-06
4.37865e-08
-1.93262e-06
-8.95449e-08
1.7003e-06
-1.70773e-08
7.68703e-07
2.15603e-08
9.07599e-07
2.26563e-07
7.9027e-07
2.86839e-07
1.82714e-06
1.59138e-07
-2.34006e-06
-7.66748e-06
-3.95565e-07
-1.53705e-06
-4.74836e-07
1.77957e-06
-3.32524e-07
6.26391e-07
-5.0511e-07
1.08019e-06
-2.52741e-07
5.37901e-07
-7.50681e-08
1.64946e-06
1.14288e-07
-2.52942e-06
-7.55319e-06
1.02728e-07
-1.63978e-06
-6.00336e-07
2.48263e-06
-3.79086e-07
4.05141e-07
-7.97916e-08
7.80891e-07
-4.00531e-07
8.5864e-07
1.54308e-07
1.09462e-06
2.32037e-07
-2.60715e-06
-7.32116e-06
-8.46354e-07
-7.93425e-07
9.66266e-07
6.70014e-07
5.01745e-07
8.69663e-07
-8.4959e-07
2.13223e-06
-6.45254e-07
6.54304e-07
-2.43117e-07
6.92487e-07
4.26173e-07
-3.27644e-06
-6.89498e-06
-1.64121e-06
-1.56897e-06
-1.70335e-06
-9.82696e-07
-8.79966e-07
8.32561e-07
8.26186e-07
6.27285e-07
-2.42729e-07
6.81346e-07
-2.46797e-07
1.05724e-06
-4.1814e-08
9.08428e-07
-5.02324e-08
1.09372e-06
1.04847e-07
8.4663e-07
8.26892e-08
5.96467e-07
5.427e-07
-1.48665e-07
1.49929e-07
-3.92658e-07
5.95316e-07
-6.92184e-07
7.05974e-07
-1.52472e-07
7.82911e-07
-1.27169e-07
8.8644e-07
1.31848e-09
8.45773e-07
1.23356e-07
8.58537e-07
5.29936e-07
7.09872e-07
1.31756e-07
-5.24414e-07
1.60003e-07
-7.20431e-07
2.03606e-07
-1.96075e-07
2.46137e-07
-1.69701e-07
2.76929e-07
-2.94736e-08
2.71006e-07
1.29279e-07
3.74816e-07
4.26127e-07
1.08469e-06
1.10014e-07
-6.34428e-07
6.65811e-08
-6.76998e-07
5.9065e-08
-1.88559e-07
-4.68018e-08
-6.38338e-08
-3.28154e-08
-4.34599e-08
-7.19305e-08
1.68394e-07
3.95124e-08
3.14684e-07
1.1242e-06
9.28174e-08
-7.27245e-07
8.87646e-08
-6.72946e-07
1.00404e-07
-2.00198e-07
-3.89793e-08
7.55492e-08
-4.34381e-08
-3.90012e-08
-6.29136e-08
1.87869e-07
-2.13315e-08
2.73102e-07
1.10287e-06
8.91204e-08
-8.16366e-07
1.06309e-07
-6.90134e-07
1.76771e-07
-2.7066e-07
1.4442e-07
1.079e-07
1.09577e-07
-4.15777e-09
6.76262e-08
2.2982e-07
3.48072e-08
3.05921e-07
1.13768e-06
5.85722e-08
-8.74938e-07
7.90816e-08
-7.10643e-07
2.14335e-07
-4.05913e-07
2.40355e-07
8.18793e-08
1.67811e-07
6.83866e-08
1.37457e-07
2.60174e-07
7.65957e-08
3.66783e-07
1.21427e-06
3.99227e-08
-9.14861e-07
5.96252e-08
-7.30346e-07
1.76011e-07
-5.22299e-07
2.45207e-07
1.26833e-08
1.7053e-07
1.43064e-07
1.61478e-07
2.69227e-07
1.00967e-07
4.27293e-07
1.31524e-06
5.68539e-08
-9.71714e-07
5.85144e-08
-7.32007e-07
1.6339e-07
-6.27175e-07
2.62259e-07
-8.61859e-08
1.96087e-07
2.09236e-07
1.66654e-07
2.9866e-07
1.18617e-07
4.7533e-07
1.43386e-06
-7.68155e-09
-9.64033e-07
3.7972e-08
-7.7766e-07
1.11997e-07
-7.012e-07
1.54692e-07
-1.28881e-07
1.30058e-07
2.3387e-07
9.30975e-08
3.35621e-07
8.63553e-08
4.82072e-07
1.52021e-06
1.70732e-08
-9.81106e-07
4.37457e-08
-8.04333e-07
5.11899e-08
-7.08644e-07
4.05349e-08
-1.18226e-07
3.76386e-08
2.36766e-07
-1.873e-08
3.9199e-07
2.72848e-08
4.36057e-07
1.5475e-06
-8.21914e-09
-9.72887e-07
2.7005e-08
-8.39557e-07
-6.71447e-09
-6.74925e-07
-5.29141e-08
-7.20267e-08
-4.98629e-08
2.33715e-07
-1.04805e-07
4.46932e-07
-1.17351e-08
3.42988e-07
1.53576e-06
5.5617e-09
-9.78449e-07
7.57501e-09
-8.4157e-07
-3.39995e-08
-6.3335e-07
-1.10511e-07
4.4852e-09
-1.04017e-07
2.2722e-07
-1.43278e-07
4.86193e-07
-1.85196e-08
2.18229e-07
1.51724e-06
5.85157e-09
-9.843e-07
2.6176e-08
-8.61894e-07
-1.90842e-08
-5.8809e-07
-1.02024e-07
8.74255e-08
-9.6725e-08
2.21921e-07
-1.08063e-07
4.97531e-07
-2.69863e-08
1.37152e-07
1.49025e-06
3.64932e-08
-1.02079e-06
5.64309e-08
-8.81832e-07
5.42889e-08
-5.85948e-07
-1.49535e-08
1.56668e-07
-2.49415e-08
2.31909e-07
-3.29574e-08
5.05547e-07
-3.92823e-08
1.43477e-07
1.45097e-06
2.40033e-08
-1.0448e-06
6.57106e-08
-9.23539e-07
1.06427e-07
-6.26664e-07
9.85476e-08
1.64547e-07
4.09e-08
2.89557e-07
-8.89879e-09
5.55346e-07
-1.10012e-07
2.44591e-07
1.34096e-06
1.73914e-08
-1.06219e-06
4.52155e-08
-9.51364e-07
1.08224e-07
-6.89673e-07
1.48406e-07
1.24365e-07
8.17384e-08
3.56224e-07
2.35984e-08
6.13486e-07
-9.60085e-08
3.64197e-07
1.24495e-06
4.69268e-09
-1.06688e-06
3.10093e-08
-9.7768e-07
8.787e-08
-7.46533e-07
1.36235e-07
7.59996e-08
9.70598e-08
3.954e-07
5.33306e-08
6.57215e-07
-6.34587e-08
4.80987e-07
1.18149e-06
-4.80228e-09
-1.06208e-06
2.19213e-08
-1.0044e-06
7.65707e-08
-8.01183e-07
1.16429e-07
3.61413e-08
1.29821e-07
3.82008e-07
1.12429e-07
6.74607e-07
-3.64616e-08
6.29877e-07
1.14503e-06
-7.64251e-09
-1.05444e-06
1.13293e-08
-1.02338e-06
5.01524e-08
-8.40006e-07
9.2677e-08
-6.38342e-09
1.23862e-07
3.50823e-07
1.16976e-07
6.81493e-07
-6.93525e-09
7.53788e-07
1.1381e-06
-1.37856e-08
-1.04065e-06
-1.47208e-08
-1.02244e-06
9.47264e-10
-8.55674e-07
3.33512e-08
-3.87873e-08
4.32867e-08
3.40888e-07
4.50382e-08
6.79742e-07
-6.37243e-10
7.99463e-07
1.13746e-06
-1.21216e-08
-1.02853e-06
-3.87985e-08
-9.95763e-07
-6.17189e-08
-8.32754e-07
-3.31522e-08
-6.73541e-08
-3.6139e-08
3.43875e-07
-9.90211e-09
6.53505e-07
4.26564e-09
7.85296e-07
1.14172e-06
1.57757e-08
-1.0443e-06
-4.95775e-09
-9.7503e-07
-7.63546e-08
-7.61357e-07
-5.35748e-08
-9.01339e-08
-1.67907e-08
3.07091e-07
-2.38779e-08
6.60592e-07
-6.49391e-08
8.26357e-07
1.07679e-06
5.51562e-08
-1.09946e-06
6.41209e-08
-9.83994e-07
-2.17817e-08
-6.75454e-07
-1.07581e-08
-1.01157e-07
6.89815e-08
2.27351e-07
5.10348e-08
6.78539e-07
-2.60854e-08
9.03477e-07
1.0507e-06
6.63245e-08
-1.16579e-06
1.04087e-07
-1.02176e-06
5.09006e-08
-6.22268e-07
7.9498e-08
-1.29755e-07
1.43871e-07
1.62978e-07
1.72623e-07
6.49787e-07
1.00253e-07
9.75847e-07
1.15095e-06
7.83344e-08
-1.24412e-06
1.20984e-07
-1.06441e-06
8.69329e-08
-5.88216e-07
1.31002e-07
-1.73824e-07
1.69952e-07
1.24028e-07
2.34513e-07
5.85226e-07
1.8063e-07
1.02973e-06
1.33158e-06
9.05727e-08
-1.33469e-06
1.37406e-07
-1.11124e-06
8.86871e-08
-5.39498e-07
7.6893e-08
-1.62029e-07
8.08992e-08
1.20022e-07
1.12013e-07
5.54111e-07
1.60682e-07
9.81061e-07
1.49227e-06
7.41969e-08
-1.40889e-06
1.26495e-07
-1.16354e-06
7.2951e-08
-4.85954e-07
-2.51858e-08
-6.38926e-08
-5.69971e-08
1.51833e-07
-7.5768e-08
5.72882e-07
-6.91012e-10
9.05984e-07
1.49157e-06
4.03553e-08
-1.44924e-06
9.16116e-08
-1.21479e-06
6.87877e-08
-4.6313e-07
-6.29498e-08
6.78448e-08
-9.36175e-08
1.82501e-07
-7.33289e-08
5.52594e-07
-2.9895e-08
8.6255e-07
1.46168e-06
-7.06853e-09
-1.44218e-06
3.54152e-08
-1.25728e-06
5.17298e-08
-4.79445e-07
-5.56774e-08
1.75252e-07
-4.93592e-08
1.76183e-07
-1.17649e-09
5.04411e-07
-9.34116e-09
8.70715e-07
1.45234e-06
-6.25089e-08
-1.37967e-06
-4.35193e-08
-1.27627e-06
9.08527e-09
-5.32049e-07
-4.63082e-08
2.30646e-07
-1.45866e-08
1.44461e-07
-2.76423e-09
4.92589e-07
-1.08816e-08
8.78832e-07
1.44146e-06
-1.21473e-07
-1.25819e-06
-1.3547e-07
-1.26227e-06
-5.59871e-08
-6.11533e-07
-6.73788e-08
2.42037e-07
-4.99529e-08
1.27035e-07
-9.31544e-08
5.3579e-07
-9.13714e-08
8.77049e-07
1.35008e-06
-1.65147e-07
-1.09305e-06
-2.1277e-07
-1.21465e-06
-9.81772e-08
-7.26126e-07
-4.70233e-08
1.90883e-07
-4.80548e-08
1.28067e-07
-7.66382e-08
5.64373e-07
-8.59967e-08
8.86408e-07
1.26409e-06
-2.02785e-07
-8.90262e-07
-2.89848e-07
-1.12758e-06
-1.5772e-07
-8.58253e-07
-4.534e-08
7.8503e-08
-1.67672e-08
9.94938e-08
1.54023e-08
5.32204e-07
-3.97244e-08
9.41534e-07
1.22436e-06
-2.32084e-07
-6.58178e-07
-3.61398e-07
-9.9827e-07
-2.58584e-07
-9.61067e-07
-1.12531e-07
-6.75499e-08
-2.09463e-08
7.90906e-09
8.87575e-08
4.225e-07
4.40918e-09
1.02588e-06
1.22877e-06
-2.55973e-07
-4.02204e-07
-4.32955e-07
-8.21289e-07
-4.04494e-07
-9.89528e-07
-2.8604e-07
-1.86003e-07
-2.16385e-07
-6.17464e-08
-1.16147e-07
3.22263e-07
-7.03028e-08
9.80038e-07
1.15847e-06
-2.52102e-07
-1.50102e-07
-4.856e-07
-5.87791e-07
-5.45683e-07
-9.29445e-07
-4.48615e-07
-2.83072e-07
-4.77424e-07
-3.29375e-08
-4.53374e-07
2.98212e-07
-3.05441e-07
8.32105e-07
8.53029e-07
-2.01935e-07
5.18328e-08
-4.74994e-07
-3.14731e-07
-6.57689e-07
-7.46751e-07
-5.49925e-07
-3.90835e-07
-5.81976e-07
-8.86443e-10
-4.88087e-07
2.04324e-07
-1.85304e-07
5.29322e-07
6.67726e-07
-5.75585e-08
1.09391e-07
-3.59001e-07
-1.32887e-08
-7.08934e-07
-3.96818e-07
-7.20723e-07
-3.79046e-07
-7.01075e-07
-2.05345e-08
-5.189e-07
2.21485e-08
-3.02091e-07
3.12513e-07
3.65634e-07
1.09391e-07
9.61026e-08
-3.00715e-07
-6.79762e-07
-7.00296e-07
-6.78148e-07
-3.65634e-07
)
;

boundaryField
{
    wall
    {
        type            calculated;
        value           nonuniform List<scalar> 
312
(
0
0
0
0
0
0
0
0
0
0
0
0
0
0
0
0
0
0
0
0
-1.24746e-22
-8.26316e-22
1.08981e-22
1.56935e-21
1.61109e-21
7.43596e-22
1.12885e-22
7.63385e-22
1.28101e-21
3.05057e-22
-1.98716e-21
-1.03308e-21
-9.49895e-22
1.5946e-21
1.68695e-21
-3.97748e-21
1.69515e-21
-3.03439e-21
4.79306e-22
-2.34781e-22
1.14132e-21
-4.03935e-21
-1.0512e-21
-2.57751e-22
1.18439e-21
1.29037e-21
8.74536e-22
1.29584e-21
5.95657e-23
-4.97799e-22
-8.33462e-22
-6.32372e-22
7.81672e-22
-2.59529e-21
-3.64144e-22
1.40483e-21
9.10261e-22
-1.05608e-22
8.88254e-23
-1.6734e-22
4.55302e-22
-1.57675e-21
4.99531e-22
5.81661e-22
-7.30636e-22
-2.16489e-21
-3.46721e-21
-2.95782e-21
7.04969e-22
2.67196e-21
1.94646e-21
-3.01038e-21
-1.12012e-21
2.78553e-22
-4.43589e-21
3.56765e-21
1.22465e-21
-2.97361e-22
1.49288e-21
1.57316e-21
4.19112e-21
-5.23156e-21
-8.40561e-23
1.01761e-21
1.39759e-21
3.83844e-21
5.16196e-22
1.62651e-22
-5.22075e-21
-1.07043e-21
-6.82188e-21
3.43527e-21
-2.75417e-21
-7.67928e-22
-1.91609e-21
2.45225e-21
2.23792e-21
-3.84329e-21
-4.73594e-22
-9.89583e-22
0
0
0
0
0
0
0
0
0
0
0
0
0
0
0
0
0
0
0
0
0
0
0
0
0
0
0
0
0
0
0
0
0
0
0
0
0
0
0
0
0
0
0
0
0
0
0
0
0
0
0
0
0
0
0
0
9.37932e-22
-2.70203e-21
-3.37509e-20
-1.57947e-19
2.93728e-21
-1.40371e-21
-8.24359e-20
1.77009e-18
2.04954e-22
2.04797e-21
-5.99701e-21
-1.0539e-21
-8.74499e-21
-1.91268e-20
-4.27561e-21
-1.15422e-20
-5.76263e-19
1.87437e-18
5.30324e-23
1.9574e-22
0
0
0
0
0
0
0
0
0
0
0
0
0
0
0
0
0
0
0
0
0
0
0
0
0
0
0
0
0
0
0
0
0
0
0
0
0
0
0
0
0
0
0
0
0
0
0
0
0
0
0
0
0
0
0
0
0
0
0
0
0
0
0
0
0
0
0
0
0
0
0
0
0
0
0
0
0
0
0
0
0
0
0
0
0
0
0
0
0
0
0
0
0
0
0
0
0
0
0
0
0
0
0
0
0
0
0
0
0
0
0
0
0
0
0
0
0
0
0
0
0
0
0
0
0
0
0
0
0
0
0
0
0
0
0
0
)
;
    }
    inlet1
    {
        type            calculated;
        value           nonuniform List<scalar> 
20
(
-2.5e-06
-2.5e-06
-2.5e-06
-2.5e-06
-2.5e-06
-2.5e-06
-2.5e-06
-2.5e-06
-2.5e-06
-2.5e-06
-2.5e-06
-2.5e-06
-2.5e-06
-2.5e-06
-2.5e-06
-2.5e-06
-2.5e-06
-2.5e-06
-2.5e-06
-2.5e-06
)
;
    }
    inlet2
    {
        type            calculated;
        value           uniform 0;
    }
    outlet1
    {
        type            calculated;
        value           nonuniform List<scalar> 
20
(
1.99791e-06
1.997e-06
2.04396e-06
2.2045e-06
2.22996e-06
2.23053e-06
2.21964e-06
2.25437e-06
2.24762e-06
2.29208e-06
2.2875e-06
2.29717e-06
2.30342e-06
2.30626e-06
2.28603e-06
2.26845e-06
2.23119e-06
2.18112e-06
2.11513e-06
2.06004e-06
)
;
    }
    outlet2
    {
        type            calculated;
        value           nonuniform List<scalar> 8(0 -1.70237e-06 0 0 -2.00656e-06 0 1.62167e-06 8.03341e-06);
    }
    defaultFaces
    {
        type            empty;
        value           nonuniform 0();
    }
}


// ************************************************************************* //
