/*--------------------------------*- C++ -*----------------------------------*\
| =========                 |                                                 |
| \\      /  F ield         | OpenFOAM: The Open Source CFD Toolbox           |
|  \\    /   O peration     | Version:  2.4.0                                 |
|   \\  /    A nd           | Web:      www.OpenFOAM.org                      |
|    \\/     M anipulation  |                                                 |
\*---------------------------------------------------------------------------*/
FoamFile
{
    version     2.0;
    format      ascii;
    class       volScalarField;
    location    "1.36";
    object      k;
}
// * * * * * * * * * * * * * * * * * * * * * * * * * * * * * * * * * * * * * //

dimensions      [0 2 -2 0 0 0 0];

internalField   nonuniform List<scalar> 
6000
(
0.0117068
0.00656689
0.00176795
0.000423346
0.000390941
0.00068969
0.00136977
0.00191097
0.00210006
0.00188212
0.00156979
0.00274325
0.00386515
0.00426053
0.00390366
0.00314211
0.00237983
0.00179066
0.00126979
0.000845093
0.000538098
0.000351429
0.000282365
0.00035757
0.000461035
0.00056293
0.000663318
0.000762948
0.000862006
0.000959994
0.00105595
0.00114877
0.00123748
0.00132153
0.00140088
0.00147604
0.00154799
0.00161804
0.0016877
0.00175859
0.00183237
0.00191077
0.00199558
0.00208867
0.0021921
0.00230818
0.00243956
0.0025894
0.00276157
0.00296084
0.00319323
0.00346664
0.00379084
0.00418057
0.00465052
0.00523788
0.00594318
0.0069353
0.00792343
0.00998234
0.0120359
0.0116604
0.00202131
0.000777893
0.00055014
0.00101696
0.00163315
0.00202713
0.00223891
0.00338777
0.00428292
0.00302797
0.00200056
0.00154117
0.00129178
0.00118172
0.0011233
0.00102338
0.000868383
0.000688384
0.000538466
0.000447611
0.000412452
0.000414219
0.000428789
0.000450825
0.000478695
0.00051192
0.000550427
0.000593968
0.000641727
0.000692207
0.000743425
0.000793331
0.000840282
0.000883335
0.000922273
0.000957414
0.00098938
0.00101892
0.00104684
0.001074
0.00110132
0.00112977
0.00116034
0.00119403
0.0012319
0.00127505
0.00132474
0.00138242
0.00144988
0.0015293
0.0016236
0.00173617
0.00187284
0.00203754
0.00224773
0.00249117
0.00284618
0.00328443
0.0115697
0.0150863
0.00276632
0.000738674
0.000720678
0.00123002
0.00207748
0.00284218
0.00355947
0.00469836
0.00328691
0.00172649
0.00126975
0.00121284
0.00124552
0.00130486
0.00132505
0.00125842
0.00109233
0.000869056
0.000669027
0.000540205
0.000475957
0.000450592
0.000441483
0.000440451
0.000444394
0.000451996
0.000463032
0.000477784
0.000496511
0.000519017
0.000544439
0.000571359
0.000598171
0.000623516
0.000646549
0.00066696
0.000684815
0.00070038
0.000714015
0.000726146
0.000737258
0.000747893
0.000758615
0.000769986
0.000782542
0.000796798
0.000813263
0.000832462
0.000854988
0.000881501
0.000912906
0.000950009
0.000994792
0.00104679
0.00111438
0.0011823
0.00128703
0.00133958
0.0114671
0.0159893
0.00381868
0.000679193
0.000824558
0.00127637
0.00229562
0.00349444
0.00456763
0.00446532
0.00222982
0.00130754
0.00123704
0.00130407
0.00138972
0.00147547
0.00151091
0.00144491
0.00126038
0.0010011
0.000758098
0.000595315
0.000509776
0.000472253
0.000454675
0.000446214
0.000442259
0.000440407
0.000439717
0.000440211
0.000442431
0.000446973
0.000454083
0.000463452
0.000474288
0.000485609
0.000496562
0.000506598
0.000515468
0.000523127
0.000529641
0.000535146
0.000539842
0.000543988
0.000547886
0.000551847
0.000556172
0.000561137
0.000566993
0.000573975
0.000582322
0.000592273
0.000604152
0.00061816
0.000635103
0.000654213
0.000679404
0.000701684
0.000743004
0.000744669
0.0113806
0.0156977
0.00509658
0.000695654
0.000859922
0.00122943
0.00226115
0.00385645
0.00492896
0.00356591
0.00164553
0.00125458
0.00132933
0.00142759
0.00153332
0.00163501
0.00167827
0.00161103
0.00141284
0.00112525
0.000840771
0.000640686
0.000532647
0.000484456
0.000461291
0.000449668
0.000443368
0.000438874
0.000434416
0.000429446
0.00042427
0.000419656
0.000416399
0.000414968
0.000415352
0.000417155
0.000419825
0.000422866
0.000425935
0.000428833
0.000431457
0.000433772
0.000435801
0.000437624
0.000439374
0.000441209
0.000443298
0.000445804
0.000448879
0.000452669
0.000457326
0.000463004
0.000469914
0.000478218
0.000488399
0.000500299
0.000515964
0.000531574
0.000560671
0.000577
0.0113081
0.0148914
0.00647495
0.000840815
0.00085856
0.00115649
0.00201384
0.00382522
0.00456422
0.00270198
0.00139186
0.00131356
0.00143757
0.0015413
0.00165622
0.00176739
0.00181741
0.00175113
0.00154766
0.00124677
0.000930349
0.000690698
0.000555479
0.000493352
0.000462905
0.000447983
0.000440496
0.000435687
0.00043086
0.000424752
0.000417207
0.00040884
0.000400627
0.00039347
0.000387904
0.000384025
0.000381618
0.00038034
0.000379865
0.000379934
0.000380355
0.000380998
0.000381788
0.000382705
0.000383777
0.000385074
0.000386688
0.000388722
0.000391289
0.000394509
0.00039852
0.000403478
0.000409604
0.000417119
0.000426529
0.000437928
0.000453429
0.000470595
0.000502577
0.000534957
0.0112484
0.0139107
0.00752117
0.0012692
0.00086689
0.00108171
0.00169933
0.00336037
0.00376655
0.00208429
0.00131796
0.00140178
0.00154027
0.00164108
0.00176216
0.00188291
0.00193917
0.00187119
0.00166174
0.00135802
0.00102719
0.000752251
0.000586369
0.000505714
0.000464376
0.000443956
0.000434304
0.000429285
0.000425169
0.000419843
0.00041249
0.000403349
0.000393334
0.000383558
0.000374919
0.00036789
0.00036255
0.000358726
0.000356149
0.000354547
0.000353688
0.000353391
0.000353527
0.000354023
0.000354856
0.000356046
0.000357646
0.00035973
0.000362395
0.000365759
0.000369969
0.000375208
0.000381743
0.000389855
0.000400188
0.000412918
0.0004307
0.000450825
0.000489966
0.000532592
0.0111937
0.0129251
0.00824613
0.00201862
0.000923044
0.00103526
0.00141528
0.00261299
0.00291096
0.00170119
0.00133383
0.00149675
0.00163484
0.00173378
0.00186476
0.0019987
0.00205991
0.00198355
0.00175764
0.00144733
0.00112007
0.000823376
0.000628545
0.000525853
0.000469996
0.000441258
0.000427486
0.000421168
0.000417522
0.000413507
0.0004075
0.000399156
0.000389127
0.000378559
0.000368577
0.000359945
0.00035299
0.000347702
0.000343886
0.000341288
0.000339657
0.000338785
0.000338517
0.00033875
0.000339436
0.000340568
0.000342177
0.000344324
0.000347097
0.000350616
0.000355043
0.000360585
0.000367551
0.000376293
0.000387549
0.000401675
0.000421635
0.000444634
0.000490957
0.000540025
0.0111407
0.0120136
0.00869343
0.00295915
0.00105478
0.00104249
0.00122105
0.00189141
0.00222562
0.00149009
0.00139158
0.00159278
0.00172564
0.00183006
0.00197843
0.00212949
0.00219355
0.00210245
0.00184778
0.00151326
0.00119541
0.000895795
0.00068072
0.000554589
0.000481843
0.000442408
0.000422459
0.000413273
0.000409136
0.000406131
0.000401762
0.000394946
0.000385879
0.000375581
0.000365291
0.000355994
0.000348229
0.00034214
0.000337615
0.000334428
0.000332329
0.000331096
0.00033056
0.000330604
0.000331165
0.000332227
0.000333809
0.000335965
0.000338783
0.000342388
0.000346955
0.000352716
0.000360015
0.000369256
0.000381288
0.0003965
0.00041841
0.000443619
0.000495675
0.000548677
0.0110903
0.0112077
0.00890767
0.00395967
0.00129844
0.00111273
0.00115302
0.0014166
0.00176669
0.00139564
0.00146846
0.00168947
0.00181924
0.00193937
0.00211301
0.00228301
0.00234631
0.00223575
0.00194529
0.00156694
0.00124608
0.000959904
0.000737458
0.000589895
0.000499726
0.00044824
0.000420555
0.000406998
0.000401154
0.000398404
0.00039544
0.000390361
0.000382744
0.000373323
0.000363343
0.000353949
0.000345868
0.000339387
0.00033448
0.00033096
0.000328587
0.000327136
0.000326426
0.000326336
0.000326796
0.000327784
0.000329314
0.00033144
0.00033425
0.000337872
0.000342493
0.00034836
0.000355847
0.000365396
0.000377932
0.000393914
0.000417177
0.00044405
0.000500325
0.000555787
0.0110435
0.0105144
0.00893591
0.00489312
0.00175008
0.00124185
0.00120081
0.00120445
0.0015018
0.00137869
0.00155523
0.00178855
0.00192191
0.00206845
0.00227374
0.00246166
0.00251848
0.00238387
0.00205607
0.00162374
0.00127564
0.00100905
0.000791137
0.000628179
0.000521962
0.000458239
0.00042203
0.000403017
0.000394334
0.000390919
0.000388831
0.000385372
0.000379391
0.000371185
0.000361888
0.000352746
0.000344651
0.000338027
0.00033294
0.000329248
0.000326726
0.000325152
0.00032434
0.000324164
0.000324552
0.000325478
0.000326958
0.000329042
0.00033182
0.000335424
0.000340047
0.000345948
0.000353521
0.000363236
0.00037607
0.000392546
0.00041672
0.00044476
0.000503854
0.000560795
0.0110009
0.00992795
0.00882442
0.00568719
0.00236387
0.00142423
0.0013301
0.00117291
0.00137907
0.001413
0.001649
0.00189261
0.00203882
0.00222175
0.00246309
0.00266533
0.00270774
0.00254329
0.00217861
0.00169351
0.00129591
0.00104109
0.000835491
0.000665349
0.000546204
0.000471117
0.000426382
0.000401394
0.000389047
0.000384099
0.000382227
0.00038007
0.000375717
0.000368896
0.000360513
0.000351846
0.000343926
0.000337314
0.00033217
0.000328402
0.000325811
0.000324175
0.000323311
0.000323088
0.000323432
0.000324318
0.000325758
0.000327807
0.000330552
0.000334131
0.000338737
0.000344638
0.00035224
0.000362034
0.000375033
0.000391804
0.000416546
0.000445363
0.00050617
0.000563893
0.0109625
0.00943769
0.00861539
0.00631047
0.00306906
0.00166384
0.00150865
0.00125073
0.00135485
0.00148116
0.00174955
0.00200451
0.00217396
0.00240227
0.00268218
0.00289303
0.00291127
0.00270965
0.00230789
0.00177725
0.00131971
0.00106016
0.00086692
0.000697641
0.000570016
0.000485321
0.000432707
0.000401781
0.000385348
0.000378191
0.000375878
0.000374594
0.000371725
0.000366351
0.000359028
0.000350986
0.000343367
0.000336867
0.000331742
0.000327958
0.000325343
0.000323685
0.000322801
0.000322558
0.000322881
0.000323744
0.000325161
0.000327185
0.000329908
0.000333465
0.000338055
0.000343948
0.000351557
0.000361385
0.000374475
0.000391413
0.000416489
0.000445799
0.000507496
0.000565502
0.0109282
0.00903104
0.0083447
0.00675579
0.00379604
0.00198696
0.00171447
0.00139248
0.00139811
0.00157205
0.00185763
0.00212703
0.0023304
0.00261219
0.00293173
0.00314396
0.00312678
0.00287932
0.00243857
0.0018701
0.0013556
0.00107331
0.000885624
0.000722395
0.000591231
0.00049935
0.000439987
0.000403601
0.000383057
0.000373285
0.000369968
0.000369091
0.000367473
0.000363526
0.000357351
0.000350045
0.00034282
0.000336501
0.000331445
0.000327682
0.000325071
0.000323414
0.00032253
0.000322284
0.000322602
0.000323455
0.000324861
0.000326874
0.000329584
0.000333129
0.000337708
0.000343596
0.000351208
0.000361055
0.000374193
0.000391228
0.000416492
0.0004461
0.000508128
0.000566059
0.0108978
0.00869567
0.00804116
0.00703262
0.00447533
0.00242295
0.00193615
0.00157318
0.00148789
0.00167896
0.0019743
0.00226269
0.00251052
0.00285328
0.0032126
0.00341783
0.00335278
0.00304988
0.00256661
0.00196562
0.00140486
0.00108851
0.000895192
0.00073866
0.000608221
0.000511938
0.000447273
0.000406207
0.000381852
0.000369335
0.000364611
0.0003637
0.000363046
0.000360439
0.000355455
0.000348968
0.000342213
0.000336128
0.000331178
0.000327461
0.000324873
0.000323231
0.000322358
0.000322122
0.000322443
0.000323298
0.000324702
0.00032671
0.000329415
0.000332956
0.000337533
0.000343421
0.000351038
0.0003609
0.00037407
0.000391165
0.000416532
0.000446314
0.000508318
0.000565926
0.0108709
0.00842028
0.00772672
0.00716038
0.00507888
0.0029561
0.00217211
0.00177994
0.00161041
0.00179824
0.00210067
0.00241357
0.0027162
0.00312711
0.00352591
0.00371469
0.00358837
0.00321996
0.00268954
0.00205855
0.00146418
0.0011107
0.000900723
0.000747334
0.000620131
0.000522145
0.000453789
0.000408995
0.00038135
0.000366202
0.000359844
0.000358527
0.000358533
0.00035713
0.000353342
0.000347737
0.000341515
0.000335711
0.000330897
0.000327245
0.000324692
0.000323075
0.000322222
0.000322001
0.000322334
0.000323195
0.000324602
0.000326612
0.000329318
0.000332861
0.000337441
0.000343333
0.00035096
0.000360838
0.000374032
0.000391171
0.000416595
0.000446475
0.000508243
0.000565374
0.0108474
0.00819489
0.00741719
0.00716361
0.00558398
0.00356142
0.00243252
0.00200406
0.00175706
0.00192818
0.00223771
0.00258133
0.00294882
0.00343502
0.00387276
0.00403452
0.0038328
0.00338878
0.00280621
0.00214557
0.00152888
0.00114091
0.000906782
0.000750677
0.000626988
0.000529426
0.000458978
0.000411468
0.000381175
0.000363688
0.000355643
0.000353645
0.000354016
0.000353648
0.000351025
0.000346345
0.000340712
0.000335232
0.000330582
0.000327012
0.000324504
0.000322919
0.000322092
0.000321891
0.00032224
0.000323111
0.000324526
0.00032654
0.000329251
0.000332799
0.000337385
0.000343286
0.000350925
0.00036082
0.000374039
0.000391213
0.000416671
0.000446604
0.000508022
0.000564584
0.0108268
0.00801096
0.0071233
0.00706849
0.0059759
0.0041908
0.00274573
0.00223931
0.00192276
0.00206822
0.00238622
0.00276711
0.00320927
0.00377803
0.00425386
0.00437676
0.00408505
0.00355575
0.00291619
0.00222512
0.0015948
0.00117751
0.000916162
0.00075144
0.000629605
0.00053366
0.000462511
0.000413267
0.000381004
0.000361578
0.000351935
0.00034909
0.000349567
0.000350046
0.000348527
0.000344796
0.0003398
0.000334684
0.000330224
0.000326751
0.000324299
0.000322751
0.000321954
0.000321779
0.000322146
0.000323032
0.000324455
0.000326477
0.000329195
0.000332749
0.000337344
0.000343256
0.000350909
0.000360823
0.000374066
0.000391271
0.000416751
0.000446713
0.000507723
0.000563673
0.0108088
0.00786125
0.00685171
0.00690052
0.00624878
0.0047952
0.00314147
0.00248141
0.00210475
0.00221841
0.00254673
0.00297148
0.00349789
0.00415659
0.0046692
0.00474007
0.00434366
0.0037202
0.0030194
0.00229671
0.00165906
0.00121767
0.000929716
0.000752018
0.000629291
0.00053512
0.000464281
0.000414173
0.00038059
0.000359672
0.000348624
0.000344864
0.000345239
0.000346375
0.000345875
0.000343097
0.000338778
0.000334064
0.000329819
0.00032646
0.000324072
0.000322567
0.000321804
0.000321657
0.000322047
0.000322948
0.000324384
0.000326415
0.000329141
0.000332704
0.000337308
0.000343232
0.0003509
0.000360833
0.000374101
0.000391336
0.000416832
0.000446806
0.000507386
0.000562711
0.0107932
0.0077397
0.00660599
0.00668295
0.00640501
0.00533941
0.00360884
0.00272943
0.00230152
0.00237906
0.00271945
0.00319441
0.00381432
0.00457034
0.00511773
0.00512217
0.00460667
0.00388127
0.00311583
0.00236043
0.00172011
0.00125853
0.000946859
0.00075396
0.000627468
0.000534373
0.000464385
0.0004141
0.000379768
0.0003578
0.000345601
0.000340948
0.00034107
0.000342681
0.000343098
0.00034126
0.000337647
0.00033337
0.000329367
0.000326137
0.000323821
0.000322365
0.000321641
0.000321525
0.000321939
0.00032286
0.000324309
0.000326351
0.000329085
0.000332657
0.000337272
0.000343209
0.000350892
0.000360845
0.000374137
0.000391402
0.000416909
0.000446887
0.000507035
0.00056174
0.0107796
0.00764128
0.00638747
0.00643579
0.0064536
0.00579705
0.00412603
0.00299116
0.0025119
0.00255049
0.00290418
0.00343521
0.00415738
0.00501789
0.00559716
0.00551981
0.00487163
0.00403789
0.00320539
0.00241772
0.00177604
0.00129772
0.000966256
0.000757896
0.000625344
0.000532131
0.000463069
0.000413069
0.000378454
0.000355838
0.000342764
0.000337303
0.000337078
0.000339006
0.000340226
0.000339297
0.000336412
0.000332603
0.000328866
0.00032578
0.000323547
0.000322145
0.000321462
0.000321381
0.000321823
0.000322764
0.000324229
0.000326282
0.000329027
0.000332609
0.000337234
0.000343184
0.000350884
0.000360856
0.000374171
0.000391465
0.00041698
0.000446956
0.000506679
0.000560782
0.0107678
0.00756182
0.00619589
0.00617551
0.00640831
0.00615097
0.00466518
0.00328081
0.00273437
0.00273286
0.0031003
0.00369245
0.00452498
0.00549658
0.0061038
0.00592872
0.00513572
0.00418885
0.0032879
0.00247068
0.00182512
0.00133356
0.000986374
0.00076372
0.000623733
0.000529103
0.000460676
0.000411191
0.000376632
0.000353702
0.000340025
0.000333885
0.000333272
0.000335381
0.000337288
0.000337224
0.000335075
0.000331763
0.000328316
0.00032539
0.000323249
0.000321907
0.00032127
0.000321225
0.000321697
0.000322661
0.000324144
0.00032621
0.000328966
0.000332558
0.000337195
0.000343157
0.000350873
0.000360865
0.000374203
0.000391524
0.000417046
0.000447015
0.000506327
0.000559849
0.0107576
0.00749788
0.00602998
0.00591491
0.0062858
0.00639276
0.00519847
0.00360571
0.002968
0.00292591
0.00330665
0.00396392
0.00491396
0.00600234
0.00663236
0.0063436
0.0053958
0.00433285
0.00336313
0.00252004
0.00186727
0.00136498
0.00100582
0.000770882
0.000623025
0.000525873
0.000457577
0.000408628
0.000374335
0.00035135
0.000337316
0.000330644
0.000329646
0.000331831
0.000334312
0.000335057
0.000333645
0.000330852
0.000327717
0.000324967
0.000322928
0.000321651
0.000321062
0.000321057
0.000321562
0.000322552
0.000324053
0.000326134
0.000328901
0.000332504
0.000337152
0.000343128
0.000350859
0.00036087
0.000374231
0.000391578
0.000417105
0.000447064
0.00050598
0.000558949
0.0107487
0.00744665
0.00588784
0.00566345
0.00610388
0.00652183
0.00569464
0.00396874
0.00321312
0.00312931
0.00352142
0.00424659
0.00532003
0.0065295
0.0071758
0.00675818
0.00564852
0.00446846
0.00343081
0.00256651
0.00190258
0.00139139
0.00102349
0.000778646
0.000623258
0.000522844
0.000454113
0.000405568
0.000371636
0.000348777
0.000334588
0.000327538
0.000326189
0.000328374
0.000331323
0.000332812
0.000332128
0.000329871
0.000327069
0.000324511
0.000322583
0.000321378
0.000320841
0.000320879
0.000321418
0.000322435
0.000323956
0.000326053
0.000328833
0.000332448
0.000337108
0.000343097
0.000350844
0.000360873
0.000374255
0.000391627
0.000417158
0.000447104
0.000505642
0.000558084
0.010741
0.0074058
0.00576724
0.00542764
0.00588008
0.00654419
0.00612503
0.00437147
0.00346714
0.00334387
0.00374151
0.00453652
0.0057377
0.00707066
0.00772527
0.0071652
0.00589041
0.00459424
0.00349049
0.00261082
0.00193118
0.00141254
0.00103859
0.000786272
0.000624237
0.000520232
0.000450562
0.000402198
0.000368626
0.000346
0.000331814
0.000324528
0.000322885
0.000325021
0.000328341
0.000330508
0.000330532
0.000328823
0.000326374
0.000324023
0.000322215
0.000321087
0.000320606
0.000320689
0.000321264
0.000322311
0.000323855
0.000325968
0.000328762
0.000332389
0.000337061
0.000343063
0.000350825
0.000360873
0.000374276
0.000391672
0.000417206
0.000447137
0.000505313
0.000557256
0.0107344
0.00737344
0.00566585
0.00521154
0.00563055
0.00647111
0.00646696
0.00480721
0.00372986
0.00357008
0.00396401
0.00482862
0.00616012
0.00761656
0.00826991
0.00755649
0.00611801
0.00470881
0.00354703
0.0026487
0.00195306
0.00142836
0.00105062
0.000793119
0.000625642
0.000518092
0.000447118
0.000398686
0.000365404
0.000343056
0.000328983
0.000321586
0.000319715
0.000321776
0.000325386
0.000328159
0.000328866
0.000327713
0.000325633
0.000323502
0.000321825
0.000320779
0.000320358
0.000320488
0.000321103
0.00032218
0.000323748
0.000325879
0.000328687
0.000332327
0.000337011
0.000343027
0.000350805
0.000360871
0.000374294
0.000391712
0.000417247
0.000447162
0.000504993
0.000556464
0.0107286
0.00734799
0.00558134
0.00501722
0.00536931
0.00631743
0.00670533
0.00526113
0.00400339
0.00380505
0.00419276
0.0051145
0.00657867
0.00815563
0.00879658
0.0079231
0.00632786
0.00481117
0.0036024
0.00267855
0.00196831
0.00143894
0.0010593
0.000798693
0.00062712
0.000516366
0.000443893
0.000395163
0.000362063
0.000339989
0.000326098
0.000318691
0.000316663
0.000318641
0.000322473
0.000325783
0.00032714
0.000326543
0.000324846
0.000322949
0.000321412
0.000320455
0.000320098
0.000320277
0.000320933
0.000322042
0.000323635
0.000325786
0.00032861
0.000332263
0.00033696
0.000342989
0.000350782
0.000360866
0.000374308
0.000391748
0.000417282
0.00044718
0.000504684
0.000555709
0.0107236
0.00732818
0.00551152
0.00484531
0.00510788
0.00610008
0.00683319
0.00571178
0.00429109
0.00404549
0.00442892
0.00539362
0.00698124
0.00867287
0.00928918
0.00825556
0.00651622
0.00490379
0.00365475
0.0027001
0.00197701
0.00144444
0.00106455
0.000802646
0.000628342
0.000514929
0.00044093
0.000391725
0.000358688
0.000336849
0.000323172
0.000315832
0.000313713
0.000315614
0.000319613
0.000323392
0.000325363
0.000325318
0.000324015
0.000322366
0.000320978
0.000320115
0.000319825
0.000320056
0.000320754
0.000321898
0.000323518
0.000325689
0.000328529
0.000332196
0.000336906
0.000342949
0.000350756
0.000360858
0.000374319
0.000391779
0.000417313
0.000447193
0.000504385
0.00055499
0.0107193
0.00731296
0.00545436
0.00469536
0.00485513
0.00583653
0.00685133
0.00613375
0.00459588
0.00428833
0.00467036
0.00567424
0.00735864
0.00914685
0.009727
0.00854433
0.00667849
0.00499669
0.00369607
0.00271303
0.00197928
0.00144507
0.00106639
0.000804768
0.000629034
0.000513628
0.000438219
0.000388432
0.000355345
0.000333685
0.000320224
0.000313002
0.000310851
0.000312692
0.000316815
0.000321002
0.000323546
0.000324044
0.000323143
0.000321752
0.000320522
0.00031976
0.00031954
0.000319826
0.000320568
0.000321748
0.000323396
0.000325589
0.000328445
0.000332126
0.00033685
0.000342906
0.000350729
0.000360847
0.000374327
0.000391807
0.00041734
0.0004472
0.000504096
0.000554306
0.0107155
0.00730146
0.00540802
0.00456619
0.00461748
0.00554361
0.00676724
0.00650104
0.00491846
0.00453137
0.00491409
0.00595335
0.00771638
0.00956193
0.0100811
0.00878702
0.0068292
0.00507488
0.00372479
0.00271714
0.00197524
0.00144106
0.00106493
0.000804962
0.000628993
0.000512309
0.000435717
0.000385315
0.000352085
0.000330539
0.000317277
0.000310202
0.00030807
0.00030987
0.000314086
0.000318622
0.000321697
0.000322724
0.000322231
0.000321109
0.000320046
0.00031939
0.000319244
0.000319587
0.000320375
0.000321592
0.000323269
0.000325484
0.000328359
0.000332055
0.000336792
0.000342862
0.000350699
0.000360834
0.000374332
0.00039183
0.000417362
0.000447203
0.000503818
0.000553658
0.0107122
0.00729296
0.00537086
0.00445621
0.00439908
0.00523648
0.00659368
0.00679036
0.00525584
0.00477354
0.00515644
0.00622742
0.008048
0.00991366
0.0103589
0.0089849
0.00695174
0.0051328
0.0037402
0.00271235
0.00196507
0.00143267
0.00106036
0.000803219
0.000628083
0.000510838
0.000433364
0.000382377
0.000348944
0.000327447
0.000314354
0.000307437
0.00030536
0.000307142
0.000311429
0.000316265
0.000319826
0.000321366
0.000321282
0.000320438
0.00031955
0.000319006
0.000318937
0.000319339
0.000320174
0.00032143
0.000323137
0.000325377
0.00032827
0.000331981
0.000336732
0.000342816
0.000350667
0.000360818
0.000374333
0.00039185
0.000417379
0.000447201
0.000503551
0.000553043
0.0107093
0.00728688
0.00534146
0.00436356
0.00420225
0.00492807
0.00634697
0.00698395
0.00560052
0.00501487
0.00539339
0.00649235
0.0083481
0.0102001
0.0105675
0.00913305
0.00703976
0.00516866
0.00374186
0.00269867
0.00194896
0.00142015
0.00105287
0.000799599
0.000626229
0.000509108
0.000431095
0.000379611
0.000345944
0.000324441
0.000311477
0.000304715
0.000302719
0.000304504
0.000308848
0.000313937
0.000317943
0.000319975
0.0003203
0.00031974
0.000319035
0.000318608
0.00031862
0.000319082
0.000319967
0.000321262
0.000323002
0.000325266
0.000328178
0.000331905
0.00033667
0.000342768
0.000350633
0.0003608
0.000374332
0.000391865
0.000417393
0.000447195
0.000503295
0.000552463
0.0107068
0.00728274
0.00531856
0.00428633
0.00402781
0.00462873
0.00604521
0.00707135
0.00594034
0.00525606
0.00562111
0.0067435
0.00861227
0.0104212
0.0107104
0.00922814
0.00709058
0.00518162
0.00372963
0.00267623
0.00192716
0.0014038
0.00104271
0.000794207
0.000623413
0.000507042
0.00042885
0.000376995
0.000343093
0.000321542
0.000308667
0.000302045
0.000300144
0.000301951
0.000306343
0.000311648
0.000316055
0.000318556
0.000319286
0.000319016
0.000318501
0.000318197
0.000318293
0.000318819
0.000319754
0.00032109
0.000322862
0.000325151
0.000328084
0.000331827
0.000336606
0.000342718
0.000350598
0.00036078
0.000374328
0.000391877
0.000417402
0.000447185
0.00050305
0.000551916
0.0107046
0.00728013
0.00530107
0.00422262
0.00387547
0.00434616
0.00570677
0.00705011
0.00625922
0.0054977
0.00583642
0.00697587
0.00883689
0.0105785
0.0107891
0.00926839
0.00710321
0.00517147
0.00370356
0.00264526
0.00189997
0.00138391
0.00103012
0.000787183
0.000619655
0.000504596
0.00042658
0.000374507
0.000340397
0.000318766
0.000305941
0.000299438
0.000297637
0.00029948
0.000303915
0.000309402
0.000314171
0.000317116
0.000318245
0.000318269
0.000317949
0.000317774
0.000317957
0.000318548
0.000319535
0.000320913
0.000322718
0.000325034
0.000327987
0.000331747
0.000336541
0.000342666
0.00035056
0.000360757
0.00037432
0.000391885
0.000417408
0.000447173
0.000502815
0.000551403
0.0107027
0.00727874
0.00528807
0.00417066
0.00374417
0.00408557
0.00534891
0.00692539
0.00653862
0.00573941
0.00603717
0.00718452
0.00901892
0.0106734
0.0108046
0.00925346
0.0070778
0.00513852
0.00366398
0.00260609
0.00186771
0.00136078
0.00101535
0.000778686
0.000615009
0.000501752
0.000424246
0.000372124
0.000337851
0.000316126
0.000303314
0.000296903
0.000295198
0.000297088
0.000301565
0.000307205
0.000312297
0.00031566
0.00031718
0.0003175
0.000317381
0.000317339
0.000317613
0.000318271
0.000319311
0.000320731
0.000322571
0.000324914
0.000327888
0.000331665
0.000336474
0.000342613
0.000350521
0.000360733
0.00037431
0.00039189
0.00041741
0.000447157
0.000502592
0.000550922
0.010701
0.00727829
0.00527874
0.00412879
0.00363236
0.00385002
0.00498684
0.00670882
0.00675959
0.00597893
0.00622242
0.00736498
0.00915573
0.0107077
0.0107579
0.00918425
0.00701553
0.00508359
0.00361141
0.00255915
0.00183076
0.00133474
0.000998665
0.000768892
0.000609554
0.000498515
0.000421826
0.000369826
0.000335451
0.000313628
0.000300798
0.00029445
0.000292832
0.000294774
0.00029929
0.00030506
0.00031044
0.000314194
0.000316094
0.000316711
0.000316798
0.000316893
0.000317261
0.000317988
0.000319082
0.000320546
0.000322421
0.000324791
0.000327787
0.000331582
0.000336406
0.000342558
0.00035048
0.000360706
0.000374298
0.000391891
0.000417409
0.000447139
0.00050238
0.000550473
0.0106995
0.00727856
0.00527241
0.00409551
0.00353821
0.00364075
0.00463313
0.00641667
0.00690517
0.00621151
0.00639225
0.00751389
0.00924517
0.0106829
0.0106504
0.00906291
0.0069185
0.00500801
0.00354658
0.00250496
0.00178952
0.0013061
0.00098032
0.00075798
0.000603383
0.00049491
0.00041931
0.000367598
0.000333191
0.000311275
0.000298403
0.000292087
0.00029054
0.000292535
0.00029709
0.000302971
0.000308606
0.000312724
0.00031499
0.000315903
0.0003162
0.000316436
0.000316902
0.0003177
0.000318848
0.000320357
0.000322267
0.000324666
0.000327684
0.000331497
0.000336336
0.000342502
0.000350437
0.000360677
0.000374283
0.00039189
0.000417404
0.000447119
0.000502179
0.000550056
0.0106982
0.00727938
0.00526851
0.00406948
0.00345978
0.00345765
0.00429741
0.00606794
0.00696262
0.00642952
0.00654732
0.00762939
0.00928582
0.0106005
0.0104842
0.00889279
0.00678973
0.00491348
0.00347041
0.00244411
0.00174443
0.00127521
0.000960574
0.000746133
0.000596601
0.000490976
0.000416698
0.000365429
0.000331064
0.00030907
0.000296136
0.000289823
0.000288328
0.000290372
0.000294965
0.00030094
0.0003068
0.000311253
0.000313873
0.00031508
0.000315588
0.00031597
0.000316536
0.000317406
0.000318611
0.000320165
0.000322111
0.000324539
0.00032758
0.000331411
0.000336265
0.000342445
0.000350393
0.000360646
0.000374265
0.000391884
0.000417396
0.000447096
0.000501989
0.00054967
0.010697
0.0072806
0.00526653
0.00404955
0.00339516
0.00329958
0.00398646
0.00568238
0.00692515
0.00662257
0.00668829
0.00771142
0.00927745
0.0104623
0.0102624
0.0086786
0.00663306
0.00480204
0.0033839
0.00237722
0.00169595
0.00124241
0.00093968
0.000733532
0.000589319
0.000486763
0.000414003
0.000363316
0.000329067
0.000307013
0.000294001
0.000287663
0.000286198
0.000288285
0.000292912
0.000298968
0.000305026
0.000309788
0.000312746
0.000314242
0.000314965
0.000315495
0.000316164
0.000317109
0.000318371
0.00031997
0.000321953
0.00032441
0.000327474
0.000331323
0.000336193
0.000342386
0.000350347
0.000360613
0.000374245
0.000391876
0.000417386
0.000447073
0.000501811
0.000549316
0.010696
0.00728212
0.00526607
0.00403466
0.00334252
0.00316479
0.00370441
0.00527884
0.00679284
0.00677813
0.0068151
0.00776166
0.00922149
0.010271
0.00998971
0.00842641
0.00645305
0.00467596
0.00328814
0.00230498
0.00164455
0.00120803
0.000917889
0.000720355
0.00058165
0.000482331
0.000411244
0.00036126
0.000327195
0.000305102
0.000292001
0.000285612
0.000284154
0.000286273
0.000290932
0.000297057
0.000303288
0.000308333
0.000311613
0.000313393
0.000314331
0.000315012
0.000315786
0.000316807
0.000318127
0.000319773
0.000321793
0.000324279
0.000327367
0.000331235
0.00033612
0.000342327
0.0003503
0.000360579
0.000374222
0.000391865
0.000417372
0.000447047
0.000501644
0.000548992
0.0106952
0.00728384
0.00526678
0.00402395
0.00330016
0.00305111
0.0034532
0.00487401
0.00657254
0.00688271
0.00692631
0.00778319
0.0091214
0.0100311
0.00967261
0.00814374
0.00625476
0.00453754
0.00318423
0.00222807
0.00159071
0.00117242
0.000895448
0.000706776
0.000573708
0.00047774
0.000408447
0.000359267
0.000325447
0.000303337
0.000290139
0.000283675
0.000282199
0.000284338
0.000289024
0.000295207
0.000301589
0.000306892
0.000310477
0.000312535
0.000313687
0.000314522
0.000315404
0.000316503
0.000317882
0.000319574
0.000321631
0.000324147
0.000327258
0.000331145
0.000336046
0.000342266
0.000350252
0.000360543
0.000374198
0.000391851
0.000417357
0.000447021
0.000501488
0.0005487
0.0106944
0.00728569
0.00526839
0.00401664
0.00326654
0.00295626
0.00323298
0.00448161
0.00627684
0.00692346
0.00701859
0.00777981
0.00898269
0.00974915
0.00931985
0.00783933
0.00604344
0.00438899
0.00307324
0.00214717
0.00153491
0.00113592
0.000872596
0.000692962
0.000565603
0.000473057
0.000405642
0.000357344
0.000323823
0.000301717
0.000288414
0.000281852
0.000280334
0.000282478
0.000287186
0.000293418
0.000299932
0.00030547
0.000309342
0.000311669
0.000313036
0.000314026
0.000315018
0.000316196
0.000317634
0.000319373
0.000321468
0.000324014
0.000327149
0.000331055
0.000335971
0.000342205
0.000350203
0.000360505
0.000374171
0.000391834
0.000417339
0.000446994
0.000501344
0.000548438
0.0106937
0.00728761
0.00527066
0.00401207
0.00324029
0.00287791
0.00304262
0.004112
0.0059225
0.00689
0.00708641
0.00775531
0.00881264
0.00943397
0.00894241
0.00752281
0.00582419
0.00423227
0.00295615
0.00206298
0.00147765
0.00109888
0.000849571
0.000679073
0.000557443
0.000468346
0.000402861
0.000355504
0.000322324
0.000300237
0.000286825
0.000280145
0.000278563
0.000280696
0.000285417
0.000291691
0.000298319
0.000304068
0.00030821
0.000310799
0.000312378
0.000313525
0.000314629
0.000315887
0.000317386
0.000319171
0.000321304
0.00032388
0.000327039
0.000330964
0.000335896
0.000342143
0.000350152
0.000360466
0.000374142
0.000391815
0.000417318
0.000446965
0.00050121
0.000548206
0.0106931
0.00728957
0.00527341
0.00400969
0.0032202
0.00281387
0.00288012
0.00377228
0.0055284
0.00677616
0.00712207
0.00771258
0.00861952
0.00909654
0.00855294
0.00720394
0.00560142
0.00406889
0.00283385
0.00197616
0.00141941
0.00106164
0.000826598
0.000665261
0.000549327
0.000463669
0.000400137
0.000353758
0.000320949
0.000298898
0.000285371
0.000278555
0.000276886
0.00027899
0.000283717
0.000290025
0.000296751
0.000302692
0.000307086
0.000309926
0.000311715
0.00031302
0.000314237
0.000315577
0.000317136
0.000318969
0.00032114
0.000323746
0.000326929
0.000330873
0.00033582
0.00034208
0.000350101
0.000360425
0.000374111
0.000391793
0.000417295
0.000446937
0.000501089
0.000548005
0.0106926
0.00729153
0.00527649
0.00400902
0.00320521
0.0027621
0.00274296
0.00346652
0.00511363
0.0065813
0.00711622
0.00765291
0.00841161
0.00874889
0.00816475
0.00689167
0.00537839
0.00389986
0.00270711
0.00188738
0.00136069
0.00102453
0.000803897
0.000651669
0.000541351
0.000459085
0.000397501
0.000352118
0.000319702
0.000297694
0.000284049
0.000277081
0.000275303
0.000277362
0.000282085
0.00028842
0.000295231
0.000301342
0.000305971
0.000309054
0.000311049
0.000312511
0.000313843
0.000315266
0.000316886
0.000318767
0.000320975
0.000323611
0.000326818
0.000330782
0.000335744
0.000342017
0.000350049
0.000360384
0.000374078
0.000391768
0.00041727
0.000446908
0.000500979
0.000547834
0.0106921
0.00729346
0.00527977
0.00400969
0.00319441
0.00272074
0.00262839
0.0031963
0.00469575
0.00631077
0.00705885
0.00757537
0.00819614
0.0084028
0.00779021
0.00659296
0.00515674
0.00372563
0.00257665
0.00179729
0.00130199
0.000987898
0.000781678
0.000638428
0.0005336
0.000454649
0.000394984
0.000350597
0.000318581
0.000296623
0.000282854
0.000275719
0.000273813
0.00027581
0.000280521
0.000286875
0.000293759
0.000300023
0.00030487
0.000308184
0.000310381
0.000312001
0.000313448
0.000314954
0.000316637
0.000318564
0.00032081
0.000323477
0.000326708
0.00033069
0.000335668
0.000341954
0.000349997
0.00036034
0.000374044
0.000391741
0.000417244
0.000446878
0.00050088
0.000547693
0.0106917
0.00729535
0.00528317
0.00401137
0.003187
0.00268814
0.00253364
0.00296127
0.00428966
0.00597553
0.00694077
0.00747643
0.00797819
0.00806831
0.00743908
0.00631179
0.00493625
0.00354617
0.00244312
0.00170661
0.00124383
0.000952063
0.000760136
0.000625658
0.00052615
0.000450408
0.000392609
0.000349203
0.000317588
0.00029568
0.000281783
0.000274469
0.000272416
0.000274334
0.000279022
0.00028539
0.000292336
0.000298736
0.000303784
0.000307318
0.000309713
0.000311489
0.000313052
0.000314643
0.000316388
0.000318363
0.000320646
0.000323343
0.000326597
0.000330599
0.000335592
0.00034189
0.000349943
0.000360296
0.000374007
0.000391712
0.000417216
0.000446849
0.000500793
0.000547582
0.0106913
0.00729718
0.00528662
0.0040138
0.00318232
0.00266284
0.00245603
0.00275968
0.00390686
0.00559088
0.0067554
0.00734999
0.00775994
0.00775227
0.00711708
0.00604831
0.00471482
0.00336116
0.00230726
0.00161606
0.00118673
0.000917346
0.000739454
0.000613464
0.000519066
0.000446401
0.000390399
0.000347942
0.00031672
0.000294861
0.00028083
0.000273325
0.000271109
0.000272934
0.000277589
0.000283963
0.000290962
0.000297483
0.000302715
0.000306459
0.000309047
0.000310978
0.000312658
0.000314333
0.00031614
0.000318163
0.000320483
0.000323209
0.000326488
0.000330508
0.000335516
0.000341826
0.000349889
0.000360251
0.00037397
0.000391681
0.000417186
0.00044682
0.000500717
0.0005475
0.010691
0.00729894
0.00529005
0.00401676
0.0031798
0.00264359
0.0023931
0.00258888
0.00355528
0.00517463
0.00650048
0.00718782
0.00753999
0.00745731
0.00682484
0.00579859
0.00448884
0.00317026
0.0021699
0.00152643
0.00113121
0.000884047
0.00071979
0.000601937
0.000512402
0.00044266
0.000388367
0.00034682
0.000315974
0.000294158
0.000279989
0.000272283
0.000269891
0.000271607
0.00027622
0.000282595
0.000289638
0.000296266
0.000301668
0.000305609
0.000308383
0.000310468
0.000312264
0.000314025
0.000315894
0.000317964
0.000320321
0.000323076
0.000326378
0.000330417
0.00033544
0.000341762
0.000349835
0.000360205
0.00037393
0.000391647
0.000417154
0.000446791
0.000500654
0.000547445
0.0106907
0.00730064
0.00529344
0.0040201
0.00317897
0.00262929
0.0023426
0.00244578
0.00323957
0.00474515
0.00617926
0.00698084
0.00731305
0.00718111
0.00655748
0.00555482
0.0042539
0.00297346
0.00203211
0.00143859
0.0010778
0.000852443
0.000701283
0.000591147
0.000506198
0.000439207
0.000386525
0.000345836
0.000315345
0.000293564
0.000279254
0.00027134
0.000268759
0.000270353
0.000274913
0.000281284
0.000288363
0.000295086
0.000300642
0.00030477
0.000307724
0.00030996
0.000311872
0.000313719
0.000315651
0.000317767
0.00032016
0.000322945
0.00032627
0.000330328
0.000335365
0.000341698
0.00034978
0.000360158
0.000373889
0.000391611
0.000417121
0.000446761
0.000500606
0.000547408
0.0106905
0.00730226
0.00529675
0.00402367
0.00317944
0.00261901
0.00230253
0.0023271
0.00296149
0.00431943
0.00580079
0.00672093
0.00707021
0.00691613
0.00630466
0.00530611
0.00400572
0.00277142
0.00189522
0.00135346
0.00102701
0.000822773
0.000684041
0.000581147
0.000500481
0.000436054
0.000384875
0.000344987
0.000314827
0.000293072
0.000278616
0.000270488
0.000267709
0.00026917
0.000273668
0.000280028
0.000287138
0.000293944
0.000299641
0.000303944
0.000307071
0.000309455
0.000311483
0.000313415
0.00031541
0.000317573
0.000320002
0.000322815
0.000326163
0.000330239
0.00033529
0.000341635
0.000349726
0.00036011
0.000373847
0.000391574
0.000417087
0.00044673
0.000500576
0.000547381
0.0106903
0.0073038
0.00529996
0.00402738
0.0031809
0.00261195
0.00227115
0.00222962
0.00272066
0.00391174
0.00537912
0.00640319
0.00679995
0.00664992
0.00605119
0.00504006
0.00374139
0.00256571
0.00176083
0.00127199
0.000979307
0.000795235
0.000668143
0.000571969
0.000495264
0.000433207
0.000383415
0.000344269
0.000314412
0.000292674
0.000278068
0.000269723
0.000266738
0.000268055
0.000272483
0.000278828
0.000285961
0.000292841
0.000298666
0.000303133
0.000306426
0.000308956
0.000311098
0.000313115
0.000315172
0.000317381
0.000319846
0.000322687
0.000326057
0.000330151
0.000335216
0.000341571
0.000349671
0.000360061
0.000373804
0.000391534
0.000417052
0.000446698
0.000500565
0.000547364
0.0106901
0.00730526
0.00530304
0.00403114
0.00318309
0.00260746
0.00224693
0.00215032
0.0025151
0.00353282
0.00493168
0.006028
0.00649028
0.00636636
0.00577857
0.00474515
0.00346047
0.00235902
0.00163082
0.00119515
0.000935093
0.000769967
0.00065363
0.000563624
0.000490548
0.00043066
0.00038214
0.000343672
0.00031409
0.00029236
0.000277604
0.000269039
0.000265841
0.000267006
0.000271357
0.000277681
0.000284834
0.000291777
0.000297719
0.000302337
0.000305791
0.000308462
0.000310717
0.00031282
0.000314938
0.000317192
0.000319692
0.000322561
0.000325953
0.000330064
0.000335143
0.000341509
0.000349616
0.000360012
0.000373759
0.000391493
0.000417015
0.000446666
0.00050057
0.000547366
0.0106899
0.00730665
0.005306
0.0040349
0.0031858
0.00260498
0.00222857
0.00208642
0.00234188
0.00318964
0.00447702
0.00560222
0.00613184
0.0060483
0.00546806
0.00441375
0.00316592
0.00215503
0.00150715
0.0011238
0.000894672
0.000747051
0.000640514
0.000556104
0.00048632
0.000428403
0.000381038
0.000343186
0.000313852
0.000292122
0.000277214
0.000268429
0.000265016
0.000266021
0.000270287
0.000276586
0.000283755
0.000290754
0.0002968
0.00030156
0.000305165
0.000307974
0.000310342
0.000312528
0.000314708
0.000317008
0.000319541
0.000322437
0.000325851
0.000329978
0.000335071
0.000341446
0.000349561
0.000359963
0.000373713
0.000391449
0.000416977
0.000446634
0.000500587
0.000547394
0.0106898
0.00730795
0.00530883
0.00403861
0.00318888
0.00260406
0.00221496
0.00203546
0.00219759
0.00288571
0.00403261
0.00513898
0.00572104
0.00568165
0.00510539
0.00404517
0.00286425
0.00195815
0.00139178
0.00105865
0.000858232
0.000726499
0.000628768
0.000549382
0.00048256
0.000426417
0.000380095
0.0003428
0.000313687
0.000291949
0.000276891
0.000267888
0.000264257
0.000265097
0.000269273
0.000275543
0.000282723
0.000289772
0.000295911
0.000300803
0.000304552
0.000307495
0.000309972
0.000312242
0.000314483
0.000316827
0.000319394
0.000322316
0.00032575
0.000329895
0.000335
0.000341385
0.000349506
0.000359913
0.000373666
0.000391404
0.000416938
0.000446602
0.000500617
0.000547451
0.0106897
0.00730918
0.00531152
0.00404223
0.00319219
0.00260435
0.00220516
0.00199525
0.00207865
0.00262168
0.003613
0.00465606
0.00526248
0.00525987
0.00468592
0.00364749
0.00256493
0.00177298
0.00128639
0.00100018
0.000825829
0.000708262
0.000618339
0.000543417
0.000479236
0.000424682
0.000379295
0.000342501
0.000313585
0.000291834
0.000276627
0.00026741
0.00026356
0.000264232
0.000268312
0.00027455
0.000281739
0.00028883
0.000295054
0.000300067
0.000303953
0.000307025
0.00030961
0.000311962
0.000314263
0.00031665
0.00031925
0.000322198
0.000325653
0.000329813
0.00033493
0.000341324
0.000349452
0.000359862
0.000373618
0.000391358
0.000416898
0.00044657
0.000500658
0.000547539
0.0106895
0.00731033
0.00531406
0.00404574
0.00319565
0.00260554
0.00219838
0.0019639
0.0019816
0.00239611
0.00322874
0.00417322
0.00476937
0.00478754
0.00421837
0.00323708
0.00227884
0.00160365
0.0011922
0.000948601
0.000797385
0.000692234
0.000609146
0.000538154
0.000476313
0.000423172
0.000378621
0.000342276
0.000313535
0.000291767
0.000276415
0.000266988
0.000262922
0.000263422
0.000267403
0.000273605
0.0002808
0.00028793
0.000294229
0.000299353
0.000303368
0.000306565
0.000309255
0.000311688
0.000314048
0.000316479
0.00031911
0.000322082
0.000325557
0.000329733
0.000334862
0.000341265
0.000349398
0.000359812
0.000373569
0.000391309
0.000416857
0.000446539
0.000500711
0.000547658
0.0106894
0.00731141
0.00531647
0.00404912
0.00319916
0.0026074
0.002194
0.00193979
0.00190319
0.00220614
0.00288616
0.00370926
0.00426168
0.00428109
0.00372526
0.00283538
0.00201616
0.00145319
0.0011098
0.000903836
0.00077271
0.000678265
0.000601093
0.000533532
0.000473751
0.000421862
0.000378055
0.000342112
0.000313528
0.00029174
0.000276249
0.000266617
0.000262337
0.000262665
0.000266543
0.000272708
0.000279907
0.00028707
0.000293437
0.000298663
0.000302799
0.000306116
0.000308909
0.000311422
0.00031384
0.000316312
0.000318975
0.000321971
0.000325464
0.000329655
0.000334795
0.000341206
0.000349345
0.000359761
0.000373519
0.000391259
0.000416814
0.000446508
0.000500777
0.000547807
0.0106894
0.00731242
0.00531873
0.00405236
0.00320268
0.00260975
0.0021915
0.00192156
0.00184047
0.0020482
0.00258769
0.00327946
0.00376237
0.00376596
0.00323753
0.00246348
0.0017843
0.00132305
0.00103913
0.000865542
0.000751517
0.000666172
0.00059407
0.000529485
0.000471508
0.000420725
0.00037758
0.000341997
0.000313554
0.000291746
0.000276121
0.000266292
0.000261803
0.000261959
0.000265731
0.000271856
0.000279058
0.000286252
0.000292679
0.000297998
0.000302248
0.000305679
0.000308572
0.000311163
0.000313638
0.000316151
0.000318844
0.000321863
0.000325375
0.000329579
0.000334731
0.000341149
0.000349292
0.00035971
0.000373468
0.000391208
0.00041677
0.000446477
0.000500854
0.000547987
0.0106893
0.00731335
0.00532086
0.00405544
0.00320615
0.00261244
0.00219044
0.00190803
0.00179083
0.00191842
0.00233271
0.00289414
0.00329292
0.00327073
0.00278672
0.00213685
0.00158675
0.00121311
0.000979553
0.000833187
0.000733467
0.000655758
0.000587964
0.000525945
0.000469544
0.000419735
0.00037718
0.00034192
0.000313606
0.000291777
0.000276026
0.000266008
0.000261315
0.0002613
0.000264966
0.000271049
0.000278253
0.000285474
0.000291955
0.000297358
0.000301715
0.000305256
0.000308246
0.000310912
0.000313443
0.000315996
0.000318718
0.000321759
0.000325288
0.000329506
0.000334668
0.000341093
0.00034924
0.000359659
0.000373417
0.000391155
0.000416725
0.000446447
0.000500944
0.000548198
0.0106892
0.00731422
0.00532285
0.00405837
0.00320954
0.00261536
0.0021905
0.00189827
0.00175199
0.00181297
0.00211855
0.00255838
0.00286969
0.00282023
0.00239275
0.00186244
0.00142309
0.00112197
0.000930025
0.000806127
0.000718192
0.00064682
0.00058266
0.000522846
0.00046782
0.00041887
0.000376839
0.000341871
0.000313674
0.000291827
0.000275958
0.000265759
0.000260869
0.000260685
0.000264244
0.000270286
0.00027749
0.000284736
0.000291266
0.000296745
0.000301201
0.000304847
0.00030793
0.00031067
0.000313255
0.000315846
0.000318596
0.000321659
0.000325205
0.000329436
0.000334607
0.000341038
0.000349188
0.000359608
0.000373365
0.0003911
0.000416679
0.000446417
0.000501046
0.000548441
0.0106891
0.00731503
0.00532471
0.00406114
0.00321283
0.0026184
0.0021914
0.00189149
0.00172199
0.00172823
0.00194131
0.00227279
0.00250196
0.0024303
0.00206467
0.00163931
0.00129009
0.00104744
0.000889322
0.000783684
0.000705328
0.000639162
0.000578051
0.000520128
0.000466299
0.000418107
0.000376545
0.000341842
0.000313753
0.000291892
0.000275913
0.000265543
0.000260461
0.000260113
0.000263565
0.000269564
0.00027677
0.000284039
0.000290611
0.000296161
0.000300708
0.000304452
0.000307626
0.000310438
0.000313075
0.000315704
0.000318481
0.000321563
0.000325125
0.000329368
0.000334548
0.000340985
0.000349138
0.000359557
0.000373312
0.000391044
0.000416631
0.000446386
0.00050116
0.000548715
0.0106891
0.00731576
0.00532644
0.00406375
0.00321599
0.0026215
0.00219293
0.00188705
0.00169915
0.00166092
0.00179659
0.00203474
0.00219215
0.00210616
0.00180047
0.00146137
0.00118325
0.00098715
0.000856198
0.000765199
0.000694526
0.000632598
0.000574034
0.000517732
0.000464949
0.000417428
0.000376285
0.000341823
0.000313837
0.000291964
0.000275884
0.000265353
0.00026009
0.000259579
0.000262926
0.000268883
0.00027609
0.000283381
0.000289992
0.000295604
0.000300237
0.000304074
0.000307334
0.000310215
0.000312903
0.000315568
0.00031837
0.000321472
0.000325048
0.000329303
0.000334491
0.000340933
0.000349088
0.000359507
0.000373258
0.000390986
0.000416581
0.000446356
0.000501287
0.000549021
0.010689
0.00731644
0.00532804
0.00406619
0.003219
0.0026246
0.00219491
0.00188444
0.00168208
0.00160809
0.00167995
0.00183972
0.00193749
0.00184446
0.00159167
0.00132069
0.00109805
0.00093884
0.00082949
0.000750058
0.000685465
0.00062696
0.00057052
0.00051561
0.000463742
0.000416816
0.00037605
0.00034181
0.000313921
0.000292041
0.00027587
0.000265188
0.00025975
0.000259083
0.000262326
0.00026824
0.000275449
0.000282763
0.000289409
0.000295077
0.000299788
0.000303713
0.000307055
0.000310003
0.00031274
0.000315439
0.000318266
0.000321386
0.000324976
0.000329242
0.000334437
0.000340883
0.000349039
0.000359456
0.000373204
0.000390927
0.000416531
0.000446325
0.000501426
0.000549359
0.010689
0.00731706
0.00532952
0.00406848
0.00322187
0.00262765
0.00219721
0.00188325
0.0016696
0.00156718
0.00158716
0.0016824
0.00173216
0.00163707
0.00142801
0.00120995
0.00103065
0.000900546
0.000808152
0.000737706
0.000677855
0.000622094
0.000567427
0.000513716
0.000462654
0.000416257
0.000375832
0.000341795
0.000314
0.000292118
0.000275864
0.000265043
0.000259439
0.000258622
0.000261763
0.000267636
0.000274848
0.000282183
0.000288861
0.000294579
0.000299362
0.00030337
0.00030679
0.000309802
0.000312586
0.000315318
0.000318167
0.000321304
0.000324908
0.000329183
0.000334385
0.000340835
0.000348992
0.000359406
0.000373149
0.000390867
0.000416479
0.000446293
0.000501577
0.00054973
0.010689
0.00731762
0.00533089
0.00407061
0.00322458
0.00263063
0.00219971
0.00188313
0.00166075
0.00153596
0.00151436
0.00155734
0.00156922
0.00147463
0.00130033
0.0011233
0.000977902
0.000870573
0.000791251
0.000727645
0.000671439
0.000617869
0.000564686
0.000512015
0.000461664
0.000415741
0.000375624
0.000341776
0.000314071
0.000292192
0.000275866
0.000264915
0.000259155
0.000258193
0.000261235
0.000267069
0.000274285
0.000281641
0.000288349
0.000294112
0.00029896
0.000303045
0.000306539
0.000309612
0.000312441
0.000315204
0.000318075
0.000321228
0.000324844
0.000329128
0.000334336
0.000340789
0.000348946
0.000359356
0.000373094
0.000390805
0.000416425
0.000446261
0.000501741
0.000550134
0.0106889
0.00731812
0.00533214
0.00407259
0.00322713
0.0026335
0.00220232
0.00188382
0.00165477
0.00151254
0.00145805
0.00145941
0.00144179
0.00134865
0.00120144
0.00105625
0.000937251
0.000847436
0.000777957
0.000719439
0.000665992
0.000614172
0.000562242
0.000510479
0.000460759
0.000415259
0.000375421
0.000341748
0.000314131
0.000292261
0.000275871
0.000264801
0.000258894
0.000257794
0.00026074
0.000266536
0.000273758
0.000281137
0.000287873
0.000293676
0.000298582
0.00030274
0.000306304
0.000309435
0.000312306
0.000315098
0.00031799
0.000321157
0.000324784
0.000329076
0.000334289
0.000340745
0.0003489
0.000359307
0.000373038
0.000390741
0.000416369
0.000446228
0.000501918
0.000550571
0.0106889
0.00731857
0.00533328
0.00407442
0.00322952
0.00263625
0.00220498
0.00188511
0.00165099
0.00149534
0.00141521
0.00138393
0.00134359
0.00125208
0.00112584
0.00100525
0.000906483
0.000829811
0.000767535
0.000712707
0.000661329
0.000610915
0.000560052
0.000509087
0.000459927
0.000414806
0.000375221
0.00034171
0.000314179
0.000292321
0.000275878
0.0002647
0.000258655
0.000257423
0.000260278
0.000266038
0.000273268
0.000280671
0.000287432
0.00029327
0.00029823
0.000302454
0.000306084
0.000309269
0.00031218
0.000315
0.000317911
0.000321092
0.000324728
0.000329028
0.000334246
0.000340702
0.000348856
0.000359258
0.000372982
0.000390676
0.000416312
0.000446193
0.000502106
0.000551042
0.0106889
0.00731896
0.00533431
0.00407611
0.00323175
0.00263886
0.00220762
0.0018868
0.00164892
0.00148305
0.00138318
0.00132674
0.00126916
0.0011792
0.00106909
0.000967253
0.000883637
0.000816531
0.000759354
0.000707132
0.0006573
0.00060803
0.000558088
0.000507827
0.000459165
0.00041438
0.000375022
0.00034166
0.000314212
0.000292372
0.000275883
0.000264607
0.000258436
0.000257079
0.000259846
0.000265574
0.000272813
0.000280241
0.000287027
0.000292896
0.000297905
0.000302189
0.00030588
0.000309117
0.000312065
0.000314911
0.000317839
0.000321032
0.000324677
0.000328983
0.000334205
0.000340662
0.000348814
0.00035921
0.000372925
0.00039061
0.000416253
0.000446157
0.000502308
0.000551548
0.0106888
0.0073193
0.00533524
0.00407765
0.00323382
0.00264132
0.00221022
0.00188877
0.00164812
0.00147456
0.00135974
0.00128422
0.00121377
0.00112523
0.00102742
0.000939578
0.000866971
0.000806584
0.000752884
0.000702458
0.000653791
0.000605474
0.000556336
0.000506698
0.000458474
0.000413983
0.000374824
0.000341598
0.00031423
0.000292412
0.000275886
0.000264523
0.000258233
0.000256759
0.000259445
0.000265142
0.000272393
0.000279847
0.000286657
0.000292555
0.000297605
0.000301945
0.000305693
0.000308978
0.000311961
0.00031483
0.000317773
0.000320978
0.000324631
0.000328942
0.000334167
0.000340624
0.000348772
0.000359162
0.000372868
0.000390541
0.000416192
0.000446119
0.000502522
0.000552088
0.0106888
0.00731959
0.00533607
0.00407906
0.00323574
0.00264363
0.00221272
0.00189091
0.00164826
0.00146901
0.001343
0.00125327
0.0011734
0.00108616
0.000997545
0.000919872
0.000854987
0.000799126
0.000747697
0.000698492
0.00065073
0.000603231
0.000554803
0.00050571
0.000457862
0.00041362
0.000374632
0.000341527
0.000314234
0.000292441
0.000275886
0.000264445
0.000258047
0.000256464
0.000259072
0.000264742
0.000272008
0.00027949
0.000286323
0.000292245
0.000297333
0.000301723
0.000305524
0.000308852
0.000311867
0.000314757
0.000317715
0.000320929
0.000324589
0.000328905
0.000334132
0.000340588
0.000348733
0.000359114
0.000372811
0.000390472
0.000416129
0.000446079
0.000502748
0.000552663
0.0106888
0.00731983
0.0053368
0.00408033
0.0032375
0.00264579
0.00221512
0.00189312
0.00164908
0.00146566
0.00133142
0.00123127
0.00114465
0.00105856
0.000976667
0.000906131
0.000846444
0.000793482
0.000743464
0.000695096
0.00064808
0.000601312
0.000553516
0.000504889
0.000457348
0.000413304
0.000374453
0.000341449
0.000314225
0.000292458
0.00027588
0.000264371
0.000257875
0.000256191
0.000258727
0.000264375
0.000271658
0.000279169
0.000286025
0.000291968
0.000297089
0.000301524
0.000305372
0.00030874
0.000311785
0.000314694
0.000317664
0.000320887
0.000324553
0.000328872
0.0003341
0.000340555
0.000348694
0.000359067
0.000372753
0.000390401
0.000416063
0.000446036
0.000502987
0.000553275
0.0106888
0.00732002
0.00533743
0.00408147
0.0032391
0.00264779
0.00221739
0.00189535
0.00165036
0.00146395
0.00132374
0.00121609
0.00112471
0.00103958
0.000962437
0.000896717
0.000840358
0.000789132
0.000739945
0.00069219
0.000645854
0.00059977
0.000552532
0.000504282
0.000456967
0.000413056
0.0003743
0.000341374
0.000314207
0.000292466
0.000275872
0.000264303
0.000257718
0.000255942
0.000258412
0.000264041
0.000271344
0.000278886
0.000285764
0.000291725
0.000296873
0.000301348
0.000305238
0.000308643
0.000311714
0.00031464
0.000317621
0.00032085
0.000324521
0.000328843
0.000334071
0.000340524
0.000348657
0.000359021
0.000372695
0.000390328
0.000415995
0.00044599
0.000503238
0.000553923
0.0106888
0.00732016
0.00533796
0.00408249
0.00324057
0.00264964
0.00221953
0.00189754
0.00165194
0.00146342
0.00131895
0.00120598
0.00111131
0.0010269
0.000952979
0.000890348
0.000835978
0.000785692
0.000736978
0.000689752
0.000644112
0.000598704
0.000551949
0.000503967
0.00045677
0.000412911
0.000374194
0.000341312
0.000314188
0.000292468
0.000275861
0.00026424
0.000257576
0.000255715
0.000258128
0.000263742
0.000271068
0.000278642
0.000285541
0.000291516
0.000296687
0.000301196
0.000305124
0.000308561
0.000311654
0.000314595
0.000317585
0.00032082
0.000324494
0.000328818
0.000334045
0.000340495
0.000348622
0.000358976
0.000372636
0.000390253
0.000415924
0.000445941
0.000503501
0.000554608
0.0106888
0.00732025
0.0053384
0.00408338
0.00324188
0.00265133
0.00222152
0.00189965
0.00165368
0.00146371
0.00131625
0.00119956
0.00110262
0.00101871
0.000946841
0.000886059
0.000832756
0.000782892
0.000734471
0.00068782
0.000642986
0.000598282
0.000551926
0.000504067
0.000456845
0.000412925
0.000374171
0.000341287
0.00031418
0.000292473
0.000275852
0.000264186
0.000257451
0.000255515
0.000257877
0.000263482
0.000270834
0.000278441
0.000285359
0.000291345
0.000296533
0.00030107
0.000305029
0.000308493
0.000311606
0.000314559
0.000317556
0.000320795
0.000324472
0.000328797
0.000334023
0.000340468
0.000348588
0.000358931
0.000372577
0.000390177
0.000415851
0.000445888
0.000503777
0.000555331
0.0106887
0.00732029
0.00533875
0.00408414
0.00324306
0.00265288
0.00222337
0.00190166
0.00165551
0.00146456
0.00131503
0.00119576
0.00109726
0.00101362
0.000942949
0.000883154
0.000830305
0.000780553
0.000732401
0.000686511
0.000642703
0.000598775
0.00055271
0.000504773
0.000457323
0.000413184
0.000374285
0.000341333
0.000314206
0.000292493
0.000275855
0.000264146
0.000257347
0.000255346
0.000257665
0.000263269
0.00027065
0.00027829
0.000285223
0.000291214
0.000296413
0.00030097
0.000304955
0.000308442
0.00031157
0.000314533
0.000317535
0.000320777
0.000324456
0.00032878
0.000334004
0.000340444
0.000348556
0.000358886
0.000372517
0.000390099
0.000415775
0.000445831
0.000504065
0.000556092
0.0106887
0.00732028
0.005339
0.00408479
0.0032441
0.00265427
0.00222506
0.00190356
0.00165733
0.00146575
0.0013148
0.00119378
0.00109417
0.0010106
0.000940532
0.000881144
0.000828357
0.000778568
0.000730811
0.000686045
0.000643632
0.000600608
0.000554683
0.000506378
0.000458411
0.000413828
0.000374628
0.000341509
0.000314303
0.000292553
0.000275884
0.000264132
0.000257275
0.000255217
0.000257504
0.000263113
0.000270527
0.000278198
0.000285142
0.00029113
0.00029633
0.0003009
0.000304904
0.000308407
0.000311547
0.000314516
0.000317522
0.000320766
0.000324444
0.000328767
0.000333988
0.000340423
0.000348525
0.000358843
0.000372457
0.000390019
0.000415695
0.000445769
0.000504364
0.000556891
0.0106887
0.00732021
0.00533917
0.00408532
0.003245
0.00265551
0.00222661
0.00190532
0.00165911
0.00146713
0.00131524
0.001193
0.00109259
0.00100894
0.000939053
0.000879696
0.000826737
0.000776895
0.000729832
0.000686789
0.000646357
0.000604434
0.000558427
0.00050933
0.000460426
0.00041507
0.000375345
0.000341912
0.000314538
0.000292698
0.000275971
0.000264165
0.000257252
0.000255146
0.000257412
0.000263036
0.000270486
0.000278183
0.000285129
0.000291103
0.000296293
0.000300865
0.000304877
0.00030839
0.000311537
0.00031451
0.000317517
0.00032076
0.000324438
0.000328759
0.000333975
0.000340403
0.000348496
0.0003588
0.000372396
0.000389937
0.000415612
0.000445701
0.000504675
0.000557729
0.0106887
0.00732009
0.00533924
0.00408574
0.00324576
0.00265661
0.002228
0.00190694
0.0016608
0.00146859
0.00131607
0.001193
0.00109197
0.00100811
0.000938145
0.000878583
0.000825336
0.000775554
0.000729711
0.000689339
0.00065179
0.000611265
0.00056483
0.000514308
0.000463851
0.000417248
0.000376669
0.000342706
0.000315021
0.000293008
0.000276173
0.000264286
0.000257309
0.000255161
0.000257419
0.000263072
0.000270562
0.000278277
0.000285208
0.00029115
0.000296311
0.00030087
0.000304879
0.000308393
0.000311541
0.000314514
0.00031752
0.000320762
0.000324437
0.000328754
0.000333966
0.000340387
0.000348469
0.000358758
0.000372335
0.000389853
0.000415526
0.000445626
0.000504996
0.000558604
0.0106887
0.00731992
0.00533922
0.00408603
0.0032464
0.00265757
0.00222925
0.00190842
0.00166239
0.00147006
0.00131712
0.00119345
0.00109193
0.00100778
0.000937563
0.000877658
0.000824097
0.000774637
0.000730864
0.000694642
0.000661364
0.000622669
0.000575258
0.000522349
0.000469427
0.000420887
0.000378976
0.00034416
0.000315952
0.000293626
0.000276595
0.000264576
0.000257508
0.000255318
0.000257583
0.00026328
0.000270813
0.000278532
0.00028542
0.000291299
0.000296406
0.000300928
0.000304917
0.000308421
0.000311562
0.000314529
0.000317531
0.00032077
0.000324441
0.000328754
0.00033396
0.000340372
0.000348443
0.000358716
0.000372274
0.000389768
0.000415435
0.000445544
0.000505325
0.000559512
0.0106887
0.00731969
0.0053391
0.00408621
0.0032469
0.00265838
0.00223034
0.00190974
0.00166385
0.00147147
0.00131825
0.00119415
0.00109221
0.00100772
0.000937143
0.000876827
0.000823012
0.000774335
0.000733975
0.000704197
0.000677329
0.000641101
0.000591829
0.000535053
0.000478308
0.00042682
0.000382885
0.000346739
0.000317694
0.000294822
0.000277436
0.000265184
0.000257968
0.00025572
0.000258008
0.000263768
0.000271345
0.000279039
0.000285836
0.000291601
0.000296608
0.000301059
0.000305003
0.000308479
0.000311603
0.000314559
0.000317553
0.000320786
0.000324452
0.000328759
0.000333958
0.000340361
0.00034842
0.000358676
0.000372213
0.000389681
0.000415342
0.000445455
0.000505659
0.000560448
0.0106887
0.0073194
0.00533889
0.00408628
0.00324727
0.00265905
0.00223129
0.00191092
0.00166517
0.00147278
0.00131938
0.00119495
0.00109263
0.00100777
0.000936781
0.000876035
0.000822122
0.000774985
0.000740149
0.000720377
0.00070324
0.000670467
0.000617926
0.000554972
0.00049234
0.000436415
0.000389443
0.000351268
0.000320882
0.000297093
0.000279079
0.000266408
0.000258932
0.000256574
0.000258893
0.00026474
0.000272349
0.000279959
0.000286578
0.000292139
0.000296971
0.000301296
0.000305156
0.000308579
0.000311671
0.000314607
0.000317588
0.000320811
0.00032447
0.00032877
0.000333961
0.000340354
0.0003484
0.000358639
0.000372154
0.000389594
0.000415245
0.000445356
0.000505992
0.0005614
0.0106887
0.00731905
0.00533858
0.00408622
0.00324751
0.00265958
0.00223209
0.00191195
0.00166634
0.00147398
0.00132044
0.00119574
0.00109308
0.00100783
0.00093641
0.000875262
0.000821537
0.00077716
0.000751167
0.000746936
0.000744753
0.000717138
0.000659201
0.000586424
0.000514683
0.000452064
0.000400568
0.000359403
0.000326855
0.000301491
0.000282341
0.000268885
0.000260919
0.000258323
0.000260658
0.000266597
0.000274188
0.000281587
0.00028786
0.000293057
0.000297589
0.000301695
0.000305411
0.000308742
0.000311778
0.000314681
0.000317641
0.00032085
0.000324499
0.00032879
0.000333971
0.000340354
0.000348386
0.000358607
0.0003721
0.000389511
0.000415148
0.000445247
0.000506312
0.000562345
0.0106887
0.00731863
0.00533818
0.00408605
0.00324762
0.00265998
0.00223275
0.00191283
0.00166737
0.00147505
0.00132141
0.00119647
0.00109348
0.00100784
0.000935995
0.000874521
0.000821468
0.000781826
0.000769908
0.000789803
0.000810936
0.00079183
0.000725688
0.000637382
0.000551339
0.000478493
0.000420375
0.000374692
0.000338694
0.000310553
0.000289229
0.000274197
0.000265206
0.00026204
0.000264247
0.000270189
0.000277575
0.000284463
0.000290056
0.0002946
0.000298611
0.000302349
0.000305822
0.000309002
0.000311946
0.000314795
0.000317722
0.000320911
0.000324544
0.000328824
0.000333995
0.000340367
0.000348385
0.000358589
0.000372059
0.000389438
0.000415055
0.000445127
0.000506599
0.000563243
0.0106887
0.00731815
0.00533767
0.00408575
0.0032476
0.00266023
0.00223326
0.00191356
0.00166825
0.00147597
0.00132225
0.00119711
0.0010938
0.00100778
0.00093552
0.000873863
0.000822301
0.000790618
0.000801012
0.000858313
0.000916429
0.000913086
0.000836285
0.000724024
0.00061526
0.000526899
0.00045946
0.000407081
0.000365321
0.000331774
0.000305705
0.000286972
0.000275424
0.000270669
0.000271993
0.000277391
0.000283931
0.000289579
0.000293813
0.000297167
0.000300282
0.000303405
0.000306479
0.000309413
0.000312211
0.000314974
0.000317851
0.000321008
0.000324622
0.000328887
0.000334046
0.000340407
0.000348412
0.000358599
0.000372045
0.000389389
0.000414973
0.000444992
0.000506814
0.000564025
0.0106888
0.00731759
0.00533706
0.00408533
0.00324744
0.00266034
0.00223362
0.00191413
0.00166897
0.00147675
0.00132295
0.00119762
0.00109402
0.00100763
0.000934987
0.000873406
0.000824733
0.000806328
0.000851928
0.000967097
0.00108488
0.00111311
0.00102721
0.000880845
0.000737284
0.000628467
0.00054901
0.000488135
0.000436363
0.000390291
0.000351378
0.000321827
0.000302378
0.000292261
0.000289699
0.000292311
0.000296016
0.000298682
0.000300187
0.000301387
0.000302974
0.000305084
0.000307519
0.000310066
0.000312636
0.000315265
0.000318065
0.000321175
0.00032476
0.000329007
0.000334153
0.000340503
0.000348496
0.000358666
0.000372086
0.000389389
0.000414914
0.000444835
0.000506891
0.000564577
0.0106888
0.00731695
0.00533633
0.00408479
0.00324714
0.00266031
0.00223384
0.00191456
0.00166954
0.00147737
0.00132352
0.001198
0.00109411
0.00100737
0.000934418
0.000873386
0.000830057
0.000833728
0.000934534
0.00113894
0.00135371
0.00144513
0.00136351
0.00117771
0.000992145
0.000860805
0.000772072
0.000702977
0.000632088
0.00055431
0.000479016
0.000417103
0.000373125
0.000345704
0.000330373
0.000322997
0.000318638
0.000314534
0.000310738
0.000308145
0.000307203
0.000307702
0.000309146
0.0003111
0.000313323
0.000315752
0.000318435
0.000321477
0.000325021
0.000329243
0.000334374
0.000340711
0.000348693
0.000358844
0.00037223
0.000389471
0.000414892
0.000444639
0.000506717
0.00056472
0.0106888
0.00731623
0.0053355
0.00408411
0.00324671
0.00266013
0.0022339
0.00191483
0.00166996
0.00147784
0.00132393
0.00119824
0.00109408
0.00100701
0.000933879
0.000874283
0.000840707
0.000880967
0.00106762
0.00140874
0.00177852
0.00198563
0.00194023
0.00172631
0.00151309
0.00135896
0.00125995
0.00117465
0.00106363
0.000919808
0.000766535
0.000631994
0.00053018
0.000460147
0.000413415
0.000381131
0.000358285
0.000340622
0.000327355
0.000318506
0.000313604
0.000311666
0.000311642
0.000312729
0.000314448
0.000316583
0.000319094
0.000322035
0.000325519
0.000329706
0.000334816
0.000341139
0.000349104
0.000359228
0.00037256
0.0003897
0.00041493
0.000444375
0.000506119
0.000564191
0.0106888
0.00731543
0.00533455
0.0040833
0.00324612
0.0026598
0.00223382
0.00191495
0.00167022
0.00147816
0.0013242
0.00119834
0.00109393
0.00100656
0.000933524
0.000877122
0.000861346
0.000961847
0.00128067
0.00182776
0.00243072
0.00281452
0.00284005
0.00261823
0.0023758
0.00218415
0.00204925
0.00191728
0.00173648
0.00149787
0.00123495
0.000992649
0.00079817
0.000654754
0.000551694
0.000475743
0.000420017
0.000379736
0.000351635
0.00033346
0.00032285
0.000317476
0.000315408
0.000315292
0.000316305
0.000318024
0.000320287
0.000323078
0.000326472
0.000330604
0.00033568
0.000341976
0.000349909
0.000359977
0.000373209
0.000390173
0.000415062
0.000444008
0.000504856
0.000562633
0.0106888
0.00731452
0.00533347
0.00408235
0.00324539
0.00265931
0.00223357
0.00191491
0.00167033
0.00147832
0.00132431
0.00119831
0.00109366
0.00100606
0.000933749
0.00088418
0.000900904
0.00109957
0.00161904
0.00246389
0.00337599
0.00395894
0.00404167
0.00379878
0.00348399
0.00321216
0.00300044
0.00278904
0.00252055
0.00218279
0.00180992
0.001454
0.00115275
0.000916909
0.000738354
0.00060377
0.000503151
0.000432048
0.000384104
0.000353656
0.000335609
0.000325772
0.000321041
0.000319339
0.0003194
0.000320543
0.000322449
0.000325016
0.000328267
0.000332305
0.000337313
0.000343548
0.000351407
0.000361365
0.000374405
0.000391056
0.000415363
0.000443518
0.000502646
0.000559619
0.0106888
0.00731349
0.00533224
0.00408122
0.00324447
0.00265864
0.00223314
0.00191469
0.00167026
0.00147832
0.00132428
0.00119814
0.00109329
0.00100566
0.000935635
0.000900658
0.000976351
0.00133278
0.00214896
0.0033882
0.00462568
0.00532988
0.00537645
0.00505378
0.0046141
0.0042363
0.00392943
0.00362864
0.00327454
0.00285134
0.00238828
0.00193594
0.0015365
0.0012081
0.000948953
0.000749566
0.000600503
0.000494638
0.000424097
0.00037948
0.000352702
0.000337519
0.000329517
0.000325801
0.000324609
0.000324954
0.000326341
0.000328562
0.000331575
0.000335441
0.000340309
0.000346411
0.000354108
0.000363845
0.000376537
0.000392657
0.000416025
0.000442988
0.000499278
0.000554742
0.0106888
0.00731229
0.00533078
0.00407984
0.00324329
0.00265773
0.0022325
0.00191428
0.00167002
0.00147817
0.00132412
0.00119789
0.00109294
0.001006
0.000942303
0.000938431
0.00111962
0.00172459
0.00295533
0.00463559
0.00608275
0.00672155
0.00660545
0.00612714
0.00556976
0.00509742
0.00470537
0.00432675
0.00390328
0.00341668
0.00288969
0.00236723
0.0018912
0.00148503
0.00115433
0.000895515
0.000701589
0.000563368
0.000470759
0.000411698
0.000375588
0.000354395
0.000342514
0.000336274
0.000333415
0.000332639
0.000333254
0.000334927
0.000337538
0.000341089
0.000345683
0.00035151
0.000358894
0.000368222
0.000380332
0.000395617
0.000417581
0.000442836
0.000494872
0.000547828
0.0106887
0.0073107
0.00532885
0.00407795
0.00324166
0.00265645
0.00223158
0.0019137
0.00166972
0.00147806
0.00132412
0.001198
0.00109339
0.00100956
0.000962877
0.00102425
0.0013901
0.00237161
0.0041168
0.00614444
0.00753309
0.0078877
0.00752604
0.00688829
0.00624523
0.00570954
0.00525806
0.00482464
0.00435474
0.00382924
0.00326508
0.00270045
0.00217459
0.00171407
0.00133102
0.00102759
0.000799172
0.00063583
0.000524675
0.000452469
0.000407081
0.000379359
0.000362897
0.000353445
0.000348327
0.000345944
0.000345398
0.000346205
0.000348135
0.000351125
0.00035522
0.000360557
0.000367397
0.000376063
0.000387273
0.000401369
0.000421297
0.000444269
0.000490528
0.000539474
0.0106881
0.00730808
0.00532568
0.00407493
0.00323921
0.00265479
0.00223078
0.00191369
0.0016704
0.00147935
0.00132604
0.00120086
0.00109849
0.00102614
0.00102338
0.00121723
0.0018944
0.0033991
0.00564305
0.00771596
0.0087066
0.0086307
0.0080225
0.00727671
0.00659912
0.00603961
0.00556002
0.00509856
0.00460673
0.00406642
0.00349035
0.0029106
0.00236302
0.00187576
0.00146553
0.00113838
0.000890973
0.00071262
0.00058895
0.000506166
0.000452056
0.000417337
0.000395433
0.000381855
0.000373676
0.000369
0.000366703
0.000366156
0.000367016
0.000369121
0.000372443
0.000377046
0.000383117
0.000390888
0.000400965
0.000413497
0.000431116
0.000451104
0.000490116
0.000532505
0.0106859
0.00730241
0.00531937
0.00406978
0.00323641
0.0026549
0.00223386
0.00191951
0.00167864
0.00148993
0.00133941
0.00121872
0.00112637
0.00109175
0.00119497
0.0016429
0.00280447
0.0049114
0.00739273
0.00904417
0.00936999
0.00884899
0.00806501
0.00729121
0.00663336
0.00608823
0.00561077
0.0051472
0.00465686
0.00412432
0.00355981
0.00299061
0.00244936
0.00196444
0.0015547
0.00122752
0.000979169
0.000798025
0.000669385
0.000579632
0.00051797
0.000476054
0.000447919
0.000429284
0.00041705
0.000409211
0.00040447
0.000402017
0.000401367
0.000402248
0.000404534
0.000408207
0.000413361
0.000420131
0.000428964
0.000439906
0.000455044
0.000471888
0.000503624
0.00053559
0.0106783
0.00728888
0.00530772
0.00406559
0.00324307
0.00267367
0.00226435
0.00196044
0.00172876
0.00154903
0.00140971
0.00130745
0.00125409
0.00132617
0.00165613
0.00253883
0.00433344
0.0068777
0.00904306
0.00981406
0.00939367
0.00853779
0.00768877
0.00696781
0.00637475
0.00587519
0.00542577
0.00498326
0.00451592
0.00401226
0.00348154
0.00294757
0.00244003
0.00198616
0.00160436
0.00130067
0.00106965
0.000898716
0.000773593
0.000682056
0.000615391
0.000567326
0.000533058
0.000508927
0.000492205
0.00048085
0.000473427
0.000468982
0.000466908
0.000466838
0.000468571
0.000472013
0.000477198
0.000484159
0.000493286
0.000504339
0.00051934
0.000534355
0.000563022
0.000578716
0.0106577
0.00726523
0.00530611
0.00410198
0.00332509
0.00280226
0.00243587
0.00216907
0.00196953
0.00182134
0.00172156
0.00168401
0.00175692
0.00205381
0.00277053
0.00425175
0.00660783
0.00901853
0.0101675
0.00980618
0.00876819
0.00776194
0.00696773
0.00635716
0.00585925
0.0054279
0.00502743
0.00462625
0.00420201
0.00374781
0.00327288
0.00279841
0.00235104
0.00195529
0.00162659
0.00136785
0.00117119
0.00102337
0.000911214
0.000824893
0.000758261
0.000707472
0.000669625
0.000642145
0.000622732
0.000609495
0.00060102
0.000596343
0.000594852
0.000596183
0.000600151
0.000606683
0.000615878
0.000627761
0.000643012
0.00066075
0.00068487
0.000706211
0.000746798
0.000747644
0.0106407
0.00730857
0.00547428
0.00442055
0.00379551
0.00341199
0.00316506
0.00299683
0.00288077
0.00281413
0.00281436
0.00293194
0.0032305
0.00383207
0.00504145
0.00709898
0.0094843
0.0108132
0.010374
0.00894929
0.00757548
0.00661152
0.00596462
0.00549779
0.00511223
0.00476494
0.00443083
0.00408992
0.00372925
0.00334659
0.00295128
0.00256189
0.00220123
0.00188938
0.0016369
0.00144239
0.00129552
0.0011831
0.00109423
0.00102237
0.000964613
0.000919673
0.000886362
0.000863124
0.000848256
0.000840251
0.000837995
0.000840801
0.00084833
0.000860513
0.000877507
0.000899639
0.000927557
0.000961868
0.0010044
0.00105457
0.0011207
0.0011874
0.00129107
0.00134286
0.0110792
0.00822687
0.00678907
0.00603704
0.00564737
0.00544986
0.00535021
0.00530148
0.0052903
0.00532982
0.00545142
0.0056965
0.00622382
0.00722382
0.0089457
0.0110722
0.0122681
0.0114625
0.00932184
0.00725076
0.00588115
0.00510206
0.00465096
0.0043433
0.00408298
0.00383685
0.00359021
0.00333389
0.00306463
0.00278499
0.0025036
0.00223519
0.00199668
0.00180086
0.00165118
0.00154132
0.00145981
0.00139601
0.00134365
0.0013009
0.00126817
0.00124616
0.00123486
0.0012336
0.00124143
0.00125764
0.0012819
0.00131437
0.00135563
0.00140663
0.0014688
0.00154402
0.00163499
0.00174491
0.00187945
0.00204246
0.00225122
0.00249361
0.00284763
0.00328551
0.0173599
0.015486
0.0136
0.0121292
0.0110681
0.0103404
0.00987712
0.00961975
0.0095156
0.00950999
0.00953974
0.00954588
0.0092757
0.00859612
0.0076265
0.00663808
0.00571793
0.00472145
0.00371225
0.00293342
0.00246315
0.00222345
0.00213853
0.00209971
0.00205975
0.00200393
0.00193244
0.00185365
0.00178086
0.00172484
0.00168645
0.00166755
0.00166766
0.00168296
0.00170744
0.00173565
0.00176485
0.00179516
0.00182862
0.00186788
0.0019153
0.00197268
0.00204124
0.00212201
0.00221612
0.00232512
0.00245111
0.00259689
0.00276601
0.00296306
0.00319387
0.0034662
0.00378969
0.004179
0.00464872
0.00523598
0.00594137
0.00693359
0.00792198
0.00998107
)
;

boundaryField
{
    inlet
    {
        type            fixedValue;
        value           uniform 0.017;
    }
    outlet
    {
        type            zeroGradient;
    }
    fixedWalls
    {
        type            kqRWallFunction;
        value           nonuniform List<scalar> 
120
(
0.0173599
0.015486
0.0136
0.0121292
0.0110681
0.0103404
0.00987712
0.00961975
0.0095156
0.00950999
0.00953974
0.00954588
0.0092757
0.00859612
0.0076265
0.00663808
0.00571793
0.00472145
0.00371225
0.00293342
0.00246315
0.00222345
0.00213853
0.00209971
0.00205975
0.00200393
0.00193244
0.00185365
0.00178086
0.00172484
0.00168645
0.00166755
0.00166766
0.00168296
0.00170744
0.00173565
0.00176485
0.00179516
0.00182862
0.00186788
0.0019153
0.00197268
0.00204124
0.00212201
0.00221612
0.00232512
0.00245111
0.00259689
0.00276601
0.00296306
0.00319387
0.0034662
0.00378969
0.004179
0.00464872
0.00523598
0.00594137
0.00693359
0.00792198
0.00998107
0.0117068
0.00656689
0.00176795
0.000423346
0.000390941
0.00068969
0.00136977
0.00191097
0.00210006
0.00188212
0.00156979
0.00274325
0.00386515
0.00426053
0.00390366
0.00314211
0.00237983
0.00179066
0.00126979
0.000845093
0.000538098
0.000351429
0.000282365
0.00035757
0.000461035
0.00056293
0.000663318
0.000762948
0.000862006
0.000959994
0.00105595
0.00114877
0.00123748
0.00132153
0.00140088
0.00147604
0.00154799
0.00161804
0.0016877
0.00175859
0.00183237
0.00191077
0.00199558
0.00208867
0.0021921
0.00230818
0.00243956
0.0025894
0.00276157
0.00296084
0.00319323
0.00346664
0.00379084
0.00418057
0.00465052
0.00523788
0.00594318
0.0069353
0.00792343
0.00998234
)
;
    }
    frontAndBack
    {
        type            empty;
    }
}


// ************************************************************************* //
