/*--------------------------------*- C++ -*----------------------------------*\
| =========                 |                                                 |
| \\      /  F ield         | OpenFOAM: The Open Source CFD Toolbox           |
|  \\    /   O peration     | Version:  2.4.0                                 |
|   \\  /    A nd           | Web:      www.OpenFOAM.org                      |
|    \\/     M anipulation  |                                                 |
\*---------------------------------------------------------------------------*/
FoamFile
{
    version     2.0;
    format      ascii;
    class       volScalarField;
    location    "2.25";
    object      nut;
}
// * * * * * * * * * * * * * * * * * * * * * * * * * * * * * * * * * * * * * //

dimensions      [0 2 -1 0 0 0 0];

internalField   nonuniform List<scalar> 
6000
(
4.7016e-05
1.4433e-05
4.26549e-06
8.7706e-06
7.79529e-06
8.94895e-06
8.61227e-06
8.99872e-06
8.90046e-06
9.20046e-06
9.43499e-06
9.84896e-06
9.9516e-06
9.44388e-06
7.73617e-06
5.1709e-06
5.48751e-06
8.11952e-06
9.14195e-06
8.13041e-06
9.52802e-06
1.73365e-05
2.52712e-05
3.24831e-05
3.85409e-05
4.32519e-05
4.6525e-05
4.8263e-05
4.8292e-05
4.64047e-05
4.24283e-05
3.62158e-05
2.75906e-05
1.6476e-05
1.25192e-05
2.07821e-05
2.60232e-05
2.89034e-05
3.00506e-05
2.99903e-05
2.91794e-05
2.79855e-05
2.6685e-05
2.54876e-05
2.45466e-05
2.39628e-05
2.3765e-05
2.39488e-05
2.44378e-05
2.52194e-05
2.61166e-05
2.72487e-05
2.819e-05
2.95274e-05
3.0049e-05
3.17916e-05
3.114e-05
3.42743e-05
3.11762e-05
3.71587e-05
2.94901e-05
9.49969e-06
3.18419e-06
7.01228e-06
6.32908e-06
7.03512e-06
6.81119e-06
7.05862e-06
7.01571e-06
7.23784e-06
7.42583e-06
7.69991e-06
7.72767e-06
7.30382e-06
6.13559e-06
4.86072e-06
5.66674e-06
7.31797e-06
8.13986e-06
8.2995e-06
1.03783e-05
1.51481e-05
1.97087e-05
2.35635e-05
2.65642e-05
2.86941e-05
2.99737e-05
3.04088e-05
2.99496e-05
2.86195e-05
2.64183e-05
2.33672e-05
1.96059e-05
1.63804e-05
1.4488e-05
1.62413e-05
1.81889e-05
1.93889e-05
1.98621e-05
1.97585e-05
1.9275e-05
1.85957e-05
1.78684e-05
1.72105e-05
1.67071e-05
1.64105e-05
1.63313e-05
1.64602e-05
1.67571e-05
1.72082e-05
1.77226e-05
1.83507e-05
1.88866e-05
1.96043e-05
1.99291e-05
2.08221e-05
2.05686e-05
2.21066e-05
2.06612e-05
2.34087e-05
2.1431e-05
8.15537e-06
2.8281e-06
5.89012e-06
5.33399e-06
5.69906e-06
5.53141e-06
5.68339e-06
5.68133e-06
5.86263e-06
6.03128e-06
6.22779e-06
6.23237e-06
5.92845e-06
5.28967e-06
5.16709e-06
6.00161e-06
7.08761e-06
8.09049e-06
9.51821e-06
1.16481e-05
1.45407e-05
1.7158e-05
1.91852e-05
2.05903e-05
2.14384e-05
2.18159e-05
2.18063e-05
2.14773e-05
2.09573e-05
2.03716e-05
1.99904e-05
2.0773e-05
2.65555e-05
2.02113e-05
1.53578e-05
1.44466e-05
1.4278e-05
1.41672e-05
1.39299e-05
1.3557e-05
1.31065e-05
1.26482e-05
1.22455e-05
1.19449e-05
1.17718e-05
1.17272e-05
1.18013e-05
1.1973e-05
1.22298e-05
1.25267e-05
1.288e-05
1.31974e-05
1.35916e-05
1.3814e-05
1.42734e-05
1.4227e-05
1.49472e-05
1.43576e-05
1.54344e-05
1.78745e-05
7.96633e-06
2.99901e-06
5.26386e-06
4.71328e-06
4.78572e-06
4.63007e-06
4.71116e-06
4.74175e-06
4.90982e-06
5.08366e-06
5.25411e-06
5.29003e-06
5.16774e-06
5.11961e-06
6.0467e-06
6.66701e-06
7.51443e-06
9.04897e-06
1.1584e-05
1.34675e-05
1.52443e-05
1.67816e-05
1.7921e-05
1.87153e-05
1.92902e-05
1.97907e-05
2.03926e-05
2.12391e-05
2.24823e-05
2.44554e-05
2.79344e-05
3.55273e-05
5.14719e-05
3.37539e-05
1.97524e-05
1.4663e-05
1.24927e-05
1.14168e-05
1.07713e-05
1.0279e-05
9.85159e-06
9.47813e-06
9.17284e-06
8.95039e-06
8.81686e-06
8.76607e-06
8.78829e-06
8.87161e-06
9.00557e-06
9.16947e-06
9.36377e-06
9.55313e-06
9.77122e-06
9.92976e-06
1.01645e-05
1.02138e-05
1.05187e-05
1.03495e-05
1.0588e-05
1.67544e-05
8.44326e-06
3.54481e-06
5.04505e-06
4.4186e-06
4.20645e-06
4.02297e-06
4.04455e-06
4.10413e-06
4.2831e-06
4.48967e-06
4.68609e-06
4.82028e-06
4.97561e-06
5.65628e-06
7.48893e-06
7.82663e-06
8.72384e-06
1.10629e-05
1.43302e-05
1.60315e-05
1.73453e-05
1.85989e-05
1.9833e-05
2.1212e-05
2.29406e-05
2.52585e-05
2.85231e-05
3.2626e-05
3.78569e-05
4.46989e-05
5.43015e-05
6.99451e-05
8.73262e-05
5.82143e-05
3.29448e-05
2.0498e-05
1.43939e-05
1.12879e-05
9.63921e-06
8.67235e-06
8.03802e-06
7.59e-06
7.26758e-06
7.04279e-06
6.89818e-06
6.81814e-06
6.78989e-06
6.80503e-06
6.85453e-06
6.92982e-06
7.02509e-06
7.1317e-06
7.24782e-06
7.35858e-06
7.47481e-06
7.55601e-06
7.65622e-06
7.67522e-06
7.52149e-06
1.71083e-05
9.39696e-06
4.40068e-06
5.15592e-06
4.42778e-06
3.91671e-06
3.66479e-06
3.62799e-06
3.71652e-06
3.93154e-06
4.20663e-06
4.4914e-06
4.81505e-06
5.39512e-06
7.0046e-06
9.48726e-06
9.62189e-06
1.08317e-05
1.4057e-05
1.77443e-05
1.96184e-05
2.12439e-05
2.33161e-05
2.61959e-05
3.02612e-05
3.58451e-05
4.32325e-05
5.26719e-05
6.29233e-05
7.42309e-05
8.6564e-05
0.000100405
0.000117221
0.000124609
9.10946e-05
5.74456e-05
3.50238e-05
2.17987e-05
1.45114e-05
1.06499e-05
8.55891e-06
7.36035e-06
6.63278e-06
6.17094e-06
5.86994e-06
5.67212e-06
5.54345e-06
5.46253e-06
5.41922e-06
5.4043e-06
5.41424e-06
5.44126e-06
5.48783e-06
5.53872e-06
5.60829e-06
5.65828e-06
5.73646e-06
5.73987e-06
5.82406e-06
5.51604e-06
1.83891e-05
1.0709e-05
5.52539e-06
5.51624e-06
4.71768e-06
3.90134e-06
3.53773e-06
3.43537e-06
3.556e-06
3.8372e-06
4.2306e-06
4.68741e-06
5.33122e-06
6.54789e-06
9.25872e-06
1.20304e-05
1.21361e-05
1.38569e-05
1.78633e-05
2.19476e-05
2.45848e-05
2.75976e-05
3.22003e-05
3.92919e-05
4.95023e-05
6.29356e-05
7.90639e-05
9.65381e-05
0.000112642
0.000127564
0.000140808
0.000152366
0.000162376
0.00015814
0.000125755
8.97089e-05
5.91882e-05
3.69184e-05
2.27062e-05
1.4611e-05
1.02312e-05
7.84882e-06
6.51505e-06
5.73873e-06
5.2664e-06
4.96459e-06
4.7624e-06
4.62025e-06
4.51984e-06
4.44884e-06
4.40412e-06
4.37723e-06
4.374e-06
4.37602e-06
4.40611e-06
4.41294e-06
4.46931e-06
4.42707e-06
4.51467e-06
4.17208e-06
2.02058e-05
1.22758e-05
6.87551e-06
6.07386e-06
5.23324e-06
4.15804e-06
3.64279e-06
3.46229e-06
3.62154e-06
4.00787e-06
4.58983e-06
5.33523e-06
6.48103e-06
8.58751e-06
1.23874e-05
1.50966e-05
1.53664e-05
1.76999e-05
2.23535e-05
2.71227e-05
3.13309e-05
3.72001e-05
4.67429e-05
6.14339e-05
8.14368e-05
0.000105156
0.000129894
0.00015196
0.000169342
0.000182683
0.000191875
0.000197188
0.000198502
0.000186599
0.000157114
0.000122635
8.87236e-05
5.92676e-05
3.70647e-05
2.26811e-05
1.4372e-05
9.81811e-06
7.34555e-06
5.97689e-06
5.18847e-06
4.70719e-06
4.39257e-06
4.17078e-06
4.00603e-06
3.87812e-06
3.78053e-06
3.70348e-06
3.65248e-06
3.60977e-06
3.59819e-06
3.56831e-06
3.59167e-06
3.52332e-06
3.58501e-06
3.26068e-06
2.22472e-05
1.39965e-05
8.39888e-06
6.82171e-06
5.89168e-06
4.67187e-06
3.9872e-06
3.71807e-06
3.92708e-06
4.46969e-06
5.33592e-06
6.52541e-06
8.39539e-06
1.1594e-05
1.6203e-05
1.86509e-05
1.92355e-05
2.21922e-05
2.7505e-05
3.34596e-05
4.02387e-05
5.07561e-05
6.79282e-05
9.30271e-05
0.000123958
0.000156123
0.000185238
0.000206634
0.000221091
0.000229648
0.00023287
0.00023151
0.000225625
0.000209799
0.000183162
0.00015155
0.00011779
8.48816e-05
5.64475e-05
3.52932e-05
2.16831e-05
1.37645e-05
9.39634e-06
7.01445e-06
5.68687e-06
4.90897e-06
4.4196e-06
4.08524e-06
3.83855e-06
3.64406e-06
3.48749e-06
3.35579e-06
3.25213e-06
3.16019e-06
3.10028e-06
3.0296e-06
3.01046e-06
2.91761e-06
2.93912e-06
2.64923e-06
2.42787e-05
1.57774e-05
1.00363e-05
7.7625e-06
6.63534e-06
5.39079e-06
4.56393e-06
4.21198e-06
4.48959e-06
5.25317e-06
6.52353e-06
8.341e-06
1.11467e-05
1.54664e-05
2.0459e-05
2.26492e-05
2.36418e-05
2.72203e-05
3.33677e-05
4.11206e-05
5.15864e-05
6.85793e-05
9.54361e-05
0.000131565
0.000171268
0.000207659
0.000236504
0.00025433
0.000263868
0.000266616
0.000263762
0.000256524
0.00024544
0.000227881
0.000203623
0.000174986
0.000143046
0.00010961
7.782e-05
5.13036e-05
3.22057e-05
2.00653e-05
1.29982e-05
9.06631e-06
6.88818e-06
5.64237e-06
4.88394e-06
4.3848e-06
4.0259e-06
3.74567e-06
3.51604e-06
3.31742e-06
3.14911e-06
2.99548e-06
2.87457e-06
2.75053e-06
2.67673e-06
2.54976e-06
2.52131e-06
2.26278e-06
2.61489e-05
1.75377e-05
1.17268e-05
8.88226e-06
7.45848e-06
6.23289e-06
5.33197e-06
4.93246e-06
5.30895e-06
6.3687e-06
8.17442e-06
1.07979e-05
1.46652e-05
1.99261e-05
2.49642e-05
2.70482e-05
2.85057e-05
3.27452e-05
4.00106e-05
5.02123e-05
6.5461e-05
9.03659e-05
0.000127558
0.000173115
0.000218135
0.000255171
0.000281047
0.000294126
0.000298096
0.000294938
0.000286382
0.000274094
0.000259444
0.000241132
0.000218833
0.000193005
0.000163554
0.000131251
9.84392e-05
6.86492e-05
4.50422e-05
2.86117e-05
1.83308e-05
1.23397e-05
8.9541e-06
7.02296e-06
5.86866e-06
5.13168e-06
4.61702e-06
4.22252e-06
3.89817e-06
3.61295e-06
3.36029e-06
3.12398e-06
2.92114e-06
2.72204e-06
2.57483e-06
2.39493e-06
2.30442e-06
2.06423e-06
2.77817e-05
1.92153e-05
1.34131e-05
1.01475e-05
8.38376e-06
7.13438e-06
6.22143e-06
5.83131e-06
6.34695e-06
7.77864e-06
1.02385e-05
1.37946e-05
1.87176e-05
2.46461e-05
2.96189e-05
3.18136e-05
3.37877e-05
3.87764e-05
4.74887e-05
6.07622e-05
8.17038e-05
0.000115229
0.000162
0.000214434
0.000261836
0.000297373
0.000319084
0.000327003
0.000325278
0.000316358
0.000302471
0.000285836
0.000268618
0.000249919
0.000229268
0.000206087
0.000179424
0.000149163
0.000116841
8.55651e-05
5.88575e-05
3.87591e-05
2.52407e-05
1.68967e-05
1.20019e-05
9.16475e-06
7.47309e-06
6.4117e-06
5.68904e-06
5.1462e-06
4.70106e-06
4.30466e-06
3.94151e-06
3.59301e-06
3.27729e-06
2.97027e-06
2.72039e-06
2.45834e-06
2.28627e-06
2.04553e-06
2.9157e-05
2.07677e-05
1.50461e-05
1.15125e-05
9.42594e-06
8.08003e-06
7.16911e-06
6.83384e-06
7.52419e-06
9.38667e-06
1.25811e-05
1.71185e-05
2.29927e-05
2.93815e-05
3.43887e-05
3.69234e-05
3.94822e-05
4.53414e-05
5.58253e-05
7.27037e-05
9.99237e-05
0.000141988
0.000196779
0.000253696
0.000301523
0.000334461
0.000351538
0.000354183
0.000346795
0.000332276
0.00031333
0.000292981
0.00027367
0.000254651
0.0002354
0.000214739
0.000191042
0.000163386
0.000132524
0.000101045
7.25186e-05
4.96489e-05
3.32675e-05
2.25715e-05
1.60175e-05
1.21148e-05
9.76549e-06
8.29975e-06
7.32066e-06
6.59922e-06
6.01092e-06
5.48095e-06
4.98047e-06
4.48562e-06
4.01744e-06
3.55787e-06
3.16271e-06
2.77626e-06
2.4914e-06
2.22605e-06
3.0288e-05
2.21708e-05
1.6588e-05
1.29269e-05
1.05806e-05
9.08748e-06
8.14934e-06
7.87414e-06
8.74697e-06
1.10615e-05
1.50172e-05
2.05164e-05
2.72217e-05
3.40089e-05
3.92693e-05
4.2364e-05
4.56017e-05
5.24649e-05
6.50044e-05
8.58776e-05
0.000119579
0.000169508
0.00023058
0.000290141
0.000337207
0.000367013
0.000379294
0.000376656
0.000363675
0.000343695
0.00031993
0.000296452
0.000275167
0.000255759
0.000237685
0.00021942
0.000198798
0.000174149
0.000145434
0.000114667
8.53263e-05
6.05461e-05
4.18438e-05
2.90185e-05
2.08271e-05
1.58025e-05
1.27325e-05
1.08145e-05
9.55159e-06
8.63848e-06
7.90024e-06
7.22828e-06
6.57436e-06
5.9048e-06
5.244e-06
4.5804e-06
3.98548e-06
3.41826e-06
2.97509e-06
2.6549e-06
3.12043e-05
2.34153e-05
1.80123e-05
1.43418e-05
1.18263e-05
1.01758e-05
9.17111e-06
8.92298e-06
9.94603e-06
1.26832e-05
1.73717e-05
2.37777e-05
3.12414e-05
3.84948e-05
4.4262e-05
4.81237e-05
5.2161e-05
6.01557e-05
7.49682e-05
0.000100051
0.000140087
0.000196889
0.000262663
0.000323561
0.000369158
0.000395584
0.000403028
0.000395135
0.000376645
0.000351331
0.000323169
0.000296834
0.000273611
0.00025369
0.000236571
0.00022055
0.000203044
0.000181696
0.000155661
0.000126309
9.69335e-05
7.09654e-05
5.04826e-05
3.58429e-05
2.6151e-05
2.00435e-05
1.62572e-05
1.38854e-05
1.23445e-05
1.12542e-05
1.03851e-05
9.58841e-06
8.78981e-06
7.93884e-06
7.06072e-06
6.14846e-06
5.29737e-06
4.48403e-06
3.82483e-06
3.41262e-06
3.19402e-05
2.45033e-05
1.93039e-05
1.5714e-05
1.313e-05
1.13502e-05
1.0255e-05
9.98909e-06
1.10964e-05
1.41792e-05
1.95259e-05
2.67747e-05
3.49863e-05
4.28475e-05
4.93614e-05
5.41846e-05
5.91645e-05
6.84002e-05
8.56205e-05
0.000114948
0.000160909
0.000223494
0.000292658
0.000353977
0.00039767
0.000420595
0.00042321
0.000410109
0.000386209
0.000355699
0.000323787
0.000294611
0.000269462
0.0002489
0.000232511
0.000218536
0.000204106
0.000186255
0.000163328
0.000135967
0.000107196
8.06376e-05
5.88493e-05
4.27112e-05
3.16964e-05
2.45959e-05
2.01437e-05
1.73552e-05
1.55731e-05
1.43468e-05
1.33926e-05
1.25182e-05
1.16172e-05
1.06142e-05
9.52865e-06
8.35124e-06
7.20557e-06
6.08667e-06
5.15213e-06
4.60584e-06
3.25285e-05
2.54439e-05
2.04571e-05
1.70087e-05
1.4453e-05
1.26006e-05
1.14163e-05
1.10999e-05
1.22108e-05
1.55309e-05
2.14271e-05
2.94553e-05
3.84478e-05
4.70834e-05
5.45504e-05
6.05163e-05
6.65977e-05
7.71611e-05
9.68353e-05
0.000130281
0.000181588
0.000248892
0.000320386
0.000381469
0.000422973
0.00044233
0.000440155
0.000421912
0.00039272
0.00035743
0.000322173
0.000290194
0.000263147
0.000241839
0.000225963
0.000213796
0.000202312
0.000188046
0.000168553
0.000143675
0.000116062
8.94291e-05
6.67461e-05
4.93927e-05
3.72258e-05
2.92292e-05
2.41734e-05
2.10194e-05
1.90462e-05
1.77384e-05
1.67602e-05
1.58758e-05
1.49442e-05
1.38575e-05
1.26207e-05
1.12096e-05
9.77328e-06
8.31905e-06
7.06852e-06
6.34849e-06
3.2998e-05
2.62506e-05
2.14734e-05
1.82009e-05
1.57558e-05
1.39041e-05
1.2658e-05
1.22781e-05
1.33292e-05
1.67587e-05
2.30737e-05
3.18143e-05
4.16366e-05
5.12088e-05
5.97978e-05
6.70719e-05
7.44213e-05
8.63773e-05
0.000108467
0.000145774
0.000201759
0.000272799
0.000345761
0.000406118
0.00044523
0.000460883
0.000454063
0.000430763
0.000396424
0.000357116
0.000318603
0.000283934
0.000255061
0.00023295
0.000217389
0.000206758
0.000198005
0.0001873
0.000171461
0.000149477
0.000123519
9.72766e-05
7.40675e-05
5.575e-05
4.25803e-05
3.37687e-05
2.8158e-05
2.46796e-05
2.25572e-05
2.12161e-05
2.02714e-05
1.94469e-05
1.85682e-05
1.74921e-05
1.62009e-05
1.46408e-05
1.29765e-05
1.12104e-05
9.64662e-06
8.72817e-06
3.33728e-05
2.69384e-05
2.23598e-05
1.92749e-05
1.70016e-05
1.5229e-05
1.39696e-05
1.35347e-05
1.44991e-05
1.79036e-05
2.44939e-05
3.38673e-05
4.45603e-05
5.52135e-05
6.50581e-05
7.37858e-05
8.25687e-05
9.59666e-05
0.000120363
0.000161175
0.000221134
0.000295017
0.00036874
0.000427982
0.000464544
0.000476411
0.000465053
0.000436806
0.000397813
0.000354956
0.000313315
0.000276134
0.000245562
0.000222646
0.000207243
0.000197865
0.000191554
0.000184272
0.00017219
0.000153426
0.000129567
0.000104149
8.07593e-05
6.17102e-05
4.76698e-05
3.81066e-05
3.19681e-05
2.8183e-05
2.59307e-05
2.45827e-05
2.3709e-05
2.29978e-05
2.22456e-05
2.12758e-05
2.00454e-05
1.84592e-05
1.66843e-05
1.46922e-05
1.28789e-05
1.17662e-05
3.36724e-05
2.75229e-05
2.31269e-05
2.02239e-05
1.816e-05
1.65393e-05
1.53299e-05
1.48687e-05
1.57427e-05
1.90393e-05
2.57306e-05
3.56362e-05
4.72149e-05
5.9054e-05
7.02717e-05
8.05745e-05
9.09444e-05
0.000105829
0.000132367
0.000176263
0.000239489
0.00031541
0.000389291
0.00044709
0.000480966
0.00048899
0.000473185
0.00044021
0.000397293
0.000351069
0.000306509
0.000267051
0.000234967
0.000211312
0.000195959
0.00018756
0.000183349
0.000179244
0.000170903
0.000155591
0.000134216
0.000110028
8.67917e-05
6.72372e-05
5.24519e-05
4.21899e-05
3.55343e-05
3.14377e-05
2.90492e-05
2.76939e-05
2.69011e-05
2.63285e-05
2.575e-05
2.49618e-05
2.38976e-05
2.24166e-05
2.06785e-05
1.85961e-05
1.66557e-05
1.53898e-05
3.39124e-05
2.80184e-05
2.37871e-05
2.10486e-05
1.92081e-05
1.77982e-05
1.67087e-05
1.62673e-05
1.70677e-05
2.02237e-05
2.68524e-05
3.71445e-05
4.95856e-05
6.26721e-05
7.53649e-05
8.73392e-05
9.94157e-05
0.000115846
0.000144333
0.000190852
0.000256655
0.000333882
0.000407393
0.00046345
0.000494505
0.00049864
0.000478477
0.000441411
0.000394925
0.000345566
0.000298356
0.000256908
0.000223553
0.000199288
0.000183939
0.000176276
0.000173792
0.00017253
0.000167791
0.00015606
0.000137488
0.000114904
9.21454e-05
7.23127e-05
5.69109e-05
4.60023e-05
3.88333e-05
3.4406e-05
3.18556e-05
3.04695e-05
2.97417e-05
2.93044e-05
2.89153e-05
2.83506e-05
2.75278e-05
2.62629e-05
2.4705e-05
2.26873e-05
2.07787e-05
1.94339e-05
3.41051e-05
2.84383e-05
2.43533e-05
2.17548e-05
2.01316e-05
1.89718e-05
1.80701e-05
1.77073e-05
1.8469e-05
2.14762e-05
2.7964e-05
3.8422e-05
5.16521e-05
6.60061e-05
8.02523e-05
9.39692e-05
0.000107854
0.00012589
0.000156123
0.000204793
0.000272513
0.000350366
0.000423023
0.000477047
0.000505133
0.00050534
0.000481215
0.000440513
0.000390764
0.000338546
0.000289002
0.000245895
0.00021156
0.000186871
0.000171543
0.000164419
0.000163288
0.000164464
0.000163076
0.00015495
0.000139418
0.000118772
9.68058e-05
7.69254e-05
6.10431e-05
4.95464e-05
4.18701e-05
3.70888e-05
3.43407e-05
3.28859e-05
3.21889e-05
3.18611e-05
3.16487e-05
3.13158e-05
3.07711e-05
2.97956e-05
2.85305e-05
2.67195e-05
2.50048e-05
2.36746e-05
3.42601e-05
2.8794e-05
2.48382e-05
2.23525e-05
2.09245e-05
2.00322e-05
1.9376e-05
1.9157e-05
1.99301e-05
2.28028e-05
2.9097e-05
3.95879e-05
5.33969e-05
6.89887e-05
8.48389e-05
0.000100346
0.000116115
0.000135819
0.000167619
0.000217977
0.000286988
0.000364823
0.000436162
0.000487848
0.000512797
0.00050922
0.000481547
0.000437567
0.000384867
0.000330105
0.000278582
0.000234182
0.000199193
0.000174312
0.000159081
0.000152357
0.000152227
0.000155394
0.000157009
0.000152404
0.000140065
0.000121641
0.000100761
8.10654e-05
6.48481e-05
5.28327e-05
4.46632e-05
3.95085e-05
3.65255e-05
3.49586e-05
3.42489e-05
3.39908e-05
3.39229e-05
3.38032e-05
3.35382e-05
3.28843e-05
3.1981e-05
3.04831e-05
2.90986e-05
2.78781e-05
3.43852e-05
2.90957e-05
2.52536e-05
2.28539e-05
2.15882e-05
2.09591e-05
2.05893e-05
2.05785e-05
2.14237e-05
2.41962e-05
3.02704e-05
4.06861e-05
5.49067e-05
7.15542e-05
8.90237e-05
0.000106346
0.000124042
0.000145483
0.000178715
0.000230334
0.000300052
0.000377235
0.00044679
0.000495769
0.000517491
0.000510422
0.000479552
0.000432626
0.000377295
0.000320335
0.000267218
0.000221918
0.000186631
0.000161822
0.000146811
0.000140407
0.000140968
0.000145668
0.00014986
0.000148592
0.000139505
0.000123526
0.000104005
8.47233e-05
6.83247e-05
5.58715e-05
4.72347e-05
4.16955e-05
3.84459e-05
3.67251e-05
3.59571e-05
3.57232e-05
3.57568e-05
3.58142e-05
3.58046e-05
3.54697e-05
3.49537e-05
3.3832e-05
3.28719e-05
3.18432e-05
3.44863e-05
2.93516e-05
2.56104e-05
2.32721e-05
2.21299e-05
2.17406e-05
2.16776e-05
2.19308e-05
2.2914e-05
2.56366e-05
3.149e-05
4.17387e-05
5.62241e-05
7.37408e-05
9.26906e-05
0.000111846
0.000131486
0.000154731
0.000189325
0.000241841
0.000311722
0.00038757
0.000454689
0.000500808
0.000519358
0.000509063
0.000475303
0.000425747
0.000368117
0.000309332
0.000255032
0.000209246
0.000174029
0.000149574
0.000134938
0.000128832
0.000129831
0.000135618
0.000141915
0.00014371
0.000137839
0.000124463
0.000106537
8.78903e-05
7.14697e-05
5.86705e-05
4.96039e-05
4.36805e-05
4.0141e-05
3.82305e-05
3.73622e-05
3.71076e-05
3.71964e-05
3.73858e-05
3.75911e-05
3.75476e-05
3.74097e-05
3.6687e-05
3.62001e-05
3.54242e-05
3.45682e-05
2.95691e-05
2.59176e-05
2.36201e-05
2.25613e-05
2.23737e-05
2.26152e-05
2.31734e-05
2.43587e-05
2.70928e-05
3.27479e-05
4.27604e-05
5.73567e-05
7.55803e-05
9.58214e-05
0.000116724
0.000138305
0.000163415
0.000199376
0.000252516
0.000321706
0.000395609
0.000459966
0.000503103
0.000518521
0.000505248
0.000468874
0.000416996
0.000357415
0.0002972
0.000242148
0.000196302
0.000161527
0.000137711
0.000123622
0.000117835
0.000119082
0.00012555
0.000133483
0.000137969
0.000135185
0.000124497
0.000108364
9.05597e-05
7.42781e-05
6.12334e-05
5.17858e-05
4.54904e-05
4.16471e-05
3.95193e-05
3.85152e-05
3.81992e-05
3.82987e-05
3.85733e-05
3.89456e-05
3.91512e-05
3.93576e-05
3.90248e-05
3.90204e-05
3.8535e-05
3.46345e-05
2.97541e-05
2.61832e-05
2.39104e-05
2.28966e-05
2.28632e-05
2.33856e-05
2.42696e-05
2.57122e-05
2.85242e-05
3.40226e-05
4.3756e-05
5.83141e-05
7.7053e-05
9.84272e-05
0.000120952
0.000144373
0.000171399
0.000208664
0.000261991
0.000329921
0.000401399
0.000462731
0.000502786
0.000515094
0.000499075
0.000460344
0.000406453
0.000345281
0.000284052
0.000228695
0.00018322
0.000149251
0.000126349
0.000112983
0.000107568
0.000108934
0.000115731
0.000124831
0.000131586
0.000131679
0.000123692
0.000109502
9.27285e-05
7.67441e-05
6.35604e-05
5.379e-05
4.71454e-05
4.29942e-05
4.06305e-05
3.94627e-05
3.90513e-05
3.91219e-05
3.94374e-05
3.99276e-05
4.03334e-05
4.08364e-05
4.08627e-05
4.13196e-05
4.11411e-05
3.46884e-05
2.99117e-05
2.64138e-05
2.41539e-05
2.31513e-05
2.32199e-05
2.39819e-05
2.51896e-05
2.69294e-05
2.98834e-05
3.52802e-05
4.47184e-05
5.9105e-05
7.81498e-05
0.000100457
0.000124468
0.000149625
0.000178449
0.000216906
0.000270107
0.000336325
0.000404998
0.000463097
0.000499987
0.000509221
0.000490647
0.000449805
0.00039421
0.000331824
0.000270013
0.000214809
0.00017013
0.000137318
0.000115583
0.000103106
9.81317e-05
9.95411e-05
0.000106383
0.000116206
0.00012478
0.00012747
0.000122126
0.00010998
9.43983e-05
7.88624e-05
6.56491e-05
5.56215e-05
4.86577e-05
4.42051e-05
4.15958e-05
4.02445e-05
3.97109e-05
3.97195e-05
4.00367e-05
4.05989e-05
4.11552e-05
4.1901e-05
4.22424e-05
4.31191e-05
4.32465e-05
3.47322e-05
3.00459e-05
2.66148e-05
2.43601e-05
2.3341e-05
2.34595e-05
2.44065e-05
2.59132e-05
2.79697e-05
3.11203e-05
3.64767e-05
4.56282e-05
5.9734e-05
7.88714e-05
0.000101877
0.000127186
0.000153952
0.000184401
0.000223895
0.000276722
0.000340892
0.000406474
0.000461177
0.000494831
0.000501036
0.000480074
0.000437358
0.000380378
0.000317168
0.000255222
0.000200633
0.000157166
0.000125832
0.000105489
9.40471e-05
8.95892e-05
9.10069e-05
9.76757e-05
0.000107825
0.000117759
0.000122713
0.000119888
0.000109834
9.55773e-05
8.06297e-05
6.7496e-05
5.72815e-05
5.00361e-05
4.52964e-05
4.24393e-05
4.08925e-05
4.02171e-05
4.01377e-05
4.04239e-05
4.10177e-05
4.16778e-05
4.26122e-05
4.32188e-05
4.44618e-05
4.4881e-05
3.47678e-05
3.01605e-05
2.67908e-05
2.45369e-05
2.34801e-05
2.36005e-05
2.46702e-05
2.6431e-05
2.88001e-05
3.21857e-05
3.75616e-05
4.64541e-05
6.01989e-05
7.92249e-05
0.000102671
0.000129048
0.000157266
0.000189128
0.000229457
0.000281712
0.000343605
0.000405894
0.000457079
0.000487437
0.000490668
0.000467471
0.000423122
0.000365083
0.000301453
0.00023983
0.000186316
0.000144456
0.000114888
9.61279e-05
8.58413e-05
8.19698e-05
8.33906e-05
8.97319e-05
9.98669e-05
0.000110717
0.000117566
0.000117077
0.000109112
9.62797e-05
8.20456e-05
6.90973e-05
5.87691e-05
5.12849e-05
4.6279e-05
4.3179e-05
4.14311e-05
4.06013e-05
4.04147e-05
4.06441e-05
4.12355e-05
4.1958e-05
4.30299e-05
4.3851e-05
4.54018e-05
4.60894e-05
3.47968e-05
3.02583e-05
2.69454e-05
2.46906e-05
2.35816e-05
2.36624e-05
2.47907e-05
2.67447e-05
2.93982e-05
3.30359e-05
3.84816e-05
4.71546e-05
6.04883e-05
7.92201e-05
0.000102837
0.000130016
0.000159494
0.000192547
0.00023346
0.00028497
0.000344445
0.000403321
0.000450907
0.000477922
0.000478244
0.000452964
0.000407228
0.00034847
0.000284835
0.000224
0.000172011
0.000132122
0.000104569
8.75426e-05
7.85045e-05
7.52782e-05
7.67148e-05
8.26284e-05
9.24731e-05
0.000103825
0.000112183
0.000113799
0.000107871
9.65271e-05
8.31133e-05
7.04504e-05
6.00821e-05
5.24058e-05
4.71594e-05
4.38272e-05
4.18788e-05
4.0888e-05
4.05814e-05
4.07346e-05
4.12965e-05
4.20464e-05
4.32102e-05
4.4197e-05
4.59968e-05
4.69239e-05
3.48203e-05
3.03418e-05
2.70815e-05
2.48263e-05
2.36566e-05
2.36644e-05
2.47897e-05
2.68663e-05
2.97542e-05
3.36364e-05
3.9186e-05
4.76821e-05
6.0581e-05
7.88656e-05
0.000102387
0.000130073
0.000160583
0.000194606
0.000235825
0.000286415
0.000343398
0.00039881
0.000442756
0.000466395
0.000463891
0.000436691
0.000389827
0.000330699
0.000267486
0.000207904
0.000157873
0.00012028
9.49446e-05
7.97633e-05
7.20381e-05
6.95017e-05
7.09753e-05
7.64038e-05
8.57445e-05
9.72301e-05
0.000106706
0.000110161
0.000106172
9.63473e-05
8.38405e-05
7.15542e-05
6.12181e-05
5.33985e-05
4.79414e-05
4.43922e-05
4.22489e-05
4.10958e-05
4.06619e-05
4.07258e-05
4.12376e-05
4.19862e-05
4.32027e-05
4.4311e-05
4.6304e-05
4.74387e-05
3.48394e-05
3.04132e-05
2.72016e-05
2.49476e-05
2.3714e-05
2.36244e-05
2.46919e-05
2.68164e-05
2.98715e-05
3.39657e-05
3.96313e-05
4.79873e-05
6.04477e-05
7.81659e-05
0.000101342
0.000129221
0.000160498
0.000195278
0.000236526
0.000286002
0.000340455
0.000392408
0.000432714
0.00045296
0.000447743
0.000418803
0.000371086
0.000311951
0.00024959
0.000191721
0.000144051
0.000109033
8.6069e-05
7.28066e-05
6.64322e-05
6.46154e-05
6.61488e-05
7.10663e-05
7.97463e-05
9.10477e-05
0.000101268
0.000106272
0.000104085
9.57743e-05
8.42392e-05
7.24103e-05
6.21755e-05
5.42622e-05
4.86266e-05
4.48794e-05
4.2551e-05
4.12388e-05
4.06754e-05
4.06419e-05
4.10888e-05
4.18138e-05
4.30506e-05
4.42415e-05
4.63767e-05
4.76864e-05
3.4855e-05
3.04743e-05
2.73078e-05
2.50573e-05
2.37608e-05
2.35579e-05
2.4522e-05
2.66219e-05
2.97654e-05
3.40165e-05
3.97856e-05
4.80247e-05
6.00542e-05
7.71198e-05
9.97288e-05
0.000127481
0.000159225
0.00019455
0.000235579
0.000283731
0.000335625
0.000384162
0.000420866
0.000437719
0.00042994
0.000399467
0.000351188
0.000292417
0.000231345
0.000175634
0.000130689
9.84708e-05
7.79831e-05
6.66772e-05
6.16685e-05
6.05872e-05
6.22006e-05
6.66018e-05
7.45128e-05
8.53669e-05
9.59826e-05
0.000102234
0.000101682
9.48474e-05
8.43261e-05
7.30231e-05
6.29538e-05
5.49958e-05
4.92158e-05
4.52923e-05
4.27919e-05
4.13275e-05
4.06363e-05
4.05021e-05
4.08746e-05
4.15593e-05
4.27904e-05
4.40307e-05
4.62633e-05
4.77162e-05
3.48676e-05
3.05266e-05
2.74018e-05
2.51575e-05
2.38022e-05
2.3478e-05
2.43038e-05
2.63131e-05
2.9462e-05
3.37971e-05
3.96322e-05
4.77583e-05
5.93663e-05
7.57214e-05
9.75749e-05
0.000124892
0.000156773
0.00019242
0.000233031
0.000279655
0.000328945
0.000374131
0.000407298
0.000420775
0.000410639
0.000378869
0.000330333
0.000272303
0.000212953
0.000159824
0.000117918
8.86678e-05
7.07128e-05
6.13694e-05
5.77228e-05
5.73816e-05
5.90902e-05
6.29815e-05
7.00538e-05
8.02503e-05
9.09464e-05
9.81443e-05
9.90343e-05
9.36101e-05
8.41218e-05
7.33999e-05
6.35543e-05
5.55988e-05
4.97092e-05
4.56333e-05
4.29766e-05
4.13699e-05
4.0556e-05
4.03215e-05
4.06144e-05
4.12473e-05
4.24526e-05
4.3715e-05
4.60066e-05
4.75726e-05
3.48777e-05
3.05715e-05
2.74851e-05
2.52496e-05
2.38415e-05
2.33947e-05
2.40583e-05
2.59217e-05
2.89949e-05
3.33298e-05
3.91715e-05
4.71659e-05
5.83554e-05
7.39628e-05
9.49095e-05
0.000121503
0.000153171
0.000188899
0.000228943
0.000273868
0.000320498
0.000362392
0.00039211
0.000402236
0.000390022
0.000357211
0.000308736
0.000251826
0.000194622
0.000144466
0.000105857
7.96802e-05
6.42702e-05
5.68692e-05
5.45677e-05
5.49629e-05
5.67766e-05
6.0169e-05
6.6361e-05
7.57373e-05
8.62374e-05
9.40896e-05
9.62138e-05
9.21086e-05
8.3651e-05
7.35515e-05
6.39804e-05
5.60722e-05
5.01075e-05
4.59041e-05
4.31089e-05
4.13722e-05
4.04436e-05
4.01121e-05
4.03241e-05
4.08977e-05
4.20624e-05
4.33248e-05
4.56434e-05
4.72952e-05
3.4886e-05
3.06099e-05
2.75589e-05
2.53346e-05
2.38811e-05
2.33158e-05
2.38036e-05
2.5478e-05
2.84021e-05
3.26488e-05
3.8421e-05
4.62429e-05
5.70039e-05
7.18384e-05
9.17619e-05
0.000117374
0.000148475
0.000184008
0.000223372
0.000266492
0.000310405
0.000349063
0.00037543
0.000382428
0.000368301
0.000334715
0.000286618
0.000231206
0.000176559
0.000129722
9.46023e-05
7.15468e-05
5.86549e-05
5.31565e-05
5.21746e-05
5.32982e-05
5.52216e-05
5.8126e-05
6.34148e-05
7.18485e-05
8.19162e-05
9.01472e-05
9.32893e-05
9.03911e-05
8.29415e-05
7.34912e-05
6.42377e-05
5.64179e-05
5.04118e-05
4.61067e-05
4.31922e-05
4.13396e-05
4.03061e-05
3.98836e-05
4.00161e-05
4.05266e-05
4.16405e-05
4.28857e-05
4.52052e-05
4.69185e-05
3.48926e-05
3.0643e-05
2.76243e-05
2.54131e-05
2.3922e-05
2.32462e-05
2.3554e-05
2.50096e-05
2.77232e-05
3.17971e-05
3.74144e-05
4.50038e-05
5.53102e-05
6.93502e-05
8.8164e-05
0.000112576
0.000142764
0.000177791
0.00021637
0.000257654
0.000298826
0.000334297
0.000357413
0.000361533
0.000345698
0.000311608
0.000264207
0.000210664
0.000158965
0.00011574
8.42322e-05
6.4289e-05
5.38561e-05
5.02067e-05
5.05161e-05
5.23588e-05
5.43929e-05
5.68166e-05
6.11896e-05
6.85903e-05
7.80272e-05
8.63833e-05
9.03254e-05
8.85061e-05
8.20235e-05
7.32355e-05
6.43342e-05
5.66397e-05
5.06244e-05
4.62433e-05
4.32294e-05
4.12763e-05
4.01495e-05
3.96438e-05
3.97007e-05
4.01472e-05
4.12036e-05
4.24187e-05
4.47185e-05
4.64719e-05
3.48979e-05
3.06715e-05
2.76824e-05
2.54858e-05
2.39649e-05
2.31892e-05
2.33203e-05
2.45401e-05
2.69961e-05
3.08223e-05
3.61979e-05
4.34818e-05
5.32918e-05
6.65128e-05
8.41535e-05
0.000107188
0.000136137
0.000170319
0.000207984
0.000247462
0.000285928
0.000318277
0.00033824
0.000339743
0.000322442
0.000288119
0.000241726
0.000190422
0.000142031
0.000102647
7.48025e-05
5.79126e-05
4.98539e-05
4.79936e-05
4.95679e-05
5.21227e-05
5.42663e-05
5.62108e-05
5.96587e-05
6.59595e-05
7.46013e-05
8.28532e-05
8.73812e-05
8.65016e-05
8.09292e-05
7.2803e-05
6.42798e-05
5.6743e-05
5.07485e-05
4.63167e-05
4.32239e-05
4.11866e-05
3.99789e-05
3.93992e-05
3.9386e-05
3.97698e-05
4.07652e-05
4.1941e-05
4.42053e-05
4.59806e-05
3.49022e-05
3.06961e-05
2.7734e-05
2.5553e-05
2.40096e-05
2.3146e-05
2.31096e-05
2.40881e-05
2.62551e-05
2.97727e-05
3.48262e-05
4.17264e-05
5.09856e-05
6.33574e-05
7.9778e-05
0.000101295
0.000128716
0.000161696
0.000198271
0.000236001
0.000271866
0.000301194
0.000318104
0.000317267
0.000298757
0.000264468
0.000219395
0.000170694
0.000125936
9.0548e-05
6.63477e-05
5.24085e-05
4.66224e-05
4.64914e-05
4.931e-05
5.25752e-05
5.48268e-05
5.62876e-05
5.87987e-05
6.39471e-05
7.16587e-05
7.9602e-05
8.45102e-05
8.44241e-05
7.96917e-05
7.22145e-05
6.40866e-05
5.67347e-05
5.07886e-05
4.63305e-05
4.31792e-05
4.10743e-05
3.97992e-05
3.91555e-05
3.9079e-05
3.94031e-05
4.03365e-05
4.14665e-05
4.36836e-05
4.54656e-05
3.49056e-05
3.07174e-05
2.77798e-05
2.5615e-05
2.40557e-05
2.31169e-05
2.29264e-05
2.36677e-05
2.55291e-05
2.86942e-05
3.33576e-05
3.97992e-05
4.84471e-05
5.99338e-05
7.50983e-05
9.49962e-05
0.000120643
0.000152062
0.000187313
0.000223336
0.000256757
0.000283216
0.000297178
0.000294308
0.000274848
0.000240861
0.000197428
0.000151689
0.000110836
7.95206e-05
5.88811e-05
4.77557e-05
4.41319e-05
4.56762e-05
4.97285e-05
5.37102e-05
5.60704e-05
5.70365e-05
5.85922e-05
6.25427e-05
6.92114e-05
7.66656e-05
8.17595e-05
8.23177e-05
7.83444e-05
7.14923e-05
6.37684e-05
5.66235e-05
5.07505e-05
4.62892e-05
4.30993e-05
4.09436e-05
3.96148e-05
3.89177e-05
3.87855e-05
3.90542e-05
3.99262e-05
4.10067e-05
4.31682e-05
4.49445e-05
3.49084e-05
3.07359e-05
2.78206e-05
2.56723e-05
2.41027e-05
2.3101e-05
2.27724e-05
2.32882e-05
2.48409e-05
2.76272e-05
3.18498e-05
3.7768e-05
4.57457e-05
5.63095e-05
7.01905e-05
8.83995e-05
0.000112078
0.000141595
0.000175232
0.000209531
0.000240685
0.000264473
0.000275586
0.000271048
0.000250902
0.000217491
0.000176035
0.000133606
9.68668e-05
6.96168e-05
5.23967e-05
4.39233e-05
4.23513e-05
4.5528e-05
5.08158e-05
5.55305e-05
5.80039e-05
5.84585e-05
5.90305e-05
6.17372e-05
6.72664e-05
7.40722e-05
7.91701e-05
8.02234e-05
7.69205e-05
7.06596e-05
6.33406e-05
5.64194e-05
5.0641e-05
4.6198e-05
4.29889e-05
4.07988e-05
3.943e-05
3.86904e-05
3.85106e-05
3.8729e-05
3.95417e-05
4.05707e-05
4.26711e-05
4.44315e-05
3.49105e-05
3.07521e-05
2.78571e-05
2.57251e-05
2.415e-05
2.30972e-05
2.26475e-05
2.29551e-05
2.42072e-05
2.66049e-05
3.03551e-05
3.57019e-05
4.29598e-05
5.25665e-05
6.51454e-05
8.16255e-05
0.000103193
0.00013051
0.000162204
0.00019468
0.000223711
0.000245052
0.000253643
0.000247657
0.000227078
0.000194545
0.000155427
0.000116633
8.41343e-05
6.08613e-05
4.68712e-05
4.0873e-05
4.12503e-05
4.60317e-05
5.25714e-05
5.80478e-05
6.06447e-05
6.05667e-05
6.01144e-05
6.15254e-05
6.58274e-05
7.18436e-05
7.67772e-05
7.81793e-05
7.54524e-05
6.97404e-05
6.28196e-05
5.61338e-05
5.04683e-05
4.60632e-05
4.28531e-05
4.06447e-05
3.92493e-05
3.84781e-05
3.8259e-05
3.84325e-05
3.91888e-05
4.01659e-05
4.22018e-05
4.39383e-05
3.49122e-05
3.07663e-05
2.78897e-05
2.57737e-05
2.4197e-05
2.31036e-05
2.25502e-05
2.26701e-05
2.36386e-05
2.56527e-05
2.89181e-05
3.36651e-05
4.01694e-05
4.87954e-05
6.00654e-05
7.48048e-05
9.41751e-05
0.000119049
0.000148463
0.000178929
0.000205911
0.000225011
0.000231489
0.000224261
0.000203529
0.000172217
0.000135822
0.000100939
7.27148e-05
5.3253e-05
4.22663e-05
3.85628e-05
4.08018e-05
4.71776e-05
5.50018e-05
6.12817e-05
6.40197e-05
6.33852e-05
6.1855e-05
6.19073e-05
6.48977e-05
6.9997e-05
7.46109e-05
7.62198e-05
7.39711e-05
6.87588e-05
6.22229e-05
5.57789e-05
5.02409e-05
4.58916e-05
4.26976e-05
4.04862e-05
3.90773e-05
3.8285e-05
3.80349e-05
3.81691e-05
3.88727e-05
3.97983e-05
4.1768e-05
4.34743e-05
3.49136e-05
3.07788e-05
2.79189e-05
2.58184e-05
2.42433e-05
2.31185e-05
2.2478e-05
2.24326e-05
2.31404e-05
2.4788e-05
2.75738e-05
3.17134e-05
3.74502e-05
4.50879e-05
5.50585e-05
6.80732e-05
8.52151e-05
0.000107475
0.000134296
0.000162497
0.000187411
0.000204416
0.000209145
0.000200967
0.000180417
0.000150724
0.000117438
8.66682e-05
6.26503e-05
4.67659e-05
3.85316e-05
3.69493e-05
4.09827e-05
4.89621e-05
5.81202e-05
6.52581e-05
6.81625e-05
6.69464e-05
6.42722e-05
6.28889e-05
6.44811e-05
6.8546e-05
7.26965e-05
7.43757e-05
7.25059e-05
6.77389e-05
6.15684e-05
5.5368e-05
4.9969e-05
4.56909e-05
4.25287e-05
4.03286e-05
3.89186e-05
3.81155e-05
3.78422e-05
3.79428e-05
3.85972e-05
3.94725e-05
4.13757e-05
4.30471e-05
3.49146e-05
3.07899e-05
2.79453e-05
2.58595e-05
2.42884e-05
2.31402e-05
2.24281e-05
2.22398e-05
2.27138e-05
2.40207e-05
2.63466e-05
2.98908e-05
3.48675e-05
4.153e-05
5.02303e-05
6.15653e-05
7.65019e-05
9.60612e-05
0.000120037
0.000145687
0.000168421
0.000183388
0.000186705
0.000177923
0.000157953
0.000130318
0.000100493
7.39306e-05
5.39472e-05
4.1352e-05
3.5608e-05
3.59912e-05
4.17754e-05
5.13877e-05
6.19455e-05
7.00065e-05
7.3109e-05
7.12874e-05
6.73924e-05
6.44819e-05
6.45828e-05
6.75018e-05
7.10555e-05
7.26747e-05
7.10843e-05
6.67038e-05
6.08744e-05
5.49149e-05
4.96631e-05
4.54693e-05
4.23531e-05
4.01777e-05
3.87782e-05
3.79737e-05
3.76847e-05
3.77571e-05
3.83661e-05
3.91927e-05
4.10296e-05
4.26622e-05
3.49154e-05
3.07998e-05
2.79691e-05
2.58974e-05
2.43319e-05
2.31672e-05
2.23972e-05
2.2088e-05
2.23565e-05
2.33544e-05
2.52515e-05
2.82286e-05
3.2473e-05
3.81945e-05
4.56761e-05
5.54052e-05
6.82117e-05
8.50714e-05
0.000106041
0.000128874
0.000149252
0.000162127
0.000164379
0.000155367
0.000136417
0.00011128
8.51838e-05
6.27925e-05
4.6576e-05
3.69436e-05
3.3432e-05
3.56516e-05
4.31681e-05
5.4463e-05
6.65e-05
7.55553e-05
7.88914e-05
7.64433e-05
7.12442e-05
6.6702e-05
6.52099e-05
6.68742e-05
6.97062e-05
7.11414e-05
6.97319e-05
6.56762e-05
6.0159e-05
5.44336e-05
4.93344e-05
4.52356e-05
4.21779e-05
4.00393e-05
3.86611e-05
3.78641e-05
3.75662e-05
3.76152e-05
3.81824e-05
3.89618e-05
4.07334e-05
4.23243e-05
3.49161e-05
3.08088e-05
2.79908e-05
2.59324e-05
2.43738e-05
2.31979e-05
2.23822e-05
2.19723e-05
2.20638e-05
2.27875e-05
2.42946e-05
2.67455e-05
3.03024e-05
3.51371e-05
4.14733e-05
4.96979e-05
6.04967e-05
7.47439e-05
9.26591e-05
0.000112482
0.000130317
0.00014119
0.000142535
0.000133645
0.000116156
9.38979e-05
7.16631e-05
5.32688e-05
4.04731e-05
3.34582e-05
3.19404e-05
3.58991e-05
4.5155e-05
5.82018e-05
7.18066e-05
8.19265e-05
8.55304e-05
8.24395e-05
7.58529e-05
6.95659e-05
6.63708e-05
6.66719e-05
6.86638e-05
6.97971e-05
6.8472e-05
6.46777e-05
5.94402e-05
5.39386e-05
4.89942e-05
4.49988e-05
4.20106e-05
3.99198e-05
3.85727e-05
3.7791e-05
3.74904e-05
3.75202e-05
3.80486e-05
3.87825e-05
4.04897e-05
4.20366e-05
3.49166e-05
3.0817e-05
2.80106e-05
2.59646e-05
2.44137e-05
2.32312e-05
2.23801e-05
2.18879e-05
2.18295e-05
2.2315e-05
2.34749e-05
2.54492e-05
2.83759e-05
3.23942e-05
3.76767e-05
4.45219e-05
5.3475e-05
6.52743e-05
8.02096e-05
9.69428e-05
0.000112096
0.000121069
0.000121635
0.000113193
9.75516e-05
7.84295e-05
6.00203e-05
4.53189e-05
3.55448e-05
3.08043e-05
3.10744e-05
3.67096e-05
4.77373e-05
6.26217e-05
7.78848e-05
8.91286e-05
9.30275e-05
8.92835e-05
8.12337e-05
7.30882e-05
6.80738e-05
6.69024e-05
6.79414e-05
6.86608e-05
6.7326e-05
6.37285e-05
5.87355e-05
5.34441e-05
4.86542e-05
4.47684e-05
4.18589e-05
3.98255e-05
3.85182e-05
3.7759e-05
3.74608e-05
3.7475e-05
3.79672e-05
3.86568e-05
4.03006e-05
4.18013e-05
3.49169e-05
3.08245e-05
2.80289e-05
2.59945e-05
2.44517e-05
2.3266e-05
2.23883e-05
2.18298e-05
2.16469e-05
2.19289e-05
2.27861e-05
2.43378e-05
2.66997e-05
2.99827e-05
3.43169e-05
3.99248e-05
4.72231e-05
5.6801e-05
6.89448e-05
8.26511e-05
9.50836e-05
0.000102245
0.000102188
9.44774e-05
8.09617e-05
6.50572e-05
5.0263e-05
3.88497e-05
3.16743e-05
2.88878e-05
3.07827e-05
3.80659e-05
5.09222e-05
6.77418e-05
8.4745e-05
9.71505e-05
0.000101357
9.69557e-05
8.73844e-05
7.72765e-05
7.03262e-05
6.75724e-05
6.755e-05
6.7749e-05
6.63133e-05
6.28478e-05
5.80618e-05
5.29642e-05
4.8326e-05
4.4554e-05
4.17307e-05
3.97632e-05
3.85033e-05
3.77725e-05
3.7481e-05
3.74823e-05
3.79401e-05
3.85862e-05
4.01673e-05
4.16197e-05
3.49172e-05
3.08315e-05
2.80458e-05
2.60223e-05
2.44879e-05
2.33015e-05
2.24044e-05
2.17936e-05
2.15086e-05
2.16198e-05
2.2218e-05
2.34023e-05
2.52683e-05
2.79029e-05
3.14012e-05
3.59231e-05
4.17739e-05
4.93978e-05
5.90306e-05
6.99129e-05
7.97201e-05
8.51993e-05
8.46889e-05
7.79183e-05
6.66508e-05
5.38514e-05
4.23131e-05
3.37235e-05
2.87315e-05
2.762e-05
3.10235e-05
3.99592e-05
5.47228e-05
7.35791e-05
9.23829e-05
0.000105955
0.000110462
0.000105405
9.42799e-05
8.21272e-05
7.31313e-05
6.86868e-05
6.74985e-05
6.70757e-05
6.54513e-05
6.20534e-05
5.74352e-05
5.2513e-05
4.80212e-05
4.43652e-05
4.16342e-05
3.97397e-05
3.85336e-05
3.78362e-05
3.75547e-05
3.75447e-05
3.79691e-05
3.85718e-05
4.00904e-05
4.14924e-05
3.49175e-05
3.0838e-05
2.80616e-05
2.60483e-05
2.45221e-05
2.33373e-05
2.24264e-05
2.17751e-05
2.14078e-05
2.1378e-05
2.17581e-05
2.2629e-05
2.40677e-05
2.61414e-05
2.89173e-05
3.25055e-05
3.71196e-05
4.30749e-05
5.05357e-05
5.89112e-05
6.63209e-05
7.03206e-05
6.95225e-05
6.38016e-05
5.47334e-05
4.47555e-05
3.60166e-05
2.97727e-05
2.65833e-05
2.69224e-05
3.17655e-05
4.23886e-05
5.91563e-05
8.01442e-05
0.000100774
0.000115473
0.000120249
0.000114547
0.000101869
8.76218e-05
7.64869e-05
7.02484e-05
6.77942e-05
6.66533e-05
6.47555e-05
6.13616e-05
5.68713e-05
5.21038e-05
4.77513e-05
4.42117e-05
4.15776e-05
3.97618e-05
3.86149e-05
3.79545e-05
3.7685e-05
3.76646e-05
3.80556e-05
3.86144e-05
4.007e-05
4.1419e-05
3.49176e-05
3.08443e-05
2.80765e-05
2.60727e-05
2.45546e-05
2.33727e-05
2.24527e-05
2.17705e-05
2.13379e-05
2.11934e-05
2.1393e-05
2.20009e-05
2.3078e-05
2.46749e-05
2.68378e-05
2.96385e-05
3.32189e-05
3.77881e-05
4.34379e-05
4.96935e-05
5.50266e-05
5.78233e-05
5.68847e-05
5.22182e-05
4.51521e-05
3.75973e-05
3.11656e-05
2.68164e-05
2.51051e-05
2.6731e-05
3.29878e-05
4.53617e-05
6.42418e-05
8.74356e-05
0.000109867
0.000125607
0.000130597
0.000124265
0.000110074
9.3724e-05
8.03826e-05
7.22572e-05
6.84423e-05
6.64921e-05
6.424e-05
6.07878e-05
5.63845e-05
5.17497e-05
4.75276e-05
4.41033e-05
4.15693e-05
3.98368e-05
3.8753e-05
3.81322e-05
3.78755e-05
3.78439e-05
3.82006e-05
3.87141e-05
4.01055e-05
4.13987e-05
3.49178e-05
3.08502e-05
2.80906e-05
2.60957e-05
2.45855e-05
2.34075e-05
2.2482e-05
2.17769e-05
2.12933e-05
2.10567e-05
2.1109e-05
2.14997e-05
2.22757e-05
2.34744e-05
2.51257e-05
2.72738e-05
3.00067e-05
3.34523e-05
3.76417e-05
4.2184e-05
4.58994e-05
4.7724e-05
4.67493e-05
4.3054e-05
3.76982e-05
3.21235e-05
2.75263e-05
2.46784e-05
2.41886e-05
2.69969e-05
3.46809e-05
4.88934e-05
6.9996e-05
9.54345e-05
0.000119584
0.00013623
0.000141358
0.000134424
0.000118795
0.00010038
8.47986e-05
7.47093e-05
6.94462e-05
6.66007e-05
6.3917e-05
6.03458e-05
5.59887e-05
5.14632e-05
4.73612e-05
4.40497e-05
4.16176e-05
3.99718e-05
3.89539e-05
3.83737e-05
3.81292e-05
3.80847e-05
3.84048e-05
3.88707e-05
4.01957e-05
4.14296e-05
3.49179e-05
3.0856e-05
2.81042e-05
2.61175e-05
2.4615e-05
2.34414e-05
2.25132e-05
2.17916e-05
2.12687e-05
2.09594e-05
2.08933e-05
2.11072e-05
2.16364e-05
2.25073e-05
2.37385e-05
2.53541e-05
2.74044e-05
2.99583e-05
3.30037e-05
3.62162e-05
3.87278e-05
3.98279e-05
3.88927e-05
3.60346e-05
3.20647e-05
2.80435e-05
2.48664e-05
2.32004e-05
2.37463e-05
2.7687e-05
3.6846e-05
5.30043e-05
7.64295e-05
0.000104099
0.000129816
0.000147193
0.000152376
0.000144874
0.000127917
0.000107522
8.97049e-05
7.75962e-05
7.08071e-05
6.69861e-05
6.37976e-05
6.00486e-05
5.56967e-05
5.12565e-05
4.7263e-05
4.40605e-05
4.1731e-05
4.0174e-05
3.92234e-05
3.86834e-05
3.84488e-05
3.83881e-05
3.86684e-05
3.90833e-05
4.03389e-05
4.15091e-05
3.49181e-05
3.08617e-05
2.81173e-05
2.61384e-05
2.46431e-05
2.34745e-05
2.25456e-05
2.18124e-05
2.126e-05
2.0894e-05
2.07339e-05
2.0806e-05
2.11356e-05
2.17409e-05
2.26318e-05
2.38194e-05
2.53279e-05
2.71871e-05
2.93579e-05
3.15731e-05
3.32183e-05
3.38187e-05
3.29717e-05
3.08003e-05
2.79088e-05
2.50704e-05
2.29767e-05
2.22506e-05
2.37127e-05
2.8783e-05
3.9495e-05
5.77181e-05
8.35405e-05
0.000113362
0.000140428
0.000158337
0.000163495
0.00015547
0.00013732
0.000115069
9.50617e-05
8.0904e-05
7.2524e-05
6.76541e-05
6.38916e-05
5.99079e-05
5.5521e-05
5.11413e-05
4.72438e-05
4.41453e-05
4.19182e-05
4.04509e-05
3.95674e-05
3.90653e-05
3.88369e-05
3.87551e-05
3.89908e-05
3.93502e-05
4.05322e-05
4.16338e-05
3.49182e-05
3.08673e-05
2.813e-05
2.61586e-05
2.46702e-05
2.35066e-05
2.25786e-05
2.18377e-05
2.12634e-05
2.08539e-05
2.06203e-05
2.05801e-05
2.07506e-05
2.11434e-05
2.17626e-05
2.26107e-05
2.36952e-05
2.50211e-05
2.65367e-05
2.80242e-05
2.9065e-05
2.93418e-05
2.8607e-05
2.6979e-05
2.49029e-05
2.29491e-05
2.16821e-05
2.17262e-05
2.40433e-05
3.02811e-05
4.26492e-05
6.30576e-05
9.13097e-05
0.000123124
0.000151265
0.000169502
0.000174574
0.000166083
0.000146887
0.000122935
0.000100821
8.46136e-05
7.45931e-05
6.86087e-05
6.42075e-05
5.99348e-05
5.54733e-05
5.1129e-05
4.73141e-05
4.43141e-05
4.21877e-05
4.08097e-05
3.99916e-05
3.95234e-05
3.92952e-05
3.91859e-05
3.93708e-05
3.96692e-05
4.07721e-05
4.17991e-05
3.49183e-05
3.08729e-05
2.81426e-05
2.61781e-05
2.46962e-05
2.35379e-05
2.26117e-05
2.18662e-05
2.12761e-05
2.08337e-05
2.05433e-05
2.04153e-05
2.04606e-05
2.06856e-05
2.10907e-05
2.16727e-05
2.24294e-05
2.33514e-05
2.4384e-05
2.53521e-05
2.59823e-05
2.60617e-05
2.54437e-05
2.4235e-05
2.2765e-05
2.14698e-05
2.08448e-05
2.15519e-05
2.47133e-05
3.21912e-05
4.63366e-05
6.90402e-05
9.96948e-05
0.000133258
0.00016216
0.000180543
0.000185497
0.000176608
0.000156516
0.000131035
0.000106929
8.87001e-05
7.70076e-05
6.98525e-05
6.4753e-05
6.01395e-05
5.55645e-05
5.12306e-05
4.74844e-05
4.45764e-05
4.25486e-05
4.12579e-05
4.05014e-05
4.0061e-05
3.98252e-05
3.96799e-05
3.98062e-05
4.00367e-05
4.10541e-05
4.19997e-05
3.49185e-05
3.08786e-05
2.8155e-05
2.61973e-05
2.47216e-05
2.35683e-05
2.26447e-05
2.18968e-05
2.12957e-05
2.08289e-05
2.04953e-05
2.02995e-05
2.02474e-05
2.03417e-05
2.05799e-05
2.09559e-05
2.1462e-05
2.20817e-05
2.27628e-05
2.33656e-05
2.37241e-05
2.36903e-05
2.31818e-05
2.22911e-05
2.12689e-05
2.04692e-05
2.03621e-05
2.16778e-05
2.57157e-05
3.45348e-05
5.05895e-05
7.56721e-05
0.000108625
0.000143611
0.000172946
0.000191335
0.000196181
0.000186971
0.000166123
0.000139288
0.000113328
9.31345e-05
7.97578e-05
7.13866e-05
6.55348e-05
6.05316e-05
5.58056e-05
5.14571e-05
4.77653e-05
4.49423e-05
4.30095e-05
4.18027e-05
4.11021e-05
4.06808e-05
4.0427e-05
4.02354e-05
4.02939e-05
4.04483e-05
4.13724e-05
4.22288e-05
3.49187e-05
3.08843e-05
2.81674e-05
2.62161e-05
2.47463e-05
2.3598e-05
2.26775e-05
2.19289e-05
2.13203e-05
2.08358e-05
2.04697e-05
2.02223e-05
2.00954e-05
2.00889e-05
2.01986e-05
2.0417e-05
2.07334e-05
2.11291e-05
2.15574e-05
2.19071e-05
2.20903e-05
2.19959e-05
2.15828e-05
2.09314e-05
2.02419e-05
1.98257e-05
2.01617e-05
2.20763e-05
2.70594e-05
3.73437e-05
5.54404e-05
8.29428e-05
0.000118
0.000154009
0.000183463
0.000201785
0.000206575
0.000197128
0.000175646
0.000147623
0.000119962
9.78835e-05
8.28309e-05
7.32101e-05
6.65586e-05
6.11201e-05
5.6207e-05
5.18192e-05
4.81675e-05
4.54219e-05
4.35797e-05
4.24514e-05
4.17982e-05
4.13845e-05
4.10998e-05
4.08494e-05
4.08292e-05
4.08981e-05
4.17199e-05
4.24784e-05
3.49189e-05
3.08902e-05
2.81799e-05
2.62348e-05
2.47707e-05
2.36272e-05
2.271e-05
2.19618e-05
2.13487e-05
2.08516e-05
2.04615e-05
2.01753e-05
1.99916e-05
1.99083e-05
1.99202e-05
2.0019e-05
2.01934e-05
2.04246e-05
2.06729e-05
2.08568e-05
2.09231e-05
2.07984e-05
2.04648e-05
1.99936e-05
1.95567e-05
1.94526e-05
2.01966e-05
2.27389e-05
2.87675e-05
4.06571e-05
6.09167e-05
9.08184e-05
0.000127686
0.000164266
0.000193572
0.00021183
0.000216662
0.00020706
0.000185044
0.000155981
0.000126774
0.000102912
8.62113e-05
7.53205e-05
6.78291e-05
6.19135e-05
5.67789e-05
5.23278e-05
4.87018e-05
4.60256e-05
4.42681e-05
4.32108e-05
4.25935e-05
4.21727e-05
4.18413e-05
4.15175e-05
4.14059e-05
4.13788e-05
4.20881e-05
4.2739e-05
3.49191e-05
3.08963e-05
2.81926e-05
2.62536e-05
2.47948e-05
2.3656e-05
2.27422e-05
2.19953e-05
2.13796e-05
2.08739e-05
2.04665e-05
2.01514e-05
1.99252e-05
1.97841e-05
1.97222e-05
1.97313e-05
1.98004e-05
1.99118e-05
2.0033e-05
2.01068e-05
2.00983e-05
1.99612e-05
1.96926e-05
1.93592e-05
1.91224e-05
1.92908e-05
2.04414e-05
2.36746e-05
3.08751e-05
4.45185e-05
6.70356e-05
9.92369e-05
0.00013752
0.000174195
0.000203159
0.000221438
0.000226444
0.000216769
0.000194294
0.000164315
0.000133715
0.000108183
8.98807e-05
7.77135e-05
6.93501e-05
6.29197e-05
5.75313e-05
5.29938e-05
4.93792e-05
4.67639e-05
4.50837e-05
4.40869e-05
4.34906e-05
4.30443e-05
4.26475e-05
4.22334e-05
4.20163e-05
4.18813e-05
4.24667e-05
4.29993e-05
3.49194e-05
3.09027e-05
2.82055e-05
2.62724e-05
2.48189e-05
2.36845e-05
2.27743e-05
2.20292e-05
2.14124e-05
2.0901e-05
2.04813e-05
2.01453e-05
1.98876e-05
1.97033e-05
1.95864e-05
1.95289e-05
1.95204e-05
1.95453e-05
1.95774e-05
1.95778e-05
1.95221e-05
1.9383e-05
1.91676e-05
1.89434e-05
1.8876e-05
1.93036e-05
2.08889e-05
2.49077e-05
3.34276e-05
4.89715e-05
7.37973e-05
0.000108104
0.000147316
0.000183616
0.000212142
0.000230602
0.000235938
0.000226268
0.000203383
0.000172585
0.000140736
0.000113659
9.38187e-05
8.03827e-05
7.1124e-05
6.41462e-05
5.84742e-05
5.38283e-05
5.0211e-05
4.76475e-05
4.60353e-05
4.50852e-05
4.44906e-05
4.39965e-05
4.35121e-05
4.29884e-05
4.26502e-05
4.23944e-05
4.28436e-05
4.32465e-05
3.49197e-05
3.09093e-05
2.82188e-05
2.62916e-05
2.4843e-05
2.3713e-05
2.28062e-05
2.20633e-05
2.14465e-05
2.09317e-05
2.05035e-05
2.01524e-05
1.98717e-05
1.96557e-05
1.94982e-05
1.93916e-05
1.93266e-05
1.92894e-05
1.92593e-05
1.92105e-05
1.91257e-05
1.89901e-05
1.88194e-05
1.86875e-05
1.87768e-05
1.94726e-05
2.15487e-05
2.64764e-05
3.64773e-05
5.40548e-05
8.11784e-05
0.00011729
0.000156869
0.000192369
0.000220465
0.000239326
0.000245164
0.000235569
0.000212305
0.000180762
0.000147795
0.000119303
9.80033e-05
8.33201e-05
7.31524e-05
6.56e-05
5.96173e-05
5.48424e-05
5.12089e-05
4.86871e-05
4.7131e-05
4.62096e-05
4.55926e-05
4.50236e-05
4.44262e-05
4.37716e-05
4.32954e-05
4.2905e-05
4.32046e-05
4.34654e-05
3.49201e-05
3.09162e-05
2.82325e-05
2.63111e-05
2.48675e-05
2.37416e-05
2.28382e-05
2.20977e-05
2.14816e-05
2.09649e-05
2.05311e-05
2.01694e-05
1.98721e-05
1.9633e-05
1.94458e-05
1.93035e-05
1.91974e-05
1.9116e-05
1.90426e-05
1.89609e-05
1.88583e-05
1.87296e-05
1.85987e-05
1.85522e-05
1.8801e-05
1.97944e-05
2.24453e-05
2.84307e-05
4.00807e-05
5.97955e-05
8.91258e-05
0.000126633
0.000165965
0.000200316
0.000228098
0.000247622
0.000254131
0.000244674
0.000221049
0.000188817
0.000154852
0.00012508
0.000102411
8.65158e-05
7.54353e-05
6.72871e-05
6.09704e-05
5.60476e-05
5.23846e-05
4.98934e-05
4.83779e-05
4.74621e-05
4.67928e-05
4.61172e-05
4.5378e-05
4.45693e-05
4.39369e-05
4.33974e-05
4.35333e-05
4.36389e-05
3.49205e-05
3.09235e-05
2.82467e-05
2.63311e-05
2.48923e-05
2.37704e-05
2.28703e-05
2.21323e-05
2.15174e-05
2.09999e-05
2.05626e-05
2.01936e-05
1.98846e-05
1.96289e-05
1.94202e-05
1.92519e-05
1.91162e-05
1.90034e-05
1.88999e-05
1.87962e-05
1.86834e-05
1.85639e-05
1.84721e-05
1.85135e-05
1.89386e-05
2.02799e-05
2.3618e-05
3.08305e-05
4.42934e-05
6.62026e-05
9.75514e-05
0.000135939
0.000174395
0.00020735
0.000235027
0.000255492
0.00026283
0.000253569
0.000229596
0.000196723
0.000161872
0.000130954
0.000107018
8.99586e-05
7.79717e-05
6.92133e-05
6.25427e-05
5.74551e-05
5.37498e-05
5.12763e-05
4.97817e-05
4.88419e-05
4.8084e-05
4.72651e-05
4.6352e-05
4.53643e-05
4.45571e-05
4.38536e-05
4.38109e-05
4.37476e-05
3.4921e-05
3.09312e-05
2.82615e-05
2.63517e-05
2.49175e-05
2.37995e-05
2.29027e-05
2.21671e-05
2.15538e-05
2.10363e-05
2.05968e-05
2.0223e-05
1.99058e-05
1.96383e-05
1.94141e-05
1.9227e-05
1.90701e-05
1.89349e-05
1.88111e-05
1.86924e-05
1.85744e-05
1.84673e-05
1.84185e-05
1.85594e-05
1.91921e-05
2.09539e-05
2.51196e-05
3.37429e-05
4.91644e-05
7.32583e-05
0.000106329
0.000144994
0.000181963
0.000213392
0.000241246
0.000262924
0.000271229
0.000262217
0.000237913
0.000204448
0.000168819
0.000136891
0.000111799
9.36357e-05
8.07592e-05
7.13834e-05
6.43436e-05
5.90765e-05
5.53161e-05
5.28447e-05
5.13455e-05
5.03449e-05
4.94551e-05
4.84506e-05
4.73289e-05
4.61363e-05
4.51353e-05
4.42528e-05
4.40163e-05
4.37696e-05
3.49216e-05
3.09394e-05
2.82769e-05
2.6373e-05
2.49434e-05
2.38291e-05
2.29353e-05
2.22021e-05
2.15903e-05
2.10733e-05
2.06327e-05
2.02557e-05
1.99329e-05
1.96569e-05
1.94216e-05
1.9221e-05
1.90487e-05
1.88976e-05
1.876e-05
1.86315e-05
1.85128e-05
1.8423e-05
1.84265e-05
1.86885e-05
1.95752e-05
2.18552e-05
2.70156e-05
3.72376e-05
5.47288e-05
8.09114e-05
0.000115296
0.000153567
0.000188494
0.000218393
0.000246747
0.000269883
0.000279271
0.000270558
0.000245955
0.000211954
0.000175655
0.000142857
0.000116729
9.75333e-05
8.37945e-05
7.38013e-05
6.63818e-05
6.09229e-05
5.70943e-05
5.46058e-05
5.30694e-05
5.19621e-05
5.08893e-05
4.96524e-05
4.8285e-05
4.68612e-05
4.56478e-05
4.45716e-05
4.41258e-05
4.36814e-05
3.49222e-05
3.09481e-05
2.82931e-05
2.6395e-05
2.49699e-05
2.3859e-05
2.2968e-05
2.22371e-05
2.16269e-05
2.11105e-05
2.06694e-05
2.02903e-05
1.99635e-05
1.96815e-05
1.94381e-05
1.92277e-05
1.90442e-05
1.88817e-05
1.87345e-05
1.86006e-05
1.84863e-05
1.84218e-05
1.84937e-05
1.89088e-05
2.01137e-05
2.30377e-05
2.93813e-05
4.13817e-05
6.09984e-05
8.90705e-05
0.000124252
0.000161426
0.000193844
0.000222321
0.00025151
0.000276311
0.000286874
0.000278511
0.000253657
0.000219197
0.000182344
0.000148818
0.000121781
0.000101636
8.70727e-05
7.64702e-05
6.86657e-05
6.3005e-05
5.90939e-05
5.65638e-05
5.49484e-05
5.36789e-05
5.2364e-05
5.08433e-05
4.9192e-05
4.75115e-05
4.60681e-05
4.4784e-05
4.41134e-05
4.34572e-05
3.4923e-05
3.09574e-05
2.83099e-05
2.64176e-05
2.49967e-05
2.38891e-05
2.30006e-05
2.22716e-05
2.16628e-05
2.1147e-05
2.07056e-05
2.03251e-05
1.99954e-05
1.9709e-05
1.94597e-05
1.92418e-05
1.90502e-05
1.88795e-05
1.87263e-05
1.85914e-05
1.84883e-05
1.84615e-05
1.86254e-05
1.92383e-05
2.08468e-05
2.457e-05
3.22984e-05
4.62317e-05
6.79528e-05
9.76005e-05
0.000132973
0.000168346
0.000197901
0.000225162
0.000255498
0.000282127
0.000293934
0.000285979
0.000260947
0.000226124
0.000188846
0.000154742
0.00012693
0.000105929
9.05879e-05
7.93925e-05
7.12027e-05
6.53323e-05
6.13223e-05
5.8719e-05
5.69716e-05
5.5473e-05
5.38495e-05
5.19904e-05
5.00171e-05
4.80556e-05
4.63663e-05
4.48615e-05
4.39511e-05
4.30696e-05
3.49238e-05
3.09671e-05
2.83274e-05
2.64407e-05
2.50238e-05
2.3919e-05
2.30325e-05
2.2305e-05
2.16971e-05
2.11818e-05
2.07401e-05
2.03583e-05
2.00264e-05
1.97365e-05
1.94826e-05
1.92592e-05
1.90615e-05
1.88855e-05
1.87297e-05
1.85995e-05
1.85176e-05
1.85468e-05
1.88358e-05
1.97057e-05
2.18291e-05
2.65338e-05
3.58489e-05
5.18241e-05
7.55298e-05
0.000106323
0.000141215
0.000174124
0.000200591
0.000226902
0.000258655
0.000287229
0.000300336
0.000292853
0.00026774
0.000232678
0.00019512
0.000160594
0.000132151
0.000110394
9.43333e-05
8.25692e-05
7.39995e-05
6.79127e-05
6.37834e-05
6.10654e-05
5.912e-05
5.73138e-05
5.5308e-05
5.30542e-05
5.07225e-05
4.8459e-05
4.65105e-05
4.47736e-05
4.36089e-05
4.24903e-05
3.49247e-05
3.09773e-05
2.83453e-05
2.64639e-05
2.50504e-05
2.39477e-05
2.30626e-05
2.23359e-05
2.17284e-05
2.12131e-05
2.07708e-05
2.03878e-05
2.00538e-05
1.97612e-05
1.95036e-05
1.92761e-05
1.90744e-05
1.8896e-05
1.87424e-05
1.86251e-05
1.85789e-05
1.86897e-05
1.9148e-05
2.03529e-05
2.31318e-05
2.90202e-05
4.01066e-05
5.81637e-05
8.36185e-05
0.00011502
0.000148728
0.000178584
0.00020187
0.000227528
0.000260906
0.000291505
0.000305956
0.000299019
0.000273948
0.0002388
0.000201125
0.000166342
0.000137415
0.000115014
9.83008e-05
8.60005e-05
7.7061e-05
7.07511e-05
6.64756e-05
6.3589e-05
6.13646e-05
5.91602e-05
5.66932e-05
5.39888e-05
5.12661e-05
4.86838e-05
4.64664e-05
4.44883e-05
4.30562e-05
4.16903e-05
3.49256e-05
3.09879e-05
2.83633e-05
2.64864e-05
2.50754e-05
2.39739e-05
2.30892e-05
2.23625e-05
2.17546e-05
2.12385e-05
2.07953e-05
2.04109e-05
2.0075e-05
1.978e-05
1.95198e-05
1.92896e-05
1.90864e-05
1.89099e-05
1.87655e-05
1.86733e-05
1.86837e-05
1.89109e-05
1.95962e-05
2.12376e-05
2.48415e-05
3.21229e-05
4.5127e-05
6.5212e-05
9.20559e-05
0.000123444
0.000155272
0.000181591
0.000201725
0.000227017
0.000262161
0.000294833
0.00031067
0.000304363
0.000279484
0.000244428
0.000206816
0.000171952
0.000142698
0.000119772
0.000102481
8.96848e-05
8.03897e-05
7.38482e-05
6.93899e-05
6.6265e-05
6.36637e-05
6.09599e-05
5.79498e-05
5.47425e-05
5.16024e-05
4.86904e-05
4.61984e-05
4.39728e-05
4.22618e-05
4.06415e-05
3.49265e-05
3.09984e-05
2.83805e-05
2.65071e-05
2.50971e-05
2.39953e-05
2.31096e-05
2.23816e-05
2.17724e-05
2.12549e-05
2.08102e-05
2.04243e-05
2.00868e-05
1.97902e-05
1.95287e-05
1.92984e-05
1.90975e-05
1.89293e-05
1.88051e-05
1.87558e-05
1.88514e-05
1.92408e-05
2.02283e-05
2.24348e-05
2.70571e-05
3.5929e-05
5.09334e-05
7.28764e-05
0.000100629
0.000131329
0.000160627
0.000183048
0.000200165
0.000225337
0.000262319
0.000297092
0.000314353
0.000308779
0.000284264
0.000249502
0.000212154
0.000177394
0.000147974
0.000124648
0.000106864
9.36185e-05
8.39844e-05
7.71976e-05
7.25067e-05
6.90547e-05
6.59613e-05
6.26476e-05
5.90135e-05
5.52582e-05
5.16831e-05
4.84379e-05
4.56709e-05
4.31946e-05
4.11958e-05
3.93182e-05
3.49272e-05
3.10084e-05
2.83958e-05
2.65238e-05
2.51127e-05
2.40085e-05
2.312e-05
2.23892e-05
2.17775e-05
2.12581e-05
2.08117e-05
2.04244e-05
2.00862e-05
1.97896e-05
1.95295e-05
1.9303e-05
1.9111e-05
1.89614e-05
1.88736e-05
1.88922e-05
1.91113e-05
1.9722e-05
2.11084e-05
2.40372e-05
2.98806e-05
4.05054e-05
5.75025e-05
8.1004e-05
0.000109081
0.000138407
0.000164604
0.000182906
0.000197216
0.000222447
0.000261278
0.000298161
0.000316892
0.000312166
0.00028821
0.000253968
0.000217097
0.000182635
0.000153218
0.000129624
0.000111438
9.77948e-05
8.7838e-05
8.07833e-05
7.57919e-05
7.19019e-05
6.81844e-05
6.41454e-05
5.9812e-05
5.54749e-05
5.14587e-05
4.78856e-05
4.48492e-05
4.21232e-05
3.98315e-05
3.76986e-05
3.49274e-05
3.10168e-05
2.8407e-05
2.65333e-05
2.51178e-05
2.40083e-05
2.31147e-05
2.23796e-05
2.17646e-05
2.12428e-05
2.07952e-05
2.04079e-05
2.0071e-05
1.97776e-05
1.95235e-05
1.93078e-05
1.91353e-05
1.90201e-05
1.89917e-05
1.91117e-05
1.95037e-05
2.04117e-05
2.23191e-05
2.61494e-05
3.34057e-05
4.5884e-05
6.47516e-05
8.93806e-05
0.000117127
0.000144422
0.000167056
0.000181157
0.000192916
0.000218299
0.000258938
0.000297923
0.000318176
0.000314436
0.000291254
0.000257775
0.00022161
0.000187647
0.000158405
0.00013468
0.000116188
0.000102202
9.19348e-05
8.45751e-05
7.91926e-05
7.47297e-05
7.02415e-05
6.53622e-05
6.02663e-05
5.53299e-05
5.08807e-05
4.69952e-05
4.37015e-05
4.07315e-05
3.81469e-05
3.57684e-05
3.49267e-05
3.10219e-05
2.84107e-05
2.65304e-05
2.5106e-05
2.39877e-05
2.30865e-05
2.23457e-05
2.1727e-05
2.12037e-05
2.07566e-05
2.03723e-05
2.00409e-05
1.97567e-05
1.95167e-05
1.9323e-05
1.91862e-05
1.91278e-05
1.91898e-05
1.94547e-05
2.00828e-05
2.13847e-05
2.39597e-05
2.88772e-05
3.77012e-05
5.20442e-05
7.25285e-05
9.77376e-05
0.00012447
0.000149148
0.000167881
0.000177835
0.00018731
0.000212852
0.000255204
0.000296266
0.000318106
0.000315511
0.000293338
0.000260878
0.000225658
0.000192401
0.00016351
0.000139795
0.000121096
0.000106822
9.62459e-05
8.85236e-05
8.26319e-05
7.74367e-05
7.20219e-05
6.61955e-05
6.02937e-05
5.47614e-05
4.99042e-05
4.57328e-05
4.22011e-05
3.89987e-05
3.61287e-05
3.35234e-05
3.49241e-05
3.10206e-05
2.84014e-05
2.65075e-05
2.50683e-05
2.39369e-05
2.30258e-05
2.22787e-05
2.16576e-05
2.11355e-05
2.06933e-05
2.03176e-05
1.99995e-05
1.97342e-05
1.95211e-05
1.93664e-05
1.92884e-05
1.9317e-05
1.95096e-05
1.99748e-05
2.09187e-05
2.27331e-05
2.61378e-05
3.23108e-05
4.27925e-05
5.88976e-05
8.061e-05
0.000105766
0.000130819
0.000152394
0.000167029
0.00017301
0.00018045
0.000206077
0.000249995
0.000293081
0.000316587
0.000315323
0.000294413
0.000263242
0.000229212
0.000196872
0.000168507
0.000144943
0.000126136
0.000111621
0.000100723
9.25534e-05
8.60039e-05
7.98946e-05
7.33956e-05
6.65343e-05
5.98111e-05
5.37126e-05
4.84909e-05
4.40716e-05
4.03291e-05
3.69132e-05
3.3775e-05
3.0974e-05
3.4918e-05
3.10082e-05
2.83707e-05
2.64535e-05
2.49923e-05
2.38435e-05
2.29213e-05
2.21696e-05
2.155e-05
2.10351e-05
2.06057e-05
2.02486e-05
1.99559e-05
1.97246e-05
1.95571e-05
1.94659e-05
1.94773e-05
1.96317e-05
2.00056e-05
2.07403e-05
2.20984e-05
2.45607e-05
2.89525e-05
3.65043e-05
4.86417e-05
6.62773e-05
8.87085e-05
0.000113139
0.00013591
0.000154022
0.000164503
0.000166783
0.0001724
0.000197965
0.000243237
0.000288263
0.000313526
0.000313813
0.00029444
0.000264834
0.000232244
0.00020103
0.000173369
0.000150094
0.000131273
0.000116552
0.000105293
9.65559e-05
8.9168e-05
8.19462e-05
7.42161e-05
6.62635e-05
5.87408e-05
5.21359e-05
4.66128e-05
4.19951e-05
3.80777e-05
3.44762e-05
3.11005e-05
2.8149e-05
3.4906e-05
3.09769e-05
2.83061e-05
2.63531e-05
2.48618e-05
2.36926e-05
2.27608e-05
2.20097e-05
2.13997e-05
2.09028e-05
2.04993e-05
2.01763e-05
1.99271e-05
1.97511e-05
1.96551e-05
1.96601e-05
1.97992e-05
2.01276e-05
2.07454e-05
2.1834e-05
2.37193e-05
2.69662e-05
3.2472e-05
4.14537e-05
5.51323e-05
7.39367e-05
9.64893e-05
0.000119529
0.000139519
0.000153946
0.000160353
0.00015928
0.000163241
0.00018854
0.000234877
0.000281705
0.00030883
0.000310923
0.000293384
0.000265627
0.000234724
0.000204846
0.000178058
0.000155206
0.000136452
0.000121537
0.000109842
0.000100381
9.19443e-05
8.34059e-05
7.43248e-05
6.52715e-05
5.70172e-05
4.99986e-05
4.42562e-05
3.95011e-05
3.54539e-05
3.17061e-05
2.81434e-05
2.51003e-05
3.48833e-05
3.09144e-05
2.81892e-05
2.61852e-05
2.46565e-05
2.34672e-05
2.25321e-05
2.17926e-05
2.12068e-05
2.0745e-05
2.03867e-05
2.01196e-05
1.99387e-05
1.98464e-05
1.98552e-05
1.99964e-05
2.03107e-05
2.08716e-05
2.18082e-05
2.33465e-05
2.58738e-05
3.00196e-05
3.67088e-05
4.70762e-05
6.20596e-05
8.15597e-05
0.000103594
0.000124638
0.000141475
0.000152137
0.000154674
0.000150648
0.000153074
0.000177863
0.000224876
0.0002733
0.000302393
0.000306586
0.000291208
0.000265591
0.000236621
0.000208279
0.000182527
0.000160216
0.00014159
0.000126461
0.000114215
0.000103829
9.41114e-05
8.40631e-05
7.35596e-05
6.34597e-05
5.45951e-05
4.72886e-05
4.14267e-05
3.66055e-05
3.24839e-05
2.86428e-05
2.49673e-05
2.19045e-05
3.48424e-05
3.08018e-05
2.79943e-05
2.59228e-05
2.43531e-05
2.31502e-05
2.22258e-05
2.15168e-05
2.09773e-05
2.05751e-05
2.02885e-05
2.0106e-05
2.00248e-05
2.00515e-05
2.02067e-05
2.05312e-05
2.10766e-05
2.19379e-05
2.32755e-05
2.53585e-05
2.86233e-05
3.37348e-05
4.15964e-05
5.31975e-05
6.91349e-05
8.87817e-05
0.000109667
0.000128212
0.000141668
0.00014862
0.000147602
0.00014105
0.000142038
0.000166036
0.000213222
0.000262938
0.00029409
0.00030072
0.000287866
0.000264689
0.000237893
0.000211277
0.000186707
0.000165034
0.000146564
0.000131156
0.000118192
0.000106645
9.54057e-05
8.36904e-05
7.17679e-05
6.07553e-05
5.14588e-05
4.40208e-05
3.81536e-05
3.33469e-05
2.92179e-05
2.53524e-05
2.1659e-05
1.86629e-05
3.47704e-05
3.06103e-05
2.76859e-05
2.55332e-05
2.39263e-05
2.27264e-05
2.1837e-05
2.11871e-05
2.07248e-05
2.04141e-05
2.02325e-05
2.01695e-05
2.02256e-05
2.04133e-05
2.07645e-05
2.13244e-05
2.21621e-05
2.33942e-05
2.52101e-05
2.79129e-05
3.19685e-05
3.80436e-05
4.69734e-05
5.95506e-05
7.60027e-05
9.52186e-05
0.000114386
0.000130057
0.000140052
0.000143473
0.000139306
0.00013066
0.000130307
0.000153211
0.000199935
0.000250512
0.000283771
0.000293201
0.000283286
0.000262866
0.000238475
0.000213759
0.000190493
0.000169523
0.000151193
0.000135385
0.000121485
0.000108511
9.55275e-05
8.20583e-05
6.88258e-05
5.71273e-05
4.76324e-05
4.0243e-05
3.44944e-05
2.97909e-05
2.57337e-05
2.19295e-05
1.83325e-05
1.54967e-05
3.46473e-05
3.03043e-05
2.72186e-05
2.49793e-05
2.33527e-05
2.21862e-05
2.13685e-05
2.08162e-05
2.04695e-05
2.02885e-05
2.02503e-05
2.03466e-05
2.05825e-05
2.09776e-05
2.15753e-05
2.24253e-05
2.36142e-05
2.52775e-05
2.76265e-05
3.09843e-05
3.58236e-05
4.27797e-05
5.25804e-05
6.57894e-05
8.22684e-05
0.000100499
0.00011748
0.000130051
0.000136642
0.00013682
0.000129974
0.000119661
0.000118095
0.000139591
0.000185088
0.000235925
0.000271245
0.000283845
0.000277347
0.000260033
0.000238274
0.000215606
0.000193731
0.000173482
0.000155215
0.000138826
0.000123726
0.000109053
9.41536e-05
7.89599e-05
6.46625e-05
5.26028e-05
4.31882e-05
3.60411e-05
3.05391e-05
2.60337e-05
2.21389e-05
1.84961e-05
1.51211e-05
1.25354e-05
3.44439e-05
2.98324e-05
2.6549e-05
2.42246e-05
2.26155e-05
2.15292e-05
2.08316e-05
2.04232e-05
2.02357e-05
2.0226e-05
2.03719e-05
2.06688e-05
2.11276e-05
2.17764e-05
2.26656e-05
2.38519e-05
2.5435e-05
2.75637e-05
3.0461e-05
3.44547e-05
4.00012e-05
4.76763e-05
5.80733e-05
7.15168e-05
8.75337e-05
0.000104292
0.000118748
0.00012814
0.00013151
0.00012882
0.000119806
0.000108244
0.00010565
0.00012543
0.000168821
0.000219118
0.000256285
0.000272375
0.000269846
0.000256045
0.000237145
0.000216647
0.000196198
0.000176623
0.000158273
0.000141056
0.000124457
0.000107843
9.09654e-05
7.42482e-05
5.92913e-05
4.7283e-05
3.82533e-05
3.1542e-05
2.6412e-05
2.22026e-05
1.8569e-05
1.51953e-05
1.21639e-05
9.89971e-06
3.41129e-05
2.91276e-05
2.56248e-05
2.32476e-05
2.17111e-05
2.07668e-05
2.02459e-05
2.0031e-05
2.00461e-05
2.02472e-05
2.06147e-05
2.1149e-05
2.18674e-05
2.28065e-05
2.40157e-05
2.55621e-05
2.75524e-05
3.01411e-05
3.35526e-05
3.81034e-05
4.42144e-05
5.23818e-05
6.30523e-05
7.63212e-05
9.14301e-05
0.000106333
0.000118066
0.000124343
0.00012478
0.000119657
0.000108997
9.66011e-05
9.3241e-05
0.000111032
0.000151377
0.000200077
0.000238575
0.000258502
0.000260434
0.000250667
0.000234873
0.000216632
0.000197578
0.000178549
0.000159888
0.000141537
0.000123144
0.000104434
8.56968e-05
6.78869e-05
5.28395e-05
4.13539e-05
3.30113e-05
2.69131e-05
2.22704e-05
1.84524e-05
1.51787e-05
1.21776e-05
9.58494e-06
7.68179e-06
3.35832e-05
2.81099e-05
2.44009e-05
2.20443e-05
2.06534e-05
1.99241e-05
1.96364e-05
1.96587e-05
1.99115e-05
2.03526e-05
2.09675e-05
2.1762e-05
2.27594e-05
2.40012e-05
2.5533e-05
2.74306e-05
2.98023e-05
3.28009e-05
3.66415e-05
4.16167e-05
4.80977e-05
5.64915e-05
6.71005e-05
7.98144e-05
9.36475e-05
0.000106435
0.000115393
0.000118743
0.000116614
0.000109522
9.7721e-05
8.49178e-05
8.11372e-05
9.67394e-05
0.000133132
0.000178567
0.000218026
0.000241916
0.000248682
0.000243456
0.000231137
0.000215223
0.000197444
0.00017873
0.000159445
0.000139622
0.000119193
9.84123e-05
7.82119e-05
6.00117e-05
4.55731e-05
3.50871e-05
2.76969e-05
2.2356e-05
1.8296e-05
1.49532e-05
1.21247e-05
9.5757e-06
7.47185e-06
5.92986e-06
3.27519e-05
2.66975e-05
2.28578e-05
2.06369e-05
1.94898e-05
1.90376e-05
1.90255e-05
1.9311e-05
1.98167e-05
2.05065e-05
2.13721e-05
2.24254e-05
2.36933e-05
2.52164e-05
2.70409e-05
2.9244e-05
3.1931e-05
3.52467e-05
3.93886e-05
4.46163e-05
5.12444e-05
5.95903e-05
6.98244e-05
8.16635e-05
9.39539e-05
0.000104497
0.000110763
0.000111479
0.000107197
9.85927e-05
8.61127e-05
7.33669e-05
6.95843e-05
8.29157e-05
0.000114229
0.000155023
0.000194539
0.000222171
0.000234052
0.000233741
0.000225472
0.000211968
0.000195244
0.000176493
0.000156191
0.000134572
0.000112023
8.95067e-05
6.86137e-05
5.09853e-05
3.78988e-05
2.88245e-05
2.25796e-05
1.80909e-05
1.46785e-05
1.18701e-05
9.54074e-06
7.47819e-06
5.86138e-06
4.64389e-06
3.14815e-05
2.48351e-05
2.10265e-05
1.90884e-05
1.82781e-05
1.81431e-05
1.84199e-05
1.89633e-05
1.97066e-05
2.06234e-05
2.17129e-05
2.29917e-05
2.44883e-05
2.62382e-05
2.82902e-05
3.0718e-05
3.36196e-05
3.71267e-05
4.14139e-05
4.67031e-05
5.32519e-05
6.12952e-05
7.089e-05
8.16148e-05
9.22058e-05
0.000100504
0.000104282
0.000102732
9.67232e-05
8.70154e-05
7.42466e-05
6.21019e-05
5.8779e-05
6.99157e-05
9.51742e-05
0.000130115
0.000168142
0.000198741
0.000215805
0.000220731
0.000217108
0.000206289
0.0001903
0.000171024
0.000149266
0.000125638
0.000101205
7.77644e-05
5.73651e-05
4.14165e-05
3.03332e-05
2.29434e-05
1.79351e-05
1.43313e-05
1.15886e-05
9.33476e-06
7.51308e-06
5.91909e-06
4.74004e-06
3.78557e-06
2.96175e-05
2.2542e-05
1.90119e-05
1.75023e-05
1.7084e-05
1.72661e-05
1.77982e-05
1.85536e-05
1.94826e-05
2.05709e-05
2.18246e-05
2.32634e-05
2.49139e-05
2.68071e-05
2.89925e-05
3.15368e-05
3.45282e-05
3.80819e-05
4.23469e-05
4.75077e-05
5.37688e-05
6.12942e-05
7.00483e-05
7.9507e-05
8.83502e-05
9.45211e-05
9.61145e-05
9.27102e-05
8.53771e-05
7.48938e-05
6.22002e-05
5.12667e-05
4.88511e-05
5.79729e-05
7.68613e-05
0.000104866
0.000139261
0.00017121
0.000193044
0.000203381
0.000204993
0.00019747
0.000181852
0.000161426
0.000137802
0.000112249
8.67306e-05
6.37758e-05
4.53598e-05
3.21047e-05
2.34279e-05
1.78012e-05
1.40047e-05
1.12489e-05
9.14756e-06
7.42077e-06
6.06682e-06
4.87971e-06
4.06047e-06
3.29889e-06
2.70535e-05
1.99687e-05
1.69941e-05
1.60034e-05
1.59635e-05
1.64015e-05
1.71077e-05
1.799e-05
1.90199e-05
2.01944e-05
2.1525e-05
2.30317e-05
2.47363e-05
2.66686e-05
2.88735e-05
3.141e-05
3.4354e-05
3.78033e-05
4.18819e-05
4.67395e-05
5.25354e-05
5.93754e-05
6.71536e-05
7.52772e-05
8.24203e-05
8.66796e-05
8.64664e-05
8.16387e-05
7.33287e-05
6.23351e-05
5.02225e-05
4.10325e-05
3.9864e-05
4.72852e-05
6.02965e-05
8.07276e-05
0.000109095
0.000139719
0.000164959
0.00018044
0.000187774
0.00018463
0.000169149
0.000146864
0.000121185
9.44039e-05
6.93939e-05
4.8843e-05
3.38384e-05
2.38836e-05
1.76605e-05
1.36697e-05
1.09519e-05
8.94325e-06
7.40605e-06
6.13614e-06
5.17416e-06
4.30945e-06
3.76652e-06
3.13295e-06
2.38619e-05
1.74141e-05
1.51926e-05
1.47058e-05
1.49482e-05
1.55234e-05
1.6285e-05
1.71835e-05
1.82091e-05
1.93673e-05
2.06711e-05
2.21381e-05
2.37851e-05
2.56402e-05
2.77417e-05
3.01393e-05
3.28965e-05
3.60944e-05
3.9834e-05
4.42354e-05
4.94213e-05
5.54536e-05
6.21767e-05
6.89631e-05
7.45291e-05
7.71666e-05
7.5576e-05
6.97542e-05
6.07698e-05
4.9679e-05
3.86417e-05
3.16518e-05
3.18406e-05
3.80447e-05
4.62764e-05
5.9398e-05
7.99125e-05
0.000105761
0.000131532
0.000150867
0.000163978
0.000166647
0.000151657
0.000126913
9.95881e-05
7.32626e-05
5.1112e-05
3.48489e-05
2.40732e-05
1.74011e-05
1.33271e-05
1.06842e-05
8.83667e-06
7.43045e-06
6.34823e-06
5.44111e-06
4.78219e-06
4.15584e-06
3.81629e-06
3.25962e-06
2.04302e-05
1.52597e-05
1.38051e-05
1.36891e-05
1.40502e-05
1.46124e-05
1.53007e-05
1.61025e-05
1.70195e-05
1.80591e-05
1.9232e-05
2.05511e-05
2.20292e-05
2.36909e-05
2.55666e-05
2.76967e-05
3.01329e-05
3.29409e-05
3.62024e-05
4.0014e-05
4.44704e-05
4.96027e-05
5.52271e-05
6.07153e-05
6.4872e-05
6.62203e-05
6.37126e-05
5.73396e-05
4.80407e-05
3.74294e-05
2.81732e-05
2.35199e-05
2.48237e-05
3.0321e-05
3.52223e-05
4.23225e-05
5.47384e-05
7.28986e-05
9.49008e-05
0.000115062
0.000132618
0.000142345
0.000129397
0.000102189
7.47762e-05
5.16207e-05
3.46638e-05
2.36352e-05
1.69209e-05
1.29418e-05
1.04928e-05
8.83796e-06
7.62735e-06
6.66707e-06
5.9237e-06
5.28515e-06
4.84702e-06
4.39123e-06
4.19683e-06
3.68511e-06
1.74319e-05
1.38501e-05
1.29654e-05
1.3001e-05
1.32938e-05
1.37068e-05
1.4221e-05
1.48416e-05
1.55709e-05
1.64112e-05
1.7368e-05
1.84479e-05
1.96621e-05
2.10279e-05
2.25685e-05
2.43151e-05
2.63085e-05
2.86011e-05
3.12586e-05
3.43591e-05
3.79773e-05
4.21256e-05
4.66139e-05
5.08494e-05
5.37723e-05
5.41725e-05
5.12299e-05
4.48337e-05
3.58551e-05
2.66373e-05
1.97909e-05
1.71199e-05
1.89559e-05
2.40313e-05
2.71002e-05
3.01104e-05
3.60505e-05
4.60263e-05
6.05142e-05
7.70421e-05
9.5155e-05
0.000111201
0.000103397
7.51442e-05
5.05751e-05
3.33044e-05
2.24886e-05
1.61787e-05
1.2556e-05
1.04233e-05
9.04509e-06
8.03907e-06
7.25422e-06
6.60036e-06
6.09339e-06
5.64595e-06
5.36098e-06
5.03159e-06
4.93292e-06
4.4602e-06
1.55763e-05
1.34248e-05
1.27497e-05
1.26947e-05
1.27734e-05
1.29658e-05
1.3267e-05
1.3676e-05
1.4185e-05
1.47878e-05
1.54836e-05
1.62733e-05
1.71643e-05
1.81669e-05
1.9297e-05
2.05768e-05
2.20363e-05
2.37157e-05
2.56665e-05
2.79509e-05
3.0628e-05
3.3702e-05
3.70002e-05
4.00072e-05
4.18481e-05
4.1617e-05
3.87373e-05
3.30201e-05
2.53807e-05
1.84992e-05
1.4152e-05
1.28199e-05
1.45032e-05
1.9008e-05
2.14988e-05
2.23751e-05
2.44023e-05
2.83979e-05
3.51837e-05
4.49543e-05
5.82727e-05
7.55772e-05
7.59992e-05
5.01611e-05
3.15815e-05
2.1061e-05
1.53777e-05
1.23294e-05
1.0631e-05
9.58297e-06
8.82704e-06
8.2045e-06
7.68004e-06
7.22411e-06
6.87211e-06
6.56151e-06
6.3738e-06
6.15441e-06
6.09796e-06
5.69775e-06
1.54249e-05
1.41646e-05
1.32341e-05
1.28999e-05
1.27228e-05
1.27125e-05
1.28307e-05
1.30547e-05
1.33638e-05
1.37439e-05
1.41885e-05
1.46939e-05
1.52615e-05
1.58953e-05
1.66036e-05
1.73994e-05
1.8302e-05
1.93384e-05
2.05444e-05
2.19646e-05
2.36421e-05
2.55794e-05
2.76443e-05
2.94438e-05
3.0337e-05
2.97429e-05
2.73684e-05
2.30769e-05
1.77299e-05
1.34942e-05
1.1175e-05
1.06216e-05
1.17402e-05
1.51672e-05
1.78085e-05
1.81248e-05
1.85423e-05
1.95336e-05
2.15992e-05
2.53959e-05
3.17812e-05
4.34358e-05
5.06081e-05
3.15971e-05
2.01697e-05
1.49992e-05
1.25775e-05
1.13854e-05
1.07159e-05
1.02234e-05
9.77949e-06
9.35332e-06
8.96727e-06
8.63053e-06
8.36818e-06
8.16411e-06
8.01961e-06
7.92897e-06
7.83751e-06
7.6078e-06
1.7563e-05
1.63294e-05
1.45963e-05
1.39248e-05
1.35649e-05
1.34229e-05
1.34238e-05
1.35217e-05
1.36859e-05
1.38982e-05
1.41473e-05
1.44251e-05
1.47267e-05
1.50507e-05
1.53986e-05
1.57753e-05
1.61896e-05
1.6655e-05
1.71898e-05
1.7818e-05
1.85635e-05
1.9428e-05
2.03317e-05
2.10328e-05
2.1144e-05
2.0369e-05
1.86684e-05
1.60684e-05
1.31604e-05
1.11723e-05
1.03269e-05
1.02789e-05
1.08116e-05
1.2703e-05
1.53987e-05
1.62799e-05
1.67331e-05
1.69141e-05
1.7108e-05
1.77274e-05
1.93233e-05
2.3709e-05
3.08439e-05
2.08253e-05
1.542e-05
1.3649e-05
1.30639e-05
1.28462e-05
1.26646e-05
1.2399e-05
1.20601e-05
1.1697e-05
1.13524e-05
1.1076e-05
1.08417e-05
1.07386e-05
1.05694e-05
1.06779e-05
1.04207e-05
1.05677e-05
2.31236e-05
2.04862e-05
1.72843e-05
1.63812e-05
1.59431e-05
1.57215e-05
1.56624e-05
1.56909e-05
1.57703e-05
1.58799e-05
1.6003e-05
1.61261e-05
1.62394e-05
1.63368e-05
1.64145e-05
1.64713e-05
1.6508e-05
1.65268e-05
1.65307e-05
1.65248e-05
1.65159e-05
1.65054e-05
1.64627e-05
1.62837e-05
1.57934e-05
1.48733e-05
1.36046e-05
1.22021e-05
1.10861e-05
1.07779e-05
1.11307e-05
1.16222e-05
1.18113e-05
1.20659e-05
1.38098e-05
1.59358e-05
1.77124e-05
1.8558e-05
1.86249e-05
1.81048e-05
1.73031e-05
1.69335e-05
1.91026e-05
1.60426e-05
1.52974e-05
1.58592e-05
1.6466e-05
1.68086e-05
1.68262e-05
1.65828e-05
1.61932e-05
1.57783e-05
1.53747e-05
1.51047e-05
1.48206e-05
1.48419e-05
1.45403e-05
1.50043e-05
1.43435e-05
1.52643e-05
3.4795e-05
2.79558e-05
2.23016e-05
2.13553e-05
2.08554e-05
2.05417e-05
2.04513e-05
2.04477e-05
2.04895e-05
2.0551e-05
2.06059e-05
2.06329e-05
2.06168e-05
2.05459e-05
2.04119e-05
2.02093e-05
1.9933e-05
1.95768e-05
1.91319e-05
1.85889e-05
1.79434e-05
1.72007e-05
1.63715e-05
1.54554e-05
1.44219e-05
1.323e-05
1.19514e-05
1.09417e-05
1.07784e-05
1.17518e-05
1.33729e-05
1.47434e-05
1.50332e-05
1.38619e-05
1.30429e-05
1.63688e-05
2.09126e-05
2.38347e-05
2.51153e-05
2.47472e-05
2.27454e-05
1.91963e-05
1.53808e-05
1.45524e-05
1.8506e-05
2.15153e-05
2.33696e-05
2.42322e-05
2.43398e-05
2.39752e-05
2.33711e-05
2.27585e-05
2.21465e-05
2.1809e-05
2.13476e-05
2.15533e-05
2.0932e-05
2.20577e-05
2.05611e-05
2.29906e-05
5.9226e-05
4.17901e-05
3.17154e-05
3.07998e-05
3.00969e-05
2.9595e-05
2.94695e-05
2.9452e-05
2.94917e-05
2.95489e-05
2.95777e-05
2.95438e-05
2.94213e-05
2.91901e-05
2.88357e-05
2.83479e-05
2.77169e-05
2.69288e-05
2.59641e-05
2.48013e-05
2.34288e-05
2.18609e-05
2.01482e-05
1.83757e-05
1.66221e-05
1.48814e-05
1.31352e-05
1.1783e-05
1.18147e-05
1.38351e-05
1.71187e-05
2.00919e-05
2.12101e-05
1.90514e-05
1.40432e-05
1.69244e-05
2.65372e-05
3.36147e-05
3.77763e-05
3.87551e-05
3.61707e-05
2.95426e-05
1.87709e-05
1.39874e-05
2.46851e-05
3.16904e-05
3.57301e-05
3.75455e-05
3.78197e-05
3.7197e-05
3.61186e-05
3.50438e-05
3.39387e-05
3.339e-05
3.251e-05
3.30164e-05
3.17292e-05
3.41009e-05
3.09732e-05
3.62867e-05
)
;

boundaryField
{
    inlet
    {
        type            calculated;
        value           uniform 4.12857e-05;
    }
    outlet
    {
        type            calculated;
        value           nonuniform List<scalar> 
100
(
3.71587e-05
2.34087e-05
1.54344e-05
1.0588e-05
7.52149e-06
5.51604e-06
4.17208e-06
3.26068e-06
2.64923e-06
2.26278e-06
2.06423e-06
2.04553e-06
2.22605e-06
2.6549e-06
3.41262e-06
4.60584e-06
6.34849e-06
8.72817e-06
1.17662e-05
1.53898e-05
1.94339e-05
2.36746e-05
2.78781e-05
3.18432e-05
3.54242e-05
3.8535e-05
4.11411e-05
4.32465e-05
4.4881e-05
4.60894e-05
4.69239e-05
4.74387e-05
4.76864e-05
4.77162e-05
4.75726e-05
4.72952e-05
4.69185e-05
4.64719e-05
4.59806e-05
4.54656e-05
4.49445e-05
4.44315e-05
4.39383e-05
4.34743e-05
4.30471e-05
4.26622e-05
4.23243e-05
4.20366e-05
4.18013e-05
4.16197e-05
4.14924e-05
4.1419e-05
4.13987e-05
4.14296e-05
4.15091e-05
4.16338e-05
4.17991e-05
4.19997e-05
4.22288e-05
4.24784e-05
4.2739e-05
4.29993e-05
4.32465e-05
4.34654e-05
4.36389e-05
4.37476e-05
4.37696e-05
4.36814e-05
4.34572e-05
4.30696e-05
4.24903e-05
4.16903e-05
4.06415e-05
3.93182e-05
3.76986e-05
3.57684e-05
3.35234e-05
3.0974e-05
2.8149e-05
2.51003e-05
2.19045e-05
1.86629e-05
1.54967e-05
1.25354e-05
9.89971e-06
7.68179e-06
5.92986e-06
4.64389e-06
3.78557e-06
3.29889e-06
3.13295e-06
3.25962e-06
3.68511e-06
4.4602e-06
5.69775e-06
7.6078e-06
1.05677e-05
1.52643e-05
2.29906e-05
3.62867e-05
)
;
    }
    fixedWalls
    {
        type            nutkWallFunction;
        Cmu             0.09;
        kappa           0.41;
        E               9.8;
        value           uniform 0;
    }
    frontAndBack
    {
        type            empty;
    }
}


// ************************************************************************* //
