/*--------------------------------*- C++ -*----------------------------------*\
| =========                 |                                                 |
| \\      /  F ield         | OpenFOAM: The Open Source CFD Toolbox           |
|  \\    /   O peration     | Version:  2.4.0                                 |
|   \\  /    A nd           | Web:      www.OpenFOAM.org                      |
|    \\/     M anipulation  |                                                 |
\*---------------------------------------------------------------------------*/
FoamFile
{
    version     2.0;
    format      ascii;
    class       volScalarField;
    location    "295";
    object      nut;
}
// * * * * * * * * * * * * * * * * * * * * * * * * * * * * * * * * * * * * * //

dimensions      [0 2 -1 0 0 0 0];

internalField   nonuniform List<scalar> 
6000
(
1.35204e-05
9.808e-06
5.56213e-06
5.14764e-06
5.25848e-06
5.49718e-06
5.73737e-06
5.98096e-06
6.20356e-06
6.41989e-06
6.66944e-06
6.97993e-06
7.33236e-06
7.67556e-06
7.95391e-06
8.13031e-06
8.15875e-06
7.98399e-06
7.56311e-06
6.87861e-06
5.89281e-06
5.62458e-06
5.73582e-06
6.0341e-06
7.75961e-06
9.42399e-06
1.08149e-05
1.20169e-05
1.31173e-05
1.40095e-05
1.47142e-05
1.52535e-05
1.56493e-05
1.59244e-05
1.61069e-05
1.62033e-05
1.62295e-05
1.6198e-05
1.61164e-05
1.59852e-05
1.57967e-05
1.55308e-05
1.5158e-05
1.46438e-05
1.3936e-05
1.2875e-05
1.26036e-05
1.23234e-05
1.20134e-05
1.17266e-05
1.14761e-05
1.12985e-05
1.11377e-05
1.10582e-05
1.09401e-05
1.09321e-05
1.07746e-05
1.09254e-05
1.06387e-05
1.13888e-05
2.16982e-05
1.63835e-05
1.46856e-05
1.58099e-05
2.24752e-05
2.66567e-05
3.02101e-05
3.35418e-05
3.6315e-05
3.80323e-05
3.88723e-05
3.97035e-05
4.13351e-05
4.4159e-05
4.80969e-05
5.25195e-05
5.66241e-05
5.98774e-05
6.12446e-05
5.95895e-05
5.10842e-05
4.43049e-05
3.91322e-05
3.51282e-05
3.27134e-05
3.51669e-05
3.90279e-05
4.34107e-05
4.80496e-05
5.30272e-05
5.82916e-05
6.37722e-05
6.94063e-05
7.5101e-05
8.02117e-05
8.54446e-05
9.08474e-05
9.64331e-05
0.000102179
0.000107981
0.00011362
0.000118678
0.000122593
0.000124658
0.000123704
0.000117692
0.000106462
9.44887e-05
8.23388e-05
7.04344e-05
5.90881e-05
4.89851e-05
4.00555e-05
3.31126e-05
2.68656e-05
2.40464e-05
1.99581e-05
2.21415e-05
1.80102e-05
2.50141e-05
2.839e-05
2.19852e-05
1.99283e-05
2.41227e-05
4.23932e-05
5.64375e-05
6.68699e-05
7.56375e-05
8.26952e-05
8.72736e-05
8.99223e-05
9.25279e-05
9.66841e-05
0.00010295
0.000110788
0.00011854
0.000124688
0.000127788
0.000125922
0.00011722
9.90743e-05
8.37889e-05
6.86232e-05
6.11346e-05
6.27516e-05
7.17197e-05
8.33417e-05
9.59367e-05
0.000108762
0.000121629
0.000134281
0.000146506
0.00015815
0.000169026
0.000178535
0.000187897
0.000197293
0.000206832
0.000216515
0.000226124
0.000235103
0.000242397
0.000246601
0.000245986
0.000239539
0.000227544
0.000208095
0.000187023
0.000165318
0.000143923
0.000123295
0.000104711
8.79903e-05
7.53059e-05
6.43262e-05
6.20498e-05
5.57758e-05
6.73706e-05
5.6405e-05
8.1113e-05
3.19828e-05
2.55928e-05
2.32302e-05
2.86627e-05
5.29735e-05
7.76282e-05
9.70083e-05
0.000112795
0.000125466
0.000134245
0.000139971
0.000145214
0.000152039
0.000160965
0.000170989
0.00017983
0.000185573
0.000186098
0.000179117
0.000162553
0.000135788
0.00011251
9.14725e-05
8.54165e-05
9.39575e-05
0.000111622
0.000132394
0.00015366
0.000174201
0.000193611
0.000211636
0.000228167
0.000243202
0.000256759
0.000268697
0.000280304
0.000291922
0.000303782
0.000315926
0.000328033
0.000339203
0.000347721
0.000351317
0.000347391
0.000336603
0.000319202
0.000294169
0.000266822
0.000238524
0.000210624
0.000183811
0.000159793
0.000138671
0.000123975
0.000113589
0.000117234
0.00011548
0.000137398
0.000124556
0.000160341
3.37101e-05
2.77454e-05
2.52892e-05
3.10511e-05
5.70558e-05
9.04284e-05
0.000118411
0.00014156
0.000160471
0.000174294
0.000183897
0.000192183
0.000201471
0.000212223
0.000223147
0.000231685
0.000235755
0.000232881
0.000220714
0.000197215
0.000163454
0.000133531
0.000111081
0.000108961
0.000125427
0.000151968
0.00018115
0.000209582
0.000235861
0.000259636
0.000280865
0.000299681
0.000316323
0.000331055
0.000344157
0.000356888
0.000369742
0.000383073
0.000396983
0.000411081
0.000424151
0.000433836
0.000436979
0.00043038
0.000416494
0.000394656
0.000365495
0.00033354
0.00030048
0.000267974
0.000237016
0.00020973
0.00018688
0.000173367
0.000167821
0.000179933
0.000185674
0.000213845
0.000203377
0.00024074
3.4566e-05
2.90178e-05
2.65359e-05
3.20582e-05
5.86142e-05
9.74851e-05
0.000132777
0.000162828
0.000188032
0.000207287
0.000221197
0.000232683
0.000244179
0.000256144
0.000267175
0.000274673
0.000276538
0.00027018
0.000253367
0.000224226
0.000184818
0.000150419
0.000129022
0.000132187
0.000156733
0.000191473
0.00022767
0.000261499
0.000291661
0.000318052
0.00034092
0.000360666
0.00037776
0.000392662
0.000406014
0.00041905
0.000432412
0.000446589
0.000461777
0.000477565
0.000492478
0.000503534
0.000506635
0.00049829
0.000482101
0.00045685
0.000424518
0.000389075
0.000352505
0.000316733
0.000283112
0.000254238
0.000231818
0.000222002
0.000223696
0.000244046
0.000256607
0.00028716
0.000280141
0.000313871
3.50092e-05
2.97738e-05
2.726e-05
3.22105e-05
5.8395e-05
0.000100392
0.000141952
0.00017812
0.000209322
0.00023408
0.000252473
0.000267186
0.000280677
0.000293462
0.000304183
0.00031034
0.000309914
0.000300338
0.000279603
0.000246081
0.000202228
0.000165099
0.000146131
0.000155285
0.000187618
0.000229533
0.000271282
0.000308947
0.000341531
0.000369258
0.000392665
0.000412392
0.000429107
0.000443406
0.000456258
0.000468901
0.000482128
0.000496584
0.000512603
0.000529833
0.000546613
0.000559352
0.000562935
0.000553792
0.000535901
0.00050816
0.000473378
0.000435274
0.00039613
0.000358124
0.000323028
0.000293993
0.000273829
0.000269556
0.000279271
0.000306167
0.000323652
0.000353939
0.000349957
0.000377724
3.52417e-05
3.02248e-05
2.76568e-05
3.18664e-05
5.68879e-05
0.000100387
0.00014728
0.000188786
0.00022552
0.000255646
0.000278541
0.000296451
0.000311785
0.000325187
0.000335456
0.000340272
0.000337747
0.000325385
0.000301459
0.000264668
0.000217431
0.000178714
0.000162931
0.000178357
0.000217919
0.000265888
0.000311858
0.000352096
0.00038601
0.00041415
0.000437307
0.000456314
0.000471996
0.000485046
0.000496739
0.000508343
0.000520809
0.00053497
0.000551361
0.000569775
0.000588467
0.000603259
0.000607934
0.000598882
0.000579909
0.000550458
0.000513812
0.000473694
0.000432711
0.000393315
0.00035775
0.000329821
0.000313457
0.000315881
0.000333206
0.000364556
0.000385072
0.00041345
0.000411638
0.000432569
3.53593e-05
3.04934e-05
2.78538e-05
3.12622e-05
5.44139e-05
9.86838e-05
0.000149517
0.000195837
0.000237601
0.00027285
0.000300172
0.000321229
0.000338327
0.000352292
0.000362169
0.000365852
0.000361598
0.000346969
0.000320524
0.000281397
0.000231722
0.000192053
0.000179805
0.000201472
0.000247548
0.000300465
0.000349518
0.000391349
0.000425791
0.000453686
0.00047602
0.000493771
0.00050789
0.000519139
0.000529079
0.000539024
0.000550099
0.00056336
0.000579609
0.000598895
0.000619524
0.000636775
0.000643231
0.000635128
0.000615769
0.000585268
0.000547254
0.000505645
0.000463413
0.000423332
0.000388177
0.000362486
0.000351171
0.000360782
0.000384602
0.000418507
0.000440533
0.000466031
0.000465471
0.000479403
3.54118e-05
3.06513e-05
2.79324e-05
3.05484e-05
5.1359e-05
9.57926e-05
0.000148774
0.000199947
0.000246313
0.000286391
0.000318022
0.000342183
0.000361032
0.00037562
0.000385306
0.00038821
0.000382715
0.000366384
0.000338018
0.000297325
0.000246076
0.000205755
0.000197067
0.000224696
0.000276474
0.000333307
0.000384503
0.000427186
0.000461582
0.000488768
0.000509869
0.000525961
0.000538091
0.000547079
0.000554735
0.000562436
0.000571485
0.000583195
0.000598708
0.000618464
0.000640989
0.000661107
0.000670109
0.000663828
0.000644846
0.000613884
0.000574931
0.000532254
0.00048925
0.000449072
0.000415099
0.000392642
0.000387307
0.00040403
0.000432956
0.000467921
0.000490321
0.000512392
0.000512255
0.000519361
3.54266e-05
3.07413e-05
2.79432e-05
2.98169e-05
4.80563e-05
9.16847e-05
0.000146293
0.000201489
0.00025219
0.00029681
0.000332619
0.000359861
0.000380504
0.00039586
0.00040565
0.000408224
0.000402052
0.000384619
0.000354874
0.000313236
0.000261234
0.000220377
0.000214991
0.000248096
0.000304712
0.000364527
0.00041711
0.000460094
0.000494047
0.000520215
0.000539807
0.000553954
0.000563772
0.000570141
0.000575067
0.000579993
0.000586396
0.000595865
0.000609958
0.00062965
0.000653913
0.000677265
0.000689641
0.000686097
0.000668305
0.000637435
0.000597923
0.000554518
0.000511118
0.000471331
0.000439209
0.000420832
0.000422079
0.000445425
0.000478083
0.000512996
0.000534966
0.000553322
0.000552829
0.000553505
3.54194e-05
3.07889e-05
2.79174e-05
2.91206e-05
4.47563e-05
8.65464e-05
0.000142662
0.000200514
0.000255578
0.00030451
0.000344372
0.000374697
0.000397227
0.000413552
0.000423797
0.000426545
0.000420304
0.000402397
0.000371791
0.000329702
0.000277729
0.000236407
0.00023383
0.000271749
0.000332313
0.000394284
0.000447653
0.000490546
0.000523797
0.00054876
0.00056668
0.00057871
0.000585995
0.000589503
0.000591359
0.000593063
0.00059625
0.000602784
0.000614685
0.000633622
0.000659289
0.000686147
0.000702738
0.000702914
0.000687155
0.000656919
0.000617193
0.00057333
0.000529821
0.000490818
0.000461113
0.000447502
0.000455619
0.000484842
0.000520024
0.000554091
0.000575057
0.000589565
0.000588059
0.000582759
3.53993e-05
3.08103e-05
2.78738e-05
2.84869e-05
4.16282e-05
8.06839e-05
0.000137853
0.000197718
0.000256656
0.000309769
0.000353587
0.000387027
0.000411573
0.000429103
0.000440177
0.000443621
0.000437933
0.000420206
0.000389267
0.000347127
0.000295893
0.000254245
0.000253812
0.000295735
0.000359358
0.000422761
0.000476449
0.000518981
0.000551377
0.000575045
0.00059123
0.000601074
0.000605718
0.000606235
0.000604803
0.000602962
0.000602459
0.000605404
0.000614298
0.000631631
0.000658139
0.0006886
0.000710195
0.000715129
0.000702272
0.00067322
0.000633601
0.000589494
0.000546084
0.00050817
0.000481342
0.000473011
0.000488008
0.000522244
0.000558957
0.000591645
0.000611161
0.000621778
0.000618757
0.000607902
3.5372e-05
3.08154e-05
2.78234e-05
2.79271e-05
3.87729e-05
7.44321e-05
0.000131801
0.000193761
0.000255422
0.000312758
0.000360482
0.000397097
0.000423818
0.000442802
0.000455077
0.000459728
0.000455213
0.000438337
0.000407628
0.000365783
0.000315876
0.000274169
0.000275134
0.00032014
0.000385946
0.000450156
0.000503803
0.000545794
0.000577265
0.000599627
0.000614093
0.00062177
0.000623771
0.000621273
0.000616465
0.000610896
0.000606371
0.000605181
0.000610271
0.00062503
0.000651558
0.000685466
0.000712715
0.000723461
0.000714402
0.000687107
0.000647905
0.000603725
0.000560557
0.000523952
0.000500359
0.000497648
0.000519309
0.000557671
0.000595128
0.000626071
0.00064379
0.000650517
0.000645596
0.000629579
3.5341e-05
3.08106e-05
2.77728e-05
2.74432e-05
3.62392e-05
6.81014e-05
0.000124604
0.000188651
0.000252466
0.000313549
0.000365195
0.000405077
0.000434152
0.000454843
0.000468667
0.000475005
0.000472253
0.000456907
0.000427036
0.000385823
0.000337673
0.000296315
0.000297952
0.00034505
0.000412192
0.000476669
0.000529998
0.000571337
0.00060187
0.000622972
0.000635795
0.000641395
0.00064083
0.000635387
0.000627238
0.000617906
0.000609194
0.000603489
0.000604086
0.000615261
0.000640744
0.000677613
0.000710923
0.000728505
0.000724165
0.000699234
0.000660762
0.000616649
0.000573812
0.000538665
0.000518559
0.000521643
0.00054958
0.000591218
0.000628799
0.000657739
0.000673385
0.000676245
0.000669126
0.000648315
3.53084e-05
3.08e-05
2.77256e-05
2.70313e-05
3.40391e-05
6.19501e-05
0.000116482
0.000182268
0.000248341
0.00031217
0.000367791
0.00041107
0.000442696
0.000465341
0.000481027
0.000489481
0.000489043
0.000475897
0.000447511
0.000407295
0.000361172
0.000320661
0.000322364
0.000370545
0.000438216
0.000502492
0.000555287
0.000595912
0.000625534
0.000645456
0.000656752
0.00066041
0.000657415
0.000649167
0.000637809
0.00062481
0.000611919
0.000601523
0.000597127
0.000603778
0.000626984
0.000665886
0.000705441
0.000730734
0.000732056
0.000710134
0.000672722
0.000628801
0.000586344
0.000552739
0.000536276
0.000545177
0.00057888
0.000623012
0.00066023
0.000686973
0.000700319
0.000699337
0.000689796
0.000664543
3.52755e-05
3.07863e-05
2.76833e-05
2.66853e-05
3.21605e-05
5.61721e-05
0.000107722
0.000174571
0.000243013
0.000309231
0.000368267
0.000415119
0.000449513
0.000474346
0.000492163
0.000503106
0.000505475
0.000495176
0.000468954
0.00043015
0.000386197
0.000347048
0.0003484
0.000396691
0.000464138
0.000527803
0.000579893
0.000619769
0.000648527
0.00066737
0.000677274
0.00067915
0.000673891
0.000663023
0.000648655
0.000632186
0.000615271
0.00060021
0.000590566
0.000591947
0.000611599
0.000651187
0.000696829
0.000730517
0.000738448
0.000720229
0.000684231
0.000640628
0.000598571
0.000566541
0.000553783
0.000568389
0.000607271
0.000653176
0.000689657
0.00071405
0.000724897
0.000720098
0.000707974
0.000678614
3.52433e-05
3.07713e-05
2.76469e-05
2.63975e-05
3.05775e-05
5.08964e-05
9.8639e-05
0.000165621
0.0002364
0.000304991
0.000366899
0.000417214
0.000454611
0.000481862
0.000502035
0.00051577
0.000521377
0.000514535
0.000491171
0.000454251
0.000412543
0.00037521
0.000376012
0.000423534
0.000490067
0.000552761
0.000604
0.000643107
0.000671057
0.000688924
0.000697577
0.000697836
0.000690486
0.000677201
0.000660055
0.000640375
0.000619698
0.000600175
0.00058528
0.000580921
0.000595857
0.000634462
0.000685615
0.000728131
0.000743605
0.000729829
0.000695639
0.000652489
0.000610842
0.000580373
0.000571301
0.000591384
0.000634813
0.000681856
0.00071729
0.000739202
0.000747365
0.000738774
0.000723961
0.000690821
3.52123e-05
3.0756e-05
2.76165e-05
2.61605e-05
2.92577e-05
4.61936e-05
8.95404e-05
0.000155577
0.00022843
0.000299466
0.00036404
0.000417427
0.000457957
0.00048785
0.000510564
0.000527326
0.000536532
0.000533709
0.000513896
0.000479392
0.000439985
0.00040482
0.000405079
0.000451096
0.000516096
0.000577498
0.00062776
0.00066608
0.00069327
0.000710258
0.00071779
0.000716589
0.000707313
0.000691813
0.000672128
0.000649518
0.0006254
0.00060174
0.000581812
0.000571562
0.000580834
0.000616724
0.000672311
0.000723787
0.000747694
0.00073915
0.000707208
0.000664671
0.000623439
0.000594485
0.000589005
0.000614237
0.000661562
0.000709191
0.000743314
0.000762619
0.000767917
0.000755567
0.000738009
0.000701404
3.51828e-05
3.07412e-05
2.75917e-05
2.59671e-05
2.81666e-05
4.2086e-05
8.07001e-05
0.000144671
0.000219075
0.00029262
0.000359774
0.000416069
0.000459525
0.000492243
0.000517653
0.000537609
0.000550702
0.000552399
0.000536816
0.000505307
0.000468292
0.000435529
0.00043541
0.000479364
0.000542298
0.000602119
0.000651283
0.000688794
0.000715262
0.000731451
0.000737976
0.000735453
0.000724401
0.000706867
0.000684868
0.000659607
0.000632386
0.000604977
0.000580389
0.000564392
0.000567313
0.000599029
0.000657436
0.000717649
0.000750804
0.000748323
0.000719121
0.00067739
0.000636586
0.000609075
0.000607026
0.000637001
0.000687567
0.0007353
0.000767883
0.000784448
0.000786698
0.000770643
0.000750328
0.000710564
3.51549e-05
3.07273e-05
2.75722e-05
2.58106e-05
2.72708e-05
3.85597e-05
7.23432e-05
0.000133191
0.000208379
0.000284391
0.000354132
0.000413211
0.000459543
0.000494957
0.000523189
0.000546441
0.000563637
0.000570286
0.000559588
0.000531696
0.000497223
0.000466993
0.000466763
0.000508288
0.000568716
0.000626699
0.000674647
0.000711314
0.00073708
0.000752533
0.000758144
0.000754414
0.000741713
0.000722306
0.000698191
0.00067053
0.000640529
0.000609773
0.000580986
0.00055962
0.000555917
0.000582254
0.000641517
0.000709856
0.000752957
0.000757411
0.000731498
0.000690804
0.000650457
0.000624302
0.000625466
0.000659709
0.000712873
0.000760284
0.000791122
0.000804803
0.000803843
0.00078414
0.000761097
0.00071847
3.51288e-05
3.07147e-05
2.75575e-05
2.56854e-05
2.65398e-05
3.55761e-05
6.46368e-05
0.000121446
0.00019646
0.000274728
0.000347106
0.0004089
0.000458042
0.000496143
0.000527054
0.000553647
0.000575091
0.000587047
0.00058185
0.000558229
0.00052653
0.000498892
0.000498858
0.00053778
0.000595363
0.00065128
0.000697893
0.000733669
0.000758736
0.000773491
0.000778261
0.000773418
0.000759172
0.000738025
0.000711962
0.00068212
0.000649627
0.000615902
0.000583397
0.000557204
0.000547091
0.000567061
0.00062508
0.000700543
0.000754129
0.000766416
0.000744403
0.000705026
0.000665188
0.000640289
0.000644398
0.000682385
0.000737516
0.000784232
0.000813131
0.000823762
0.000819456
0.00079618
0.00077047
0.000725265
3.51044e-05
3.07033e-05
2.75471e-05
2.55863e-05
2.59466e-05
3.3082e-05
5.76884e-05
0.000109748
0.000183509
0.000263613
0.000338658
0.000403152
0.000455044
0.000495797
0.000529332
0.000559055
0.000584828
0.00060236
0.000603231
0.000584558
0.000555954
0.000530933
0.000531393
0.000567711
0.000622215
0.000675871
0.000721031
0.000755857
0.000780208
0.000794285
0.000798265
0.000792379
0.000776675
0.000753897
0.000726023
0.000694181
0.000659439
0.00062308
0.00058738
0.000557017
0.000540935
0.000553887
0.000608634
0.000689852
0.000754264
0.000775296
0.000757856
0.000720126
0.000680876
0.000657132
0.000663879
0.000705041
0.00076153
0.000807216
0.00083398
0.00084138
0.000833621
0.000806866
0.000778581
0.000731068
3.50818e-05
3.06933e-05
2.75405e-05
2.55092e-05
2.54676e-05
3.10181e-05
5.15498e-05
9.8386e-05
0.000169778
0.000251079
0.000328739
0.00039596
0.000450557
0.000493912
0.000529991
0.000562683
0.000592633
0.000615913
0.000623358
0.000610323
0.00058523
0.000562848
0.00056406
0.00059791
0.000649211
0.000700448
0.000744039
0.000777845
0.000801448
0.000814848
0.00081807
0.000811194
0.000794104
0.000769786
0.000740211
0.000706514
0.000669723
0.000631061
0.00059274
0.000558802
0.000537299
0.000542953
0.000592643
0.000677944
0.000753283
0.000783968
0.000771837
0.000736138
0.00069759
0.000674902
0.000683945
0.000727685
0.000784944
0.000829292
0.000853711
0.000857693
0.000846409
0.000816294
0.000785547
0.000735984
3.50608e-05
3.06846e-05
2.75372e-05
2.54503e-05
2.50828e-05
2.93245e-05
4.6225e-05
8.76089e-05
0.000155562
0.000237223
0.000317312
0.000387294
0.000444577
0.000490477
0.000529006
0.000564494
0.000598443
0.000627425
0.000641861
0.000635152
0.000614081
0.000594393
0.000596555
0.00062817
0.000676249
0.000724952
0.000766868
0.000799577
0.000822387
0.000835095
0.000837576
0.000829747
0.000811336
0.000785551
0.000754364
0.000718926
0.0006803
0.000639733
0.000599201
0.000562221
0.00053588
0.000534296
0.000577501
0.000665
0.000751096
0.000792322
0.000786296
0.00075307
0.000715373
0.000693648
0.000704623
0.00075032
0.000807784
0.000850498
0.000872347
0.000872733
0.000857885
0.000824549
0.00079147
0.0007401
3.50414e-05
3.06773e-05
2.75368e-05
2.54065e-05
2.47755e-05
2.79444e-05
4.16808e-05
7.76151e-05
0.000141177
0.000222206
0.000304365
0.000377113
0.000437087
0.000485482
0.000526356
0.000564451
0.00060216
0.000636724
0.00065839
0.000658666
0.000642215
0.000625341
0.000628586
0.000658256
0.000703185
0.000749289
0.000789438
0.000820975
0.000842938
0.000854929
0.000856672
0.000847916
0.000828245
0.000801056
0.000768329
0.000731331
0.000691113
0.000648902
0.000606493
0.000566919
0.000536314
0.000527814
0.000563517
0.000651221
0.000747612
0.000800218
0.000801153
0.000770899
0.000734241
0.0007134
0.000725924
0.000772948
0.000830071
0.000870853
0.000889886
0.000886521
0.000868106
0.00083171
0.000796441
0.000743492
3.50235e-05
3.06712e-05
2.75389e-05
2.53753e-05
2.45316e-05
2.68265e-05
3.78577e-05
6.85442e-05
0.000126946
0.000206252
0.000289933
0.000365377
0.000428059
0.000478914
0.000522027
0.000562531
0.000603715
0.00064364
0.000672667
0.000680496
0.000669326
0.000655472
0.000659883
0.000687904
0.000729835
0.000773329
0.000811643
0.000841937
0.000863
0.00087424
0.000875239
0.000865574
0.000844704
0.000816203
0.000782087
0.000743669
0.000702033
0.000658387
0.000614363
0.000572562
0.000538228
0.000523307
0.000550901
0.000636824
0.000742743
0.000807497
0.0008163
0.000789579
0.000754188
0.000734165
0.00074785
0.000795564
0.000851815
0.000890356
0.000906316
0.000899075
0.00087713
0.000837849
0.000800541
0.000746223
3.5007e-05
3.06663e-05
2.75432e-05
2.53544e-05
2.43397e-05
2.59258e-05
3.46806e-05
6.0476e-05
0.000113174
0.000189637
0.000274102
0.000352063
0.000417461
0.000470754
0.000516011
0.000558722
0.000603063
0.000648041
0.000684433
0.000700291
0.000695118
0.00068458
0.00069018
0.000716842
0.000756025
0.000796963
0.000833391
0.000862366
0.000882466
0.000892922
0.000893177
0.000882645
0.000860676
0.000830959
0.000795563
0.000755852
0.000712943
0.000668027
0.000622588
0.000578853
0.000541276
0.000520523
0.000539769
0.000622034
0.00073641
0.000813976
0.000831605
0.000809039
0.000775185
0.000755931
0.000770385
0.000818157
0.000873012
0.000908988
0.000921616
0.000910415
0.000885012
0.000843036
0.000803841
0.00074835
3.49919e-05
3.06625e-05
2.75493e-05
2.53421e-05
2.419e-05
2.52035e-05
3.20679e-05
5.34344e-05
0.00010013
0.000172674
0.000257019
0.000337172
0.00040526
0.000460984
0.000508302
0.000553021
0.00060018
0.000649828
0.000693461
0.000717719
0.000719251
0.000712446
0.00071927
0.000744842
0.000781588
0.000820094
0.00085462
0.000882216
0.000901295
0.00091093
0.000910437
0.000899074
0.000876097
0.00084526
0.000808687
0.000767796
0.000723737
0.000677678
0.000630975
0.000585543
0.000545151
0.000519188
0.000530152
0.000607072
0.000728553
0.000819461
0.000846911
0.000829183
0.000797177
0.000778664
0.000793498
0.000840706
0.000893646
0.000926714
0.00093576
0.000920562
0.000891808
0.000847333
0.000806404
0.000749919
3.4978e-05
3.06596e-05
2.75569e-05
2.53368e-05
2.40748e-05
2.4627e-05
2.99384e-05
4.73955e-05
8.80365e-05
0.0001557
0.00023889
0.000320747
0.000391432
0.00044958
0.000498895
0.000545436
0.000595059
0.000648937
0.000699562
0.000732469
0.000741383
0.000738826
0.000746971
0.000771697
0.000806349
0.000842601
0.000875252
0.000901428
0.000919434
0.000928214
0.000926969
0.00091481
0.000890911
0.000859045
0.000821395
0.000779425
0.000734316
0.000687213
0.000639362
0.000592424
0.000549588
0.000519028
0.00052201
0.000592151
0.000719126
0.000823738
0.000862036
0.000849891
0.000820086
0.000802305
0.000817139
0.000863173
0.000913682
0.00094349
0.000948724
0.000929542
0.000897573
0.000850799
0.000808285
0.000750972
3.49653e-05
3.06577e-05
2.75659e-05
2.53373e-05
2.39876e-05
2.41691e-05
2.82157e-05
4.22982e-05
7.70546e-05
0.000139054
0.000219979
0.000302878
0.000375972
0.000436526
0.000487789
0.00053598
0.000587694
0.000645334
0.000702581
0.000744255
0.000761168
0.000763451
0.000773112
0.000797222
0.000830125
0.000864348
0.000895192
0.000919932
0.000936827
0.000944721
0.000942719
0.0009298
0.00090506
0.000872257
0.000833622
0.000790666
0.000744591
0.00069652
0.000647613
0.000599325
0.000554367
0.000519788
0.000515252
0.000577468
0.00070811
0.000826585
0.000876773
0.000871016
0.000843809
0.000826771
0.000841238
0.000885505
0.000933068
0.000959266
0.00096049
0.000937388
0.000902363
0.000853489
0.000809535
0.000751544
3.49537e-05
3.06566e-05
2.7576e-05
2.53424e-05
2.39232e-05
2.38075e-05
2.68309e-05
3.80563e-05
6.72825e-05
0.000123058
0.000200593
0.000283712
0.000358905
0.000421808
0.000474985
0.000524674
0.000578082
0.000639018
0.000702403
0.000752821
0.000778269
0.000786037
0.00079752
0.00082125
0.000852739
0.000885185
0.00091433
0.000937646
0.000953406
0.000960394
0.000957634
0.00094399
0.000918488
0.000884838
0.000845306
0.000801446
0.000754477
0.000705504
0.000655615
0.000606108
0.0005593
0.000521231
0.000509745
0.000563197
0.000695513
0.000827767
0.000890889
0.000892388
0.000868219
0.000851956
0.000865704
0.000907635
0.000951746
0.000973992
0.000971058
0.000944138
0.000906232
0.000855453
0.000810198
0.000751666
3.4943e-05
3.06563e-05
2.7587e-05
2.53514e-05
2.38773e-05
2.35236e-05
2.57239e-05
3.45697e-05
5.87551e-05
0.000108003
0.000181079
0.000263453
0.000340293
0.000405432
0.000460485
0.000511544
0.000566333
0.000630017
0.000698951
0.000757942
0.000792363
0.000806291
0.000820015
0.000843629
0.000874015
0.000904956
0.000932543
0.000954478
0.000969099
0.00097517
0.00097166
0.000957325
0.000931138
0.000896727
0.000856385
0.000811697
0.000763898
0.000714077
0.00066327
0.000612657
0.000564233
0.000523147
0.000505337
0.000549483
0.000681376
0.000827047
0.000904127
0.000913806
0.000893162
0.00087773
0.000890426
0.000929475
0.000969646
0.000987622
0.000980438
0.000949835
0.000909234
0.000856738
0.000810312
0.000751363
3.49333e-05
3.06566e-05
2.75987e-05
2.53635e-05
2.38463e-05
2.33024e-05
2.48433e-05
3.17344e-05
5.14504e-05
9.41236e-05
0.000161799
0.000242362
0.000320244
0.00038742
0.0004443
0.00049662
0.000552496
0.00061838
0.000692188
0.000759428
0.000803143
0.00082391
0.000840405
0.000864212
0.00089379
0.000923498
0.000949699
0.000970324
0.000983826
0.000988984
0.000984737
0.000969751
0.000942952
0.000907867
0.000866796
0.000821351
0.000772782
0.000722164
0.000670498
0.000618875
0.000569035
0.00052535
0.000501861
0.000536444
0.000665773
0.000824188
0.000916203
0.000935046
0.000918459
0.000903939
0.000915273
0.00095093
0.000986698
0.00100012
0.00098865
0.000954525
0.000911421
0.000857388
0.000809912
0.00075066
3.49245e-05
3.06574e-05
2.7611e-05
2.53781e-05
2.38274e-05
2.31318e-05
2.41462e-05
2.94495e-05
4.53e-05
8.15931e-05
0.000143115
0.000220752
0.00029892
0.000367829
0.000426453
0.00047994
0.00053663
0.000604167
0.000682115
0.000757131
0.000810327
0.000838595
0.000858482
0.000882853
0.000911908
0.000940651
0.00096566
0.000985078
0.000997502
0.00100177
0.000996803
0.000981208
0.000953872
0.000918197
0.000876476
0.000830344
0.00078106
0.000729696
0.000677227
0.000624681
0.000573594
0.000527678
0.000499147
0.000524166
0.000648816
0.000818957
0.00092681
0.000955855
0.000943909
0.00093041
0.0009401
0.000971895
0.00100284
0.00101148
0.000995725
0.000958259
0.000912843
0.000857443
0.00080903
0.000749577
3.49164e-05
3.06588e-05
2.76238e-05
2.53946e-05
2.38182e-05
2.30018e-05
2.3597e-05
2.76221e-05
4.02021e-05
7.05129e-05
0.000125369
0.000198977
0.000276537
0.000346751
0.000406982
0.000461548
0.000518806
0.000587446
0.000668771
0.000750945
0.00081366
0.000850048
0.000874024
0.000899403
0.000928221
0.00095626
0.000980285
0.000998622
0.00101003
0.00101344
0.0010078
0.000991636
0.000963837
0.000927654
0.000885363
0.000838611
0.00078867
0.00073661
0.000683393
0.000630003
0.000577818
0.000529989
0.000497029
0.000512701
0.000630656
0.000811137
0.000935619
0.000975951
0.000969282
0.00095695
0.000964751
0.000992262
0.00101801
0.00102168
0.0010017
0.000961087
0.000913549
0.000856939
0.000807695
0.000748134
3.49091e-05
3.06607e-05
2.76369e-05
2.54127e-05
2.38169e-05
2.29044e-05
2.31664e-05
2.61701e-05
3.60352e-05
6.09129e-05
0.000108858
0.000177422
0.000253371
0.000324323
0.000385952
0.0004415
0.000499105
0.000568274
0.000652227
0.000740813
0.00081292
0.00085798
0.000886794
0.000913703
0.00094259
0.000970177
0.000993434
0.00101084
0.00102133
0.00102393
0.00101765
0.00100097
0.000972786
0.000936176
0.000893392
0.000846089
0.00079555
0.000742848
0.000688939
0.000634778
0.000581623
0.000532158
0.000495344
0.000502072
0.000611483
0.000800534
0.000942279
0.000995025
0.000994331
0.000983351
0.000989062
0.00101192
0.00103216
0.00103074
0.00100662
0.000963064
0.000913585
0.000855912
0.000805932
0.000746347
3.49024e-05
3.06629e-05
2.76503e-05
2.54319e-05
2.38218e-05
2.28332e-05
2.28309e-05
2.50228e-05
3.26703e-05
5.27569e-05
9.38216e-05
0.000156481
0.00022975
0.000300737
0.000363457
0.000419864
0.000477619
0.00054676
0.00063259
0.000726724
0.000807929
0.000862117
0.000896544
0.00092558
0.000954879
0.000982263
0.00100497
0.00102161
0.00103128
0.00103315
0.00102629
0.00100916
0.000980656
0.000943701
0.000900503
0.000852719
0.000801642
0.000748353
0.00069381
0.00063895
0.000584939
0.000534077
0.000493939
0.00049227
0.000591519
0.000786987
0.000946423
0.00101274
0.00101878
0.00100939
0.00101286
0.00103078
0.00104526
0.00103868
0.00101055
0.000964242
0.000912996
0.000854393
0.000803766
0.000744232
3.48963e-05
3.06654e-05
2.76638e-05
2.5452e-05
2.38317e-05
2.27829e-05
2.25713e-05
2.41209e-05
2.99809e-05
4.59547e-05
8.04226e-05
0.000136535
0.000206049
0.000276239
0.000339631
0.000396732
0.000454457
0.000523143
0.000609996
0.000708717
0.000798551
0.000862205
0.000903021
0.000934849
0.000964947
0.000992384
0.00101476
0.00103081
0.0010398
0.00104103
0.00103365
0.00101612
0.000987383
0.000950165
0.000906632
0.000858439
0.00080689
0.000753074
0.000697955
0.000642466
0.000587701
0.000535651
0.000492671
0.000483257
0.000571019
0.000770382
0.000947672
0.00102874
0.00104234
0.00103484
0.00103599
0.00104874
0.00105729
0.00104553
0.00101353
0.000964676
0.000911824
0.000852414
0.000801221
0.000741807
3.48908e-05
3.06682e-05
2.76774e-05
2.54728e-05
2.38456e-05
2.27494e-05
2.2372e-05
2.34152e-05
2.785e-05
4.03772e-05
6.87413e-05
0.000117931
0.000182676
0.000251132
0.000314658
0.000372219
0.000429739
0.000497573
0.000584586
0.000686875
0.000784703
0.000858015
0.000905965
0.00094131
0.000972653
0.00100042
0.00102268
0.00103834
0.00104678
0.00104747
0.00103965
0.00102181
0.000992904
0.000955505
0.000911718
0.000863192
0.000811238
0.000756958
0.000701328
0.000645276
0.000589851
0.000536793
0.000491408
0.000474969
0.000550259
0.000750667
0.000945642
0.00104263
0.0010647
0.00105945
0.00105827
0.00106572
0.00106824
0.00105135
0.00101563
0.000964419
0.000910112
0.000850004
0.000798319
0.000739085
3.48858e-05
3.06712e-05
2.76911e-05
2.54939e-05
2.38625e-05
2.27293e-05
2.22209e-05
2.28657e-05
2.6174e-05
3.58727e-05
5.87759e-05
0.000100958
0.000160054
0.000225776
0.000288769
0.000346476
0.000403608
0.000470226
0.000556498
0.000661326
0.000766357
0.000849353
0.000905121
0.000944746
0.000977844
0.00100623
0.00102862
0.00104407
0.00105212
0.00105239
0.00104423
0.00102614
0.000997153
0.000959658
0.0009157
0.000866918
0.000814632
0.000759957
0.000703879
0.000647335
0.000591336
0.000537428
0.000490026
0.000467323
0.000529524
0.000727859
0.000939951
0.001054
0.00108552
0.00108298
0.00107955
0.00108165
0.00107811
0.00105617
0.00101691
0.000963525
0.000907899
0.000847192
0.000795081
0.000736083
3.48813e-05
3.06744e-05
2.77046e-05
2.55153e-05
2.38819e-05
2.27198e-05
2.2108e-05
2.244e-05
2.48637e-05
3.22823e-05
5.04505e-05
8.58228e-05
0.0001386
0.000200578
0.000262259
0.000319694
0.000376226
0.000441304
0.000526019
0.000632237
0.00074355
0.000836062
0.000900243
0.000944933
0.000980357
0.00100971
0.00103246
0.0010479
0.00105573
0.0010557
0.0010473
0.00102905
0.00100007
0.000962559
0.000918516
0.000869561
0.000817019
0.000762019
0.000705564
0.000648596
0.000592105
0.000537488
0.000488413
0.000460213
0.000509094
0.000702068
0.000930232
0.00106242
0.00110444
0.00110516
0.00109965
0.00109646
0.00108693
0.00106007
0.00101743
0.000962043
0.000905224
0.000844005
0.000791529
0.000732816
3.48772e-05
3.06778e-05
2.7718e-05
2.55368e-05
2.3903e-05
2.27187e-05
2.20253e-05
2.21122e-05
2.3845e-05
2.94525e-05
4.36307e-05
7.26412e-05
0.000118692
0.000175979
0.000235476
0.000292116
0.000347787
0.000411029
0.000493515
0.000599802
0.000716383
0.000818038
0.000891099
0.000941635
0.000980014
0.00101073
0.00103409
0.00104973
0.00105751
0.00105733
0.00104878
0.00103048
0.00100158
0.000964148
0.000920108
0.000871064
0.000818346
0.000763098
0.000706336
0.000649015
0.000592113
0.00053691
0.000486464
0.000453522
0.000489229
0.000673497
0.000916145
0.00106744
0.00112111
0.00112574
0.00111844
0.0011101
0.00109471
0.00106309
0.00101726
0.000960024
0.000902123
0.000840471
0.000787684
0.0007293
3.48735e-05
3.06812e-05
2.77313e-05
2.55582e-05
2.39255e-05
2.27243e-05
2.19667e-05
2.18615e-05
2.30567e-05
2.72427e-05
3.81438e-05
6.14298e-05
0.000100647
0.000152431
0.000208828
0.000264039
0.00031852
0.000379651
0.000459288
0.000564503
0.000685035
0.000795229
0.000877484
0.000934614
0.000976625
0.00100914
0.0010334
0.00104947
0.00105738
0.00105718
0.00104862
0.00103035
0.00100162
0.000964362
0.000920416
0.000871371
0.000818561
0.000763143
0.000706149
0.000648549
0.000591313
0.000535637
0.000484086
0.00044712
0.000470151
0.000642464
0.000897395
0.00106861
0.00113513
0.00114445
0.00113575
0.00112252
0.00110146
0.00106529
0.00101645
0.000957516
0.000898632
0.000836615
0.000783567
0.000725551
3.48701e-05
3.06847e-05
2.77443e-05
2.55794e-05
2.3949e-05
2.27351e-05
2.1927e-05
2.16715e-05
2.24496e-05
2.55303e-05
3.37985e-05
5.21133e-05
8.46896e-05
0.000130376
0.000182766
0.000235821
0.000288699
0.000347442
0.000423678
0.000526689
0.000649745
0.000767645
0.00085922
0.000923633
0.000969986
0.00100479
0.00103028
0.001047
0.00105524
0.00105518
0.00104673
0.0010286
0.00100014
0.000963141
0.000919382
0.000870426
0.000817612
0.000762106
0.00070496
0.000647154
0.000589661
0.000533616
0.000481191
0.000440874
0.00045203
0.000609394
0.000873747
0.00106544
0.0011461
0.00116099
0.00115142
0.00113365
0.00110723
0.00106674
0.00101507
0.000954563
0.000894786
0.000832465
0.0007792
0.000721587
3.4867e-05
3.06883e-05
2.77571e-05
2.56004e-05
2.39731e-05
2.275e-05
2.19024e-05
2.15293e-05
2.19844e-05
2.42117e-05
3.04036e-05
4.45409e-05
7.09362e-05
0.000110205
0.000157768
0.000207877
0.000258652
0.000314711
0.000387055
0.000486765
0.00061082
0.000735365
0.000836175
0.000908466
0.000959884
0.000997538
0.00102462
0.00104225
0.00105101
0.00105126
0.00104303
0.00102517
0.000997068
0.000960424
0.000916947
0.000868175
0.000815446
0.00075994
0.000702721
0.000644787
0.000587115
0.000530797
0.0004777
0.000434647
0.000434972
0.000574823
0.000845058
0.00105748
0.0011536
0.00117509
0.0011653
0.00114346
0.00111201
0.00106746
0.00101315
0.000951207
0.000890617
0.000828044
0.000774604
0.000717423
3.48643e-05
3.06918e-05
2.77696e-05
2.5621e-05
2.39975e-05
2.27679e-05
2.18895e-05
2.14244e-05
2.16298e-05
2.3202e-05
2.77809e-05
3.85101e-05
5.93873e-05
9.22282e-05
0.000134315
0.000180676
0.000228763
0.000281801
0.000349819
0.00044519
0.000568645
0.000698545
0.000808267
0.000888903
0.000946099
0.000987196
0.00101627
0.0010351
0.0010446
0.00104533
0.00103747
0.00101997
0.00099234
0.000956152
0.000913056
0.000864564
0.000812013
0.000756595
0.000699388
0.000641406
0.000583632
0.000527131
0.00047354
0.000428305
0.000419013
0.000539379
0.000811293
0.00104427
0.0011572
0.00118645
0.00117723
0.00115189
0.00111583
0.00106752
0.00101075
0.000947486
0.000886156
0.000823378
0.000769801
0.00071308
3.48617e-05
3.06954e-05
2.77818e-05
2.56413e-05
2.40221e-05
2.27883e-05
2.18859e-05
2.13489e-05
2.13612e-05
2.24324e-05
2.57731e-05
3.37927e-05
4.99349e-05
7.66421e-05
0.000112849
0.000154721
0.000199479
0.000249106
0.000312407
0.000402475
0.00052368
0.000657427
0.000775475
0.000864761
0.00092841
0.00097358
0.00100511
0.00102545
0.00103592
0.00103731
0.00102997
0.00101296
0.000985898
0.000950265
0.00090765
0.000859537
0.000807261
0.000752022
0.000694915
0.000636965
0.000579169
0.000522573
0.000468644
0.000421715
0.000404115
0.000503758
0.00077256
0.00102539
0.00115644
0.00119474
0.00118702
0.00115886
0.00111869
0.00106694
0.00100791
0.000943433
0.00088143
0.000818492
0.000764813
0.000708574
3.48595e-05
3.06989e-05
2.77937e-05
2.56611e-05
2.40466e-05
2.28104e-05
2.18895e-05
2.12963e-05
2.11595e-05
2.18486e-05
2.42475e-05
3.01587e-05
4.23838e-05
6.35099e-05
9.37339e-05
0.000130522
0.000171296
0.000217071
0.00027529
0.000359182
0.000476471
0.000612345
0.000737854
0.000835898
0.000906603
0.000956492
0.000990977
0.00101319
0.00102488
0.00102713
0.00102046
0.00100406
0.000977679
0.000942706
0.000900673
0.00085304
0.000801137
0.000746172
0.000689254
0.000631422
0.000573684
0.00051708
0.00046295
0.000414753
0.000390177
0.000468682
0.000729139
0.00100045
0.00115088
0.00119965
0.0011945
0.00116429
0.00112057
0.00106574
0.00100465
0.000939077
0.000876466
0.000813407
0.00075966
0.000703925
3.48574e-05
3.07023e-05
2.78052e-05
2.56803e-05
2.40709e-05
2.28337e-05
2.18987e-05
2.12617e-05
2.10097e-05
2.14078e-05
2.30951e-05
2.73942e-05
3.64834e-05
5.2759e-05
7.72128e-05
0.000108551
0.000144747
0.000186199
0.000238986
0.000315931
0.000427654
0.000563742
0.000695548
0.000802221
0.000880481
0.00093573
0.000973705
0.000998173
0.00101138
0.0010147
0.00100886
0.000993215
0.000967622
0.000933414
0.000892068
0.000845019
0.00079359
0.000738996
0.000682358
0.000624732
0.000567135
0.000510607
0.000456401
0.000407303
0.000377042
0.000434845
0.000681505
0.000969139
0.00114006
0.00120082
0.00119946
0.00116811
0.00112144
0.00106392
0.001001
0.00093444
0.000871286
0.000808145
0.000754364
0.000699151
3.48556e-05
3.07057e-05
2.78163e-05
2.56991e-05
2.4095e-05
2.28578e-05
2.19123e-05
2.12411e-05
2.08999e-05
2.10767e-05
2.22291e-05
2.53122e-05
3.19601e-05
4.41984e-05
6.33762e-05
8.91943e-05
0.000120366
0.000157035
0.000204058
0.0002734
0.000377961
0.000512172
0.000648802
0.000763702
0.000849871
0.000911089
0.000953116
0.000980271
0.000995299
0.000999922
0.000995099
0.000980346
0.000955663
0.000922331
0.000881779
0.000835418
0.000784566
0.000730442
0.00067418
0.000616848
0.000559477
0.000503111
0.000448943
0.000399257
0.000364516
0.00040285
0.000630353
0.000931238
0.00112351
0.00119791
0.00120167
0.00117018
0.00112127
0.00106148
0.000996954
0.00092954
0.000865909
0.000802726
0.000748946
0.000694272
3.48539e-05
3.0709e-05
2.78271e-05
2.57173e-05
2.41186e-05
2.28825e-05
2.19292e-05
2.12314e-05
2.08212e-05
2.08296e-05
2.15811e-05
2.37564e-05
2.85471e-05
3.75535e-05
5.21522e-05
7.26947e-05
9.86312e-05
0.00013015
0.000171114
0.000232321
0.000328227
0.000458326
0.00059798
0.000720396
0.000814642
0.000882374
0.000929024
0.000959329
0.000976526
0.000982709
0.000979091
0.000965383
0.000941737
0.000909394
0.000869747
0.000824182
0.000774011
0.000720459
0.000664669
0.000607724
0.000550667
0.000494549
0.000440528
0.000390517
0.000352378
0.000373154
0.000576611
0.000886648
0.0011008
0.00119051
0.00120091
0.00117038
0.00111999
0.0010584
0.000992525
0.000924384
0.000860349
0.000797168
0.000743424
0.000689307
3.48524e-05
3.07122e-05
2.78375e-05
2.57348e-05
2.41416e-05
2.29074e-05
2.19485e-05
2.12302e-05
2.07666e-05
2.06467e-05
2.10983e-05
2.26009e-05
2.60042e-05
3.25093e-05
4.33244e-05
5.91145e-05
7.99046e-05
0.000106085
0.000140788
0.000193479
0.000279392
0.000403039
0.000543585
0.000672459
0.000774717
0.00084941
0.00090124
0.00093518
0.000954924
0.000962947
0.000960746
0.000948249
0.000925774
0.00089454
0.00085591
0.000811252
0.00076187
0.000708994
0.000653776
0.000597312
0.00054066
0.000484879
0.000431106
0.000380998
0.000340401
0.000346012
0.000521429
0.000835441
0.00107152
0.00117825
0.0011969
0.00116856
0.00111752
0.00105464
0.000987697
0.000918976
0.000854617
0.000791485
0.000737816
0.000684275
3.4851e-05
3.07153e-05
2.78474e-05
2.57518e-05
2.41641e-05
2.29323e-05
2.19697e-05
2.12354e-05
2.07305e-05
2.05128e-05
2.07403e-05
2.17469e-05
2.41278e-05
2.87498e-05
3.65742e-05
4.83244e-05
6.43625e-05
8.52828e-05
0.000113695
0.000157687
0.0002325
0.000347318
0.000486288
0.000620169
0.000730092
0.00081205
0.000869579
0.000907654
0.000930346
0.000940517
0.000939966
0.000928861
0.000907701
0.000877702
0.000840207
0.000796568
0.000748085
0.000695992
0.000641449
0.000585564
0.000529409
0.000474056
0.000420633
0.000370621
0.000328362
0.000321459
0.000466149
0.0007779
0.00103529
0.0011607
0.00118935
0.00116453
0.00111375
0.00105014
0.000982445
0.000913309
0.000848717
0.00078569
0.000732141
0.000679193
3.48497e-05
3.07183e-05
2.7857e-05
2.57681e-05
2.4186e-05
2.29569e-05
2.19921e-05
2.12457e-05
2.07087e-05
2.04164e-05
2.04762e-05
2.11182e-05
2.2753e-05
2.59879e-05
3.1536e-05
4.00328e-05
5.1957e-05
6.80007e-05
9.03526e-05
0.000125741
0.000188677
0.000292348
0.000426953
0.000563955
0.000680859
0.000770196
0.000833871
0.000876574
0.000902638
0.000915291
0.000916643
0.000907126
0.000887437
0.000858808
0.000822571
0.000780069
0.000732598
0.000681396
0.000627633
0.000572428
0.000516867
0.000462036
0.000409064
0.000359318
0.000316055
0.000299319
0.000412235
0.000714568
0.000991832
0.00113746
0.00117794
0.0011581
0.00110857
0.00104484
0.000976731
0.000907368
0.000842651
0.000779792
0.000726412
0.00067408
3.48486e-05
3.07212e-05
2.78661e-05
2.57838e-05
2.42072e-05
2.29813e-05
2.20153e-05
2.12598e-05
2.0698e-05
2.03486e-05
2.02828e-05
2.06571e-05
2.17511e-05
2.39802e-05
2.78477e-05
3.38459e-05
4.2424e-05
5.42409e-05
7.10768e-05
9.83229e-05
0.000149078
0.000239501
0.000366673
0.000504436
0.000627231
0.000723816
0.000793974
0.000841768
0.000871638
0.000887126
0.000890658
0.000882945
0.000864898
0.000837781
0.000802932
0.000761688
0.000715346
0.000665148
0.000612272
0.000557852
0.000502986
0.000448775
0.000396357
0.00034703
0.000303299
0.000279245
0.000361153
0.000646301
0.000940948
0.00110809
0.00116234
0.00114903
0.00110182
0.00103864
0.000970506
0.00090113
0.000836411
0.000773798
0.000720645
0.000668951
3.48476e-05
3.0724e-05
2.78748e-05
2.57989e-05
2.42276e-05
2.30052e-05
2.20391e-05
2.12768e-05
2.06958e-05
2.03026e-05
2.01425e-05
2.03202e-05
2.10236e-05
2.25317e-05
2.51864e-05
2.93389e-05
3.53435e-05
4.37381e-05
5.58826e-05
7.58683e-05
0.000114774
0.000190306
0.000306807
0.000442456
0.00056958
0.000672971
0.000749788
0.000803078
0.000837181
0.000855875
0.000861882
0.000856209
0.000839988
0.000814538
0.000781213
0.000741355
0.000696263
0.000647185
0.000595309
0.00054178
0.000487714
0.000434228
0.000382471
0.000333708
0.000289939
0.000260782
0.000314217
0.000574309
0.000882604
0.00107222
0.00114217
0.00113706
0.00109334
0.00103144
0.000963705
0.000894561
0.000829986
0.000767709
0.000714849
0.000663824
3.48466e-05
3.07266e-05
2.78831e-05
2.58132e-05
2.42473e-05
2.30285e-05
2.2063e-05
2.12958e-05
2.07001e-05
2.02732e-05
2.00421e-05
2.00753e-05
2.04971e-05
2.14918e-05
2.32853e-05
2.61142e-05
3.02287e-05
3.60202e-05
4.44512e-05
5.84187e-05
8.65644e-05
0.000146354
0.000248994
0.000379144
0.000508477
0.000617842
0.000701279
0.000760375
0.000799111
0.000821385
0.000830181
0.000826799
0.000812605
0.00078899
0.000757336
0.000718997
0.000675281
0.000627443
0.000576682
0.000524157
0.000471
0.000418348
0.000367367
0.000319307
0.000275851
0.000243438
0.00027239
0.000500185
0.000816966
0.00102945
0.00111705
0.0011219
0.00108292
0.0010231
0.000956252
0.00088762
0.000823358
0.000761524
0.000709033
0.000658711
3.48458e-05
3.07291e-05
2.7891e-05
2.5827e-05
2.42663e-05
2.30512e-05
2.20868e-05
2.13163e-05
2.07093e-05
2.02565e-05
1.99718e-05
1.98984e-05
2.01171e-05
2.07475e-05
2.19358e-05
2.38347e-05
2.66089e-05
3.05195e-05
3.62015e-05
4.55604e-05
6.47336e-05
0.000109091
0.000195125
0.000315961
0.000444749
0.000558774
0.000648503
0.000713573
0.000757287
0.000783506
0.000795412
0.000794592
0.000782642
0.00076104
0.000731212
0.000694534
0.000652325
0.000605853
0.000556328
0.000504924
0.000452792
0.000401091
0.000351008
0.000303795
0.000260944
0.000226741
0.000236125
0.000425897
0.000744467
0.000979499
0.00108658
0.00110324
0.00107035
0.00101349
0.000948055
0.000880254
0.000816501
0.000755237
0.000703205
0.000653625
3.4845e-05
3.07315e-05
2.78985e-05
2.584e-05
2.42844e-05
2.30732e-05
2.21104e-05
2.13378e-05
2.07222e-05
2.02496e-05
1.99242e-05
1.97718e-05
1.98436e-05
2.02159e-05
2.09811e-05
2.22351e-05
2.40809e-05
2.66831e-05
3.04379e-05
3.65199e-05
4.88934e-05
7.94875e-05
0.000147209
0.000254734
0.000379547
0.000496324
0.000591643
0.000662654
0.0007116
0.000742097
0.000757434
0.000759456
0.000749981
0.000730585
0.00070275
0.000667881
0.000627319
0.000582344
0.000534181
0.000484021
0.000433037
0.000382413
0.000333363
0.000287149
0.000245156
0.000210291
0.000205277
0.000353743
0.000665884
0.000922146
0.00105036
0.00108075
0.00105539
0.00100244
0.000939008
0.000872402
0.000809384
0.000748837
0.000697367
0.000648577
3.48443e-05
3.07338e-05
2.79056e-05
2.58525e-05
2.43018e-05
2.30945e-05
2.21336e-05
2.13599e-05
2.07379e-05
2.025e-05
1.98937e-05
1.96826e-05
1.96477e-05
1.98366e-05
2.03066e-05
2.11162e-05
2.23279e-05
2.40416e-05
2.64961e-05
3.03816e-05
3.80567e-05
5.76715e-05
0.000107069
0.000197629
0.000314411
0.000431335
0.000531057
0.000607699
0.000661993
0.000697043
0.000716114
0.000721262
0.000714502
0.000697516
0.000671851
0.000638951
0.000600181
0.000556839
0.000510171
0.000461387
0.000411683
0.000362274
0.000314405
0.000269357
0.00022846
0.000193778
0.000179171
0.000286216
0.000582418
0.000857337
0.001008
0.00105404
0.00103776
0.000989766
0.000928993
0.00086399
0.000801969
0.00074231
0.000691518
0.000643573
3.48437e-05
3.07359e-05
2.79123e-05
2.58642e-05
2.43183e-05
2.31149e-05
2.21564e-05
2.13823e-05
2.07556e-05
2.0256e-05
1.98761e-05
1.9621e-05
1.95083e-05
1.95665e-05
1.983e-05
2.03338e-05
2.11149e-05
2.22328e-05
2.3829e-05
2.62982e-05
3.09611e-05
4.27841e-05
7.58714e-05
0.000146981
0.000251319
0.00036501
0.000467339
0.000548928
0.000608484
0.000648267
0.000671335
0.000679885
0.000676086
0.000661724
0.000638415
0.00060765
0.000570825
0.000529263
0.000484229
0.00043696
0.000388681
0.000340641
0.000294119
0.000250424
0.00021086
0.000177002
0.000156807
0.000225769
0.000495782
0.000785227
0.000959152
0.00102276
0.00101717
0.000975258
0.000917872
0.000854935
0.000794208
0.000735636
0.000685656
0.000638618
3.48431e-05
3.07379e-05
2.79186e-05
2.58754e-05
2.43341e-05
2.31345e-05
2.21784e-05
2.14046e-05
2.07747e-05
2.02662e-05
1.98683e-05
1.95801e-05
1.94103e-05
1.93747e-05
1.94932e-05
1.97859e-05
2.02744e-05
2.09939e-05
2.20282e-05
2.36009e-05
2.64254e-05
3.32685e-05
5.36359e-05
0.000104914
0.000192653
0.000298998
0.000401399
0.000486759
0.000551209
0.000595755
0.000623016
0.000635217
0.00063462
0.000623098
0.000602338
0.000573883
0.000539165
0.000499535
0.000456286
0.000410683
0.000363988
0.000317488
0.000272506
0.00023038
0.000192402
0.000159869
0.000137124
0.000174422
0.000408262
0.000706271
0.000903533
0.000986502
0.000993303
0.000958694
0.000905494
0.000845142
0.000786049
0.000728789
0.00067977
0.000633713
3.48425e-05
3.07397e-05
2.79245e-05
2.58859e-05
2.43491e-05
2.31532e-05
2.21998e-05
2.14268e-05
2.07947e-05
2.02795e-05
1.98678e-05
1.95547e-05
1.93426e-05
1.92392e-05
1.92551e-05
1.94012e-05
1.96898e-05
2.01418e-05
2.08073e-05
2.18138e-05
2.3541e-05
2.74393e-05
3.91255e-05
7.27402e-05
0.000140999
0.000235453
0.000334565
0.000421882
0.000490468
0.000539591
0.000571127
0.000587177
0.000590003
0.000581535
0.000563521
0.000537557
0.000505115
0.00046758
0.000426277
0.000382506
0.000337572
0.000292812
0.000249593
0.000209287
0.000173178
0.000142396
0.000119233
0.000133248
0.000322738
0.000621322
0.000840983
0.000944902
0.000965827
0.000939825
0.00089169
0.000834505
0.000777427
0.000721738
0.000673849
0.000628853
3.48421e-05
3.07414e-05
2.79301e-05
2.58958e-05
2.43632e-05
2.31711e-05
2.22204e-05
2.14485e-05
2.08153e-05
2.02951e-05
1.98729e-05
1.95408e-05
1.92972e-05
1.91444e-05
1.9087e-05
1.91304e-05
1.92811e-05
1.95517e-05
1.99726e-05
2.06179e-05
2.16902e-05
2.39234e-05
3.03293e-05
5.03855e-05
9.86778e-05
0.000176983
0.000268678
0.000355364
0.0004268
0.000480005
0.000515728
0.000535739
0.000542168
0.000536949
0.000521875
0.000498585
0.000468595
0.000433326
0.000394144
0.000352392
0.000309424
0.000266635
0.000225445
0.000187257
0.000153342
0.000124705
0.00010254
0.000101943
0.000242617
0.000531755
0.00077152
0.000897606
0.000934389
0.000918384
0.000876276
0.000822902
0.00076827
0.000714443
0.00066787
0.000624027
3.48416e-05
3.0743e-05
2.79352e-05
2.59051e-05
2.43766e-05
2.31881e-05
2.22402e-05
2.14698e-05
2.0836e-05
2.03123e-05
1.98821e-05
1.95356e-05
1.92684e-05
1.90791e-05
1.89689e-05
1.89394e-05
1.89938e-05
1.91396e-05
1.93958e-05
1.98063e-05
2.04812e-05
2.17861e-05
2.5235e-05
3.6303e-05
6.70297e-05
0.000126397
0.00020616
0.000288769
0.000361086
0.00041744
0.000457009
0.000480954
0.000491094
0.000489286
0.000477329
0.000456895
0.000429537
0.00039672
0.000359852
0.000320329
0.000279568
0.000239027
0.000200186
0.000164473
0.000133126
0.00010703
8.67822e-05
7.8883e-05
0.000171653
0.000439597
0.000695428
0.000844328
0.000898634
0.000894085
0.000859046
0.000810201
0.000758497
0.000706858
0.000661807
0.000619217
3.48412e-05
3.07445e-05
2.79401e-05
2.59138e-05
2.43892e-05
2.32042e-05
2.22592e-05
2.14905e-05
2.08566e-05
2.03305e-05
1.98943e-05
1.95369e-05
1.92518e-05
1.90356e-05
1.88867e-05
1.88048e-05
1.8791e-05
1.88496e-05
1.89926e-05
1.92469e-05
1.96736e-05
2.04554e-05
2.23234e-05
2.81267e-05
4.57564e-05
8.61024e-05
0.000149924
0.000224285
0.000294684
0.00035266
0.000395363
0.000423002
0.000436843
0.000438547
0.000429856
0.000412448
0.000387905
0.000357735
0.000323397
0.000286351
0.000248086
0.000210134
0.000174031
0.000141218
0.000112869
8.97155e-05
7.19896e-05
6.18306e-05
0.000113574
0.000347656
0.00061337
0.000784883
0.000858217
0.000866624
0.000839779
0.000796252
0.000748012
0.000698927
0.00065562
0.000614395
3.48408e-05
3.07458e-05
2.79445e-05
2.5922e-05
2.4401e-05
2.32195e-05
2.22772e-05
2.15104e-05
2.0877e-05
2.03493e-05
1.99087e-05
1.95431e-05
1.92444e-05
1.90079e-05
1.88305e-05
1.87104e-05
1.86474e-05
1.86439e-05
1.87075e-05
1.88549e-05
1.91214e-05
1.95994e-05
2.06341e-05
2.36103e-05
3.29144e-05
5.72257e-05
0.000102994
0.000164768
0.000229591
0.000286891
0.00033149
0.000362261
0.000379612
0.000384824
0.000379493
0.000365257
0.000343711
0.0003164
0.000284843
0.000250571
0.000215159
0.000180217
0.000147329
0.000117917
9.30395e-05
7.32242e-05
5.84147e-05
4.88372e-05
7.1208e-05
0.000259585
0.000526516
0.000719252
0.000812817
0.000835687
0.000818235
0.000780891
0.000736708
0.000690581
0.000649259
0.000609522
3.48405e-05
3.0747e-05
2.79486e-05
2.59295e-05
2.44121e-05
2.32338e-05
2.22944e-05
2.15295e-05
2.0897e-05
2.03684e-05
1.99247e-05
1.95528e-05
1.92439e-05
1.89921e-05
1.87934e-05
1.86451e-05
1.8546e-05
1.84974e-05
1.85039e-05
1.85762e-05
1.87352e-05
1.90289e-05
1.96187e-05
2.11485e-05
2.58046e-05
3.89001e-05
6.76512e-05
0.000113558
0.000168596
0.000222027
0.000266563
0.000299432
0.000319812
0.000328364
0.000326397
0.000315439
0.000297063
0.000272845
0.000244364
0.000213237
0.000181127
0.000149723
0.000120626
9.51813e-05
7.42568e-05
5.81161e-05
4.6439e-05
3.87085e-05
4.47814e-05
0.00017976
0.000436698
0.00064766
0.000762174
0.000800957
0.000794155
0.000763934
0.000724461
0.000681739
0.000642658
0.000604542
3.48402e-05
3.07481e-05
2.79524e-05
2.59365e-05
2.44224e-05
2.32473e-05
2.23106e-05
2.15478e-05
2.09164e-05
2.03875e-05
1.99416e-05
1.95651e-05
1.92484e-05
1.89851e-05
1.87703e-05
1.86008e-05
1.84749e-05
1.83928e-05
1.83574e-05
1.83755e-05
1.84597e-05
1.86358e-05
1.89793e-05
1.97808e-05
2.20571e-05
2.85441e-05
4.42817e-05
7.37756e-05
0.000115261
0.000160871
0.00020248
0.000235726
0.000258218
0.000269681
0.000270936
0.00026329
0.000248245
0.000227382
0.000202343
0.00017483
0.000146598
0.000119381
9.47391e-05
7.38422e-05
5.72769e-05
4.49975e-05
3.64585e-05
3.0906e-05
3.07425e-05
0.000112909
0.000346548
0.000570685
0.000706122
0.000762126
0.000767267
0.000745182
0.000711131
0.0006723
0.000635733
0.000599383
3.48399e-05
3.07491e-05
2.79558e-05
2.5943e-05
2.4432e-05
2.32599e-05
2.23259e-05
2.15653e-05
2.09351e-05
2.04064e-05
1.99591e-05
1.95792e-05
1.92567e-05
1.89846e-05
1.87576e-05
1.85721e-05
1.84259e-05
1.83186e-05
1.82517e-05
1.82296e-05
1.826e-05
1.83572e-05
1.85566e-05
1.89868e-05
2.00992e-05
2.31612e-05
3.08458e-05
4.69133e-05
7.33732e-05
0.000107285
0.000142219
0.00017321
0.000196242
0.00020977
0.000213867
0.000209455
0.000197873
0.000180671
0.000159535
0.000136243
0.000112605
9.03298e-05
7.08179e-05
5.49375e-05
4.29137e-05
3.44087e-05
2.8751e-05
2.51968e-05
2.38447e-05
6.35683e-05
0.000259588
0.00048938
0.000644652
0.000718913
0.00073729
0.000724414
0.000696555
0.000662143
0.000628372
0.00059395
3.48397e-05
3.07499e-05
2.7959e-05
2.5949e-05
2.4441e-05
2.32717e-05
2.23403e-05
2.15817e-05
2.09531e-05
2.04249e-05
1.99768e-05
1.95945e-05
1.92677e-05
1.89889e-05
1.87526e-05
1.85549e-05
1.83933e-05
1.82666e-05
1.81757e-05
1.81231e-05
1.81136e-05
1.81552e-05
1.82649e-05
1.84982e-05
1.90487e-05
2.04665e-05
2.39578e-05
3.15213e-05
4.53113e-05
6.57781e-05
9.02264e-05
0.000115372
0.000136455
0.000150559
0.000156725
0.000155268
0.000147225
0.000134037
0.000117382
9.90544e-05
8.08213e-05
6.42185e-05
5.03158e-05
3.9568e-05
3.18486e-05
2.6653e-05
2.33475e-05
2.13512e-05
2.03551e-05
3.44314e-05
0.000180164
0.000405418
0.00057798
0.000671092
0.000703936
0.000701391
0.000680546
0.00065112
0.000620438
0.000588124
3.48394e-05
3.07506e-05
2.79618e-05
2.59544e-05
2.44492e-05
2.32826e-05
2.23537e-05
2.15973e-05
2.09702e-05
2.04428e-05
1.99944e-05
1.96106e-05
1.92806e-05
1.89968e-05
1.87534e-05
1.85463e-05
1.83727e-05
1.82311e-05
1.81216e-05
1.80454e-05
1.80056e-05
1.80066e-05
1.80565e-05
1.81789e-05
1.84537e-05
1.91088e-05
2.06414e-05
2.38826e-05
2.98716e-05
3.9372e-05
5.20614e-05
6.78378e-05
8.35657e-05
9.58371e-05
0.000102656
0.000103506
9.89226e-05
9.00842e-05
7.85237e-05
6.58895e-05
5.37007e-05
4.31006e-05
3.46916e-05
2.85389e-05
2.43368e-05
2.1629e-05
1.9973e-05
1.90151e-05
1.85222e-05
2.21301e-05
0.000113051
0.000321201
0.000506643
0.000618528
0.000666925
0.000675851
0.000662885
0.000639048
0.000611756
0.000581755
3.48392e-05
3.07512e-05
2.79642e-05
2.59593e-05
2.44567e-05
2.32927e-05
2.23662e-05
2.16119e-05
2.09864e-05
2.046e-05
2.00118e-05
1.9627e-05
1.92948e-05
1.90073e-05
1.87585e-05
1.85442e-05
1.83613e-05
1.8208e-05
1.80838e-05
1.79892e-05
1.79259e-05
1.78962e-05
1.79041e-05
1.79589e-05
1.80922e-05
1.83942e-05
1.90579e-05
2.03869e-05
2.27176e-05
2.62427e-05
3.07756e-05
3.7241e-05
4.51353e-05
5.26586e-05
5.78995e-05
5.97346e-05
5.80496e-05
5.35124e-05
4.72279e-05
4.03951e-05
3.40158e-05
2.87094e-05
2.46861e-05
2.18552e-05
1.99821e-05
1.881e-05
1.8121e-05
1.77507e-05
1.75848e-05
1.83439e-05
6.29346e-05
0.000239917
0.00043161
0.000561226
0.000625998
0.000647516
0.00064332
0.000625705
0.000602109
0.000574658
3.4839e-05
3.07517e-05
2.79664e-05
2.59638e-05
2.44636e-05
2.3302e-05
2.23778e-05
2.16256e-05
2.10017e-05
2.04764e-05
2.00286e-05
1.96434e-05
1.93097e-05
1.90195e-05
1.87667e-05
1.85469e-05
1.83567e-05
1.81943e-05
1.80585e-05
1.79493e-05
1.78675e-05
1.78142e-05
1.7791e-05
1.78014e-05
1.78567e-05
1.79903e-05
1.82728e-05
1.88062e-05
1.96736e-05
2.08474e-05
2.20933e-05
2.37896e-05
2.60611e-05
2.86015e-05
3.07632e-05
3.18839e-05
3.16398e-05
3.01578e-05
2.78841e-05
2.53527e-05
2.2993e-05
2.10446e-05
1.95743e-05
1.85416e-05
1.78633e-05
1.74522e-05
1.72334e-05
1.71468e-05
1.71462e-05
1.73401e-05
3.32693e-05
0.000165533
0.000354397
0.000499392
0.000580938
0.000616086
0.000621551
0.000610815
0.00059123
0.000566611
3.48389e-05
3.07521e-05
2.79683e-05
2.59677e-05
2.44698e-05
2.33105e-05
2.23885e-05
2.16382e-05
2.10161e-05
2.0492e-05
2.00449e-05
1.96596e-05
1.9325e-05
1.90329e-05
1.87771e-05
1.8553e-05
1.83573e-05
1.81876e-05
1.80426e-05
1.79219e-05
1.78253e-05
1.77535e-05
1.77068e-05
1.7686e-05
1.76943e-05
1.77424e-05
1.78537e-05
1.80591e-05
1.83717e-05
1.87484e-05
1.90653e-05
1.94165e-05
1.98358e-05
2.02951e-05
2.07e-05
2.09158e-05
2.08409e-05
2.04661e-05
1.98742e-05
1.91901e-05
1.85269e-05
1.79568e-05
1.75109e-05
1.71922e-05
1.69898e-05
1.68868e-05
1.68638e-05
1.69003e-05
1.69768e-05
1.70968e-05
2.12663e-05
0.000102664
0.000277168
0.000433516
0.000531597
0.000581242
0.000597226
0.000594042
0.000578798
0.00055735
3.48387e-05
3.07523e-05
2.79699e-05
2.59712e-05
2.44754e-05
2.33182e-05
2.23983e-05
2.16499e-05
2.10294e-05
2.05066e-05
2.00604e-05
1.96754e-05
1.93403e-05
1.9047e-05
1.8789e-05
1.85618e-05
1.83617e-05
1.81863e-05
1.8034e-05
1.7904e-05
1.77957e-05
1.77092e-05
1.76443e-05
1.76005e-05
1.75778e-05
1.75785e-05
1.76083e-05
1.76742e-05
1.77737e-05
1.78815e-05
1.79479e-05
1.79991e-05
1.80369e-05
1.80561e-05
1.80472e-05
1.79963e-05
1.78926e-05
1.77363e-05
1.7541e-05
1.7329e-05
1.71239e-05
1.69445e-05
1.68042e-05
1.67115e-05
1.66709e-05
1.66819e-05
1.67391e-05
1.68334e-05
1.6954e-05
1.70907e-05
1.80556e-05
5.63738e-05
0.000202816
0.00036445
0.000477924
0.000542649
0.000569926
0.000574979
0.00056443
0.000546569
3.48386e-05
3.07525e-05
2.79712e-05
2.59742e-05
2.44803e-05
2.33252e-05
2.24072e-05
2.16607e-05
2.10418e-05
2.05204e-05
2.00751e-05
1.96905e-05
1.93554e-05
1.90613e-05
1.88018e-05
1.85722e-05
1.83688e-05
1.8189e-05
1.80309e-05
1.78935e-05
1.77758e-05
1.76777e-05
1.75984e-05
1.75371e-05
1.74927e-05
1.74642e-05
1.74514e-05
1.74537e-05
1.74664e-05
1.74765e-05
1.74648e-05
1.74407e-05
1.7403e-05
1.73502e-05
1.72822e-05
1.71998e-05
1.71051e-05
1.70014e-05
1.68941e-05
1.67894e-05
1.66944e-05
1.66166e-05
1.65641e-05
1.65451e-05
1.65658e-05
1.66279e-05
1.6729e-05
1.68643e-05
1.70269e-05
1.7205e-05
1.75317e-05
3.0415e-05
0.000135191
0.000293515
0.000420006
0.00049995
0.00053915
0.000553132
0.000547686
0.00053394
3.48385e-05
3.07525e-05
2.79721e-05
2.59767e-05
2.44846e-05
2.33314e-05
2.24152e-05
2.16705e-05
2.10532e-05
2.05331e-05
2.00888e-05
1.97049e-05
1.937e-05
1.90755e-05
1.88151e-05
1.85838e-05
1.83779e-05
1.81946e-05
1.8032e-05
1.78886e-05
1.77635e-05
1.7656e-05
1.75654e-05
1.74907e-05
1.74302e-05
1.73822e-05
1.73444e-05
1.73145e-05
1.7288e-05
1.72582e-05
1.72169e-05
1.71684e-05
1.7112e-05
1.70475e-05
1.69759e-05
1.68988e-05
1.68188e-05
1.67385e-05
1.66614e-05
1.65909e-05
1.65316e-05
1.64897e-05
1.64733e-05
1.64907e-05
1.65478e-05
1.66464e-05
1.67865e-05
1.69691e-05
1.71905e-05
1.74352e-05
1.77076e-05
2.09983e-05
7.96706e-05
0.000222662
0.000358115
0.000452767
0.000504305
0.000527924
0.000528075
0.000519124
3.48384e-05
3.07523e-05
2.79728e-05
2.59787e-05
2.44883e-05
2.33368e-05
2.24224e-05
2.16793e-05
2.10635e-05
2.05448e-05
2.01016e-05
1.97185e-05
1.93839e-05
1.90894e-05
1.88284e-05
1.85959e-05
1.83882e-05
1.82023e-05
1.80361e-05
1.7888e-05
1.7757e-05
1.76421e-05
1.75426e-05
1.74573e-05
1.73846e-05
1.73226e-05
1.72688e-05
1.72203e-05
1.71737e-05
1.7125e-05
1.70702e-05
1.70117e-05
1.69492e-05
1.68831e-05
1.68142e-05
1.6744e-05
1.66745e-05
1.66076e-05
1.65459e-05
1.64925e-05
1.64521e-05
1.6432e-05
1.64414e-05
1.6489e-05
1.65798e-05
1.67164e-05
1.69057e-05
1.7158e-05
1.74717e-05
1.78226e-05
1.8185e-05
1.91273e-05
4.29039e-05
0.000154965
0.000292823
0.000400719
0.000464708
0.000498699
0.000505076
0.000501768
3.48383e-05
3.07521e-05
2.79732e-05
2.59804e-05
2.44914e-05
2.33415e-05
2.24287e-05
2.16872e-05
2.10729e-05
2.05555e-05
2.01134e-05
1.97311e-05
1.93971e-05
1.91028e-05
1.88415e-05
1.86083e-05
1.83993e-05
1.82114e-05
1.80424e-05
1.78907e-05
1.77549e-05
1.76342e-05
1.75276e-05
1.74341e-05
1.73521e-05
1.72797e-05
1.72147e-05
1.71543e-05
1.70959e-05
1.70369e-05
1.69748e-05
1.69114e-05
1.68464e-05
1.67805e-05
1.67143e-05
1.66493e-05
1.65868e-05
1.65285e-05
1.64767e-05
1.64353e-05
1.64102e-05
1.64107e-05
1.64469e-05
1.65272e-05
1.6656e-05
1.68412e-05
1.7104e-05
1.74678e-05
1.79286e-05
1.84444e-05
1.89704e-05
1.95865e-05
2.67004e-05
9.60402e-05
0.000225385
0.000343525
0.000419649
0.000464777
0.000478189
0.000481542
3.48382e-05
3.07517e-05
2.79733e-05
2.59815e-05
2.4494e-05
2.33455e-05
2.24342e-05
2.16941e-05
2.10812e-05
2.05651e-05
2.01241e-05
1.97428e-05
1.94094e-05
1.91154e-05
1.88542e-05
1.86205e-05
1.84106e-05
1.82213e-05
1.80502e-05
1.78956e-05
1.77561e-05
1.76308e-05
1.75187e-05
1.74187e-05
1.73296e-05
1.72494e-05
1.71762e-05
1.71077e-05
1.70416e-05
1.69761e-05
1.69097e-05
1.68434e-05
1.67773e-05
1.67119e-05
1.6648e-05
1.65866e-05
1.65291e-05
1.6477e-05
1.64334e-05
1.64033e-05
1.63951e-05
1.64199e-05
1.64885e-05
1.66077e-05
1.67844e-05
1.70415e-05
1.74242e-05
1.79679e-05
1.86551e-05
1.94163e-05
2.01854e-05
2.09551e-05
2.31909e-05
5.46918e-05
0.00015905
0.000281419
0.000368599
0.000425572
0.00044702
0.000458176
3.48382e-05
3.07512e-05
2.79731e-05
2.59822e-05
2.44959e-05
2.33488e-05
2.24389e-05
2.17002e-05
2.10886e-05
2.05737e-05
2.01338e-05
1.97534e-05
1.94207e-05
1.91272e-05
1.88661e-05
1.86324e-05
1.84219e-05
1.82315e-05
1.80589e-05
1.79021e-05
1.77597e-05
1.76308e-05
1.75144e-05
1.74095e-05
1.73148e-05
1.72288e-05
1.71495e-05
1.70751e-05
1.70038e-05
1.69339e-05
1.68647e-05
1.67966e-05
1.67299e-05
1.66652e-05
1.6603e-05
1.65444e-05
1.64907e-05
1.64442e-05
1.64092e-05
1.63931e-05
1.64071e-05
1.64641e-05
1.65733e-05
1.6741e-05
1.69863e-05
1.73625e-05
1.79445e-05
1.87683e-05
1.97871e-05
2.08951e-05
2.20058e-05
2.31016e-05
2.45594e-05
3.56908e-05
0.000101631
0.000216392
0.000311795
0.000380868
0.000411426
0.000431525
3.48382e-05
3.07505e-05
2.79726e-05
2.59825e-05
2.44972e-05
2.33513e-05
2.24427e-05
2.17053e-05
2.1095e-05
2.05812e-05
2.01424e-05
1.97629e-05
1.9431e-05
1.91381e-05
1.88773e-05
1.86436e-05
1.84328e-05
1.82417e-05
1.80679e-05
1.79095e-05
1.7765e-05
1.76333e-05
1.75136e-05
1.74048e-05
1.7306e-05
1.72155e-05
1.71318e-05
1.70532e-05
1.6978e-05
1.69052e-05
1.6834e-05
1.67648e-05
1.66978e-05
1.66336e-05
1.65729e-05
1.65166e-05
1.64668e-05
1.64269e-05
1.64038e-05
1.64083e-05
1.64543e-05
1.65541e-05
1.67147e-05
1.69495e-05
1.73084e-05
1.78905e-05
1.87917e-05
2.00257e-05
2.15008e-05
2.30732e-05
2.46416e-05
2.61969e-05
2.79343e-05
3.24122e-05
6.42709e-05
0.000154578
0.000251426
0.000331301
0.000371735
0.000401653
3.48381e-05
3.07497e-05
2.79717e-05
2.59822e-05
2.44979e-05
2.33532e-05
2.24457e-05
2.17095e-05
2.11003e-05
2.05877e-05
2.01499e-05
1.97713e-05
1.94403e-05
1.91479e-05
1.88876e-05
1.8654e-05
1.84431e-05
1.82516e-05
1.80771e-05
1.79174e-05
1.77713e-05
1.76375e-05
1.75153e-05
1.74037e-05
1.73016e-05
1.72078e-05
1.71209e-05
1.70391e-05
1.69613e-05
1.68865e-05
1.68139e-05
1.6744e-05
1.6677e-05
1.66133e-05
1.6554e-05
1.65004e-05
1.64559e-05
1.64265e-05
1.6423e-05
1.646e-05
1.65521e-05
1.67083e-05
1.69378e-05
1.72817e-05
1.78457e-05
1.87719e-05
2.01478e-05
2.19387e-05
2.40016e-05
2.61602e-05
2.83075e-05
3.04508e-05
3.27788e-05
3.60705e-05
4.99195e-05
0.000106737
0.000193138
0.000279066
0.000329015
0.000368938
3.48381e-05
3.07488e-05
2.79706e-05
2.59815e-05
2.44981e-05
2.33543e-05
2.24479e-05
2.17128e-05
2.11047e-05
2.05931e-05
2.01563e-05
1.97786e-05
1.94484e-05
1.91567e-05
1.88968e-05
1.86635e-05
1.84527e-05
1.8261e-05
1.80859e-05
1.79255e-05
1.77781e-05
1.76428e-05
1.75187e-05
1.7405e-05
1.73006e-05
1.72044e-05
1.7115e-05
1.70311e-05
1.69515e-05
1.68752e-05
1.68018e-05
1.67315e-05
1.66646e-05
1.66018e-05
1.65445e-05
1.64956e-05
1.64611e-05
1.64515e-05
1.64822e-05
1.65699e-05
1.67258e-05
1.69572e-05
1.72958e-05
1.78434e-05
1.87686e-05
2.0221e-05
2.22399e-05
2.47278e-05
2.74948e-05
3.03431e-05
3.31687e-05
3.59959e-05
3.90232e-05
4.25845e-05
5.01428e-05
8.05087e-05
0.000145515
0.000228388
0.000285298
0.000334166
3.48381e-05
3.07476e-05
2.79691e-05
2.59804e-05
2.44976e-05
2.33547e-05
2.24493e-05
2.17152e-05
2.11081e-05
2.05975e-05
2.01616e-05
1.97848e-05
1.94553e-05
1.91643e-05
1.8905e-05
1.86721e-05
1.84614e-05
1.82697e-05
1.80943e-05
1.79333e-05
1.77851e-05
1.76488e-05
1.75233e-05
1.7408e-05
1.7302e-05
1.72041e-05
1.71131e-05
1.70277e-05
1.69468e-05
1.68696e-05
1.67958e-05
1.67255e-05
1.66593e-05
1.65984e-05
1.65458e-05
1.65075e-05
1.64945e-05
1.65231e-05
1.6612e-05
1.67744e-05
1.70168e-05
1.7364e-05
1.79111e-05
1.88379e-05
2.03351e-05
2.25041e-05
2.53101e-05
2.85952e-05
3.21355e-05
3.57247e-05
3.92671e-05
4.27976e-05
4.65062e-05
5.05776e-05
5.64125e-05
7.26168e-05
0.000114882
0.000185015
0.000243489
0.000298567
3.48382e-05
3.07464e-05
2.79673e-05
2.59787e-05
2.44965e-05
2.33544e-05
2.24498e-05
2.17166e-05
2.11105e-05
2.06008e-05
2.01658e-05
1.97898e-05
1.94611e-05
1.91708e-05
1.8912e-05
1.86795e-05
1.84692e-05
1.82776e-05
1.81021e-05
1.79408e-05
1.77921e-05
1.7655e-05
1.75287e-05
1.74123e-05
1.73052e-05
1.72062e-05
1.71141e-05
1.70278e-05
1.69463e-05
1.68688e-05
1.67951e-05
1.67256e-05
1.66618e-05
1.66067e-05
1.65671e-05
1.6555e-05
1.65882e-05
1.66873e-05
1.6867e-05
1.71331e-05
1.75071e-05
1.80799e-05
1.90352e-05
2.05838e-05
2.28644e-05
2.58924e-05
2.9559e-05
3.36613e-05
3.79592e-05
4.22516e-05
4.64552e-05
5.0606e-05
5.48651e-05
5.93304e-05
6.46458e-05
7.45443e-05
0.000100269
0.000152926
0.000206613
0.000263695
3.48382e-05
3.07449e-05
2.79651e-05
2.59766e-05
2.44948e-05
2.33533e-05
2.24495e-05
2.17172e-05
2.11119e-05
2.0603e-05
2.01689e-05
1.97937e-05
1.94657e-05
1.91761e-05
1.8918e-05
1.8686e-05
1.84761e-05
1.82847e-05
1.81094e-05
1.79481e-05
1.77993e-05
1.76618e-05
1.75351e-05
1.74183e-05
1.73106e-05
1.72111e-05
1.71187e-05
1.70323e-05
1.6951e-05
1.68742e-05
1.68021e-05
1.67366e-05
1.66816e-05
1.66452e-05
1.66414e-05
1.66906e-05
1.6815e-05
1.70293e-05
1.73384e-05
1.77639e-05
1.83996e-05
1.94316e-05
2.10721e-05
2.34693e-05
2.66624e-05
3.05812e-05
3.50633e-05
3.98851e-05
4.48131e-05
4.96669e-05
5.43783e-05
5.89767e-05
6.35779e-05
6.82083e-05
7.31552e-05
8.01083e-05
9.58697e-05
0.000132302
0.000176644
0.000231093
3.48383e-05
3.07433e-05
2.79625e-05
2.59738e-05
2.44923e-05
2.33514e-05
2.24483e-05
2.17167e-05
2.11122e-05
2.06042e-05
2.01709e-05
1.97966e-05
1.94695e-05
1.91807e-05
1.89234e-05
1.86922e-05
1.8483e-05
1.82924e-05
1.81177e-05
1.7957e-05
1.78088e-05
1.7672e-05
1.75458e-05
1.74296e-05
1.73226e-05
1.72241e-05
1.71331e-05
1.70487e-05
1.69703e-05
1.68977e-05
1.68333e-05
1.67838e-05
1.67598e-05
1.67789e-05
1.68644e-05
1.70394e-05
1.73159e-05
1.76971e-05
1.82111e-05
1.89641e-05
2.01427e-05
2.19429e-05
2.44939e-05
2.7831e-05
3.19015e-05
3.65796e-05
4.16835e-05
4.70001e-05
5.23269e-05
5.75171e-05
6.25172e-05
6.73405e-05
7.20443e-05
7.65852e-05
8.1036e-05
8.62511e-05
9.61637e-05
0.000120263
0.000153735
0.00020184
3.48383e-05
3.07413e-05
2.79593e-05
2.59703e-05
2.44888e-05
2.33484e-05
2.24459e-05
2.17151e-05
2.11116e-05
2.06047e-05
2.01726e-05
1.97996e-05
1.94739e-05
1.91866e-05
1.89309e-05
1.87017e-05
1.84946e-05
1.83064e-05
1.81346e-05
1.7977e-05
1.78322e-05
1.76991e-05
1.75771e-05
1.74655e-05
1.7364e-05
1.72718e-05
1.71887e-05
1.71146e-05
1.70498e-05
1.69959e-05
1.69634e-05
1.69711e-05
1.70414e-05
1.72e-05
1.74664e-05
1.78461e-05
1.83434e-05
1.9005e-05
1.99567e-05
2.13753e-05
2.34164e-05
2.6166e-05
2.96341e-05
3.37689e-05
3.84713e-05
4.36056e-05
4.90089e-05
5.45076e-05
5.99454e-05
6.52122e-05
7.02617e-05
7.50794e-05
7.9648e-05
8.38483e-05
8.76297e-05
9.14933e-05
9.76885e-05
0.000113174
0.000136473
0.000176231
3.48382e-05
3.07387e-05
2.7955e-05
2.59651e-05
2.44836e-05
2.33437e-05
2.24423e-05
2.1713e-05
2.11114e-05
2.06069e-05
2.01777e-05
1.98081e-05
1.94863e-05
1.92038e-05
1.89539e-05
1.87314e-05
1.85326e-05
1.83542e-05
1.81939e-05
1.80497e-05
1.79202e-05
1.78042e-05
1.77011e-05
1.76106e-05
1.75329e-05
1.74686e-05
1.7419e-05
1.73867e-05
1.73758e-05
1.73934e-05
1.74711e-05
1.76432e-05
1.79315e-05
1.83443e-05
1.8881e-05
1.95623e-05
2.04676e-05
2.17308e-05
2.3488e-05
2.58295e-05
2.87837e-05
3.23296e-05
3.64126e-05
4.09578e-05
4.58744e-05
5.1057e-05
5.63866e-05
6.17391e-05
6.70041e-05
7.21001e-05
7.69751e-05
8.15729e-05
8.57804e-05
8.93958e-05
9.23686e-05
9.49956e-05
9.85099e-05
0.000108049
0.00012274
0.000153767
3.48376e-05
3.0734e-05
2.79474e-05
2.5956e-05
2.44746e-05
2.33363e-05
2.24382e-05
2.17139e-05
2.1119e-05
2.06229e-05
2.02039e-05
1.98466e-05
1.95398e-05
1.92754e-05
1.90473e-05
1.88514e-05
1.86847e-05
1.85449e-05
1.843e-05
1.83384e-05
1.82682e-05
1.82178e-05
1.81863e-05
1.81736e-05
1.81814e-05
1.82132e-05
1.82748e-05
1.83754e-05
1.85281e-05
1.87518e-05
1.90955e-05
1.95753e-05
2.01919e-05
2.09613e-05
2.19389e-05
2.32166e-05
2.48877e-05
2.70135e-05
2.9611e-05
3.26629e-05
3.61315e-05
3.99723e-05
4.41396e-05
4.85869e-05
5.32611e-05
5.80983e-05
6.30219e-05
6.79491e-05
7.28032e-05
7.75185e-05
8.20247e-05
8.62089e-05
8.98345e-05
9.26872e-05
9.47129e-05
9.61352e-05
9.74593e-05
0.000102767
0.000110429
0.000133412
3.48343e-05
3.07224e-05
2.79292e-05
2.59351e-05
2.4456e-05
2.33255e-05
2.24409e-05
2.17359e-05
2.11661e-05
2.07011e-05
2.032e-05
2.00079e-05
1.9755e-05
1.95549e-05
1.94036e-05
1.92993e-05
1.92411e-05
1.92282e-05
1.92588e-05
1.93297e-05
1.94361e-05
1.95725e-05
1.97348e-05
1.99216e-05
2.01365e-05
2.03882e-05
2.06916e-05
2.10678e-05
2.15459e-05
2.21641e-05
2.29412e-05
2.38833e-05
2.50271e-05
2.64218e-05
2.81101e-05
3.01138e-05
3.24293e-05
3.5036e-05
3.79059e-05
4.10138e-05
4.43408e-05
4.78752e-05
5.16073e-05
5.55242e-05
5.96026e-05
6.38056e-05
6.80836e-05
7.23811e-05
7.66422e-05
8.08067e-05
8.47762e-05
8.83592e-05
9.1202e-05
9.31605e-05
9.41133e-05
9.43105e-05
9.36698e-05
9.58254e-05
9.77626e-05
0.000113904
3.48197e-05
3.06841e-05
2.78737e-05
2.58762e-05
2.44105e-05
2.33114e-05
2.2476e-05
2.18375e-05
2.1351e-05
2.0986e-05
2.07216e-05
2.05442e-05
2.04454e-05
2.04214e-05
2.0471e-05
2.05951e-05
2.07944e-05
2.10682e-05
2.14124e-05
2.18189e-05
2.22763e-05
2.27724e-05
2.32984e-05
2.38525e-05
2.44428e-05
2.50878e-05
2.58162e-05
2.66652e-05
2.76797e-05
2.89092e-05
3.03045e-05
3.18468e-05
3.35391e-05
3.53778e-05
3.73528e-05
3.94506e-05
4.16602e-05
4.39766e-05
4.64025e-05
4.8948e-05
5.16273e-05
5.44545e-05
5.74385e-05
6.05787e-05
6.38622e-05
6.72634e-05
7.07477e-05
7.42771e-05
7.78082e-05
8.12788e-05
8.45549e-05
8.73239e-05
8.92254e-05
9.01548e-05
8.9916e-05
8.88462e-05
8.63598e-05
8.60876e-05
8.33936e-05
9.40345e-05
3.47538e-05
3.05374e-05
2.76775e-05
2.56777e-05
2.426e-05
2.32563e-05
2.2558e-05
2.2092e-05
2.18071e-05
2.16678e-05
2.16505e-05
2.17417e-05
2.19362e-05
2.22361e-05
2.26488e-05
2.31838e-05
2.38488e-05
2.46453e-05
2.55636e-05
2.65817e-05
2.76674e-05
2.8786e-05
2.99096e-05
3.10248e-05
3.2136e-05
3.32639e-05
3.44412e-05
3.57073e-05
3.7103e-05
3.86637e-05
4.02557e-05
4.18354e-05
4.33922e-05
4.49232e-05
4.6434e-05
4.79385e-05
4.94579e-05
5.10185e-05
5.2649e-05
5.43771e-05
5.62269e-05
5.82153e-05
6.03504e-05
6.26292e-05
6.50391e-05
6.75597e-05
7.01663e-05
7.28327e-05
7.55209e-05
7.81614e-05
8.05739e-05
8.23101e-05
8.31048e-05
8.28579e-05
8.13289e-05
7.89845e-05
7.48206e-05
7.27226e-05
6.65793e-05
7.29539e-05
3.44336e-05
2.99238e-05
2.6911e-05
2.49008e-05
2.35907e-05
2.27842e-05
2.2349e-05
2.21957e-05
2.22658e-05
2.25237e-05
2.29505e-05
2.3539e-05
2.42897e-05
2.52071e-05
2.62948e-05
2.75513e-05
2.89636e-05
3.05047e-05
3.21323e-05
3.37928e-05
3.54306e-05
3.69974e-05
3.84627e-05
3.98169e-05
4.10713e-05
4.22524e-05
4.33961e-05
4.45416e-05
4.57264e-05
4.6981e-05
4.81389e-05
4.91643e-05
5.0068e-05
5.0873e-05
5.1612e-05
5.23221e-05
5.30419e-05
5.3807e-05
5.46488e-05
5.55909e-05
5.66501e-05
5.78334e-05
5.91405e-05
6.05629e-05
6.20879e-05
6.36988e-05
6.53781e-05
6.71056e-05
6.88405e-05
7.05004e-05
7.18393e-05
7.23403e-05
7.18562e-05
7.03319e-05
6.75433e-05
6.40944e-05
5.8739e-05
5.55213e-05
4.76988e-05
5.07229e-05
3.27674e-05
2.73355e-05
2.40256e-05
2.21175e-05
2.11681e-05
2.08973e-05
2.11196e-05
2.17065e-05
2.25659e-05
2.36316e-05
2.48569e-05
2.62105e-05
2.76723e-05
2.92289e-05
3.08676e-05
3.25725e-05
3.43196e-05
3.60763e-05
3.78026e-05
3.94546e-05
4.09916e-05
4.23814e-05
4.36066e-05
4.46656e-05
4.55726e-05
4.63535e-05
4.70429e-05
4.76789e-05
4.83001e-05
4.89417e-05
4.94381e-05
4.97773e-05
4.9993e-05
5.01249e-05
5.02143e-05
5.02981e-05
5.04088e-05
5.05703e-05
5.08007e-05
5.11088e-05
5.1499e-05
5.1968e-05
5.25101e-05
5.31148e-05
5.37715e-05
5.44671e-05
5.51867e-05
5.59078e-05
5.65785e-05
5.71062e-05
5.714e-05
5.63213e-05
5.45828e-05
5.19811e-05
4.84258e-05
4.45532e-05
3.92572e-05
3.59595e-05
2.91854e-05
2.94344e-05
2.52443e-05
1.96836e-05
1.75653e-05
1.7065e-05
1.74778e-05
1.84342e-05
1.97056e-05
2.11412e-05
2.26434e-05
2.41539e-05
2.56422e-05
2.70968e-05
2.85164e-05
2.99043e-05
3.12624e-05
3.25883e-05
3.38729e-05
3.51e-05
3.62477e-05
3.72914e-05
3.82076e-05
3.89787e-05
3.95964e-05
4.00645e-05
4.03991e-05
4.06262e-05
4.07798e-05
4.08974e-05
4.10167e-05
4.11705e-05
4.12084e-05
4.11388e-05
4.09904e-05
4.07898e-05
4.0561e-05
4.03214e-05
4.00851e-05
3.98589e-05
3.9648e-05
3.94517e-05
3.92697e-05
3.90972e-05
3.89315e-05
3.8766e-05
3.85955e-05
3.84107e-05
3.81969e-05
3.79299e-05
3.75571e-05
3.70096e-05
3.59111e-05
3.42407e-05
3.2058e-05
2.95206e-05
2.67254e-05
2.40042e-05
2.08442e-05
1.87887e-05
1.5583e-05
1.42185e-05
1.49931e-05
1.54724e-05
1.56214e-05
1.57059e-05
1.58212e-05
1.59976e-05
1.624e-05
1.65402e-05
1.6884e-05
1.7256e-05
1.7642e-05
1.80298e-05
1.8409e-05
1.87713e-05
1.91106e-05
1.94231e-05
1.9708e-05
1.99672e-05
2.02053e-05
2.04289e-05
2.06453e-05
2.08612e-05
2.1081e-05
2.13058e-05
2.15329e-05
2.17557e-05
2.1965e-05
2.21496e-05
2.22973e-05
2.23955e-05
2.24302e-05
2.23927e-05
2.22768e-05
2.20779e-05
2.17941e-05
2.14256e-05
2.09751e-05
2.04478e-05
1.98505e-05
1.91924e-05
1.84843e-05
1.7739e-05
1.69709e-05
1.61964e-05
1.54335e-05
1.47015e-05
1.4021e-05
1.34125e-05
1.28945e-05
1.24821e-05
1.21769e-05
1.19738e-05
1.18429e-05
1.17762e-05
1.17367e-05
1.1735e-05
1.16633e-05
1.17016e-05
1.14875e-05
1.18371e-05
)
;

boundaryField
{
    inlet
    {
        type            calculated;
        value           uniform 4.12857e-05;
    }
    outlet
    {
        type            calculated;
        value           nonuniform List<scalar> 
100
(
1.13888e-05
2.50141e-05
8.1113e-05
0.000160341
0.00024074
0.000313871
0.000377724
0.000432569
0.000479403
0.000519361
0.000553505
0.000582759
0.000607902
0.000629579
0.000648315
0.000664543
0.000678614
0.000690821
0.000701404
0.000710564
0.00071847
0.000725265
0.000731068
0.000735984
0.0007401
0.000743492
0.000746223
0.00074835
0.000749919
0.000750972
0.000751544
0.000751666
0.000751363
0.00075066
0.000749577
0.000748134
0.000746347
0.000744232
0.000741807
0.000739085
0.000736083
0.000732816
0.0007293
0.000725551
0.000721587
0.000717423
0.00071308
0.000708574
0.000703925
0.000699151
0.000694272
0.000689307
0.000684275
0.000679193
0.00067408
0.000668951
0.000663824
0.000658711
0.000653625
0.000648577
0.000643573
0.000638618
0.000633713
0.000628853
0.000624027
0.000619217
0.000614395
0.000609522
0.000604542
0.000599383
0.00059395
0.000588124
0.000581755
0.000574658
0.000566611
0.00055735
0.000546569
0.00053394
0.000519124
0.000501768
0.000481542
0.000458176
0.000431525
0.000401653
0.000368938
0.000334166
0.000298567
0.000263695
0.000231093
0.00020184
0.000176231
0.000153767
0.000133412
0.000113904
9.40345e-05
7.29539e-05
5.07229e-05
2.94344e-05
1.42185e-05
1.18371e-05
)
;
    }
    fixedWalls
    {
        type            nutkWallFunction;
        Cmu             0.09;
        kappa           0.41;
        E               9.8;
        value           nonuniform List<scalar> 
120
(
5.19597e-07
5.96498e-07
6.2035e-07
6.33875e-07
6.52314e-07
6.80472e-07
7.19095e-07
7.66784e-07
8.21205e-07
8.79859e-07
9.40449e-07
1.001e-06
1.05988e-06
1.11581e-06
1.1679e-06
1.21566e-06
1.25907e-06
1.29858e-06
1.33505e-06
1.36961e-06
1.40346e-06
1.43762e-06
1.4727e-06
1.50873e-06
1.54516e-06
1.58084e-06
1.61423e-06
1.6435e-06
1.66672e-06
1.68194e-06
1.68692e-06
1.68045e-06
1.66158e-06
1.62965e-06
1.58433e-06
1.52565e-06
1.45397e-06
1.37001e-06
1.27477e-06
1.16959e-06
1.05612e-06
9.36358e-07
8.12641e-07
6.87704e-07
5.64649e-07
4.46925e-07
3.38186e-07
2.42105e-07
1.61832e-07
9.95307e-08
5.50903e-08
2.64812e-08
8.56172e-09
0
0
0
0
0
0
5.66496e-09
2.80891e-07
0
0
0
0
0
0
0
0
0
0
0
0
0
0
0
0
0
0
0
0
0
0
0
0
0
0
6.01674e-08
2.40469e-07
3.8407e-07
4.95879e-07
5.80435e-07
6.41914e-07
6.84424e-07
7.12247e-07
7.26724e-07
7.30351e-07
7.24918e-07
7.11339e-07
6.89258e-07
6.56845e-07
6.10274e-07
5.44455e-07
4.52685e-07
3.19016e-07
1.73423e-07
1.26216e-07
7.83752e-08
2.63039e-08
0
0
0
0
0
0
0
0
0
0
0
)
;
    }
    frontAndBack
    {
        type            empty;
    }
}


// ************************************************************************* //
