/*--------------------------------*- C++ -*----------------------------------*\
| =========                 |                                                 |
| \\      /  F ield         | OpenFOAM: The Open Source CFD Toolbox           |
|  \\    /   O peration     | Version:  2.4.0                                 |
|   \\  /    A nd           | Web:      www.OpenFOAM.org                      |
|    \\/     M anipulation  |                                                 |
\*---------------------------------------------------------------------------*/
FoamFile
{
    version     2.0;
    format      ascii;
    class       volScalarField;
    location    "5.09";
    object      epsilon;
}
// * * * * * * * * * * * * * * * * * * * * * * * * * * * * * * * * * * * * * //

dimensions      [0 2 -3 0 0 0 0];

internalField   nonuniform List<scalar> 
6000
(
54.1731
1.09751
0.0202984
0.134468
0.0725438
0.0863369
0.0616236
0.0575884
0.046144
0.0419835
0.0365712
0.0343308
0.0323596
0.0321167
0.0325314
0.0341143
0.0364638
0.0398011
0.0440073
0.0492163
0.055422
0.0626981
0.0710361
0.0804266
0.0907932
0.102038
0.114011
0.126511
0.13926
0.151906
0.164011
0.175054
0.184444
0.19151
0.19555
0.195899
0.191991
0.183402
0.170069
0.152275
0.131089
0.108038
0.0854429
0.0811993
0.124375
0.187739
0.275578
0.402525
0.567028
0.807033
1.0887
1.53704
1.97956
2.87168
3.4768
5.52109
6.01405
11.7077
10.7372
29.1616
17.723
0.975438
0.0253742
0.0742126
0.0418206
0.0473905
0.0343821
0.0316365
0.0255102
0.0230348
0.0200808
0.0187313
0.0175862
0.0173118
0.0173901
0.0180381
0.0190566
0.0205284
0.0223867
0.0246749
0.0273769
0.0305098
0.0340576
0.0380052
0.0423142
0.0469411
0.0518276
0.0568999
0.0620614
0.0671928
0.0721486
0.0767568
0.0808211
0.0841093
0.086386
0.0874035
0.0869329
0.0847674
0.0807932
0.0749839
0.0675758
0.0589863
0.0500944
0.0494353
0.0702792
0.0990832
0.136947
0.188907
0.254045
0.345327
0.451586
0.613991
0.778956
1.09036
1.32563
2.014
2.26658
4.11354
4.06247
9.81074
7.13599
0.711142
0.0303107
0.0435386
0.0252879
0.02731
0.0200798
0.0182103
0.0147712
0.0132561
0.0115814
0.010764
0.0100999
0.00990456
0.00991747
0.0102349
0.010756
0.0115141
0.0124744
0.0136533
0.0150406
0.0166409
0.0184447
0.0204427
0.0226168
0.0249477
0.0274112
0.0299776
0.032609
0.0352595
0.0378728
0.0403826
0.0427104
0.0447638
0.0464462
0.0476422
0.0482385
0.048118
0.047187
0.0453737
0.0427107
0.0393179
0.035607
0.0362857
0.0482457
0.0640175
0.0837453
0.109343
0.140201
0.181272
0.228342
0.296593
0.367592
0.49184
0.595676
0.857965
0.990885
1.66352
1.75826
3.75735
3.42005
0.51823
0.0345387
0.0274528
0.016062
0.0164832
0.0122326
0.0109376
0.00891993
0.00796843
0.00699027
0.00649589
0.00611786
0.0060096
0.00603553
0.00624019
0.00657157
0.00704474
0.0076424
0.00837235
0.00922998
0.0102173
0.0113294
0.0125613
0.0139035
0.0153465
0.0168784
0.0184848
0.0201478
0.0218457
0.0235524
0.0252367
0.0268588
0.0283856
0.0297611
0.0309271
0.0318235
0.0323848
0.0325514
0.0322688
0.0315283
0.0303602
0.0289843
0.0302292
0.0379964
0.0479166
0.0598945
0.0747614
0.0921771
0.114251
0.139213
0.173265
0.209379
0.267161
0.319917
0.434069
0.508467
0.78369
0.87475
1.64599
1.89782
0.395523
0.0386529
0.0190392
0.0107893
0.0104266
0.00776501
0.00684041
0.00560439
0.00499237
0.00440836
0.00411382
0.00390938
0.00387116
0.0039261
0.00409579
0.00435311
0.00470596
0.00514637
0.0056792
0.00630298
0.0070191
0.00782496
0.00871738
0.00969083
0.0107395
0.0118564
0.0130334
0.0142609
0.0155274
0.0168194
0.0181212
0.0194137
0.0206846
0.0219006
0.0230313
0.0240436
0.0248995
0.0255613
0.0259894
0.0261643
0.0260811
0.025872
0.0273579
0.0329107
0.0398193
0.0479336
0.0576552
0.0688409
0.082491
0.0978889
0.117782
0.139406
0.170957
0.202238
0.259831
0.305965
0.433928
0.502619
0.835445
1.19136
0.318419
0.0429785
0.0149624
0.00776955
0.00694212
0.00514371
0.00445437
0.00366178
0.00325852
0.00290494
0.00273593
0.00263847
0.00265055
0.00273139
0.00289215
0.00311877
0.00341635
0.00378187
0.00421912
0.0047283
0.00531064
0.00596476
0.00668853
0.00747846
0.00833094
0.00924196
0.0102071
0.0112212
0.0122789
0.0133735
0.0144968
0.0156429
0.0168036
0.0179591
0.0190915
0.0201801
0.0212
0.0221243
0.0229229
0.0235751
0.024064
0.0244783
0.0260628
0.0303389
0.0355366
0.0414977
0.0484207
0.0562694
0.065555
0.0760546
0.089057
0.103607
0.123248
0.144314
0.177722
0.209655
0.2775
0.328857
0.490251
0.829184
0.268834
0.047569
0.0135348
0.006124
0.00490847
0.00357202
0.003027
0.00249139
0.00221818
0.00200268
0.00191325
0.00188223
0.00192831
0.00202798
0.00218767
0.00240047
0.0026705
0.00299747
0.00338485
0.00383383
0.00434575
0.00492015
0.00555589
0.00625105
0.00700379
0.00781228
0.00867456
0.00958851
0.0105518
0.0115614
0.0126131
0.0137062
0.0148324
0.0159791
0.0171339
0.0182821
0.0194053
0.0204833
0.0214924
0.022415
0.0232291
0.024001
0.0256204
0.0291005
0.0332411
0.0378923
0.0431462
0.0490155
0.0557698
0.0634092
0.0725545
0.0830457
0.0963995
0.111722
0.1333
0.157153
0.19755
0.237365
0.324041
0.62842
0.235882
0.0523325
0.0138414
0.00540491
0.0037378
0.00262203
0.00215715
0.00177093
0.00157865
0.00144712
0.00140821
0.00141863
0.00148708
0.00159968
0.00176077
0.00196758
0.00222393
0.00253119
0.00289282
0.00331075
0.00378667
0.00432097
0.00491347
0.00556354
0.0062707
0.00703453
0.00785459
0.00873029
0.0096608
0.0106448
0.0116799
0.0127653
0.0138938
0.0150561
0.0162426
0.0174416
0.0186384
0.0198172
0.0209593
0.0220509
0.023063
0.0240554
0.0256798
0.0286288
0.0320669
0.0358592
0.0400394
0.0446407
0.0498045
0.0556253
0.0623964
0.0702931
0.0799111
0.0915167
0.106511
0.125012
0.151336
0.183004
0.233365
0.51022
0.213249
0.0571131
0.0153587
0.00536462
0.00311947
0.0020591
0.00162472
0.00132214
0.00117879
0.00109829
0.00109132
0.00112783
0.0012112
0.00133313
0.00149707
0.00170269
0.00195382
0.00225291
0.0026036
0.00300843
0.00346957
0.00398815
0.00456482
0.00519986
0.00589365
0.00664662
0.00745907
0.00833109
0.00926246
0.0102524
0.0112992
0.0124006
0.0135506
0.0147416
0.0159653
0.0172116
0.0184681
0.019722
0.0209582
0.0221647
0.0233055
0.0244418
0.026056
0.0286301
0.0315718
0.0347637
0.0382067
0.0419421
0.0460403
0.0506316
0.0558418
0.0619732
0.0691913
0.0782055
0.0891588
0.103758
0.122081
0.147496
0.178592
0.437372
0.197245
0.0617402
0.0177442
0.00586959
0.00289407
0.00175435
0.00130699
0.00104435
0.000927798
0.000877486
0.000890455
0.000943756
0.00103773
0.00116732
0.00133557
0.00154366
0.00179556
0.00209444
0.00244422
0.00284798
0.00330835
0.00382709
0.00440543
0.00504427
0.00574448
0.0065069
0.00733216
0.0082206
0.00917219
0.0101863
0.0112604
0.0123916
0.0135746
0.0148025
0.0160675
0.0173605
0.0186704
0.0199864
0.0212959
0.0225841
0.023814
0.0250475
0.026643
0.0289397
0.0315125
0.0342616
0.0371695
0.0402801
0.0436236
0.0473406
0.0514684
0.0563465
0.0619361
0.0690781
0.0773802
0.089041
0.102434
0.122903
0.143106
0.390904
0.185658
0.0660594
0.020743
0.00684042
0.00298567
0.00163938
0.0011357
0.000880336
0.000773928
0.000739842
0.000764853
0.000829339
0.0009316
0.0010684
0.00124255
0.00145616
0.00171338
0.0020179
0.00237395
0.00278508
0.00325433
0.00378394
0.00437555
0.00503044
0.00574972
0.00653444
0.00738532
0.00830273
0.00928662
0.010336
0.0114472
0.0126172
0.0138407
0.0151111
0.0164208
0.0177609
0.0191212
0.020492
0.0218623
0.0232084
0.0245041
0.0258044
0.0273756
0.0294586
0.0317452
0.0341525
0.0366534
0.0392916
0.0420741
0.045141
0.0484826
0.0524377
0.056872
0.0626292
0.0691059
0.0785365
0.0887051
0.105286
0.119026
0.360498
0.177122
0.069953
0.0241425
0.00822742
0.00335439
0.00168204
0.00107424
0.000798005
0.000687721
0.000659683
0.000691221
0.000763422
0.000872818
0.00101703
0.00119865
0.00142036
0.00168649
0.00200113
0.0023688
0.00279346
0.00327849
0.00382649
0.00443942
0.00511873
0.00586566
0.00668132
0.00756642
0.00852124
0.00954558
0.0106376
0.0117925
0.0130072
0.0142765
0.0155934
0.0169501
0.0183379
0.0197467
0.0211677
0.0225878
0.0239772
0.0253222
0.0266676
0.0282107
0.0301229
0.0321796
0.0343128
0.0364911
0.0387572
0.0411049
0.0436692
0.0464156
0.0496678
0.0532495
0.0579594
0.0631281
0.0708574
0.0788164
0.0923801
0.102122
0.340228
0.170763
0.0733493
0.0277522
0.00998463
0.00398025
0.00187396
0.00110529
0.000780342
0.000652835
0.000622464
0.000656236
0.000733802
0.000849758
0.00100186
0.00119243
0.00142445
0.00170241
0.00203071
0.00241415
0.00285701
0.00336299
0.00393494
0.00457503
0.00528481
0.00606554
0.00691833
0.00784378
0.00884199
0.00991265
0.011052
0.0122553
0.0135191
0.0148376
0.0162037
0.017609
0.0190446
0.0205004
0.021968
0.0234259
0.02485
0.0262318
0.0276063
0.029118
0.0308891
0.0327548
0.034661
0.0365747
0.0385374
0.0405356
0.0426976
0.0449767
0.0476768
0.0506065
0.0545058
0.0587035
0.0651227
0.0715064
0.082743
0.0899072
0.326536
0.166004
0.0762229
0.0314002
0.0120584
0.00485562
0.00221545
0.00122422
0.000819834
0.000660938
0.000620309
0.000652447
0.000733504
0.000855671
0.00101622
0.00121709
0.00146132
0.00175358
0.00209845
0.002501
0.00296578
0.00349672
0.00409692
0.00476864
0.00551348
0.00633262
0.00722714
0.0081975
0.00924354
0.0103646
0.0115548
0.0128098
0.0141254
0.0154956
0.0169123
0.0183668
0.0198498
0.0213508
0.0228592
0.0243467
0.0257985
0.0272069
0.0285976
0.0300749
0.0317255
0.0334284
0.0351409
0.0368311
0.0385387
0.040247
0.0420772
0.0439774
0.0462315
0.0486463
0.0519036
0.0553572
0.0607537
0.0659741
0.0754122
0.0808446
0.317205
0.162446
0.0785882
0.0349367
0.0143816
0.00597529
0.00270989
0.00143583
0.000915527
0.000708925
0.00064958
0.000676055
0.000758785
0.000886817
0.00105634
0.00126869
0.00152683
0.00183551
0.00219943
0.00262387
0.00311363
0.00367284
0.00430472
0.00501162
0.00579512
0.00665625
0.00759604
0.00861476
0.00971196
0.0108861
0.0121296
0.0134385
0.0148078
0.0162308
0.0176989
0.0192024
0.0207317
0.0222757
0.0238159
0.0253282
0.0268016
0.0282274
0.0296238
0.0310635
0.0326083
0.0341685
0.0357118
0.0372079
0.0386957
0.0401567
0.041706
0.0432902
0.0451749
0.0471713
0.049909
0.0527755
0.0573606
0.0616948
0.0697305
0.0739513
0.310815
0.159806
0.080489
0.0382403
0.0168731
0.00732766
0.00336385
0.00174913
0.0010716
0.000797486
0.000709577
0.000725733
0.000808065
0.000941468
0.00112037
0.00134526
0.00161881
0.00194579
0.00233093
0.00277968
0.00329703
0.00388724
0.00455364
0.00529862
0.00612364
0.00702958
0.0080174
0.00908713
0.010238
0.0114668
0.0127654
0.0141295
0.0155533
0.0170295
0.0185486
0.0201002
0.021674
0.0232555
0.024821
0.0263537
0.0278424
0.0292776
0.0306702
0.0320694
0.0335182
0.0349505
0.0363426
0.0376666
0.0389605
0.0402058
0.0415118
0.042826
0.0443977
0.0460458
0.0483538
0.0507452
0.0546755
0.0583153
0.0652431
0.0685831
0.306431
0.157876
0.0819871
0.0412231
0.0194417
0.00888988
0.00418535
0.00217214
0.00129689
0.000930457
0.000801905
0.000802006
0.00088135
0.00101935
0.00120785
0.00144621
0.0017365
0.00208348
0.00249177
0.00296696
0.00351415
0.00413772
0.00484103
0.00562645
0.00649534
0.00744832
0.00848628
0.00960901
0.0108155
0.0120997
0.0134543
0.014874
0.0163525
0.0178813
0.0194505
0.0210484
0.0226636
0.0242742
0.0258615
0.0274097
0.0289075
0.0303443
0.0317248
0.03308
0.0344397
0.0357547
0.0370088
0.0381771
0.0392967
0.04035
0.0414413
0.0425201
0.0438215
0.0451731
0.0471192
0.0491173
0.0525098
0.055592
0.061631
0.0643079
0.303426
0.156498
0.0831523
0.0438325
0.0219928
0.0106252
0.00517749
0.00271419
0.00160199
0.00111463
0.000930211
0.000906961
0.00097993
0.00112133
0.00131944
0.00157199
0.00188021
0.00224873
0.00268191
0.00318544
0.00376446
0.0044234
0.00516564
0.00599347
0.0069081
0.00790984
0.00899954
0.0101767
0.0114398
0.0127797
0.0141905
0.0156657
0.017198
0.0187784
0.0203957
0.0220376
0.0236865
0.0253214
0.0269261
0.0284846
0.0299851
0.0314159
0.0327766
0.0340841
0.0353589
0.0365644
0.0376905
0.0387153
0.0396757
0.0405552
0.041454
0.0423239
0.043388
0.0444827
0.0461187
0.0477849
0.0507283
0.053353
0.0586675
0.0608295
0.301375
0.155549
0.0840544
0.0460488
0.0244368
0.012483
0.00633499
0.00338537
0.00199579
0.00135984
0.00110016
0.00104414
0.00110624
0.00124929
0.00145668
0.00172398
0.00205113
0.00244257
0.00290221
0.00343576
0.00404837
0.00474443
0.00552728
0.00639912
0.00736097
0.00841276
0.00955531
0.0107878
0.0121075
0.0135031
0.0149698
0.0164994
0.0180843
0.0197142
0.0213772
0.0230568
0.0247332
0.0263883
0.0280054
0.0295684
0.0310649
0.0324823
0.0338158
0.0350718
0.0362639
0.0373651
0.0383705
0.0392614
0.0400743
0.0407943
0.041518
0.0422
0.0430529
0.0439216
0.045288
0.0466694
0.049232
0.0514743
0.0561885
0.0579405
0.299986
0.154931
0.0847574
0.0478803
0.0266971
0.0144013
0.00764154
0.00419205
0.00248852
0.00167584
0.00131955
0.00121856
0.00126382
0.001406
0.00162191
0.00190427
0.00225119
0.00266677
0.00315426
0.00371933
0.00436704
0.00510171
0.00592656
0.00684367
0.00785386
0.00895656
0.0101527
0.011441
0.0128166
0.0142674
0.0157888
0.0173714
0.0190066
0.0206835
0.0223869
0.024097
0.0257964
0.0274667
0.0290907
0.030652
0.0321377
0.0335342
0.0348332
0.0360334
0.0371436
0.0381441
0.0390342
0.0397984
0.040473
0.041045
0.0416077
0.0421189
0.0427815
0.0434491
0.0445781
0.0457118
0.0479469
0.0498647
0.0540736
0.0554922
0.299055
0.154568
0.0853167
0.0493566
0.0287161
0.0163116
0.00906838
0.00513427
0.00308996
0.00207145
0.00159817
0.00143681
0.00145734
0.00159513
0.00181827
0.00211568
0.00248298
0.00292375
0.0034403
0.00403819
0.0047223
0.0054968
0.00636476
0.00732806
0.00838731
0.0095414
0.0107913
0.0121356
0.0135658
0.0150705
0.016645
0.0182783
0.0199611
0.0216801
0.0234163
0.0251522
0.0268696
0.0285495
0.0301742
0.0317271
0.0331947
0.0345627
0.0358201
0.0369599
0.0379879
0.0388896
0.0396684
0.0403113
0.0408551
0.0412885
0.041702
0.0420563
0.0425462
0.043033
0.0439508
0.0448668
0.0468169
0.0484557
0.0522333
0.0533765
0.298441
0.154397
0.0857773
0.0505212
0.0304583
0.0181455
0.0105746
0.0062033
0.00380658
0.00255668
0.00194472
0.00170719
0.00169264
0.00182121
0.0020496
0.0023617
0.0027497
0.00321652
0.00376314
0.00439494
0.00511651
0.00593181
0.00684365
0.00785372
0.00896243
0.010168
0.0114715
0.0128713
0.0143541
0.015911
0.0175363
0.0192174
0.0209429
0.0226964
0.0244606
0.0262169
0.0279465
0.0296296
0.0312484
0.0327856
0.0342277
0.0355594
0.0367681
0.0378427
0.038787
0.0395909
0.0402609
0.040787
0.041206
0.0415087
0.0417829
0.0419924
0.0423243
0.0426475
0.0433761
0.0440989
0.0457984
0.0471948
0.0505996
0.0515129
0.298046
0.154368
0.0861738
0.0514243
0.0319107
0.0198412
0.0121098
0.00737999
0.00463944
0.00313992
0.00236829
0.00203838
0.00197685
0.0020897
0.00232046
0.00264639
0.00305513
0.00354861
0.00412608
0.00479265
0.00555249
0.00640926
0.00736546
0.00842253
0.0095807
0.0108373
0.0121939
0.0136473
0.0151809
0.0167877
0.0184609
0.020184
0.0219454
0.0237285
0.0255151
0.0272858
0.029021
0.0307005
0.0323059
0.0338199
0.0352285
0.0365162
0.0376689
0.0386733
0.0395317
0.0402378
0.0408007
0.0412133
0.0415126
0.0416913
0.0418349
0.0419101
0.042097
0.0422715
0.0428296
0.0433801
0.0448574
0.0460417
0.0491205
0.0498406
0.2978
0.154442
0.0865316
0.0521176
0.03308
0.0213494
0.0136178
0.00863421
0.00558201
0.00382621
0.00287746
0.00243879
0.00231814
0.00240694
0.00263609
0.00297441
0.00340354
0.00392403
0.00453289
0.00523483
0.00603347
0.00693207
0.00793277
0.00903667
0.0102439
0.0115509
0.0129594
0.0144638
0.016046
0.0176995
0.0194137
0.0211735
0.0229656
0.0247725
0.0265752
0.0283536
0.0300872
0.0317555
0.0333397
0.0348224
0.0361892
0.0374248
0.0385143
0.0394431
0.040213
0.0408205
0.0412773
0.041579
0.041763
0.0418237
0.0418445
0.0417949
0.0418483
0.0418875
0.0422912
0.0426876
0.0439665
0.0449645
0.0477557
0.0483131
0.297654
0.154587
0.0868678
0.0526498
0.0339887
0.0226368
0.0150426
0.00992595
0.00661857
0.00461537
0.00347866
0.00291637
0.00272439
0.00278045
0.0030023
0.00335084
0.00379959
0.00434715
0.00498765
0.00572529
0.00656295
0.00750343
0.00854839
0.00969854
0.010954
0.0123101
0.0137692
0.0153213
0.0169476
0.0186417
0.0203922
0.0221833
0.024
0.0258243
0.0276362
0.0294148
0.0311391
0.032788
0.0343425
0.0357852
0.0371019
0.0382772
0.0392962
0.0401438
0.0408218
0.0413295
0.0416808
0.0418738
0.0419462
0.0418945
0.0417998
0.0416341
0.0415646
0.0414806
0.0417445
0.042003
0.043104
0.0439376
0.0464732
0.0468942
0.297576
0.154779
0.0871932
0.0530639
0.0346702
0.0236883
0.0163335
0.0112081
0.00772347
0.00550008
0.0041745
0.00347749
0.00320258
0.00321723
0.00342645
0.00378106
0.0042482
0.00482256
0.00549468
0.00626804
0.00714465
0.00812668
0.00921525
0.0104106
0.0117131
0.0131166
0.0146231
0.0162169
0.017883
0.0196129
0.0213942
0.0232104
0.0250453
0.0268798
0.0286932
0.0304639
0.0321703
0.033791
0.035307
0.0367008
0.0379585
0.0390652
0.0400063
0.0407669
0.0413497
0.041756
0.0420018
0.0420879
0.0420524
0.0418933
0.0416898
0.0414165
0.0412341
0.0410382
0.0411757
0.0413108
0.0422521
0.0429409
0.0452479
0.0455554
0.297541
0.155
0.0875135
0.0533957
0.0351636
0.0245055
0.0174507
0.0124305
0.00886168
0.00646449
0.00496208
0.00412561
0.00375832
0.00372303
0.003914
0.00427161
0.00475551
0.00535484
0.00605828
0.00686712
0.00778225
0.00880515
0.00993629
0.0111753
0.0125213
0.0139694
0.0155188
0.0171502
0.0188511
0.0206112
0.0224172
0.0242518
0.0260975
0.0279343
0.0297409
0.0314948
0.0331742
0.0347575
0.0362255
0.0375611
0.0387508
0.0397804
0.0406361
0.0413041
0.0417878
0.0420908
0.0422312
0.0422121
0.0420719
0.0418106
0.041505
0.0411322
0.0408464
0.0405496
0.040573
0.0405984
0.0413961
0.0419577
0.0440598
0.0442743
0.297533
0.155235
0.087831
0.0536738
0.035509
0.0251048
0.0183684
0.0135452
0.0099909
0.0074835
0.00583131
0.00485969
0.00439469
0.00430217
0.00446936
0.00482667
0.00532554
0.00594892
0.00668288
0.00752632
0.00847883
0.00954107
0.0107128
0.0119929
0.0133796
0.014869
0.016456
0.0181203
0.0198503
0.0216345
0.0234583
0.0253037
0.0271521
0.0289827
0.0307733
0.0325012
0.0341439
0.0356798
0.0370901
0.0383578
0.0394703
0.0404143
0.0411773
0.0417469
0.0421276
0.0423255
0.0423603
0.0422377
0.0419962
0.0416376
0.0412365
0.0407722
0.0403926
0.0400053
0.0399266
0.0398551
0.0405241
0.0409745
0.0428924
0.0430326
0.297542
0.155474
0.0881457
0.0539193
0.0357449
0.0255129
0.0190765
0.0145113
0.011065
0.00852337
0.00676378
0.00567258
0.00511084
0.00495651
0.00509523
0.00544908
0.0059612
0.00660765
0.00737124
0.0082482
0.00923667
0.0103364
0.0115462
0.0128645
0.0142886
0.0158157
0.0174341
0.0191256
0.0208785
0.0226797
0.0245137
0.0263617
0.0282041
0.0300191
0.0317841
0.0334759
0.0350717
0.03655
0.0378923
0.0390824
0.0401083
0.0409581
0.0416211
0.0420866
0.0423607
0.0424516
0.0423808
0.0421564
0.0418171
0.0413664
0.0408766
0.0403289
0.0398647
0.0393975
0.039228
0.0390721
0.0396261
0.0399805
0.0417328
0.041816
0.29756
0.155711
0.0884561
0.0541474
0.0359051
0.0257631
0.0195799
0.0152992
0.0120387
0.00954359
0.00773239
0.00654973
0.0059005
0.00568418
0.00579163
0.00613964
0.00666365
0.00733241
0.00812483
0.00903422
0.0100571
0.011192
0.0124373
0.0137902
0.0152479
0.0168077
0.0184513
0.0201638
0.0219325
0.023743
0.0255789
0.0274206
0.0292474
0.031037
0.0327661
0.0344111
0.0359493
0.0373594
0.0386232
0.0397256
0.0406556
0.0414029
0.0419587
0.0423146
0.0424785
0.0424607
0.0422846
0.0419604
0.0415271
0.0409898
0.040418
0.0397953
0.0392559
0.0387192
0.0384702
0.0382419
0.0386942
0.0389667
0.0405705
0.0406127
0.297582
0.15594
0.0887604
0.0543678
0.0360178
0.0258907
0.019896
0.0158934
0.0128721
0.0105002
0.00870219
0.0074684
0.00675072
0.0064783
0.00655478
0.00689608
0.00743148
0.00812236
0.00894321
0.00988411
0.0109397
0.0121077
0.0133853
0.0147691
0.0162561
0.0178422
0.0195049
0.0212314
0.0230081
0.0248196
0.0266484
0.0284741
0.0302752
0.0320288
0.0337111
0.0352983
0.0367677
0.0380985
0.0392733
0.0402779
0.0411028
0.0417394
0.0421811
0.0424224
0.0424728
0.0423449
0.042064
0.0416424
0.0411192
0.040501
0.0398546
0.0391653
0.0385604
0.0379646
0.0376474
0.0373586
0.0377216
0.0379259
0.039397
0.0394133
0.297606
0.156158
0.0890563
0.0545862
0.036105
0.0259304
0.0200518
0.0162928
0.0135355
0.01135
0.00963252
0.00839782
0.00764093
0.00732573
0.00737596
0.00771208
0.0082598
0.00897361
0.00982322
0.0107952
0.0118823
0.013081
0.0143877
0.0157984
0.0173102
0.0189153
0.0205904
0.0223234
0.0240998
0.0259032
0.0277151
0.0295145
0.0312793
0.0329857
0.0346098
0.0361277
0.0375171
0.0387575
0.0398325
0.0407294
0.04144
0.041958
0.0422793
0.0424011
0.0423352
0.0420966
0.0417119
0.0411958
0.0405873
0.0398944
0.0391809
0.0384339
0.0377732
0.0371291
0.0367547
0.0364172
0.0367032
0.0368523
0.0382055
0.0382102
0.297629
0.156365
0.0893422
0.0548054
0.0361831
0.0259131
0.0200793
0.0165098
0.0140119
0.0120553
0.0104804
0.00930058
0.0085428
0.00820623
0.00824041
0.00857617
0.0091392
0.00987824
0.0107581
0.0117617
0.0128796
0.014107
0.0154398
0.0168732
0.0184051
0.0200216
0.0217018
0.0234331
0.0252001
0.0269858
0.0287706
0.030533
0.03225
0.0338977
0.0354519
0.0368888
0.0381865
0.0393253
0.04029
0.0410693
0.0416569
0.0420489
0.0422439
0.0422423
0.042058
0.0417084
0.0412216
0.0406145
0.0399258
0.0391649
0.0383923
0.0375969
0.0368905
0.0362088
0.0357885
0.0354139
0.0356349
0.0357416
0.0369909
0.0369976
0.29765
0.156558
0.0896165
0.0550259
0.036263
0.0258648
0.0200121
0.0165674
0.0142986
0.0125884
0.0112049
0.0101352
0.00942115
0.00909227
0.00912668
0.00947094
0.0100549
0.0108234
0.0117367
0.0127736
0.0139225
0.0151775
0.0165337
0.0179858
0.0195322
0.0211529
0.0228306
0.0245516
0.0262999
0.0280576
0.0298046
0.0315186
0.0331763
0.0347535
0.0362258
0.0375698
0.0387641
0.0397903
0.0406343
0.0412866
0.041743
0.0420022
0.0420659
0.0419374
0.0416334
0.0411734
0.040587
0.0398931
0.0391301
0.0383085
0.0374854
0.0366511
0.0359093
0.035201
0.0347461
0.0343461
0.0345138
0.0345904
0.0357494
0.0357707
0.297669
0.156739
0.0898783
0.0552472
0.0363514
0.025806
0.0198824
0.0164956
0.0144065
0.012934
0.0117716
0.0108599
0.010236
0.00994964
0.0100064
0.0103725
0.010986
0.0117906
0.0127423
0.013816
0.0149977
0.01628
0.0176577
0.0191249
0.0206796
0.0222981
0.0239654
0.0256673
0.0273873
0.0291066
0.0308047
0.0324588
0.0340453
0.0355398
0.0369181
0.0381574
0.039237
0.0401397
0.040853
0.0413696
0.0416874
0.0418079
0.041736
0.0414785
0.0410544
0.0404855
0.0398029
0.0390273
0.0381966
0.0373222
0.0364575
0.0355943
0.0348277
0.0341041
0.0336259
0.0332121
0.0333381
0.0333967
0.0344781
0.0345263
0.297685
0.156907
0.0901271
0.055468
0.0364517
0.0257517
0.0197186
0.0163277
0.0143579
0.0130915
0.0121568
0.011437
0.0109458
0.0107393
0.0108451
0.0112504
0.0119053
0.0127549
0.0137524
0.0148684
0.0160862
0.0173973
0.0187956
0.0202752
0.0218326
0.0234427
0.025092
0.0267661
0.0284478
0.0301182
0.0317562
0.0333388
0.0348422
0.036242
0.0375144
0.0386373
0.0395911
0.04036
0.0409336
0.0413064
0.0414791
0.0414561
0.0412455
0.0408578
0.0403144
0.0396393
0.0388649
0.0380136
0.0371226
0.036204
0.0353074
0.0344256
0.0336452
0.0329175
0.0324274
0.0320113
0.0321071
0.0321592
0.0331756
0.033262
0.297699
0.157063
0.0903628
0.0556867
0.0365648
0.0257118
0.0195438
0.0160963
0.0141826
0.0130736
0.0123501
0.0118374
0.0115116
0.0114201
0.0116039
0.0120688
0.0127795
0.0136854
0.014738
0.0159039
0.0171634
0.0185063
0.0199261
0.0214167
0.0229721
0.0245681
0.0261923
0.02783
0.029464
0.031075
0.0326419
0.0341415
0.0355499
0.0368433
0.0379984
0.0389938
0.0398114
0.0404371
0.0408625
0.0410846
0.0411069
0.0409369
0.0405861
0.0400684
0.0394078
0.0386305
0.03777
0.0368501
0.0359069
0.0349535
0.034035
0.0331454
0.0323622
0.0316417
0.031151
0.0307441
0.0308209
0.0308779
0.0318412
0.0319764
0.297711
0.157208
0.0905857
0.0559018
0.0366897
0.0256921
0.0193759
0.0158314
0.0139142
0.0129044
0.0123558
0.0120442
0.0119015
0.0119531
0.0122419
0.012788
0.0135704
0.0145454
0.015664
0.0168894
0.0181982
0.0195782
0.0210222
0.022524
0.0240741
0.0256515
0.0272441
0.0288375
0.0304148
0.0319566
0.0334417
0.0348473
0.0361497
0.0373255
0.0383523
0.0392099
0.0398819
0.040356
0.0406261
0.0406921
0.0405602
0.0402411
0.03975
0.0391042
0.0383301
0.037456
0.0365163
0.0355359
0.0345499
0.0335716
0.0326419
0.0317554
0.0309806
0.0302788
0.0297988
0.0294121
0.0294808
0.0295536
0.0304753
0.0306692
0.29772
0.157344
0.0907962
0.0561121
0.0368248
0.025695
0.0192272
0.015558
0.0135866
0.0126155
0.0121915
0.0120547
0.0120945
0.0123053
0.0127206
0.0133673
0.014237
0.0152939
0.0164903
0.0177859
0.0191535
0.0205779
0.0220508
0.0235661
0.0251096
0.0266651
0.028221
0.0297634
0.0312758
0.0327393
0.0341329
0.0354342
0.0366202
0.0376681
0.0385569
0.0392676
0.0397857
0.0401013
0.0402107
0.0401166
0.0398285
0.0393603
0.0387307
0.0379604
0.0370783
0.0361145
0.0351039
0.0340724
0.0330538
0.0320612
0.0311312
0.0302592
0.029504
0.0288319
0.0283737
0.0280179
0.0280893
0.0281881
0.0290793
0.0293408
0.297728
0.15747
0.0909949
0.0563165
0.0369679
0.0257205
0.0191051
0.0152956
0.0132308
0.0122424
0.0118855
0.0118812
0.012084
0.0124543
0.0130075
0.0137688
0.0147386
0.0158885
0.0171735
0.0185501
0.0199867
0.0214645
0.0229731
0.0245056
0.0260438
0.0275762
0.0290919
0.0305781
0.032019
0.0333963
0.0346898
0.0358778
0.0369383
0.0378495
0.0385917
0.039148
0.0395057
0.0396576
0.0396026
0.0393467
0.0389024
0.0382872
0.0375231
0.0366341
0.0356513
0.0346065
0.0335348
0.032463
0.0314227
0.0304272
0.0295083
0.0286618
0.0279375
0.027306
0.0268802
0.0265656
0.0266499
0.0267843
0.0276554
0.0279925
0.297734
0.157588
0.0911826
0.0565143
0.0371165
0.0257669
0.0190135
0.0150578
0.0128727
0.0118201
0.0114729
0.0115487
0.0118784
0.0123916
0.0130805
0.0139615
0.0150381
0.0162882
0.0176695
0.0191363
0.020652
0.0221927
0.0237453
0.0253005
0.0268374
0.0283475
0.0298217
0.0312482
0.0326126
0.0338976
0.0350842
0.0361516
0.037079
0.0378463
0.0384355
0.0388316
0.0390245
0.0390096
0.0387891
0.0383719
0.037774
0.0370163
0.036124
0.0351245
0.0340505
0.0329352
0.0318139
0.0307134
0.0296634
0.0286768
0.0277805
0.0269708
0.0262881
0.0257075
0.0253243
0.0250604
0.0251672
0.0253461
0.026207
0.0266266
0.297738
0.157698
0.0913601
0.0567052
0.0372685
0.0258316
0.0189529
0.0148532
0.0125326
0.0113803
0.0109916
0.0110914
0.0115001
0.012124
0.0129316
0.0139255
0.0151068
0.0164574
0.0179376
0.0194999
0.0211022
0.0227149
0.0243202
0.0259055
0.0274467
0.0289377
0.0303711
0.0317369
0.033022
0.0342109
0.0352856
0.0362271
0.0370162
0.0376346
0.0380664
0.038299
0.0383251
0.0381431
0.0377584
0.0371834
0.0364373
0.0355444
0.0345331
0.0334334
0.03228
0.0311068
0.0299488
0.0288325
0.0277855
0.0268199
0.0259579
0.0251957
0.0245649
0.0240449
0.0237135
0.023509
0.0236473
0.0238785
0.0247382
0.025246
0.297742
0.157802
0.0915284
0.0568889
0.037422
0.0259116
0.0189218
0.0146862
0.0122244
0.010949
0.0104776
0.0105487
0.0109833
0.0116735
0.0125686
0.0136552
0.0149284
0.0163706
0.0179445
0.0196011
0.0212931
0.0229839
0.0246496
0.026273
0.0278256
0.0293027
0.0306986
0.0320048
0.0332104
0.0343015
0.035262
0.036075
0.036723
0.0371902
0.037463
0.0375317
0.037392
0.0370456
0.0365013
0.035775
0.0348892
0.0338714
0.032753
0.0315665
0.0303476
0.029131
0.0279508
0.0268328
0.025802
0.0248697
0.0240531
0.0233486
0.0227793
0.0223283
0.0220573
0.0219197
0.0220973
0.0223875
0.0232542
0.0238547
0.297744
0.157901
0.091688
0.0570656
0.0375754
0.0260038
0.0189175
0.0145573
0.0119568
0.0105461
0.0099624
0.00996051
0.0103688
0.0110749
0.0120151
0.0131619
0.014502
0.0160163
0.0176689
0.0194101
0.0211876
0.0229574
0.024688
0.0263564
0.0279278
0.0293976
0.030761
0.0320115
0.0331399
0.0341344
0.0349814
0.0356658
0.0361731
0.0364898
0.0366052
0.0365129
0.0362118
0.0357071
0.0350113
0.0341437
0.0331301
0.0320012
0.0307907
0.0295334
0.0282655
0.0270219
0.0258352
0.0247303
0.0237294
0.0228424
0.022082
0.0214445
0.020945
0.0205704
0.0203668
0.0203022
0.0205259
0.0208804
0.0217614
0.0224574
0.297746
0.157994
0.09184
0.0572353
0.0377275
0.0261053
0.0189363
0.014465
0.0117336
0.0101848
0.00947119
0.00936296
0.00969961
0.0103712
0.0113082
0.0124729
0.0138441
0.0154001
0.0171057
0.0189112
0.0207606
0.0226024
0.0243968
0.0261138
0.0277101
0.0291794
0.0305171
0.0317175
0.0327736
0.0336756
0.0344125
0.0349719
0.035342
0.0355123
0.0354757
0.0352289
0.0347746
0.0341217
0.0332863
0.0322913
0.0311657
0.0299428
0.0286585
0.027349
0.0260509
0.0247983
0.0236223
0.0225459
0.0215884
0.0207583
0.0200639
0.0195014
0.0190786
0.0187859
0.0186552
0.0186679
0.0189431
0.0193657
0.0202671
0.0210598
0.297747
0.158082
0.0919851
0.0573985
0.0378772
0.0262134
0.0189745
0.0144062
0.0115552
0.00987244
0.00902184
0.00878606
0.00901611
0.00960867
0.010494
0.0116295
0.0129883
0.0145462
0.0162687
0.0181073
0.0200039
0.021901
0.0237498
0.0255128
0.0271368
0.0286112
0.0299298
0.0310874
0.032078
0.0328943
0.0335277
0.0339688
0.0342088
0.0342409
0.0340613
0.0336707
0.0330755
0.0322886
0.0313297
0.0302253
0.0290072
0.0277111
0.0263744
0.0250343
0.0237268
0.0224849
0.0213373
0.0203051
0.0194042
0.0186416
0.0180216
0.0175404
0.0171991
0.0169919
0.0169376
0.0170301
0.0173604
0.017853
0.0187795
0.0196684
0.297748
0.158167
0.092124
0.0575554
0.038024
0.0263259
0.0190285
0.0143766
0.0114192
0.0096117
0.00862541
0.0082521
0.00835263
0.00883146
0.00962259
0.0106827
0.0119823
0.0134963
0.0151916
0.0170223
0.0189305
0.0208546
0.0227382
0.0245357
0.0261846
0.0276664
0.0289714
0.0300933
0.0310267
0.0317662
0.0323054
0.0326382
0.0327591
0.0326648
0.0323555
0.0318359
0.0311165
0.0302142
0.0291524
0.0279607
0.0266735
0.0253285
0.023964
0.0226171
0.0213228
0.0201122
0.0190111
0.0180383
0.0172063
0.0165205
0.0159814
0.0155854
0.0153286
0.0152078
0.0152312
0.0154035
0.0157908
0.0163533
0.0173082
0.0182908
0.297749
0.158249
0.0922575
0.0577066
0.0381675
0.0264411
0.0190947
0.014372
0.0113218
0.00940161
0.00828698
0.00777553
0.00773532
0.00807774
0.00874189
0.00968657
0.0108828
0.012306
0.0139261
0.0157011
0.0175761
0.0194883
0.0213758
0.0231852
0.0248484
0.0263342
0.0276276
0.0287195
0.0296042
0.0302769
0.0307336
0.0309709
0.0309869
0.030782
0.0303604
0.0297312
0.0289088
0.0279141
0.0267741
0.0255213
0.0241923
0.0228258
0.0214605
0.0201326
0.0188753
0.0177171
0.0166805
0.0157813
0.0150289
0.0144269
0.013973
0.0136638
0.0134913
0.0134554
0.013555
0.0138047
0.0142486
0.0148787
0.0158635
0.0169352
0.297749
0.158328
0.0923862
0.0578524
0.0383075
0.0265576
0.0191703
0.0143879
0.0112582
0.00923871
0.00800697
0.00736375
0.00718156
0.00737682
0.00789328
0.00869301
0.00974918
0.0110394
0.0125374
0.0142071
0.0159985
0.0178515
0.0197019
0.02149
0.0231465
0.0246249
0.025903
0.0269675
0.0278103
0.0284265
0.0288136
0.0289706
0.0288988
0.0286026
0.02809
0.0273744
0.0264744
0.0254146
0.0242253
0.0229414
0.0216009
0.0202431
0.0189059
0.017624
0.0164279
0.0153426
0.0143871
0.0135742
0.0129098
0.0123962
0.012029
0.0118051
0.0117139
0.0117581
0.0119299
0.0122517
0.0127495
0.0134425
0.0144569
0.0156108
0.297749
0.158405
0.0925108
0.0579935
0.0384439
0.0266741
0.0192527
0.0144204
0.0112233
0.00911809
0.00778248
0.00701841
0.0067006
0.00674829
0.00710844
0.00774603
0.00863678
0.00976115
0.0110975
0.0126158
0.0142737
0.0160163
0.0177815
0.0195067
0.0211244
0.0225746
0.0238267
0.0248609
0.0256654
0.0262339
0.0265642
0.0266573
0.0265171
0.0261515
0.0255726
0.0247977
0.0238492
0.0227552
0.0215488
0.0202666
0.0189475
0.0176301
0.0163508
0.0151417
0.0140299
0.0130366
0.0121768
0.01146
0.0108895
0.0104659
0.0101836
0.0100404
0.0100244
0.010141
0.0103778
0.0107636
0.0113101
0.012059
0.0131007
0.0143277
0.297749
0.15848
0.0926319
0.0581303
0.0385769
0.0267901
0.0193399
0.0144659
0.0112122
0.00903415
0.00760847
0.006737
0.00629493
0.0062025
0.00640819
0.00687867
0.0075916
0.00853003
0.00967647
0.0110073
0.0124879
0.0140717
0.0157019
0.0173174
0.0188556
0.0202479
0.0214548
0.0224493
0.0232144
0.023741
0.024026
0.0240713
0.023883
0.0234719
0.0228537
0.0220491
0.021084
0.0199894
0.0188003
0.0175545
0.0162903
0.0150452
0.0138528
0.0127418
0.0117352
0.0108501
0.0100973
0.00948317
0.00900861
0.00867327
0.00847102
0.00840076
0.0084509
0.00862909
0.00892106
0.0093602
0.00994785
0.0107431
0.011808
0.0130965
0.297749
0.158554
0.0927501
0.0582634
0.0387065
0.0269049
0.0194302
0.0145213
0.0112205
0.00898118
0.0074788
0.00651421
0.00596199
0.00574208
0.00580298
0.00611172
0.00664677
0.00739273
0.00833527
0.00945604
0.0107282
0.012114
0.0135646
0.0150242
0.0164387
0.0177369
0.0188723
0.0198107
0.0205295
0.0210155
0.0212638
0.021276
0.0210595
0.0206273
0.0199977
0.0191943
0.0182459
0.0171852
0.0160484
0.0148732
0.0136968
0.0125537
0.0114743
0.0104831
0.00959854
0.00883328
0.00819444
0.00768545
0.00730535
0.00705317
0.00692315
0.00691544
0.00702011
0.00724688
0.00758181
0.0080612
0.00868028
0.00951019
0.0105923
0.0119283
0.297749
0.158627
0.0928661
0.0583932
0.0388331
0.0270182
0.0195224
0.0145842
0.0112441
0.00895375
0.00738699
0.00634324
0.00569593
0.00536388
0.00529466
0.00545453
0.0058216
0.00638087
0.0071197
0.00802355
0.00907186
0.0102351
0.0114736
0.0127393
0.0139888
0.0151553
0.0161886
0.0170493
0.0177093
0.0181513
0.0183676
0.0183585
0.0181317
0.0177014
0.0170876
0.0163158
0.0154163
0.0144229
0.0133715
0.0122986
0.0112388
0.0102232
0.00927762
0.00842211
0.00767039
0.0070311
0.00650795
0.00610203
0.00581118
0.00563418
0.00556629
0.00560905
0.00575513
0.00601606
0.00638023
0.00688534
0.00752443
0.00837571
0.00946715
0.0108348
0.297749
0.1587
0.0929804
0.0585204
0.038957
0.0271299
0.0196156
0.0146524
0.0112796
0.00894695
0.00732671
0.00621674
0.00548904
0.00506098
0.00487869
0.004907
0.00512284
0.00551055
0.00605786
0.00675234
0.0075778
0.00851145
0.0095221
0.0105706
0.0116242
0.0126267
0.0135284
0.0142878
0.0148732
0.0152638
0.0154486
0.0154264
0.015204
0.0147956
0.0142219
0.0135091
0.0126875
0.0117905
0.0108528
0.00990791
0.008987
0.00811671
0.00731813
0.00660645
0.00599118
0.00547736
0.00506612
0.00475686
0.00454691
0.00443512
0.00441817
0.00449891
0.00467317
0.00495386
0.00533329
0.00584915
0.00649601
0.00735435
0.00844608
0.00982985
0.29775
0.158772
0.0930935
0.0586455
0.0390785
0.0272399
0.0197091
0.0147244
0.0113241
0.00895652
0.00729216
0.00612745
0.00533291
0.00482442
0.0045465
0.00446233
0.00454724
0.00478427
0.0051606
0.00566447
0.00628226
0.00699596
0.00778124
0.00860712
0.00945063
0.0102688
0.011017
0.0116549
0.0121502
0.0124798
0.0126309
0.0125999
0.0123922
0.0120213
0.011507
0.0108747
0.0101537
0.00937526
0.00857113
0.00777118
0.0070019
0.00628506
0.00563691
0.00506828
0.00458509
0.00418968
0.00388149
0.00365898
0.0035195
0.00346225
0.00348539
0.00359279
0.00378349
0.00407121
0.00445317
0.00496583
0.00560843
0.00645952
0.00754171
0.00892575
0.29775
0.158846
0.0932061
0.058769
0.039198
0.0273484
0.0198024
0.014799
0.0113755
0.00897883
0.00727823
0.00606864
0.00521924
0.0046445
0.00428744
0.00410963
0.00408476
0.00419435
0.00442455
0.00476339
0.00519844
0.00571469
0.00629279
0.00690846
0.007546
0.00817608
0.00876129
0.00926624
0.00966067
0.00992182
0.0100357
0.00999725
0.00981038
0.00948664
0.0090442
0.00850627
0.00789941
0.00725159
0.00659032
0.00594079
0.00532449
0.00475825
0.00425394
0.00381882
0.0034562
0.00316672
0.002949
0.00280126
0.00272124
0.00270854
0.00276262
0.00288795
0.0030863
0.00337157
0.0037461
0.00424415
0.00487192
0.00570258
0.00676541
0.00813313
0.297751
0.15892
0.0933186
0.0588915
0.0393159
0.0274554
0.0198954
0.0148753
0.0114318
0.00901094
0.00728053
0.00603434
0.00514032
0.00451172
0.00409027
0.00383614
0.00372156
0.00372666
0.00383642
0.00403831
0.00432031
0.0046691
0.00506875
0.00549995
0.00595185
0.00640631
0.00683425
0.00720683
0.00749824
0.00768805
0.00776288
0.00771717
0.00755324
0.00728057
0.00691467
0.00647553
0.00598584
0.00546915
0.00494802
0.00444256
0.00396931
0.00354073
0.00316511
0.00284715
0.0025886
0.00238931
0.00224784
0.00216256
0.00213183
0.00215557
0.00223417
0.00237214
0.00257327
0.00285086
0.00321196
0.00368779
0.00429283
0.00509223
0.00612669
0.00746157
0.297752
0.158995
0.0934316
0.0590134
0.0394327
0.0275613
0.0199878
0.0149526
0.0114918
0.00905044
0.00729545
0.00601945
0.00508934
0.00441736
0.00394419
0.00362886
0.00344245
0.00336394
0.00337734
0.00346952
0.0036285
0.00384201
0.00409639
0.00437596
0.00467273
0.0049764
0.00526553
0.00551818
0.00571405
0.00583644
0.00587389
0.00582119
0.00567963
0.00545656
0.00516443
0.00481939
0.00443966
0.00404386
0.00364951
0.00327182
0.00292303
0.00261203
0.00234461
0.00212391
0.00195097
0.00182556
0.00174658
0.00171283
0.00172321
0.00177784
0.00187759
0.00202653
0.00222959
0.00249877
0.00284486
0.00329536
0.00387335
0.00463398
0.00563272
0.00691922
0.297753
0.159072
0.0935456
0.0591353
0.0395488
0.0276664
0.0200798
0.0150305
0.0115543
0.00909549
0.00732005
0.0060197
0.00506048
0.00435377
0.00383941
0.0034756
0.00323256
0.00308842
0.00302648
0.00303318
0.00309656
0.00320508
0.0033467
0.0035084
0.00368386
0.00386743
0.0040438
0.00419715
0.00431252
0.00437732
0.00438267
0.00432433
0.00420304
0.00402424
0.00379738
0.00353472
0.00325002
0.00295721
0.00266921
0.0023971
0.00214968
0.00193335
0.00175229
0.0016089
0.00150412
0.00143801
0.00140998
0.00141929
0.00146526
0.00154798
0.00166838
0.00182974
0.00203727
0.00230115
0.0026347
0.00306117
0.0036116
0.00432991
0.0052879
0.00651224
0.297754
0.159151
0.0936612
0.0592578
0.0396648
0.0277709
0.0201715
0.0151088
0.0116186
0.00914465
0.00735199
0.00603163
0.00504888
0.00431442
0.00376745
0.00336556
0.00307834
0.0028834
0.00276358
0.0027051
0.0026961
0.00272567
0.00278304
0.00285723
0.00294294
0.00303683
0.00312809
0.00320565
0.00325901
0.00327926
0.00326006
0.00319833
0.00309455
0.00295264
0.00277941
0.00258369
0.00237535
0.00216435
0.0019599
0.00176993
0.00160081
0.00145735
0.00134288
0.00125957
0.00120859
0.00119042
0.00120499
0.00125192
0.00133072
0.00144125
0.00158416
0.00176162
0.00197851
0.00224281
0.00256925
0.00297647
0.00350228
0.00417867
0.00509354
0.00624435
0.297756
0.159232
0.0937789
0.0593815
0.039781
0.0278752
0.0202629
0.0151874
0.0116843
0.00919685
0.00738947
0.00605249
0.00505061
0.00429395
0.00372121
0.00328952
0.0029681
0.0027342
0.00257045
0.002463
0.00240023
0.00237181
0.00236804
0.00237953
0.00240166
0.002432
0.00246284
0.00248648
0.00249572
0.00248452
0.00244859
0.00238587
0.00229674
0.00218394
0.00205218
0.0019076
0.00175706
0.00160751
0.00146548
0.00133672
0.00122609
0.00113747
0.0010739
0.00103759
0.0010301
0.00105233
0.00110459
0.00118671
0.00129817
0.00143835
0.0016073
0.00180589
0.00203818
0.00230984
0.00263608
0.00303092
0.00353747
0.00417575
0.00504769
0.00611642
0.297758
0.159317
0.0938993
0.0595068
0.039898
0.0279798
0.0203544
0.0152663
0.0117511
0.00925134
0.00743112
0.00608013
0.00506254
0.00428801
0.00369486
0.00323989
0.00289205
0.00262843
0.00243157
0.0022877
0.00218549
0.00211514
0.00206787
0.00203554
0.00201403
0.00200109
0.00199104
0.00197843
0.00195832
0.00192664
0.00188057
0.00181877
0.00174155
0.00165079
0.00154972
0.00144252
0.00133394
0.00122889
0.00113216
0.00104819
0.000980976
0.00093403
0.000910369
0.000912483
0.000942289
0.00100106
0.00108936
0.00120699
0.00135312
0.00152643
0.00172603
0.00195131
0.00220518
0.00249105
0.00282403
0.00321386
0.00370756
0.00431337
0.0051451
0.00612614
0.297761
0.159404
0.0940229
0.0596343
0.0400163
0.028085
0.0204463
0.0153457
0.0118186
0.00930759
0.00747593
0.00611291
0.00508224
0.00429319
0.00368377
0.00321054
0.00284228
0.002556
0.00233426
0.00216342
0.00203244
0.00193205
0.00185419
0.00179169
0.0017408
0.00169916
0.00166236
0.0016264
0.00158776
0.00154365
0.00149216
0.00143243
0.00136468
0.00129023
0.00121127
0.00113075
0.00105208
0.000978946
0.000915129
0.000864401
0.000830427
0.000816699
0.00082644
0.000862487
0.000927127
0.0010219
0.00114742
0.00130321
0.00148782
0.00169886
0.00193418
0.00219152
0.00247245
0.00277827
0.00312381
0.0035151
0.00400213
0.00458091
0.00537714
0.00626785
0.297764
0.159496
0.0941503
0.0597646
0.0401365
0.0281913
0.0205389
0.0154256
0.0118871
0.00936527
0.00752319
0.00614961
0.00510782
0.0043068
0.00368427
0.00319661
0.00281249
0.00250888
0.0022684
0.00207758
0.00192565
0.00180376
0.00170445
0.00162131
0.00155081
0.00149038
0.00143642
0.00138581
0.00133592
0.0012847
0.0012308
0.00117361
0.00111331
0.00105082
0.000987772
0.000926361
0.000869278
0.000819585
0.000780638
0.000756007
0.000749395
0.000764525
0.000804983
0.000874009
0.000974219
0.00110728
0.00127361
0.00147209
0.00170025
0.00195423
0.00223024
0.0025242
0.00283624
0.0031659
0.00352785
0.00392526
0.00441048
0.00496642
0.00573171
0.00653286
0.297767
0.159592
0.0942821
0.0598982
0.0402589
0.0282992
0.0206325
0.0155063
0.0119564
0.00942421
0.0075724
0.00618932
0.0051379
0.0043268
0.00369354
0.00319433
0.00279777
0.00248081
0.00222613
0.00202041
0.00185313
0.0017158
0.0016014
0.00150406
0.00142041
0.00134768
0.00128278
0.0012231
0.00116652
0.00111145
0.00105685
0.00100226
0.000947832
0.000894306
0.000843013
0.000795834
0.00075517
0.000723909
0.000705382
0.00070331
0.000721703
0.000764712
0.000836405
0.000940442
0.00107969
0.00125571
0.00146837
0.00171549
0.00199297
0.00229505
0.00261591
0.00294958
0.00329484
0.00364989
0.0040297
0.00443563
0.00492196
0.00545713
0.00619559
0.00691007
0.297771
0.159693
0.0944188
0.0600359
0.0403843
0.0284091
0.0207276
0.0155882
0.0120267
0.00948433
0.00762324
0.00623141
0.00517141
0.00435165
0.00370943
0.00320082
0.00279435
0.00246696
0.00220139
0.00198445
0.00180581
0.00165726
0.00153211
0.00142486
0.00133226
0.00125139
0.00117942
0.00111408
0.00105357
0.000996536
0.000942148
0.000890055
0.000840433
0.000793999
0.000752028
0.000716372
0.000689474
0.00067437
0.000674674
0.00069452
0.000738445
0.000811184
0.000917356
0.00106102
0.00124509
0.00147072
0.00173669
0.00203911
0.0023717
0.00272623
0.00309463
0.00346903
0.00384717
0.00422655
0.00462318
0.00503774
0.00552564
0.00603981
0.00675488
0.00738684
0.297776
0.159799
0.0945612
0.0601781
0.040513
0.0285215
0.0208244
0.0156714
0.0120982
0.00954564
0.00767553
0.00627543
0.00520761
0.00438019
0.0037303
0.00321386
0.00279934
0.00246365
0.00218959
0.00196405
0.00177686
0.00162001
0.00148705
0.00137272
0.0012739
0.00118746
0.00111083
0.00104189
0.000979059
0.000921163
0.000867507
0.000817867
0.000772523
0.000732299
0.000698611
0.000673509
0.000659727
0.000660707
0.000680586
0.000724131
0.000796583
0.000903378
0.0010497
0.00123987
0.00147655
0.00175988
0.00208692
0.00245129
0.00284386
0.00325354
0.00366988
0.00408343
0.00449143
0.00489147
0.00530155
0.00572238
0.0062075
0.00670101
0.0073957
0.00794987
0.297782
0.159912
0.0947099
0.0603255
0.0406457
0.0286367
0.0209234
0.0157563
0.012171
0.00960819
0.00772914
0.00632106
0.00524591
0.00441155
0.0037549
0.00323177
0.00281054
0.0024681
0.00218726
0.00195499
0.00176122
0.00159807
0.00145929
0.00133982
0.00123645
0.00114609
0.00106625
0.000994988
0.000930839
0.000872792
0.000820302
0.00077331
0.000732288
0.000698298
0.000673057
0.000659012
0.000659398
0.000678275
0.000720515
0.00079171
0.000897951
0.00104543
0.0012398
0.00148533
0.00178387
0.00213383
0.00252961
0.00296155
0.00341705
0.003882
0.00434379
0.00479191
0.00522401
0.00563865
0.00605698
0.00647673
0.00695574
0.00742768
0.00810461
0.00858594
0.297788
0.16003
0.0948655
0.0604786
0.0407828
0.0287554
0.0210249
0.015843
0.0122453
0.00967199
0.00778397
0.00636805
0.00528587
0.00444503
0.00378226
0.00325325
0.00282627
0.00247818
0.00219178
0.00195409
0.00175512
0.00158706
0.0014438
0.00132046
0.00121368
0.00112043
0.00103836
0.000965632
0.000900914
0.00084336
0.000792614
0.000748851
0.000712835
0.000685992
0.000670502
0.000669381
0.00068656
0.000726921
0.000796265
0.000901174
0.00104867
0.00124564
0.00149795
0.00180924
0.00217973
0.00260509
0.00307607
0.00357897
0.0040974
0.00461437
0.00511573
0.00559081
0.00603872
0.00646004
0.00688024
0.00729005
0.00775856
0.00820733
0.00886904
0.00928253
0.297795
0.160156
0.0950286
0.060638
0.0409248
0.0288776
0.0211291
0.0159318
0.0123211
0.00973703
0.00783988
0.00641613
0.00532707
0.00448006
0.00381161
0.00327727
0.00284521
0.00249225
0.00220117
0.00195899
0.00175577
0.00158378
0.00143696
0.0013106
0.00120121
0.00110587
0.00102232
0.000948855
0.000884316
0.000828053
0.000779965
0.000740546
0.00071096
0.000693137
0.000689874
0.000704937
0.000743146
0.0008104
0.000913611
0.00106046
0.00125887
0.00151618
0.00183789
0.00222618
0.0026785
0.00318662
0.00373671
0.00431051
0.00488795
0.0054498
0.00598139
0.00647301
0.00692649
0.00734541
0.00775909
0.00815039
0.00860412
0.00902816
0.00967747
0.0100283
0.297803
0.16029
0.0951997
0.0608041
0.0410719
0.0290036
0.0212361
0.0160225
0.0123984
0.00980312
0.00789664
0.00646499
0.00536911
0.00451609
0.00384224
0.00330296
0.00286631
0.00250904
0.0022139
0.00196791
0.00176115
0.00158592
0.00143624
0.0013075
0.00119617
0.00109943
0.00101515
0.000941794
0.0008784
0.000824587
0.000780591
0.000747327
0.000726487
0.000720649
0.000733397
0.000769437
0.000834675
0.000936218
0.00108221
0.00128144
0.0015425
0.00187264
0.00227607
0.00275232
0.00329474
0.00389006
0.00451916
0.00515928
0.00578731
0.00638288
0.00693222
0.00742779
0.00787543
0.00828265
0.00867813
0.0090451
0.0094808
0.00987918
0.0105197
0.0108134
0.297813
0.160432
0.0953794
0.0609772
0.0412242
0.0291334
0.0213456
0.016115
0.0124768
0.00986989
0.00795383
0.00651415
0.00541146
0.00455254
0.00387351
0.00332957
0.00288869
0.00252754
0.00222884
0.00197957
0.00176983
0.00159195
0.00144
0.0013095
0.00119693
0.00109959
0.00101552
0.000943397
0.00088253
0.000832886
0.000795133
0.000770731
0.000762038
0.000772447
0.000806516
0.000870088
0.000970352
0.00111576
0.00131572
0.00157989
0.00191702
0.00233332
0.00283045
0.00340377
0.00404122
0.00472361
0.00542643
0.00612304
0.00678861
0.00740318
0.00795538
0.00844106
0.00887125
0.0092573
0.0096243
0.00996175
0.0103775
0.0107505
0.0113868
0.0116296
0.297823
0.160583
0.0955678
0.0611571
0.0413813
0.0292663
0.021457
0.0162084
0.0125555
0.00993667
0.00801079
0.006563
0.0054535
0.0045888
0.00390477
0.00335644
0.00291168
0.00254705
0.00224522
0.00199318
0.001781
0.00160106
0.00144751
0.00131599
0.00120307
0.00110621
0.00102367
0.000954408
0.000898081
0.000855102
0.00082669
0.000814987
0.000823183
0.000855666
0.00091817
0.00101787
0.00116339
0.00136456
0.00163183
0.00197523
0.00240268
0.002918
0.00351868
0.00419439
0.00492661
0.00568995
0.00645519
0.0071932
0.0078792
0.00849536
0.00903421
0.00949599
0.00989805
0.0102505
0.0105838
0.0108884
0.0112842
0.0116336
0.0122719
0.0124707
0.297835
0.160742
0.0957648
0.0613434
0.0415425
0.0294013
0.0215692
0.0163018
0.0126336
0.0100024
0.00806658
0.00661069
0.00549451
0.00462423
0.00393548
0.00338312
0.00293487
0.00256723
0.00226281
0.00200857
0.0017946
0.00161333
0.00145908
0.00132758
0.00121558
0.00112077
0.00104168
0.000977624
0.000928717
0.000895926
0.000881164
0.000887412
0.000918876
0.000981141
0.00108131
0.00122804
0.00143142
0.00170244
0.00205208
0.00248973
0.00302109
0.00364582
0.00435559
0.00513315
0.00595309
0.00678447
0.00759481
0.0083545
0.00904083
0.00963978
0.0101491
0.010574
0.0109392
0.0112476
0.0115436
0.0118143
0.0121921
0.0125216
0.0131696
0.0133329
0.297847
0.16091
0.0959696
0.0615347
0.0417059
0.0295366
0.0216802
0.0163931
0.0127092
0.0100657
0.00812006
0.00665633
0.00553383
0.0046584
0.00396542
0.00340957
0.00295843
0.00258844
0.00228215
0.00202653
0.00181169
0.00163013
0.00147645
0.00134652
0.00123732
0.00114683
0.00107394
0.00101842
0.000980938
0.000963174
0.000967883
0.000999071
0.00106215
0.0011641
0.00131353
0.0015206
0.00179663
0.00215323
0.00260089
0.00314687
0.00379282
0.00453249
0.00535029
0.0062215
0.00711443
0.00799411
0.00882705
0.00958541
0.0102506
0.0108137
0.0112785
0.0116557
0.0119747
0.0122343
0.0124919
0.0127299
0.0130942
0.0134095
0.0140772
0.0142144
0.297859
0.161087
0.0961807
0.0617287
0.0418687
0.029669
0.0217872
0.01648
0.0127805
0.010125
0.00817013
0.00669927
0.00557124
0.00469148
0.00399513
0.00343667
0.00298359
0.00261224
0.00230518
0.00204937
0.001835
0.00165469
0.00150347
0.00137739
0.00127371
0.00119077
0.00112792
0.0010855
0.00106489
0.00106861
0.00110046
0.00116564
0.00127097
0.00142492
0.0016376
0.00192043
0.00228537
0.00274359
0.00330355
0.00396853
0.0047342
0.00558687
0.00650307
0.00745116
0.00839474
0.00929724
0.0101267
0.0108593
0.0114822
0.0119924
0.0124004
0.0127223
0.0129872
0.0131973
0.0134186
0.0136279
0.0139854
0.0142946
0.0149942
0.0151167
0.297872
0.161269
0.0963952
0.0619214
0.0420266
0.0297945
0.0218866
0.0165595
0.0128453
0.0101791
0.00821637
0.00673982
0.00560768
0.00472502
0.0040267
0.00346706
0.00301348
0.00264229
0.00233606
0.00208182
0.00186986
0.00169307
0.00154709
0.0014281
0.00133372
0.00126277
0.00121517
0.00119197
0.0011954
0.00122902
0.00129782
0.00140838
0.00156898
0.00178956
0.00208144
0.00245663
0.00292663
0.0035006
0.00418303
0.00497124
0.00585338
0.0068076
0.00780307
0.00880288
0.0097685
0.0106645
0.0114631
0.0121462
0.0127077
0.0131512
0.0134936
0.013756
0.013963
0.0141257
0.014316
0.0145032
0.0148635
0.015177
0.0159232
0.0160445
0.297882
0.161456
0.0966088
0.0621075
0.042174
0.029908
0.0219744
0.0166291
0.0129026
0.0102281
0.00826018
0.00678044
0.00564656
0.00476324
0.00406509
0.00350636
0.0030544
0.00268554
0.00238244
0.00213225
0.00192545
0.00175547
0.00161858
0.00151109
0.00143112
0.00137807
0.00135258
0.00135654
0.00139321
0.00146732
0.00158519
0.00175483
0.00198588
0.00228936
0.00267708
0.00316048
0.00374899
0.00444779
0.00525544
0.00616174
0.00714659
0.00818051
0.00922703
0.0102466
0.0112017
0.0120606
0.0128019
0.0134144
0.0138994
0.0142664
0.0145386
0.0147372
0.0148905
0.0150116
0.0151789
0.0153536
0.0157289
0.0160597
0.0168706
0.0170065
0.29789
0.161644
0.096816
0.0622801
0.0423042
0.0300043
0.0220477
0.0166882
0.0129539
0.0102757
0.00830681
0.00682774
0.00569563
0.00481485
0.00411991
0.00356499
0.00311752
0.00275395
0.0024571
0.00221432
0.0020164
0.00185796
0.0017351
0.00164489
0.00158598
0.00155845
0.00156377
0.00160485
0.00168609
0.00181348
0.00199466
0.00223885
0.00255661
0.00295925
0.00345781
0.00406154
0.00477582
0.00559996
0.00652507
0.00753279
0.00859534
0.00967742
0.0107397
0.0117431
0.012654
0.0134469
0.0141078
0.0146331
0.0150311
0.0153167
0.0155191
0.0156547
0.0157614
0.0158499
0.0160056
0.0161799
0.0165856
0.0169496
0.0178471
0.0180165
0.297893
0.16183
0.0970103
0.0624317
0.0424113
0.0300807
0.0221073
0.0167413
0.0130067
0.0103319
0.00836818
0.00689519
0.00576958
0.00489558
0.00420773
0.00366034
0.00322103
0.00286651
0.00257987
0.00234883
0.00216466
0.00202347
0.00192126
0.00185571
0.00182619
0.00183359
0.00188036
0.00197048
0.00210952
0.00230464
0.0025645
0.002899
0.0033187
0.0038339
0.00445323
0.00518182
0.00601924
0.00695752
0.00797985
0.00906036
0.0101655
0.0112569
0.0122957
0.0132465
0.0140817
0.0147837
0.0153465
0.0157737
0.0160799
0.0162845
0.0164206
0.0165002
0.016571
0.0166393
0.0167978
0.0169869
0.0174416
0.0178582
0.0188689
0.0190948
0.297891
0.162012
0.0971873
0.0625579
0.042494
0.0301409
0.0221625
0.0168022
0.0130787
0.010417
0.00846665
0.00700654
0.00589319
0.005031
0.00435478
0.00381925
0.00339241
0.00305141
0.00277979
0.00256576
0.0024014
0.00228461
0.002211
0.00217898
0.00218872
0.00224207
0.00234244
0.00249485
0.00270584
0.00298334
0.00333636
0.00377447
0.00430692
0.00494135
0.00568219
0.00652883
0.00747386
0.00850176
0.00958861
0.010703
0.0118085
0.0128671
0.0138432
0.0147077
0.0154409
0.0160334
0.0164869
0.0168116
0.0170272
0.0171566
0.017233
0.0172697
0.0173189
0.0173824
0.0175612
0.0177836
0.0183099
0.0188025
0.0199594
0.0202705
0.297893
0.162197
0.0973508
0.0626629
0.0425623
0.0302025
0.0222378
0.0169008
0.0132033
0.0105667
0.00863918
0.00719945
0.00610447
0.00525927
0.0045994
0.00408026
0.00367051
0.00334795
0.00309677
0.00290586
0.00276868
0.00268442
0.00264836
0.00265976
0.00271965
0.00283072
0.00299725
0.00322495
0.00352083
0.00389281
0.00434919
0.00489789
0.00554523
0.00629462
0.0071449
0.00808885
0.00911206
0.0101925
0.0113011
0.012404
0.0134649
0.0144493
0.0153276
0.0160784
0.0166905
0.0171625
0.0175031
0.0177275
0.0178597
0.0179251
0.0179539
0.0179637
0.0180092
0.0180866
0.0183067
0.0185842
0.0192094
0.0198068
0.0211513
0.0215842
0.297921
0.162416
0.0975245
0.0627722
0.042649
0.0303072
0.0223817
0.0170899
0.0134354
0.0108364
0.00894083
0.00752824
0.00645688
0.0056331
0.00499362
0.00449493
0.00410665
0.00380742
0.00358229
0.00342101
0.00331964
0.00327587
0.00328639
0.00335104
0.00347151
0.00365107
0.0038944
0.00420732
0.00459642
0.00506852
0.00562993
0.00628546
0.0070372
0.00788321
0.00881622
0.0098227
0.0108824
0.011969
0.0130511
0.0140954
0.015069
0.0159431
0.0166958
0.0173141
0.0177948
0.0181437
0.0183752
0.0185082
0.0185698
0.0185852
0.0185851
0.0185878
0.0186507
0.0187641
0.0190503
0.0194095
0.020167
0.020905
0.0224898
0.0230933
0.298037
0.162738
0.0977745
0.0629509
0.042826
0.0305336
0.0226763
0.0174517
0.0138552
0.0113037
0.00944607
0.0080645
0.00701944
0.00621929
0.00560248
0.00512689
0.00476333
0.00449152
0.00429745
0.0041718
0.00411333
0.00411745
0.00418222
0.0043079
0.00449645
0.00475122
0.00507661
0.00547763
0.00595941
0.0065265
0.007182
0.00792658
0.00875735
0.00966689
0.0106424
0.0116654
0.0127121
0.0137544
0.014762
0.0157045
0.0165548
0.0172914
0.0179005
0.0183771
0.0187255
0.0189572
0.0190907
0.0191474
0.0191566
0.0191408
0.0191345
0.0191533
0.0192583
0.0194336
0.0198157
0.0202883
0.0212197
0.0221441
0.0240377
0.0248785
0.298383
0.163322
0.0982388
0.063332
0.0432237
0.0310093
0.0232434
0.0181001
0.0145684
0.012066
0.0102458
0.00889335
0.00787257
0.00709439
0.00649929
0.00604673
0.00570883
0.00546637
0.00530628
0.00522015
0.00520837
0.00526446
0.00538695
0.00557615
0.00583381
0.00616263
0.00656586
0.00704677
0.00760805
0.00825105
0.00897497
0.00977599
0.0106465
0.0115744
0.0125429
0.0135307
0.0145131
0.0154631
0.0163536
0.0171596
0.017861
0.0184439
0.0189025
0.0192389
0.0194634
0.0195915
0.0196449
0.019646
0.0196254
0.0196026
0.0196161
0.0196778
0.0198538
0.0201216
0.0206351
0.0212609
0.0224186
0.0235898
0.0258823
0.0270555
0.299253
0.16448
0.099179
0.0641471
0.0440493
0.0319179
0.0242435
0.019175
0.0156973
0.0132321
0.0114373
0.0101034
0.00909778
0.00833409
0.00775477
0.00732076
0.00700531
0.00679007
0.00666266
0.00661527
0.0066483
0.00675357
0.00692948
0.00717587
0.00749356
0.00788385
0.0083481
0.0088871
0.00950049
0.0101861
0.0109392
0.0117521
0.0126134
0.013508
0.0144172
0.0153194
0.0161911
0.0170087
0.0177501
0.018397
0.0189363
0.0193616
0.0196741
0.0198818
0.0199991
0.0200447
0.0200417
0.0200129
0.0199888
0.0199881
0.0200511
0.0201868
0.0204675
0.0208648
0.0215538
0.0223837
0.0238352
0.0253351
0.028147
0.0297929
0.301233
0.166781
0.101044
0.0657513
0.0455974
0.0334925
0.0258623
0.0208253
0.0173635
0.014903
0.0131066
0.0117688
0.0107598
0.00999527
0.0094189
0.00899259
0.00869015
0.00849359
0.00839069
0.00837385
0.00844101
0.00858302
0.00879761
0.00908351
0.00944001
0.00986647
0.0103619
0.0109242
0.0115502
0.0122343
0.0129688
0.013743
0.0145436
0.0153542
0.0161563
0.01693
0.0176551
0.0183127
0.0188867
0.0193655
0.0197428
0.020019
0.0202005
0.0202999
0.0203346
0.0203248
0.0202942
0.0202657
0.0202692
0.0203234
0.0204701
0.0207162
0.021142
0.0217149
0.0226349
0.0237362
0.0255705
0.0275148
0.0310087
0.0333417
0.30545
0.171227
0.10455
0.0686553
0.0482328
0.0359919
0.0282822
0.0231809
0.0196608
0.0171471
0.0153036
0.0139254
0.0128833
0.012093
0.0114983
0.0110607
0.0107538
0.0105591
0.0104637
0.0104599
0.0105401
0.0106959
0.0109236
0.0112203
0.0115834
0.0120101
0.012497
0.0130396
0.013632
0.0142664
0.014933
0.0156199
0.0163131
0.0169971
0.0176552
0.0182706
0.0188276
0.0193126
0.0197158
0.0200316
0.0202599
0.0204062
0.0204814
0.0205008
0.0204837
0.0204508
0.0204261
0.0204323
0.0204994
0.0206459
0.0209163
0.0213167
0.0219379
0.0227457
0.0239693
0.0254352
0.0277715
0.0303303
0.0347278
0.0380873
0.314018
0.179512
0.110786
0.0735314
0.0523556
0.0396625
0.0316468
0.0263211
0.0226274
0.0199751
0.0180192
0.0165493
0.0154325
0.0145815
0.013938
0.0134617
0.0131244
0.0129061
0.0127925
0.0127745
0.0128382
0.0129764
0.0131836
0.0134551
0.0137862
0.0141722
0.0146075
0.0150858
0.0155996
0.0161396
0.0166955
0.0172554
0.0178063
0.0183346
0.0188266
0.0192698
0.0196532
0.0199687
0.020212
0.020383
0.0204866
0.0205321
0.0205333
0.0205074
0.0204745
0.0204554
0.0204745
0.0205546
0.0207267
0.0210096
0.0214519
0.0220622
0.0229435
0.0240671
0.0256925
0.0276574
0.0306603
0.0340945
0.0397022
0.0446443
0.330849
0.19444
0.121327
0.0812101
0.0583864
0.0447102
0.036039
0.030262
0.0262389
0.0233357
0.0211833
0.0195563
0.0183119
0.017356
0.0166251
0.016075
0.0156743
0.0154001
0.0152357
0.0151691
0.0151828
0.0152685
0.015419
0.0156277
0.0158883
0.0161943
0.0165388
0.0169142
0.0173123
0.0177236
0.0181383
0.0185455
0.0189343
0.019294
0.0196147
0.0198879
0.0201078
0.0202711
0.0203783
0.0204339
0.0204462
0.0204274
0.0203931
0.0203616
0.0203535
0.0203898
0.0204959
0.0206956
0.0210215
0.0214951
0.0221711
0.0230657
0.0242953
0.0258509
0.0280165
0.0306856
0.0345887
0.0393201
0.0465726
0.0540472
0.36319
0.220638
0.138419
0.0926927
0.0667596
0.0513032
0.0415191
0.0350025
0.0304557
0.0271632
0.0247109
0.0228468
0.0214104
0.0202961
0.0194314
0.0187659
0.018263
0.017896
0.0176447
0.0174932
0.0174221
0.0174211
0.0174808
0.017593
0.0177499
0.0179439
0.0181671
0.0184117
0.0186693
0.0189312
0.0191887
0.0194331
0.0196561
0.0198503
0.0200095
0.0201297
0.0202092
0.0202492
0.0202542
0.0202317
0.020193
0.020152
0.0201256
0.0201328
0.020195
0.0203343
0.0205783
0.0209528
0.0214941
0.0222307
0.0232249
0.0245112
0.0262171
0.0283824
0.0312944
0.0349995
0.0401512
0.0469035
0.0564452
0.0681573
0.424712
0.265873
0.16531
0.109273
0.0780673
0.059771
0.0482985
0.0406847
0.0353704
0.0315125
0.0286279
0.0264235
0.0247125
0.023371
0.022314
0.0214814
0.0208298
0.0203269
0.019948
0.0196736
0.0194827
0.019362
0.0193
0.0192868
0.0193133
0.0193711
0.0194521
0.0195484
0.0196524
0.0197567
0.0198543
0.0199389
0.0200052
0.0200492
0.0200684
0.0200627
0.0200342
0.0199875
0.0199302
0.0198726
0.0198276
0.0198107
0.0198401
0.0199357
0.0201208
0.0204208
0.0208666
0.0214893
0.0223314
0.0234363
0.0248752
0.0267208
0.0291029
0.0321713
0.0361587
0.0414755
0.048433
0.0585322
0.0713865
0.0905901
0.542239
0.343777
0.206978
0.132995
0.0935457
0.0710549
0.0571389
0.0479381
0.041509
0.0368277
0.0333132
0.0306129
0.0285013
0.0268283
0.0254904
0.0244144
0.0235468
0.0228478
0.0222871
0.0218413
0.0214874
0.0212084
0.0209902
0.020821
0.0206905
0.0205897
0.0205105
0.0204455
0.020388
0.0203321
0.0202731
0.020207
0.0201317
0.0200462
0.0199517
0.0198512
0.0197502
0.0196561
0.0195791
0.0195315
0.0195282
0.0195863
0.0197257
0.0199693
0.020344
0.0208823
0.0216197
0.0225998
0.0238752
0.0255188
0.0276111
0.0303028
0.0337021
0.038198
0.0438319
0.0518402
0.0615752
0.0776337
0.0955456
0.128927
0.771786
0.479847
0.271824
0.167957
0.116277
0.087679
0.0701405
0.0585348
0.0503897
0.0444302
0.0399326
0.0364549
0.0337134
0.0315182
0.0297382
0.0282801
0.027076
0.0260751
0.0252389
0.0245392
0.0239494
0.0234472
0.0230153
0.0226395
0.0223083
0.0220118
0.0217416
0.021491
0.0212542
0.0210271
0.0208068
0.0205921
0.0203834
0.0201831
0.0199952
0.0198259
0.0196834
0.019578
0.0195222
0.0195308
0.019621
0.0198132
0.0201311
0.0206034
0.0212655
0.0221611
0.0233361
0.0248593
0.0267995
0.029289
0.0324146
0.0364905
0.0415449
0.0484913
0.056859
0.0697541
0.0841079
0.111671
0.137753
0.200186
1.2404
0.725376
0.3758
0.223706
0.153902
0.115782
0.0923443
0.0767077
0.0656419
0.0574898
0.0512958
0.0464702
0.0426323
0.0395263
0.036975
0.0348523
0.0330663
0.0315483
0.0302462
0.0291237
0.0281467
0.0272856
0.0265179
0.0258263
0.0251965
0.0246172
0.0240794
0.0235763
0.023103
0.0226567
0.0222365
0.0218435
0.021481
0.0211542
0.0208701
0.0206382
0.0204696
0.020378
0.0203793
0.0204921
0.0207386
0.0211453
0.0217441
0.0225761
0.0236936
0.0251589
0.0270428
0.0294644
0.0325209
0.0364677
0.0413894
0.0479563
0.0559755
0.0675471
0.080901
0.103515
0.126192
0.177912
0.217652
0.344722
2.26476
1.19186
0.55322
0.323902
0.224944
0.169798
0.135461
0.11224
0.0956357
0.0833114
0.0738781
0.06647
0.0605256
0.0556664
0.0516295
0.0482277
0.0453244
0.042818
0.0406313
0.0387109
0.037007
0.0354784
0.0340941
0.03283
0.0316669
0.0305901
0.0295885
0.0286544
0.0277829
0.0269724
0.0262236
0.0255403
0.0249286
0.0243972
0.023957
0.0236216
0.0234069
0.0233318
0.0234184
0.0236935
0.024189
0.0249449
0.0260105
0.0274537
0.0293565
0.0318275
0.0349869
0.0390624
0.0442062
0.0509482
0.0593458
0.0708917
0.0847986
0.10601
0.129335
0.173092
0.211772
0.318406
0.380694
0.662767
4.71939
2.14485
0.887452
0.529505
0.37531
0.284846
0.227872
0.188802
0.160614
0.139566
0.123351
0.110526
0.100155
0.0916041
0.0844334
0.0783292
0.0730633
0.0684659
0.0644083
0.060798
0.0575539
0.0546129
0.0519262
0.0494558
0.047172
0.0450524
0.043081
0.0412469
0.0395446
0.0379729
0.036535
0.035238
0.0340925
0.0331127
0.032316
0.0317235
0.0313599
0.0312549
0.0314438
0.0319704
0.0328886
0.0342688
0.0361988
0.0388082
0.0422333
0.0467061
0.0524508
0.0599491
0.0694711
0.0822056
0.098092
0.120663
0.147437
0.190661
0.235548
0.329175
0.400075
0.641019
0.73742
1.41717
11.3212
4.29538
1.60466
1.00664
0.726748
0.55345
0.44437
0.368819
0.314048
0.273025
0.241285
0.216049
0.195518
0.178472
0.164066
0.151699
0.140935
0.131451
0.123001
0.115402
0.108506
0.102202
0.096401
0.0910348
0.0860505
0.0814091
0.0770835
0.0730571
0.0693223
0.0658797
0.0627371
0.0599088
0.0574151
0.0552817
0.0535399
0.0522266
0.0513861
0.0510715
0.0513482
0.0522995
0.0540309
0.056685
0.0604418
0.0655675
0.0723556
0.0813271
0.0929583
0.108372
0.128098
0.15503
0.188641
0.237913
0.295226
0.393002
0.487936
0.708694
0.847398
1.44268
1.57568
3.35158
31.8343
9.83486
3.38434
2.2473
1.63484
1.24497
1.00285
0.834462
0.712395
0.62101
0.550176
0.493678
0.447506
0.408949
0.376136
0.347743
0.322816
0.30065
0.280712
0.262592
0.245994
0.230686
0.216485
0.203252
0.190884
0.179307
0.168474
0.158359
0.148956
0.140275
0.132339
0.125184
0.118855
0.113408
0.108906
0.105424
0.103051
0.101897
0.102097
0.103833
0.107337
0.112934
0.12104
0.132265
0.147335
0.167523
0.193953
0.229493
0.275272
0.338961
0.418293
0.538012
0.674162
0.919222
1.14031
1.71474
2.00464
3.62081
3.7238
8.7831
108.311
26.6322
8.49746
5.87236
4.26124
3.23572
2.61237
2.1797
1.86745
1.63452
1.4541
1.31
1.19184
1.09265
1.00763
0.933434
0.867655
0.808538
0.754769
0.705339
0.659568
0.616909
0.576947
0.539381
0.503997
0.470663
0.439308
0.409914
0.382508
0.35715
0.333927
0.312947
0.294332
0.278216
0.264746
0.25409
0.246442
0.242044
0.241209
0.244363
0.252075
0.265164
0.28468
0.312255
0.349785
0.400736
0.468067
0.559851
0.678772
0.847166
1.05649
1.38132
1.74262
2.42804
3.00183
4.66876
5.31957
10.2074
9.84247
25.8025
)
;

boundaryField
{
    inlet
    {
        type            fixedValue;
        value           uniform 0.63;
    }
    outlet
    {
        type            zeroGradient;
    }
    fixedWalls
    {
        Cmu             0.09;
        kappa           0.41;
        E               9.8;
        type            epsilonWallFunction;
        value           nonuniform List<scalar> 
120
(
108.311
26.6322
8.49746
5.87236
4.26124
3.23572
2.61237
2.1797
1.86745
1.63452
1.4541
1.31
1.19184
1.09265
1.00763
0.933434
0.867655
0.808538
0.754769
0.705339
0.659568
0.616909
0.576947
0.539381
0.503997
0.470663
0.439308
0.409914
0.382508
0.35715
0.333927
0.312947
0.294332
0.278216
0.264746
0.25409
0.246442
0.242044
0.241209
0.244363
0.252075
0.265164
0.28468
0.312255
0.349785
0.400736
0.468067
0.559851
0.678772
0.847166
1.05649
1.38132
1.74262
2.42804
3.00183
4.66876
5.31957
10.2074
9.84247
25.8025
54.1731
1.09751
0.0202984
0.134468
0.0725438
0.0863369
0.0616236
0.0575884
0.046144
0.0419835
0.0365712
0.0343308
0.0323596
0.0321167
0.0325314
0.0341143
0.0364638
0.0398011
0.0440073
0.0492163
0.055422
0.0626981
0.0710361
0.0804266
0.0907932
0.102038
0.114011
0.126511
0.13926
0.151906
0.164011
0.175054
0.184444
0.19151
0.19555
0.195899
0.191991
0.183402
0.170069
0.152275
0.131089
0.108038
0.0854429
0.0811993
0.124375
0.187739
0.275578
0.402525
0.567028
0.807033
1.0887
1.53704
1.97956
2.87168
3.4768
5.52109
6.01405
11.7077
10.7372
29.1616
)
;
    }
    frontAndBack
    {
        type            empty;
    }
}


// ************************************************************************* //
