/*--------------------------------*- C++ -*----------------------------------*\
| =========                 |                                                 |
| \\      /  F ield         | OpenFOAM: The Open Source CFD Toolbox           |
|  \\    /   O peration     | Version:  2.4.0                                 |
|   \\  /    A nd           | Web:      www.OpenFOAM.org                      |
|    \\/     M anipulation  |                                                 |
\*---------------------------------------------------------------------------*/
FoamFile
{
    version     2.0;
    format      ascii;
    class       volScalarField;
    location    "5.61";
    object      epsilon;
}
// * * * * * * * * * * * * * * * * * * * * * * * * * * * * * * * * * * * * * //

dimensions      [0 2 -3 0 0 0 0];

internalField   nonuniform List<scalar> 
6000
(
54.173
1.09754
0.0202948
0.134473
0.072542
0.086329
0.0616112
0.0575707
0.0461205
0.0419515
0.0365297
0.034277
0.0322864
0.0320083
0.0323668
0.0338717
0.0361232
0.0393389
0.0433914
0.0483986
0.054337
0.0612641
0.0691608
0.0780129
0.0877452
0.0982627
0.109425
0.121041
0.132847
0.144508
0.15561
0.165664
0.17412
0.180352
0.18373
0.183657
0.179644
0.171334
0.158714
0.142068
0.122416
0.101112
0.0803125
0.0752262
0.115341
0.174383
0.25608
0.374972
0.528701
0.756074
1.02152
1.45347
1.87423
2.74967
3.3268
5.36273
5.81602
11.5385
10.4867
29.171
17.723
0.975448
0.0253719
0.0742148
0.0418196
0.0473865
0.0343758
0.0316275
0.0254981
0.0230184
0.0200595
0.0187038
0.0175489
0.0172569
0.0173075
0.0179175
0.0188889
0.0203032
0.0220895
0.0242847
0.0268654
0.0298426
0.0331971
0.0369136
0.0409551
0.045281
0.0498373
0.0545548
0.0593422
0.0640863
0.0686487
0.0728677
0.0765592
0.0795063
0.0814951
0.082301
0.0817223
0.079578
0.0757779
0.0703071
0.0634018
0.0554315
0.0472208
0.0461103
0.0656439
0.0927256
0.128292
0.177431
0.238934
0.326189
0.427294
0.58485
0.743031
1.04997
1.2763
1.96358
2.20271
4.06143
3.9827
9.81281
7.13599
0.711146
0.0303091
0.0435397
0.0252873
0.0273078
0.0200763
0.0182054
0.0147644
0.0132468
0.0115693
0.0107482
0.0100783
0.00987266
0.00986951
0.010165
0.0106588
0.0113832
0.0123012
0.0134255
0.0147423
0.0162535
0.0179482
0.0198177
0.0218451
0.0240131
0.0263001
0.028679
0.0311146
0.0335637
0.0359736
0.0382817
0.0404141
0.0422863
0.0438073
0.0448723
0.0453793
0.0452231
0.0443216
0.0426118
0.0401321
0.0369868
0.0335644
0.0339579
0.0452335
0.060157
0.0788306
0.103231
0.132643
0.17224
0.217478
0.284185
0.352922
0.476022
0.576882
0.839536
0.967754
1.64572
1.73067
3.75911
3.42004
0.518231
0.0345374
0.0274532
0.0160616
0.0164818
0.0122305
0.0109345
0.00891574
0.00796266
0.00698255
0.00648558
0.00610341
0.00598806
0.00600305
0.00619272
0.00650504
0.00695426
0.00752149
0.00821222
0.00901964
0.00994428
0.0109807
0.0121244
0.0133673
0.0147012
0.0161162
0.0175998
0.0191359
0.0207045
0.0222814
0.0238373
0.0253354
0.0267439
0.0280106
0.0290819
0.0299029
0.0304136
0.0305603
0.0302939
0.0296112
0.0285376
0.0272816
0.0283247
0.0356794
0.04511
0.0565142
0.0707699
0.0874943
0.108922
0.133132
0.166648
0.201975
0.259577
0.311416
0.426244
0.499138
0.777364
0.865171
1.64902
1.89782
0.395524
0.0386517
0.0190393
0.0107889
0.0104257
0.00776363
0.00683841
0.00560153
0.00498832
0.00440279
0.00410616
0.00389836
0.00385457
0.00390103
0.00405905
0.00430126
0.00463484
0.00505052
0.00555155
0.00613497
0.00680121
0.00754755
0.00837138
0.00926821
0.0102335
0.0112619
0.0123465
0.013479
0.014649
0.0158442
0.0170497
0.0182483
0.0194271
0.0205553
0.0216046
0.0225449
0.0233413
0.0239593
0.0243635
0.0245389
0.0244801
0.0243122
0.0256437
0.0309193
0.0375117
0.0452755
0.0546429
0.0654516
0.0787719
0.0938156
0.113502
0.134844
0.166474
0.197561
0.255819
0.301726
0.431691
0.499724
0.839249
1.19136
0.318419
0.0429774
0.0149622
0.00776922
0.00694148
0.00514273
0.00445291
0.00365962
0.00325537
0.00290048
0.00272962
0.00262922
0.00263655
0.00271026
0.0028612
0.00307493
0.00335587
0.00369993
0.00410961
0.00458398
0.00512362
0.00572712
0.00639292
0.0071184
0.00790102
0.0087379
0.00962564
0.0105601
0.0115363
0.0125484
0.0135889
0.014653
0.0157315
0.0168066
0.0178616
0.0188779
0.0198326
0.020701
0.021456
0.0220809
0.0225596
0.0229751
0.0244342
0.0285089
0.0334859
0.0392157
0.0459177
0.0535465
0.0626529
0.0729775
0.0859012
0.100363
0.120133
0.141253
0.175208
0.20738
0.276664
0.328395
0.493899
0.829185
0.268834
0.0475681
0.0135345
0.00612366
0.00490795
0.00357125
0.00302584
0.00248961
0.00221552
0.00199883
0.00190768
0.00187399
0.00191584
0.00200923
0.00216023
0.00236153
0.00261653
0.00292402
0.00328633
0.00370374
0.00417706
0.00470583
0.00528936
0.00592649
0.00661623
0.00735764
0.00814959
0.00899062
0.00987894
0.0108121
0.0117864
0.0128016
0.0138493
0.014918
0.0159966
0.0170714
0.0181259
0.0191411
0.0200961
0.0209764
0.0217614
0.0225122
0.0240255
0.0273515
0.03133
0.0358214
0.0409322
0.0466718
0.0533319
0.0608942
0.0700276
0.0805221
0.094011
0.109471
0.131476
0.155706
0.197151
0.237757
0.327031
0.62842
0.235882
0.0523315
0.0138409
0.00540451
0.00373733
0.00262138
0.00215616
0.00176937
0.00157627
0.00144363
0.0014031
0.00141105
0.00147562
0.00158249
0.00173561
0.00193175
0.00217403
0.00246294
0.00280092
0.00318906
0.00362857
0.00411984
0.00466307
0.00525825
0.00590562
0.00660555
0.00735829
0.00816386
0.00902196
0.00993164
0.0108913
0.0119001
0.012951
0.0140359
0.0151458
0.01627
0.0173956
0.0185072
0.0195885
0.0206286
0.0216009
0.0225586
0.0240907
0.0269178
0.0302334
0.0339129
0.0380003
0.042529
0.0476527
0.0534571
0.0602597
0.0682137
0.0779717
0.0897503
0.105087
0.123985
0.151082
0.183617
0.235656
0.510221
0.213249
0.0571122
0.015358
0.00536414
0.003119
0.00205851
0.00162382
0.00132071
0.00117658
0.00109502
0.00108652
0.00112069
0.00120042
0.00131696
0.00147333
0.00166875
0.00190632
0.00218763
0.00251534
0.00289123
0.00331699
0.00379373
0.00432242
0.00490389
0.00553917
0.00622939
0.00697552
0.00777822
0.00863778
0.0095538
0.0105252
0.0115498
0.012622
0.013735
0.0148809
0.0160508
0.0172337
0.0184171
0.0195878
0.0207371
0.0218311
0.0229245
0.0244571
0.0269328
0.0297808
0.0328932
0.0362789
0.0399808
0.0440761
0.048692
0.0539649
0.0601903
0.0675572
0.0767653
0.0880121
0.102998
0.121914
0.148148
0.18037
0.437372
0.197245
0.0617393
0.0177434
0.00586901
0.00289356
0.00175377
0.00130614
0.001043
0.000925692
0.000874361
0.00088586
0.000936903
0.00102736
0.00115174
0.00131264
0.00151072
0.00174925
0.00203053
0.00235755
0.00273263
0.00315796
0.00363524
0.00416597
0.00475154
0.00539344
0.00609316
0.006852
0.00767083
0.00855014
0.00948965
0.0104875
0.0115409
0.012645
0.0137935
0.0149793
0.016194
0.0174282
0.0186708
0.0199114
0.021139
0.0223173
0.0235033
0.0250258
0.0272423
0.0297435
0.0324383
0.0353154
0.0384212
0.0417893
0.0455602
0.0497746
0.054773
0.0605223
0.0678738
0.0764455
0.0884804
0.102358
0.123572
0.144583
0.390904
0.185658
0.0660586
0.0207421
0.00683973
0.00298508
0.00163877
0.00113485
0.00087901
0.000771871
0.000736788
0.000760359
0.000822627
0.000921431
0.00105308
0.00121993
0.00142354
0.00166735
0.00195421
0.00228744
0.00266983
0.00310397
0.003592
0.00413582
0.00473716
0.00539769
0.00611911
0.00690281
0.00774965
0.00866015
0.00963365
0.0106671
0.0117577
0.0129008
0.0140902
0.0153188
0.0165787
0.0178613
0.0191564
0.0204553
0.021739
0.02298
0.0242301
0.0257361
0.0277535
0.0299864
0.0323595
0.0348504
0.0375058
0.0403343
0.0434773
0.0469245
0.0510196
0.0556247
0.0616037
0.0683399
0.0781364
0.0887256
0.105989
0.120357
0.360498
0.177122
0.0699522
0.0241415
0.00822659
0.0033537
0.00168138
0.00107336
0.00079667
0.000685663
0.000656632
0.000686732
0.000756715
0.000862648
0.00100168
0.00117594
0.00138754
0.0016401
0.00193686
0.00228148
0.00267712
0.00312672
0.00363275
0.00419737
0.00482247
0.00550983
0.0062612
0.00707793
0.00796082
0.00891029
0.00992459
0.0109999
0.0121336
0.0133206
0.0145547
0.0158286
0.0171342
0.0184636
0.0198069
0.0211543
0.02248
0.0237685
0.0250631
0.0265478
0.0284068
0.0304246
0.0325401
0.0347257
0.0370268
0.0394378
0.0420957
0.0449632
0.0483709
0.0521335
0.0570749
0.0624999
0.0705902
0.0789327
0.093131
0.103398
0.340228
0.170763
0.0733486
0.0277512
0.00998366
0.00397944
0.00187321
0.00110436
0.00077896
0.000650728
0.000619347
0.000651659
0.000726974
0.000839419
0.000986264
0.00116934
0.00139105
0.00165518
0.0019653
0.00232533
0.00273878
0.00320885
0.00373825
0.00432932
0.00498403
0.00570412
0.00649136
0.00734704
0.00827174
0.00926582
0.0103255
0.0114474
0.0126281
0.0138625
0.0151439
0.0164645
0.0178161
0.0191911
0.0205794
0.0219648
0.0233243
0.024649
0.0259731
0.027433
0.0291616
0.0310013
0.0329038
0.0348393
0.036852
0.0389279
0.0411979
0.0436109
0.0464789
0.0495984
0.0537371
0.0581912
0.0649682
0.071713
0.0835489
0.0911764
0.326536
0.166004
0.0762223
0.0313991
0.0120573
0.00485466
0.00221458
0.0012232
0.000818369
0.000658732
0.00061706
0.000647692
0.000726439
0.000845013
0.00100018
0.00119336
0.00142704
0.00170514
0.00203147
0.00241019
0.00284508
0.00333957
0.00389653
0.0045184
0.00520717
0.00596449
0.00679209
0.00769115
0.00866197
0.00970454
0.0108131
0.0119847
0.0132154
0.0144995
0.0158298
0.017198
0.0185954
0.0200144
0.021443
0.0228582
0.0242454
0.0255969
0.0269388
0.0283706
0.0299883
0.0316765
0.0333978
0.0351224
0.0368929
0.0386911
0.0406414
0.0426864
0.0451186
0.047731
0.0512341
0.0549452
0.060697
0.0662645
0.0762743
0.0821297
0.317206
0.162446
0.0785877
0.0349356
0.0143803
0.00597417
0.00270887
0.00143468
0.000913942
0.000706571
0.000646132
0.000671036
0.000751376
0.000875709
0.00103969
0.00124413
0.00149142
0.00178559
0.00213055
0.00253071
0.00299007
0.00351221
0.00410012
0.00475629
0.00548267
0.00628076
0.00715223
0.0080981
0.00911837
0.0102121
0.0113722
0.0125957
0.0138782
0.0152134
0.0165934
0.0180092
0.0194515
0.0209129
0.0223739
0.0238141
0.0252234
0.0265937
0.0279436
0.0293442
0.0308649
0.0324207
0.0339837
0.0355256
0.0370874
0.0386493
0.040329
0.0420673
0.0441385
0.0463393
0.0493276
0.0524531
0.0573913
0.0620628
0.070648
0.0752628
0.310816
0.159806
0.0804886
0.0382392
0.0168718
0.00732637
0.00336266
0.00174782
0.00106986
0.000794939
0.000705867
0.000720365
0.00080021
0.000929789
0.00110297
0.0013197
0.00158208
0.00189415
0.00225989
0.00268389
0.0031703
0.00372282
0.00434452
0.00503787
0.00580476
0.00664646
0.00756457
0.00855996
0.00963226
0.0107788
0.0119922
0.0132691
0.0146045
0.0159912
0.0174209
0.0188837
0.0203693
0.0218686
0.0233557
0.0248171
0.026243
0.0276246
0.0289741
0.0303404
0.0317734
0.0332108
0.0346327
0.0360125
0.0373905
0.0387461
0.0401916
0.041668
0.0434333
0.0452912
0.0478537
0.0505055
0.0547863
0.0587562
0.0662146
0.0699258
0.306431
0.157877
0.0819868
0.0412222
0.0194404
0.00888843
0.00418397
0.00217065
0.00129495
0.000927672
0.000797871
0.000796208
0.000872948
0.00100698
0.00118958
0.0014195
0.00169827
0.00202993
0.00241836
0.0028683
0.00338402
0.00396929
0.00462718
0.00536014
0.00616992
0.00705754
0.00802449
0.00907149
0.0101978
0.0113982
0.0126658
0.0139968
0.0153853
0.0168235
0.018302
0.0198103
0.0213372
0.0228663
0.0243761
0.0258545
0.0272914
0.0286773
0.0300187
0.0313475
0.0326993
0.0340284
0.0353216
0.0365549
0.0377677
0.0389398
0.0401784
0.0414263
0.0429271
0.0444932
0.0466965
0.048956
0.0526962
0.0561023
0.0626552
0.0656842
0.303426
0.156498
0.0831521
0.0438317
0.0219914
0.0106236
0.00517589
0.00271248
0.00159982
0.00111156
0.000925794
0.000900652
0.000970883
0.00110817
0.00130017
0.001544
0.00184034
0.0021931
0.00260595
0.00308372
0.00363075
0.00425082
0.00494698
0.00572157
0.00657622
0.00751158
0.00852909
0.00962929
0.0108107
0.0120654
0.0133878
0.0147729
0.016214
0.0177026
0.0192286
0.0207804
0.0223421
0.0238961
0.0254249
0.0269156
0.0283578
0.0297413
0.0310675
0.0323551
0.0336299
0.0348579
0.0360318
0.0371303
0.038192
0.0391979
0.0402508
0.0412957
0.042564
0.0438767
0.0457718
0.0476997
0.0509877
0.0539306
0.0597436
0.0622409
0.301375
0.155549
0.0840543
0.0460481
0.0244354
0.0124813
0.00633319
0.00338341
0.00199337
0.00135645
0.0010953
0.00103724
0.00109645
0.00123521
0.00143627
0.00169456
0.00200947
0.00238469
0.00282352
0.00333082
0.00391093
0.0045676
0.00530378
0.00612169
0.0070228
0.00800735
0.00907668
0.0102312
0.0114679
0.0127773
0.0141542
0.0155926
0.0170853
0.0186228
0.020194
0.0217843
0.0233746
0.0249498
0.0264932
0.027991
0.0294327
0.0308068
0.032111
0.0333539
0.0345538
0.0356858
0.0367473
0.0377198
0.0386415
0.0394947
0.0403783
0.0412403
0.0423011
0.0433905
0.0450169
0.0466596
0.0495632
0.052118
0.0573162
0.0593881
0.299986
0.154931
0.0847574
0.0478797
0.0266958
0.0143995
0.00763956
0.00418984
0.00248581
0.0016721
0.0013142
0.001211
0.00125318
0.00139089
0.00160025
0.00187329
0.0022076
0.0026065
0.00307269
0.00361103
0.00422577
0.00492056
0.00569824
0.00656085
0.00750967
0.00854443
0.00966644
0.010876
0.0121675
0.0135312
0.0149619
0.0164525
0.0179949
0.0195789
0.0211914
0.0228129
0.0244277
0.0260199
0.0275728
0.0290722
0.0305071
0.0318652
0.0331407
0.034335
0.0354607
0.0365
0.0374542
0.0383075
0.0390978
0.039809
0.0405367
0.0412317
0.042105
0.042995
0.044384
0.0457777
0.0483497
0.0505741
0.0552533
0.0569773
0.299055
0.154568
0.0853167
0.0493562
0.028715
0.0163098
0.00906624
0.0051318
0.00308692
0.00206731
0.0015923
0.00142851
0.00144575
0.00157886
0.00179522
0.00208301
0.00243732
0.00286094
0.0033557
0.00392639
0.00457708
0.0053113
0.00613166
0.00704
0.00803742
0.00912308
0.0102982
0.0115632
0.0129083
0.0143255
0.0158086
0.0173493
0.0189391
0.0205661
0.0222121
0.0238606
0.0254953
0.0270994
0.0286564
0.0301514
0.0315729
0.032908
0.0341484
0.0352896
0.036341
0.0372894
0.0381399
0.0388791
0.0395449
0.0401228
0.0407054
0.0412467
0.0419491
0.0426589
0.0438359
0.0450097
0.0472919
0.049231
0.0534656
0.0549003
0.298442
0.154397
0.0857773
0.0505208
0.0304574
0.0181438
0.0105724
0.0062006
0.00380322
0.00255212
0.00193827
0.00169809
0.00168001
0.00180366
0.00202503
0.00232719
0.00270184
0.00315102
0.00367537
0.00427949
0.00496725
0.0057419
0.00660584
0.00756062
0.00860719
0.009744
0.0109723
0.0122924
0.0136895
0.0151588
0.0166922
0.0182806
0.019914
0.0215763
0.0232514
0.0249222
0.0265714
0.0281819
0.0297367
0.0312207
0.032622
0.0339272
0.0351258
0.0362097
0.0371854
0.0380439
0.0387931
0.0394221
0.0399689
0.0404206
0.0408675
0.0412661
0.0418114
0.0423572
0.0433432
0.0443208
0.046347
0.0480369
0.0518853
0.0530765
0.298046
0.154368
0.0861738
0.0514241
0.0319099
0.0198397
0.0121075
0.00737709
0.00463577
0.00313492
0.00236123
0.00202842
0.00196308
0.00207075
0.00229424
0.0026099
0.00300493
0.00348029
0.004035
0.00467344
0.00539909
0.00621493
0.00712302
0.00812458
0.00922046
0.0104083
0.0116893
0.0130629
0.0145107
0.01603
0.0176111
0.0192427
0.0209127
0.0226057
0.0243049
0.0259924
0.0276504
0.0292609
0.0308069
0.032273
0.0336469
0.0349148
0.0360652
0.0370869
0.037985
0.0387536
0.039403
0.0399249
0.0403572
0.040689
0.0410079
0.0412735
0.0416736
0.0420694
0.0428819
0.0436833
0.045481
0.0469515
0.0504608
0.0514455
0.2978
0.154442
0.0865316
0.0521175
0.0330793
0.021348
0.0136156
0.00863118
0.00557805
0.00382079
0.00286979
0.00242794
0.00230315
0.00238647
0.00260806
0.00293579
0.00335086
0.00385276
0.00443836
0.00511173
0.00587583
0.00673328
0.00768575
0.00873407
0.00987902
0.0111173
0.0124503
0.0138751
0.0153714
0.0169381
0.0185612
0.0202303
0.0219321
0.0236506
0.0253682
0.0270663
0.0287264
0.03033
0.03186
0.0333007
0.0346398
0.0358632
0.0369585
0.0379131
0.038731
0.039409
0.0399596
0.0403768
0.0406985
0.0409156
0.0411136
0.0412547
0.0415202
0.0417782
0.0424326
0.0430749
0.0446673
0.0459432
0.0491516
0.0499604
0.297654
0.154587
0.0868678
0.0526497
0.0339883
0.0226356
0.0150405
0.00992287
0.00661438
0.00460955
0.00347038
0.00290461
0.00270812
0.00275833
0.00297234
0.00330994
0.0037443
0.00427279
0.00488956
0.00559819
0.00640099
0.00730016
0.00829685
0.00939147
0.0105848
0.0118726
0.0132563
0.0147294
0.0162707
0.0178786
0.0195392
0.0212408
0.0229691
0.0247072
0.0264367
0.0281385
0.0297935
0.0313827
0.032889
0.0342965
0.0355929
0.0367642
0.0377978
0.0386801
0.0394149
0.0400012
0.0404533
0.0407676
0.0409821
0.0410894
0.0411728
0.0411973
0.0413378
0.0414691
0.0419789
0.0424772
0.043884
0.0449867
0.047926
0.0485851
0.297576
0.154779
0.0871932
0.0530639
0.0346699
0.0236873
0.0163316
0.011205
0.00771914
0.00549393
0.00416566
0.00346484
0.00318501
0.00319338
0.00339438
0.00373773
0.00419017
0.00474499
0.00539291
0.00613684
0.00697829
0.00791888
0.00895926
0.0100993
0.0113399
0.0126757
0.0141077
0.0156231
0.0172054
0.01885
0.0205432
0.0222717
0.0240202
0.0257712
0.0275056
0.0292036
0.0308455
0.0324124
0.0338867
0.0352528
0.0364985
0.03761
0.0385749
0.0393797
0.0400282
0.0405212
0.0408749
0.0410879
0.0411981
0.0412002
0.041175
0.0410903
0.0411148
0.0411297
0.0415071
0.041875
0.0431133
0.0440616
0.0467586
0.0472911
0.297541
0.155
0.0875136
0.0533957
0.0351634
0.0245048
0.017449
0.0124276
0.00885732
0.0064581
0.00495276
0.00411215
0.00373948
0.00369742
0.00387973
0.00422574
0.00469452
0.00527395
0.00595274
0.00673173
0.00761143
0.00859281
0.0096759
0.01086
0.0121448
0.0135258
0.0150018
0.0165558
0.0181744
0.0198507
0.0215705
0.0233195
0.0250816
0.0268381
0.0285696
0.0302556
0.0318762
0.0334119
0.0348456
0.0361617
0.0373483
0.0383924
0.0392818
0.0400037
0.0405623
0.0409603
0.0412154
0.0413284
0.0413374
0.0412385
0.0411106
0.0409238
0.0408409
0.040749
0.0410055
0.0412556
0.0423408
0.0431514
0.0456293
0.0460556
0.297533
0.155235
0.0878311
0.0536738
0.035509
0.0251043
0.0183671
0.0135426
0.00998664
0.00747701
0.00582163
0.00484552
0.00437467
0.00427484
0.00443287
0.00477816
0.00526152
0.00586465
0.00657354
0.00738675
0.00830358
0.00932428
0.0104482
0.0116739
0.0130002
0.0144235
0.0159384
0.0175266
0.0191762
0.0208782
0.0226183
0.0243808
0.0261488
0.0279029
0.029623
0.0312882
0.0328784
0.034374
0.0357579
0.0370152
0.0381342
0.0391028
0.0399099
0.0405435
0.0410087
0.0413098
0.0414662
0.0414805
0.0413911
0.0411956
0.0409708
0.040689
0.0405069
0.0403179
0.0404641
0.0406083
0.0415542
0.0422424
0.0445216
0.0448603
0.297542
0.155474
0.0881457
0.0539194
0.035745
0.0255126
0.0190755
0.014509
0.011061
0.00851695
0.00675392
0.00565788
0.0050898
0.00492758
0.00505657
0.00539795
0.00589415
0.00652
0.00725813
0.00810453
0.00905712
0.0101153
0.0112777
0.0125422
0.0139069
0.0153689
0.0169169
0.0185339
0.0202085
0.0219298
0.0236829
0.0254512
0.0272168
0.0289597
0.0306594
0.0322945
0.0338447
0.0352906
0.0366154
0.0378046
0.0388474
0.0397327
0.0404506
0.0409907
0.0413589
0.0415614
0.0416188
0.0415359
0.0413511
0.0410635
0.0407475
0.0403779
0.0401049
0.039828
0.0398743
0.039924
0.0407435
0.0413237
0.0434223
0.0436906
0.29756
0.155711
0.0884561
0.0541474
0.0359052
0.025763
0.0195792
0.0152974
0.0120351
0.00953741
0.00772256
0.00653474
0.0058787
0.00565388
0.00575096
0.00608599
0.00659364
0.00724146
0.00800808
0.00888661
0.00987341
0.0109669
0.0121651
0.0134652
0.0148644
0.0163606
0.0179355
0.0195756
0.0212683
0.0230017
0.0247599
0.0265255
0.0282797
0.0300022
0.0316717
0.0332668
0.034767
0.0361532
0.0374091
0.038521
0.0394789
0.0402731
0.0408953
0.0413367
0.0416044
0.0417066
0.0416651
0.0414866
0.0412095
0.0408345
0.0404334
0.0399833
0.0396278
0.0392723
0.0392289
0.039195
0.0399004
0.0403859
0.0423206
0.0425344
0.297582
0.15594
0.0887603
0.0543678
0.0360179
0.0258908
0.0198956
0.015892
0.012869
0.0104944
0.00869264
0.00745341
0.00672848
0.00644694
0.0065124
0.00684014
0.00735872
0.00802833
0.00882306
0.00973284
0.0107523
0.011879
0.0131099
0.0144417
0.0158714
0.0173955
0.0189916
0.020648
0.0223516
0.0240889
0.0258436
0.0275974
0.0293308
0.0310228
0.0326519
0.0341966
0.0356364
0.0369527
0.0381298
0.039155
0.0400194
0.0407148
0.0412347
0.0415726
0.0417368
0.0417373
0.0415972
0.0413251
0.0409592
0.0405018
0.0400219
0.0394987
0.0390692
0.0386446
0.0385216
0.038415
0.0390179
0.0394216
0.0412077
0.041382
0.297606
0.156158
0.0890563
0.0545862
0.0361052
0.0259306
0.0200517
0.0162919
0.013533
0.0113449
0.00962351
0.00838318
0.00761864
0.00729376
0.00733229
0.00765423
0.00818463
0.00887683
0.00970005
0.0106407
0.0116916
0.0128492
0.0141098
0.0154694
0.016925
0.0184701
0.0200809
0.0217463
0.0234527
0.0251854
0.0269274
0.0286596
0.0303619
0.0320129
0.0335909
0.0350744
0.0364432
0.0376791
0.0387675
0.0396966
0.040459
0.0410482
0.0414599
0.0416897
0.0417477
0.0416456
0.0414076
0.0410443
0.0405936
0.040059
0.039507
0.0389186
0.0384238
0.0379396
0.0377472
0.0375786
0.0380903
0.0384247
0.0400765
0.0402256
0.297629
0.156365
0.0893421
0.0548054
0.0361832
0.0259133
0.0200794
0.0165093
0.01401
0.012051
0.0104722
0.00928665
0.00852095
0.00817421
0.00819603
0.00851696
0.00906214
0.00977923
0.0106325
0.0116046
0.0126862
0.0138728
0.0151601
0.0165434
0.0180203
0.019579
0.0211973
0.022864
0.0245645
0.0262834
0.0280027
0.0297031
0.0313636
0.0329627
0.0344785
0.0358897
0.0371766
0.0383217
0.0393114
0.0401352
0.0407875
0.0412636
0.0415614
0.0416793
0.0416289
0.0414237
0.0410891
0.0406376
0.0401065
0.0395007
0.0388836
0.0382382
0.037687
0.0371531
0.0369013
0.0366816
0.0371133
0.0373904
0.0389214
0.0390588
0.29765
0.156558
0.0896164
0.0550259
0.0362631
0.025865
0.0200124
0.0165673
0.0142974
0.0125849
0.0111978
0.0101224
0.00940024
0.00906082
0.0090823
0.00941111
0.00997666
0.0107229
0.0116093
0.0126146
0.0137274
0.0149418
0.0162531
0.0176561
0.0191494
0.0207142
0.0223327
0.0239923
0.0256779
0.0273732
0.0290597
0.0307174
0.0323251
0.033861
0.0353033
0.036631
0.037825
0.0388688
0.0397501
0.0404599
0.0409942
0.0413508
0.0415299
0.0415326
0.0413722
0.0410643
0.0406351
0.0400989
0.0394925
0.0388219
0.0381473
0.0374534
0.0368552
0.0362815
0.0359807
0.0357207
0.0360832
0.0363148
0.0377381
0.0378766
0.297669
0.156739
0.0898783
0.0552472
0.0363516
0.0258063
0.0198829
0.0164959
0.014406
0.0129316
0.0117657
0.0108485
0.0102166
0.00991946
0.00996288
0.0103129
0.0109075
0.0116895
0.0126142
0.0136563
0.0148019
0.0160439
0.0173774
0.0187967
0.0203002
0.021865
0.0234761
0.0251201
0.0267814
0.028443
0.030086
0.03169
0.0332336
0.0346949
0.0360523
0.0372853
0.0383756
0.0393081
0.0400715
0.040659
0.0410684
0.0412997
0.041356
0.041241
0.0409702
0.0405606
0.0400396
0.0394231
0.038747
0.0380187
0.0372945
0.0365612
0.0359257
0.0353224
0.034983
0.0346934
0.0349977
0.0351953
0.0365234
0.0366752
0.297685
0.156907
0.0901271
0.055468
0.0364518
0.025752
0.0197191
0.0163282
0.0143579
0.01309
0.0121523
0.0114274
0.0109283
0.0107111
0.0108034
0.0111922
0.0118277
0.0126544
0.0136247
0.0147092
0.0158911
0.0171623
0.0185172
0.0199502
0.0214582
0.0230171
0.0246134
0.0262332
0.0278607
0.0294786
0.0310674
0.0326066
0.0340747
0.0354499
0.0367111
0.0378384
0.0388148
0.0396261
0.0402631
0.0407206
0.0409988
0.0411002
0.0410305
0.0407965
0.0404155
0.0399063
0.0392973
0.0386056
0.0378664
0.0370879
0.0363229
0.0355595
0.0348965
0.0342741
0.0339067
0.0335984
0.0338552
0.0340301
0.035275
0.0354517
0.297699
0.157063
0.0903628
0.0556866
0.0365648
0.0257121
0.0195444
0.016097
0.0141831
0.013073
0.012347
0.0118297
0.0114966
0.0113946
0.0115648
0.0120131
0.0127041
0.0135869
0.0146123
0.0157468
0.0169707
0.0182743
0.0196516
0.0210967
0.0226049
0.0241524
0.0257268
0.0273143
0.0288989
0.0304629
0.031987
0.0334504
0.0348318
0.0361098
0.0372638
0.0382751
0.0391275
0.0398087
0.0403113
0.0406323
0.0407741
0.040742
0.0405445
0.0401913
0.0397016
0.0390961
0.0384038
0.037643
0.036848
0.0360277
0.0352309
0.0344473
0.0337671
0.0331361
0.0327513
0.0324351
0.0326552
0.0328184
0.0339918
0.0342042
0.297711
0.157208
0.0905857
0.0559018
0.0366898
0.0256924
0.0193765
0.0158322
0.0139151
0.0129046
0.0123541
0.0120385
0.0118892
0.0119309
0.0122065
0.012736
0.0134987
0.0144505
0.0155421
0.0167363
0.01801
0.0193513
0.0207537
0.0222114
0.0237167
0.0252483
0.0267947
0.0283423
0.0298752
0.0313759
0.0328251
0.0342022
0.0354863
0.0366565
0.0376931
0.0385784
0.039298
0.0398412
0.0402025
0.0403815
0.0403831
0.0402153
0.0398895
0.0394183
0.0388229
0.0381256
0.0373558
0.0365331
0.0356905
0.0348374
0.0340185
0.0332248
0.0325378
0.0319091
0.0315175
0.0312041
0.0313979
0.0315601
0.0326734
0.0329317
0.29772
0.157344
0.0907961
0.056112
0.0368249
0.0256952
0.0192277
0.0155589
0.0135878
0.0126164
0.012191
0.0120511
0.0120852
0.0122869
0.0126897
0.0133203
0.0141706
0.0152045
0.0163742
0.017639
0.0189721
0.0203586
0.0217911
0.0232636
0.024765
0.0262777
0.0277912
0.0292923
0.0307658
0.0321945
0.0335594
0.0348405
0.0360174
0.0370701
0.0379799
0.0387307
0.0393095
0.039708
0.0399228
0.039956
0.0398151
0.039511
0.039058
0.0384716
0.0377749
0.0369916
0.0361516
0.0352752
0.034394
0.0335177
0.0326869
0.0318936
0.0312105
0.0305946
0.0302069
0.0299069
0.0300848
0.0302563
0.0313203
0.0316339
0.297728
0.15747
0.0909948
0.0563164
0.0369679
0.0257206
0.0191056
0.0152964
0.0132321
0.0122438
0.0118861
0.0118796
0.0120777
0.0124401
0.0129817
0.0137279
0.0146789
0.0158064
0.0170652
0.0184119
0.0198148
0.0212558
0.0227253
0.0242171
0.0257156
0.0272084
0.0286857
0.0301354
0.0315431
0.0328923
0.0341647
0.0353413
0.0364023
0.037329
0.0381041
0.0387131
0.039145
0.0393936
0.0394583
0.0393435
0.0390597
0.0386207
0.0380435
0.0373466
0.0365547
0.0356928
0.0347911
0.0338702
0.0329603
0.0320712
0.0312389
0.0304568
0.0297882
0.0291958
0.0288224
0.028546
0.0287182
0.0289089
0.0299341
0.0303115
0.297734
0.157588
0.0911826
0.0565143
0.0371165
0.025767
0.0190139
0.0150586
0.0128741
0.0118218
0.0114744
0.0115487
0.0118748
0.0123815
0.0130603
0.0139275
0.0149864
0.0162152
0.0175713
0.0190092
0.0204924
0.0219978
0.0235129
0.02503
0.0265296
0.0280036
0.0294435
0.0308387
0.0321759
0.0334399
0.0346134
0.0356783
0.0366165
0.0374104
0.0380445
0.0385062
0.0387868
0.0388826
0.0387955
0.0385329
0.038108
0.0375375
0.0368413
0.0360404
0.0351611
0.0342297
0.033276
0.0323212
0.0313933
0.0305022
0.0296794
0.0289191
0.0282757
0.0277172
0.0273683
0.0271253
0.0273015
0.0275206
0.0285169
0.0289659
0.297738
0.157698
0.0913601
0.0567052
0.0372685
0.0258317
0.0189532
0.014854
0.0125339
0.0113822
0.0109937
0.0110928
0.0114991
0.0121179
0.0129172
0.013899
0.0150643
0.016395
0.0178516
0.0193865
0.020958
0.0225371
0.0241069
0.0256568
0.0271638
0.0286224
0.030026
0.0313658
0.0326302
0.0338052
0.0348752
0.0358237
0.036634
0.0372904
0.0377794
0.0380905
0.0382178
0.03816
0.037922
0.0375141
0.0369524
0.0362563
0.0354485
0.0345524
0.0335956
0.0326053
0.0316109
0.0306335
0.0296991
0.0288174
0.0280152
0.0272874
0.0266795
0.0261647
0.0258502
0.0256496
0.0258392
0.0260951
0.0270721
0.0275991
0.297742
0.157802
0.0915283
0.0568889
0.037422
0.0259117
0.0189221
0.0146868
0.0122257
0.010951
0.0104801
0.0105512
0.0109845
0.0116712
0.0125597
0.0136364
0.0148957
0.0163202
0.0178725
0.0195039
0.0211673
0.0228268
0.0244594
0.0260505
0.0275722
0.029021
0.0303919
0.0316779
0.0328693
0.0339542
0.0349187
0.0357483
0.0364281
0.0369448
0.0372871
0.0374472
0.0374217
0.0372124
0.0368272
0.0362794
0.0355877
0.0347746
0.0338651
0.0328848
0.0318624
0.0308255
0.0298029
0.0288154
0.0278867
0.0270259
0.0262552
0.0255703
0.0250079
0.0245462
0.024275
0.0241254
0.0243368
0.0246373
0.0256036
0.0262141
0.297744
0.157901
0.091688
0.0570656
0.0375754
0.0260039
0.0189177
0.0145579
0.0119579
0.010548
0.00996509
0.00996371
0.0103717
0.0110757
0.0120113
0.0131504
0.0144792
0.0159785
0.0176123
0.019331
0.0210828
0.0228241
0.0245248
0.0261642
0.0277087
0.0291546
0.0304984
0.0317346
0.0328557
0.0338519
0.0347117
0.0354226
0.0359724
0.0363501
0.0365471
0.0365585
0.036384
0.0360285
0.0355028
0.0348235
0.0340119
0.0330932
0.0320946
0.0310435
0.0299693
0.0288998
0.0278628
0.0268785
0.025968
0.0251397
0.0244114
0.0237792
0.0232714
0.0228712
0.0226515
0.0225603
0.0228013
0.0231529
0.0241164
0.0248146
0.297746
0.157994
0.09184
0.0572353
0.0377274
0.0261053
0.0189365
0.0144655
0.0117346
0.0101866
0.00947389
0.00936656
0.00970362
0.0103745
0.0113088
0.0124682
0.013831
0.0153751
0.0170651
0.0188516
0.0206788
0.0224959
0.0242641
0.0259559
0.0275299
0.0289804
0.030304
0.0314965
0.0325524
0.0334642
0.0342229
0.0348186
0.0352419
0.0354845
0.0355411
0.0354097
0.0350934
0.0346002
0.0339444
0.0331452
0.032227
0.0312171
0.0301446
0.0290384
0.0279283
0.0268418
0.0258052
0.0248379
0.0239583
0.0231739
0.0224981
0.0219276
0.0214827
0.0211512
0.0209901
0.0209634
0.0212408
0.0216488
0.0226166
0.0234052
0.297747
0.158082
0.0919851
0.0573985
0.0378772
0.0262134
0.0189747
0.0144066
0.0115561
0.00987404
0.00902444
0.00878979
0.00902083
0.00961374
0.0104981
0.0116307
0.0129839
0.0145333
0.0162441
0.0180678
0.0199465
0.0218233
0.0236504
0.0253924
0.0269996
0.0284609
0.0297714
0.0309277
0.0319256
0.0327599
0.0334241
0.0339113
0.0342149
0.03433
0.0342544
0.0339898
0.0335426
0.0329242
0.032152
0.0312483
0.03024
0.0291563
0.028028
0.0268848
0.0257563
0.0246695
0.023649
0.0227128
0.0218766
0.021147
0.020533
0.020032
0.0196569
0.0193997
0.0193029
0.0193454
0.0196647
0.0201329
0.021111
0.0219911
0.297748
0.158167
0.092124
0.0575554
0.038024
0.0263259
0.0190286
0.014377
0.01142
0.00961312
0.0086278
0.00825574
0.00835765
0.00883764
0.00962921
0.0106884
0.0119854
0.0134942
0.0151819
0.0170023
0.0188976
0.0208066
0.0226739
0.0244548
0.0260935
0.0275685
0.0288719
0.0299995
0.0309478
0.0317135
0.0322925
0.0326808
0.0328751
0.0328738
0.0326783
0.0322939
0.0317305
0.0310032
0.0301323
0.029143
0.0280644
0.0269274
0.0257637
0.0246036
0.0234759
0.0224067
0.0214183
0.0205272
0.0197463
0.0190811
0.018537
0.0181115
0.0178114
0.0176325
0.017604
0.0177185
0.0180836
0.0186144
0.0196074
0.0205785
0.297749
0.158249
0.0922575
0.0577065
0.0381675
0.0264411
0.0190948
0.0143723
0.0113224
0.00940283
0.00828912
0.00777894
0.00774031
0.00808443
0.00875007
0.00969562
0.0108916
0.0123131
0.0139296
0.015699
0.0175664
0.0194694
0.0213468
0.0231456
0.0248052
0.0262909
0.0275896
0.0286946
0.0296019
0.0303092
0.0308143
0.0311161
0.0312145
0.0311114
0.0308119
0.030325
0.0296642
0.0288479
0.0278998
0.0268473
0.0257213
0.0245542
0.0233779
0.0222226
0.021116
0.0200824
0.0191421
0.0183094
0.0175947
0.0170022
0.016534
0.0161884
0.0159663
0.0158675
0.0159091
0.0160964
0.0165098
0.0171034
0.0181148
0.0191744
0.297749
0.158328
0.0923862
0.0578524
0.0383075
0.0265576
0.0191703
0.0143881
0.0112587
0.00923973
0.00800883
0.00736683
0.00718628
0.00738353
0.00790219
0.00870408
0.00976203
0.0110533
0.0125516
0.0142203
0.0160097
0.0178596
0.0197066
0.0214915
0.023151
0.0246363
0.0259272
0.0270123
0.0278855
0.0285443
0.028988
0.0292177
0.0292362
0.0290491
0.0286649
0.0280963
0.0273605
0.0264791
0.0254785
0.0243883
0.0232408
0.022069
0.0209045
0.0197768
0.0187119
0.017732
0.0168548
0.0160927
0.0154532
0.0149396
0.0145514
0.0142873
0.0141439
0.0141244
0.0142359
0.0144945
0.0149565
0.0156113
0.0166429
0.0177867
0.297749
0.158405
0.0925108
0.0579935
0.0384439
0.0266741
0.0192527
0.0144206
0.0112237
0.00911893
0.00778406
0.00702112
0.00670489
0.00675467
0.00711741
0.00775799
0.00865199
0.00977974
0.0111194
0.012641
0.0143019
0.0160476
0.0178163
0.019546
0.0211737
0.0226382
0.0239106
0.024973
0.0258157
0.0264344
0.0268289
0.0270017
0.0269583
0.0267071
0.0262603
0.0256341
0.0248488
0.0239292
0.0229037
0.0218039
0.0206627
0.019513
0.0183857
0.0173086
0.0163056
0.0153965
0.014596
0.0139144
0.0133569
0.012926
0.0126191
0.0124355
0.0123687
0.0124251
0.0126034
0.0129293
0.0134382
0.0141504
0.0152023
0.0164237
0.297749
0.15848
0.0926319
0.0581303
0.0385769
0.0267901
0.0193399
0.014466
0.0112125
0.00903483
0.00760978
0.00673931
0.0062987
0.00620832
0.00641671
0.0068906
0.00760768
0.00855104
0.00970321
0.0110406
0.0125287
0.0141211
0.0157613
0.0173886
0.018944
0.0203579
0.0215926
0.0226228
0.0234334
0.0240172
0.0243728
0.0245035
0.0244165
0.0241228
0.0236374
0.0229797
0.0221728
0.0212439
0.0202233
0.0191434
0.0180373
0.0169369
0.0158718
0.0148674
0.013945
0.0131215
0.0124089
0.0118152
0.0113438
0.0109963
0.0107688
0.0106617
0.0106666
0.0107924
0.011032
0.0114186
0.0119705
0.0127339
0.0138046
0.0150949
0.297749
0.158554
0.0927501
0.0582634
0.0387065
0.0269049
0.0194302
0.0145214
0.0112207
0.00898172
0.00747987
0.00651614
0.00596523
0.0057472
0.00581073
0.00612296
0.00666254
0.00741429
0.00836404
0.0094937
0.0107767
0.0121754
0.0136415
0.0151196
0.0165576
0.0178842
0.0190543
0.0200353
0.0208061
0.0213553
0.0216792
0.0217807
0.0216676
0.0213527
0.0208534
0.0201911
0.0193914
0.0184831
0.0174975
0.0164672
0.0154244
0.0143996
0.0134198
0.0125078
0.0116819
0.0109559
0.0103391
0.00983748
0.00945272
0.00918599
0.00903313
0.00899542
0.00906401
0.00925001
0.00954281
0.00998096
0.0105697
0.0113759
0.0124619
0.0138101
0.297749
0.158627
0.0928661
0.0583932
0.0388331
0.0270182
0.0195224
0.0145842
0.0112443
0.00895417
0.00738785
0.00634483
0.00569864
0.00536827
0.00530145
0.00546466
0.00583625
0.00640154
0.00714823
0.00806217
0.00912324
0.0103023
0.0115603
0.0128495
0.0141276
0.015328
0.0164018
0.0173106
0.0180278
0.0185373
0.0188324
0.0189141
0.0187901
0.018474
0.0179841
0.0173435
0.016579
0.0157202
0.0147984
0.0138454
0.0128918
0.0119655
0.0110907
0.010287
0.00956933
0.00894857
0.00843138
0.00802199
0.00772097
0.00752933
0.00744322
0.00746511
0.00758683
0.00782139
0.00815666
0.0086349
0.00925218
0.0100908
0.0111868
0.0125799
0.297749
0.1587
0.0929804
0.0585204
0.038957
0.0271299
0.0196156
0.0146524
0.0112797
0.00894727
0.00732739
0.00621802
0.00549127
0.00506466
0.00488448
0.00491581
0.00513587
0.00552936
0.00608447
0.00678926
0.00762815
0.00857896
0.00961112
0.0106861
0.0117712
0.0128112
0.0137572
0.0145684
0.0152141
0.0156742
0.0159386
0.0160059
0.0158826
0.0155817
0.0151219
0.0145265
0.0138223
0.0130386
0.0122058
0.0113537
0.0105104
0.00970058
0.00894506
0.00825996
0.00765693
0.00714403
0.00672573
0.00640482
0.00618125
0.00605613
0.00602654
0.00609617
0.00625856
0.00652819
0.00689349
0.00739855
0.00803432
0.00889301
0.00999222
0.011415
0.29775
0.158772
0.0930935
0.0586455
0.0390785
0.0272399
0.019709
0.0147244
0.0113242
0.00895675
0.00729269
0.00612846
0.00533471
0.00482743
0.00455132
0.00446978
0.00455844
0.00480071
0.00518425
0.00569789
0.00632867
0.00705932
0.00786628
0.00871931
0.00959481
0.0104515
0.0112449
0.0119357
0.0124917
0.0128903
0.0131185
0.0131727
0.0130572
0.0127837
0.01237
0.0118383
0.0112143
0.0105259
0.009801
0.00906676
0.00834781
0.00766532
0.00703624
0.00647329
0.00598509
0.00557729
0.00525263
0.00501287
0.00485775
0.00478868
0.00480403
0.00490861
0.00509841
0.0053889
0.00577087
0.00628849
0.0069315
0.00779671
0.00889089
0.0103263
0.29775
0.158846
0.0932061
0.058769
0.039198
0.0273484
0.0198024
0.014799
0.0113755
0.00897901
0.00727862
0.00606943
0.00522066
0.00464692
0.00429137
0.00411578
0.00409411
0.00420824
0.00444478
0.00479233
0.00523915
0.00577099
0.00636933
0.00701072
0.00767842
0.00834517
0.00897394
0.00952958
0.00998194
0.0103081
0.0104937
0.010533
0.0104282
0.0101892
0.00983154
0.00937551
0.0088445
0.00826341
0.0076571
0.00704899
0.0064598
0.00590678
0.00540325
0.00495873
0.00457935
0.00426879
0.00402866
0.00386004
0.00376281
0.00373868
0.00378741
0.0039147
0.00411929
0.00441715
0.00480271
0.00531881
0.00595741
0.00681507
0.00789504
0.00932577
0.297751
0.15892
0.0933186
0.0588915
0.0393159
0.0274554
0.0198954
0.0148753
0.0114318
0.00901106
0.00728083
0.00603495
0.00514143
0.00451364
0.00409342
0.00384111
0.00372918
0.00373808
0.00385318
0.00406249
0.00435459
0.0047169
0.00513428
0.00558825
0.00606666
0.00655376
0.00702079
0.00743904
0.00778255
0.00803047
0.00816863
0.00819029
0.00809613
0.00789355
0.00759559
0.00721958
0.00678556
0.00631475
0.00582802
0.00534461
0.00488114
0.00445105
0.00406437
0.00372799
0.00344609
0.00322105
0.00305379
0.00294504
0.00289495
0.00290547
0.00297754
0.00311737
0.00332631
0.00362024
0.00399807
0.00450005
0.00512325
0.00595973
0.00701598
0.00842609
0.297752
0.158995
0.0934316
0.0590134
0.0394327
0.0275613
0.0199878
0.0149526
0.0114918
0.00905053
0.00729567
0.0060199
0.0050902
0.00441886
0.00394666
0.0036328
0.00344854
0.00337312
0.00339088
0.00348913
0.00365642
0.0038811
0.00415021
0.00444877
0.00476744
0.00509834
0.00542032
0.00571152
0.00595139
0.00612264
0.00621286
0.00621551
0.00613014
0.0059621
0.0057216
0.00542257
0.00508119
0.0047145
0.00433909
0.00396997
0.00361988
0.00329888
0.0030143
0.00277104
0.00257199
0.00241873
0.00231186
0.00225198
0.0022395
0.00227642
0.0023645
0.00250993
0.00271621
0.00299851
0.00336033
0.0038384
0.00443703
0.00524023
0.00626362
0.00763688
0.297753
0.159072
0.0935456
0.0591353
0.0395488
0.0276664
0.0200798
0.0150305
0.0115543
0.00909555
0.0073202
0.00602003
0.00506113
0.00435491
0.00384133
0.00347868
0.00323734
0.00309565
0.00303718
0.00304871
0.00311869
0.00323609
0.00338941
0.0035662
0.0037588
0.00396379
0.00416614
0.00435006
0.00450033
0.00460377
0.00465056
0.00463515
0.00455669
0.00441884
0.00422922
0.00399834
0.00373853
0.00346272
0.0031834
0.00291176
0.0026572
0.00242705
0.00222663
0.0020595
0.00192776
0.00183261
0.00177455
0.00175415
0.00177195
0.00182978
0.0019298
0.00207766
0.00227831
0.00254557
0.00288711
0.00333535
0.00390305
0.00466347
0.00564605
0.00696675
0.297754
0.159151
0.0936612
0.0592579
0.0396648
0.0277709
0.0201715
0.0151088
0.0116187
0.00914469
0.0073521
0.00603188
0.00504936
0.00431528
0.00376892
0.00336793
0.00308204
0.00288901
0.00277189
0.00271715
0.00271326
0.00274966
0.00281602
0.00290173
0.00300028
0.00311021
0.00322096
0.00332144
0.00340095
0.00345005
0.00346157
0.00343134
0.00335852
0.00324559
0.00309794
0.00292314
0.00273009
0.00252813
0.00232625
0.00213254
0.00195377
0.00179529
0.00166105
0.00155378
0.00147518
0.00142629
0.00140764
0.00141973
0.00146312
0.00153926
0.00165027
0.00180093
0.00199679
0.00224985
0.00257104
0.00298791
0.00352183
0.00423343
0.00516914
0.00642295
0.297756
0.159232
0.093779
0.0593815
0.039781
0.0278752
0.0202629
0.0151874
0.0116843
0.00919688
0.00738954
0.00605267
0.00505096
0.00429459
0.00372231
0.00329132
0.00297092
0.00273848
0.0025768
0.0024722
0.0024133
0.00239002
0.00239296
0.00241297
0.0024444
0.00248631
0.00253115
0.00257121
0.00259911
0.0026084
0.00259415
0.00255343
0.00248563
0.00239243
0.00227751
0.00214612
0.00200442
0.00185896
0.00171606
0.00158149
0.00146019
0.00135617
0.00127253
0.00121155
0.00117476
0.00116316
0.00117731
0.00121761
0.00128447
0.00137883
0.00150246
0.00165894
0.00185386
0.00209695
0.00240135
0.00278938
0.00329034
0.00395098
0.00483626
0.00601098
0.297758
0.159317
0.0938993
0.0595068
0.039898
0.0279798
0.0203545
0.0152663
0.0117511
0.00925136
0.00743117
0.00608025
0.00506279
0.00428848
0.00369568
0.00324124
0.00289417
0.00263166
0.00243636
0.00229463
0.00219529
0.00212875
0.00208638
0.00206021
0.00204528
0.00204046
0.00204014
0.00203889
0.0020316
0.00201392
0.00198253
0.0019355
0.00187242
0.00179442
0.00170398
0.00160467
0.00150071
0.00139665
0.00129697
0.00120589
0.00112718
0.00106404
0.00101912
0.000994488
0.000991634
0.00101155
0.00105479
0.00112156
0.00121201
0.00132646
0.00146605
0.0016331
0.00183267
0.00207211
0.00236577
0.00273057
0.00320252
0.00381391
0.00464797
0.00573421
0.297761
0.159404
0.0940229
0.0596343
0.0400164
0.028085
0.0204463
0.0153457
0.0118187
0.0093076
0.00747596
0.00611299
0.00508241
0.00429353
0.00368437
0.00321153
0.00284385
0.00255841
0.00233782
0.00216857
0.00203971
0.00194209
0.00186776
0.00180965
0.00176335
0.00172728
0.00169711
0.00166881
0.00163876
0.00160393
0.00156211
0.00151199
0.00145331
0.00138685
0.00131429
0.00123808
0.00116118
0.00108685
0.00101845
0.000959269
0.000912416
0.000880702
0.000866572
0.000872039
0.000898621
0.000947303
0.00101854
0.00111229
0.00122826
0.00136604
0.00152599
0.00170905
0.0019195
0.00216229
0.00245228
0.00280112
0.00325011
0.00381717
0.00460181
0.00559342
0.297764
0.159496
0.0941503
0.0597646
0.0401365
0.0281913
0.0205389
0.0154256
0.0118871
0.00936528
0.00752321
0.00614966
0.00510794
0.00430703
0.0036847
0.00319733
0.00281364
0.00251065
0.00227103
0.00208137
0.00193098
0.00181109
0.0017143
0.00163425
0.00156691
0.00151027
0.00146078
0.00141526
0.00137101
0.00132584
0.00127817
0.00122708
0.0011724
0.00111469
0.00105514
0.000995537
0.000938104
0.000885391
0.000840151
0.000805224
0.000783435
0.000777474
0.00078978
0.000822412
0.000876927
0.000954263
0.00105469
0.00117776
0.00132259
0.00148787
0.00167299
0.00187751
0.00210472
0.00235741
0.00265044
0.00299072
0.00342353
0.00395329
0.00469234
0.00558648
0.297767
0.159592
0.0942821
0.0598983
0.040259
0.0282992
0.0206325
0.0155064
0.0119564
0.00942421
0.00757241
0.00618935
0.00513798
0.00432696
0.00369384
0.00319485
0.0027986
0.00248209
0.00222804
0.00202316
0.001857
0.0017211
0.00160848
0.00151332
0.00143183
0.00136167
0.00129975
0.00124343
0.00119053
0.00113934
0.00108867
0.00103785
0.000986738
0.000935785
0.000885947
0.000838675
0.000795847
0.000759707
0.000732787
0.000717816
0.00071761
0.000734934
0.000772344
0.000832002
0.000915489
0.00102362
0.00115632
0.00131255
0.00149058
0.00168801
0.00190308
0.00213391
0.00238275
0.0026505
0.00295194
0.00328989
0.00371274
0.00421249
0.00491134
0.00570819
0.297771
0.159693
0.0944189
0.0600359
0.0403843
0.0284091
0.0207276
0.0155882
0.0120267
0.00948434
0.00762325
0.00623143
0.00517146
0.00435176
0.00370963
0.00320118
0.00279494
0.00246787
0.00220276
0.00198643
0.00180859
0.00166105
0.00153716
0.00143145
0.00134033
0.00126118
0.0011912
0.00112807
0.00106993
0.00101536
0.000963385
0.000913481
0.000865594
0.000820147
0.000778038
0.000740633
0.000709749
0.000687616
0.000676819
0.000680216
0.000700808
0.000741578
0.000805278
0.000894185
0.00100985
0.00115279
0.00132239
0.00151672
0.00173291
0.00196719
0.00221645
0.00247735
0.00275115
0.00303722
0.00335039
0.00369027
0.00410786
0.00458314
0.0052485
0.00595045
0.297776
0.159799
0.0945613
0.0601781
0.0405131
0.0285215
0.0208244
0.0156714
0.0120982
0.00954565
0.00767554
0.00627544
0.00520764
0.00438026
0.00373043
0.0032141
0.00279974
0.00246429
0.00219056
0.00196546
0.00177884
0.0016227
0.00149063
0.00137741
0.00127957
0.0011943
0.00111898
0.00105148
0.000990158
0.000933765
0.000881485
0.000832927
0.000788136
0.000747621
0.000712363
0.000683836
0.000664001
0.000655288
0.000660541
0.000682923
0.000725765
0.000792362
0.000885702
0.00100813
0.00116102
0.00134438
0.00155668
0.00179473
0.00205412
0.00232945
0.00261606
0.00290921
0.00320933
0.00351472
0.0038406
0.00418435
0.00459936
0.00505363
0.00569149
0.0063028
0.297782
0.159912
0.0947099
0.0603255
0.0406458
0.0286368
0.0209235
0.0157563
0.012171
0.0096082
0.00772915
0.00632107
0.00524593
0.00441159
0.00375498
0.00323193
0.00281081
0.00246854
0.00218794
0.00195597
0.00176261
0.00159997
0.00146181
0.00134309
0.0012404
0.00115082
0.00107185
0.0010015
0.000938264
0.000881043
0.000829163
0.000782381
0.000740903
0.000705414
0.00067711
0.000657722
0.000649521
0.000655307
0.000678339
0.000722227
0.000790739
0.000887536
0.00101582
0.00117787
0.00137462
0.00160518
0.00186666
0.00215412
0.00246123
0.00278065
0.00310612
0.00343166
0.00375717
0.00408044
0.00441768
0.00476499
0.005178
0.00561234
0.00622652
0.00675327
0.297788
0.16003
0.0948655
0.0604786
0.0407829
0.0287554
0.021025
0.0158431
0.0122453
0.00967201
0.00778398
0.00636805
0.00528587
0.00444505
0.00378231
0.00325335
0.00282645
0.00247847
0.00219225
0.00195478
0.00175608
0.00158839
0.00144555
0.00132268
0.00121638
0.00112366
0.00104214
0.000969946
0.000905688
0.000848419
0.000797631
0.000753274
0.000715784
0.000686123
0.000665815
0.000656983
0.000662354
0.000685238
0.000729448
0.00079915
0.000898619
0.00103187
0.00120219
0.00141154
0.00165998
0.00194521
0.00226238
0.00260429
0.00296227
0.00332694
0.00369053
0.00404615
0.00439366
0.00473102
0.0050761
0.0054248
0.00583456
0.00624774
0.00684106
0.0072894
0.297795
0.160156
0.0950286
0.060638
0.0409249
0.0288777
0.0211292
0.0159318
0.0123212
0.00973705
0.00783989
0.00641614
0.00532708
0.00448007
0.00381164
0.00327733
0.00284533
0.00249245
0.00220148
0.00195946
0.00175643
0.00158469
0.00143817
0.0013121
0.00120302
0.001108
0.00102475
0.000951506
0.00088703
0.000830546
0.000781756
0.000740869
0.000708633
0.000686387
0.000676103
0.000680421
0.000702658
0.000746768
0.000817235
0.000918862
0.00105643
0.0012342
0.00145526
0.00172079
0.00202942
0.00237671
0.00275522
0.00315498
0.00356479
0.00397327
0.00437147
0.00475214
0.00511584
0.00546139
0.00580913
0.00615582
0.00655825
0.00694829
0.00752314
0.00789903
0.297803
0.16029
0.0951998
0.0608042
0.041072
0.0290037
0.0212361
0.0160226
0.0123984
0.00980315
0.00789666
0.006465
0.00536912
0.0045161
0.00384226
0.003303
0.00286638
0.00250917
0.00221411
0.00196823
0.0017616
0.00158654
0.00143705
0.00130848
0.00119732
0.00110072
0.0010165
0.000943045
0.000879297
0.000824698
0.000779227
0.000743428
0.000718456
0.000706135
0.000709005
0.000730355
0.000774224
0.000845334
0.000948926
0.00109045
0.0012751
0.00150709
0.00178883
0.00212006
0.00249716
0.0029128
0.00335634
0.00381471
0.00427421
0.00472184
0.00514812
0.00554619
0.00591812
0.00626435
0.00660846
0.00694547
0.00733642
0.00770271
0.0082616
0.00857084
0.297813
0.160432
0.0953794
0.0609772
0.0412242
0.0291334
0.0213456
0.016115
0.0124768
0.00986993
0.00795386
0.00651417
0.00541148
0.00455256
0.00387352
0.00332959
0.00288874
0.00252763
0.00222897
0.00197977
0.00177012
0.00159234
0.0014405
0.00131007
0.00119752
0.00110012
0.00101584
0.000943261
0.000881533
0.000830393
0.000790174
0.000761846
0.000747079
0.000748299
0.000768743
0.000812487
0.000884417
0.00099012
0.00113562
0.00132692
0.00156931
0.00186646
0.00221938
0.00262546
0.00307793
0.00356582
0.00407489
0.00458898
0.0050923
0.00557095
0.00601581
0.00642128
0.00679189
0.00713038
0.00746433
0.00778315
0.00815872
0.00850045
0.00904642
0.00929481
0.297823
0.160583
0.0955678
0.0611572
0.0413814
0.0292664
0.0214571
0.0162085
0.0125556
0.00993671
0.00801083
0.00656303
0.00545353
0.00458882
0.00390479
0.00335647
0.00291171
0.0025471
0.00224531
0.00199329
0.00178116
0.00160126
0.00144772
0.00131614
0.00120307
0.00110592
0.00102283
0.000952633
0.000894773
0.000849353
0.000817147
0.000799662
0.000799198
0.000818916
0.000862888
0.000936108
0.00104441
0.00119429
0.00139242
0.00164508
0.00195712
0.00233084
0.00276486
0.0032532
0.00378506
0.00434535
0.00491614
0.00547867
0.00601591
0.00651408
0.00696551
0.00736674
0.00772568
0.00804799
0.00836463
0.0086577
0.0090149
0.00933186
0.00986886
0.0100626
0.297835
0.160742
0.0957648
0.0613435
0.0415425
0.0294014
0.0215693
0.0163018
0.0126336
0.0100025
0.00806664
0.00661073
0.00549455
0.00462427
0.00393551
0.00338315
0.00293489
0.00256725
0.00226284
0.0020086
0.00179462
0.00161333
0.00145893
0.00132722
0.00121485
0.00111941
0.0010393
0.000973654
0.00092229
0.000885766
0.000865411
0.000863382
0.000882745
0.000927537
0.0010028
0.00111455
0.0012696
0.00147523
0.00173848
0.00206527
0.00245917
0.00292002
0.0034429
0.00401747
0.00462829
0.00525604
0.00587966
0.00647874
0.00703621
0.00753965
0.00798392
0.00836854
0.0087056
0.00900423
0.00929366
0.00955747
0.00989516
0.0101884
0.0107218
0.0108677
0.297847
0.16091
0.0959696
0.0615348
0.041706
0.0295367
0.0216803
0.0163932
0.0127093
0.0100658
0.00812013
0.00665639
0.00553388
0.00465845
0.00396545
0.00340959
0.00295843
0.00258841
0.0022821
0.00202643
0.00181151
0.00162983
0.00147583
0.00134544
0.00123552
0.00114392
0.00106935
0.00101131
0.000970098
0.000946831
0.000943511
0.000963084
0.00100952
0.00108787
0.00120425
0.00136571
0.00157992
0.00185457
0.00219647
0.00261027
0.00309702
0.00365289
0.00426829
0.0049278
0.00561126
0.0062957
0.006958
0.00757748
0.00813851
0.0086312
0.00905401
0.00941001
0.00971616
0.00998272
0.010239
0.0104715
0.0107907
0.011063
0.0116001
0.0117061
0.297859
0.161087
0.0961807
0.0617287
0.0418688
0.0296691
0.0217873
0.0164801
0.0127806
0.0101251
0.00817022
0.00669935
0.0055713
0.00469153
0.00399515
0.00343666
0.00298353
0.00261213
0.00230498
0.00204904
0.00183449
0.00165389
0.00150209
0.00137517
0.00127027
0.00118553
0.00112006
0.00107383
0.00104773
0.00104354
0.00106409
0.00111325
0.00119602
0.00131854
0.00148802
0.00171237
0.00199974
0.00235758
0.00279142
0.00330335
0.00389064
0.00454451
0.00524996
0.00598638
0.0067295
0.0074539
0.00813603
0.00875657
0.00930275
0.0097683
0.010156
0.0104728
0.0107412
0.0109672
0.0111886
0.0113902
0.0116942
0.0119506
0.0125006
0.0125763
0.297872
0.161269
0.0963952
0.0619215
0.0420267
0.0297946
0.0218867
0.0165596
0.0128454
0.0101792
0.00821646
0.0067399
0.00560773
0.00472504
0.00402667
0.00346696
0.00301329
0.00264197
0.00233557
0.00208108
0.00186877
0.00169141
0.00154444
0.00142406
0.00132774
0.00125401
0.00120248
0.00117369
0.00116923
0.00119172
0.0012449
0.0013337
0.00146423
0.00164369
0.00188015
0.00218197
0.00255703
0.00301144
0.00354811
0.00416522
0.00485488
0.00560266
0.00638797
0.00718574
0.00796894
0.0087115
0.00939125
0.00999188
0.0105047
0.0109277
0.0112686
0.0115381
0.0117637
0.0119445
0.0121319
0.0123054
0.0126003
0.0128482
0.0134233
0.01348
0.297882
0.161456
0.0966089
0.0621076
0.0421741
0.0299081
0.0219745
0.0166292
0.0129027
0.0102282
0.00826028
0.0067805
0.00564657
0.00476317
0.00406493
0.00350607
0.00305393
0.00268485
0.00238143
0.0021308
0.00192339
0.00175234
0.00161386
0.00150422
0.00142128
0.00136411
0.00133286
0.00132882
0.00135439
0.00141313
0.00150981
0.00165045
0.00184218
0.002093
0.00241134
0.00280519
0.00328097
0.0038421
0.00448742
0.00520983
0.00599558
0.00682445
0.00767111
0.00850749
0.00930575
0.0100412
0.010695
0.0112549
0.0117174
0.012085
0.0123702
0.0125879
0.0127653
0.0129026
0.0130601
0.0132114
0.0135064
0.0137559
0.0143714
0.0144229
0.29789
0.161644
0.0968161
0.0622802
0.0423044
0.0300044
0.0220478
0.0166884
0.012954
0.0102758
0.00830686
0.00682772
0.00569551
0.0048146
0.00411948
0.00356434
0.00311657
0.00275259
0.00245519
0.00221168
0.00201274
0.0018523
0.00172716
0.00163375
0.00157045
0.00153693
0.00153406
0.00156394
0.00162989
0.00173648
0.00188952
0.00209593
0.00236353
0.00270055
0.00311484
0.00361282
0.00419805
0.00486974
0.0056214
0.00643997
0.00730583
0.00819387
0.00907566
0.00992225
0.0107072
0.0114093
0.0120141
0.0125148
0.012913
0.0132158
0.0134406
0.0136057
0.0137338
0.0138324
0.0139675
0.0141056
0.0144129
0.0146772
0.0153521
0.0154152
0.297893
0.16183
0.0970104
0.0624319
0.0424115
0.0300809
0.0221075
0.0167414
0.0130068
0.010332
0.00836812
0.00689499
0.00576921
0.00489499
0.00420683
0.00365906
0.00321924
0.00286404
0.00257652
0.00234429
0.00215845
0.00201443
0.00190864
0.00183836
0.00180251
0.00180144
0.00183681
0.0019116
0.00203009
0.00219775
0.00242118
0.00270782
0.00306547
0.00350159
0.00402221
0.00463072
0.00532639
0.00610308
0.00694835
0.00784332
0.00876355
0.00968084
0.0105659
0.0113912
0.0121339
0.0127776
0.0133135
0.0137403
0.0140647
0.0142979
0.0144619
0.0145737
0.0146595
0.0147278
0.0148515
0.0149885
0.015324
0.0156199
0.016378
0.0164737
0.297891
0.162012
0.0971874
0.062558
0.0424942
0.0301411
0.0221627
0.0168023
0.0130787
0.0104169
0.00846637
0.00700603
0.00589239
0.00502981
0.00435309
0.00381693
0.00338927
0.0030472
0.00277418
0.00255832
0.0023913
0.00227039
0.00219159
0.00215283
0.00215374
0.00219541
0.00228034
0.00241234
0.00259646
0.00283876
0.00314611
0.00352566
0.00398414
0.00452695
0.00515693
0.0058731
0.00666943
0.00753399
0.00844876
0.00939024
0.010331
0.0112423
0.0120961
0.0128688
0.0135426
0.0141067
0.0145586
0.0149019
0.0151482
0.015312
0.0154199
0.0154827
0.0155365
0.0155866
0.0157134
0.0158652
0.0162488
0.0165972
0.0174685
0.0176229
0.297893
0.162197
0.0973509
0.0626631
0.0425624
0.0302027
0.0222379
0.0169008
0.0132031
0.0105664
0.00863851
0.0071984
0.00610294
0.00525713
0.00459649
0.00407635
0.00366533
0.00334113
0.00308783
0.00289416
0.00275274
0.00266274
0.0026195
0.00262166
0.00266956
0.00276504
0.00291129
0.00311269
0.00337461
0.0037031
0.00410439
0.00458427
0.00514717
0.00579511
0.00652658
0.00733545
0.0082102
0.00913369
0.0100837
0.011034
0.0119568
0.0128249
0.0136143
0.0143063
0.0148892
0.0153585
0.0157172
0.0159736
0.0161431
0.0162431
0.0163016
0.0163272
0.0163633
0.016411
0.0165594
0.0167455
0.0172022
0.0176293
0.0186516
0.0188988
0.297921
0.162416
0.0975246
0.0627723
0.0426491
0.0303073
0.0223817
0.0170897
0.0134349
0.0108356
0.00893953
0.00752636
0.00645426
0.00562955
0.0049889
0.00448871
0.00409854
0.00379689
0.00356866
0.00340335
0.0032951
0.00324407
0.00324506
0.00329747
0.00340225
0.00356171
0.00377938
0.00405967
0.00440757
0.00482819
0.00532607
0.00590445
0.00656432
0.00730344
0.00811541
0.00898906
0.00990818
0.0108519
0.0117958
0.0127137
0.0135794
0.0143697
0.0150657
0.0156551
0.0161323
0.0164986
0.0167619
0.0169343
0.0170343
0.0170815
0.017102
0.0171069
0.0171436
0.0172086
0.0174012
0.0176459
0.0182065
0.0187455
0.0199674
0.0203526
0.298037
0.162738
0.0977746
0.062951
0.0428261
0.0305335
0.022676
0.0174511
0.0138543
0.0113021
0.00944386
0.00806142
0.00701528
0.00621376
0.00559524
0.0051175
0.00475123
0.00447597
0.00427751
0.00414622
0.00407899
0.0040732
0.00412551
0.0042355
0.00440429
0.00463423
0.00492853
0.00529089
0.00572503
0.00623408
0.00681991
0.00748233
0.00821826
0.009021
0.00987966
0.010779
0.0116998
0.0126196
0.0135141
0.0143592
0.0151327
0.0158165
0.016398
0.0168709
0.0172357
0.0174986
0.0176715
0.0177692
0.0178127
0.0178222
0.0178225
0.0178272
0.017887
0.0179932
0.0182577
0.0185909
0.0192941
0.0199877
0.0214723
0.0220576
0.298383
0.163322
0.0982388
0.063332
0.0432237
0.031009
0.0232428
0.018099
0.0145667
0.0120636
0.0102423
0.00888867
0.00786636
0.00708628
0.0064888
0.00603326
0.00569162
0.00544445
0.00527842
0.0051847
0.00516222
0.00520559
0.0053125
0.00548251
0.00571644
0.00601605
0.00638349
0.00682092
0.00732994
0.00791095
0.00856254
0.00928078
0.0100587
0.0108857
0.0117476
0.0126269
0.0135033
0.0143549
0.0151598
0.0158977
0.0165516
0.0171094
0.0175644
0.0179163
0.0181707
0.0183377
0.0184322
0.0184708
0.0184763
0.0184671
0.0184708
0.0185001
0.01861
0.0187864
0.0191568
0.0196159
0.020511
0.0214154
0.0232461
0.0241201
0.299253
0.16448
0.0991789
0.064147
0.044049
0.0319173
0.0242424
0.0191732
0.0156947
0.0132284
0.0114323
0.0100968
0.0090891
0.00832286
0.00774037
0.00730243
0.00698208
0.00676071
0.00662563
0.0065685
0.00658876
0.00667885
0.00683644
0.0070606
0.00735134
0.00770913
0.00813444
0.00862724
0.00918651
0.00980963
0.0104919
0.0112261
0.0120022
0.0128071
0.0136249
0.0144377
0.0152262
0.0159711
0.0166541
0.01726
0.0177775
0.0182002
0.0185273
0.0187633
0.0189179
0.0190041
0.0190388
0.0190396
0.0190309
0.0190277
0.0190627
0.019146
0.0193385
0.0196206
0.0201388
0.0207721
0.0219225
0.0231144
0.0254029
0.0266962
0.301233
0.166781
0.101043
0.065751
0.0455967
0.0334914
0.0258606
0.0208227
0.0173599
0.014898
0.0130999
0.01176
0.0107484
0.00998064
0.00940029
0.00896906
0.00866052
0.00845642
0.00834419
0.00831542
0.00836822
0.00849327
0.00868762
0.00894934
0.00927705
0.00966948
0.010125
0.0106413
0.0112145
0.0118394
0.0125087
0.0132128
0.0139397
0.0146756
0.0154047
0.0161104
0.0167759
0.0173855
0.0179259
0.018387
0.018763
0.019053
0.019261
0.0193954
0.0194689
0.0194963
0.0194958
0.0194854
0.0194901
0.0195242
0.0196235
0.0197961
0.0201104
0.0205426
0.021262
0.0221335
0.0236229
0.025211
0.0281089
0.0300211
0.30545
0.171227
0.10455
0.0686547
0.0482317
0.0359903
0.0282799
0.0231775
0.0196562
0.0171408
0.0152953
0.0139146
0.0128693
0.0120752
0.0114758
0.0110324
0.0107184
0.010515
0.010409
0.0103913
0.0104566
0.0105948
0.0108015
0.0110736
0.0114079
0.0118013
0.0122501
0.0127496
0.013294
0.013876
0.0144866
0.0151151
0.0157493
0.0163759
0.0169805
0.0175492
0.0180688
0.0185279
0.0189181
0.0192346
0.0194764
0.0196471
0.0197544
0.0198098
0.0198279
0.0198247
0.0198191
0.0198297
0.0198811
0.019989
0.0201917
0.0204967
0.0209818
0.0216217
0.0226119
0.0238102
0.0257518
0.0278965
0.0316127
0.0344602
0.314018
0.179511
0.110785
0.0735305
0.0523541
0.0396603
0.0316439
0.0263171
0.022622
0.0199679
0.0180097
0.0165371
0.0154167
0.0145616
0.0139129
0.0134303
0.0130853
0.0128577
0.0127328
0.0126999
0.0127494
0.0128705
0.0130577
0.0133058
0.0136102
0.0139659
0.0143673
0.0148083
0.0152816
0.0157788
0.0162904
0.0168058
0.0173137
0.0178022
0.0182599
0.0186759
0.0190412
0.0193489
0.0195951
0.0197794
0.0199053
0.0199798
0.0200135
0.0200198
0.0200145
0.0200145
0.0200394
0.0201084
0.0202469
0.0204721
0.020826
0.0213181
0.0220375
0.0229633
0.0243193
0.0259729
0.028524
0.0314739
0.0363026
0.040607
0.330848
0.194439
0.121326
0.0812089
0.0583848
0.0447077
0.0360359
0.0302578
0.0262333
0.0233283
0.0211736
0.0195438
0.0182959
0.0173357
0.0165996
0.0160432
0.0156348
0.0153515
0.0151762
0.015096
0.0150966
0.0151669
0.0152996
0.0154881
0.015726
0.0160068
0.0163239
0.0166699
0.0170371
0.0174169
0.0178002
0.0181775
0.0185392
0.018876
0.0191793
0.0194421
0.0196592
0.0198279
0.0199486
0.0200246
0.0200625
0.0200722
0.0200663
0.0200594
0.0200686
0.0201113
0.0202085
0.0203804
0.020655
0.0210517
0.0216183
0.0223711
0.0234118
0.0247363
0.026593
0.0288994
0.0322879
0.0364488
0.042818
0.0494783
0.363189
0.220637
0.138418
0.0926914
0.066758
0.0513011
0.0415164
0.034999
0.0304509
0.0271568
0.0247025
0.0228359
0.0213964
0.0202782
0.0194089
0.0187377
0.018228
0.017853
0.0175921
0.0174299
0.0173477
0.0173341
0.0173797
0.0174764
0.0176162
0.0177918
0.0179956
0.0182201
0.0184576
0.0187
0.0189394
0.019168
0.0193784
0.0195643
0.0197203
0.0198428
0.0199306
0.0199845
0.0200082
0.0200083
0.0199939
0.0199769
0.0199713
0.0199932
0.0200606
0.0201926
0.0204127
0.0207432
0.0212159
0.0218568
0.022721
0.0238407
0.0253296
0.0272272
0.0297888
0.0330713
0.037645
0.0437218
0.052286
0.0629363
0.424712
0.265872
0.165309
0.109272
0.0780663
0.0597699
0.0482971
0.0406829
0.0353679
0.0315088
0.0286228
0.0264166
0.0247032
0.0233589
0.0222983
0.0214615
0.0208048
0.0202958
0.0199099
0.0196281
0.0194293
0.0193001
0.0192291
0.0192062
0.0192225
0.0192699
0.0193404
0.0194268
0.0195217
0.0196183
0.0197102
0.0197918
0.0198582
0.0199057
0.0199324
0.019938
0.0199243
0.0198955
0.0198581
0.0198211
0.0197957
0.0197955
0.0198363
0.0199355
0.0201136
0.0203928
0.0208007
0.0213645
0.0221224
0.0231139
0.0244035
0.0260577
0.028196
0.030957
0.0345554
0.0393822
0.0457114
0.0550105
0.0668362
0.0846402
0.542238
0.343776
0.206977
0.132995
0.0935463
0.0710559
0.0571403
0.0479397
0.0415105
0.0368289
0.033314
0.0306129
0.0285003
0.026826
0.0254865
0.0244083
0.0235381
0.0228361
0.0222719
0.0218222
0.0214649
0.0211827
0.0209614
0.0207894
0.0206566
0.0205541
0.020474
0.0204093
0.0203535
0.0203013
0.0202479
0.0201899
0.0201249
0.0200522
0.0199726
0.0198889
0.0198059
0.0197303
0.0196712
0.0196398
0.0196495
0.0197159
0.0198572
0.020094
0.0204508
0.020957
0.0216453
0.0225547
0.023734
0.0252497
0.0271778
0.0296557
0.0327911
0.0369409
0.0421625
0.0496099
0.0587063
0.0738223
0.0907555
0.122298
0.771785
0.479846
0.271825
0.167959
0.116281
0.0876839
0.0701468
0.0585423
0.0503982
0.0444397
0.039943
0.0364663
0.0337257
0.0315315
0.0297524
0.0282953
0.0270921
0.0260922
0.0252572
0.024558
0.0239702
0.0234712
0.0230435
0.022673
0.0223482
0.0220595
0.0217986
0.0215589
0.0213348
0.0211221
0.020918
0.0207211
0.0205316
0.0203513
0.0201839
0.0200347
0.0199114
0.0198234
0.0197824
0.0198023
0.0198995
0.020093
0.0204055
0.0208637
0.0215009
0.0223586
0.0234793
0.0249269
0.0267675
0.0291227
0.032081
0.0359304
0.0407207
0.047292
0.0552641
0.0675326
0.0813268
0.107791
0.133133
0.193179
1.24039
0.725377
0.375804
0.223714
0.153911
0.115795
0.0923596
0.0767258
0.0656628
0.0575137
0.0513229
0.0465009
0.042667
0.0395653
0.0370189
0.0349017
0.0331216
0.0316104
0.0303159
0.0292002
0.0282328
0.0273834
0.0266293
0.025953
0.0253405
0.0247805
0.0242639
0.0237839
0.0233356
0.0229157
0.0225231
0.0221584
0.0218242
0.0215249
0.0212671
0.0210591
0.0209117
0.0208378
0.0208527
0.0209748
0.0212258
0.0216318
0.022224
0.0230423
0.0241374
0.02557
0.0274081
0.0297642
0.0327366
0.0365627
0.041343
0.0476962
0.0554987
0.0666946
0.0797584
0.101698
0.124069
0.174499
0.214066
0.337982
2.26476
1.19186
0.553232
0.32392
0.224966
0.169826
0.135494
0.112279
0.095681
0.0833635
0.0739377
0.066538
0.060603
0.0557542
0.051729
0.0483403
0.0454516
0.0429615
0.040793
0.0388903
0.0372084
0.0357051
0.0343489
0.0331156
0.0319861
0.0309456
0.0299827
0.0290894
0.0282606
0.0274937
0.026789
0.0261493
0.0255799
0.0250884
0.024685
0.0243825
0.0241963
0.0241452
0.0242513
0.0245417
0.025049
0.0258138
0.0268858
0.0283327
0.0302373
0.0327052
0.0358578
0.039913
0.0450335
0.0517172
0.0600676
0.0714736
0.08532
0.106215
0.129541
0.172583
0.211549
0.316511
0.37981
0.657164
4.71939
2.14486
0.887483
0.529547
0.375362
0.284909
0.227947
0.188889
0.160715
0.139682
0.123483
0.110677
0.100327
0.0917999
0.0846554
0.0785804
0.0733469
0.0687854
0.0647676
0.0611986
0.0580017
0.0551128
0.0524827
0.0500732
0.0478544
0.0458035
0.0439038
0.0421441
0.0405176
0.0390223
0.0376601
0.0364368
0.0353618
0.0344481
0.0337125
0.0331755
0.0328619
0.0328022
0.0330329
0.0335999
0.0345596
0.0359852
0.0379677
0.0406378
0.0441395
0.0486989
0.0545507
0.0621613
0.0718317
0.0846882
0.100784
0.123428
0.150542
0.193615
0.239195
0.331971
0.404504
0.642646
0.742747
1.41343
11.3212
4.29543
1.60474
1.00675
0.726876
0.553603
0.444549
0.369028
0.31429
0.273303
0.241604
0.216414
0.195934
0.178944
0.164601
0.152304
0.141618
0.132218
0.123862
0.116363
0.109575
0.103389
0.0977132
0.0924796
0.0876344
0.0831376
0.0789609
0.0750859
0.0715032
0.0682115
0.0652163
0.0625301
0.0601714
0.0581648
0.0565411
0.055338
0.0546014
0.0543876
0.0547668
0.055828
0.0576843
0.060486
0.0644235
0.0697711
0.0768358
0.0861383
0.098184
0.114066
0.134397
0.16193
0.196419
0.246309
0.304977
0.402973
0.500326
0.719692
0.863426
1.45244
1.59607
3.34982
31.8344
9.83501
3.38456
2.24758
1.63519
1.24538
1.00333
0.835023
0.713044
0.621758
0.551035
0.494662
0.448629
0.410228
0.377587
0.349385
0.324667
0.302728
0.28304
0.265192
0.248877
0.233872
0.219989
0.207089
0.195065
0.183839
0.173361
0.163601
0.154548
0.146207
0.138598
0.131753
0.125714
0.120537
0.116286
0.113041
0.110899
0.109979
0.110431
0.112454
0.1163
0.122318
0.130952
0.142836
0.158736
0.179932
0.207632
0.244638
0.2923
0.357937
0.440024
0.561908
0.702265
0.948591
1.17696
1.74835
2.05293
3.65235
3.78614
8.78209
108.312
26.6327
8.49814
5.87323
4.2623
3.23697
2.61383
2.1814
1.86942
1.63681
1.45674
1.31303
1.19532
1.09662
1.01215
0.938552
0.87343
0.815027
0.762034
0.713441
0.668534
0.626789
0.587774
0.55118
0.516785
0.484442
0.454067
0.425629
0.399141
0.37465
0.352234
0.331993
0.314046
0.298533
0.285612
0.275469
0.268326
0.264463
0.264236
0.268125
0.276761
0.291032
0.312076
0.341596
0.381615
0.435642
0.506881
0.603258
0.728093
0.902783
1.12089
1.45308
1.82781
2.51844
3.11516
4.7748
5.47092
10.3094
10.0394
25.798
)
;

boundaryField
{
    inlet
    {
        type            fixedValue;
        value           uniform 0.63;
    }
    outlet
    {
        type            zeroGradient;
    }
    fixedWalls
    {
        Cmu             0.09;
        kappa           0.41;
        E               9.8;
        type            epsilonWallFunction;
        value           nonuniform List<scalar> 
120
(
108.312
26.6327
8.49814
5.87323
4.2623
3.23697
2.61383
2.1814
1.86942
1.63681
1.45674
1.31303
1.19532
1.09662
1.01215
0.938552
0.87343
0.815027
0.762034
0.713441
0.668534
0.626789
0.587774
0.55118
0.516785
0.484442
0.454067
0.425629
0.399141
0.37465
0.352234
0.331993
0.314046
0.298533
0.285612
0.275469
0.268326
0.264463
0.264236
0.268125
0.276761
0.291032
0.312076
0.341596
0.381615
0.435642
0.506881
0.603258
0.728093
0.902783
1.12089
1.45308
1.82781
2.51844
3.11516
4.7748
5.47092
10.3094
10.0394
25.798
54.173
1.09754
0.0202948
0.134473
0.072542
0.086329
0.0616112
0.0575707
0.0461205
0.0419515
0.0365297
0.034277
0.0322864
0.0320083
0.0323668
0.0338717
0.0361232
0.0393389
0.0433914
0.0483986
0.054337
0.0612641
0.0691608
0.0780129
0.0877452
0.0982627
0.109425
0.121041
0.132847
0.144508
0.15561
0.165664
0.17412
0.180352
0.18373
0.183657
0.179644
0.171334
0.158714
0.142068
0.122416
0.101112
0.0803125
0.0752262
0.115341
0.174383
0.25608
0.374972
0.528701
0.756074
1.02152
1.45347
1.87423
2.74967
3.3268
5.36273
5.81602
11.5385
10.4867
29.171
)
;
    }
    frontAndBack
    {
        type            empty;
    }
}


// ************************************************************************* //
