/*--------------------------------*- C++ -*----------------------------------*\
| =========                 |                                                 |
| \\      /  F ield         | OpenFOAM: The Open Source CFD Toolbox           |
|  \\    /   O peration     | Version:  2.4.0                                 |
|   \\  /    A nd           | Web:      www.OpenFOAM.org                      |
|    \\/     M anipulation  |                                                 |
\*---------------------------------------------------------------------------*/
FoamFile
{
    version     2.0;
    format      ascii;
    class       volVectorField;
    location    "0.2";
    object      U;
}
// * * * * * * * * * * * * * * * * * * * * * * * * * * * * * * * * * * * * * //

dimensions      [0 1 -1 0 0 0 0];

internalField   nonuniform List<vector> 
2320
(
(0.858849 0.00226899 0)
(1.13351 -0.00271321 0)
(0.864832 0.000247092 0)
(1.13692 0.00120597 0)
(0.864107 -0.00800746 0)
(1.15069 0.00797041 0)
(0.884413 -0.0149718 0)
(1.11174 0.0111582 0)
(0.993064 -0.0196439 0)
(0.976718 0.0203531 0)
(1.1194 -0.0108443 0)
(0.868337 -0.0347481 0)
(1.2257 0.131881 0)
(0.640373 -0.214036 0)
(1.58466 0.193132 0)
(0.243255 -0.028203 0)
(1.91134 -0.216608 0)
(0.314179 0.156918 0)
(1.61782 -0.0608898 0)
(1.03282 -0.135537 0)
(0.87341 0.00349797 0)
(1.10334 -0.00462004 0)
(0.917552 0.00347874 0)
(1.05279 -0.00668367 0)
(0.991228 0.00775533 0)
(0.977682 -0.025017 0)
(1.08065 0.0424647 0)
(0.891857 -0.0732799 0)
(1.15357 0.0947316 0)
(0.824945 -0.0931315 0)
(1.21093 0.0727825 0)
(0.756449 -0.0271769 0)
(1.30118 -0.0136708 0)
(0.840971 0.0219417 0)
(1.04002 0.0133895 0)
(1.50422 -0.14372 0)
(0.923397 0.188682 0)
(1.21289 -0.0144289 0)
(1.05415 -0.283807 0)
(1.72931 -0.00318988 0)
(0.900385 0.0156517 0)
(1.05567 -0.0290729 0)
(0.984471 0.0305435 0)
(0.959613 -0.0414394 0)
(1.10271 0.0354572 0)
(0.847538 -0.0447668 0)
(1.19739 0.0339982 0)
(0.822349 -0.0346373 0)
(1.14997 0.0218 0)
(1.00836 -0.0145443 0)
(0.925713 0.0343778 0)
(1.17101 -0.0859775 0)
(1.02776 0.103073 0)
(0.841048 -0.0877776 0)
(1.34935 -0.121557 0)
(0.896154 0.0261594 0)
(1.28542 -0.068905 0)
(1.03988 0.0656752 0)
(1.22424 -0.292617 0)
(1.29436 -0.334598 0)
(0.914373 0.02723 0)
(1.04436 -0.0502852 0)
(0.981703 0.0560459 0)
(0.977477 -0.0719945 0)
(1.05378 0.0700506 0)
(0.927428 -0.0791949 0)
(1.10697 0.0645082 0)
(0.913821 -0.0551362 0)
(1.10496 0.0121584 0)
(0.982072 0.0102151 0)
(1.01451 -0.00117734 0)
(0.999437 -0.0811031 0)
(1.20283 0.146638 0)
(0.556722 -0.148189 0)
(1.45355 -0.013493 0)
(0.786274 -0.119365 0)
(1.14375 0.135075 0)
(1.00278 0.00955381 0)
(1.38854 -0.385668 0)
(1.17177 -0.344676 0)
(0.952054 0.0367225 0)
(0.997287 -0.0653308 0)
(1.02014 0.0675927 0)
(0.937336 -0.0823811 0)
(1.08161 0.0667049 0)
(0.893428 -0.0769325 0)
(1.14745 0.0474967 0)
(0.846146 -0.0424363 0)
(1.17003 -0.00629881 0)
(0.93366 0.0219365 0)
(1.00334 0.0325136 0)
(1.04504 -0.18849 0)
(1.21289 0.321855 0)
(0.580469 -0.209528 0)
(1.41937 -0.224265 0)
(1.09219 0.173214 0)
(0.609888 -0.169323 0)
(1.57512 -0.0835579 0)
(0.897737 -0.357943 0)
(1.39887 -0.519827 0)
(0.981189 0.0517489 0)
(0.982571 -0.0840001 0)
(1.011 0.0881783 0)
(0.966992 -0.107504 0)
(1.03324 0.0971263 0)
(0.956338 -0.120396 0)
(1.09904 0.0938377 0)
(0.911546 -0.0739781 0)
(1.11943 -0.022645 0)
(1.01108 0.0874423 0)
(0.952855 -0.0458764 0)
(1.06151 -0.194719 0)
(1.23647 0.381827 0)
(0.741461 -0.247083 0)
(1.31088 -0.28209 0)
(1.01965 0.270892 0)
(1.12905 -0.0905982 0)
(0.783332 -0.135417 0)
(1.5607 -0.277294 0)
(0.239394 -0.456982 0)
(1.02104 0.0526405 0)
(0.957442 -0.0763864 0)
(1.01552 0.0755966 0)
(0.958041 -0.0945633 0)
(1.02806 0.0781627 0)
(0.941542 -0.114355 0)
(1.07999 0.077657 0)
(0.947332 -0.057551 0)
(1.01944 -0.0506835 0)
(1.09608 0.0956096 0)
(0.908287 0.0144853 0)
(1.03929 -0.350993 0)
(1.18973 0.486627 0)
(1.05884 -0.235608 0)
(0.889648 -0.378969 0)
(1.25551 0.298599 0)
(0.750157 -0.0573155 0)
(1.29603 -0.327992 0)
(0.992759 -0.0808945 0)
(0.856821 -0.732423 0)
(1.05624 0.0605252 0)
(0.949729 -0.0765782 0)
(1.00852 0.0842514 0)
(0.955855 -0.112797 0)
(1.02533 0.10636 0)
(0.918619 -0.153421 0)
(1.06971 0.0974296 0)
(0.967305 -0.0517101 0)
(0.964595 -0.0911608 0)
(1.08678 0.142077 0)
(1.01744 -0.013534 0)
(0.920571 -0.347301 0)
(1.07188 0.408729 0)
(1.28569 -0.0957597 0)
(0.488074 -0.400108 0)
(1.39985 0.344277 0)
(0.708859 -0.128038 0)
(1.48521 -0.223878 0)
(0.731149 -0.0821617 0)
(1.5856 -0.89555 0)
(1.10261 0.0467392 0)
(0.924925 -0.0463337 0)
(1.02356 0.0679962 0)
(0.92329 -0.0993375 0)
(1.0486 0.0965932 0)
(0.859764 -0.137821 0)
(1.08154 0.0610955 0)
(0.920767 -0.0110173 0)
(0.993326 -0.106088 0)
(0.970542 0.0713976 0)
(1.192 0.0928337 0)
(0.739328 -0.377313 0)
(1.01411 0.323656 0)
(1.23106 0.0370955 0)
(0.547409 -0.453861 0)
(1.40393 0.228709 0)
(1.01396 -0.100944 0)
(1.32229 -0.350613 0)
(1.18436 -0.13536 0)
(1.51021 -0.818192 0)
(1.15062 0.0444577 0)
(0.895934 -0.0318275 0)
(1.05368 0.0795805 0)
(0.882936 -0.12191 0)
(1.09435 0.135732 0)
(0.768396 -0.173732 0)
(1.17658 0.0745743 0)
(0.7186 -0.0163466 0)
(1.21385 -0.106538 0)
(0.60615 0.0480514 0)
(1.41287 0.0872172 0)
(0.485418 -0.258236 0)
(1.16128 0.165315 0)
(1.01656 0.122614 0)
(1.10293 -0.477335 0)
(0.949603 0.118152 0)
(1.39006 -0.12903 0)
(0.939525 -0.242556 0)
(1.30029 -0.245794 0)
(1.47201 -0.364224 0)
(1.20957 0.0205912 0)
(0.832294 0.00761865 0)
(1.11542 0.0687121 0)
(0.823052 -0.115327 0)
(1.14278 0.150399 0)
(0.716235 -0.182932 0)
(1.22022 0.0911822 0)
(0.648244 -0.0386135 0)
(1.26163 -0.0384006 0)
(0.534665 -0.0414219 0)
(1.36122 0.158052 0)
(0.604033 -0.258556 0)
(1.18872 0.074036 0)
(0.951332 0.0640926 0)
(1.11052 -0.392781 0)
(0.916007 0.0813846 0)
(0.880793 -0.103504 0)
(1.04754 -0.324108 0)
(0.777178 -0.399559 0)
(1.27523 -0.389654 0)
(1.26742 0.0212651 0)
(0.759296 0.0201441 0)
(1.1918 0.0788388 0)
(0.759783 -0.134624 0)
(1.19675 0.189832 0)
(0.702879 -0.218506 0)
(1.2305 0.116306 0)
(0.710525 -0.0473292 0)
(1.18532 -0.0431672 0)
(0.770009 -0.0104683 0)
(1.10934 0.0694787 0)
(0.933351 -0.179349 0)
(1.00634 -0.00426538 0)
(1.03805 0.134386 0)
(0.926336 -0.460922 0)
(1.31215 0.221751 0)
(0.502615 -0.204861 0)
(1.63546 -0.124309 0)
(0.154873 -0.425897 0)
(1.72865 -0.104537 0)
(1.31465 0.00522897 0)
(0.679296 0.0507639 0)
(1.26679 0.063087 0)
(0.701939 -0.117412 0)
(1.23382 0.182394 0)
(0.745827 -0.203688 0)
(1.16168 0.0969557 0)
(0.893952 -0.0262913 0)
(1.01548 -0.0527155 0)
(0.959526 -0.0200632 0)
(1.05531 0.0941525 0)
(0.792566 -0.228116 0)
(1.08459 0.039007 0)
(0.79778 0.0971568 0)
(1.06569 -0.525847 0)
(0.94614 0.290696 0)
(1.36708 -0.290628 0)
(1.08216 -0.173675 0)
(1.11369 -0.4483 0)
(1.8947 -0.673896 0)
(1.346 0.0218611 0)
(0.637551 0.0492688 0)
(1.31516 0.0632912 0)
(0.685991 -0.119693 0)
(1.25041 0.175487 0)
(0.81706 -0.183354 0)
(1.08338 0.0528511 0)
(0.983947 0.0140333 0)
(1.01102 -0.0652804 0)
(0.851066 -0.042345 0)
(1.24814 0.16006 0)
(0.560271 -0.213239 0)
(1.21003 0.0166723 0)
(0.789883 0.114915 0)
(0.925567 -0.493142 0)
(0.767534 0.0891201 0)
(1.19541 -0.26263 0)
(0.697641 0.0649686 0)
(0.782947 -0.853775 0)
(1.40314 0.475609 0)
(1.34441 0.0113198 0)
(0.643493 0.0715745 0)
(1.32655 0.0363564 0)
(0.721757 -0.0868631 0)
(1.23613 0.122909 0)
(0.881509 -0.126661 0)
(1.06911 0.0209394 0)
(0.96215 -0.00449335 0)
(1.11104 0.0326777 0)
(0.743177 -0.163926 0)
(1.32313 0.259327 0)
(0.75922 -0.225502 0)
(1.0793 -0.0537153 0)
(1.12835 0.213124 0)
(0.851487 -0.507855 0)
(0.713294 0.112456 0)
(1.42886 -0.281475 0)
(0.296965 0.0119597 0)
(1.49993 -0.899465 0)
(1.84939 -0.419745 0)
(1.31021 0.025007 0)
(0.745078 0.0621025 0)
(1.27774 0.0232852 0)
(0.820827 -0.0777787 0)
(1.18628 0.101454 0)
(0.952899 -0.110037 0)
(1.06097 0.0208614 0)
(0.976963 -0.0191115 0)
(1.11094 0.0577738 0)
(0.87294 -0.163506 0)
(1.12926 0.182777 0)
(1.14098 -0.104389 0)
(0.764296 -0.151021 0)
(1.3525 0.200183 0)
(0.648885 -0.224779 0)
(0.897857 -0.217754 0)
(0.867958 0.0135039 0)
(0.771771 0.0397439 0)
(1.49151 -1.57332 0)
(0.841317 1.53777 0)
(1.23167 -0.0172491 0)
(0.832816 0.0893125 0)
(1.25955 3.27979e-05 0)
(0.845809 -0.0455602 0)
(1.18614 0.0617106 0)
(0.968521 -0.0730406 0)
(1.0733 0.0209098 0)
(0.979563 -0.0461049 0)
(1.1237 0.104315 0)
(0.971206 -0.197211 0)
(0.98364 0.151756 0)
(1.32437 -0.0748948 0)
(0.516134 -0.126872 0)
(1.48516 0.247125 0)
(0.2955 -0.285618 0)
(1.51035 -0.0371523 0)
(0.0177593 -0.21964 0)
(1.98632 -0.369087 0)
(1.10606 -1.06784 0)
(0.879266 -0.075367 0)
(1.19715 -0.00879669 0)
(0.843378 0.0489039 0)
(1.23085 0.0165076 0)
(0.871887 -0.0431314 0)
(1.15818 0.0472413 0)
(0.987591 -0.0621251 0)
(1.05893 0.0280146 0)
(1.02716 -0.0577827 0)
(1.01512 0.0810927 0)
(1.16327 -0.106692 0)
(0.66561 0.0261572 0)
(1.53445 0.103788 0)
(0.282749 -0.218829 0)
(1.62817 0.269795 0)
(0.72308 -0.177133 0)
(1.21229 -0.106974 0)
(0.744671 -0.126948 0)
(1.11709 -0.536006 0)
(-0.722551 -0.837241 0)
(-0.729563 2.05264 0)
(1.11723 -0.0388086 0)
(0.881233 0.0735744 0)
(1.20052 -0.0146818 0)
(0.870651 -0.00958665 0)
(1.15995 0.00918517 0)
(0.924123 -0.0340131 0)
(1.08684 0.0131008 0)
(0.964081 -0.0415608 0)
(1.00694 0.0541333 0)
(1.11075 -0.0479518 0)
(0.765531 -0.013695 0)
(1.23443 0.0900958 0)
(0.861267 -0.134681 0)
(0.962683 0.0239798 0)
(1.22036 -0.0674168 0)
(0.895349 -0.0894339 0)
(0.871441 -0.177788 0)
(1.03191 0.288989 0)
(-0.0396126 -0.268262 0)
(-1.53025 -1.27573 0)
(1.12654 -0.00885101 0)
(0.7742 0.0109116 0)
(1.29786 0.0202771 0)
(0.78424 -0.0234414 0)
(1.23116 0.0250779 0)
(0.863846 -0.0352213 0)
(1.07275 0.0215265 0)
(0.957689 -0.032051 0)
(0.89319 0.0266715 0)
(1.15596 -0.00681967 0)
(0.741691 -0.0108996 0)
(1.15132 0.0360235 0)
(0.936601 -0.059787 0)
(0.812915 0.0447676 0)
(1.02546 -0.10844 0)
(0.527138 0.0400128 0)
(0.858239 -0.128341 0)
(-0.0470466 -0.0578187 0)
(1.23661 0.389937 0)
(0.291702 1.44959 0)
(1.82538 -0.0645062 0)
(1.09067 -0.0483701 0)
(1.94561 0.260585 0)
(-0.000738042 0.0505153 0)
(2.17851 -0.5697 0)
(1.889 -0.177643 0)
(2.93449 -0.375985 0)
(4.05725 -0.107224 0)
(1.41063 0.0725584 0)
(1.29709 -0.0530973 0)
(1.11372 0.301295 0)
(1.97376 -0.193261 0)
(1.36314 -0.318753 0)
(2.11553 -0.273112 0)
(2.92494 -0.69664 0)
(3.14341 -0.149649 0)
(1.80138 0.186318 0)
(1.06743 0.0677786 0)
(1.51425 -0.0138677 0)
(1.84513 -0.102975 0)
(1.35642 -0.646516 0)
(2.59092 -0.970147 0)
(1.99789 -0.890974 0)
(3.35534 -0.451248 0)
(1.73756 0.220324 0)
(1.09111 0.0625433 0)
(1.87891 -0.0848105 0)
(1.57387 -0.134398 0)
(2.58528 -0.60993 0)
(1.77325 -0.675993 0)
(2.39933 -1.06591 0)
(2.74368 -0.557907 0)
(1.11496 0.250922 0)
(1.33866 -0.0360201 0)
(1.30435 -0.207513 0)
(1.59543 -0.46486 0)
(2.04877 -0.744401 0)
(2.32894 -0.915327 0)
(2.34082 -1.27466 0)
(2.37206 -0.698961 0)
(1.86265 0.298694 0)
(0.703017 -0.0755648 0)
(1.64128 -0.198533 0)
(1.53833 -0.569378 0)
(2.17427 -0.923828 0)
(2.62523 -0.847381 0)
(2.44223 -1.07638 0)
(2.67386 -0.961388 0)
(1.98521 0.0283667 0)
(1.49878 0.0691849 0)
(2.0924 -0.604979 0)
(1.77216 -0.771481 0)
(1.93846 -1.24584 0)
(2.07757 -1.09092 0)
(2.98801 -1.23341 0)
(2.95143 -1.06834 0)
(0.897596 -0.0235455 0)
(2.08105 -0.169349 0)
(1.97159 -0.24187 0)
(1.78618 -0.529336 0)
(2.4004 -1.07049 0)
(2.45572 -1.43181 0)
(3.2083 -1.48653 0)
(3.02539 -1.20948 0)
(0.37189 -0.264389 0)
(1.87243 -0.484324 0)
(0.63778 -0.464203 0)
(1.87941 -0.974659 0)
(2.77893 -1.4845 0)
(3.01687 -1.52207 0)
(2.86704 -1.45816 0)
(3.0722 -1.43894 0)
(0.309789 -0.209974 0)
(1.78763 -0.271122 0)
(0.25931 -0.216097 0)
(2.87553 -1.75571 0)
(2.60001 -1.67615 0)
(2.31984 -1.47364 0)
(2.89496 -1.5018 0)
(3.28824 -1.68616 0)
(0.529615 -0.482415 0)
(1.12842 -0.463611 0)
(1.52558 -1.0046 0)
(2.97418 -1.94892 0)
(1.94945 -1.27712 0)
(2.49986 -1.69276 0)
(3.55514 -1.87338 0)
(3.31441 -1.78626 0)
(0.568887 -0.161716 0)
(1.80095 -0.667335 0)
(1.72977 -1.26645 0)
(2.52107 -1.93442 0)
(2.08801 -1.41955 0)
(3.25086 -2.28779 0)
(3.36988 -1.93683 0)
(2.61624 -1.58497 0)
(0.301428 -0.550143 0)
(1.7563 -1.03748 0)
(1.86323 -1.43018 0)
(2.67242 -2.0668 0)
(2.52507 -1.77054 0)
(2.96168 -2.26867 0)
(2.65413 -1.49146 0)
(2.27465 -1.5795 0)
(0.206497 -0.215233 0)
(1.88861 -1.28169 0)
(1.9951 -1.81738 0)
(2.60085 -2.11575 0)
(2.29077 -1.62497 0)
(2.77368 -2.33319 0)
(2.5983 -1.54203 0)
(2.6041 -1.90245 0)
(-0.27588 -0.779208 0)
(2.31714 -1.96981 0)
(1.80635 -1.89972 0)
(2.2967 -2.16033 0)
(2.29282 -1.96181 0)
(2.64539 -2.40681 0)
(2.33077 -1.40718 0)
(2.68205 -2.13543 0)
(0.608787 -0.618968 0)
(2.00681 -2.07418 0)
(1.94669 -1.95 0)
(2.46414 -2.20222 0)
(2.24757 -1.87669 0)
(2.34836 -2.28484 0)
(2.19372 -1.49393 0)
(2.90552 -2.63916 0)
(0.602877 -1.37371 0)
(2.28173 -2.66367 0)
(1.72003 -2.25316 0)
(2.04493 -2.21127 0)
(2.023 -2.00965 0)
(2.25874 -2.329 0)
(2.18559 -1.68926 0)
(2.86958 -2.91616 0)
(1.58794 -1.42332 0)
(1.87066 -2.28346 0)
(1.69751 -1.95284 0)
(2.05948 -2.24665 0)
(2.08611 -2.04586 0)
(2.02101 -2.26878 0)
(2.19835 -1.87241 0)
(2.81385 -3.15452 0)
(1.36872 -3.02873 0)
(1.59285 -2.75529 0)
(1.59964 -2.48186 0)
(1.82037 -2.3315 0)
(1.64065 -2.11963 0)
(1.9881 -2.34252 0)
(2.05607 -2.15541 0)
(2.50427 -3.24285 0)
(1.51985 -2.80993 0)
(1.70982 -2.24108 0)
(1.49184 -2.10945 0)
(1.83145 -2.17644 0)
(1.73619 -2.20323 0)
(1.85648 -2.32565 0)
(1.84578 -2.2949 0)
(2.07091 -2.91595 0)
(3.45556 0.143176 0)
(3.83612 -0.177887 0)
(3.50001 0.0370879 0)
(3.76722 -0.172689 0)
(4.18415 0.00932269 0)
(3.61788 -0.0548007 0)
(4.41482 -0.0647302 0)
(3.53197 -0.0289132 0)
(4.63307 -0.169742 0)
(3.71864 -0.116497 0)
(5.17036 -0.164679 0)
(3.78143 -0.00732786 0)
(5.39572 0.00325053 0)
(3.17265 0.159081 0)
(5.1 -0.112599 0)
(2.59446 0.201868 0)
(4.48056 -0.218538 0)
(2.5557 0.263493 0)
(3.43623 -0.31745 0)
(3.31858 0.176416 0)
(2.59441 -0.0938578 0)
(4.22616 -0.275194 0)
(2.53422 0.379777 0)
(3.98972 -0.451451 0)
(2.92096 0.212443 0)
(2.94717 -0.206212 0)
(3.97844 -0.138203 0)
(3.87021 -0.111844 0)
(3.70503 -0.0266851 0)
(3.5525 0.131032 0)
(3.29031 -0.00310005 0)
(4.31206 -0.162255 0)
(3.86118 0.0450497 0)
(4.57744 -0.0304171 0)
(4.14774 0.0811464 0)
(4.3332 -0.0552303 0)
(4.39939 0.0594145 0)
(4.13151 -0.147281 0)
(4.47785 0.130156 0)
(4.0368 -0.106011 0)
(4.36176 0.291494 0)
(4.09498 -0.00885435 0)
(4.15414 0.384477 0)
(3.67658 0.112562 0)
(3.73818 0.256415 0)
(2.88252 0.229596 0)
(3.64641 -0.0235395 0)
(2.23227 0.191848 0)
(4.0484 -0.333245 0)
(2.52172 0.268684 0)
(3.68492 -0.236003 0)
(3.12497 0.240474 0)
(2.95349 0.335894 0)
(3.12769 -0.360728 0)
(2.8515 -0.337819 0)
(3.56241 0.0345031 0)
(2.84521 -0.0430888 0)
(3.32151 -0.011371 0)
(3.50522 -0.302546 0)
(4.1549 -0.470396 0)
(4.2772 -0.126862 0)
(4.84867 -0.161886 0)
(4.40021 0.0355182 0)
(4.83285 -0.121676 0)
(4.37697 -0.0834352 0)
(4.83005 -0.135226 0)
(4.01729 -0.123674 0)
(4.33604 0.0616119 0)
(3.61491 -0.00866713 0)
(4.14363 0.245288 0)
(3.40191 0.130783 0)
(4.18749 0.364064 0)
(2.90499 0.216709 0)
(4.06468 0.260092 0)
(2.45 0.0536804 0)
(3.95486 -0.0386548 0)
(2.34823 -0.192341 0)
(3.70268 -0.0903416 0)
(2.86206 0.0799583 0)
(2.71315 -0.0964225 0)
(3.38648 0.242191 0)
(2.85647 -0.18844 0)
(2.91908 -0.326299 0)
(3.38256 -0.472727 0)
(2.75294 -0.00759621 0)
(3.33081 -0.229565 0)
(3.47655 -0.430931 0)
(4.20926 -0.573912 0)
(4.33489 -0.322071 0)
(4.83816 -0.0674863 0)
(4.83076 0.0563449 0)
(4.76152 -0.00852845 0)
(4.63879 0.033423 0)
(4.93015 0.0536112 0)
(4.16097 0.348477 0)
(4.19065 0.112782 0)
(3.53996 0.367539 0)
(4.0112 0.106561 0)
(3.4608 0.337078 0)
(3.70465 0.366924 0)
(3.59254 0.326115 0)
(3.28055 0.413868 0)
(3.36078 0.0766998 0)
(2.80344 0.18362 0)
(3.35438 -0.185917 0)
(2.85843 -0.0375832 0)
(3.24003 0.294657 0)
(2.95868 -0.0561604 0)
(2.69659 0.31342 0)
(3.40589 -0.191738 0)
(3.00794 -0.532539 0)
(3.37987 -0.133566 0)
(3.10489 -0.280239 0)
(3.45191 -0.413909 0)
(3.95829 -0.708559 0)
(4.35212 -0.910922 0)
(4.36866 -0.435024 0)
(4.59759 -0.390922 0)
(4.8729 0.067555 0)
(4.7139 0.00100627 0)
(4.67398 -0.174047 0)
(4.67915 0.104665 0)
(4.75197 0.256194 0)
(4.14316 0.369986 0)
(4.15257 0.103132 0)
(3.81857 0.261351 0)
(3.95047 0.313827 0)
(3.36152 0.28888 0)
(3.88932 0.434861 0)
(3.32418 0.395031 0)
(3.5567 0.29608 0)
(2.62669 -0.0339338 0)
(3.58632 -0.19373 0)
(2.21041 -0.0389424 0)
(3.679 0.0422344 0)
(2.05831 0.161345 0)
(3.44456 0.0428106 0)
(2.86974 -0.355544 0)
(3.46664 -0.307065 0)
(3.26762 -0.537773 0)
(3.06929 -0.513113 0)
(3.95358 -0.67824 0)
(4.35304 -0.831809 0)
(4.51824 -0.807036 0)
(4.56172 -0.442587 0)
(4.82734 -0.307013 0)
(4.80271 -0.0156093 0)
(5.40707 0.119503 0)
(4.93593 0.0466099 0)
(5.13647 0.00656383 0)
(4.72912 0.595244 0)
(4.57856 0.426176 0)
(4.1621 0.504629 0)
(4.04185 0.220817 0)
(3.74847 0.527397 0)
(3.8614 0.414221 0)
(3.54383 0.336294 0)
(3.92153 0.531645 0)
(3.43022 0.45985 0)
(3.60014 0.128001 0)
(3.15092 0.0384723 0)
(3.13277 -0.111899 0)
(2.83834 0.378026 0)
(3.00522 0.0476267 0)
(2.78975 -0.0779083 0)
(3.33359 -0.257963 0)
(3.48829 -0.667326 0)
(3.30947 -0.105915 0)
(3.33475 -0.887982 0)
(4.02739 -1.08596 0)
(4.16779 -0.963441 0)
(4.61832 -1.05775 0)
(4.56853 -0.599104 0)
(4.99103 -0.505302 0)
(5.00492 -0.249259 0)
(5.46098 -0.00760409 0)
(5.2953 -0.0621214 0)
(5.26996 0.215018 0)
(4.87198 0.567451 0)
(4.89688 0.639585 0)
(3.98518 0.406255 0)
(4.36839 0.433661 0)
(3.51195 0.446354 0)
(4.13814 0.372039 0)
(3.23199 0.420901 0)
(3.84167 0.445035 0)
(3.26214 0.506614 0)
(3.93547 0.109788 0)
(3.20517 0.0348024 0)
(3.73954 0.116035 0)
(2.52194 0.151841 0)
(3.4532 0.142599 0)
(2.3627 -0.087427 0)
(3.83235 -0.717445 0)
(2.66161 -0.303507 0)
(3.49405 -0.567604 0)
(3.91967 -1.04493 0)
(3.71086 -1.14817 0)
(4.18056 -1.11117 0)
(4.41734 -1.01452 0)
(4.28015 -0.651512 0)
(5.18943 -0.500402 0)
(4.90905 -0.263749 0)
(5.70129 0.0065701 0)
(4.9698 0.127292 0)
(5.38275 0.220755 0)
(4.66 0.730165 0)
(4.7672 0.878182 0)
(4.18999 0.722989 0)
(4.3515 0.485606 0)
(3.93643 0.607672 0)
(3.79652 0.571355 0)
(3.74891 0.486079 0)
(3.33591 0.510765 0)
(3.52999 0.416871 0)
(3.4114 0.141554 0)
(3.75935 0.126405 0)
(3.27854 0.213941 0)
(3.50563 0.491665 0)
(2.98031 0.1624 0)
(3.51431 -0.302324 0)
(3.03044 -0.420382 0)
(3.23235 -0.441412 0)
(3.08662 -0.334309 0)
(3.75937 -1.17173 0)
(3.50561 -1.23728 0)
(4.35415 -1.24114 0)
(4.09009 -1.14707 0)
(4.58128 -0.957609 0)
(5.08333 -0.809043 0)
(5.1632 -0.51204 0)
(5.70359 0.00439495 0)
(5.16968 0.0988099 0)
(5.06344 0.392038 0)
(4.39877 0.906367 0)
(4.50313 0.849786 0)
(4.31867 0.63839 0)
(4.24178 0.53077 0)
(3.94079 0.730911 0)
(3.77564 0.469486 0)
(3.96958 0.611707 0)
(3.47725 0.567176 0)
(3.56323 0.431735 0)
(3.32833 0.0153787 0)
(3.73076 0.0932708 0)
(3.19678 0.281056 0)
(3.71071 0.278792 0)
(3.07235 0.191026 0)
(3.77934 -0.146038 0)
(2.75959 -0.553599 0)
(3.46683 -0.345592 0)
(2.58589 -0.139032 0)
(3.52532 -1.27761 0)
(3.67225 -1.45139 0)
(4.00856 -1.3797 0)
(3.89535 -1.19905 0)
(4.7121 -1.1373 0)
(5.06794 -0.824957 0)
(5.38739 -0.534924 0)
(5.59344 -0.00176126 0)
(5.26134 0.432631 0)
(4.65303 0.601296 0)
(4.42257 1.00626 0)
(4.2022 0.949742 0)
(4.15645 0.833117 0)
(3.75967 0.703049 0)
(4.10049 0.842122 0)
(3.78573 0.575496 0)
(4.06366 0.646001 0)
(3.65063 0.716728 0)
(3.73412 0.521941 0)
(3.51232 0.0469918 0)
(3.57024 0.184244 0)
(3.55757 0.211877 0)
(3.64792 0.540853 0)
(3.62195 0.132229 0)
(3.43753 -0.146913 0)
(3.59673 -0.288484 0)
(3.18772 -0.332536 0)
(2.76122 -0.0608784 0)
(3.27225 -1.37557 0)
(3.58209 -1.47523 0)
(3.72077 -1.31336 0)
(4.15299 -1.51489 0)
(4.73483 -1.54503 0)
(5.10878 -1.148 0)
(5.66805 -0.71976 0)
(5.45404 0.0824028 0)
(5.32614 0.610826 0)
(4.41415 0.809595 0)
(4.51795 1.10045 0)
(3.76477 0.947723 0)
(4.15102 0.833343 0)
(3.35727 0.53582 0)
(3.97457 0.710851 0)
(3.7092 0.474049 0)
(3.54618 0.674623 0)
(3.52681 0.738035 0)
(3.46678 0.499738 0)
(3.31638 0.114331 0)
(2.92697 0.0796142 0)
(3.76453 0.230344 0)
(3.20315 0.280632 0)
(3.95167 0.298405 0)
(3.16939 -0.133932 0)
(3.51897 -0.405365 0)
(2.65529 0.0613506 0)
(2.88977 -0.200271 0)
(2.95962 -1.3827 0)
(3.35672 -1.65002 0)
(3.80226 -1.63539 0)
(4.46606 -1.78786 0)
(4.64834 -1.67775 0)
(4.88936 -1.3243 0)
(5.25818 -0.731781 0)
(5.09868 0.181553 0)
(5.41938 0.900355 0)
(4.73901 1.00912 0)
(4.44471 1.34331 0)
(3.77399 1.16166 0)
(3.68833 1.02679 0)
(3.46509 0.803817 0)
(3.08264 0.705437 0)
(3.3888 0.767683 0)
(2.76898 0.775285 0)
(3.3646 0.704247 0)
(2.99184 0.612987 0)
(3.0987 0.286433 0)
(2.87761 -0.0369603 0)
(3.1466 0.101565 0)
(3.16921 0.415122 0)
(3.19563 0.145831 0)
(3.56909 0.0625654 0)
(3.31213 -0.0564761 0)
(2.59152 0.0126973 0)
(2.94032 -0.0746581 0)
(3.1824 -1.71194 0)
(3.57305 -1.90366 0)
(4.16985 -1.88451 0)
(4.04669 -1.99072 0)
(3.74126 -1.76756 0)
(3.98239 -1.43763 0)
(4.06839 -0.824133 0)
(4.23009 0.0670505 0)
(4.7839 0.77801 0)
(4.66406 1.24587 0)
(4.30421 1.53936 0)
(4.3957 1.28213 0)
(3.81557 1.00672 0)
(3.94755 0.809902 0)
(3.33789 0.762616 0)
(3.42084 0.615806 0)
(3.18763 0.699413 0)
(3.28564 0.628374 0)
(3.12978 0.62758 0)
(3.16616 0.194353 0)
(3.14274 0.0534248 0)
(2.62413 0.0879825 0)
(2.97661 0.23226 0)
(3.04547 0.129553 0)
(3.50283 -0.207201 0)
(3.03096 0.0945852 0)
(3.28179 0.222943 0)
(2.71652 -0.0135402 0)
(3.49375 -2.00116 0)
(3.74978 -2.17679 0)
(3.64674 -1.8673 0)
(2.78601 -1.59481 0)
(2.54658 -1.58084 0)
(2.7428 -1.46515 0)
(2.74784 -0.822829 0)
(2.96205 -0.100563 0)
(3.39511 0.686064 0)
(3.56759 1.25196 0)
(3.87422 1.46866 0)
(4.11196 1.39854 0)
(3.72311 1.24089 0)
(3.72005 1.05116 0)
(3.5513 0.959289 0)
(3.34619 0.826994 0)
(3.24744 0.847433 0)
(3.28102 0.746576 0)
(3.38055 0.663207 0)
(3.66873 0.286215 0)
(3.16729 0.219505 0)
(3.03686 0.216048 0)
(2.94847 0.19908 0)
(3.34999 -0.118439 0)
(3.29479 0.0641719 0)
(3.07603 0.0548731 0)
(3.20238 0.170798 0)
(3.17084 0.117635 0)
(3.67842 -2.2364 0)
(3.34258 -1.97555 0)
(2.30735 -1.40738 0)
(1.76571 -1.49867 0)
(1.93711 -1.76281 0)
(1.82796 -1.50507 0)
(1.55501 -0.887718 0)
(2.16329 -0.182682 0)
(1.73998 0.486287 0)
(2.46671 1.04337 0)
(2.48311 1.24997 0)
(2.91814 1.37532 0)
(2.9785 1.19597 0)
(3.14954 0.88891 0)
(3.10193 1.00574 0)
(3.2309 0.757384 0)
(3.36653 0.753628 0)
(3.46923 0.545531 0)
(3.49619 0.454221 0)
(3.45864 0.336105 0)
(3.0889 0.357132 0)
(3.10739 0.194406 0)
(3.11617 0.0601939 0)
(3.14839 -0.0374672 0)
(2.88164 -0.0548957 0)
(3.26596 0.129823 0)
(3.08352 0.192351 0)
(3.2578 -0.0137981 0)
(3.52939 -2.25613 0)
(2.60372 -1.40173 0)
(1.82761 -1.00295 0)
(1.34132 -1.43982 0)
(1.23838 -1.56964 0)
(0.712551 -1.37209 0)
(0.969629 -1.022 0)
(0.900619 -0.175591 0)
(1.01936 0.555473 0)
(1.03027 0.895294 0)
(1.64643 1.18815 0)
(1.69446 1.16018 0)
(2.27929 1.1346 0)
(2.34512 0.999022 0)
(2.66284 0.894414 0)
(2.84589 0.684735 0)
(2.9916 0.781524 0)
(3.02584 0.659741 0)
(3.00887 0.643555 0)
(3.08369 0.469838 0)
(3.09238 0.37734 0)
(3.15228 0.230205 0)
(3.0433 0.162473 0)
(2.95459 0.0093248 0)
(3.07613 -0.00983147 0)
(3.02316 -0.0406713 0)
(3.00644 0.166386 0)
(3.05519 0.0837055 0)
(3.23104 -2.0169 0)
(2.08757 -1.33118 0)
(0.974261 -0.807078 0)
(0.485777 -1.33047 0)
(0.299543 -1.46488 0)
(-0.241857 -1.3289 0)
(-0.623518 -0.963999 0)
(-0.394915 -0.193348 0)
(-0.489741 0.400899 0)
(-0.0116426 0.689154 0)
(0.162816 0.915412 0)
(0.981376 1.07507 0)
(0.877263 0.777827 0)
(1.51775 0.695774 0)
(1.83363 0.829094 0)
(1.887 0.520817 0)
(2.19082 0.688693 0)
(2.26519 0.484749 0)
(2.57213 0.463146 0)
(2.71162 0.333239 0)
(2.74043 0.325926 0)
(2.7201 0.22802 0)
(2.76347 0.157505 0)
(2.78928 -0.0575417 0)
(2.63962 -0.0643334 0)
(2.56086 0.159524 0)
(2.52066 0.171819 0)
(2.94819 0.0439931 0)
(2.64386 -1.64748 0)
(0.921448 -0.109687 0)
(0.630703 -0.25163 0)
(-0.00788736 -1.01458 0)
(-0.0451144 -1.14899 0)
(-1.44356 -0.928165 0)
(-1.60476 -0.898711 0)
(-2.05861 -0.175392 0)
(-1.76281 0.376986 0)
(-1.79571 0.57574 0)
(-1.08655 0.68816 0)
(-0.651969 0.866319 0)
(0.0501235 0.888677 0)
(-0.423892 0.512179 0)
(1.17323 0.657706 0)
(0.923699 0.54206 0)
(1.54671 0.637854 0)
(1.57044 0.425869 0)
(1.94005 0.431321 0)
(2.04606 0.357759 0)
(2.24673 0.343564 0)
(2.38667 0.212177 0)
(2.55641 0.113213 0)
(2.62147 0.0792034 0)
(2.4368 0.0958068 0)
(2.49936 0.0221225 0)
(2.78333 -0.0359014 0)
(2.92348 -0.0750744 0)
(1.83887 -1.15095 0)
(1.09134 -0.502933 0)
(-0.275574 -0.275273 0)
(-0.460264 -1.12653 0)
(-1.35523 -0.781761 0)
(-2.25212 -0.647583 0)
(-2.97355 -0.676869 0)
(-3.54294 -0.0770714 0)
(-3.36466 0.28233 0)
(-3.16993 0.335019 0)
(-2.12842 0.3267 0)
(-1.71152 0.496016 0)
(-0.843548 0.568222 0)
(-0.633267 0.159747 0)
(-0.912794 0.214411 0)
(0.0247335 0.263268 0)
(0.732416 0.420762 0)
(0.839964 0.243453 0)
(1.38306 0.273456 0)
(1.58367 0.182447 0)
(1.91195 0.167226 0)
(2.13118 0.087864 0)
(2.24141 0.0448611 0)
(2.29642 0.00716844 0)
(2.38069 0.00553136 0)
(2.3941 -0.0217038 0)
(2.31581 -0.0323125 0)
(2.3536 0.101733 0)
(0.399116 -0.716044 0)
(-1.60444 0.998806 0)
(1.25846 0.455438 0)
(-1.19323 -0.365492 0)
(-1.90514 -0.184962 0)
(-3.14108 -0.116708 0)
(-3.51117 -0.241065 0)
(-5.09102 0.125092 0)
(-3.20157 0.172885 0)
(-4.23634 -0.113189 0)
(-2.85864 -0.0475635 0)
(-3.69606 0.288697 0)
(-1.19068 0.375597 0)
(-2.00842 0.558643 0)
(0.294251 0.287671 0)
(-0.990271 -0.250623 0)
(0.326305 0.226044 0)
(0.330881 0.0649682 0)
(0.905028 0.0801884 0)
(1.0922 0.0635943 0)
(1.37023 0.0598978 0)
(1.55717 0.0430162 0)
(1.64419 0.024234 0)
(1.69295 0.0163544 0)
(1.70328 0.0451351 0)
(1.79991 0.043889 0)
(1.73219 -0.0262097 0)
(1.69332 -0.0630938 0)
(4.11401 -1.00687 0)
(4.91 -1.145 0)
(3.83783 -1.04043 0)
(2.66139 -1.5978 0)
(2.43079 -1.96008 0)
(1.18177 -1.97271 0)
(0.302654 -1.64546 0)
(0.204371 -2.35462 0)
(3.3333 -1.13982 0)
(2.29819 -0.957602 0)
(1.57454 -1.23117 0)
(2.45769 -2.485 0)
(1.93293 -2.13878 0)
(1.44231 -1.56617 0)
(1.16079 -1.75163 0)
(1.84268 -2.20523 0)
(3.22436 -0.485764 0)
(3.15377 -0.508808 0)
(3.20758 -1.11264 0)
(3.05567 -1.58461 0)
(1.66685 -1.43051 0)
(2.32422 -1.44881 0)
(1.87577 -1.68411 0)
(0.828832 -1.11778 0)
(3.0044 -0.783445 0)
(3.42054 -0.890178 0)
(2.40734 -1.00815 0)
(3.17067 -1.65441 0)
(1.95236 -1.76491 0)
(2.08884 -1.77446 0)
(1.76796 -1.09763 0)
(1.94029 -1.13629 0)
(3.31433 -0.557729 0)
(3.14652 -0.391388 0)
(2.76955 -1.07742 0)
(3.26958 -1.49662 0)
(2.16617 -1.06645 0)
(1.15741 -1.29171 0)
(1.08583 -1.49695 0)
(0.326082 -0.494559 0)
(3.53196 -0.587759 0)
(2.726 -0.526961 0)
(3.26011 -1.00164 0)
(2.34459 -1.12941 0)
(1.41535 -0.577387 0)
(1.66345 -1.25858 0)
(1.11124 -0.565383 0)
(0.0105318 -0.555354 0)
(3.0047 -0.290515 0)
(2.55017 -0.349652 0)
(3.07456 -0.945619 0)
(1.5903 -0.779645 0)
(2.50874 -0.853244 0)
(2.13855 -1.2537 0)
(1.57843 -0.749554 0)
(1.84255 -0.276174 0)
(2.38324 -0.0358107 0)
(3.3455 -0.563099 0)
(1.9233 -0.447388 0)
(2.60112 -0.665522 0)
(2.0683 -0.728067 0)
(0.703224 -0.633924 0)
(-0.602465 -0.429174 0)
(0.084986 -0.444538 0)
(2.89296 -0.414035 0)
(2.84493 -0.179125 0)
(2.33528 -0.586673 0)
(3.28611 -0.990756 0)
(2.1809 -0.0707471 0)
(2.64704 -0.0573682 0)
(2.36916 -0.312631 0)
(3.65117 -1.32921 0)
(3.27096 -0.151319 0)
(2.33444 -0.247949 0)
(3.35664 -0.649404 0)
(2.17832 -0.455435 0)
(2.18568 -0.268847 0)
(2.17424 -0.693123 0)
(2.0535 -1.02698 0)
(2.24598 -0.772082 0)
(2.64627 -0.168417 0)
(2.81187 -0.245665 0)
(2.92084 -0.527156 0)
(2.87912 -0.51029 0)
(3.00296 -0.164906 0)
(2.62681 -0.0711646 0)
(2.69669 -0.289383 0)
(1.81167 -0.461892 0)
(2.24902 -0.103303 0)
(2.79881 -0.403511 0)
(2.9443 -0.642644 0)
(2.8932 -0.449532 0)
(2.35788 -0.0582563 0)
(2.40539 -0.485696 0)
(2.11017 -0.569491 0)
(2.39844 -0.582344 0)
(2.93664 -0.10182 0)
(2.9708 -0.590546 0)
(2.87292 -0.615053 0)
(2.48661 -0.254921 0)
(2.42537 0.0275656 0)
(2.18331 -0.00580526 0)
(2.37315 -0.350203 0)
(2.37323 -0.343211 0)
(3.20222 -0.222582 0)
(3.30104 -0.357905 0)
(2.52296 -0.361309 0)
(2.35141 -0.190975 0)
(2.03204 0.110675 0)
(2.57671 -0.384899 0)
(2.99226 -0.62143 0)
(2.17251 -0.299832 0)
(3.15108 -0.16395 0)
(2.97903 -0.265502 0)
(2.57953 -0.171432 0)
(2.28414 -0.0151503 0)
(2.16986 -0.11659 0)
(2.73747 -0.536371 0)
(2.53167 -0.207502 0)
(2.24532 0.115855 0)
(2.91135 -0.0800934 0)
(2.83302 -0.0989649 0)
(2.53681 -0.0151045 0)
(2.43304 0.0462925 0)
(2.65341 -0.124517 0)
(2.53392 -0.477579 0)
(2.2383 -0.349434 0)
(2.27498 -0.110525 0)
(2.85368 -0.0593692 0)
(2.59389 -0.0747416 0)
(2.42007 0.0247297 0)
(2.75356 -0.0514229 0)
(2.82662 -0.215985 0)
(2.62854 -0.376626 0)
(2.25269 -0.106482 0)
(2.22345 0.0772676 0)
(2.69216 0.105046 0)
(2.57014 0.100934 0)
(2.68965 -0.099131 0)
(2.80928 -0.126119 0)
(2.47377 -0.0583216 0)
(2.23337 -0.149185 0)
(2.08352 -0.116007 0)
(2.2706 -0.0210717 0)
(2.34107 0.0947666 0)
(2.3043 -0.0770622 0)
(2.30254 -0.0872751 0)
(2.38003 0.0667255 0)
(2.11932 0.0308241 0)
(1.97778 -0.212283 0)
(1.96167 -0.125963 0)
(2.04297 0.0394277 0)
(1.83082 0.141993 0)
(2.13799 0.0961099 0)
(1.84737 -0.139435 0)
(1.69967 -0.000868572 0)
(2.0105 0.127338 0)
(1.96604 -0.0544183 0)
(1.45275 -0.120348 0)
(1.48914 0.0776399 0)
(-1.61633 -1.21022 0)
(0.611781 0.58671 0)
(0.466157 0.563069 0)
(0.802181 0.56981 1.88624e-18)
(1.6102 0.911664 1.75942e-19)
(1.96118 0.77669 0)
(2.80794 0.787168 1.35712e-18)
(2.38973 0.567437 7.1797e-20)
(2.70318 0.57056 9.13716e-19)
(2.25401 0.434659 8.51019e-19)
(2.79949 0.494057 0)
(2.32937 0.384482 7.08391e-19)
(3.0608 0.472874 -2.96835e-20)
(2.59132 0.375154 5.72143e-19)
(3.32017 0.461322 6.91729e-21)
(2.92706 0.38522 -7.62714e-21)
(3.55413 0.480624 -1.69819e-19)
(3.24957 0.406439 1.26589e-19)
(3.81104 0.51142 1.67431e-21)
(3.60572 0.128752 1.82756e-22)
(-0.520848 -1.6652 0)
(0.956964 -0.241319 0)
(0.537703 0.0446868 -8.52134e-20)
(1.17293 0.430983 -3.92859e-18)
(1.71404 0.72361 -7.43615e-20)
(2.08192 0.656957 2.09495e-18)
(2.68674 0.624567 -1.33671e-18)
(2.39201 0.435078 5.10376e-19)
(2.6128 0.422985 9.7623e-19)
(2.33887 0.324841 -8.53861e-19)
(2.72541 0.357262 0)
(2.45566 0.284498 6.90598e-19)
(2.98287 0.357838 9.10566e-21)
(2.70998 0.317846 -5.75431e-19)
(3.2348 0.397293 1.06957e-21)
(3.01991 0.362916 0)
(3.47061 0.438411 -9.43134e-22)
(3.31701 0.375032 0)
(3.69474 0.443407 0)
(3.59903 0.00751445 0)
(-0.396102 0.254611 0)
(0.870413 0.296288 -9.38776e-20)
(0.666983 0.554611 1.69724e-19)
(1.47633 0.602118 -7.74095e-20)
(1.93803 0.707156 -3.46503e-18)
(2.339 0.688559 -2.0942e-18)
(2.78718 0.695765 0)
(2.56733 0.583471 7.15159e-20)
(2.72028 0.565413 -1.09535e-18)
(2.51007 0.446421 5.50177e-20)
(2.81482 0.467916 0)
(2.6103 0.374622 -6.97177e-19)
(3.04469 0.427737 0)
(2.84506 0.35899 5.69892e-19)
(3.28288 0.41006 1.08249e-21)
(3.12584 0.352463 0)
(3.51077 0.430736 1.71303e-19)
(3.39067 0.34708 0)
(3.72232 0.410894 2.02405e-23)
(3.63688 0.152889 2.21383e-21)
(0.772096 -0.408594 -4.35644e-20)
(1.34865 -0.537312 2.91151e-18)
(1.0646 0.0494289 2.67621e-18)
(1.81883 0.227395 1.79833e-18)
(2.09606 0.431554 0)
(2.49719 0.545851 0)
(2.80311 0.581651 0)
(2.62689 0.482845 -5.7182e-19)
(2.72072 0.449324 0)
(2.60698 0.33894 -8.58436e-19)
(2.86298 0.349528 7.25086e-19)
(2.76213 0.269478 4.5832e-20)
(3.06171 0.318926 0)
(2.95385 0.288887 0)
(3.25619 0.351505 -5.0469e-19)
(3.20025 0.31953 2.25872e-19)
(3.47925 0.404263 -6.5448e-21)
(3.44947 0.306618 -1.29392e-19)
(3.68099 0.379333 3.49289e-20)
(3.65743 0.0854191 -2.23249e-21)
(0.0509302 0.733055 0)
(0.862403 0.171847 -2.71239e-18)
(1.06353 0.463465 -2.8073e-18)
(1.86435 0.486934 1.10971e-19)
(2.13619 0.548685 -1.53839e-18)
(2.54557 0.616697 0)
(2.88995 0.694723 1.44804e-18)
(2.75351 0.616744 -6.91058e-20)
(2.81443 0.573109 6.2387e-20)
(2.69064 0.428739 9.13357e-19)
(2.89919 0.443347 -5.08852e-20)
(2.87409 0.368748 0)
(3.13558 0.410154 6.30697e-19)
(3.0931 0.353021 8.71224e-21)
(3.31695 0.378897 5.17691e-19)
(3.28992 0.321238 -1.38849e-20)
(3.50015 0.386587 1.848e-19)
(3.49627 0.302169 -3.05638e-21)
(3.67115 0.341928 -6.74881e-20)
(3.67509 0.159283 0)
(0.505216 -0.802657 0)
(2.02857 -0.552369 2.54545e-18)
(1.69167 -0.0749266 0)
(2.29872 0.0136806 -1.52881e-18)
(2.37363 0.173911 1.49656e-18)
(2.60355 0.344506 -1.9925e-18)
(2.89117 0.543869 -1.47186e-18)
(2.82381 0.5101 -6.82587e-20)
(2.88893 0.48308 1.21094e-19)
(2.81097 0.336311 -5.56612e-20)
(2.92813 0.31456 -7.82199e-19)
(2.94839 0.231053 7.12209e-19)
(3.1146 0.277895 -6.47076e-19)
(3.12642 0.258828 0)
(3.2732 0.316917 -2.57562e-19)
(3.30292 0.279019 -6.21076e-21)
(3.46107 0.368339 -1.71842e-19)
(3.50398 0.264197 1.28212e-19)
(3.62739 0.320666 3.54989e-20)
(3.6638 0.127321 1.21497e-22)
(1.46905 0.229775 0)
(2.02579 0.269355 -2.41405e-18)
(1.87738 0.591172 -1.44829e-19)
(2.37872 0.507634 1.57293e-18)
(2.4767 0.538593 -1.39091e-18)
(2.71786 0.562211 1.32627e-20)
(2.84703 0.633506 1.48481e-18)
(2.74222 0.604408 0)
(2.73605 0.563095 0)
(2.77729 0.420312 0)
(2.86799 0.408435 -4.71649e-20)
(2.95007 0.338947 -3.13171e-19)
(3.12034 0.381654 9.54484e-21)
(3.16798 0.333714 -8.86512e-21)
(3.30915 0.352677 2.66208e-19)
(3.34256 0.286072 -1.35051e-20)
(3.45654 0.340279 6.703e-21)
(3.4978 0.259848 -6.98207e-20)
(3.59976 0.29007 3.63314e-21)
(3.64437 0.158204 1.85187e-22)
(1.44045 -0.0934098 0)
(2.31805 -0.329196 0)
(2.12348 0.0241044 7.0325e-20)
(2.51909 -0.0150951 -9.43587e-20)
(2.53672 0.11976 1.35508e-18)
(2.71958 0.329517 1.978e-18)
(2.93517 0.557702 -1.51008e-18)
(2.97042 0.541285 6.1182e-19)
(2.94771 0.47293 -6.18744e-20)
(2.86985 0.292729 5.25462e-20)
(2.94988 0.273886 -5.15081e-20)
(3.04076 0.174137 -3.62592e-19)
(3.18016 0.23481 -9.57716e-21)
(3.21284 0.218454 9.95478e-21)
(3.26998 0.281187 0)
(3.32887 0.249413 -2.32016e-19)
(3.44571 0.327645 6.75781e-21)
(3.53333 0.247349 6.63429e-20)
(3.63397 0.272569 0)
(3.72747 0.143258 -1.85533e-22)
(3.11958 -0.470265 -2.02863e-18)
(2.52619 0.0841164 0)
(2.09708 0.395677 2.15559e-18)
(2.36391 0.304932 8.52766e-20)
(2.48631 0.352384 0)
(2.65131 0.410712 -9.58507e-19)
(2.81867 0.565648 7.56912e-19)
(2.82472 0.595961 -1.84134e-22)
(2.70758 0.584173 0)
(2.72427 0.40968 -4.37289e-19)
(2.8054 0.363969 0)
(3.02837 0.300104 0)
(3.12869 0.354998 0)
(3.23623 0.3296 0)
(3.26354 0.327047 -7.47337e-21)
(3.35643 0.253883 1.85133e-21)
(3.40355 0.287395 6.82438e-21)
(3.50874 0.221019 -3.25871e-21)
(3.56266 0.232231 3.78762e-21)
(3.66481 0.150343 0)
(0.546306 0.173611 -1.00724e-20)
(1.24693 -0.0761365 6.70112e-20)
(1.66115 -0.00993357 -4.48524e-18)
(2.41643 -0.0732331 -1.16452e-18)
(2.62562 0.106613 0)
(2.70512 0.3192 1.89722e-18)
(2.67856 0.493218 4.35121e-20)
(2.702 0.544632 -6.65791e-19)
(2.70176 0.46196 -4.19698e-19)
(2.98858 0.254717 -1.33754e-21)
(3.04805 0.204066 0)
(3.12266 0.0960663 -3.68333e-19)
(3.17232 0.183279 -9.77445e-21)
(3.33468 0.197135 -2.92673e-19)
(3.51836 0.266557 -2.69757e-19)
(3.62546 0.247865 0)
(3.705 0.305347 0)
(3.74117 0.240157 0)
(3.78308 0.236173 2.32489e-22)
(3.80535 0.132907 4.14976e-22)
(2.17375 -0.350412 9.62146e-19)
(2.82247 -0.397756 9.86339e-19)
(2.82896 -0.0636646 2.19472e-18)
(2.96807 0.0226019 9.91409e-19)
(3.11358 0.295056 1.44835e-19)
(3.23716 0.495684 -2.2594e-20)
(3.35806 0.642678 -8.05315e-21)
(3.38693 0.615188 -3.27686e-19)
(3.50327 0.571993 5.8049e-20)
(3.19572 0.360087 5.05365e-20)
(3.06358 0.353795 -5.30815e-20)
(2.90483 0.272077 3.72132e-19)
(2.96006 0.302554 -9.9271e-21)
(3.16885 0.261816 3.16627e-19)
(3.38028 0.279416 2.72448e-19)
(3.53509 0.236908 -1.17148e-19)
(3.5978 0.272696 4.9671e-21)
(3.7582 0.228838 6.63137e-20)
(3.71759 0.21985 0)
(3.88976 0.162295 -6.0893e-22)
(2.05656 0.0524786 1.91054e-18)
(1.75077 -0.109246 -9.6731e-19)
(1.63758 -0.0745547 9.24393e-19)
(2.03609 -0.134927 7.31639e-20)
(2.18082 0.0222375 0)
(2.11083 0.223595 -9.15908e-19)
(2.11479 0.413195 -7.86218e-19)
(2.36983 0.492365 5.2216e-19)
(2.52502 0.488497 2.40068e-19)
(2.70172 0.333205 4.46141e-19)
(2.61768 0.230598 0)
(2.75233 0.0818723 0)
(2.65112 0.0753972 -3.519e-19)
(2.8503 0.0659454 1.14548e-20)
(2.86514 0.132962 -8.90656e-21)
(3.12752 0.172744 1.19731e-19)
(3.13268 0.213318 1.05084e-19)
(3.36614 0.202381 -1.47651e-19)
(3.41162 0.183418 2.72401e-20)
(3.5206 0.0987635 -1.59206e-22)
(1.88771 -0.0320738 -7.91631e-21)
(2.46772 -0.233539 -8.82072e-19)
(2.74647 -0.236186 -1.0926e-18)
(3.09249 -0.187461 7.02886e-20)
(3.36796 0.225098 5.01466e-19)
(3.46408 0.529792 0)
(2.93624 0.486061 -4.94307e-20)
(2.73612 0.41249 -2.57004e-19)
(2.60045 0.382061 3.02821e-19)
(2.83766 0.294125 0)
(3.04859 0.338553 -2.06151e-19)
(3.374 0.297418 1.88965e-19)
(3.42816 0.313866 3.35868e-19)
(3.57072 0.254186 1.65992e-19)
(3.55981 0.228973 1.19329e-21)
(3.74872 0.197911 0)
(3.96158 0.229331 -9.30871e-20)
(4.09048 0.188024 -1.07804e-20)
(4.37387 0.203876 -1.91988e-20)
(4.29032 0.148041 3.71763e-22)
(2.05313 -0.128478 -8.93775e-19)
(2.34907 -0.355277 1.44188e-20)
(2.35951 -0.268246 0)
(2.19166 -0.333745 0)
(2.29153 -0.0165928 -9.06873e-21)
(2.63027 0.490022 0)
(2.62374 0.689746 -4.58269e-19)
(2.67946 0.600092 2.59004e-19)
(2.76017 0.470569 6.14292e-20)
(2.78918 0.217016 5.38562e-20)
(2.88306 0.1138 3.61092e-19)
(2.82035 0.00110149 -1.90977e-19)
(2.82181 0.0367084 1.64612e-19)
(2.98918 0.0456384 -3.0624e-19)
(3.02321 0.0949947 7.96772e-21)
(3.29853 0.104042 1.0627e-19)
(3.4198 0.1539 1.91634e-21)
(3.62942 0.13678 8.28115e-20)
(3.68008 0.155614 -4.01614e-21)
(3.79895 0.128944 0)
(2.23053 -0.0502983 0)
(2.2485 -0.355668 8.93054e-19)
(2.3569 -0.221766 -5.43504e-20)
(2.37861 -0.189745 6.35997e-20)
(2.11677 -0.0458716 -4.15489e-21)
(2.17821 0.275027 0)
(2.24962 0.414003 4.15908e-19)
(2.47058 0.370912 -2.54494e-19)
(2.63583 0.347514 0)
(2.95641 0.265632 0)
(3.07322 0.317788 -4.17922e-19)
(3.26375 0.301726 -1.92513e-19)
(3.22526 0.263394 1.09016e-22)
(3.28729 0.201109 3.2084e-19)
(3.20308 0.143143 0)
(3.30315 0.0984368 -1.29005e-19)
(3.26874 0.117967 7.20508e-21)
(3.42675 0.105944 -3.66328e-21)
(3.41721 0.124643 2.82764e-20)
(3.60617 0.117123 -2.29041e-22)
(2.32446 -0.086684 0)
(2.30306 -0.423581 4.35213e-19)
(2.22234 -0.435843 -3.81951e-19)
(2.32489 -0.26033 -5.97294e-20)
(2.07501 0.0335978 -4.56624e-19)
(2.07778 0.384533 0)
(2.21304 0.534288 0)
(2.44323 0.441313 6.17935e-20)
(2.56089 0.292204 5.95268e-20)
(2.73608 0.0870206 -2.26114e-19)
(2.78367 0.034861 2.10479e-19)
(2.98905 -0.0226082 3.89134e-19)
(3.04673 0.0343037 -1.79229e-19)
(3.22702 0.0632144 -1.62506e-19)
(3.19683 0.089354 0)
(3.30189 0.0950288 -6.89647e-20)
(3.23381 0.114848 7.26588e-21)
(3.37701 0.102118 -3.74255e-21)
(3.34322 0.112302 -1.96354e-20)
(3.5349 0.0981693 0)
(2.12102 -0.140135 0)
(2.00228 -0.333113 -8.54154e-19)
(1.77584 -0.259079 3.78139e-19)
(1.73313 -0.113491 5.82854e-20)
(1.5834 0.0804808 0)
(1.75238 0.246879 1.09529e-19)
(2.03291 0.313649 -1.63417e-19)
(2.43632 0.288175 -6.22776e-20)
(2.66017 0.261502 -1.20678e-19)
(2.83155 0.203577 2.81367e-19)
(2.80021 0.234759 -5.54793e-20)
(2.87695 0.221485 -1.96666e-19)
(2.79528 0.192895 9.05402e-20)
(2.9546 0.158625 0)
(2.93621 0.116074 0)
(3.09782 0.0882585 6.94858e-20)
(3.10802 0.0904632 -7.31048e-21)
(3.29527 0.0793487 0)
(3.3084 0.0837266 1.22446e-20)
(3.53127 0.0750289 -2.37046e-22)
(2.16661 -0.00820033 -1.96255e-19)
(1.87794 -0.341971 4.70013e-19)
(1.59838 -0.435971 -1.04651e-19)
(1.54145 -0.260494 5.62645e-20)
(1.41069 -0.00238935 0)
(1.58717 0.196102 0)
(1.7404 0.272418 0)
(2.07891 0.224423 1.85417e-19)
(2.22173 0.142511 -6.15076e-20)
(2.40232 0.0333754 5.67814e-20)
(2.42774 0.010265 0)
(2.64335 -0.0282674 0)
(2.64504 0.000283504 -9.16807e-20)
(2.87797 0.0229177 0)
(2.88127 0.0428037 3.71842e-20)
(3.06349 0.0557628 0)
(3.07956 0.067302 -2.58813e-20)
(3.26741 0.0627076 -3.80276e-21)
(3.28871 0.0678476 -1.37761e-20)
(3.50069 0.0572466 0)
(1.80816 -0.0107237 1.92788e-19)
(1.56136 -0.110177 5.01402e-20)
(1.11959 -0.128439 -3.70666e-21)
(1.02067 -0.0432541 -5.51304e-20)
(0.92008 0.068633 0)
(1.18905 0.134837 0)
(1.37736 0.146807 0)
(1.79188 0.14955 -3.0867e-20)
(1.97881 0.152109 5.79869e-20)
(2.23678 0.142169 -1.16348e-19)
(2.2798 0.159029 -5.35035e-20)
(2.51166 0.155884 0)
(2.50371 0.128411 0)
(2.74477 0.101002 0)
(2.75744 0.067611 -3.75873e-20)
(2.96053 0.0446609 -7.10793e-21)
(2.98873 0.0389687 3.33376e-20)
(3.1882 0.0315383 3.7856e-21)
(3.21067 0.0312727 2.18219e-21)
(3.42809 0.0307381 -3.01443e-22)
(1.689 0.178533 0)
(1.80303 -0.0709219 0)
(1.25397 -0.252594 -4.97851e-20)
(0.889497 -0.189992 5.38951e-20)
(0.653466 -0.0647652 0)
(0.946468 0.0226509 0)
(1.12561 0.0535914 0)
(1.57743 0.033392 3.05478e-20)
(1.76364 -0.00870011 0)
(2.05181 -0.0561351 5.44269e-20)
(2.09412 -0.0738929 -2.27324e-21)
(2.36578 -0.0877838 0)
(2.3722 -0.063701 1.09927e-20)
(2.62884 -0.0383172 -1.26532e-20)
(2.64615 -0.0114534 1.28775e-21)
(2.85602 0.00703974 -7.22252e-21)
(2.88246 0.0165913 7.49156e-21)
(3.09538 0.0187313 0)
(3.11742 0.0210275 0)
(3.35099 0.0153991 5.98793e-23)
(-1.02124 0.337957 0)
(-1.46723 0.809787 0)
(-1.71148 -0.0580155 0)
(-1.49814 -1.46902 0)
(-1.38858 -2.92976 0)
(-0.655469 -3.79215 0)
(-0.670444 -4.19513 0)
(-0.0995806 -3.96885 0)
(-0.953766 1.4571 0)
(-2.01505 0.955502 0)
(-1.86752 -0.183547 0)
(-1.6969 -1.82197 0)
(-1.35464 -3.42063 0)
(-0.657539 -4.19859 0)
(-0.805065 -4.47201 0)
(0.0479807 -4.36693 0)
(-0.46819 1.86614 0)
(-0.276833 1.4399 0)
(-0.906958 -0.0617721 0)
(-1.15048 -1.52634 0)
(-1.16558 -3.36361 0)
(-0.83575 -4.08622 0)
(-0.563168 -4.54491 0)
(0.0148743 -4.36312 0)
(-0.60295 1.89847 0)
(-0.234699 1.16219 0)
(-1.55873 0.19927 0)
(-1.18564 -1.89119 0)
(-1.12668 -3.63866 0)
(-0.59467 -4.50538 0)
(-0.470979 -4.90954 0)
(-0.282974 -4.64803 0)
(-0.361989 2.1146 0)
(-0.444875 1.75853 0)
(-1.01372 0.47013 0)
(-0.814757 -1.58895 0)
(-0.936114 -3.59775 0)
(-0.249653 -4.43358 0)
(-0.488793 -4.68413 0)
(-0.0618196 -4.74285 0)
(-0.435164 2.47166 0)
(-0.742063 1.69314 0)
(-1.04824 0.367844 0)
(-0.81038 -1.97655 0)
(-0.757463 -3.98871 0)
(-0.221125 -4.77271 0)
(-0.426744 -4.98604 0)
(0.105051 -4.93488 0)
(-0.428304 2.52457 0)
(-0.615548 1.82971 0)
(-0.909511 0.456125 0)
(-0.425493 -1.7527 0)
(-0.477016 -3.82993 0)
(-0.337109 -4.53764 0)
(-0.289333 -4.86753 0)
(-0.11524 -4.88722 0)
(-0.160593 3.09209 0)
(-0.526775 2.15258 0)
(-0.394339 0.342906 0)
(-0.275287 -2.00675 0)
(-0.535188 -4.07786 0)
(-0.104607 -4.91323 0)
(-0.234656 -5.09436 0)
(0.0732011 -5.14925 0)
(-0.245096 2.88629 0)
(-0.0568926 1.76295 0)
(-0.612927 0.281072 0)
(-0.0236083 -1.8705 0)
(-0.258017 -3.91341 0)
(-0.0822638 -4.70811 0)
(-0.251978 -4.93648 0)
(0.280551 -4.95492 0)
(-0.35451 3.13422 0)
(0.0669792 2.42207 0)
(-0.0188122 0.39212 0)
(0.166364 -1.97922 0)
(-0.021013 -4.02611 0)
(-0.0412642 -4.85048 0)
(-0.0600886 -5.30527 0)
(-0.0957744 -5.13319 0)
(-0.331196 3.14018 0)
(0.156088 1.63411 0)
(-0.244971 0.181098 0)
(0.317534 -2.0071 0)
(0.0277105 -3.82214 0)
(0.299471 -4.74183 0)
(-0.00507304 -4.88632 0)
(-0.0661783 -5.02725 0)
(-0.358037 3.12192 0)
(0.177265 2.26151 0)
(0.0734978 0.333324 0)
(0.39567 -2.01333 0)
(0.274315 -4.05332 0)
(0.160744 -4.80043 0)
(0.0622777 -5.1371 0)
(0.21525 -5.15268 0)
(-0.292638 3.28881 0)
(0.11553 1.54323 0)
(0.062776 0.0541763 0)
(0.53047 -2.12305 0)
(0.328615 -3.69073 0)
(0.247444 -4.59464 0)
(0.230661 -4.91252 0)
(-0.294272 -4.89597 0)
(-0.0714472 3.17741 0)
(0.091587 1.99985 0)
(0.16799 0.101752 0)
(0.543319 -2.07979 0)
(0.285975 -3.95478 0)
(0.3393 -4.7722 0)
(0.104964 -4.88337 0)
(0.0210525 -5.17142 0)
(-0.0694941 3.27804 0)
(0.0119776 1.50885 0)
(0.196617 -0.195753 0)
(0.649624 -2.22183 0)
(0.41125 -3.63855 0)
(0.397433 -4.49227 0)
(0.309093 -4.76064 0)
(0.400396 -4.82701 0)
(0.111701 3.19932 0)
(0.118096 1.81134 0)
(0.21608 -0.230379 0)
(0.604912 -2.07626 0)
(0.414825 -3.78092 0)
(0.244196 -4.66718 0)
(0.273162 -4.87755 0)
(0.070219 -4.81666 0)
(0.0681357 3.19355 0)
(0.122398 1.53158 0)
(0.176518 -0.463774 0)
(0.638316 -2.35431 0)
(0.315155 -3.55518 0)
(0.452721 -4.46651 0)
(0.0847279 -4.71344 0)
(0.124536 -4.65412 0)
(0.164034 3.05426 0)
(0.235965 1.71347 0)
(0.119304 -0.503445 0)
(0.569521 -2.10343 0)
(0.350141 -3.65878 0)
(0.564516 -4.47399 0)
(0.307117 -4.70116 0)
(0.095414 -4.70315 0)
(0.0635914 3.03459 0)
(0.221214 1.60828 0)
(0.0829491 -0.643825 0)
(0.600902 -2.43879 0)
(0.190032 -3.59204 0)
(0.621658 -4.48055 0)
(0.0055046 -4.51356 0)
(0.0172373 -4.4626 0)
(0.150504 2.84406 0)
(0.241624 1.67757 0)
(0.0712174 -0.726746 0)
(0.524804 -2.18834 0)
(0.406469 -3.70343 0)
(0.361548 -4.35284 0)
(0.0689016 -4.38985 0)
(-0.0886155 -4.67727 0)
(0.0450343 2.89876 0)
(0.141362 1.67131 0)
(0.290114 -0.807768 0)
(0.47146 -2.55614 0)
(0.472663 -3.54261 0)
(0.441735 -4.26483 0)
(0.0986517 -4.30945 0)
(0.250437 -4.48019 0)
(0.101196 2.66087 0)
(0.105438 1.53825 0)
(0.559712 -0.929284 0)
(0.279955 -2.2557 0)
(0.653575 -3.69181 0)
(0.504573 -4.18015 0)
(-0.0861011 -4.30884 0)
(0.166846 -4.49953 0)
(0.126253 2.89196 0)
(0.0195415 1.561 0)
(0.821397 -0.858186 0)
(-0.0202583 -2.51621 0)
(0.70665 -3.64333 0)
(0.177864 -3.8279 0)
(-0.0707432 -4.12894 0)
(0.140132 -4.42641 0)
(-0.190385 2.50074 0)
(-0.0950463 1.11073 0)
(0.463233 -0.947953 0)
(-0.437088 -2.20941 0)
(0.271309 -3.80833 0)
(-0.218925 -3.7909 0)
(-0.511815 -4.29438 0)
(0.113114 -4.47419 0)
(-0.216449 3.08351 0)
(0.0486584 1.249 0)
(-0.093184 -0.626324 0)
(-0.530351 -2.45665 0)
(-0.347856 -3.77729 0)
(-0.582653 -3.48272 0)
(-0.243936 -4.33744 0)
(0.112543 -4.62197 0)
(-0.130126 2.6069 0)
(-0.0203568 0.965872 0)
(-0.857075 -0.683775 0)
(-0.258162 -2.20283 0)
(-0.806158 -3.77376 0)
(-0.324754 -3.8238 0)
(0.0955044 -4.65849 0)
(0.436805 -4.54989 0)
(-0.231663 3.13233 0)
(0.183934 1.63036 0)
(-1.01444 -0.41477 0)
(0.0900378 -2.5373 0)
(-0.838701 -3.68377 0)
(-0.0160964 -3.98365 0)
(0.272855 -4.71023 0)
(0.404018 -4.36811 0)
(-0.234694 2.63459 0)
(0.0203414 1.27231 0)
(-1.13844 -0.615408 0)
(0.0323216 -2.29947 0)
(-0.678698 -3.62961 0)
(0.16592 -4.34638 0)
(0.350721 -4.86258 0)
(0.225286 -4.19123 0)
(-0.139298 3.22284 0)
(0.262361 2.1381 0)
(-0.87579 -0.342822 0)
(-0.338413 -2.72512 0)
(-0.643271 -3.77312 0)
(0.293864 -4.53609 0)
(0.312919 -4.73784 0)
(0.18858 -4.06998 0)
(0.557221 2.60553 0)
(0.405328 1.56698 0)
(-0.558795 -0.397269 0)
(-0.38579 -2.50638 0)
(-0.345473 -4.06596 0)
(0.43431 -4.78104 0)
(0.262782 -4.8405 0)
(0.281212 -3.95971 0)
(0.235484 2.71231 0)
(0.566271 2.80741 0)
(0.110949 0.110688 0)
(0.251127 -2.73226 0)
(0.138679 -4.1864 0)
(0.468762 -4.84565 0)
(-0.0878512 -4.69897 0)
(0.169997 -3.78797 0)
(-0.148498 2.16722 0)
(0.993968 1.53635 0)
(0.328347 -0.276806 0)
(0.613506 -2.4088 0)
(0.599735 -4.09328 0)
(0.414582 -4.62531 0)
(-0.00264028 -4.69397 0)
(-0.074034 -3.88874 0)
(0.268399 2.33522 0)
(0.991885 2.72619 0)
(0.215278 0.3269 0)
(0.666273 -2.81627 0)
(0.55256 -4.17628 0)
(0.515307 -4.5022 0)
(0.0597729 -4.46872 0)
(-0.245296 -3.82598 0)
(0.330557 1.48237 0)
(1.65016 1.38606 0)
(0.271048 -0.16534 0)
(0.994377 -2.75151 0)
(0.815727 -4.15695 0)
(0.705291 -4.35615 0)
(0.0921745 -4.30229 0)
(-0.312417 -3.96664 0)
(0.898035 1.3683 0)
(2.18735 2.98138 0)
(1.2241 0.680278 0)
(1.90155 -2.80558 0)
(1.47455 -4.00828 0)
(1.06027 -4.0573 0)
(0.337073 -3.97591 0)
(-0.462847 -3.9179 0)
(2.25135 -0.247026 0)
(1.73846 1.31936 0)
(1.72652 -0.0909884 0)
(2.24284 -2.74884 0)
(1.77635 -3.82513 0)
(1.33184 -3.73448 0)
(0.77416 -3.57293 0)
(-0.597897 -4.05989 0)
(0.962236 -0.563294 0)
(1.84653 3.12272 0)
(1.63182 0.2258 0)
(2.53673 -2.74588 0)
(1.95588 -3.68545 0)
(1.44201 -3.49604 0)
(1.03478 -3.03761 0)
(-0.360241 -3.82453 0)
(-1.40335 -1.95461 0)
(2.31819 1.35768 0)
(1.84902 -0.50777 0)
(2.99637 -2.86924 0)
(2.22726 -3.38311 0)
(1.54828 -3.20088 0)
(1.32195 -2.71909 0)
(-0.0771624 -3.64314 0)
(-2.47886 -0.734791 0)
(0.0563476 1.60201 0)
(2.66888 -0.406795 0)
(3.17274 -2.52119 0)
(2.69485 -3.0898 0)
(1.34253 -3.04306 0)
(1.39594 -2.31117 0)
(0.00769845 -3.14935 0)
(-1.1116 -0.966816 0)
(1.64745 -1.1667 0)
(3.87718 -2.23662 0)
(3.38804 -2.96642 0)
(2.7438 -2.67201 0)
(1.21571 -2.49921 0)
(0.939794 -2.08449 0)
(0.00195209 -3.17035 0)
(1.41473 -3.75192 0)
(1.39585 -2.69052 0)
(1.37488 -2.598 0)
(1.68713 -2.36419 0)
(1.36838 -2.16328 0)
(1.66197 -2.34249 0)
(1.48874 -2.23422 0)
(1.28353 -2.51311 0)
(1.4365 -3.12928 0)
(1.52369 -2.43289 0)
(1.31886 -2.36751 0)
(1.6169 -2.21893 0)
(1.45927 -2.25822 0)
(1.62372 -2.28705 0)
(1.28305 -2.23275 0)
(1.66633 -2.47664 0)
(1.36283 -3.94201 0)
(1.35043 -2.7536 0)
(1.28033 -2.73247 0)
(1.4848 -2.43481 0)
(1.27127 -2.20687 0)
(1.43584 -2.26153 0)
(1.25536 -2.18124 0)
(0.984746 -2.01607 0)
(1.42998 -3.31744 0)
(1.45754 -2.62701 0)
(1.21335 -2.5144 0)
(1.40648 -2.27748 0)
(1.23245 -2.30846 0)
(1.49332 -2.21094 0)
(0.98788 -2.17182 0)
(1.41081 -2.13349 0)
(1.35482 -4.04887 0)
(1.34354 -2.78194 0)
(1.15005 -2.80327 0)
(1.46547 -2.46509 0)
(0.998167 -2.28581 0)
(1.31152 -2.16429 0)
(1.0251 -2.11389 0)
(0.845542 -1.70548 0)
(1.42088 -3.44599 0)
(1.4066 -2.77552 0)
(1.18777 -2.65746 0)
(1.30154 -2.27459 0)
(1.14721 -2.32903 0)
(1.36159 -2.2041 0)
(0.882279 -2.11508 0)
(1.20326 -1.90398 0)
(1.35973 -4.08296 0)
(1.30401 -2.7987 0)
(1.04857 -2.86772 0)
(1.36779 -2.50182 0)
(1.02332 -2.33719 0)
(1.22826 -2.08365 0)
(0.950766 -2.0634 0)
(0.782802 -1.50056 0)
(1.3883 -3.53703 0)
(1.44615 -2.87349 0)
(1.15227 -2.74841 0)
(1.26069 -2.33474 0)
(0.963621 -2.38028 0)
(1.25517 -2.16839 0)
(0.79642 -2.07246 0)
(1.01428 -1.7067 0)
(1.36177 -4.09701 0)
(1.28494 -2.81306 0)
(1.01986 -2.9116 0)
(1.36927 -2.48744 0)
(0.968131 -2.36103 0)
(1.17854 -2.08126 0)
(0.823064 -2.00081 0)
(0.736438 -1.36881 0)
(1.37509 -3.59434 0)
(1.4513 -2.95327 0)
(1.12735 -2.84484 0)
(1.22414 -2.38485 0)
(0.880596 -2.40606 0)
(1.1888 -2.11969 0)
(0.745591 -2.05723 0)
(0.976515 -1.57978 0)
(1.34812 -4.09693 0)
(1.32227 -2.81866 0)
(0.971308 -2.93381 0)
(1.33622 -2.46439 0)
(1.00877 -2.37289 0)
(1.15964 -2.09995 0)
(0.742119 -1.95798 0)
(0.649877 -1.24466 0)
(1.37701 -3.65015 0)
(1.4776 -3.00003 0)
(1.11115 -2.9265 0)
(1.22839 -2.48601 0)
(0.803755 -2.44598 0)
(1.14026 -2.0411 0)
(0.794135 -2.03612 0)
(0.917068 -1.49723 0)
(1.34932 -4.10127 0)
(1.32081 -2.83259 0)
(0.962411 -2.90807 0)
(1.23048 -2.41674 0)
(0.90797 -2.3798 0)
(1.07162 -2.18471 0)
(0.679417 -1.91397 0)
(0.561305 -1.13045 0)
(1.39119 -3.68602 0)
(1.46151 -3.02275 0)
(1.09635 -2.98492 0)
(1.26573 -2.54335 0)
(0.854385 -2.44839 0)
(1.12977 -1.9879 0)
(0.61195 -2.03059 0)
(0.931685 -1.43521 0)
(1.35982 -4.11253 0)
(1.31957 -2.85384 0)
(0.941812 -2.88834 0)
(1.19427 -2.41596 0)
(0.862969 -2.41911 0)
(1.10739 -2.1739 0)
(0.798357 -1.91087 0)
(0.562562 -1.09385 0)
(1.40124 -3.70137 0)
(1.42609 -3.01108 0)
(1.1105 -3.04233 0)
(1.27847 -2.56957 0)
(0.86075 -2.47082 0)
(1.05504 -2.01166 0)
(0.602213 -2.00542 0)
(0.837612 -1.32552 0)
(1.3916 -4.1191 9.56492e-19)
(1.36667 -2.89046 -1.4372e-21)
(0.978044 -2.87316 -2.71161e-21)
(1.14297 -2.42987 -2.39624e-21)
(0.833617 -2.40572 -2.91641e-21)
(1.08633 -2.17577 -2.7176e-21)
(0.730271 -1.90465 -1.25275e-21)
(0.506701 -1.05171 -3.07335e-21)
(1.3783 -3.74585 0)
(1.41539 -2.99325 0)
(1.07774 -3.04916 0)
(1.31268 -2.55494 0)
(0.890524 -2.50942 0)
(1.09076 -2.0046 0)
(0.563499 -1.99174 0)
(0.8858 -1.28518 0)
(1.41715 -4.11846 0)
(1.39851 -2.93545 0)
(0.99882 -2.91136 0)
(1.15884 -2.47655 0)
(0.811881 -2.41691 0)
(1.07081 -2.16663 0)
(0.835781 -1.90423 0)
(0.417326 -0.987522 0)
(1.35856 -3.76232 0)
(1.38676 -2.96473 0)
(1.03302 -3.00748 0)
(1.26083 -2.51643 0)
(0.84887 -2.52035 0)
(1.04265 -2.05844 0)
(0.437308 -1.94612 0)
(0.859322 -1.23867 0)
(1.42564 -4.15909 0)
(1.4279 -2.97496 0)
(0.997861 -2.96357 0)
(1.25949 -2.51947 0)
(0.837285 -2.40047 0)
(1.07368 -2.10828 0)
(0.839812 -1.96376 0)
(0.484166 -0.961496 0)
(1.32089 -3.7449 0)
(1.35369 -2.94641 0)
(0.992287 -3.00445 0)
(1.22219 -2.5029 0)
(0.81212 -2.53971 0)
(1.07555 -2.12118 0)
(0.510509 -1.87668 0)
(0.709179 -1.175 0)
(1.43278 -4.15707 0)
(1.42673 -2.98065 0)
(1.01646 -2.99969 0)
(1.24141 -2.55708 0)
(0.786646 -2.37565 0)
(0.984426 -2.10665 0)
(0.723112 -1.99728 0)
(0.514846 -0.953895 0)
(1.30277 -3.77279 0)
(1.39754 -2.95588 0)
(0.942979 -2.98081 0)
(1.21359 -2.47326 0)
(0.810267 -2.51716 0)
(1.10772 -2.12898 0)
(0.497817 -1.83792 0)
(0.678456 -1.14765 0)
(1.40916 -4.12529 0)
(1.42264 -2.96769 0)
(1.00256 -3.04255 0)
(1.23286 -2.6124 0)
(0.851292 -2.40784 0)
(1.00459 -2.12441 0)
(0.835191 -2.01603 0)
(0.496889 -0.948293 0)
(1.25977 -3.80351 0)
(1.41893 -2.95062 0)
(0.916673 -2.92313 0)
(1.07794 -2.49902 0)
(0.685405 -2.49832 0)
(0.997573 -2.16008 0)
(0.462747 -1.82199 0)
(0.642103 -1.10333 0)
(1.42432 -4.10419 0)
(1.40216 -2.98722 0)
(0.93365 -2.98287 0)
(1.23963 -2.5744 0)
(0.873628 -2.4324 0)
(0.977453 -2.15818 0)
(0.722756 -2.02379 0)
(0.468783 -0.93994 0)
(1.20736 -3.80035 0)
(1.32679 -2.91796 0)
(0.901485 -2.94611 0)
(1.08373 -2.57858 0)
(0.69675 -2.47849 0)
(0.994943 -2.15271 0)
(0.575488 -1.85242 0)
(0.624798 -1.12918 0)
(1.40035 -4.03522 1.05507e-18)
(1.31237 -2.99449 -7.63867e-21)
(0.878342 -2.9164 -1.07146e-20)
(1.09407 -2.55396 -1.04329e-20)
(0.772048 -2.46573 -6.57388e-21)
(0.916717 -2.22471 -4.86999e-19)
(0.757122 -2.00953 4.77368e-19)
(0.44161 -0.923831 -2.62948e-21)
(1.22368 -3.74911 0)
(1.23647 -2.8698 0)
(0.86047 -2.94645 0)
(1.11671 -2.58656 0)
(0.688325 -2.48084 0)
(0.927509 -2.23604 0)
(0.503251 -1.91662 0)
(0.550486 -1.12674 0)
(1.34565 -3.94862 0)
(1.30889 -2.96786 0)
(0.824919 -2.93645 0)
(1.06538 -2.5721 0)
(0.73564 -2.43229 0)
(0.865842 -2.20541 0)
(0.669449 -1.99924 0)
(0.434789 -0.983668 0)
(1.15944 -3.69164 0)
(1.25542 -2.78125 0)
(0.76751 -2.91188 0)
(1.0221 -2.61101 0)
(0.627752 -2.50847 0)
(0.876932 -2.31458 0)
(0.666956 -2.01014 0)
(0.514551 -1.17437 0)
(1.26384 -3.88574 0)
(1.37519 -2.93697 0)
(0.775174 -2.86927 0)
(0.964214 -2.55636 0)
(0.65204 -2.38476 0)
(0.719615 -2.30001 0)
(0.502345 -2.0084 0)
(0.368935 -1.05239 0)
(1.03424 -3.63149 0)
(1.17615 -2.70931 0)
(0.62114 -2.82493 0)
(0.89438 -2.64127 0)
(0.618384 -2.50864 0)
(0.807982 -2.26902 0)
(0.641937 -2.09665 0)
(0.541657 -1.29866 0)
(1.09022 -3.77391 0)
(1.23752 -2.88419 0)
(0.698225 -2.74241 0)
(0.698241 -2.57149 0)
(0.558974 -2.41995 0)
(0.578266 -2.43545 0)
(0.683477 -2.11294 0)
(0.29632 -1.19878 0)
(0.899883 -3.42961 0)
(0.931245 -2.66605 0)
(0.481209 -2.67165 0)
(0.70948 -2.60015 0)
(0.445526 -2.48346 0)
(0.550436 -2.30288 0)
(0.390606 -2.17163 0)
(0.497075 -1.41357 0)
(0.937583 -3.4891 0)
(0.966353 -2.7972 0)
(0.456361 -2.6534 0)
(0.571939 -2.57659 0)
(0.442592 -2.47202 0)
(0.517742 -2.51404 0)
(0.688015 -2.29408 0)
(0.251547 -1.47605 0)
(0.652434 -3.11462 0)
(0.710584 -2.53862 0)
(0.287522 -2.61297 0)
(0.379572 -2.58987 0)
(0.224727 -2.4786 0)
(0.254966 -2.41627 0)
(0.260963 -2.28567 0)
(0.389711 -1.74159 0)
(0.570795 -3.22989 0)
(0.678128 -2.74755 0)
(0.295227 -2.49172 0)
(0.297085 -2.53272 0)
(0.278538 -2.47686 0)
(0.305188 -2.5407 0)
(0.366435 -2.47966 0)
(0.190954 -1.83517 0)
(0.167652 -2.28601 0)
(0.212007 -2.3066 0)
(0.0796319 -2.48361 0)
(0.118271 -2.45947 0)
(0.0485123 -2.48518 0)
(0.0384411 -2.38907 0)
(0.141881 -2.38119 0)
(0.192435 -2.49174 0)
)
;

boundaryField
{
    wall
    {
        type            slip;
    }
    inlet1
    {
        type            uniformFixedValue;
        uniformValue    table
        
11
(
(0 (1 0 0))
(0.3 (1 0 0))
(0.325 (0.9375 0 0))
(0.35 (0.875 0 0))
(0.375 (0.8125 0 0))
(0.4 (0.75 0 0))
(0.425 (0.6875 0 0))
(0.45 (0.625 0 0))
(0.475 (0.5625 0 0))
(0.499 (0.5 0 0))
(0.5 (1 0 0))
)
;
    }
    inlet2
    {
        type            uniformFixedValue;
        uniformValue    table
        
3
(
(0 (0 0 0))
(0.2 (0 -2.5 0))
(0.6 (0 0 0))
)
;
    }
    outlet1
    {
        type            zeroGradient;
    }
    outlet2
    {
        type            zeroGradient;
    }
    defaultFaces
    {
        type            empty;
    }
}


// ************************************************************************* //
