/*--------------------------------*- C++ -*----------------------------------*\
| =========                 |                                                 |
| \\      /  F ield         | OpenFOAM: The Open Source CFD Toolbox           |
|  \\    /   O peration     | Version:  2.4.0                                 |
|   \\  /    A nd           | Web:      www.OpenFOAM.org                      |
|    \\/     M anipulation  |                                                 |
\*---------------------------------------------------------------------------*/
FoamFile
{
    version     2.0;
    format      ascii;
    class       volVectorField;
    location    "1.55";
    object      U_0;
}
// * * * * * * * * * * * * * * * * * * * * * * * * * * * * * * * * * * * * * //

dimensions      [0 1 -1 0 0 0 0];

internalField   nonuniform List<vector> 
2320
(
(0.745742 -0.0254119 0)
(1.34431 0.00516002 0)
(0.757256 0.0291607 0)
(1.32336 -0.00290552 0)
(0.705102 -0.0056271 0)
(1.28287 -0.00569482 0)
(0.751171 -0.00596399 0)
(1.25234 -0.0498738 0)
(1.00469 0.0766002 0)
(0.944914 -0.0349776 0)
(1.15338 0.0252162 0)
(0.693701 -0.00457019 0)
(1.13789 -0.0306284 0)
(0.818909 0.00398974 0)
(1.06601 -0.0598243 0)
(1.03985 0.0545211 0)
(0.798534 -0.0582445 0)
(1.34991 -0.00657697 0)
(0.528112 0.0054292 0)
(1.48295 -0.0404582 0)
(0.999217 -0.0172593 0)
(1.01125 -0.0200496 0)
(0.98307 -0.00993492 0)
(1.12801 0.0223027 0)
(0.990903 0.0297543 0)
(1.04405 -0.0186677 0)
(0.98368 0.0220864 0)
(0.979415 -0.0804549 0)
(0.990309 0.0742789 0)
(1.02121 -0.0380687 0)
(1.0828 0.0832825 0)
(0.921403 0.0212901 0)
(1.07595 -0.0329155 0)
(0.876002 0.0222269 0)
(1.08584 -0.0384206 0)
(0.815548 0.0610631 0)
(1.12593 -0.0868804 0)
(0.902378 0.121565 0)
(0.960495 -0.0712454 0)
(1.02163 -0.0577422 0)
(1.05658 -0.0221633 0)
(0.97944 0.00259298 0)
(0.979285 -0.0212929 0)
(0.922346 -0.00765475 0)
(1.06845 0.0372188 0)
(0.962151 -0.00363771 0)
(0.996312 0.0266424 0)
(0.985382 -0.0555619 0)
(0.934175 0.0696464 0)
(0.996996 -0.0774143 0)
(0.956471 0.0832053 0)
(1.04468 0.00469492 0)
(0.996195 -0.00414945 0)
(0.988097 -0.00628027 0)
(0.962241 -0.0181451 0)
(1.03895 0.0314478 0)
(0.900673 -0.0803524 0)
(0.995929 0.0828125 0)
(1.00553 -0.0408574 0)
(0.876734 -0.0781006 0)
(0.968492 -0.0330077 0)
(1.01957 0.0074052 0)
(0.98765 0.0272633 0)
(0.919178 -0.0288049 0)
(1.0021 0.0103966 0)
(1.00756 0.0173661 0)
(0.993549 0.0106586 0)
(1.01044 -0.0471035 0)
(0.958213 0.0675691 0)
(1.0107 -0.0555697 0)
(0.914158 0.0537686 0)
(1.07808 0.00473772 0)
(0.940234 -0.00998423 0)
(1.09544 0.0346446 0)
(0.880816 -0.05943 0)
(1.12544 0.0721213 0)
(0.874655 -0.0613581 0)
(1.0703 0.0479314 0)
(1.00036 -0.00397046 0)
(0.966303 -0.0818125 0)
(0.997876 -0.0116315 0)
(0.970651 -0.015434 0)
(1.01754 0.0364551 0)
(0.985891 -0.0175033 0)
(0.978815 -0.00333969 0)
(1.01015 0.000510401 0)
(1.02664 0.0238637 0)
(0.976162 -0.0390033 0)
(1.01711 0.0651054 0)
(1.02308 -0.048842 0)
(0.987594 0.0432087 0)
(1.05898 -0.000624462 0)
(0.991757 -0.0161904 0)
(1.06603 0.0245498 0)
(1.00183 -0.0253725 0)
(1.01581 0.0328372 0)
(1.03944 -0.0378613 0)
(1.01192 0.015088 0)
(1.05874 0.0184946 0)
(0.983006 -0.0700268 0)
(1.00819 -0.0116804 0)
(0.990063 -0.0133542 0)
(0.987404 0.0284007 0)
(1.00486 -0.0119691 0)
(1.00519 -0.00296657 0)
(0.996557 -0.00468889 0)
(1.02296 0.0243151 0)
(0.979908 -0.039338 0)
(1.01165 0.0419553 0)
(1.02207 -0.034167 0)
(0.98577 0.0255687 0)
(1.04893 0.00866762 0)
(0.998879 -0.0179825 0)
(1.03015 0.0293733 0)
(1.01083 -0.0294853 0)
(1.0155 0.0417565 0)
(1.02077 -0.0491372 0)
(1.00984 0.0231219 0)
(1.05364 0.0158456 0)
(0.989992 -0.0505449 0)
(1.00711 -0.00723204 0)
(0.985507 -0.0125857 0)
(0.983688 0.0332095 0)
(1.01941 -0.0262424 0)
(0.989488 -0.00228657 0)
(1.00365 -0.00391911 0)
(1.00776 0.024927 0)
(0.994828 -0.0243715 0)
(0.984302 0.0362775 0)
(1.0267 -0.0298274 0)
(0.954928 0.0256245 0)
(1.03954 -0.00343217 0)
(0.977757 -0.00701964 0)
(1.03119 0.0166478 0)
(0.977416 -0.0131386 0)
(1.00432 0.0198977 0)
(1.0055 -0.028046 0)
(0.989977 -0.00595062 0)
(1.03565 0.0351376 0)
(0.962283 -0.0405651 0)
(1.00981 -0.00350337 0)
(0.969411 -0.00956611 0)
(1.00673 0.0148305 0)
(1.00665 -0.0121469 0)
(0.989715 0.00138417 0)
(0.985996 -0.00780931 0)
(1.01548 0.02221 0)
(0.984177 -0.0200673 0)
(1.0044 0.0183207 0)
(1.01308 -0.0118599 0)
(0.972098 0.0132897 0)
(1.02151 0.000512784 0)
(1.00191 -0.0136811 0)
(1.01693 0.0244491 0)
(0.981104 -0.00819546 0)
(1.00799 0.0169423 0)
(1.00301 -0.0310889 0)
(0.991364 0.000400141 0)
(0.996203 0.0323413 0)
(1.00839 -0.043756 0)
(1.00306 0.0058038 0)
(0.982257 -0.0160928 0)
(1.00379 0.0150538 0)
(1.00552 -0.0141624 0)
(0.996643 0.00256233 0)
(0.977591 -0.0106486 0)
(1.03309 0.0168824 0)
(0.981005 -0.01135 0)
(1.01474 0.0139489 0)
(0.999013 -0.0071482 0)
(0.991045 0.0148817 0)
(0.996382 -0.0142812 0)
(1.01995 -0.0065083 0)
(1.00546 0.0260939 0)
(0.988886 -0.00407878 0)
(1.02631 0.00276482 0)
(1.01134 -0.013349 0)
(0.993268 -0.00831568 0)
(0.99878 0.0302972 0)
(1.01937 -0.041463 0)
(1.00466 0.00694616 0)
(0.98749 -0.0149922 0)
(0.996357 0.00260183 0)
(1.01325 -0.00324562 0)
(0.982746 0.00986364 0)
(0.999479 -0.0189918 0)
(1.00267 0.0129429 0)
(1.00414 -0.00291118 0)
(0.997775 0.00259732 0)
(1.00007 0.00612804 0)
(0.99843 0.0101166 0)
(0.98844 -0.0114719 0)
(1.02045 -0.01824 0)
(0.991045 0.0366444 0)
(1.01635 -0.0117981 0)
(1.00135 -0.00286426 0)
(1.0316 -0.00635751 0)
(0.967225 0.000597312 0)
(1.01334 0.0214615 0)
(1.01425 -0.0393331 0)
(1.01198 0.0111191 0)
(0.994704 -0.0139157 0)
(0.984776 -0.00011231 0)
(1.00553 -0.00161516 0)
(0.982905 0.00360163 0)
(1.01668 -0.0134513 0)
(0.972844 0.00677592 0)
(1.03776 -0.00104129 0)
(0.97049 0.00886225 0)
(1.01699 -0.000916959 0)
(0.985356 0.014922 0)
(1.01 -0.0212383 0)
(0.995652 -0.00969018 0)
(0.99226 0.0275221 0)
(1.02985 -0.00553028 0)
(0.982537 -0.0103644 0)
(1.03964 0.00908074 0)
(0.947576 -0.00332266 0)
(1.03683 0.00819714 0)
(0.998859 -0.0280634 0)
(1.02505 0.00592335 0)
(0.98924 -0.00399697 0)
(0.999532 -0.00536 0)
(0.985161 0.0031634 0)
(1.00768 -0.000907898 0)
(0.99617 -0.00773568 0)
(0.982071 -0.00465187 0)
(1.02259 0.00472118 0)
(0.984649 0.00719926 0)
(1.00586 0.00384649 0)
(0.988801 0.00942454 0)
(1.03226 -0.0133145 0)
(0.953227 -0.00977385 0)
(1.01453 0.0171313 0)
(1.00761 -0.00170087 0)
(0.993124 -0.0140069 0)
(1.01158 0.0171153 0)
(0.984355 -0.00302582 0)
(1.01869 -0.00197009 0)
(1.00229 -0.0186172 0)
(1.00852 0.00456995 0)
(0.992281 -0.0016177 0)
(1.0062 -0.00134742 0)
(0.974916 -0.000502014 0)
(1.02213 -0.00641821 0)
(0.975984 0.00456673 0)
(1.0064 -0.013034 0)
(0.989298 0.00384503 0)
(1.01354 0.0111621 0)
(0.993494 0.00280097 0)
(1.00976 -0.0035913 0)
(1.03056 0.000433195 0)
(0.965946 -0.00316614 0)
(1.00503 0.000810665 0)
(1.00528 0.00615742 0)
(1.00048 -0.0150713 0)
(0.980945 0.0176287 0)
(1.02519 -0.0101048 0)
(0.98986 0.00127723 0)
(1.02286 -0.0238475 0)
(0.98512 0.00736667 0)
(1.00686 -0.00448914 0)
(0.994074 0.00130406 0)
(0.99997 -0.00187004 0)
(1.01047 -0.00334953 0)
(0.974766 0.00338423 0)
(1.02285 -0.0152639 0)
(0.967516 0.00492573 0)
(1.01839 0.00165977 0)
(0.996707 0.00933119 0)
(1.01873 -0.0125848 0)
(1.0069 0.0111254 0)
(1.00309 0.00105892 0)
(0.992007 -0.00212988 0)
(1.01079 0.00150438 0)
(1.00654 -0.00411319 0)
(0.977462 0.00775234 0)
(1.02834 -0.00964342 0)
(0.986161 0.000335002 0)
(1.01927 -0.0168582 0)
(0.989547 0.00828555 0)
(1.00105 -0.00560618 0)
(0.99712 -0.000340014 0)
(0.997083 -0.00613735 0)
(1.01458 0.00503915 0)
(0.97683 0.00055059 0)
(1.02447 -0.0120585 0)
(0.970578 0.00857058 0)
(1.00531 -0.00627387 0)
(0.998375 0.00630934 0)
(1.01692 -0.0124896 0)
(0.984539 0.0118561 0)
(1.01745 0.00154424 0)
(0.993086 -0.000917308 0)
(1.00373 -0.00255399 0)
(1.00833 0.00258572 0)
(0.988637 0.00627941 0)
(1.01485 -0.0146425 0)
(0.994946 0.00596027 0)
(1.01081 -0.0185732 0)
(0.986065 0.0134403 0)
(1.00989 -0.00955225 0)
(0.988759 0.00317201 0)
(1.00706 -0.0120175 0)
(0.99528 0.00928404 0)
(1.00043 -0.00309894 0)
(1.00936 -0.0110084 0)
(0.98662 0.0124215 0)
(1.00636 -0.0109281 0)
(0.994881 0.00310239 0)
(1.01509 -0.00612272 0)
(0.971184 0.0122141 0)
(1.0267 -0.00508326 0)
(0.983289 0.00678498 0)
(1.01756 -0.0081824 0)
(0.987039 0.00543423 0)
(1.01185 0.00241047 0)
(0.994537 -0.0111614 0)
(1.00121 0.000921312 0)
(1.00571 -0.0113176 0)
(0.985666 0.00838406 0)
(1.01755 -0.0038899 0)
(0.989755 -0.00069038 0)
(1.01398 -0.00937815 0)
(0.983175 0.00965241 0)
(1.01415 -0.007015 0)
(0.991386 -0.00421262 0)
(0.998302 0.00837829 0)
(1.00196 -0.00962304 0)
(0.996353 0.00295573 0)
(1.00261 -0.00231477 0)
(0.97767 0.00833923 0)
(1.01818 -0.00710287 0)
(0.986249 0.00639473 0)
(1.01557 -0.00736114 0)
(0.984662 0.00892824 0)
(1.01308 -0.00102565 0)
(0.987607 -0.00548995 0)
(1.00472 -0.00257441 0)
(0.992636 -0.0101814 0)
(0.994148 0.0117011 0)
(1.00499 -0.0105438 0)
(1.00348 0.00577636 0)
(1.00675 -0.0128906 0)
(0.983742 0.0133877 0)
(1.02252 -0.0105783 0)
(0.979456 0.000507511 0)
(1.01206 0.00302125 0)
(0.994907 -0.00684297 0)
(0.997651 0.000642361 0)
(0.995437 0.00506335 0)
(0.990139 0.00235244 0)
(1.00745 -0.0078339 0)
(0.989425 0.00722396 0)
(1.01513 -0.00763114 0)
(0.977504 0.00863011 0)
(1.02245 -0.00256528 0)
(0.976098 -0.00203679 0)
(1.01429 -0.00645445 0)
(0.980994 -0.00634157 0)
(1.00995 0.00608315 0)
(0.999523 -0.00415603 0)
(1.00553 -0.00278053 0)
(1.00451 -0.000493077 0)
(0.983812 0.00186602 0)
(1.02327 -0.00399486 0)
(0.972842 0.0013673 0)
(1.01738 0.0003571 0)
(0.986685 -0.00402287 0)
(0.995343 0.00515668 0)
(0.996868 -0.000815554 0)
(0.996979 0.00481896 0)
(1.00486 -0.00965522 0)
(0.984355 0.00565496 0)
(1.01703 -0.00494469 0)
(0.973507 0.00997025 0)
(1.02382 -0.00551936 0)
(0.978324 0.00527204 0)
(1.01438 -0.0127416 0)
(0.976852 -0.000636532 0)
(1.06207 0.00530541 0)
(0.956635 -0.00559066 0)
(1.05013 0.00397559 0)
(0.958629 -0.00581137 0)
(1.03302 0.0064907 0)
(0.976112 -0.00740822 0)
(1.0114 0.00682695 0)
(0.992925 -0.00706657 0)
(0.999001 0.0062857 0)
(0.992617 -0.00634684 0)
(1.00224 0.00695945 0)
(1.001 -0.00495284 0)
(1.00365 0.00218587 0)
(0.986975 -0.00264817 0)
(1.00491 0.00113988 0)
(0.987183 0.00296357 0)
(1.02014 -0.0043793 0)
(0.978805 0.00559055 0)
(1.02911 -0.00903084 0)
(0.950759 0.00353982 0)
(0.723446 0.0205801 0)
(1.42934 0.0207711 0)
(0.549392 -0.0338861 0)
(1.54835 0.0368342 0)
(0.406795 0.0165486 0)
(1.34924 -0.113411 0)
(0.898423 0.0867879 0)
(0.761245 -0.120617 0)
(1.01959 0.009706 0)
(1.05404 0.057352 0)
(1.06155 -0.0280586 0)
(1.00577 0.028302 0)
(1.12577 0.0955366 0)
(0.883117 -0.134613 0)
(1.14495 0.182005 0)
(0.763073 -0.110257 0)
(1.05041 0.0138901 0)
(0.84616 0.00362451 0)
(1.17391 -0.00758554 0)
(0.801536 0.0135683 0)
(1.138 0.0713235 0)
(0.934114 -0.129934 0)
(1.03016 0.173359 0)
(1.0913 -0.0992337 0)
(0.964379 0.0294544 0)
(1.01433 -0.013108 0)
(1.04028 -0.0113501 0)
(0.942109 0.0483334 0)
(1.13058 0.0388154 0)
(0.930278 -0.0926486 0)
(1.11123 0.115123 0)
(1.03157 -0.0677357 0)
(0.991353 -0.00648167 0)
(1.00136 -0.0308758 0)
(1.05915 0.0233266 0)
(0.936354 -0.0192512 0)
(1.14249 0.0712246 0)
(0.94545 -0.119637 0)
(1.10294 0.102047 0)
(1.0791 -0.0346925 0)
(0.994272 0.0186105 0)
(0.983792 -0.044091 0)
(1.03573 0.00929012 0)
(0.954533 0.0143767 0)
(1.07343 0.0242854 0)
(1.00602 -0.0664439 0)
(1.03675 0.0480926 0)
(1.06635 -0.00594755 0)
(1.02192 -0.00590154 0)
(1.00172 -0.0397317 0)
(0.983081 0.0269917 0)
(0.990061 -0.0222386 0)
(1.03755 0.0307553 0)
(1.01112 -0.0818332 0)
(1.00556 0.055784 0)
(1.03245 -0.0149239 0)
(1.00396 -0.00898661 0)
(1.00656 -0.0154912 0)
(0.99024 0.0030273 0)
(0.968303 -0.00264183 0)
(1.04791 0.00168229 0)
(0.990097 -0.0424499 0)
(1.00063 0.0277258 0)
(1.01633 0.00112784 0)
(0.994553 -0.0122723 0)
(1.02207 -0.0200004 0)
(0.97379 0.0299845 0)
(0.990727 -0.0341923 0)
(1.03383 0.00458066 0)
(0.993577 -0.0405344 0)
(1.00859 0.0295245 0)
(0.995507 -0.00474236 0)
(0.991459 -0.0171217 0)
(1.01184 0.00341396 0)
(0.978707 0.00944474 0)
(1.01276 -0.0231619 0)
(0.997467 -0.0101289 0)
(1.00888 -0.0216639 0)
(0.988424 0.0173482 0)
(1.00617 -0.000657475 0)
(0.995802 -0.0175588 0)
(0.986628 -0.00243782 0)
(1.00589 0.0158926 0)
(1.01179 -0.0287484 0)
(0.985766 -0.00619228 0)
(1.01439 -0.0226814 0)
(0.965353 0.0205672 0)
(1.03643 -0.011235 0)
(1.01112 -0.0151187 0)
(0.960114 0.00410731 0)
(1.03591 -0.0100184 0)
(0.995734 -0.007142 0)
(1.0176 -0.0179126 0)
(0.994954 -0.00450971 0)
(0.984733 -0.000460326 0)
(1.03426 -0.00066605 0)
(0.986787 -0.000363546 0)
(0.989818 -0.00866426 0)
(1.01699 -0.00921923 0)
(0.992572 -0.011455 0)
(1.03381 -0.0138153 0)
(0.975768 0.00119206 0)
(1.01597 -0.00706388 0)
(0.997349 -0.0039352 0)
(0.975529 -0.000119303 0)
(1.00892 -0.0101113 0)
(0.998869 -0.0118976 0)
(0.999455 -0.0157048 0)
(1.01945 -0.00629364 0)
(0.982288 0.00324278 0)
(1.01189 -0.0101027 0)
(0.987833 0.0012535 0)
(0.984077 0.00370547 0)
(1.00789 -0.0193629 0)
(1.0085 -0.00682201 0)
(0.995331 -0.0197629 0)
(1.01752 -0.00654741 0)
(0.983995 0.00439423 0)
(1.01732 -0.00902809 0)
(0.973068 -0.00616884 0)
(0.987431 0.00172493 0)
(1.01303 -0.0246283 0)
(0.998229 -0.00116921 0)
(1.01534 -0.0211852 0)
(0.986908 0.00278017 0)
(1.00509 0.000805244 0)
(1.00685 0.00200656 0)
(0.979066 -0.00180155 0)
(1.00488 -0.000501571 0)
(1.00351 -0.0310916 0)
(1.00723 -0.0025743 0)
(1.01385 -0.019706 0)
(0.98783 0.00219796 0)
(1.00564 -0.0125653 0)
(1.00561 0.0144286 0)
(0.97633 -0.0122267 0)
(1.0098 -0.00633818 0)
(0.999461 -0.0262253 0)
(1.00734 0.00333798 0)
(1.01185 -0.0188215 0)
(0.99524 0.0147451 0)
(1.01509 -0.0137072 0)
(0.998582 0.0304537 0)
(0.976829 -0.00437166 0)
(1.01373 -0.0224367 0)
(0.991607 -0.0289242 0)
(1.00859 -0.00366322 0)
(1.00054 -0.0239556 0)
(1.00354 0.00393505 0)
(1.01772 -0.021961 0)
(0.97981 0.0525899 0)
(0.962405 -0.0240048 0)
(1.03784 -0.0233587 0)
(0.892668 -0.00644673 0)
(1.03056 -0.00692205 0)
(0.868789 -0.020233 0)
(0.999737 0.0144063 0)
(0.882431 -0.0128543 0)
(0.975634 0.0833471 0)
(0.882464 -0.0243756 0)
(1.34452 0.0149588 0)
(0.745294 0.0408079 0)
(0.84527 -0.170843 0)
(1.53612 -0.00367841 0)
(0.687866 0.0523318 0)
(1.16963 -0.150512 0)
(1.30832 -0.0587992 0)
(1.11616 0.0278221 0)
(0.955082 -0.0631614 0)
(1.74639 -0.0740762 0)
(0.767349 -0.0341852 0)
(2.22252 -0.0438526 0)
(0.753188 0.0358619 0)
(2.17304 -0.132583 0)
(1.5014 -0.0554136 0)
(2.55894 -0.0831513 0)
(1.82326 -0.0320158 0)
(2.87692 -0.0722992 0)
(2.14903 -0.0446323 0)
(3.22144 -0.0660295 0)
(2.39756 -0.0260811 0)
(3.46808 -0.0440792 0)
(2.51231 0.00394312 0)
(3.59875 -0.0346513 0)
(2.42668 0.0478668 0)
(3.60153 -0.0314859 0)
(2.12663 0.087719 0)
(3.39885 0.00266033 0)
(1.16291 -0.0160831 0)
(0.769271 0.197226 0)
(1.24835 -0.239075 0)
(0.8559 0.0637458 0)
(1.31966 0.127156 0)
(0.874566 -0.182331 0)
(1.28014 0.100162 0)
(0.916869 0.117012 0)
(1.33321 -0.254656 0)
(1.33901 0.153652 0)
(1.06978 -0.195776 0)
(1.75835 -0.0111324 0)
(1.32792 0.0847121 0)
(1.80393 -0.350991 0)
(1.6804 -0.080432 0)
(2.14267 -0.119946 0)
(2.01428 -0.13209 0)
(2.58553 -0.0940921 0)
(2.30986 -0.102077 0)
(2.97409 -0.113997 0)
(2.52442 -0.0271595 0)
(3.22472 -0.0716394 0)
(2.6475 -0.0117221 0)
(3.31298 0.0191656 0)
(2.58856 0.0236683 0)
(3.24752 0.0868046 0)
(2.34861 0.139263 0)
(2.99435 0.153826 0)
(0.932249 0.0249728 0)
(0.967162 0.0145949 0)
(1.21434 -0.166423 0)
(0.742733 -0.00653413 0)
(1.35992 0.0454113 0)
(0.815748 -0.130302 0)
(1.13393 -0.0284179 0)
(1.21523 -0.00339218 0)
(1.19025 -0.24004 0)
(1.05412 0.0845917 0)
(1.57775 -0.205792 0)
(1.29324 -0.229839 0)
(1.69425 0.0685892 0)
(1.6651 -0.371993 0)
(1.89234 -0.158027 0)
(1.98822 -0.274244 0)
(2.26816 -0.254953 0)
(2.36025 -0.213341 0)
(2.59358 -0.22287 0)
(2.79268 -0.204807 0)
(2.76217 -0.100596 0)
(3.11207 -0.145535 0)
(2.84161 -0.000498736 0)
(3.21201 -0.0292718 0)
(2.80081 0.112257 0)
(3.07363 0.0638922 0)
(2.61581 0.261442 0)
(2.78148 0.181503 0)
(1.00312 0.0253076 0)
(1.10869 0.0371255 0)
(1.03353 -0.151698 0)
(0.991544 -0.024814 0)
(1.10197 0.0850865 0)
(1.12006 -0.0955848 0)
(1.08444 -0.0908838 0)
(1.1321 0.0496874 0)
(1.35551 -0.172776 0)
(0.991984 -0.0536575 0)
(1.62651 -0.280298 0)
(1.12217 -0.13395 0)
(1.72255 -0.0328131 0)
(1.71855 -0.485269 0)
(1.87201 -0.19749 0)
(2.02383 -0.342927 0)
(2.28244 -0.303323 0)
(2.35502 -0.273167 0)
(2.70615 -0.29701 0)
(2.6908 -0.234989 0)
(2.94703 -0.145154 0)
(2.97502 -0.155975 0)
(3.0171 -0.0113311 0)
(3.10439 0.00319343 0)
(2.94012 0.129031 0)
(3.02055 0.157598 0)
(2.73806 0.31443 0)
(2.78416 0.283377 0)
(1.00404 -0.0195308 0)
(1.1233 0.0153486 0)
(1.09144 -0.099693 0)
(1.014 -0.0430618 0)
(1.08069 0.0103975 0)
(1.15586 -0.125557 0)
(1.07199 -0.0308425 0)
(1.21987 -0.121686 0)
(1.19067 -0.171683 0)
(1.26368 -0.0853723 0)
(1.34366 -0.240291 0)
(1.27632 -0.320618 0)
(1.62954 -0.197439 0)
(1.6932 -0.460703 0)
(1.70007 -0.305189 0)
(2.10052 -0.469819 0)
(2.15555 -0.432212 0)
(2.45466 -0.413333 0)
(2.61527 -0.396836 0)
(2.75616 -0.311099 0)
(2.96484 -0.227048 0)
(2.99762 -0.194388 0)
(3.10828 -0.0264118 0)
(3.10146 -0.000379466 0)
(3.05377 0.160623 0)
(3.04429 0.197054 0)
(2.84783 0.362722 0)
(2.80832 0.356486 0)
(1.01452 -0.0113143 0)
(1.06506 0.00183478 0)
(1.09067 -0.0996474 0)
(0.959765 -0.0320091 0)
(1.11726 0.0190413 0)
(1.08214 -0.113219 0)
(1.0589 -0.10676 0)
(1.22081 -0.0348866 0)
(1.13513 -0.172275 0)
(1.22478 -0.167358 0)
(1.3216 -0.249557 0)
(1.32926 -0.297513 0)
(1.5051 -0.248748 0)
(1.65308 -0.498371 0)
(1.78978 -0.45782 0)
(2.0982 -0.533442 0)
(2.14805 -0.510283 0)
(2.50082 -0.497047 0)
(2.60926 -0.471756 0)
(2.84904 -0.382738 0)
(2.96867 -0.301776 0)
(3.06706 -0.21886 0)
(3.13175 -0.0518585 0)
(3.15915 0.00901648 0)
(3.11228 0.185095 0)
(3.09404 0.245405 0)
(2.94022 0.431296 0)
(2.85133 0.453099 0)
(1.00999 -0.0247256 0)
(1.04611 -0.0215089 0)
(1.05053 -0.045669 0)
(0.977608 -0.0572846 0)
(1.03483 -0.0423186 0)
(1.09848 -0.0889193 0)
(1.03351 -0.101042 0)
(1.12667 -0.144391 0)
(1.16367 -0.161109 0)
(1.19704 -0.191954 0)
(1.25551 -0.261189 0)
(1.32171 -0.425026 0)
(1.47563 -0.387531 0)
(1.61042 -0.53114 0)
(1.76997 -0.599522 0)
(2.00989 -0.609293 0)
(2.17297 -0.648197 0)
(2.52753 -0.661723 0)
(2.60964 -0.579009 0)
(2.84356 -0.479501 0)
(2.9133 -0.376437 0)
(3.00284 -0.245198 0)
(3.06368 -0.0868802 0)
(3.06574 0.0150415 0)
(3.045 0.195355 0)
(3.02807 0.288004 0)
(2.89748 0.463944 0)
(2.85399 0.520952 0)
(1.00213 -0.0260842 0)
(1.02944 -0.0139212 0)
(1.02054 -0.0605872 0)
(1.01241 -0.0365484 0)
(1.02077 -0.0308463 0)
(1.02986 -0.124622 0)
(1.08005 -0.122053 0)
(1.07426 -0.104292 0)
(1.12352 -0.207805 0)
(1.16426 -0.23891 0)
(1.24676 -0.301687 0)
(1.33411 -0.391914 0)
(1.38775 -0.443036 0)
(1.59343 -0.613341 0)
(1.75816 -0.699711 0)
(1.9771 -0.717877 0)
(2.23464 -0.792878 0)
(2.45946 -0.754788 0)
(2.50816 -0.625288 0)
(2.70514 -0.539251 0)
(2.7056 -0.410365 0)
(2.81303 -0.259214 0)
(2.80716 -0.100195 0)
(2.84388 0.0179181 0)
(2.80991 0.223182 0)
(2.81522 0.3211 0)
(2.71618 0.503759 0)
(2.70874 0.595805 0)
(1.02654 -0.0362241 0)
(0.996605 -0.0276117 0)
(1.0462 -0.0363874 0)
(0.999555 -0.0554752 0)
(1.01688 -0.0538759 0)
(1.06039 -0.107704 0)
(1.00953 -0.127138 0)
(1.07446 -0.164657 0)
(1.11932 -0.190074 0)
(1.11851 -0.25711 0)
(1.19675 -0.344423 0)
(1.28133 -0.481743 0)
(1.36771 -0.541629 0)
(1.53297 -0.66677 0)
(1.74221 -0.821222 0)
(1.9749 -0.874933 0)
(2.16361 -0.888818 0)
(2.21481 -0.811097 0)
(2.30297 -0.681031 0)
(2.39285 -0.592058 0)
(2.39045 -0.424088 0)
(2.42982 -0.268423 0)
(2.46223 -0.120868 0)
(2.44227 0.0311509 0)
(2.47694 0.227365 0)
(2.45066 0.326799 0)
(2.40651 0.530063 0)
(2.4284 0.615477 0)
(1.01722 -0.0337462 0)
(0.974155 -0.0221886 0)
(1.03187 -0.0592939 0)
(0.98961 -0.0295463 0)
(1.02423 -0.0546008 0)
(1.0053 -0.124344 0)
(1.01406 -0.126094 0)
(1.04223 -0.159328 0)
(1.03725 -0.227174 0)
(1.0829 -0.28533 0)
(1.1848 -0.380891 0)
(1.20928 -0.462123 0)
(1.28101 -0.608284 0)
(1.53277 -0.804358 0)
(1.70163 -0.943277 0)
(1.82644 -0.947167 0)
(1.87731 -0.903965 0)
(1.90132 -0.820776 0)
(1.98471 -0.711618 0)
(1.97091 -0.586198 0)
(1.94839 -0.406933 0)
(2.01641 -0.287464 0)
(2.01027 -0.124193 0)
(2.01878 0.0441206 0)
(2.03569 0.221766 0)
(2.03166 0.339125 0)
(2.01898 0.548344 0)
(2.05126 0.629048 0)
(0.976787 -0.0234635 0)
(0.99523 -0.03385 0)
(1.00297 -0.0420728 0)
(0.961554 -0.0497671 0)
(1.0393 -0.0660313 0)
(0.977692 -0.0915081 0)
(0.992822 -0.153419 0)
(1.01783 -0.174604 0)
(1.00424 -0.203339 0)
(1.06451 -0.332977 0)
(1.07416 -0.408997 0)
(1.13531 -0.518804 0)
(1.30376 -0.711109 0)
(1.45175 -0.87665 0)
(1.52055 -0.972402 0)
(1.54695 -0.969505 0)
(1.5872 -0.926818 0)
(1.57066 -0.850602 0)
(1.57262 -0.709081 0)
(1.50149 -0.570603 0)
(1.5255 -0.427688 0)
(1.5567 -0.308003 0)
(1.50785 -0.121867 0)
(1.52749 0.0468726 0)
(1.55439 0.206471 0)
(1.55641 0.342907 0)
(1.58541 0.537087 0)
(1.63204 0.626442 0)
(0.984361 -0.0165048 0)
(1.0076 -0.0364915 0)
(0.972155 -0.0370486 0)
(0.985252 -0.0541673 0)
(1.00026 -0.0581509 0)
(0.981108 -0.101161 0)
(0.990892 -0.14408 0)
(0.958807 -0.162585 0)
(0.99687 -0.246703 0)
(1.01597 -0.322577 0)
(0.995138 -0.408519 0)
(1.0928 -0.573494 0)
(1.21092 -0.78595 0)
(1.27942 -0.932475 0)
(1.29134 -0.99603 0)
(1.26114 -0.971281 0)
(1.22359 -0.907462 0)
(1.12281 -0.79701 0)
(1.11232 -0.66425 0)
(1.04818 -0.573436 0)
(1.05215 -0.43264 0)
(0.977723 -0.257716 0)
(0.962774 -0.0852728 0)
(1.02014 0.0208969 0)
(1.03874 0.185807 0)
(1.0208 0.353569 0)
(1.09091 0.525714 0)
(1.14669 0.600987 0)
(1.01612 -0.0171606 0)
(0.995573 -0.0235011 0)
(0.979289 -0.0336245 0)
(0.980979 -0.0609281 0)
(0.973524 -0.0629765 0)
(0.980734 -0.0869843 0)
(0.962745 -0.141207 0)
(0.928278 -0.1744 0)
(0.97369 -0.231922 0)
(0.928037 -0.326835 0)
(0.932032 -0.449351 0)
(1.04044 -0.624324 0)
(1.10613 -0.80455 0)
(1.06399 -0.908725 0)
(0.996537 -0.956049 0)
(0.890857 -0.92549 0)
(0.82937 -0.86324 0)
(0.704151 -0.788461 0)
(0.667885 -0.652445 0)
(0.527125 -0.52758 0)
(0.50107 -0.399687 0)
(0.461004 -0.274401 0)
(0.472133 -0.130421 0)
(0.457834 0.0256022 0)
(0.439138 0.215172 0)
(0.493444 0.329446 0)
(0.605177 0.465883 0)
(0.630634 0.588119 0)
(1.01818 -0.0191974 0)
(0.982199 -0.0156408 0)
(0.990457 -0.0302125 0)
(0.979578 -0.0468423 0)
(0.964969 -0.0607896 0)
(0.953044 -0.0915468 0)
(0.954015 -0.116773 0)
(0.910603 -0.166936 0)
(0.927338 -0.245693 0)
(0.885697 -0.298383 0)
(0.874472 -0.458671 0)
(0.941618 -0.660435 0)
(0.907728 -0.812153 0)
(0.785377 -0.878765 0)
(0.684845 -0.902892 0)
(0.544145 -0.872049 0)
(0.406436 -0.796365 0)
(0.231248 -0.708478 0)
(0.165703 -0.59122 0)
(0.0324941 -0.487663 0)
(-0.0344397 -0.371659 0)
(-0.119565 -0.234796 0)
(-0.126021 -0.0960731 0)
(-0.145145 0.0327016 0)
(-0.0957441 0.165854 0)
(-0.0463597 0.282993 0)
(0.0346327 0.447986 0)
(0.0949782 0.550973 0)
(1.01496 -0.0211193 0)
(0.97728 -0.00737696 0)
(0.98171 -0.033609 0)
(0.97744 -0.0456357 0)
(0.953689 -0.050488 0)
(0.947155 -0.0836923 0)
(0.916289 -0.114677 0)
(0.898918 -0.161234 0)
(0.875377 -0.214392 0)
(0.813947 -0.299573 0)
(0.831717 -0.475913 0)
(0.810159 -0.634428 0)
(0.69081 -0.734936 0)
(0.524679 -0.809632 0)
(0.34628 -0.836798 0)
(0.146317 -0.780934 0)
(-0.0140585 -0.714771 0)
(-0.227987 -0.650786 0)
(-0.333637 -0.539959 0)
(-0.485951 -0.433872 0)
(-0.579023 -0.332388 0)
(-0.668424 -0.218547 0)
(-0.686381 -0.0987543 0)
(-0.701906 0.026728 0)
(-0.662524 0.156876 0)
(-0.624978 0.262967 0)
(-0.5046 0.397684 0)
(-0.427069 0.47688 0)
(0.99619 -0.0222515 0)
(0.969626 0.00106868 0)
(0.992472 -0.0268829 0)
(0.954051 -0.0318932 0)
(0.953352 -0.0471304 0)
(0.918745 -0.0719096 0)
(0.907323 -0.0918043 0)
(0.876539 -0.148702 0)
(0.814362 -0.197489 0)
(0.774532 -0.273467 0)
(0.748593 -0.455691 0)
(0.630536 -0.591491 0)
(0.440054 -0.666114 0)
(0.250598 -0.700289 0)
(-0.00767966 -0.713872 0)
(-0.239691 -0.684652 0)
(-0.418727 -0.611397 0)
(-0.681194 -0.546333 0)
(-0.831975 -0.458336 0)
(-1.00469 -0.368907 0)
(-1.1106 -0.281087 0)
(-1.20885 -0.183033 0)
(-1.23517 -0.0825172 0)
(-1.25169 0.0228127 0)
(-1.20843 0.12466 0)
(-1.15437 0.221905 0)
(-1.03781 0.33497 0)
(-0.933412 0.408805 0)
(0.981937 -0.0173555 0)
(0.967531 -0.00268699 0)
(0.984124 -0.0218208 0)
(0.951956 -0.0241794 0)
(0.941825 -0.0349767 0)
(0.911803 -0.0589992 0)
(0.88008 -0.0876049 0)
(0.860464 -0.115422 0)
(0.777824 -0.157821 0)
(0.719705 -0.265008 0)
(0.650306 -0.398853 0)
(0.449096 -0.481977 0)
(0.188993 -0.558145 0)
(-0.0688449 -0.593098 0)
(-0.339326 -0.593408 0)
(-0.625325 -0.57151 0)
(-0.845044 -0.504458 0)
(-1.10937 -0.445216 0)
(-1.29971 -0.370351 0)
(-1.49026 -0.29518 0)
(-1.60969 -0.22437 0)
(-1.7172 -0.146398 0)
(-1.74359 -0.0633551 0)
(-1.76823 0.0191702 0)
(-1.71579 0.103279 0)
(-1.66101 0.17822 0)
(-1.53012 0.261095 0)
(-1.39894 0.324713 0)
(0.967695 -0.0162616 0)
(0.975765 0.00343032 0)
(0.971567 -0.0183571 0)
(0.946344 -0.0136723 0)
(0.928424 -0.0294539 0)
(0.910356 -0.0422032 0)
(0.86472 -0.0647256 0)
(0.823723 -0.101206 0)
(0.746573 -0.119395 0)
(0.679063 -0.216563 0)
(0.519836 -0.323408 0)
(0.275597 -0.3622 0)
(-0.00792847 -0.410161 0)
(-0.355254 -0.437098 0)
(-0.654627 -0.446458 0)
(-0.991666 -0.428685 0)
(-1.26006 -0.375409 0)
(-1.52698 -0.329639 0)
(-1.73927 -0.275042 0)
(-1.94153 -0.223015 0)
(-2.07193 -0.169544 0)
(-2.19042 -0.1103 0)
(-2.21601 -0.0498308 0)
(-2.24977 0.01313 0)
(-2.18434 0.0735265 0)
(-2.13499 0.134199 0)
(-1.98584 0.192284 0)
(-1.84719 0.248275 0)
(0.955381 -0.00396789 0)
(0.973246 0.000319696 0)
(0.951237 -0.00608469 0)
(0.935115 -0.0059991 0)
(0.921729 -0.0154239 0)
(0.887454 -0.0260844 0)
(0.859895 -0.0379219 0)
(0.784538 -0.0541645 0)
(0.70913 -0.0803283 0)
(0.616783 -0.142037 0)
(0.392828 -0.202472 0)
(0.112159 -0.231314 0)
(-0.187425 -0.257991 0)
(-0.560331 -0.27712 0)
(-0.915885 -0.282731 0)
(-1.29877 -0.264433 0)
(-1.61425 -0.228223 0)
(-1.91279 -0.193809 0)
(-2.13576 -0.161891 0)
(-2.34907 -0.130329 0)
(-2.48421 -0.0987545 0)
(-2.5987 -0.0647778 0)
(-2.63211 -0.0261949 0)
(-2.65315 0.00628584 0)
(-2.59597 0.0468531 0)
(-2.52858 0.0784757 0)
(-2.37972 0.11527 0)
(-2.22704 0.146255 0)
(0.911767 -0.0042568 0)
(0.937178 0.00479688 0)
(0.905701 -0.0038528 0)
(0.903771 -0.00120153 0)
(0.89264 -0.00883296 0)
(0.855361 -0.00992794 0)
(0.823433 -0.0141702 0)
(0.75795 -0.0262648 0)
(0.6637 -0.0292466 0)
(0.548016 -0.0667959 0)
(0.243701 -0.0725951 0)
(-0.0236502 -0.0686006 0)
(-0.361686 -0.0759364 0)
(-0.715457 -0.0823455 0)
(-1.0993 -0.0949551 0)
(-1.49841 -0.0917881 0)
(-1.81911 -0.0846164 0)
(-2.12982 -0.0734612 0)
(-2.36524 -0.0617876 0)
(-2.59128 -0.0526664 0)
(-2.74423 -0.0420031 0)
(-2.87275 -0.0279434 0)
(-2.91655 -0.0158031 0)
(-2.94719 0.000568762 0)
(-2.89425 0.0110579 0)
(-2.83281 0.0279306 0)
(-2.68185 0.0403067 0)
(-2.52509 0.0570775 0)
(1.63928 0.265678 0)
(2.57894 0.310071 0)
(1.31316 0.344783 0)
(1.38942 0.146307 0)
(1.28199 0.007674 0)
(1.06647 -0.367519 0)
(1.206 -0.858343 0)
(0.521257 -0.839236 0)
(2.06696 0.502844 0)
(2.58945 0.27086 0)
(2.02093 0.506442 0)
(2.1354 0.250918 0)
(1.78919 -0.0838977 0)
(1.6562 -0.217897 0)
(1.46737 -0.471617 0)
(1.3848 -0.759431 0)
(2.36147 0.451313 0)
(2.43902 0.365576 0)
(2.27505 0.426038 0)
(2.10691 0.351419 0)
(2.30268 0.119786 0)
(1.29249 -0.0577791 0)
(1.64729 -0.597153 0)
(0.357595 -0.310435 0)
(2.46527 0.510501 0)
(2.48561 0.426897 0)
(2.33336 0.554632 0)
(2.16344 0.352523 0)
(2.1759 0.303301 0)
(1.67976 0.0506965 0)
(1.54867 -0.0745167 0)
(0.473765 0.268717 0)
(2.50927 0.534837 0)
(2.48529 0.496647 0)
(2.26233 0.582511 0)
(2.23271 0.446679 0)
(1.97056 0.386463 0)
(1.92685 0.185326 0)
(1.31756 0.171616 0)
(1.21364 -0.0887053 0)
(2.60407 0.62605 0)
(2.49527 0.578385 0)
(2.24755 0.638128 0)
(2.16974 0.536618 0)
(1.94134 0.458136 0)
(1.83799 0.340845 0)
(1.45334 0.270945 0)
(1.36125 0.301894 0)
(2.62355 0.682156 0)
(2.53421 0.680189 0)
(2.22146 0.721364 0)
(2.13361 0.628422 0)
(1.89231 0.570322 0)
(1.75072 0.421582 0)
(1.46201 0.444465 0)
(1.29532 0.306342 0)
(2.53891 0.732107 0)
(2.50341 0.772516 0)
(2.22247 0.79874 0)
(2.12043 0.721394 0)
(1.87788 0.663392 0)
(1.7198 0.514622 0)
(1.42521 0.536738 0)
(1.33355 0.379072 0)
(2.29727 0.781418 0)
(2.33324 0.834155 0)
(2.13153 0.891375 0)
(2.05492 0.81054 0)
(1.84973 0.783481 0)
(1.67916 0.62804 0)
(1.42977 0.62764 0)
(1.32401 0.493921 0)
(1.97627 0.791641 0)
(2.06335 0.847767 0)
(1.93804 0.929826 0)
(1.92494 0.862038 0)
(1.76255 0.864847 0)
(1.64605 0.72143 0)
(1.42845 0.722524 0)
(1.32373 0.569217 0)
(1.59428 0.798833 0)
(1.70601 0.852565 0)
(1.66155 0.954133 0)
(1.69422 0.908963 0)
(1.62066 0.906418 0)
(1.55651 0.772099 0)
(1.41976 0.769995 0)
(1.33199 0.610148 0)
(1.19317 0.773416 0)
(1.29666 0.802526 0)
(1.31542 0.943396 0)
(1.4296 0.916944 0)
(1.38861 0.953985 0)
(1.36573 0.824368 0)
(1.3432 0.825449 0)
(1.31033 0.677646 0)
(0.74302 0.759078 0)
(0.834352 0.757058 0)
(0.941341 0.891296 0)
(1.0988 0.85685 0)
(1.14804 0.924531 0)
(1.15274 0.789541 0)
(1.18173 0.816418 0)
(1.22406 0.692728 0)
(0.290162 0.681644 0)
(0.376701 0.699829 0)
(0.516807 0.86873 0)
(0.698414 0.83124 0)
(0.833145 0.922922 0)
(0.915046 0.757453 0)
(1.00339 0.779462 0)
(1.08705 0.670375 0)
(-0.196824 0.603735 0)
(-0.115928 0.60699 0)
(0.145507 0.742733 0)
(0.275271 0.689787 0)
(0.51638 0.85993 0)
(0.615635 0.696482 0)
(0.768993 0.767524 0)
(0.913032 0.635985 0)
(-0.677351 0.528393 0)
(-0.625001 0.552147 0)
(-0.274634 0.688033 0)
(-0.18 0.61883 0)
(0.159104 0.768048 0)
(0.279579 0.566243 0)
(0.544766 0.674648 0)
(0.720286 0.545618 0)
(-1.15768 0.418015 0)
(-1.06155 0.407786 0)
(-0.602674 0.508067 0)
(-0.618334 0.485747 0)
(-0.162904 0.661402 0)
(-0.0631113 0.483017 0)
(0.266897 0.587456 0)
(0.497886 0.426414 0)
(-1.62001 0.319173 0)
(-1.46523 0.316795 0)
(-1.06905 0.440074 0)
(-1.06196 0.418094 0)
(-0.409086 0.479384 0)
(-0.340171 0.319523 0)
(0.0760871 0.440442 0)
(0.273268 0.300633 0)
(-2.00275 0.179784 0)
(-1.79447 0.179792 0)
(-1.4377 0.253667 0)
(-1.29539 0.203504 0)
(-0.660523 0.261773 0)
(-0.726148 0.252575 0)
(-0.145708 0.291837 0)
(0.0356849 0.160931 0)
(-2.29584 0.0737717 0)
(-2.04977 0.0802038 0)
(-1.73591 0.116172 0)
(-1.46029 0.098145 0)
(-0.984258 0.124124 0)
(-0.848299 0.0970859 0)
(-0.192202 0.0479023 0)
(-0.217771 0.0275632 0)
(-0.699611 -0.23763 0)
(0.633316 0.308355 0)
(0.75502 0.658788 0)
(0.857704 0.658327 3.72993e-18)
(1.21391 0.759284 3.5675e-19)
(1.35425 0.621814 0)
(1.62716 0.495861 2.76761e-18)
(1.3961 0.363899 1.60937e-19)
(1.53649 0.349155 2.09523e-18)
(1.32009 0.262881 2.01992e-18)
(1.61344 0.284911 0)
(1.47493 0.238646 1.70669e-18)
(1.81509 0.287287 -7.15413e-20)
(1.58789 0.237085 1.38516e-18)
(1.86826 0.273344 1.6895e-20)
(1.635 0.223791 -1.86338e-20)
(1.87483 0.266722 -4.15189e-19)
(1.7432 0.211076 3.04648e-19)
(1.99583 0.271529 4.28105e-21)
(1.92771 0.0792455 4.17577e-22)
(0.522228 -0.148334 0)
(0.734072 0.194978 0)
(0.811215 0.362837 -1.64486e-19)
(0.892781 0.444213 -7.72097e-18)
(1.16852 0.601925 -5.22565e-20)
(1.28872 0.439722 3.83817e-18)
(1.47901 0.33825 -2.7188e-18)
(1.32441 0.215522 1.15885e-18)
(1.44072 0.212907 2.2713e-18)
(1.3224 0.162485 -2.02661e-18)
(1.55524 0.18151 0)
(1.4827 0.15429 1.66657e-18)
(1.7257 0.211564 2.20523e-20)
(1.57572 0.189301 -1.39693e-18)
(1.78562 0.234966 2.60528e-21)
(1.64568 0.205624 0)
(1.82737 0.240307 -4.57389e-21)
(1.78649 0.193422 0)
(1.96338 0.236064 0)
(1.95427 0.0126266 0)
(-0.277108 0.418107 0)
(0.793572 0.494796 -1.89985e-19)
(0.751388 0.607967 3.40565e-19)
(1.00592 0.608307 -1.49652e-19)
(1.26476 0.665175 -6.21158e-18)
(1.38644 0.515432 -3.83696e-18)
(1.4999 0.427885 0)
(1.37425 0.330325 1.80882e-19)
(1.44746 0.31098 -2.54658e-18)
(1.41957 0.245829 1.28749e-19)
(1.58999 0.242558 0)
(1.55161 0.208421 -1.68246e-18)
(1.68379 0.254314 0)
(1.57285 0.213012 1.38351e-18)
(1.73405 0.252062 2.62678e-21)
(1.66707 0.205196 0)
(1.81597 0.243874 4.20986e-19)
(1.83018 0.173373 0)
(1.97633 0.210454 -6.6365e-23)
(1.98579 0.0806618 4.47262e-21)
(0.939481 0.0782564 -9.22584e-20)
(1.46898 0.140217 5.57128e-18)
(1.32126 0.45641 4.90301e-18)
(1.35413 0.465958 3.52522e-18)
(1.4231 0.503337 0)
(1.49582 0.434891 0)
(1.58464 0.360498 0)
(1.52551 0.271201 -1.31086e-18)
(1.54419 0.230328 0)
(1.55286 0.163303 -2.05367e-18)
(1.67069 0.169409 1.73666e-18)
(1.65442 0.153437 1.10533e-19)
(1.68006 0.203114 0)
(1.60894 0.172981 0)
(1.72167 0.219426 -1.23627e-18)
(1.75626 0.186422 5.5457e-19)
(1.85205 0.226538 -1.61488e-20)
(1.9092 0.146197 -3.17156e-19)
(2.01236 0.193351 9.35217e-20)
(2.02618 0.0657188 -4.43318e-21)
(1.09768 0.584462 0)
(1.03474 0.646915 -5.18361e-18)
(1.01463 0.774246 -5.15363e-18)
(1.09732 0.701511 2.1106e-19)
(1.24148 0.633884 -2.99406e-18)
(1.34344 0.458827 0)
(1.44141 0.382195 3.30052e-18)
(1.44583 0.317736 -1.62596e-19)
(1.47745 0.286616 1.46434e-19)
(1.47767 0.207251 2.18491e-18)
(1.5777 0.216883 -1.17689e-19)
(1.64661 0.214781 0)
(1.69922 0.266431 1.52745e-18)
(1.69027 0.21171 2.09901e-20)
(1.76993 0.232794 1.26808e-18)
(1.86054 0.194751 -3.26117e-20)
(1.92586 0.224018 4.62492e-19)
(1.98719 0.152806 -1.14202e-20)
(2.05523 0.182548 -1.8068e-19)
(2.06221 0.0859027 0)
(0.950528 0.467268 0)
(1.15722 0.225958 5.11924e-18)
(1.13976 0.32783 0)
(1.28904 0.342814 -3.18865e-18)
(1.40874 0.364515 2.91253e-18)
(1.42822 0.321904 -4.31513e-18)
(1.4678 0.298907 -3.3548e-18)
(1.51588 0.256708 -1.63109e-19)
(1.53847 0.224902 2.89817e-19)
(1.50169 0.132537 -1.33807e-19)
(1.52356 0.117681 -1.87814e-18)
(1.61229 0.119928 1.72307e-18)
(1.69983 0.201176 -1.56703e-18)
(1.73424 0.170092 0)
(1.79668 0.197364 -6.3526e-19)
(1.88855 0.16845 -1.32134e-20)
(1.93609 0.202108 -4.30328e-19)
(1.99978 0.134839 3.17925e-19)
(2.04946 0.164393 9.44976e-20)
(2.06205 0.0887876 3.48225e-22)
(1.12774 0.452378 0)
(1.23393 0.572452 -4.86317e-18)
(1.1823 0.670472 -2.80905e-19)
(1.20215 0.613088 3.26912e-18)
(1.27219 0.580819 -2.93505e-18)
(1.33489 0.439239 -1.20898e-19)
(1.37096 0.334026 3.53568e-18)
(1.44991 0.283494 0)
(1.49063 0.278407 0)
(1.51267 0.203783 0)
(1.51469 0.180645 -1.13336e-19)
(1.60807 0.166906 -7.58163e-19)
(1.6945 0.239545 2.30381e-20)
(1.74869 0.197272 -2.13833e-20)
(1.78182 0.19837 6.56581e-19)
(1.8806 0.173178 -3.1783e-20)
(1.92935 0.194051 1.66998e-20)
(2.00575 0.136455 -1.77978e-19)
(2.05767 0.158817 9.33454e-21)
(2.08005 0.0981117 1.02798e-21)
(1.1385 0.597072 0)
(1.17812 0.451861 0)
(1.17806 0.41311 1.49096e-19)
(1.26377 0.331557 -2.00096e-19)
(1.33723 0.322682 2.85963e-18)
(1.41485 0.290919 4.43501e-18)
(1.42512 0.256837 -3.59577e-18)
(1.50078 0.218106 1.49313e-18)
(1.52644 0.209514 -1.50129e-19)
(1.54206 0.133672 1.27042e-19)
(1.52621 0.101512 -1.2455e-19)
(1.61871 0.0824128 -8.77518e-19)
(1.70587 0.176051 -2.34524e-20)
(1.77638 0.157888 2.43795e-20)
(1.77841 0.163061 0)
(1.87823 0.14526 -5.7527e-19)
(1.92688 0.165224 1.68926e-20)
(2.00912 0.118544 1.6901e-19)
(2.05643 0.139121 0)
(2.09058 0.0969575 -1.02996e-21)
(1.1577 0.532451 -4.48098e-18)
(1.22704 0.495677 0)
(1.21227 0.556809 4.51439e-18)
(1.2432 0.508461 1.82458e-19)
(1.24419 0.482528 0)
(1.2976 0.376549 -2.30175e-18)
(1.32121 0.286654 1.87898e-18)
(1.43912 0.24385 1.12856e-20)
(1.47731 0.254469 0)
(1.52794 0.194993 -1.05886e-18)
(1.52042 0.158176 0)
(1.61194 0.123933 0)
(1.66341 0.199497 0)
(1.75825 0.182267 0)
(1.76457 0.167834 -1.84581e-20)
(1.86368 0.147464 4.39842e-21)
(1.92152 0.157493 1.70543e-20)
(2.00598 0.115813 -8.49301e-21)
(2.04741 0.133319 9.85166e-21)
(2.09408 0.100364 0)
(1.19167 0.602965 2.29167e-20)
(1.21075 0.527024 1.47912e-19)
(1.18816 0.444422 -9.62442e-18)
(1.25945 0.344909 -2.77217e-18)
(1.2892 0.313379 0)
(1.37287 0.265874 4.63787e-18)
(1.38684 0.212237 1.39676e-19)
(1.48723 0.173731 -1.64087e-18)
(1.49874 0.186526 -1.02513e-18)
(1.56323 0.123639 -2.78133e-21)
(1.57168 0.0879746 0)
(1.67007 0.0594223 -8.91264e-19)
(1.69041 0.144329 -2.39808e-20)
(1.78973 0.143127 -7.13928e-19)
(1.7999 0.135877 -6.66546e-19)
(1.88178 0.120628 0)
(1.93437 0.129058 0)
(2.01604 0.0979647 0)
(2.04492 0.115591 6.38848e-22)
(2.10567 0.0948488 1.371e-21)
(1.22514 0.599466 2.11879e-18)
(1.25641 0.521972 2.36042e-18)
(1.24013 0.493663 4.81931e-18)
(1.29545 0.439006 2.34428e-18)
(1.28844 0.434035 3.52913e-19)
(1.35833 0.345076 4.02693e-20)
(1.37668 0.252743 2.58827e-20)
(1.48925 0.20975 -8.16552e-19)
(1.51931 0.226405 1.45614e-19)
(1.57732 0.170375 1.25682e-19)
(1.576 0.13014 -1.27365e-19)
(1.67072 0.100482 9.0047e-19)
(1.67608 0.168436 -2.41279e-20)
(1.77764 0.163372 7.72412e-19)
(1.79999 0.143778 6.73183e-19)
(1.88298 0.126297 -2.9293e-19)
(1.93117 0.12393 1.26052e-20)
(2.01586 0.0965363 1.70782e-19)
(2.03008 0.110685 0)
(2.10237 0.0929782 -1.89854e-21)
(1.23914 0.629227 4.26277e-18)
(1.25077 0.539326 -2.31498e-18)
(1.21836 0.462333 2.25578e-18)
(1.27614 0.358856 1.81524e-19)
(1.28951 0.321495 0)
(1.37451 0.245213 -2.37631e-18)
(1.39549 0.175127 -2.03162e-18)
(1.50732 0.141358 1.30429e-18)
(1.51347 0.169204 5.85694e-19)
(1.5724 0.112102 1.07543e-18)
(1.58648 0.0670454 0)
(1.69553 0.0448533 0)
(1.6868 0.118948 -8.61713e-19)
(1.78102 0.123391 2.82222e-20)
(1.81198 0.108444 -2.21854e-20)
(1.89435 0.100212 2.99275e-19)
(1.94047 0.0978757 2.6392e-19)
(2.02554 0.0810123 -3.79829e-19)
(2.03221 0.0950016 7.19125e-20)
(2.112 0.0838876 -5.23779e-22)
(1.17037 0.612097 6.21266e-20)
(1.18688 0.510257 -2.2434e-18)
(1.16882 0.435766 -2.67682e-18)
(1.25217 0.35686 1.79148e-19)
(1.26722 0.348095 1.40217e-18)
(1.35929 0.286228 0)
(1.38433 0.208495 -1.25655e-19)
(1.49633 0.170469 -6.3746e-19)
(1.51332 0.194292 7.41025e-19)
(1.58792 0.141402 0)
(1.60119 0.0931055 -4.98483e-19)
(1.70273 0.0792143 4.57925e-19)
(1.67973 0.142741 8.22433e-19)
(1.77425 0.138755 4.0634e-19)
(1.80571 0.113409 2.91291e-21)
(1.89638 0.102022 0)
(1.94022 0.0938438 -2.33661e-19)
(2.02958 0.0800603 -2.66223e-20)
(2.03563 0.0912251 -5.10209e-20)
(2.1246 0.0792902 1.09164e-21)
(1.07547 0.585191 -2.12849e-18)
(1.12065 0.485764 -6.27792e-20)
(1.11991 0.401925 0)
(1.22203 0.315687 0)
(1.2424 0.297073 2.36207e-20)
(1.34715 0.218976 0)
(1.38223 0.13499 -1.21578e-18)
(1.50098 0.113466 6.56858e-19)
(1.51608 0.148302 1.53011e-19)
(1.59775 0.0931446 1.30891e-19)
(1.60731 0.0396845 8.7336e-19)
(1.70764 0.0341404 -4.62807e-19)
(1.68593 0.101549 4.01937e-19)
(1.79087 0.101599 -7.50639e-19)
(1.8197 0.0783043 1.97985e-20)
(1.91385 0.0740249 2.66051e-19)
(1.94996 0.0691156 4.71517e-21)
(2.03732 0.0638191 2.11563e-19)
(2.04392 0.0753423 -1.0268e-20)
(2.13669 0.0677778 0)
(0.966156 0.547487 0)
(1.03858 0.447007 2.36516e-18)
(1.05985 0.361354 -1.51096e-19)
(1.18259 0.286209 1.76811e-19)
(1.21295 0.268754 1.57094e-20)
(1.33729 0.209504 0)
(1.37005 0.151345 1.10627e-18)
(1.48463 0.126996 -6.38829e-19)
(1.51224 0.154749 0)
(1.60638 0.109707 0)
(1.60747 0.0586616 -1.01242e-18)
(1.6951 0.0614596 -4.66495e-19)
(1.67627 0.118903 -9.00871e-22)
(1.79439 0.111366 7.87151e-19)
(1.8202 0.0829549 0)
(1.91925 0.0750381 -3.22846e-19)
(1.94581 0.066795 1.8071e-20)
(2.03289 0.0617444 -9.4589e-21)
(2.0386 0.070319 7.33924e-20)
(2.13318 0.061333 -6.00698e-22)
(0.833731 0.490384 0)
(0.936582 0.388342 1.22693e-18)
(0.984713 0.305417 -1.10799e-18)
(1.12441 0.241703 -1.75382e-19)
(1.16727 0.227772 -1.35086e-18)
(1.31046 0.164523 0)
(1.34681 0.0936506 0)
(1.4655 0.0793102 1.53773e-19)
(1.49207 0.112818 1.42297e-19)
(1.59593 0.0679942 -5.49912e-19)
(1.59203 0.0160593 5.09931e-19)
(1.67186 0.0221311 9.42554e-19)
(1.66668 0.0777531 -4.36583e-19)
(1.80058 0.0725287 -3.98617e-19)
(1.82085 0.0491258 0)
(1.92013 0.0471733 -1.72333e-19)
(1.93163 0.0438367 1.82137e-20)
(2.01675 0.0453628 -9.54107e-21)
(2.02015 0.0552757 -5.12088e-20)
(2.11582 0.0497032 0)
(0.675789 0.413838 0)
(0.810243 0.312792 -2.43908e-18)
(0.88286 0.24607 1.09492e-18)
(1.04876 0.199676 1.73381e-19)
(1.11321 0.185431 0)
(1.27741 0.134604 3.03295e-19)
(1.31224 0.0920371 -4.41516e-19)
(1.42567 0.0830025 -1.5124e-19)
(1.45453 0.108095 -2.94391e-19)
(1.57493 0.0757182 6.8375e-19)
(1.56771 0.0336343 -1.3435e-19)
(1.6405 0.0439779 -4.76164e-19)
(1.64577 0.0855191 2.2042e-19)
(1.78785 0.0767565 0)
(1.79603 0.0541893 0)
(1.89202 0.0491831 1.73621e-19)
(1.89206 0.0432307 -1.83177e-20)
(1.97888 0.0422235 0)
(1.9834 0.0482691 3.15812e-20)
(2.08637 0.0416723 -6.14456e-22)
(0.516128 0.332531 -5.60349e-19)
(0.682015 0.230066 1.36282e-18)
(0.784084 0.178749 -3.13633e-19)
(0.98117 0.143034 1.70733e-19)
(1.06036 0.127852 0)
(1.23151 0.0876727 0)
(1.25951 0.0451963 0)
(1.37213 0.0411893 4.61478e-19)
(1.40531 0.0645841 -1.52037e-19)
(1.53998 0.034125 1.38203e-19)
(1.52354 -0.00374826 0)
(1.58807 0.0044895 0)
(1.60163 0.0407247 -2.23197e-19)
(1.74946 0.0375821 0)
(1.75075 0.0243036 9.15608e-20)
(1.84773 0.0237926 0)
(1.84159 0.0226158 -6.5053e-20)
(1.93323 0.0255433 -9.64125e-21)
(1.94029 0.0324846 -3.56334e-20)
(2.04931 0.0292381 0)
(0.354193 0.219574 5.50431e-19)
(0.549135 0.135015 1.4948e-19)
(0.669719 0.10807 -8.03255e-21)
(0.888579 0.091215 -1.67673e-19)
(0.970778 0.0849045 0)
(1.15193 0.0612823 0)
(1.18064 0.0429674 0)
(1.29327 0.0419553 -7.68153e-20)
(1.33154 0.0551749 1.40889e-19)
(1.48136 0.039356 -2.82936e-19)
(1.46065 0.0188917 -1.2945e-19)
(1.51822 0.0249163 0)
(1.53101 0.0437614 0)
(1.68367 0.0404684 0)
(1.68779 0.0294722 -9.25505e-20)
(1.79065 0.0257532 -1.77792e-20)
(1.78467 0.021363 8.36984e-20)
(1.88198 0.0197448 9.61827e-21)
(1.88957 0.021882 5.72176e-21)
(2.00494 0.018779 -7.8168e-22)
(0.195624 0.0865697 0)
(0.423018 0.0438492 0)
(0.546171 0.0319548 -1.51193e-19)
(0.788155 0.0254315 1.63672e-19)
(0.875583 0.0185142 0)
(1.07134 0.00768902 0)
(1.09873 -0.00216852 0)
(1.21011 -0.0017069 7.60209e-20)
(1.25426 0.00443657 0)
(1.41893 -0.00417173 1.32147e-19)
(1.39533 -0.0152935 -5.95601e-21)
(1.44536 -0.0134583 0)
(1.45547 -0.00258234 2.69006e-20)
(1.61744 -0.000579639 -3.09831e-20)
(1.6314 -0.00139066 3.17193e-21)
(1.74082 0.000480468 -1.80637e-20)
(1.73638 0.00169053 1.87355e-20)
(1.83768 0.00361782 0)
(1.84504 0.00608041 0)
(1.9664 0.00563637 1.59725e-22)
(0.0206746 -0.0159523 0)
(-0.0238867 0.638422 0)
(0.182812 0.221325 0)
(-0.569446 0.236659 0)
(-0.253751 0.506041 0)
(-0.674208 -0.46306 0)
(-0.23237 -1.06327 0)
(-0.0146106 -1.92597 0)
(-0.178048 0.0170726 0)
(0.0382324 0.691711 0)
(-0.0392882 0.0487576 0)
(0.135716 0.00706781 0)
(-0.0423202 0.653669 0)
(0.0523567 0.450498 0)
(-0.195095 -1.29824 0)
(0.0508668 -2.07509 0)
(-0.150397 0.0538945 0)
(-0.0129528 0.487252 0)
(0.114033 0.140825 0)
(-0.0260679 0.263094 0)
(-0.191085 0.413982 0)
(0.0380735 -0.331044 0)
(-0.0511395 -1.12451 0)
(-0.029972 -1.98759 0)
(-0.168285 0.094583 0)
(0.0168156 0.508605 0)
(0.1992 0.056332 0)
(0.0914653 0.155083 0)
(-0.0515611 0.605825 0)
(0.0385358 0.34874 0)
(-0.069524 -1.31714 0)
(-0.0130948 -2.10858 0)
(-0.196266 0.140643 0)
(0.022597 0.357002 0)
(-0.12651 0.0977299 0)
(-0.0914035 0.389471 0)
(-0.25297 0.462066 0)
(0.0486206 -0.286022 0)
(0.0946595 -1.04982 0)
(-0.0519817 -2.02386 0)
(-0.194262 0.171384 0)
(0.129883 0.414537 0)
(-0.0320168 0.119295 0)
(-0.0823527 0.284668 0)
(-0.108972 0.498667 0)
(0.0499707 0.163241 0)
(0.0160446 -1.3149 0)
(-0.073438 -2.10982 0)
(-0.195908 0.178029 0)
(0.197241 0.330058 0)
(-0.0195557 0.181376 0)
(0.149101 0.384333 0)
(-0.118323 0.410494 0)
(0.0857128 -0.32979 0)
(0.129178 -1.0046 0)
(-0.0557518 -1.98993 0)
(-0.0511687 0.174572 0)
(0.137006 0.293585 0)
(-0.0742827 0.138928 0)
(0.0489032 0.363522 0)
(0.00547559 0.492222 0)
(0.0627414 0.0692061 0)
(0.0483352 -1.19624 0)
(-0.0931369 -2.13122 0)
(0.0300298 0.134362 0)
(0.168269 0.353587 0)
(0.0178103 0.241022 0)
(0.0382662 0.36439 0)
(-0.106877 0.42552 0)
(0.116607 -0.379927 0)
(0.0692797 -0.989702 0)
(-0.0401034 -1.99684 0)
(0.036243 0.0643272 0)
(0.156851 0.297595 0)
(0.0618292 0.201206 0)
(-0.0917667 0.390339 0)
(0.0764514 0.437501 0)
(0.104244 -0.00374703 0)
(0.0849227 -1.07157 0)
(0.0348689 -2.09593 0)
(0.0242464 0.0439801 0)
(0.0482889 0.345481 0)
(-0.11198 0.342347 0)
(-0.0524823 0.392274 0)
(-0.0466016 0.337264 0)
(0.112019 -0.362616 0)
(0.0397925 -0.969847 0)
(0.0801749 -1.99424 0)
(-0.0065811 0.0313407 0)
(0.021911 0.372282 0)
(-0.158674 0.276098 0)
(-0.0807966 0.339193 0)
(0.0392877 0.355528 0)
(0.0557726 -0.0987703 0)
(-0.00691393 -1.04599 0)
(0.12222 -1.972 0)
(0.00139599 0.0267442 0)
(0.0810671 0.417298 0)
(-0.0520039 0.354861 0)
(-0.175319 0.308767 0)
(-0.0667416 0.251542 0)
(0.0793664 -0.303681 0)
(-0.0577989 -0.974213 0)
(0.109938 -1.97755 0)
(0.0435675 -0.00763221 0)
(0.0515656 0.420192 0)
(-0.00822901 0.438112 0)
(0.0578652 0.332751 0)
(0.103247 0.259497 0)
(0.0254874 -0.162431 0)
(-0.113769 -1.07897 0)
(0.131141 -1.93548 0)
(-0.0544128 -0.0192629 0)
(0.160858 0.414349 0)
(-0.0481506 0.322558 0)
(0.058236 0.261618 0)
(0.0607607 0.265986 0)
(0.0369512 -0.140847 0)
(-0.128106 -0.986201 0)
(0.098773 -1.97902 0)
(-0.0749496 -0.0775289 0)
(0.24455 0.452044 0)
(-0.0653299 0.509381 0)
(0.153072 0.250741 0)
(0.0456502 0.282413 0)
(-0.0175274 -0.138013 0)
(-0.173789 -1.16691 0)
(0.119337 -1.98023 0)
(-0.0117051 -0.0837441 0)
(0.107911 0.394028 0)
(0.203934 0.356779 0)
(0.147705 0.229607 0)
(-0.00612529 0.351727 0)
(0.0170825 0.0113408 0)
(-0.122404 -0.998526 0)
(0.122047 -1.97466 0)
(0.0346258 -0.125534 0)
(0.219383 0.35206 0)
(0.166459 0.523814 0)
(0.175574 0.327347 0)
(-0.140366 0.342452 0)
(0.0109528 -0.121793 0)
(-0.178928 -1.22507 0)
(0.142242 -2.01321 0)
(0.107475 -0.23418 0)
(0.207903 0.281034 0)
(0.219824 0.355144 0)
(0.222219 0.402135 0)
(-0.0902503 0.447907 0)
(0.0306224 0.0558974 0)
(-0.0919241 -1.07303 0)
(0.0742356 -1.97406 0)
(0.0699229 -0.249559 0)
(-0.00311411 0.295211 0)
(0.101235 0.536775 0)
(0.0454174 0.432351 0)
(-0.151875 0.428266 0)
(0.0130703 -0.140271 0)
(-0.109988 -1.24981 0)
(0.103757 -2.02549 0)
(0.10585 -0.265229 0)
(-0.122199 0.296913 0)
(0.0888465 0.367887 0)
(-0.011554 0.57096 0)
(0.0328261 0.468882 0)
(0.0478236 0.0565897 0)
(-0.0115405 -1.12369 0)
(0.0884745 -1.97896 0)
(0.0500995 -0.247643 0)
(-0.0679163 0.265479 0)
(0.140726 0.442769 0)
(0.105006 0.423972 0)
(0.0174417 0.395914 0)
(0.0476246 -0.101879 0)
(-0.00477491 -1.28122 0)
(0.0616142 -1.98357 0)
(-0.0440272 -0.26701 0)
(0.0451342 0.290285 0)
(0.124441 0.30069 0)
(0.041703 0.665835 0)
(0.162378 0.491987 0)
(0.0719953 0.0656004 0)
(0.0624567 -1.11112 0)
(-0.00417353 -1.92641 0)
(-0.102145 -0.2416 0)
(0.173594 0.159709 0)
(-0.0490204 0.407013 0)
(0.0880109 0.398418 0)
(0.0805937 0.353141 0)
(0.0839914 -0.0232097 0)
(0.0179878 -1.27428 0)
(-0.0110145 -1.97125 0)
(-0.0508907 -0.314874 0)
(0.271708 0.311904 0)
(0.0684249 0.370768 0)
(0.112594 0.638484 0)
(0.172293 0.502211 0)
(0.0722805 0.0867105 0)
(0.0169095 -1.05214 0)
(-0.014791 -1.90282 0)
(0.0539354 -0.368543 0)
(0.295096 0.0495366 0)
(0.0802275 0.436239 0)
(-0.00656488 0.318245 0)
(-0.0848292 0.35109 0)
(0.072871 0.0911808 0)
(-0.0575046 -1.24979 0)
(-0.03881 -1.97983 0)
(0.136265 -0.448808 0)
(0.153526 0.360507 0)
(0.0558742 0.550534 0)
(0.0818301 0.727247 0)
(-0.050442 0.439338 0)
(0.0606096 0.0322637 0)
(-0.0611782 -0.99652 0)
(-0.0677944 -1.94659 0)
(0.121558 -0.577266 0)
(0.234382 0.0338395 0)
(-0.0103616 0.455849 0)
(0.155485 0.399847 0)
(0.081323 0.401362 0)
(0.107532 0.137632 0)
(-0.0673684 -1.19393 0)
(-0.0658012 -2.03852 0)
(-0.0366637 -0.557822 0)
(-0.0449179 0.45893 0)
(0.0122654 0.565143 0)
(0.213982 0.684537 0)
(-0.109262 0.416963 0)
(0.0913861 0.0748566 0)
(-0.0426433 -0.915304 0)
(-0.0522297 -2.02634 0)
(-0.0332246 -0.615404 0)
(-0.0122717 0.0462021 0)
(-0.0334876 0.324742 0)
(-0.023335 0.450556 0)
(0.154426 0.466977 0)
(0.182586 0.132734 0)
(0.00559292 -1.09603 0)
(-0.00402205 -2.08156 0)
(0.068531 -0.439555 0)
(-0.267928 0.436095 0)
(-0.0515317 0.594895 0)
(-0.133467 0.645588 0)
(0.0126653 0.316652 0)
(0.116084 0.185326 0)
(0.0279851 -0.866883 0)
(0.0301706 -2.04285 0)
(0.0768694 -0.625789 0)
(0.0804505 0.1593 0)
(0.0258535 0.199659 0)
(-0.101707 0.382127 0)
(0.168004 0.290186 0)
(0.163101 0.0843969 0)
(0.0591595 -1.01326 0)
(0.0845945 -2.04866 0)
(-0.0572205 -0.507749 0)
(-0.0814571 0.399871 0)
(-0.290421 0.687936 0)
(0.129133 0.633761 0)
(-0.084692 0.199918 0)
(0.0867773 0.321197 0)
(0.0682175 -0.884318 0)
(0.104917 -1.97531 0)
(-0.275049 -0.494419 0)
(-0.110044 0.404168 0)
(-0.228296 0.0467411 0)
(0.261519 0.240708 0)
(0.162267 0.289199 0)
(0.247659 -0.0658908 0)
(0.0644012 -0.942052 0)
(0.116486 -1.95171 0)
(-0.108184 -0.394715 0)
(-0.0107815 0.321908 0)
(0.090099 0.534371 0)
(-0.0853551 0.517756 0)
(0.119982 0.184997 0)
(0.162301 0.482349 0)
(0.0919465 -0.872816 0)
(0.0803958 -1.88613 0)
(-0.125273 -0.40809 0)
(0.0431272 0.3694 0)
(-0.467055 0.0102856 0)
(0.174295 0.163347 0)
(0.141107 0.148566 0)
(0.131815 -0.132728 0)
(0.0384936 -0.903671 0)
(0.119435 -1.8777 0)
(-0.0742588 -0.396132 0)
(-0.113804 0.437783 0)
(0.290106 0.511059 0)
(-0.339672 0.315315 0)
(0.368797 0.155203 0)
(0.0924202 0.6456 0)
(0.173053 -0.813179 0)
(0.151295 -1.79612 0)
(-0.352905 -0.272168 0)
(-0.0511526 0.316685 0)
(-0.799173 0.0403039 0)
(0.320879 0.0562217 0)
(-0.476192 -0.0729116 0)
(0.087807 -0.0954929 0)
(0.185957 -0.940899 0)
(0.186082 -1.79254 0)
(-0.384547 -0.260846 0)
(-0.465604 0.559637 0)
(0.980255 0.330913 0)
(-0.582451 0.257989 0)
(0.907588 0.232892 0)
(-0.268461 0.433996 0)
(0.543257 -0.999224 0)
(0.239817 -1.61726 0)
(-2.0049 0.169868 0)
(0.724883 -0.152788 0)
(-1.60372 0.0381572 0)
(0.536989 0.0587881 0)
(-1.23372 -0.252233 0)
(0.871852 -0.031767 0)
(0.707969 -0.920385 0)
(0.389861 -1.48969 0)
(0.0566298 -0.0178099 0)
(0.0611811 -0.00767316 0)
(0.248661 -0.00206295 0)
(-0.00841432 -0.00874165 0)
(0.426954 -0.0156433 0)
(0.145925 0.00522518 0)
(0.48443 0.0782695 0)
(0.11716 -0.0254409 0)
(0.0395338 -0.0740713 0)
(0.202035 -0.0912863 0)
(0.169909 0.0138955 0)
(0.174637 -0.0888699 0)
(0.20065 -0.075822 0)
(0.0937038 -0.0472828 0)
(0.242302 0.0922569 0)
(0.0942001 0.247928 0)
(0.122693 -0.118039 0)
(0.113132 -0.0928492 0)
(0.0620257 0.00878759 0)
(0.116478 -0.00815261 0)
(0.012977 -0.000423699 0)
(0.0205193 -0.041357 0)
(-0.057875 0.0456303 0)
(-0.0151878 0.237066 0)
(0.00555104 -0.141438 0)
(0.13216 -0.0693696 0)
(-0.0430739 -0.0126296 0)
(0.112552 -0.0534422 0)
(-0.0193783 -0.0190233 0)
(0.086887 -0.0205562 0)
(-0.056485 0.0580902 0)
(-0.0643252 0.244986 0)
(0.0847114 -0.158408 0)
(0.148203 -0.0943136 0)
(0.0194215 0.0142035 0)
(0.081224 -0.0192368 0)
(-0.0321069 -0.000279006 0)
(0.0646103 -0.0456872 0)
(-0.0144996 0.0620502 0)
(-0.0624785 0.241658 0)
(0.0445542 -0.202719 0)
(0.0970663 -0.0756931 0)
(0.0226004 0.0026712 0)
(0.10714 -0.0209662 0)
(0.030978 -0.0040425 0)
(0.0331848 -0.0384939 0)
(-0.0861259 0.0695389 0)
(-0.0616982 0.2585 0)
(0.0802632 -0.173504 0)
(0.0346148 -0.11438 0)
(0.0434944 -0.000967901 0)
(0.100792 -0.0221243 0)
(0.0123509 0.0351372 0)
(0.0133557 -0.0020087 0)
(-0.143074 0.0571508 0)
(-0.0451636 0.244622 0)
(0.0756536 -0.198963 0)
(0.0528639 -0.101221 0)
(0.0701386 -0.0457238 0)
(0.108012 -0.0103398 0)
(-0.0190914 0.039241 0)
(0.0193105 0.0295619 0)
(-0.149922 0.0512556 0)
(-0.0332528 0.222409 0)
(0.0746322 -0.184989 0)
(0.0928913 -0.135921 0)
(0.107895 -0.0518017 0)
(0.110666 0.00695653 0)
(-0.0217051 0.0666719 0)
(0.00170811 0.0605731 0)
(-0.144702 0.0468771 0)
(-0.0161905 0.200106 0)
(0.0884147 -0.214946 0)
(0.0921943 -0.154289 0)
(0.105863 -0.0803024 0)
(0.0735263 0.0277566 0)
(-0.0367829 0.0859866 0)
(0.00238148 0.0885868 0)
(-0.112085 0.0360379 0)
(-0.0222897 0.191967 0)
(0.0772272 -0.201934 0)
(0.0691439 -0.167603 0)
(0.0666982 -0.0764703 0)
(0.0281045 0.0461349 0)
(-0.0546212 0.089794 0)
(0.0276394 0.106544 0)
(-0.058609 0.0426085 0)
(-0.0436869 0.177392 0)
(0.0842124 -0.209641 0)
(0.0772548 -0.176411 0)
(0.0381438 -0.0981354 0)
(0.00818756 0.0549143 0)
(-0.0405716 0.0763859 0)
(0.046961 0.102358 0)
(-0.0167319 0.060058 0)
(-0.056231 0.18086 0)
(0.0757017 -0.20898 0)
(0.089664 -0.164206 0)
(0.00988785 -0.0892408 0)
(-0.0077466 0.0516577 0)
(0.00383753 0.0582051 0)
(0.0541384 0.0948353 0)
(0.00408679 0.0787833 0)
(-0.0606557 0.187639 0)
(0.0875847 -0.215082 0)
(0.0954604 -0.168535 0)
(0.0284473 -0.0906709 0)
(0.0216181 0.0312386 0)
(0.0300273 0.0396661 0)
(0.0448876 0.0938728 0)
(-0.0200317 0.101116 0)
(-0.0692079 0.205145 0)
(0.0875201 -0.227011 0)
(0.105889 -0.164389 0)
(0.0554937 -0.0988271 0)
(0.0699905 0.0207436 0)
(0.0353064 0.0357159 0)
(0.0516315 0.107618 0)
(-0.0420751 0.118198 0)
(-0.0696318 0.2081 0)
(0.0847288 -0.228898 0)
(0.111351 -0.174536 0)
(0.0649614 -0.106992 0)
(0.0769374 0.0127356 0)
(0.0329912 0.0322312 0)
(0.0487904 0.11371 0)
(0.0014766 0.141619 0)
(-0.0856308 0.215 0)
(0.0927678 -0.248352 1.93264e-18)
(0.115811 -0.184179 5.89744e-22)
(0.0738712 -0.115124 8.22635e-22)
(0.0663944 0.00691403 4.99869e-22)
(0.0208791 0.0344601 4.67778e-22)
(0.0106835 0.0947345 1.54893e-21)
(0.0461513 0.164278 2.40637e-21)
(-0.102075 0.232677 1.78649e-21)
(0.0822485 -0.243687 0)
(0.100112 -0.192175 0)
(0.070345 -0.119346 0)
(0.0614007 0.0060375 0)
(-0.00425938 0.045691 0)
(0.00630099 0.0741117 0)
(0.0013481 0.175808 0)
(-0.0802166 0.258919 0)
(0.0864197 -0.250641 0)
(0.105404 -0.201733 0)
(0.0702328 -0.130945 0)
(0.0644626 0.0101131 0)
(-0.0126501 0.0495375 0)
(0.0588343 0.0686341 0)
(-0.0792298 0.174188 0)
(-0.0646926 0.288817 0)
(0.0836713 -0.252171 0)
(0.10078 -0.212813 0)
(0.077245 -0.143013 0)
(0.0631511 0.00809183 0)
(0.00465445 0.0363389 0)
(0.0744508 0.0806961 0)
(-0.121771 0.189848 0)
(-0.0784205 0.279645 0)
(0.0860623 -0.248032 0)
(0.0825944 -0.218328 0)
(0.074484 -0.152275 0)
(0.0551523 0.00792113 0)
(0.0211342 0.0328662 0)
(0.0168092 0.0981198 0)
(-0.11834 0.213701 0)
(-0.113086 0.278405 0)
(0.0856568 -0.242418 0)
(0.0913485 -0.229998 0)
(0.0770241 -0.173279 0)
(0.0469795 -0.00558118 0)
(0.0342223 0.0428639 0)
(-0.0431674 0.111839 0)
(-0.0668735 0.22418 0)
(-0.121604 0.257735 0)
(0.082928 -0.241045 0)
(0.100599 -0.227201 0)
(0.0576857 -0.173556 0)
(0.024 -0.0180749 0)
(0.0379698 0.0569233 0)
(-0.0659191 0.104446 0)
(-0.00355406 0.228956 0)
(-0.156059 0.284173 0)
(0.0795142 -0.24084 0)
(0.0916284 -0.230693 0)
(0.0525912 -0.172014 0)
(0.000913155 -0.0416147 0)
(0.0464553 0.0671826 0)
(-0.052815 0.095351 0)
(-0.0230113 0.228688 0)
(-0.104818 0.278324 0)
(0.0749583 -0.231743 0)
(0.0766533 -0.229813 0)
(0.0616025 -0.166654 0)
(-0.00805151 -0.0674015 0)
(0.0544755 0.0595143 0)
(-0.0130525 0.113084 0)
(-0.0849349 0.220874 0)
(-0.100205 0.315016 0)
(0.0760054 -0.224126 0)
(0.0748247 -0.235426 0)
(0.0573051 -0.161042 0)
(-0.00935792 -0.0840597 0)
(0.0288185 0.0306509 0)
(0.026594 0.128404 0)
(-0.0475535 0.240781 0)
(-0.124477 0.309353 0)
(0.0699764 -0.216443 0)
(0.0690983 -0.234866 0)
(0.0432027 -0.157117 0)
(-0.0124619 -0.0863053 0)
(-0.0287726 -0.00252336 0)
(0.0170318 0.105679 0)
(-0.000745327 0.240465 0)
(-0.0777157 0.320027 0)
(0.061962 -0.203229 0)
(0.052185 -0.230577 0)
(0.0177073 -0.152041 0)
(-0.0111546 -0.0756072 0)
(-0.0761384 -0.0217037 0)
(-0.0190342 0.0745832 0)
(-0.0991422 0.261011 0)
(-0.132619 0.384839 0)
(0.0513023 -0.188324 1.93503e-18)
(0.0484868 -0.219043 -2.50352e-21)
(0.00521168 -0.157404 -2.55563e-21)
(0.00344218 -0.0637725 -2.52816e-21)
(-0.0878287 -0.0341141 -2.63826e-22)
(-0.0261937 0.0658562 -9.58716e-19)
(-0.126138 0.237787 9.57404e-19)
(-0.119634 0.344734 1.69893e-21)
(0.0436949 -0.173171 0)
(0.0485766 -0.211116 0)
(0.0071681 -0.167296 0)
(0.0161255 -0.0519073 0)
(-0.0685957 -0.0296262 0)
(-0.0561943 0.0320848 0)
(-0.0152341 0.248235 0)
(-0.174662 0.374279 0)
(0.0351698 -0.159048 0)
(0.0468543 -0.20089 0)
(0.0133894 -0.174937 0)
(0.00857704 -0.0546339 0)
(-0.0278618 -0.01649 0)
(-0.0461722 -0.0209066 0)
(0.0127834 0.224544 0)
(-0.154247 0.359195 0)
(0.0290597 -0.143126 0)
(0.0468452 -0.196138 0)
(0.0180168 -0.173883 0)
(-0.00867688 -0.0580339 0)
(-0.0275289 -0.00983508 0)
(-0.0285728 -0.0309264 0)
(-0.0925818 0.235815 0)
(-0.150392 0.421834 0)
(0.0243455 -0.129875 0)
(0.0432351 -0.188214 0)
(0.0173282 -0.17952 0)
(0.0120173 -0.0620548 0)
(-0.0271636 -0.0170516 0)
(-0.0145928 -0.0336254 0)
(-0.154013 0.183423 0)
(-0.106213 0.386462 0)
(0.013772 -0.113618 0)
(0.0282196 -0.180305 0)
(-0.00180087 -0.187904 0)
(0.0157061 -0.0676217 0)
(-0.0283227 -0.00422501 0)
(-0.0629898 -0.00332534 0)
(-0.173264 0.204091 0)
(-0.16857 0.397526 0)
(0.00414291 -0.0923641 0)
(0.00729104 -0.165134 0)
(-0.0306064 -0.194765 0)
(-0.0154102 -0.0820937 0)
(-0.0160572 0.00623432 0)
(-0.0928823 -0.00525716 0)
(-0.145347 0.157772 0)
(-0.0953654 0.335621 0)
(-0.0071977 -0.0674749 0)
(-0.0175419 -0.143988 0)
(-0.0663384 -0.189244 0)
(-0.0774053 -0.113867 0)
(-0.0250195 0.0189448 0)
(-0.141791 0.0304041 0)
(-0.17486 0.124691 0)
(-0.106659 0.363237 0)
(-0.015321 -0.0384411 0)
(-0.0378718 -0.113061 0)
(-0.107288 -0.172352 0)
(-0.145356 -0.143049 0)
(-0.0826557 0.0125924 0)
(-0.12535 0.0429365 0)
(-0.151703 0.0988606 0)
(-0.191919 0.312205 0)
(-0.00823471 -0.00946905 0)
(-0.0452322 -0.0724929 0)
(-0.141436 -0.13708 0)
(-0.230042 -0.151246 0)
(-0.227529 -0.0282485 0)
(-0.160825 0.0395769 0)
(-0.222851 0.0877597 0)
(-0.119336 0.251265 0)
(-0.00155205 0.00508485 0)
(-0.0188136 -0.0163832 0)
(-0.119491 -0.0725696 0)
(-0.262463 -0.114955 0)
(-0.376829 -0.0480284 0)
(-0.305549 0.0177513 0)
(-0.364274 0.0579254 0)
(-0.171636 0.224893 0)
(-0.00167674 0.00305422 0)
(0.0145721 0.00289143 0)
(-0.0211682 -0.00690958 0)
(-0.126424 -0.0316628 0)
(-0.323464 -0.0258538 0)
(-0.276294 0.000678229 0)
(-0.310527 -0.017007 0)
(-0.170659 0.0277943 0)
)
;

boundaryField
{
    wall
    {
        type            slip;
    }
    inlet1
    {
        type            uniformFixedValue;
        uniformValue    table
        
11
(
(0 (1 0 0))
(0.3 (1 0 0))
(0.325 (0.9375 0 0))
(0.35 (0.875 0 0))
(0.375 (0.8125 0 0))
(0.4 (0.75 0 0))
(0.425 (0.6875 0 0))
(0.45 (0.625 0 0))
(0.475 (0.5625 0 0))
(0.499 (0.5 0 0))
(0.5 (1 0 0))
)
;
    }
    inlet2
    {
        type            uniformFixedValue;
        uniformValue    table
        
3
(
(0 (0 0 0))
(0.2 (0 -2.5 0))
(0.6 (0 0 0))
)
;
    }
    outlet1
    {
        type            zeroGradient;
    }
    outlet2
    {
        type            inletOutlet;
        inletValue      uniform (0 0 0);
        value           nonuniform List<vector> 8((0.0206746 -0.0159523 0) (0 0 0) (0.182812 0.221325 0) (-0.569446 0.236659 0) (0 0 0) (-0.674208 -0.46306 0) (-0.23237 -1.06327 0) (-0.0146106 -1.92597 0));
    }
    defaultFaces
    {
        type            empty;
    }
}


// ************************************************************************* //
