/*--------------------------------*- C++ -*----------------------------------*\
| =========                 |                                                 |
| \\      /  F ield         | OpenFOAM: The Open Source CFD Toolbox           |
|  \\    /   O peration     | Version:  2.4.0                                 |
|   \\  /    A nd           | Web:      www.OpenFOAM.org                      |
|    \\/     M anipulation  |                                                 |
\*---------------------------------------------------------------------------*/
FoamFile
{
    version     2.0;
    format      ascii;
    class       volScalarField;
    location    "1.89";
    object      k;
}
// * * * * * * * * * * * * * * * * * * * * * * * * * * * * * * * * * * * * * //

dimensions      [0 2 -2 0 0 0 0];

internalField   nonuniform List<scalar> 
6000
(
0.168236
0.0132443
0.000992256
0.00361393
0.00251566
0.00295418
0.00245991
0.0024443
0.00225333
0.00231167
0.00223968
0.00197363
0.00126843
0.00050141
0.000594495
0.00132368
0.0016423
0.001261
0.0014255
0.00498981
0.0106464
0.0173643
0.0238466
0.0289306
0.0317551
0.0317733
0.0288539
0.0234602
0.0165063
0.00921865
0.00319698
0.00101313
0.00326
0.00540976
0.00678839
0.00745159
0.00761688
0.00751912
0.0073542
0.00726197
0.00733437
0.00762807
0.00817805
0.00900721
0.0101286
0.0115524
0.0132773
0.0153129
0.0176374
0.0202971
0.0232059
0.0265987
0.0300908
0.0347202
0.0386805
0.0463249
0.0496452
0.0662037
0.0643416
0.104675
0.076209
0.0101381
0.000954316
0.00240135
0.00172076
0.00193953
0.00163302
0.0016047
0.00148533
0.00150668
0.0014473
0.00126424
0.000825538
0.000372348
0.000498853
0.000927452
0.00109322
0.00091534
0.00130059
0.00333966
0.00607535
0.00893778
0.0114104
0.0131233
0.0138581
0.0135064
0.012132
0.00991826
0.00714763
0.00417919
0.00161922
0.000869259
0.0020072
0.00297116
0.00357445
0.00386698
0.00394848
0.00392158
0.00387216
0.00386184
0.0039314
0.00410545
0.00439928
0.00482145
0.00537589
0.00606523
0.00688803
0.00784796
0.00893734
0.0101767
0.0115366
0.0131141
0.0147692
0.0169138
0.0188687
0.0223341
0.0242533
0.0314531
0.0317471
0.0484393
0.0412231
0.00802333
0.000980696
0.00168644
0.0012284
0.00132489
0.0011247
0.00109403
0.00101767
0.00102237
0.000974165
0.000844553
0.000566217
0.000302372
0.000425724
0.000687343
0.00079175
0.000757073
0.00120263
0.00244874
0.0038781
0.00517354
0.00612412
0.006632
0.0066816
0.00630045
0.00558287
0.00459111
0.00340679
0.00212757
0.000996029
0.000759511
0.00129899
0.00173698
0.00201438
0.00215483
0.00220173
0.00220111
0.00219266
0.00220561
0.00225931
0.00236534
0.00253088
0.00275917
0.00305149
0.00340869
0.00383024
0.00431814
0.00487034
0.00549675
0.00618811
0.00698642
0.00784128
0.00892256
0.00997106
0.0116756
0.0128377
0.0162129
0.0169641
0.024281
0.0260626
0.00677079
0.00107656
0.00126672
0.000920517
0.000943392
0.000803933
0.00077438
0.000724573
0.000722501
0.000684439
0.000592394
0.000415697
0.000267774
0.0003746
0.000544769
0.000632557
0.000697044
0.00112743
0.00192748
0.00271164
0.00330779
0.00364646
0.00373479
0.00361753
0.00335254
0.00298715
0.00252556
0.00198091
0.00137604
0.000815859
0.000702003
0.000914146
0.00109734
0.00122124
0.00128931
0.00131707
0.00132395
0.0013283
0.00134462
0.00138257
0.00144819
0.00154485
0.00167383
0.0018357
0.00203095
0.00225971
0.00252339
0.00282205
0.00316088
0.00353784
0.00397183
0.0044459
0.00503194
0.0056326
0.00653277
0.0072615
0.00895135
0.009668
0.0130227
0.0187961
0.00609049
0.00123713
0.00103361
0.000730878
0.000703942
0.000598321
0.000570397
0.000537411
0.00053366
0.000505153
0.000441453
0.000331818
0.000255035
0.000343479
0.000465342
0.000557753
0.000686642
0.00107169
0.0016058
0.00205335
0.00233437
0.00245083
0.00244527
0.00236627
0.00225637
0.0021024
0.00188451
0.00159338
0.00123511
0.00086448
0.000718866
0.000735736
0.00077508
0.000811663
0.000835985
0.000848236
0.000853731
0.000859604
0.000872746
0.000897964
0.000938686
0.000996267
0.0010713
0.00116413
0.00127521
0.00140497
0.00155451
0.0017246
0.00191817
0.00213559
0.00238574
0.00266397
0.00300134
0.00336332
0.00386889
0.00433749
0.00523518
0.00580028
0.00739814
0.0150485
0.0057656
0.00145271
0.000927234
0.000621393
0.000554988
0.000466378
0.000439279
0.000417204
0.000414591
0.000395352
0.000354125
0.000289961
0.000256509
0.000329703
0.00042812
0.000533442
0.000700669
0.00103492
0.00140944
0.00168892
0.00185395
0.0019386
0.00198578
0.00202445
0.00205611
0.00202978
0.00191751
0.00170535
0.00140022
0.00104604
0.000817737
0.000698853
0.000637345
0.000609957
0.000598991
0.000594841
0.000593896
0.000596279
0.000604212
0.00061969
0.000644505
0.000678936
0.000723246
0.000777692
0.000842663
0.000918664
0.00100658
0.00110728
0.00122259
0.0013535
0.00150443
0.00167497
0.00187885
0.00210545
0.00240463
0.00271138
0.00321484
0.00362965
0.00441719
0.0130158
0.00565579
0.00171194
0.000913041
0.000570075
0.000466626
0.000383623
0.00035592
0.00034104
0.000341225
0.000331095
0.000308212
0.000275343
0.000267924
0.000330339
0.000419583
0.000539517
0.00072757
0.00101924
0.00130626
0.00152309
0.00168756
0.00183999
0.00200366
0.00217782
0.00231262
0.00235274
0.00227022
0.00205425
0.00171626
0.00131023
0.000991457
0.000763863
0.000616631
0.000531041
0.000484888
0.000461472
0.000450445
0.000446611
0.000448677
0.00045662
0.000470854
0.000491058
0.000517226
0.000549485
0.000588125
0.000633586
0.000686548
0.000747789
0.00081852
0.000899759
0.000993868
0.0011017
0.00122952
0.00137533
0.00156006
0.00176348
0.00205999
0.00235386
0.00275626
0.0118774
0.00567232
0.00200253
0.000969524
0.000564691
0.000421314
0.000335327
0.000305208
0.000295032
0.000299024
0.000297846
0.000290127
0.000278927
0.00028693
0.000342745
0.000430738
0.00056408
0.000763464
0.00102802
0.00128147
0.00150718
0.00174142
0.00201199
0.00230864
0.00259549
0.00278899
0.00284819
0.00275273
0.00249767
0.00209729
0.00162621
0.00122334
0.000902142
0.000675045
0.000530845
0.00044644
0.000400085
0.000375817
0.000363793
0.000359584
0.000361331
0.00036819
0.000379336
0.000394465
0.000413525
0.000436652
0.000464149
0.000496496
0.000534307
0.000578421
0.000629709
0.000689558
0.000759035
0.000841157
0.000936672
0.00105443
0.00119057
0.00137266
0.00157691
0.00179108
0.0112299
0.00575901
0.00231176
0.00108271
0.000597427
0.000408888
0.000312575
0.000277886
0.000270549
0.00027892
0.00028647
0.000291332
0.000295183
0.000312265
0.000364703
0.000455589
0.000600574
0.000808433
0.00106454
0.00132673
0.00161166
0.00195808
0.00236535
0.00278117
0.00313944
0.00335115
0.00339682
0.00326693
0.00296231
0.00249715
0.00197269
0.00149435
0.00109056
0.000787911
0.000584004
0.000457887
0.000384916
0.000344498
0.000322529
0.00031153
0.00030775
0.000309112
0.000314231
0.000322455
0.000333494
0.000347291
0.000363968
0.000383809
0.000407244
0.000434856
0.000467345
0.000505609
0.000550622
0.000603962
0.00066703
0.000743617
0.000835169
0.000950722
0.00109117
0.00121057
0.0108617
0.0058805
0.00262706
0.00124154
0.000663455
0.000423831
0.000310081
0.000268263
0.000262128
0.00027511
0.00029108
0.000306412
0.000320835
0.000343331
0.000394544
0.000490198
0.000645939
0.000864298
0.00113125
0.00143608
0.00181602
0.00229708
0.00283671
0.00334225
0.00373113
0.00393069
0.00394182
0.00376664
0.00341161
0.00289321
0.00232932
0.00178745
0.0013109
0.000937402
0.000673912
0.000503625
0.000400975
0.000341831
0.000308272
0.000289809
0.000280694
0.000277586
0.000278443
0.0002822
0.000288285
0.000296413
0.000306504
0.000318645
0.00033308
0.000350194
0.000370526
0.000394709
0.000423574
0.000458051
0.000499524
0.000549664
0.000611182
0.000686125
0.000782055
0.000852055
0.0106566
0.00601497
0.00293695
0.00143581
0.000759401
0.00046335
0.00032494
0.000272919
0.0002663
0.000283822
0.000307856
0.000332014
0.000354124
0.000380002
0.000431249
0.000532491
0.000699341
0.000933436
0.00122983
0.00160473
0.00210424
0.00272628
0.00337959
0.00394337
0.0043301
0.00449486
0.00445606
0.00422833
0.00382431
0.00327013
0.00267955
0.00208818
0.00154945
0.00111058
0.000788842
0.000573178
0.000438678
0.000358707
0.000312069
0.000285375
0.000270808
0.000263711
0.000261295
0.000262021
0.000264994
0.00026968
0.000275787
0.0002832
0.000291985
0.00030235
0.000314692
0.000329478
0.000347419
0.000369141
0.000395869
0.000428378
0.000469337
0.000518384
0.000583516
0.000626686
0.0105485
0.00614957
0.00323183
0.00165537
0.000882815
0.000525514
0.000355899
0.000289957
0.000280913
0.000302614
0.000334371
0.000366231
0.000394346
0.000422562
0.000474487
0.000581786
0.000761318
0.00101827
0.00136135
0.00182834
0.00246193
0.00321879
0.00396171
0.00455639
0.00491479
0.00502609
0.00492435
0.00463791
0.00418621
0.00361622
0.00300916
0.00238381
0.00179532
0.0012981
0.000920507
0.000659189
0.000491446
0.000389048
0.000328054
0.000292351
0.000272035
0.000261095
0.000255916
0.000254433
0.000255399
0.000258019
0.000261781
0.000266373
0.000271682
0.000277754
0.000284852
0.000293322
0.000303783
0.000316712
0.000333189
0.000353605
0.000380292
0.000412207
0.000456084
0.000483993
0.0104983
0.00627728
0.00350459
0.00188996
0.00103082
0.000608871
0.000402962
0.000318562
0.000304729
0.000329947
0.000369168
0.000408181
0.000441537
0.000471681
0.000524596
0.000638438
0.000833208
0.00112107
0.00152638
0.00210213
0.00287493
0.00375271
0.00456126
0.00516387
0.00547177
0.00551335
0.0053372
0.00498648
0.00449098
0.00391934
0.00330579
0.00266271
0.002039
0.00149264
0.001063
0.000756537
0.0005547
0.000428657
0.000352237
0.000306786
0.000280337
0.0002655
0.000257771
0.000254519
0.000254126
0.000255524
0.000257984
0.000261002
0.000264291
0.000267741
0.000271486
0.000275766
0.000281126
0.000287962
0.000297261
0.000309241
0.000325929
0.000346196
0.000375411
0.000394229
0.0104825
0.00639477
0.00375071
0.00212967
0.00119963
0.000712567
0.000466157
0.000358742
0.00033718
0.000364919
0.00041146
0.000457692
0.000496245
0.000528381
0.000582506
0.000703539
0.000916771
0.00124381
0.00172472
0.00242022
0.00332936
0.00431077
0.00516286
0.00574944
0.00599141
0.00594911
0.00568868
0.00526877
0.00473766
0.00416885
0.00355915
0.00291435
0.00227158
0.0016877
0.00121175
0.000861641
0.000625318
0.000474673
0.000381902
0.000326014
0.000293011
0.000274106
0.000263859
0.000259041
0.000257641
0.000258319
0.000260131
0.000262391
0.000264645
0.000266633
0.000268361
0.00026997
0.00027194
0.000274609
0.000278917
0.000284996
0.000294679
0.000306908
0.00032605
0.000339243
0.0104868
0.00650094
0.00396814
0.00236545
0.00138431
0.000835565
0.0005454
0.000411191
0.000378236
0.000407077
0.00046089
0.000515053
0.000559342
0.000593966
0.000649598
0.000778636
0.00101388
0.00138794
0.00195508
0.0027754
0.00381218
0.00487912
0.00575489
0.00630459
0.00646631
0.00632823
0.0059756
0.00548261
0.00492694
0.00435887
0.00376156
0.00312969
0.00248465
0.00187702
0.00136265
0.000971781
0.000701178
0.000525212
0.000415271
0.000348292
0.0003083
0.000285091
0.000272247
0.000265909
0.000263664
0.000263893
0.000265445
0.000267463
0.000269338
0.000270666
0.000271333
0.000271376
0.000271216
0.000271138
0.000272067
0.000274081
0.000278926
0.000285616
0.000297937
0.00030759
0.0105024
0.00659597
0.00415689
0.00258966
0.00157899
0.000976099
0.000640697
0.000476673
0.000428327
0.000456302
0.000517338
0.000580804
0.00063187
0.000669927
0.000727544
0.000865469
0.00112622
0.00155416
0.00221478
0.00315944
0.00431144
0.00544615
0.00632758
0.00682214
0.00689058
0.00664737
0.00619692
0.00563382
0.00505647
0.00448712
0.00390821
0.00330165
0.0026706
0.0020544
0.00151167
0.00108457
0.000780729
0.000579049
0.00045123
0.000372542
0.000325118
0.00029733
0.000281741
0.000273835
0.000270776
0.000270669
0.000272162
0.000274239
0.00027615
0.000277359
0.000277637
0.000276918
0.000275564
0.000273808
0.000272576
0.000271898
0.000273528
0.000276486
0.000284353
0.000291825
0.0105237
0.00668066
0.00431847
0.00279648
0.00177716
0.00113142
0.000751891
0.000555677
0.000488329
0.000512748
0.000580778
0.000655322
0.000714888
0.000757808
0.000818113
0.000965726
0.00125506
0.00174214
0.00249983
0.00356364
0.00481631
0.00600166
0.00687213
0.00729524
0.0072595
0.00690459
0.00635329
0.00573012
0.0051265
0.00455431
0.00399725
0.00342546
0.00282306
0.00221394
0.00165467
0.00119761
0.000862638
0.000635331
0.000489103
0.000398139
0.000342851
0.000310183
0.000291659
0.000282072
0.000278148
0.000277709
0.00027921
0.000281489
0.000283672
0.000285105
0.00028545
0.000284545
0.00028269
0.000280058
0.000277598
0.000275278
0.000274936
0.000275522
0.000280716
0.00028697
0.0105473
0.00675604
0.00445539
0.00298209
0.00197226
0.00129772
0.00087816
0.000648592
0.000559253
0.000576826
0.000651199
0.000738661
0.000809327
0.000859076
0.000922993
0.00108083
0.00140103
0.0019505
0.00280514
0.00397924
0.00531689
0.00653635
0.00738037
0.00771762
0.00756927
0.00709899
0.00645127
0.00577519
0.00514024
0.00456357
0.0040296
0.00349889
0.00293732
0.00235032
0.00178745
0.00130838
0.000945562
0.00069335
0.000528447
0.000424737
0.000361182
0.000323324
0.000301653
0.000290234
0.000285338
0.000284497
0.000285981
0.000288491
0.000291048
0.000292893
0.000293597
0.0002929
0.000291046
0.000288143
0.000285167
0.000282018
0.000280675
0.000279938
0.000283838
0.000289612
0.0105712
0.00682321
0.00457069
0.00314456
0.00215821
0.00147026
0.00101779
0.00075551
0.000642001
0.000649228
0.000728584
0.000830785
0.000915853
0.000974975
0.00104365
0.00121179
0.00156402
0.00217684
0.00312487
0.00439773
0.00580412
0.00704156
0.00784452
0.00808355
0.00781689
0.00723051
0.00650114
0.00577088
0.00510253
0.00451989
0.00400857
0.0035222
0.00301056
0.00245916
0.00190601
0.00141418
0.00102803
0.000752384
0.000568908
0.000452131
0.000379954
0.000336612
0.000311572
0.000298151
0.000292143
0.000290786
0.000292164
0.000294855
0.000297787
0.00030012
0.000301342
0.000301108
0.000299609
0.000296878
0.00029393
0.000290579
0.000289
0.000287762
0.000291468
0.000297356
0.0105941
0.00688314
0.00466756
0.00328362
0.00232993
0.00164367
0.00116806
0.000875902
0.00073712
0.00073102
0.000812939
0.000931321
0.00103474
0.0011064
0.00118091
0.00135912
0.00174321
0.00241798
0.00345288
0.00481112
0.00626962
0.00750917
0.0082571
0.00838783
0.0080001
0.00730701
0.00650583
0.00572076
0.00501904
0.00442952
0.00393931
0.00349791
0.00304199
0.00253735
0.00200672
0.00151229
0.00110839
0.000811615
0.000610115
0.000480158
0.000399088
0.00035
0.000321376
0.000305776
0.000298503
0.00029649
0.000297636
0.000300405
0.000303646
0.000306452
0.000308253
0.000308625
0.000307713
0.000305474
0.00030296
0.000299891
0.000298678
0.000297589
0.000301991
0.000308487
0.0106153
0.00693671
0.00474908
0.00340034
0.00248365
0.00181239
0.00132524
0.00100841
0.000844744
0.000823076
0.000904663
0.00103954
0.00116576
0.00125376
0.00133534
0.00152288
0.00193721
0.0026703
0.0037831
0.00521205
0.00670575
0.00793149
0.00861079
0.00862576
0.00811945
0.00733691
0.00646674
0.00562914
0.00489584
0.00429933
0.0038283
0.00343039
0.00303278
0.00258319
0.00208665
0.00160004
0.00118489
0.000870094
0.00065163
0.000508636
0.00041852
0.000363472
0.000331069
0.000313119
0.000304427
0.000301612
0.000302384
0.000305096
0.000308533
0.00031174
0.0003141
0.000315134
0.000314943
0.000313413
0.000311631
0.000309213
0.000308836
0.00030841
0.000314229
0.000321748
0.0106345
0.00698465
0.00481805
0.00349674
0.00261712
0.00197117
0.00148477
0.00115073
0.000964387
0.000925725
0.00100475
0.00115443
0.00130804
0.00141687
0.00150739
0.0017028
0.00214427
0.00293014
0.00410993
0.00559397
0.00710553
0.00830122
0.00889833
0.00879327
0.00818414
0.00732085
0.0063864
0.00550058
0.00473898
0.0041364
0.00368269
0.00332538
0.00298583
0.0025965
0.0021437
0.00167505
0.00125568
0.00092676
0.000692924
0.00053733
0.000438158
0.000377008
0.000340663
0.000320212
0.000309956
0.000306196
0.000306449
0.000308961
0.000312459
0.000315951
0.000318797
0.000320478
0.000321063
0.000320373
0.000319528
0.000318034
0.000318855
0.000319495
0.00032731
0.000336199
0.0106516
0.00702757
0.0048769
0.00357535
0.00272954
0.00211552
0.00164159
0.00129955
0.00109475
0.00103888
0.00111318
0.00127607
0.00145851
0.00159471
0.00169697
0.00189844
0.00236269
0.00319428
0.00442867
0.00595137
0.00746277
0.0086113
0.00911253
0.00889518
0.00819601
0.00726041
0.00626791
0.00533966
0.00455429
0.00394763
0.00350989
0.00318951
0.00290542
0.0025785
0.00217676
0.00173491
0.00131898
0.000980489
0.000733387
0.000565944
0.000457875
0.000390564
0.000350157
0.000327077
0.000315132
0.000310298
0.0003099
0.000312071
0.000315485
0.000319128
0.000322348
0.000324607
0.000325959
0.000326171
0.00032639
0.000326014
0.000328297
0.000330313
0.000340575
0.000351119
0.0106666
0.007066
0.00492764
0.00363899
0.00282142
0.00224207
0.00179055
0.00145069
0.00123358
0.00116182
0.00122967
0.00140398
0.00161548
0.00178533
0.00190344
0.00210939
0.00259106
0.00346042
0.00473599
0.00627992
0.00777208
0.00885222
0.0092518
0.00893513
0.00815716
0.0071579
0.0061147
0.00515085
0.00434729
0.00373953
0.0033171
0.00302977
0.00279688
0.00253173
0.00218575
0.00177821
0.00137326
0.00103016
0.000772351
0.000594122
0.000477492
0.000404061
0.000359527
0.000333722
0.000319984
0.00031397
0.000312804
0.00031451
0.000317704
0.000321356
0.000324817
0.000327551
0.000329609
0.000330721
0.000332063
0.00033293
0.000336858
0.000340481
0.000353521
0.000365946
0.0106797
0.00710038
0.00497191
0.00369041
0.00289429
0.00234878
0.00192688
0.00159932
0.00137765
0.00129307
0.00135351
0.00153699
0.00177744
0.00198604
0.00212544
0.00233542
0.0028288
0.00372776
0.00503059
0.00657251
0.0080214
0.00902158
0.00932008
0.00891645
0.00807018
0.00701617
0.00593036
0.0049385
0.0041231
0.00351807
0.00311107
0.0028531
0.00266607
0.00245971
0.00217159
0.00180436
0.0014173
0.00107472
0.000809125
0.000621463
0.000496794
0.000417389
0.00036872
0.000340132
0.000324526
0.000317248
0.000315222
0.000316357
0.00031921
0.000322739
0.000326303
0.000329385
0.000332052
0.000334016
0.000336483
0.000338654
0.000344335
0.000349725
0.000365766
0.000380245
0.010691
0.00713109
0.00501098
0.00373218
0.00295039
0.00243498
0.00204663
0.00174037
0.00152283
0.0014302
0.00148339
0.00167365
0.00194179
0.00219246
0.00236089
0.00257651
0.00307654
0.00399183
0.00530257
0.006821
0.00820993
0.00912215
0.00932236
0.00884271
0.00793822
0.00683853
0.00571859
0.00470678
0.00388644
0.00328862
0.00289792
0.00266609
0.00251908
0.00236672
0.00213606
0.00181336
0.00145023
0.00111325
0.000843029
0.000647541
0.000515531
0.00043041
0.000377663
0.000346272
0.00032875
0.00032015
0.000317198
0.00031768
0.000320096
0.000323383
0.000326918
0.000330214
0.000333368
0.000336099
0.000339643
0.000343129
0.000350605
0.000357861
0.000377021
0.000393678
0.0107006
0.00715848
0.00504583
0.00376653
0.00299234
0.00250126
0.00214701
0.00186892
0.00166429
0.00156982
0.00161729
0.00181214
0.00210565
0.00240045
0.00260613
0.00283034
0.00332959
0.00424722
0.00554707
0.00702304
0.00833834
0.00915745
0.00926409
0.00871799
0.00776494
0.00662857
0.00548315
0.00445974
0.00364169
0.00305596
0.00268298
0.00247469
0.00236185
0.00225744
0.00208166
0.00180583
0.00147159
0.00114501
0.00087344
0.000671934
0.00053344
0.000442966
0.000386263
0.00035209
0.000332636
0.000322681
0.000318758
0.000318533
0.000320437
0.000323388
0.000326776
0.000330155
0.000333664
0.000337051
0.000341588
0.000346353
0.000355609
0.000364772
0.000387082
0.000405993
0.0107088
0.00718286
0.0050772
0.00379536
0.00302291
0.00254924
0.00222655
0.00198074
0.00179692
0.00170771
0.00175235
0.00195021
0.00226595
0.00260535
0.00285602
0.00309338
0.00358461
0.00448993
0.00576088
0.00717788
0.0084086
0.0091317
0.00915062
0.00854683
0.0075544
0.00639008
0.00522779
0.00420126
0.00339286
0.00282427
0.00247084
0.00228408
0.00219987
0.00213669
0.00201144
0.001783
0.00148138
0.00116949
0.000899824
0.000694239
0.000550254
0.000454894
0.000394418
0.000357527
0.000336152
0.000324831
0.000319917
0.000318953
0.000320297
0.00032284
0.000325984
0.000329326
0.000333058
0.000336976
0.000342394
0.000348365
0.000359336
0.000370401
0.000395814
0.000417015
0.0107157
0.00720452
0.00510563
0.00382015
0.00304474
0.00258127
0.00228518
0.00207263
0.00191573
0.001839
0.00188491
0.00208502
0.00241938
0.00280211
0.00310448
0.00336148
0.00383883
0.00471725
0.00594247
0.00728629
0.00842392
0.00904986
0.00898752
0.0083343
0.007311
0.00612699
0.00495628
0.00393509
0.00314365
0.00259717
0.0022653
0.0020986
0.00203802
0.00200915
0.00192872
0.00174663
0.00148
0.00118643
0.000921765
0.000714101
0.000565721
0.000466032
0.000402024
0.000362518
0.000339261
0.000326587
0.000320681
0.000318966
0.000319722
0.00032181
0.000324635
0.000327838
0.000331669
0.000335987
0.000342158
0.000349234
0.00036182
0.000374738
0.000403141
0.000426633
0.0107215
0.00722374
0.00513151
0.00384205
0.00306021
0.00260014
0.00232402
0.00214271
0.00201634
0.00195855
0.00201058
0.0022132
0.00256243
0.00298549
0.00334456
0.00362959
0.00408981
0.00492784
0.0060919
0.00735048
0.00838863
0.00891762
0.00878079
0.00808575
0.00703927
0.00584321
0.0046723
0.00366481
0.0028974
0.00237776
0.00206944
0.00192176
0.00188043
0.00187911
0.00183692
0.00169889
0.00146826
0.00119584
0.000938989
0.000731229
0.000579617
0.000476214
0.000408981
0.000367001
0.000341929
0.000327934
0.000321051
0.000318589
0.00031875
0.000320356
0.000322809
0.000325791
0.000329611
0.000334203
0.000340991
0.000349054
0.000363124
0.000377813
0.000409042
0.00043479
0.0107264
0.00724077
0.00515515
0.00386191
0.00307136
0.00260877
0.00234522
0.00219055
0.00209543
0.00206144
0.00212454
0.0023308
0.00269136
0.00315021
0.00356869
0.00389146
0.004335
0.00512141
0.00621072
0.00737398
0.00830807
0.00874131
0.00853673
0.00780675
0.00674377
0.00554262
0.00437945
0.00339382
0.00265713
0.0021686
0.00188563
0.00175622
0.00173046
0.00175039
0.00174023
0.00164227
0.00144728
0.00119797
0.000951369
0.00074541
0.000591754
0.000485301
0.000415199
0.000370923
0.000344126
0.000328858
0.000321028
0.000317836
0.000317409
0.000318523
0.000320571
0.000323271
0.000326987
0.000331739
0.000339007
0.000347927
0.000363331
0.000379684
0.000413538
0.000441482
0.0107304
0.00725584
0.00517678
0.0038803
0.00307981
0.00260995
0.00235159
0.0022171
0.00215107
0.00214344
0.00222188
0.00243353
0.00280231
0.00329115
0.00376897
0.00413955
0.00457121
0.00529831
0.00630163
0.00736146
0.00818848
0.0085278
0.0082619
0.00750282
0.00642885
0.0052289
0.00408121
0.00312534
0.0024255
0.00197179
0.00171566
0.00160392
0.00159065
0.00162619
0.00164198
0.0015792
0.00141839
0.00119329
0.000958928
0.000756516
0.000601994
0.000493186
0.000420605
0.00037424
0.00034583
0.000329355
0.000320617
0.000316723
0.000315724
0.000316348
0.000317976
0.000320352
0.000323891
0.000328699
0.000336322
0.000345965
0.000362544
0.00038043
0.000416684
0.000446739
0.0107338
0.00726917
0.00519659
0.00389762
0.00308684
0.00260623
0.0023463
0.00222449
0.00218285
0.0022015
0.00229811
0.00251697
0.00289135
0.00340354
0.00393756
0.00436501
0.00479398
0.00545882
0.00636797
0.00731831
0.00803665
0.00828415
0.00796275
0.00717917
0.00609855
0.00490555
0.00378094
0.00286234
0.00220483
0.00178895
0.00156076
0.00146616
0.00146283
0.00150908
0.00154482
0.00151204
0.00138307
0.00118247
0.000961833
0.000764511
0.000610249
0.00049979
0.000425147
0.000376926
0.000347034
0.000329427
0.000319831
0.000315268
0.000313719
0.000313866
0.00031507
0.000317094
0.000320401
0.00032518
0.000333042
0.000343278
0.00036087
0.00038015
0.000418562
0.000450625
0.0107366
0.00728096
0.00521472
0.00391408
0.00309332
0.00259975
0.00233255
0.0022157
0.00219186
0.00223402
0.00234968
0.00257703
0.00295476
0.00348317
0.00406721
0.00455811
0.00499714
0.00560239
0.00641306
0.00725019
0.0078595
0.00801725
0.00764537
0.00684043
0.00575642
0.00457581
0.00348181
0.00260756
0.00199704
0.00162128
0.00142169
0.00134367
0.00134822
0.00140098
0.00145109
0.00144302
0.00134288
0.00116629
0.000960376
0.000769442
0.000616488
0.000505069
0.000428794
0.000378967
0.00034774
0.000329089
0.000318689
0.000313493
0.00031142
0.000311107
0.000311892
0.000313552
0.000316587
0.000321269
0.000329267
0.000339975
0.000358419
0.000378946
0.000419271
0.000453226
0.0107388
0.00729141
0.00523132
0.00392983
0.00309987
0.00259222
0.00231335
0.00219423
0.00218055
0.00224111
0.00237434
0.00261035
0.00298925
0.00352656
0.00415174
0.00470882
0.00517254
0.00572683
0.00643938
0.0071623
0.00766349
0.00773314
0.00731503
0.00649039
0.00540545
0.00424271
0.00318687
0.00236344
0.0018037
0.00146959
0.00129883
0.00123676
0.00124746
0.00130328
0.00136273
0.00137414
0.00129933
0.00114566
0.000954957
0.000771441
0.000620729
0.000509015
0.000431537
0.000380367
0.000347962
0.000328364
0.000317219
0.000311429
0.000308859
0.000308104
0.000308478
0.000309771
0.000312508
0.00031704
0.000325089
0.000336157
0.000355304
0.000376931
0.000418925
0.000454643
0.0107407
0.00730067
0.00524651
0.00394492
0.00310682
0.00258489
0.00229132
0.00216372
0.0021523
0.00222447
0.00237153
0.0026148
0.0029924
0.00353128
0.00418648
0.00480766
0.00531036
0.00582767
0.0064477
0.00705859
0.00745395
0.00743958
0.00697584
0.00613175
0.00504807
0.00390909
0.00289899
0.00213215
0.00162601
0.00133436
0.00119226
0.00114542
0.0011608
0.00121682
0.00128123
0.00130713
0.00125391
0.00112152
0.000946059
0.00077071
0.000623047
0.000511654
0.000433393
0.000381146
0.000347728
0.000327284
0.000315457
0.000309112
0.000306068
0.000304888
0.000304865
0.000305791
0.000308216
0.000312559
0.000320588
0.000331919
0.000351628
0.000374212
0.000417641
0.00045499
0.0107422
0.0073089
0.00526041
0.00395938
0.00311435
0.00257866
0.00226861
0.00212765
0.00211109
0.00218719
0.00234242
0.00258981
0.00296297
0.00349616
0.00416868
0.00484671
0.00539969
0.00589789
0.00643638
0.00694096
0.00723426
0.00714003
0.00662997
0.00576607
0.00468625
0.0035777
0.00262087
0.0019155
0.00146483
0.00121577
0.00110181
0.00106939
0.00108816
0.00114208
0.00120767
0.00124344
0.00120796
0.00109482
0.000934224
0.00076751
0.000623556
0.000513041
0.000434395
0.000381337
0.000347074
0.000325889
0.000313444
0.000306581
0.000303087
0.000301498
0.000301086
0.000301652
0.000303757
0.000307884
0.000315837
0.000327347
0.000347494
0.000370899
0.000415542
0.000454386
0.0107435
0.00731622
0.00527314
0.00397319
0.00312248
0.00257404
0.00224687
0.0020891
0.00206108
0.00213335
0.00228985
0.0025366
0.00290131
0.0034216
0.00409784
0.00482051
0.0054298
0.00592812
0.00640084
0.00680857
0.00700518
0.00683442
0.0062776
0.00539382
0.00432169
0.00325129
0.00235505
0.00171502
0.00132069
0.0011138
0.00102718
0.00100826
0.00102926
0.00107917
0.00114275
0.00118421
0.00116268
0.00106648
0.000920024
0.000762149
0.000622414
0.000513261
0.000434601
0.000380986
0.000346046
0.000324225
0.000311226
0.000303882
0.000299959
0.000297971
0.00029718
0.000297389
0.000299173
0.000303065
0.000310901
0.000322518
0.000342993
0.000367094
0.000412746
0.000452949
0.0107444
0.00732277
0.0052848
0.00398637
0.00313115
0.00257128
0.00222725
0.00205062
0.00200623
0.00206759
0.00221799
0.00245812
0.00280948
0.00330972
0.00397588
0.00472689
0.00539152
0.00590745
0.00633355
0.0066574
0.00676441
0.00652045
0.00591707
0.00501474
0.00395614
0.00293269
0.00210387
0.00153187
0.00119387
0.00102824
0.000967962
0.00096156
0.000983674
0.00102799
0.00108687
0.00113032
0.00111908
0.00103738
0.000904042
0.000754966
0.000619807
0.000512423
0.00043408
0.00038015
0.000344696
0.000322345
0.000308855
0.000301065
0.000296727
0.000294349
0.000293184
0.000293042
0.000294505
0.000298151
0.000305837
0.000317504
0.000338212
0.000362893
0.000409369
0.000450799
0.0107452
0.00732863
0.0052955
0.0039989
0.00314026
0.00257045
0.00221046
0.00201417
0.00195003
0.00199464
0.00213186
0.00235887
0.00269132
0.0031645
0.00380725
0.00456744
0.00527887
0.00582498
0.0062246
0.00648034
0.0065064
0.00619355
0.00554546
0.0046284
0.0035917
0.00262491
0.00186946
0.00136692
0.00108441
0.000958776
0.000923733
0.000928796
0.000950918
0.000988276
0.00104019
0.00108236
0.001078
0.00100829
0.000886849
0.000746319
0.000615945
0.000510654
0.000432917
0.000378894
0.000343082
0.000320301
0.000306381
0.000298177
0.00029344
0.000290676
0.000289138
0.000288647
0.00028979
0.000293184
0.000300697
0.000312367
0.000333228
0.000358388
0.000405521
0.00044805
0.0107459
0.00733392
0.00530533
0.00401079
0.00314969
0.00257143
0.00219685
0.00198112
0.00189534
0.00191887
0.00203685
0.00224437
0.00255217
0.00299167
0.0035987
0.00434769
0.00509033
0.00567171
0.00606307
0.00626786
0.00622279
0.00584747
0.00515931
0.00423488
0.0032312
0.00233109
0.00165366
0.0012207
0.00099215
0.000905039
0.000894076
0.000909526
0.000930522
0.000959677
0.00100266
0.00104072
0.00104013
0.000979914
0.00086899
0.00073657
0.000611053
0.000508095
0.00043121
0.000377292
0.000341265
0.00031815
0.000303859
0.000295272
0.000290146
0.000286995
0.000285083
0.000284242
0.000285067
0.000288206
0.000295529
0.000307166
0.000328112
0.000353661
0.000401305
0.000444812
0.0107464
0.00733869
0.00531438
0.00402205
0.00315929
0.00257405
0.00218648
0.00195229
0.00184431
0.00184406
0.00193816
0.00212069
0.00239847
0.00279836
0.00335902
0.00407688
0.00482975
0.00544264
0.00583903
0.00600951
0.00590345
0.00547568
0.00475592
0.00383556
0.00287832
0.00205445
0.001458
0.00109346
0.000916793
0.000866631
0.000878641
0.000903402
0.000922079
0.00094182
0.000974139
0.00100562
0.00100596
0.000952839
0.000850969
0.000726077
0.000605365
0.000504898
0.000429059
0.00037542
0.000339308
0.000315949
0.000301342
0.000292398
0.000286892
0.000283353
0.00028106
0.000279868
0.000280374
0.000283255
0.000290379
0.000301954
0.00032293
0.000348788
0.000396815
0.000441188
0.0107468
0.00734304
0.00532274
0.00403269
0.00316896
0.00257806
0.00217923
0.00192807
0.00179837
0.00177318
0.00184041
0.00199377
0.00223714
0.00259261
0.00309841
0.00376726
0.00450646
0.0051385
0.00554596
0.00569606
0.00554097
0.00507334
0.0043346
0.00343375
0.00253765
0.00179812
0.00128361
0.000985147
0.000857928
0.000843183
0.000877187
0.000910217
0.000925299
0.000934376
0.000954394
0.000977145
0.000975875
0.000927567
0.000833244
0.000715184
0.000599113
0.000501219
0.000426572
0.000373359
0.000337276
0.000313755
0.000298882
0.000289607
0.000283726
0.000279795
0.000277115
0.000275564
0.00027575
0.000278373
0.00028529
0.000296779
0.000317742
0.000343841
0.000392141
0.000437273
0.0107471
0.00734701
0.00533049
0.00404275
0.00317858
0.00258321
0.00217481
0.00190849
0.00175837
0.00170836
0.00174736
0.001869
0.00207493
0.00238272
0.00282772
0.0034331
0.00413471
0.0047668
0.00518307
0.00532211
0.00513355
0.00463894
0.00389791
0.00303502
0.00221444
0.0015649
0.00113116
0.000895455
0.000815075
0.00083439
0.000889622
0.000929959
0.000940067
0.000937109
0.000943199
0.000955286
0.000950136
0.000904504
0.000816221
0.000704213
0.000592528
0.000497216
0.00042386
0.000371189
0.000335236
0.000311624
0.000296531
0.000286947
0.000280697
0.000276366
0.000273288
0.000271372
0.000271236
0.000273598
0.000280302
0.000291689
0.000312601
0.000338883
0.000387363
0.000433155
0.0107473
0.00735067
0.00533769
0.00405226
0.00318808
0.00258926
0.00217289
0.00189335
0.00172459
0.0016509
0.00166177
0.00175077
0.00191789
0.00217652
0.0025576
0.00308941
0.00373228
0.00434171
0.00475692
0.00488851
0.00468028
0.00417547
0.00345234
0.00264699
0.00191415
0.00135703
0.00100082
0.000823844
0.000787728
0.000840056
0.000916056
0.000962863
0.000966507
0.00094987
0.000940373
0.000940007
0.000928923
0.00088398
0.000800252
0.00069346
0.000585829
0.000493045
0.000421036
0.000368994
0.000333252
0.000309613
0.00029434
0.000284467
0.00027785
0.000273112
0.000269626
0.000267335
0.00026687
0.000268969
0.000275457
0.000286728
0.00030756
0.000333974
0.000382554
0.000428915
0.0107475
0.00735406
0.00534441
0.00406125
0.00319739
0.00259598
0.00217309
0.00188225
0.00169695
0.00160143
0.0015854
0.00164234
0.00177088
0.00198072
0.00229759
0.00275053
0.00331856
0.0038828
0.00428185
0.00440402
0.00418829
0.00369196
0.00300835
0.00227862
0.00164177
0.00117596
0.000892272
0.000769578
0.0007754
0.000860138
0.000956846
0.00100948
0.00100504
0.000972743
0.000945857
0.000931279
0.000912359
0.000866254
0.00078564
0.000683195
0.000579224
0.000488855
0.00041821
0.000366855
0.000331389
0.000307775
0.000292358
0.000282213
0.000275232
0.000270079
0.000266173
0.000263496
0.000262697
0.000264529
0.000270796
0.000281937
0.000302666
0.000329169
0.000377782
0.000424628
0.0107476
0.00735722
0.00535071
0.00406976
0.00320646
0.00260317
0.00217505
0.00187472
0.00167506
0.00155998
0.00151913
0.00154576
0.00163741
0.00180052
0.00205546
0.00242889
0.00291244
0.00341267
0.00377873
0.0038854
0.00367275
0.00320334
0.00257932
0.00193902
0.00140125
0.00102217
0.000804697
0.000731793
0.000777683
0.000894801
0.00101265
0.00107071
0.00105646
0.00100615
0.000959764
0.000929119
0.000900544
0.000851536
0.000772643
0.00067366
0.000572905
0.000484792
0.000415488
0.000364853
0.000329711
0.000306166
0.000290635
0.000280234
0.000272889
0.000267313
0.000262974
0.0002599
0.000258757
0.000260317
0.000266359
0.00027736
0.000297965
0.000324518
0.000373109
0.000420358
0.0107477
0.00736019
0.00535665
0.00407783
0.00321526
0.00261067
0.00217841
0.00187026
0.00165838
0.00152619
0.00146308
0.001462
0.00151953
0.00163937
0.00183675
0.00213411
0.0025302
0.00295397
0.00327226
0.00335565
0.00315524
0.00272853
0.00217948
0.00163599
0.00119488
0.000895159
0.000736868
0.000709564
0.000794302
0.000944468
0.00108448
0.00114788
0.00112197
0.00105088
0.000982424
0.000933637
0.000893577
0.00084
0.000761484
0.000665068
0.000567051
0.000480992
0.000412973
0.000363067
0.000328282
0.00030484
0.000289222
0.000278576
0.000270868
0.00026486
0.000260075
0.000256591
0.000255096
0.000256376
0.000262188
0.000273038
0.000293502
0.000320069
0.00036859
0.000416168
0.0107478
0.007363
0.00536227
0.0040855
0.00322378
0.00261835
0.00218287
0.00186835
0.00164626
0.00149941
0.00141685
0.00139114
0.00141806
0.00149903
0.00164467
0.00187246
0.00218409
0.00252644
0.00278721
0.00284167
0.00266048
0.00228708
0.00182132
0.00137476
0.0010231
0.000793481
0.000687259
0.000701997
0.000825186
0.00100987
0.00117373
0.00124277
0.00120324
0.00110808
0.00101443
0.000945064
0.000891591
0.000831805
0.000752355
0.000657612
0.000561826
0.000477584
0.000410766
0.000361574
0.000327165
0.000303854
0.000288168
0.000277289
0.000269217
0.000262768
0.000257525
0.000253618
0.000251759
0.000252751
0.000258324
0.000269011
0.000289317
0.000315867
0.000364278
0.000412108
0.0107479
0.00736568
0.00536762
0.00409281
0.00323201
0.00262609
0.00218815
0.00186854
0.00163803
0.00147887
0.00137966
0.00133259
0.00133276
0.00137975
0.0014803
0.00164693
0.00188163
0.00214461
0.00234459
0.00237318
0.00221119
0.00189526
0.00151337
0.00115736
0.000884522
0.000714965
0.000654198
0.000708324
0.000870526
0.00109209
0.0012822
0.00135756
0.0013024
0.00117933
0.00105664
0.000963788
0.000894774
0.00082711
0.000745431
0.000651466
0.000557381
0.00047469
0.000408963
0.000360453
0.000326425
0.000303263
0.000287528
0.000276424
0.000267987
0.000261088
0.000255374
0.00025103
0.000248795
0.000249487
0.000254811
0.000265322
0.000285454
0.000311955
0.00036022
0.000408228
0.0107479
0.00736826
0.00537274
0.0040998
0.00323997
0.00263382
0.00219404
0.00187039
0.00163306
0.00146371
0.00135051
0.00128532
0.00126265
0.00128065
0.00134295
0.00145765
0.00162566
0.00181676
0.00195879
0.00196489
0.0018225
0.00156295
0.00125903
0.000982577
0.00077627
0.000656986
0.000636028
0.000727994
0.000930837
0.00119258
0.00141205
0.0014948
0.00142192
0.00126654
0.00111021
0.000990362
0.000903387
0.000826091
0.000740878
0.000646789
0.000553857
0.000472427
0.000407656
0.000359779
0.000326129
0.000303128
0.000287358
0.000276036
0.000267231
0.000259873
0.000253674
0.000248878
0.000246252
0.00024663
0.000251692
0.00026201
0.000281951
0.000308372
0.000356457
0.000404578
0.010748
0.00737075
0.00537768
0.00410652
0.00324765
0.00264148
0.00220035
0.00187355
0.00163073
0.00145307
0.00132833
0.00124803
0.00120625
0.00120007
0.00123067
0.00130259
0.00141521
0.0015451
0.00163647
0.00162442
0.00150122
0.00129297
0.00105678
0.000846665
0.00069453
0.000616766
0.000631263
0.000760758
0.001007
0.0013132
0.00156574
0.0016572
0.00156449
0.00137189
0.00117652
0.0010255
0.000917775
0.000828954
0.000738865
0.000643736
0.00055139
0.000470906
0.000406938
0.00035963
0.000326343
0.000303512
0.000287718
0.000276183
0.000267007
0.00025918
0.000252482
0.000247216
0.000244182
0.000244228
0.000249012
0.000259118
0.000278849
0.000305156
0.000353029
0.000401197
0.010748
0.00737319
0.00538245
0.004113
0.00325509
0.00264904
0.00220693
0.0018777
0.00163053
0.00144618
0.00131204
0.00121935
0.00116186
0.00113586
0.00114076
0.00117833
0.00124659
0.00132701
0.00137721
0.00135183
0.00124643
0.00108201
0.000901456
0.000744284
0.000635107
0.000591654
0.000638717
0.000806734
0.0011003
0.0014561
0.00174583
0.00184738
0.00173271
0.00149759
0.00125708
0.00107006
0.000938368
0.000835937
0.000739566
0.000642456
0.000550107
0.000470237
0.0004069
0.000360085
0.00032714
0.000304482
0.000288673
0.00027693
0.000267379
0.000259071
0.000251857
0.000246103
0.000242639
0.000242331
0.000246816
0.000256687
0.000276185
0.000302344
0.000349971
0.000398116
0.010748
0.00737559
0.00538711
0.00411927
0.0032623
0.00265647
0.00221368
0.00188258
0.00163201
0.00144233
0.00130063
0.00119792
0.00112771
0.00108574
0.00107015
0.00108076
0.00111454
0.0011567
0.00117547
0.00114126
0.0010516
0.00092273
0.000785833
0.000669521
0.000593922
0.000579342
0.000657601
0.000866449
0.00121242
0.00162369
0.00195474
0.00206744
0.00192865
0.00164563
0.00135338
0.00112494
0.000965656
0.000847319
0.000743172
0.000643103
0.00055014
0.000470528
0.000407637
0.000361228
0.000328598
0.000306114
0.000290298
0.000278347
0.000268415
0.000259613
0.000251864
0.000245598
0.00024168
0.00024099
0.00024515
0.000254759
0.000273997
0.000299969
0.000347314
0.000395362
0.0107481
0.00737797
0.00539168
0.00412538
0.00326931
0.00266376
0.00222052
0.001888
0.00163477
0.00144088
0.00129317
0.00118247
0.0011021
0.00104744
0.00101577
0.00100558
0.00101324
0.00102688
0.00102286
0.000983548
0.000907186
0.000805979
0.000702164
0.000616673
0.000567361
0.000578006
0.000687576
0.000940872
0.0013454
0.00181845
0.00219439
0.00231851
0.00215339
0.00181732
0.00146669
0.00119103
0.00100016
0.000863405
0.000749886
0.000645833
0.000551619
0.000471892
0.000409244
0.000363146
0.0003308
0.000308489
0.000292671
0.000280514
0.000270193
0.00026088
0.000252573
0.000245767
0.000241362
0.000240259
0.000244062
0.000253373
0.00027232
0.000298061
0.000345086
0.000392954
0.0107481
0.00738034
0.00539618
0.00413135
0.00327615
0.00267091
0.00222737
0.0018938
0.00163851
0.00144133
0.00128889
0.00117186
0.00108347
0.00101885
0.00097472
0.000948728
0.000937004
0.000930012
0.00091009
0.00086852
0.000802947
0.000722579
0.000643209
0.000580739
0.000552464
0.000586373
0.000728785
0.00103141
0.0015016
0.00204263
0.00246576
0.00260022
0.00240652
0.00201298
0.00159775
0.00126906
0.0010424
0.000884518
0.000759927
0.000650814
0.000554679
0.000474443
0.000411824
0.000365934
0.000333838
0.000311698
0.000295883
0.000283519
0.000272795
0.00026295
0.000254057
0.000246677
0.000241748
0.00024019
0.000243597
0.000252571
0.000271189
0.00029665
0.000343307
0.000390907
0.0107481
0.00738273
0.00540065
0.00413723
0.00328284
0.00267793
0.00223422
0.00189985
0.00164298
0.00144324
0.0012871
0.00116511
0.00107045
0.000998084
0.000944407
0.000906564
0.000880682
0.000859119
0.000829343
0.00078663
0.000729412
0.000664367
0.000602805
0.000557649
0.000546998
0.000603738
0.000781859
0.00113991
0.00168352
0.002298
0.0027684
0.00291026
0.00268564
0.0022315
0.00174662
0.00135948
0.0010928
0.000910972
0.000773521
0.000658218
0.000559464
0.000478304
0.000415485
0.000369695
0.000337813
0.000315843
0.000300034
0.000287458
0.000276317
0.000265912
0.000256397
0.0002484
0.0002429
0.000240839
0.000243801
0.000252391
0.000270635
0.000295759
0.000341992
0.000389227
0.0107481
0.00738515
0.00540512
0.00414304
0.00328942
0.00268484
0.00224103
0.00190606
0.00164798
0.00144626
0.00128724
0.0011614
0.00106187
0.000983539
0.000922606
0.000875959
0.000839869
0.000808212
0.000772363
0.000729415
0.000678572
0.000624651
0.000576044
0.000544294
0.000549437
0.000629948
0.000847911
0.00126859
0.00189367
0.00258534
0.00310003
0.00324411
0.00298625
0.00247016
0.00191241
0.00146235
0.00115166
0.000943052
0.000790891
0.000668224
0.000566121
0.000483604
0.000420347
0.000374543
0.000342839
0.000321036
0.000305237
0.00029244
0.000280858
0.000269859
0.000259677
0.00025101
0.000244882
0.000242258
0.000244721
0.000252868
0.000270686
0.00029541
0.000341149
0.000387912
0.0107482
0.00738761
0.0054096
0.00414881
0.00329593
0.00269166
0.00224779
0.00191238
0.00165336
0.0014501
0.00128886
0.00116005
0.00105676
0.000973862
0.000907455
0.000854317
0.000810939
0.000772387
0.000732796
0.000690159
0.000644137
0.000598261
0.000559222
0.000538448
0.000558906
0.000665376
0.000928522
0.00142
0.00213423
0.00290408
0.00345622
0.00359509
0.00330187
0.00272463
0.00209323
0.00157724
0.00121909
0.000980983
0.000812252
0.000681014
0.000574806
0.000490479
0.000426535
0.000380603
0.000349043
0.000327405
0.000311615
0.000298583
0.000286531
0.000274893
0.000263986
0.000254585
0.000247758
0.000244503
0.000246397
0.000254037
0.000271367
0.000295616
0.00034078
0.000386952
0.0107482
0.00739012
0.00541412
0.00415459
0.00330238
0.0026984
0.00225451
0.00191876
0.00165901
0.00145457
0.0012916
0.00116049
0.00105432
0.000967947
0.000897431
0.000839534
0.000790988
0.000747774
0.000705889
0.000663802
0.00062139
0.000581368
0.000549669
0.000538649
0.000575118
0.0007109
0.00102572
0.00159686
0.0024067
0.00325179
0.00383035
0.00395469
0.00362449
0.00298928
0.00228623
0.00170317
0.00129497
0.00102491
0.000837795
0.00069677
0.000585681
0.000499078
0.00043419
0.000388013
0.000356564
0.000335092
0.000319308
0.00030602
0.000293455
0.00028112
0.000269418
0.000259202
0.000251594
0.000247622
0.000248871
0.000255927
0.000272697
0.000296385
0.000340878
0.000386328
0.0107483
0.00739272
0.00541872
0.00416039
0.00330882
0.00270511
0.0022612
0.00192517
0.00166485
0.00145948
0.00129518
0.00116231
0.00105393
0.000964909
0.000891318
0.000829941
0.000777744
0.000731395
0.000688113
0.000646622
0.000606898
0.000571231
0.000545561
0.000544077
0.000598312
0.000767882
0.00114196
0.00180189
0.00271152
0.00362393
0.00421382
0.00431334
0.00394542
0.00325768
0.00248782
0.00183868
0.00137892
0.00107487
0.000867678
0.000715664
0.000598911
0.000509555
0.000443465
0.000396929
0.000365561
0.000344255
0.000328468
0.000314892
0.00030176
0.000288652
0.000276067
0.000264938
0.000256448
0.000251662
0.000252175
0.000258559
0.000274687
0.000297717
0.000341426
0.00038601
0.0107484
0.0073954
0.0054234
0.00416624
0.00331527
0.00271179
0.00226788
0.00193162
0.00167083
0.00146473
0.00129939
0.00116514
0.00105507
0.000964048
0.000888156
0.000824237
0.00076946
0.000721006
0.000676873
0.000635926
0.000598212
0.000565944
0.000545739
0.000554462
0.000629225
0.000838163
0.00128004
0.00203754
0.00304754
0.00401366
0.00459661
0.00466126
0.00425619
0.00352325
0.00269393
0.00198189
0.00147033
0.00113079
0.000902018
0.000737864
0.000614667
0.000522078
0.000454525
0.00040752
0.00037621
0.000355068
0.000339261
0.000325352
0.00031158
0.000297605
0.000284026
0.000271867
0.000262377
0.000256665
0.000256337
0.000261951
0.000277341
0.0002996
0.000342397
0.000385955
0.0107485
0.0073982
0.00542821
0.00417219
0.00332177
0.00271849
0.00227455
0.00193809
0.00167692
0.00147023
0.00130406
0.00116875
0.00105737
0.000964821
0.000887203
0.00082142
0.000764813
0.000714949
0.000670286
0.000629787
0.000593617
0.000564246
0.000549591
0.000570017
0.000669073
0.00092406
0.001443
0.00230562
0.00341162
0.004412
0.00496804
0.00498947
0.00454943
0.00377997
0.00290046
0.00213065
0.00156837
0.00119251
0.000940886
0.000763521
0.000633122
0.000536826
0.000467553
0.000419979
0.000388707
0.000367724
0.000351868
0.000337561
0.000323053
0.000308093
0.000293386
0.000280056
0.00026943
0.000262661
0.000261375
0.000266107
0.000280654
0.000302015
0.00034375
0.000386111
0.0107486
0.00740111
0.00543315
0.00417825
0.00332835
0.00272524
0.00228126
0.0019446
0.0016831
0.00147591
0.00130908
0.00117293
0.00106054
0.000966811
0.000887888
0.000820728
0.00076281
0.000712019
0.000666982
0.000626841
0.000591946
0.000565368
0.000556958
0.000591416
0.000719561
0.00102834
0.00163394
0.00260683
0.0037983
0.00480823
0.00531777
0.0052906
0.00481955
0.00402293
0.00310355
0.00228272
0.00167207
0.00125972
0.000984306
0.000792772
0.00065445
0.000553986
0.000482752
0.000434517
0.000403269
0.000382432
0.00036648
0.000351686
0.000336318
0.000320225
0.000304228
0.000289562
0.000277641
0.00026967
0.000267295
0.000271023
0.000284603
0.000304925
0.000345432
0.00038641
0.0107487
0.00740416
0.00543826
0.00418446
0.00333504
0.00273207
0.00228802
0.00195117
0.00168935
0.00148175
0.00131437
0.00117754
0.00106434
0.0009697
0.000889779
0.000821586
0.000762712
0.00071127
0.000665971
0.000626138
0.000592445
0.000568945
0.000568093
0.000619791
0.000782905
0.0011542
0.00185579
0.00294029
0.00419962
0.00519061
0.00563665
0.0055595
0.0050631
0.00424863
0.00329996
0.00243588
0.00178033
0.00133207
0.00103226
0.000825741
0.000678829
0.000573761
0.00050034
0.00045137
0.000420133
0.000399419
0.000383298
0.000367895
0.000351509
0.0003341
0.000316621
0.000300427
0.000287031
0.000277696
0.000274089
0.000276678
0.000289151
0.000308284
0.000347374
0.000386771
0.0107488
0.00740738
0.00544357
0.00419084
0.00334187
0.002739
0.00229486
0.0019578
0.0016957
0.00148771
0.00131986
0.00118247
0.00106862
0.000973251
0.000892549
0.000823564
0.000763974
0.000712045
0.000666558
0.000627045
0.000594687
0.000574963
0.00058366
0.000656764
0.000861848
0.00130513
0.00211086
0.00330303
0.00460527
0.00554722
0.00591752
0.00579344
0.00527878
0.00445514
0.0034872
0.00258814
0.00189205
0.00140912
0.00108468
0.000862534
0.000706439
0.000596369
0.000520561
0.000470799
0.000439561
0.000418924
0.000402526
0.000386352
0.000368747
0.0003498
0.000330611
0.000312671
0.000297601
0.000286724
0.000281729
0.000283034
0.000294247
0.000312025
0.000349493
0.000387102
0.010749
0.00741076
0.00544909
0.00419743
0.00334888
0.00274607
0.00230181
0.00196453
0.00170213
0.00149379
0.00132552
0.00118764
0.00107325
0.00097728
0.000895948
0.000826334
0.00076619
0.000713876
0.000668266
0.000629173
0.000598528
0.000583748
0.000604756
0.000704496
0.000959673
0.00148479
0.00240043
0.00368955
0.00500302
0.00586698
0.00615562
0.00599203
0.00546716
0.00464195
0.0036636
0.00273777
0.00200613
0.00149041
0.00114149
0.000903249
0.000737467
0.000622045
0.000543685
0.000493089
0.00046183
0.000441193
0.000424364
0.000407205
0.000388131
0.000367382
0.00034622
0.000326288
0.000309325
0.000296716
0.000290167
0.000290037
0.000299819
0.000316066
0.000351687
0.000387296
0.0107492
0.00741434
0.00545485
0.00420425
0.00335608
0.00275329
0.00230888
0.00197136
0.00170865
0.00149996
0.0013313
0.00119299
0.00107812
0.000981642
0.000899781
0.000829649
0.000769063
0.000716433
0.000670789
0.000632343
0.000604092
0.000595994
0.000632971
0.000765738
0.00108017
0.00169665
0.00272414
0.00409162
0.00537938
0.00614048
0.00634875
0.00615679
0.00563023
0.00480967
0.00382828
0.0028834
0.00212158
0.00157545
0.00120255
0.000947973
0.000772105
0.000651044
0.000570006
0.000518555
0.000487237
0.000466473
0.000448998
0.000430577
0.000409729
0.000386865
0.000363431
0.000341236
0.000322146
0.000307606
0.00029933
0.000297592
0.000305775
0.000320308
0.000353843
0.000387233
0.0107494
0.00741814
0.00546088
0.00421132
0.00336349
0.0027607
0.00231609
0.00197829
0.00171526
0.00150622
0.00133718
0.00119845
0.00108315
0.000986215
0.000903891
0.00083331
0.000772361
0.000719486
0.000673964
0.000636583
0.000611802
0.00061282
0.000670466
0.000843887
0.00122751
0.00194363
0.00307938
0.00449823
0.00572061
0.00636072
0.0064971
0.00629057
0.00577072
0.00495962
0.00398093
0.00302397
0.00223746
0.00166375
0.00126775
0.000996788
0.000810558
0.000683645
0.000599851
0.000547531
0.000516081
0.000494999
0.000476583
0.000456552
0.000433562
0.000408221
0.000382182
0.000357433
0.000335971
0.000319294
0.000309117
0.000305591
0.000311998
0.000324629
0.000355829
0.000386788
0.0107496
0.00742216
0.00546719
0.00421866
0.00337114
0.00276827
0.00232344
0.00198532
0.00172194
0.00151252
0.00134309
0.00120397
0.00108824
0.000990887
0.000908138
0.000837158
0.000775897
0.000722902
0.000677782
0.000642154
0.000622438
0.00063586
0.000720064
0.000942998
0.00140606
0.00222747
0.00346078
0.00489602
0.00601376
0.00652343
0.00660274
0.00639687
0.00589154
0.00509339
0.00412167
0.00315874
0.00235298
0.00175484
0.00133693
0.00104978
0.000853044
0.000720154
0.000633574
0.000580372
0.000548657
0.000526974
0.000507231
0.000485155
0.000459587
0.000431362
0.000402355
0.000374746
0.000350664
0.000331645
0.000319397
0.0003139
0.000318351
0.000328891
0.000357501
0.000385824
0.0107499
0.00742642
0.00547379
0.00422626
0.00337899
0.00277601
0.00233088
0.0019924
0.00172863
0.00151881
0.00134898
0.00120944
0.00109331
0.000995543
0.000912397
0.000841068
0.00077958
0.000726667
0.000682421
0.000649618
0.000637229
0.000667376
0.000785338
0.00106773
0.00161997
0.00254803
0.00385984
0.00526996
0.00624767
0.00662716
0.00666901
0.00647915
0.0059952
0.00521241
0.00425076
0.00328716
0.00246744
0.00184827
0.00140996
0.00110702
0.000899796
0.000760903
0.000671552
0.000617432
0.000585235
0.000562552
0.000540981
0.000516337
0.000487689
0.000456127
0.000423769
0.000392989
0.000366041
0.000344486
0.000329989
0.000322352
0.000324671
0.000332938
0.000358707
0.000384205
0.0107502
0.00743093
0.00548067
0.00423411
0.00338702
0.00278384
0.00233836
0.00199945
0.00173524
0.00152499
0.00135473
0.00121477
0.00109823
0.00100006
0.000916557
0.000844958
0.000783402
0.000730925
0.000688321
0.000659937
0.000657987
0.000710381
0.000870659
0.00122316
0.00187258
0.00290255
0.0042649
0.00560437
0.00641383
0.00667298
0.00669983
0.0065403
0.00608336
0.00531766
0.00436844
0.0034088
0.00258022
0.00194361
0.00148668
0.0011686
0.000951067
0.00080625
0.00071418
0.000659055
0.000626032
0.000601805
0.000577779
0.000549948
0.000517655
0.00048227
0.000446167
0.000411911
0.000381869
0.000357597
0.000340675
0.000330754
0.000330774
0.000336599
0.000359285
0.000381799
0.0107505
0.00743567
0.00548781
0.00424214
0.00339514
0.00279167
0.00234574
0.00200635
0.00174164
0.00153091
0.0013602
0.00121981
0.00110286
0.00100434
0.000920543
0.00084883
0.000787497
0.000736059
0.00069629
0.000674614
0.00068725
0.000768759
0.000981177
0.00141445
0.00216567
0.003285
0.00466143
0.00588411
0.00650695
0.006664
0.00669908
0.00658213
0.00615657
0.00540942
0.00447477
0.00352332
0.00269078
0.00204045
0.00156696
0.00123462
0.00100713
0.000856573
0.000761848
0.000705535
0.000671175
0.00064469
0.000617451
0.000585719
0.000549162
0.000509449
0.000469213
0.0004312
0.000397859
0.00037072
0.000351222
0.000338885
0.000336457
0.000339691
0.00035908
0.000378482
0.0107509
0.00744063
0.00549512
0.00425023
0.00340317
0.00279929
0.00235282
0.00201286
0.00174761
0.00153637
0.00136519
0.0012244
0.00110709
0.00100829
0.000924358
0.000852818
0.000792239
0.000742817
0.000707662
0.00069586
0.000728442
0.000847335
0.00112265
0.0016462
0.0024985
0.0036856
0.00503287
0.00609583
0.00652517
0.00660473
0.00667
0.00660523
0.00621425
0.00548723
0.00456952
0.00363035
0.00279865
0.00213842
0.00165064
0.00130517
0.00106827
0.000912257
0.000814914
0.00075708
0.00072066
0.000691016
0.000659666
0.000623242
0.000581767
0.00053722
0.000492488
0.000450472
0.000413672
0.000383548
0.000361355
0.000346499
0.000341501
0.000342028
0.000357942
0.000374154
0.0107512
0.00744571
0.00550245
0.00425816
0.00341086
0.0028064
0.00235927
0.00201867
0.00175285
0.00154111
0.0013695
0.00122837
0.00111083
0.00101194
0.000928181
0.000857325
0.000798392
0.000752485
0.000724482
0.000726779
0.000785998
0.000951842
0.00130106
0.00192157
0.00286686
0.00409085
0.00536172
0.00622905
0.00646992
0.00650036
0.00661488
0.00660888
0.00625473
0.00554998
0.00465219
0.00372948
0.00290335
0.00223715
0.0017376
0.00138037
0.00113478
0.000973666
0.000873658
0.000813751
0.0007743
0.000740397
0.00070392
0.00066195
0.000614891
0.00056503
0.000515488
0.000469281
0.000428914
0.000395707
0.000370769
0.000353332
0.000345677
0.000343424
0.000355742
0.000368744
0.0107515
0.00745078
0.00550956
0.00426557
0.00341778
0.00281256
0.00236467
0.00202338
0.001757
0.00154483
0.00137293
0.00123164
0.00111413
0.00101553
0.000932505
0.000863216
0.00080731
0.000767098
0.000749715
0.000771531
0.000865417
0.0010887
0.00152191
0.00224118
0.0032623
0.00448401
0.00563099
0.00627705
0.00634551
0.00635616
0.00653484
0.00659128
0.00627563
0.0055961
0.00472205
0.00382029
0.00300447
0.00233632
0.00182771
0.00146033
0.00120696
0.0010411
0.000938218
0.000875401
0.000831668
0.000792223
0.000749503
0.000701108
0.00064782
0.00059222
0.000537627
0.000487118
0.000443145
0.000406826
0.00037914
0.000359109
0.000348761
0.000343712
0.000352385
0.000362227
0.0107516
0.0074556
0.00551602
0.00427193
0.00342331
0.00281715
0.00236841
0.00202649
0.00175967
0.00154728
0.00137538
0.00123433
0.00111735
0.0010197
0.000938366
0.000872024
0.000821168
0.000789668
0.00078743
0.000835429
0.000973154
0.00126454
0.00178917
0.00260182
0.00367177
0.00484614
0.00582565
0.0062373
0.00615847
0.00617697
0.0064299
0.00654982
0.00627416
0.00562378
0.00477825
0.00390231
0.0031016
0.00243559
0.00192086
0.00154517
0.00128503
0.00111475
0.00100851
0.000941592
0.000892048
0.000845621
0.000795494
0.000739805
0.000679704
0.000618031
0.000558249
0.000503421
0.000455888
0.000416509
0.000386133
0.000363556
0.000350543
0.000342755
0.00034783
0.000354641
0.0107514
0.00745975
0.00552118
0.00427641
0.0034266
0.00281933
0.0023698
0.00202745
0.00176056
0.00154841
0.00137707
0.00123694
0.00112132
0.0010257
0.000947591
0.000886209
0.000843204
0.000824378
0.000842915
0.000924878
0.00111624
0.00148526
0.0021039
0.00299539
0.0040779
0.00515765
0.00593402
0.00611161
0.00591686
0.00596693
0.00629916
0.00648155
0.00624753
0.00563127
0.00481996
0.0039751
0.00319437
0.0025347
0.00201694
0.00163495
0.00136914
0.00119455
0.00108412
0.00101152
0.000954385
0.000899441
0.000840746
0.000776963
0.000709572
0.000641618
0.000576635
0.000517592
0.000466634
0.000424347
0.000391419
0.000366418
0.000350849
0.000340467
0.000342108
0.000346108
0.0107506
0.00746257
0.00552405
0.00427788
0.00342652
0.00281814
0.00236813
0.00202588
0.00175961
0.00154854
0.00137873
0.00124063
0.00112771
0.00103577
0.000963034
0.000909401
0.000877907
0.000876679
0.000922613
0.00104705
0.00130153
0.00175472
0.0024627
0.00340827
0.00446006
0.00540003
0.00594876
0.00590576
0.00562955
0.00572933
0.00614118
0.00638359
0.00619338
0.00561713
0.00484647
0.00403829
0.00328249
0.00263337
0.00211582
0.00172969
0.00145921
0.00128012
0.00116419
0.00108394
0.00101725
0.00095225
0.000883902
0.00081135
0.000736345
0.00066207
0.000592034
0.000529011
0.000474867
0.000429945
0.000394696
0.000367486
0.000349571
0.000336847
0.000335355
0.000336861
0.0107487
0.00746304
0.0055232
0.00427481
0.00342169
0.00281257
0.00236284
0.00202174
0.00175731
0.0015487
0.00138193
0.00124755
0.00113925
0.00105338
0.00098891
0.000946569
0.000931063
0.000953178
0.00103378
0.00120917
0.0015344
0.00207304
0.00285639
0.00382153
0.00479604
0.00555767
0.00586761
0.00562893
0.00530559
0.00546672
0.00595436
0.00625356
0.00610998
0.0055804
0.00485732
0.00409161
0.00336568
0.00273137
0.00221735
0.00182922
0.00155486
0.00137058
0.00124733
0.00115711
0.00107886
0.00100234
0.000923416
0.00084161
0.000758876
0.000678443
0.000603685
0.000537073
0.000480135
0.000432955
0.000395724
0.00036663
0.000346701
0.000332014
0.00032785
0.000327278
0.0107452
0.00745966
0.00551672
0.00426531
0.00341065
0.00280179
0.00235385
0.00201571
0.00175511
0.00155102
0.00138947
0.00126116
0.0011601
0.00108353
0.0010308
0.00100395
0.00100953
0.00106119
0.00118369
0.00141723
0.00181702
0.00243478
0.0032693
0.0042121
0.00506422
0.00561937
0.00569345
0.00529291
0.0049538
0.0051812
0.00573745
0.00608983
0.00599637
0.0055207
0.00485231
0.0041349
0.00344373
0.00282843
0.00232122
0.00193308
0.00165516
0.00146439
0.00133148
0.00122879
0.00113704
0.00104777
0.000957588
0.000866302
0.000775986
0.000689805
0.000610863
0.000541225
0.000482045
0.000433118
0.000394372
0.000363851
0.000342387
0.000326265
0.000320066
0.000317935
0.0107389
0.00745027
0.0055021
0.00424728
0.00339216
0.0027856
0.00234205
0.00200967
0.00175574
0.00155904
0.00140561
0.00128637
0.00119585
0.00113227
0.00109537
0.00108862
0.00112061
0.00120783
0.00137832
0.00167421
0.00214632
0.00282759
0.00367969
0.00455485
0.00524584
0.00557943
0.00543413
0.00491114
0.00458253
0.00487479
0.00548988
0.0058917
0.00585237
0.0054382
0.00483156
0.0041681
0.0035164
0.00292416
0.00242685
0.00204027
0.00175847
0.00155923
0.00141393
0.00129625
0.00118934
0.00108642
0.00098463
0.00088397
0.000786537
0.000695295
0.000612941
0.000541027
0.000480338
0.000430326
0.000390683
0.000359349
0.000336998
0.000320138
0.000312742
0.000309668
0.0107283
0.00743202
0.00547646
0.00421877
0.00336568
0.00276501
0.0023298
0.00200711
0.00176362
0.00157789
0.00143607
0.00132943
0.00125328
0.0012066
0.00118972
0.00120759
0.00127084
0.00139841
0.00162038
0.00197786
0.00251217
0.00323185
0.00406133
0.00482529
0.00532697
0.00543819
0.00510169
0.00449781
0.00419961
0.00454988
0.00521211
0.0056594
0.00567842
0.00533353
0.0047954
0.00419118
0.00358335
0.0030179
0.00253315
0.00214903
0.00186218
0.00165184
0.00149124
0.00135636
0.00123309
0.00111606
0.00100275
0.000893227
0.000789513
0.000694213
0.00060947
0.000536256
0.000474975
0.000424715
0.000384969
0.000353617
0.000331222
0.000314512
0.000306978
0.000303677
0.0107114
0.00740206
0.00543695
0.00417865
0.00333216
0.00274283
0.00232134
0.00201331
0.00178471
0.00161399
0.00148758
0.00139728
0.00133959
0.00131331
0.00132011
0.00136631
0.00146422
0.0016344
0.00190703
0.00231868
0.00289648
0.00362168
0.00438626
0.00500239
0.00530004
0.005202
0.00471141
0.00406708
0.0038125
0.00420969
0.0049058
0.00539406
0.00547527
0.00520747
0.00474426
0.00420397
0.00364392
0.00310847
0.00263822
0.0022565
0.00196253
0.00173804
0.00155943
0.00140568
0.00126552
0.0011345
0.00101027
0.00089289
0.000784158
0.000686146
0.000600312
0.000527021
0.000466263
0.000416787
0.00037793
0.000347563
0.000326189
0.000310731
0.00030437
0.000301667
0.0106861
0.00735736
0.0053824
0.0041276
0.00329488
0.00272416
0.00232293
0.00203504
0.00182594
0.00167421
0.00156678
0.00149623
0.00146009
0.00145702
0.00149002
0.00156652
0.0016999
0.00191101
0.00222779
0.00267885
0.00327392
0.00396755
0.00462813
0.00507101
0.00516456
0.00488265
0.00428056
0.00363237
0.00342843
0.00385866
0.00457402
0.0050976
0.00524367
0.00506058
0.00467842
0.00420594
0.00369686
0.0031938
0.00273895
0.00235843
0.00205454
0.00181282
0.00161409
0.00144071
0.00128391
0.00113974
0.00100583
0.000882169
0.000770157
0.000671147
0.000585809
0.000513917
0.000455018
0.000407573
0.000370821
0.000342669
0.000323626
0.000310777
0.000307208
0.000306064
0.0106501
0.00729567
0.00531325
0.00406991
0.00326004
0.00271639
0.00234209
0.00207945
0.00189377
0.00176418
0.00167838
0.00163
0.00161691
0.00163824
0.00169787
0.00180391
0.00196987
0.00221529
0.00256354
0.00303273
0.00361424
0.00423987
0.00476554
0.00502367
0.00492716
0.00449628
0.00382718
0.00320593
0.00305458
0.00350269
0.0042214
0.00477269
0.00498401
0.00489259
0.00459773
0.00419587
0.00373993
0.00327048
0.00283061
0.00244903
0.00213203
0.00187057
0.00165069
0.00145806
0.00128587
0.00113021
0.000988641
0.000860943
0.000747899
0.00064998
0.000567023
0.000498265
0.000442787
0.000398849
0.000365657
0.000341205
0.00032609
0.000317515
0.000318763
0.000320347
0.010602
0.00721715
0.00523362
0.00401318
0.00323669
0.0027281
0.0023861
0.00215215
0.00199212
0.00188611
0.0018229
0.00179737
0.00180654
0.00185097
0.00193483
0.00206614
0.0022575
0.00252559
0.00288743
0.00334949
0.0038862
0.00441299
0.00478474
0.00486133
0.0046009
0.00406209
0.00336882
0.00279844
0.00269806
0.0031492
0.00385437
0.00442286
0.00469679
0.00470097
0.00450112
0.00417154
0.00376948
0.00333338
0.00290665
0.00252093
0.00218795
0.00190549
0.00166494
0.00145484
0.00126966
0.00110522
0.000958927
0.00083015
0.000718834
0.000624458
0.000546056
0.000482398
0.000432127
0.000393406
0.000365489
0.000346518
0.00033728
0.000335074
0.000343736
0.000349589
0.0105431
0.00712684
0.00515306
0.00396877
0.00323542
0.00276719
0.00245962
0.0022548
0.00211992
0.00203649
0.00199442
0.00198916
0.0020177
0.00208119
0.00218366
0.00233238
0.00253803
0.0028133
0.00316797
0.00359729
0.00406203
0.00446873
0.00468136
0.00459327
0.00420407
0.00360074
0.00292152
0.00241883
0.0023657
0.00280688
0.0034809
0.0040501
0.0043857
0.00448417
0.00438283
0.00412943
0.00378003
0.0033753
0.00295861
0.00256555
0.00221495
0.00191212
0.00165327
0.00142916
0.00123481
0.00106554
0.00091848
0.000792304
0.000685933
0.000597851
0.000526447
0.000470021
0.000426948
0.000395405
0.000374784
0.000363463
0.000362544
0.000369451
0.000388975
0.000401336
0.0104807
0.00703839
0.0050882
0.00395124
0.00326588
0.00283802
0.0025623
0.00238304
0.00226947
0.00220463
0.00217949
0.00218922
0.00223142
0.00230713
0.00241973
0.00257515
0.00278145
0.00304677
0.00337381
0.00374828
0.00412168
0.00439899
0.00446093
0.00423611
0.00375855
0.0031328
0.00249897
0.0020741
0.00206353
0.00248507
0.00310566
0.00366357
0.00405314
0.00424068
0.00423529
0.00406401
0.00376394
0.00338696
0.00297652
0.0025738
0.00220613
0.00188616
0.00161364
0.00138097
0.001183
0.0010143
0.000871436
0.000752131
0.000654233
0.000575378
0.000513548
0.00046665
0.000432989
0.000410902
0.000400024
0.000399113
0.000409696
0.000429524
0.00046465
0.000487133
0.0104347
0.00697926
0.0050639
0.00397699
0.00333509
0.00293977
0.00268773
0.00252611
0.0024266
0.00237343
0.00235815
0.00237544
0.00242339
0.00250239
0.00261484
0.00276489
0.00295771
0.003197
0.00347932
0.00378337
0.00405596
0.0042069
0.00413837
0.00381225
0.00328802
0.00267742
0.00211218
0.00176932
0.00179629
0.00219176
0.00273967
0.00327291
0.00370132
0.003968
0.00405292
0.00396498
0.00371159
0.00335744
0.00294976
0.00253728
0.00215636
0.00182563
0.00154682
0.00131354
0.00111949
0.000958148
0.000825171
0.000717285
0.000631445
0.000564778
0.000515155
0.000480264
0.000458556
0.000448716
0.00045072
0.000463975
0.000490433
0.000528829
0.000586258
0.000625197
0.0104491
0.00699782
0.00511425
0.00406307
0.00344689
0.00306753
0.00282524
0.00266968
0.00257416
0.00252346
0.00250887
0.00252499
0.00256949
0.00264195
0.00274354
0.00287654
0.00304334
0.00324381
0.00346984
0.00369592
0.00386849
0.00390688
0.00373654
0.00334787
0.00281627
0.00225141
0.00176956
0.00150785
0.001567
0.00193107
0.00240137
0.00289098
0.0033345
0.00366366
0.00382922
0.00382051
0.00361235
0.0032753
0.00286874
0.00245013
0.00206413
0.00173295
0.00145872
0.00123563
0.00105491
0.000908537
0.000791267
0.000699138
0.000628719
0.000577134
0.000542456
0.000522428
0.000515848
0.000522009
0.00054125
0.000574197
0.000622829
0.000688726
0.000778062
0.000845285
0.0106123
0.00717393
0.00528445
0.00422811
0.00360484
0.00321719
0.00296651
0.00280305
0.00269973
0.00264095
0.00261717
0.00262263
0.00265419
0.00271044
0.00279127
0.00289722
0.00302834
0.00318157
0.00334586
0.00349418
0.00357616
0.00352359
0.00328439
0.00287102
0.00236589
0.0018691
0.0014777
0.00129211
0.00137718
0.00170926
0.002109
0.00253709
0.0029634
0.00332761
0.00355878
0.00361915
0.00345588
0.00313052
0.00272746
0.00231205
0.00193488
0.00161864
0.00136405
0.00116449
0.0010073
0.000883175
0.000786647
0.000713926
0.000661948
0.00062841
0.000611868
0.00061047
0.000623494
0.000651254
0.000694249
0.000755624
0.000835861
0.000944235
0.00107922
0.00119778
0.0110956
0.00763634
0.00563574
0.00449814
0.00382157
0.00339663
0.00311754
0.00293095
0.00280727
0.00272923
0.00268615
0.00267134
0.00268062
0.00271158
0.00276292
0.00283377
0.00292242
0.00302395
0.00312602
0.0032025
0.00320879
0.00309039
0.00281492
0.00241003
0.0019578
0.00154343
0.0012431
0.0011252
0.00122803
0.00153207
0.00188078
0.00224005
0.00261322
0.00297096
0.00324228
0.00335526
0.00323359
0.00291776
0.00252791
0.00213365
0.00178715
0.00150747
0.00129137
0.00112921
0.00100442
0.000907937
0.000835651
0.000785166
0.000754596
0.000742742
0.000748825
0.000771843
0.000811507
0.000869971
0.000947063
0.00105153
0.00117785
0.00135514
0.00155501
0.00177124
0.0122277
0.00859462
0.00625687
0.00492207
0.00413777
0.00364449
0.00331595
0.00308994
0.00293224
0.00282292
0.00274957
0.00270416
0.00268143
0.00267797
0.00269149
0.00272006
0.00276083
0.00280805
0.0028496
0.00286214
0.00280863
0.00264802
0.00236384
0.00199283
0.00161192
0.00129013
0.00107749
0.00101411
0.00112298
0.00140347
0.00173457
0.00204034
0.00233494
0.00263387
0.00290015
0.00303643
0.00294634
0.00264158
0.00228742
0.00194578
0.0016623
0.00144678
0.00128877
0.00117491
0.00108767
0.00102129
0.000975084
0.000949336
0.00094402
0.000959464
0.000995595
0.00105291
0.00113112
0.00123603
0.00136436
0.00153777
0.00173284
0.00202795
0.0023184
0.00272774
0.0146531
0.0104022
0.00729137
0.00560653
0.00465637
0.00405932
0.0036559
0.00337004
0.00316085
0.00300478
0.00288708
0.00279802
0.00273109
0.00268189
0.00264734
0.0026247
0.00261053
0.002599
0.00257945
0.00253288
0.0024308
0.00224449
0.00196947
0.00164746
0.00134868
0.00112545
0.000996751
0.000975075
0.00107282
0.00132593
0.00168714
0.00199231
0.0022176
0.00241339
0.00260507
0.00270812
0.00261779
0.00232421
0.00204938
0.00181292
0.00163704
0.00151625
0.00143236
0.00137183
0.00132247
0.00128569
0.00126642
0.00126882
0.00129524
0.00134797
0.00142753
0.00153704
0.00167492
0.00185483
0.00206387
0.00235407
0.00265392
0.00316151
0.00357348
0.0043769
0.0197026
0.0136934
0.00900638
0.00679036
0.00560387
0.00484798
0.0043285
0.00394919
0.00365989
0.00343211
0.00324759
0.00309422
0.00296386
0.00285101
0.00275169
0.00266249
0.00257952
0.00249738
0.00240774
0.00229716
0.00214636
0.00193748
0.00167481
0.00140391
0.00119091
0.00107134
0.00103023
0.00104342
0.00110537
0.00130426
0.00175196
0.00216913
0.00240396
0.00250105
0.00254121
0.00250979
0.0023264
0.00201512
0.0018914
0.00184609
0.00183875
0.00184617
0.00184835
0.00184066
0.00182524
0.00181533
0.00182397
0.00186073
0.00193103
0.00203987
0.00218798
0.00238349
0.00262007
0.00292917
0.00327174
0.0037715
0.00423484
0.00514642
0.00570855
0.00733955
0.0303472
0.0197181
0.0119689
0.00900504
0.00745328
0.00642434
0.00570631
0.00516709
0.00474216
0.00439498
0.00410116
0.00384456
0.00361448
0.00340372
0.00320706
0.00302004
0.00283813
0.00265641
0.00246951
0.00227072
0.00205069
0.00180114
0.00153288
0.00129771
0.00116622
0.00116187
0.00123165
0.00129186
0.00128548
0.00135774
0.00193388
0.0026742
0.00312598
0.00324252
0.003097
0.00277385
0.00227578
0.00179694
0.00191728
0.002217
0.00248134
0.00267007
0.00277586
0.00281912
0.00283031
0.00284216
0.00288035
0.00296307
0.00310033
0.00330186
0.0035673
0.00391544
0.00432641
0.00487295
0.00544862
0.00634777
0.00707345
0.00879565
0.00950797
0.0129306
0.0539294
0.0312453
0.0174958
0.0134435
0.0112126
0.00965022
0.00855513
0.00771412
0.00703671
0.00647056
0.00597875
0.00553737
0.00513091
0.00474906
0.0043844
0.00403061
0.00368177
0.00333321
0.00298324
0.00263378
0.00228723
0.0019442
0.00162028
0.00137954
0.00131465
0.00145373
0.00170065
0.00186422
0.00175818
0.00155228
0.0022192
0.00367219
0.00480489
0.00530215
0.00507085
0.00422163
0.00292281
0.00180988
0.00222692
0.0032003
0.00397234
0.0044724
0.00473295
0.00483204
0.00485722
0.00487877
0.00494643
0.00509522
0.00534354
0.00571133
0.00619337
0.00683287
0.00757386
0.00858748
0.00959641
0.0113072
0.0124703
0.0159146
0.0166646
0.024117
0.110927
0.0552129
0.0288309
0.022896
0.0191828
0.0164774
0.0146015
0.0131405
0.0119507
0.0109442
0.0100563
0.00924659
0.00848946
0.00776846
0.00707201
0.0063903
0.00571475
0.00504075
0.00437241
0.00372496
0.00311788
0.00256189
0.002075
0.00174249
0.0017102
0.00205097
0.00262916
0.00305525
0.00284565
0.0020772
0.00255963
0.00548002
0.00834827
0.010166
0.0102771
0.00850987
0.00531118
0.00235711
0.0028726
0.00530078
0.00720617
0.00838759
0.0089622
0.00914569
0.00915478
0.00914773
0.00922995
0.00947533
0.00992064
0.0106101
0.0115239
0.0127635
0.0141783
0.0161817
0.0180583
0.0215399
0.023471
0.0308161
0.0311185
0.0480978
0.266938
0.111051
0.0544213
0.0443761
0.0371058
0.0317569
0.028127
0.0252856
0.0229649
0.0209909
0.0192324
0.0176107
0.0160777
0.014604
0.0131701
0.0117598
0.0103603
0.00896804
0.00759989
0.00629766
0.00511295
0.00407254
0.00319198
0.00258817
0.00251154
0.00316267
0.00441019
0.00550275
0.00527547
0.00341709
0.00286277
0.00882898
0.0160737
0.0217298
0.0234038
0.0198574
0.0120346
0.00423448
0.00379394
0.00958169
0.0143657
0.0173262
0.018706
0.0190705
0.0189697
0.0187998
0.0188148
0.0191892
0.0200049
0.0213676
0.0232166
0.0258005
0.0287145
0.0329971
0.036771
0.0444378
0.0478051
0.0646765
0.0628673
0.103846
)
;

boundaryField
{
    inlet
    {
        type            fixedValue;
        value           uniform 0.017;
    }
    outlet
    {
        type            zeroGradient;
    }
    fixedWalls
    {
        type            kqRWallFunction;
        value           nonuniform List<scalar> 
120
(
0.266938
0.111051
0.0544213
0.0443761
0.0371058
0.0317569
0.028127
0.0252856
0.0229649
0.0209909
0.0192324
0.0176107
0.0160777
0.014604
0.0131701
0.0117598
0.0103603
0.00896804
0.00759989
0.00629766
0.00511295
0.00407254
0.00319198
0.00258817
0.00251154
0.00316267
0.00441019
0.00550275
0.00527547
0.00341709
0.00286277
0.00882898
0.0160737
0.0217298
0.0234038
0.0198574
0.0120346
0.00423448
0.00379394
0.00958169
0.0143657
0.0173262
0.018706
0.0190705
0.0189697
0.0187998
0.0188148
0.0191892
0.0200049
0.0213676
0.0232166
0.0258005
0.0287145
0.0329971
0.036771
0.0444378
0.0478051
0.0646765
0.0628673
0.103846
0.168236
0.0132443
0.000992256
0.00361393
0.00251566
0.00295418
0.00245991
0.0024443
0.00225333
0.00231167
0.00223968
0.00197363
0.00126843
0.00050141
0.000594495
0.00132368
0.0016423
0.001261
0.0014255
0.00498981
0.0106464
0.0173643
0.0238466
0.0289306
0.0317551
0.0317733
0.0288539
0.0234602
0.0165063
0.00921865
0.00319698
0.00101313
0.00326
0.00540976
0.00678839
0.00745159
0.00761688
0.00751912
0.0073542
0.00726197
0.00733437
0.00762807
0.00817805
0.00900721
0.0101286
0.0115524
0.0132773
0.0153129
0.0176374
0.0202971
0.0232059
0.0265987
0.0300908
0.0347202
0.0386805
0.0463249
0.0496452
0.0662037
0.0643416
0.104675
)
;
    }
    frontAndBack
    {
        type            empty;
    }
}


// ************************************************************************* //
