/*--------------------------------*- C++ -*----------------------------------*\
| =========                 |                                                 |
| \\      /  F ield         | OpenFOAM: The Open Source CFD Toolbox           |
|  \\    /   O peration     | Version:  2.4.0                                 |
|   \\  /    A nd           | Web:      www.OpenFOAM.org                      |
|    \\/     M anipulation  |                                                 |
\*---------------------------------------------------------------------------*/
FoamFile
{
    version     2.0;
    format      ascii;
    class       volScalarField;
    location    "4.48";
    object      p;
}
// * * * * * * * * * * * * * * * * * * * * * * * * * * * * * * * * * * * * * //

dimensions      [0 2 -2 0 0 0 0];

internalField   nonuniform List<scalar> 
6000
(
-0.129784
0.227047
0.184312
0.204197
0.196809
0.201634
0.198621
0.200644
0.199337
0.20004
0.199272
0.199267
0.198776
0.198785
0.198963
0.19968
0.200632
0.201627
0.202554
0.203656
0.204451
0.204663
0.204986
0.20589
0.207335
0.20926
0.211567
0.214192
0.217067
0.220138
0.223354
0.226674
0.230071
0.233524
0.237025
0.240583
0.244214
0.24795
0.251827
0.255899
0.260204
0.26482
0.269751
0.275119
0.280794
0.287028
0.293305
0.300253
0.30641
0.313284
0.317316
0.322589
0.319901
0.321793
0.302825
0.302967
0.246637
0.262333
0.109381
0.209566
-0.103445
0.223631
0.184386
0.204044
0.19683
0.201619
0.198632
0.200643
0.199356
0.200062
0.199307
0.199302
0.198802
0.198789
0.198929
0.199602
0.200528
0.20154
0.202548
0.203741
0.204591
0.204793
0.205065
0.205928
0.207347
0.209253
0.211545
0.214158
0.217023
0.220084
0.22329
0.22661
0.230001
0.233448
0.236942
0.24049
0.244111
0.247834
0.251696
0.255751
0.260036
0.264629
0.269533
0.274871
0.280508
0.286699
0.292923
0.299805
0.305899
0.312685
0.316638
0.321777
0.318995
0.320682
0.301634
0.301433
0.245083
0.260125
0.107642
0.206193
-0.0865568
0.220177
0.184414
0.203952
0.196838
0.201613
0.198637
0.20065
0.199373
0.200095
0.199346
0.199349
0.198838
0.198804
0.198904
0.199532
0.200427
0.201461
0.202554
0.203843
0.204747
0.204947
0.205182
0.206008
0.207397
0.20928
0.211555
0.214154
0.217006
0.220057
0.223255
0.226558
0.229935
0.233368
0.236846
0.240376
0.243976
0.247676
0.25151
0.255534
0.259784
0.264338
0.269195
0.274482
0.28006
0.286186
0.292331
0.299126
0.305121
0.311805
0.315636
0.320657
0.317729
0.319292
0.300086
0.299761
0.24327
0.258091
0.105397
0.20346
-0.0743337
0.216324
0.184625
0.203868
0.196838
0.201606
0.198641
0.20066
0.19939
0.200129
0.199383
0.199396
0.198874
0.19882
0.198882
0.199468
0.200336
0.201395
0.202565
0.203935
0.204878
0.205075
0.205286
0.206084
0.207448
0.209311
0.211567
0.214152
0.216991
0.22003
0.223216
0.226506
0.22987
0.233287
0.236748
0.240259
0.243835
0.247509
0.251314
0.255304
0.259515
0.264026
0.268834
0.274068
0.279581
0.28564
0.291703
0.298412
0.304299
0.310877
0.314569
0.319475
0.316369
0.317831
0.298397
0.298027
0.241223
0.256061
0.102761
0.200938
-0.0625262
0.212198
0.185007
0.203787
0.196836
0.201597
0.198645
0.20067
0.199404
0.200159
0.199415
0.199437
0.198904
0.198834
0.198862
0.199413
0.20026
0.201343
0.202575
0.204007
0.204974
0.205169
0.205367
0.206147
0.20749
0.209335
0.211577
0.214148
0.216975
0.220004
0.223179
0.226458
0.22981
0.233212
0.236657
0.240149
0.243704
0.247353
0.251129
0.255087
0.259261
0.263732
0.268493
0.273677
0.279131
0.285128
0.291114
0.297744
0.303527
0.310006
0.313561
0.318354
0.315064
0.316426
0.296739
0.296334
0.239142
0.254068
0.10008
0.198584
-0.0509412
0.207961
0.185516
0.203691
0.196842
0.201584
0.198648
0.200677
0.199415
0.200185
0.199442
0.199472
0.19893
0.198846
0.198843
0.199365
0.200197
0.201301
0.202585
0.204062
0.205044
0.205238
0.205432
0.206199
0.207526
0.209356
0.211584
0.214144
0.216962
0.219981
0.223146
0.226416
0.229756
0.233146
0.236575
0.24005
0.243584
0.24721
0.250959
0.254886
0.259025
0.263459
0.268176
0.273313
0.278712
0.284651
0.290568
0.297124
0.302812
0.309196
0.312621
0.317306
0.313837
0.315098
0.295156
0.29471
0.237118
0.252133
0.0974802
0.196387
-0.0402002
0.203714
0.186055
0.203567
0.196862
0.201567
0.198652
0.200683
0.199426
0.200208
0.199466
0.199503
0.198952
0.198856
0.198827
0.199323
0.200142
0.201268
0.202593
0.204104
0.205095
0.205291
0.205486
0.206245
0.207559
0.209375
0.211592
0.214142
0.216951
0.219962
0.223119
0.22638
0.229709
0.233087
0.236502
0.23996
0.243474
0.247077
0.2508
0.254698
0.258804
0.263201
0.267877
0.27297
0.278317
0.284202
0.290054
0.29654
0.302139
0.308434
0.311736
0.31632
0.312678
0.313841
0.29365
0.293157
0.235174
0.250268
0.0950053
0.194348
-0.0303601
0.199529
0.186553
0.203425
0.196888
0.201548
0.198657
0.200688
0.199436
0.200228
0.199487
0.19953
0.198971
0.198865
0.198812
0.199285
0.200094
0.201239
0.202599
0.204137
0.205134
0.205333
0.205534
0.206287
0.20759
0.209395
0.211602
0.214143
0.216945
0.219948
0.223098
0.22635
0.22967
0.233037
0.236438
0.239879
0.243374
0.246954
0.250651
0.254522
0.258595
0.262957
0.267593
0.272643
0.277941
0.283774
0.289566
0.295985
0.3015
0.307713
0.310898
0.315385
0.311578
0.312647
0.292213
0.291671
0.233312
0.248473
0.0926641
0.192452
-0.0211911
0.195468
0.18696
0.203279
0.196908
0.201529
0.198664
0.200692
0.199445
0.200246
0.199506
0.199555
0.198988
0.198872
0.198797
0.199251
0.200052
0.201213
0.202603
0.204161
0.205161
0.205367
0.205577
0.206327
0.207621
0.209416
0.211614
0.214148
0.216943
0.219941
0.223084
0.226328
0.229639
0.232994
0.236382
0.239807
0.243282
0.246841
0.250513
0.254355
0.258396
0.262724
0.267321
0.272331
0.277582
0.283366
0.289098
0.295455
0.300891
0.307026
0.310102
0.314498
0.310532
0.311509
0.290841
0.290247
0.231527
0.246744
0.0904569
0.190681
-0.0125384
0.191573
0.187255
0.20313
0.196925
0.201512
0.198672
0.200694
0.199455
0.200263
0.199523
0.199577
0.199004
0.198878
0.198784
0.19922
0.200012
0.20119
0.202605
0.204178
0.205181
0.205395
0.205617
0.206366
0.207652
0.209439
0.211629
0.214157
0.216947
0.219939
0.223076
0.226314
0.229616
0.23296
0.236334
0.239743
0.2432
0.246736
0.250383
0.254198
0.258208
0.262502
0.267061
0.272032
0.277237
0.282973
0.288651
0.294948
0.300309
0.306371
0.309342
0.313652
0.309535
0.310422
0.28953
0.288879
0.229818
0.245075
0.0883817
0.189017
-0.00434935
0.187864
0.18743
0.20296
0.196962
0.201496
0.198682
0.200697
0.199465
0.200278
0.19954
0.199598
0.199018
0.198884
0.198771
0.19919
0.199976
0.201169
0.202606
0.204189
0.205193
0.205418
0.205655
0.206404
0.207684
0.209464
0.211648
0.214171
0.216956
0.219943
0.223075
0.226307
0.2296
0.232934
0.236295
0.239687
0.243125
0.24664
0.250262
0.254049
0.258028
0.26229
0.266812
0.271743
0.276905
0.282595
0.288219
0.294459
0.299751
0.305743
0.308616
0.312843
0.308583
0.309381
0.288275
0.287561
0.228182
0.243461
0.0864349
0.187443
0.00340463
0.184357
0.187491
0.202765
0.19703
0.201481
0.198697
0.200699
0.199476
0.200293
0.199556
0.199617
0.199031
0.198889
0.198758
0.199162
0.199941
0.201149
0.202605
0.204195
0.205201
0.205439
0.205691
0.206443
0.207718
0.209492
0.211671
0.214189
0.21697
0.219954
0.223081
0.226307
0.229592
0.232916
0.236263
0.23964
0.243059
0.246552
0.250149
0.253908
0.257857
0.262085
0.266571
0.271464
0.276584
0.282228
0.287802
0.293987
0.299212
0.305138
0.307918
0.312066
0.30767
0.308381
0.287071
0.286289
0.226614
0.241896
0.0846114
0.185946
0.0107588
0.18106
0.187443
0.202538
0.19713
0.201459
0.198717
0.200702
0.199488
0.200307
0.199572
0.199636
0.199044
0.198893
0.198746
0.199135
0.199908
0.201129
0.202603
0.204197
0.205205
0.205457
0.205727
0.206482
0.207755
0.209523
0.211698
0.214213
0.216991
0.219972
0.223095
0.226315
0.229593
0.232905
0.23624
0.239601
0.243001
0.246471
0.250043
0.253775
0.257693
0.261888
0.266338
0.271194
0.276271
0.281871
0.287396
0.293529
0.29869
0.304553
0.307245
0.311316
0.306791
0.307415
0.285914
0.285056
0.225111
0.240375
0.0829058
0.184512
0.0177481
0.17798
0.187297
0.20227
0.197263
0.201421
0.198743
0.200706
0.199502
0.200322
0.199588
0.199654
0.199057
0.198898
0.198734
0.199109
0.199876
0.201109
0.2026
0.204196
0.205205
0.205475
0.205763
0.206523
0.207794
0.209558
0.211729
0.214242
0.217018
0.219996
0.223116
0.22633
0.229601
0.232903
0.236225
0.23957
0.24295
0.246398
0.249944
0.253648
0.257535
0.261698
0.266112
0.27093
0.275966
0.281523
0.287
0.293081
0.298182
0.303984
0.306594
0.31059
0.305943
0.30648
0.284799
0.283858
0.223668
0.238893
0.0813123
0.183131
0.0244003
0.175118
0.187064
0.201959
0.19741
0.201382
0.198773
0.200713
0.199518
0.200337
0.199605
0.199672
0.199069
0.198902
0.198723
0.199084
0.199845
0.201089
0.202596
0.204192
0.205203
0.205492
0.2058
0.206566
0.207836
0.209598
0.211766
0.214276
0.217051
0.220028
0.223144
0.226354
0.229617
0.23291
0.236218
0.239546
0.242906
0.246332
0.249853
0.253528
0.257384
0.261514
0.265892
0.270672
0.275668
0.281182
0.286612
0.292643
0.297687
0.30343
0.30596
0.309885
0.305122
0.305571
0.283721
0.282691
0.222283
0.237446
0.0798255
0.181792
0.0307372
0.172474
0.186755
0.201605
0.197558
0.201349
0.198801
0.200723
0.199537
0.200353
0.199623
0.19969
0.199082
0.198907
0.198713
0.199059
0.199814
0.201069
0.20259
0.204187
0.2052
0.205509
0.205838
0.206611
0.207881
0.209641
0.211807
0.214317
0.217091
0.220066
0.22318
0.226385
0.229641
0.232924
0.236219
0.23953
0.24287
0.246273
0.249767
0.253414
0.257238
0.261335
0.265677
0.270419
0.275375
0.280847
0.286231
0.292214
0.297201
0.302887
0.305343
0.309197
0.304325
0.304685
0.282679
0.28155
0.220952
0.23603
0.0784399
0.180489
0.0367773
0.170043
0.186384
0.201208
0.197698
0.201323
0.19883
0.200738
0.19956
0.200371
0.199643
0.199709
0.199097
0.198913
0.198703
0.199036
0.199784
0.201048
0.202583
0.20418
0.205196
0.205527
0.205877
0.206658
0.207929
0.209689
0.211854
0.214364
0.217137
0.220112
0.223224
0.226425
0.229674
0.232946
0.236227
0.239522
0.242842
0.246221
0.249688
0.253306
0.257098
0.261161
0.265467
0.270171
0.275087
0.280516
0.285856
0.29179
0.296724
0.302355
0.304739
0.308523
0.303549
0.303819
0.281667
0.280432
0.219671
0.234642
0.0771506
0.179211
0.0425371
0.16782
0.185963
0.200774
0.197824
0.201305
0.198861
0.200758
0.199589
0.200392
0.199666
0.199729
0.199112
0.198919
0.198696
0.199014
0.199754
0.201026
0.202575
0.204172
0.205193
0.205546
0.205918
0.206708
0.207982
0.209741
0.211907
0.214417
0.217191
0.220166
0.223276
0.226473
0.229715
0.232977
0.236244
0.239521
0.24282
0.246175
0.249616
0.253203
0.256964
0.260992
0.265261
0.269927
0.274803
0.28019
0.285486
0.291372
0.296255
0.30183
0.304147
0.307862
0.302792
0.302969
0.280684
0.279335
0.218437
0.233277
0.0759527
0.177955
0.0480316
0.165798
0.185505
0.200308
0.197933
0.201293
0.198905
0.200778
0.199623
0.200416
0.199692
0.199751
0.199129
0.198927
0.198689
0.198994
0.199726
0.201004
0.202567
0.204165
0.20519
0.205567
0.205961
0.206761
0.208038
0.209799
0.211965
0.214476
0.217252
0.220227
0.223336
0.226529
0.229764
0.233016
0.236269
0.239528
0.242806
0.246137
0.249549
0.253107
0.256834
0.260827
0.265059
0.269687
0.274522
0.279868
0.28512
0.290959
0.295791
0.301313
0.303565
0.307212
0.302051
0.302134
0.279728
0.278255
0.217248
0.231933
0.074842
0.176712
0.0532744
0.163969
0.185021
0.199815
0.198019
0.201282
0.198966
0.200793
0.199664
0.200444
0.199722
0.199775
0.199149
0.198937
0.198685
0.198975
0.199698
0.200982
0.202557
0.204157
0.205188
0.205589
0.206007
0.206817
0.208099
0.209861
0.212029
0.214543
0.21732
0.220296
0.223404
0.226594
0.229822
0.233063
0.236302
0.239544
0.2428
0.246105
0.249489
0.253016
0.25671
0.260667
0.264862
0.269451
0.274246
0.279549
0.284757
0.29055
0.295333
0.300801
0.302991
0.30657
0.301324
0.301311
0.278794
0.277189
0.216102
0.230607
0.0738143
0.175479
0.0582779
0.162326
0.184521
0.199302
0.19808
0.20127
0.199046
0.200805
0.199709
0.200478
0.199757
0.199803
0.199171
0.198949
0.198684
0.198959
0.199672
0.20096
0.202546
0.20415
0.205189
0.205615
0.206055
0.206877
0.208165
0.209929
0.2121
0.214616
0.217396
0.220373
0.223481
0.226667
0.229889
0.233119
0.236344
0.239567
0.242801
0.24608
0.249436
0.25293
0.25659
0.260512
0.264669
0.269218
0.273972
0.279233
0.284398
0.290144
0.294879
0.300294
0.302425
0.305936
0.300609
0.300498
0.277883
0.276137
0.214995
0.229297
0.0728657
0.174251
0.0630538
0.160858
0.184016
0.198776
0.198115
0.201253
0.199139
0.200819
0.199759
0.200518
0.199798
0.199835
0.199198
0.198964
0.198685
0.198945
0.199648
0.200937
0.202534
0.204143
0.205192
0.205643
0.206107
0.206941
0.208235
0.210003
0.212177
0.214697
0.217479
0.220459
0.223566
0.226749
0.229964
0.233184
0.236394
0.239598
0.242809
0.246062
0.249388
0.252851
0.256476
0.260361
0.26448
0.268989
0.273702
0.27892
0.284042
0.289741
0.294429
0.299792
0.301865
0.305307
0.299906
0.299694
0.276991
0.275095
0.213927
0.228001
0.0719928
0.173023
0.0676131
0.159557
0.183512
0.198243
0.198123
0.20123
0.199243
0.200839
0.199811
0.200562
0.199845
0.199872
0.199228
0.198983
0.198691
0.198935
0.199626
0.200915
0.202522
0.204136
0.205198
0.205676
0.206163
0.20701
0.20831
0.210083
0.212261
0.214785
0.217571
0.220553
0.223661
0.226841
0.230049
0.233258
0.236453
0.239637
0.242825
0.246052
0.249348
0.252777
0.256367
0.260215
0.264295
0.268763
0.273435
0.27861
0.283688
0.28934
0.293982
0.299292
0.301311
0.304684
0.299213
0.298897
0.276117
0.274061
0.212894
0.226717
0.0711921
0.171794
0.0719663
0.158413
0.183016
0.197709
0.198107
0.201199
0.199357
0.200868
0.199864
0.200611
0.1999
0.199915
0.199265
0.199007
0.1987
0.198928
0.199607
0.200894
0.202509
0.204131
0.205206
0.205712
0.206223
0.207083
0.208392
0.21017
0.212353
0.214881
0.217672
0.220656
0.223764
0.226942
0.230143
0.233341
0.23652
0.239685
0.242849
0.246048
0.249314
0.25271
0.256264
0.260074
0.264114
0.268542
0.273172
0.278302
0.283338
0.288942
0.293539
0.298796
0.300762
0.304065
0.298529
0.298105
0.275259
0.273036
0.211896
0.225442
0.0704605
0.170559
0.0761235
0.157416
0.182535
0.197179
0.198069
0.20116
0.199477
0.200905
0.199924
0.200661
0.199963
0.199964
0.199308
0.199036
0.198715
0.198926
0.199591
0.200874
0.202496
0.204125
0.205218
0.205753
0.206288
0.207162
0.208479
0.210263
0.212452
0.214985
0.217781
0.220768
0.223877
0.227052
0.230247
0.233433
0.236597
0.239742
0.242882
0.246053
0.249287
0.252649
0.256166
0.259937
0.263937
0.268323
0.272912
0.277997
0.28299
0.288546
0.293098
0.298302
0.300218
0.30345
0.297852
0.297318
0.274417
0.272016
0.210931
0.224175
0.0697953
0.169315
0.0800942
0.156558
0.182073
0.196658
0.19801
0.201112
0.199601
0.20095
0.199994
0.200714
0.200032
0.200021
0.199358
0.199072
0.198737
0.198929
0.19958
0.200857
0.202482
0.204121
0.205233
0.205799
0.206358
0.207246
0.208573
0.210364
0.212558
0.215098
0.217899
0.22089
0.224
0.227172
0.23036
0.233535
0.236683
0.239807
0.242922
0.246065
0.249267
0.252594
0.256074
0.259806
0.263766
0.268109
0.272655
0.277696
0.282645
0.288153
0.292661
0.29781
0.299677
0.302837
0.297182
0.296535
0.273589
0.271001
0.209996
0.222916
0.0691936
0.168062
0.0838877
0.155829
0.181634
0.196151
0.197936
0.201057
0.199726
0.201003
0.200075
0.200768
0.200106
0.200086
0.199417
0.199115
0.198765
0.19894
0.199574
0.200842
0.20247
0.204117
0.205251
0.20585
0.206433
0.207337
0.208673
0.210472
0.212674
0.21522
0.218026
0.221022
0.224133
0.227302
0.230483
0.233647
0.236778
0.239882
0.242971
0.246085
0.249255
0.252546
0.255989
0.259681
0.263599
0.2679
0.272402
0.277398
0.282303
0.287763
0.292226
0.297321
0.29914
0.302226
0.296519
0.295754
0.272773
0.26999
0.209092
0.221662
0.068653
0.166796
0.087513
0.15522
0.18122
0.19566
0.197848
0.200996
0.199852
0.201063
0.200168
0.200826
0.200185
0.200158
0.199485
0.199167
0.198802
0.198957
0.199575
0.200831
0.202458
0.204114
0.205272
0.205905
0.206515
0.207434
0.208781
0.210589
0.212798
0.215351
0.218164
0.221164
0.224276
0.227443
0.230617
0.233769
0.236883
0.239965
0.24303
0.246113
0.24925
0.252506
0.25591
0.259561
0.263438
0.267695
0.272154
0.277103
0.281964
0.287375
0.291794
0.296833
0.298607
0.301618
0.295861
0.294974
0.271969
0.268981
0.208216
0.220412
0.0681711
0.165517
0.0909785
0.154722
0.180834
0.19519
0.197751
0.200932
0.199976
0.20113
0.200274
0.200889
0.200267
0.200236
0.199562
0.199228
0.198848
0.198984
0.199583
0.200825
0.202449
0.204113
0.205296
0.205965
0.206603
0.207539
0.208898
0.210714
0.212931
0.215492
0.218312
0.221316
0.22443
0.227595
0.230762
0.233901
0.236999
0.240059
0.243097
0.24615
0.249253
0.252472
0.255838
0.259448
0.263282
0.267495
0.27191
0.276813
0.281629
0.28699
0.291365
0.296348
0.298076
0.301011
0.295207
0.294196
0.271176
0.267974
0.207367
0.219166
0.0677456
0.164223
0.0942923
0.154327
0.180476
0.194743
0.197649
0.200865
0.200098
0.201203
0.200392
0.200961
0.200354
0.200319
0.199648
0.199299
0.198905
0.199021
0.1996
0.200826
0.202443
0.204113
0.205323
0.20603
0.206696
0.207651
0.209023
0.210848
0.213075
0.215644
0.21847
0.22148
0.224595
0.227758
0.230917
0.234045
0.237124
0.240162
0.243173
0.246196
0.249265
0.252447
0.255773
0.259341
0.263133
0.267301
0.271671
0.276526
0.281298
0.286608
0.29094
0.295865
0.297549
0.300405
0.294559
0.293419
0.270393
0.266968
0.206544
0.217922
0.0673744
0.162912
0.0974623
0.154028
0.180148
0.194319
0.197543
0.200799
0.200219
0.201282
0.200521
0.201042
0.200448
0.200408
0.199743
0.19938
0.198973
0.199068
0.199628
0.200835
0.202441
0.204116
0.205352
0.206098
0.206797
0.207772
0.209157
0.210993
0.213229
0.215806
0.21864
0.221655
0.224772
0.227932
0.231084
0.234199
0.237261
0.240276
0.243259
0.246251
0.249285
0.252429
0.255715
0.259242
0.26299
0.267112
0.271438
0.276245
0.280972
0.28623
0.290518
0.295385
0.297025
0.2998
0.293914
0.292641
0.269619
0.265963
0.205746
0.21668
0.0670556
0.161584
0.100496
0.153816
0.179851
0.193921
0.197438
0.200736
0.200338
0.201366
0.200662
0.201134
0.20055
0.2005
0.199845
0.199472
0.199054
0.199128
0.199667
0.200853
0.202446
0.204122
0.205384
0.20617
0.206903
0.2079
0.2093
0.211148
0.213393
0.21598
0.218822
0.221842
0.224961
0.228118
0.231262
0.234364
0.237408
0.2404
0.243356
0.246315
0.249314
0.25242
0.255666
0.259149
0.262854
0.26693
0.271211
0.275969
0.28065
0.285856
0.2901
0.294907
0.296504
0.299196
0.293273
0.291863
0.268853
0.264956
0.204971
0.215439
0.0667872
0.160238
0.1034
0.153686
0.179583
0.19355
0.197336
0.200678
0.200457
0.201456
0.200812
0.201238
0.200662
0.200599
0.199955
0.199575
0.199147
0.199202
0.199719
0.200881
0.202458
0.204133
0.205419
0.206245
0.207015
0.208037
0.209454
0.211313
0.21357
0.216166
0.219016
0.222041
0.225162
0.228317
0.231453
0.234541
0.237566
0.240534
0.243462
0.246389
0.249353
0.25242
0.255624
0.259065
0.262725
0.266755
0.270989
0.275698
0.280334
0.285487
0.289686
0.294432
0.295986
0.298593
0.292634
0.291083
0.268095
0.263949
0.20422
0.214199
0.0665676
0.158873
0.106181
0.153629
0.179345
0.193206
0.197239
0.200626
0.200577
0.201551
0.200972
0.201354
0.200787
0.200705
0.200072
0.199687
0.199253
0.19929
0.199785
0.200922
0.20248
0.20415
0.205456
0.206324
0.207132
0.208182
0.209617
0.21149
0.213758
0.216364
0.219223
0.222253
0.225376
0.228528
0.231656
0.234731
0.237737
0.24068
0.243579
0.246474
0.249401
0.252429
0.255592
0.258989
0.262604
0.266587
0.270775
0.275434
0.280023
0.285122
0.289277
0.29396
0.295472
0.297991
0.291999
0.290302
0.267344
0.26294
0.20349
0.212958
0.0663949
0.15749
0.108846
0.153641
0.179137
0.192889
0.19715
0.200583
0.2007
0.201654
0.201141
0.201482
0.200924
0.20082
0.200196
0.19981
0.199372
0.199392
0.199866
0.200977
0.202512
0.204173
0.205498
0.206406
0.207255
0.208334
0.20979
0.211678
0.213958
0.216576
0.219443
0.222479
0.225604
0.228752
0.231872
0.234932
0.237919
0.240838
0.243707
0.246569
0.249459
0.252448
0.255569
0.258921
0.262492
0.266427
0.270569
0.275177
0.279719
0.284763
0.288873
0.293492
0.294961
0.29739
0.291367
0.28952
0.266598
0.261929
0.202781
0.211716
0.0662675
0.156088
0.1114
0.153716
0.178958
0.192599
0.197069
0.200549
0.200826
0.201766
0.201318
0.201623
0.201076
0.200946
0.20033
0.199941
0.199504
0.19951
0.199963
0.201046
0.202556
0.204204
0.205545
0.206492
0.207382
0.208494
0.209973
0.211878
0.214172
0.2168
0.219676
0.222719
0.225845
0.22899
0.232101
0.235147
0.238113
0.241007
0.243847
0.246674
0.249528
0.252476
0.255555
0.258863
0.262388
0.266276
0.27037
0.274927
0.279422
0.284411
0.288474
0.293028
0.294454
0.296789
0.290737
0.288735
0.265859
0.260915
0.202092
0.210473
0.0661839
0.154666
0.113849
0.153847
0.178807
0.192335
0.196997
0.200525
0.200957
0.201887
0.201503
0.201777
0.201242
0.201085
0.200474
0.200082
0.199649
0.199643
0.200077
0.201132
0.202613
0.204246
0.205598
0.206582
0.207515
0.208661
0.210166
0.212089
0.214398
0.217039
0.219924
0.222973
0.226101
0.229242
0.232344
0.235375
0.23832
0.241188
0.243998
0.246791
0.249607
0.252515
0.255552
0.258815
0.262294
0.266133
0.27018
0.274685
0.279133
0.284064
0.288082
0.292568
0.293951
0.29619
0.290109
0.287948
0.265124
0.259899
0.201423
0.209229
0.0661426
0.153226
0.116198
0.15403
0.178683
0.192098
0.196937
0.200514
0.201094
0.20202
0.201698
0.201942
0.201424
0.201239
0.20063
0.200234
0.199806
0.199792
0.200209
0.201235
0.202686
0.204298
0.205658
0.206677
0.207652
0.208836
0.210368
0.212312
0.214637
0.217291
0.220187
0.223241
0.226371
0.229508
0.2326
0.235616
0.23854
0.241382
0.244161
0.24692
0.249698
0.252565
0.255559
0.258777
0.26221
0.266
0.269999
0.274452
0.278851
0.283725
0.287696
0.292113
0.293452
0.295592
0.289483
0.287158
0.264394
0.258879
0.200771
0.207983
0.0661422
0.151767
0.118453
0.154261
0.178587
0.191887
0.196889
0.200514
0.201238
0.202164
0.201903
0.202121
0.201621
0.201409
0.200801
0.200398
0.199975
0.199955
0.200358
0.201355
0.202775
0.204364
0.205727
0.206778
0.207795
0.209017
0.21058
0.212546
0.21489
0.217558
0.220464
0.223525
0.226656
0.229789
0.232871
0.235871
0.238774
0.241589
0.244337
0.24706
0.2498
0.252626
0.255577
0.258749
0.262136
0.265878
0.269828
0.274228
0.278579
0.283394
0.287317
0.291663
0.292957
0.294995
0.288859
0.286366
0.263668
0.257855
0.200137
0.206735
0.0661812
0.150289
0.120617
0.154534
0.178517
0.191701
0.196852
0.200527
0.201388
0.202321
0.202119
0.202313
0.201833
0.201595
0.200987
0.200576
0.200158
0.200134
0.200524
0.201495
0.202881
0.204444
0.205806
0.206886
0.207943
0.209204
0.2108
0.212792
0.215155
0.217839
0.220756
0.223824
0.226956
0.230085
0.233157
0.23614
0.239021
0.241809
0.244525
0.247213
0.249914
0.252699
0.255606
0.258733
0.262073
0.265766
0.269668
0.274015
0.278316
0.283072
0.286946
0.291219
0.292468
0.2944
0.288237
0.28557
0.262944
0.256827
0.199519
0.205485
0.0662583
0.148794
0.122695
0.154846
0.178473
0.19154
0.196828
0.200552
0.201547
0.202491
0.202347
0.202519
0.202059
0.2018
0.201191
0.200769
0.200356
0.200328
0.200708
0.201653
0.203006
0.20454
0.205898
0.207002
0.208097
0.209398
0.211028
0.213048
0.215433
0.218134
0.221063
0.224138
0.227272
0.230396
0.233457
0.236423
0.239282
0.242043
0.244727
0.247379
0.250041
0.252784
0.255648
0.258729
0.262023
0.265665
0.269519
0.273812
0.278063
0.282759
0.286583
0.290782
0.291983
0.293806
0.287617
0.284771
0.262224
0.255796
0.198917
0.204233
0.0663721
0.147281
0.124691
0.155193
0.178453
0.191404
0.196817
0.20059
0.201714
0.202675
0.202588
0.202741
0.202301
0.202022
0.201414
0.20098
0.200569
0.200537
0.20091
0.20183
0.203151
0.204653
0.206003
0.207127
0.208259
0.209598
0.211265
0.213314
0.215724
0.218443
0.221385
0.224467
0.227603
0.230723
0.233773
0.236722
0.239558
0.24229
0.244942
0.247558
0.250181
0.252882
0.255702
0.258737
0.261984
0.265577
0.269382
0.27362
0.277822
0.282455
0.28623
0.290351
0.291504
0.293214
0.286998
0.283969
0.261505
0.254759
0.198331
0.202979
0.0665215
0.145752
0.126609
0.155571
0.178457
0.19129
0.196818
0.200641
0.201889
0.202871
0.202842
0.202979
0.202559
0.202263
0.201657
0.201209
0.200799
0.200764
0.201129
0.202027
0.203315
0.204785
0.206124
0.207265
0.208429
0.209807
0.211509
0.21359
0.216026
0.218765
0.221722
0.224812
0.22795
0.231065
0.234103
0.237035
0.239847
0.242551
0.245171
0.24775
0.250334
0.252993
0.255769
0.258758
0.261958
0.265501
0.269257
0.273441
0.277592
0.282163
0.285886
0.289928
0.291032
0.292624
0.28638
0.283163
0.260789
0.253718
0.197758
0.201722
0.066705
0.144207
0.128452
0.155977
0.178485
0.1912
0.196833
0.200705
0.202073
0.203081
0.203108
0.203235
0.202834
0.202522
0.201921
0.20146
0.201049
0.201008
0.201366
0.202243
0.2035
0.204937
0.206263
0.207415
0.208609
0.210023
0.211762
0.213877
0.21634
0.219101
0.222073
0.225172
0.228312
0.231422
0.23445
0.237363
0.240152
0.242827
0.245414
0.247956
0.250501
0.253118
0.25585
0.258793
0.261946
0.265439
0.269145
0.273274
0.277374
0.281881
0.285552
0.289513
0.290565
0.292037
0.285764
0.282354
0.260073
0.252672
0.197199
0.200463
0.0669216
0.142648
0.130225
0.156409
0.178535
0.191133
0.19686
0.200781
0.202265
0.203303
0.203388
0.203509
0.203126
0.202801
0.202205
0.201733
0.201319
0.201272
0.201622
0.202478
0.203705
0.20511
0.20642
0.207582
0.208801
0.210249
0.212025
0.214172
0.216665
0.219449
0.222438
0.225547
0.22869
0.231796
0.234811
0.237707
0.240472
0.243118
0.245671
0.248177
0.250681
0.253256
0.255945
0.258841
0.261948
0.265391
0.269048
0.273122
0.27717
0.281612
0.28523
0.289107
0.290105
0.291453
0.285149
0.281541
0.259358
0.251621
0.196652
0.199203
0.0671698
0.141075
0.131929
0.156862
0.178606
0.191087
0.196901
0.200869
0.202466
0.203537
0.20368
0.2038
0.203436
0.2031
0.20251
0.202028
0.201613
0.201556
0.201898
0.202734
0.203932
0.205305
0.206597
0.207765
0.209006
0.210486
0.212296
0.214478
0.217001
0.21981
0.222817
0.225937
0.229083
0.232184
0.235189
0.238066
0.240807
0.243423
0.245943
0.248412
0.250877
0.253409
0.256054
0.258905
0.261964
0.265358
0.268965
0.272983
0.276979
0.281356
0.284919
0.28871
0.289653
0.290871
0.284536
0.280724
0.258643
0.250565
0.196117
0.19794
0.0674484
0.139491
0.133569
0.157335
0.178699
0.191063
0.196955
0.20097
0.202675
0.203784
0.203984
0.204108
0.203765
0.203419
0.202837
0.202348
0.20193
0.201864
0.202195
0.203011
0.20418
0.205522
0.206797
0.207967
0.209227
0.210735
0.212578
0.214794
0.217348
0.220182
0.223209
0.22634
0.22949
0.232588
0.235581
0.23844
0.241156
0.243744
0.246229
0.248661
0.251087
0.253577
0.256179
0.258983
0.261996
0.26534
0.268898
0.27286
0.276804
0.281114
0.284621
0.288323
0.289208
0.290293
0.283924
0.279903
0.257927
0.249503
0.195593
0.196675
0.0677563
0.137896
0.135146
0.157826
0.178812
0.191059
0.197022
0.201083
0.202893
0.204041
0.204299
0.204433
0.204113
0.20376
0.203186
0.202691
0.202272
0.202195
0.202514
0.203309
0.204451
0.205763
0.207019
0.20819
0.209465
0.210998
0.212873
0.215121
0.217705
0.220566
0.223613
0.226757
0.229912
0.233006
0.235988
0.238829
0.241521
0.244079
0.246531
0.248926
0.251312
0.253761
0.256319
0.259077
0.262044
0.265338
0.268847
0.272753
0.276644
0.280887
0.284336
0.287947
0.288771
0.289718
0.283312
0.279079
0.257211
0.248436
0.19508
0.19541
0.068092
0.136291
0.136664
0.158331
0.178944
0.191076
0.197102
0.201208
0.203118
0.204309
0.204626
0.204773
0.204479
0.204123
0.203557
0.203059
0.20264
0.202553
0.202858
0.203631
0.204745
0.206027
0.207265
0.208436
0.209723
0.211278
0.213181
0.215459
0.218074
0.220961
0.224029
0.227187
0.230347
0.233439
0.23641
0.239234
0.241901
0.24443
0.246849
0.249206
0.251553
0.25396
0.256475
0.259188
0.262109
0.265353
0.268813
0.272663
0.2765
0.280675
0.284065
0.287582
0.288343
0.289147
0.282702
0.27825
0.256493
0.247363
0.194576
0.194143
0.0684542
0.13468
0.138125
0.158849
0.179094
0.191113
0.197196
0.201345
0.203352
0.204587
0.204962
0.205128
0.204862
0.204508
0.203952
0.203452
0.203035
0.202937
0.203228
0.203977
0.205063
0.206317
0.207537
0.208706
0.210003
0.211576
0.213504
0.21581
0.218454
0.221367
0.224457
0.227629
0.230796
0.233886
0.236847
0.239652
0.242297
0.244796
0.247181
0.249502
0.25181
0.254175
0.256648
0.259316
0.262191
0.265386
0.268797
0.27259
0.276374
0.280479
0.283809
0.28723
0.287924
0.288581
0.282093
0.277417
0.255773
0.246284
0.19408
0.192876
0.0688416
0.133064
0.139531
0.159377
0.179263
0.191169
0.197302
0.201494
0.203594
0.204876
0.205308
0.205497
0.205262
0.204914
0.20437
0.20387
0.203455
0.203349
0.203625
0.204349
0.205407
0.206632
0.207835
0.209001
0.210306
0.211895
0.213844
0.216176
0.218847
0.221785
0.224896
0.228083
0.231257
0.234345
0.237297
0.240086
0.242706
0.245177
0.247529
0.249814
0.252083
0.254407
0.256837
0.259461
0.262291
0.265437
0.268799
0.272536
0.276266
0.2803
0.283568
0.28689
0.287514
0.288019
0.281486
0.27658
0.255051
0.2452
0.193593
0.191608
0.0692527
0.131445
0.140885
0.159915
0.179449
0.191244
0.197422
0.201655
0.203845
0.205173
0.205664
0.205878
0.205676
0.20534
0.204811
0.204313
0.203903
0.203789
0.20405
0.204749
0.205777
0.206974
0.20816
0.209323
0.210634
0.212235
0.214203
0.216558
0.219253
0.222215
0.225346
0.228548
0.23173
0.234818
0.237761
0.240533
0.243131
0.245573
0.247893
0.250142
0.252373
0.254657
0.257045
0.259624
0.262409
0.265507
0.26882
0.272502
0.276177
0.28014
0.283344
0.286564
0.287115
0.287462
0.280879
0.275739
0.254326
0.24411
0.193112
0.190341
0.069686
0.129825
0.142188
0.160461
0.179651
0.191337
0.197555
0.201827
0.204104
0.20548
0.206028
0.20627
0.206103
0.205784
0.205275
0.204783
0.204378
0.204258
0.204504
0.205177
0.206176
0.207345
0.208514
0.209674
0.210989
0.212601
0.214584
0.216957
0.219674
0.222658
0.225808
0.229025
0.232214
0.235302
0.238237
0.240994
0.24357
0.245984
0.248273
0.250486
0.252679
0.254923
0.25727
0.259806
0.262547
0.265596
0.268862
0.272487
0.276108
0.279998
0.283138
0.286253
0.286727
0.286911
0.280274
0.274894
0.253598
0.243015
0.192638
0.189076
0.0701397
0.128208
0.143443
0.161012
0.179869
0.191447
0.197701
0.202012
0.204371
0.205797
0.2064
0.206674
0.206543
0.206245
0.205759
0.205277
0.20488
0.204755
0.204988
0.205635
0.206604
0.207745
0.208897
0.210054
0.211372
0.212992
0.214987
0.217376
0.220111
0.223114
0.226282
0.229512
0.232709
0.235798
0.238726
0.241468
0.244022
0.24641
0.248668
0.250847
0.253003
0.255208
0.257514
0.260008
0.262705
0.265707
0.268925
0.272494
0.276059
0.279877
0.28295
0.285957
0.28635
0.286366
0.27967
0.274045
0.252867
0.241914
0.192169
0.187812
0.070612
0.126596
0.144651
0.161569
0.180102
0.191575
0.197859
0.202207
0.204647
0.206122
0.206781
0.207088
0.206995
0.20672
0.206261
0.205795
0.205408
0.20528
0.205501
0.206123
0.207062
0.208175
0.209312
0.210465
0.211785
0.213411
0.215415
0.217816
0.220566
0.223585
0.226768
0.230011
0.233215
0.236304
0.239226
0.241954
0.244489
0.246851
0.249078
0.251224
0.253344
0.255511
0.257777
0.260229
0.262883
0.265838
0.269009
0.272522
0.276033
0.279776
0.28278
0.285676
0.285985
0.285827
0.279068
0.273192
0.252131
0.240808
0.191705
0.186551
0.071101
0.124994
0.145815
0.162129
0.18035
0.19172
0.198031
0.202415
0.204932
0.206456
0.20717
0.207511
0.207457
0.207209
0.20678
0.206334
0.205961
0.205834
0.206044
0.206642
0.207552
0.208637
0.209758
0.210907
0.212229
0.21386
0.215871
0.218279
0.22104
0.224071
0.227267
0.23052
0.233731
0.236822
0.239737
0.242453
0.244968
0.247306
0.249504
0.251618
0.253703
0.255832
0.25806
0.260471
0.263083
0.265992
0.269116
0.272573
0.276029
0.279697
0.282631
0.285413
0.285632
0.285295
0.278467
0.272336
0.251391
0.239696
0.191244
0.185293
0.0716042
0.123404
0.146935
0.162692
0.180611
0.19188
0.198214
0.202634
0.205224
0.206799
0.207567
0.207943
0.207928
0.20771
0.207314
0.206892
0.206539
0.206415
0.206616
0.207192
0.208073
0.209132
0.210237
0.211383
0.212706
0.214339
0.216354
0.218767
0.221534
0.224575
0.22778
0.231042
0.234258
0.237349
0.240259
0.242963
0.245461
0.247775
0.249946
0.252028
0.254079
0.256172
0.258363
0.260733
0.263305
0.266169
0.269246
0.272649
0.276049
0.279641
0.282503
0.285168
0.285293
0.28477
0.277868
0.271476
0.250646
0.23858
0.190785
0.184041
0.0721189
0.121832
0.148014
0.163256
0.180886
0.192056
0.19841
0.202864
0.205526
0.20715
0.207971
0.208384
0.208409
0.208222
0.20786
0.207467
0.207136
0.207021
0.207216
0.207772
0.208626
0.209659
0.21075
0.211892
0.213216
0.214851
0.216867
0.219281
0.222052
0.225097
0.228309
0.231576
0.234796
0.237887
0.240792
0.243485
0.245966
0.248259
0.250403
0.252455
0.254474
0.256532
0.258686
0.261018
0.263549
0.266369
0.269401
0.272749
0.276093
0.279609
0.282397
0.284941
0.284967
0.284253
0.277271
0.270613
0.249897
0.237459
0.190327
0.182794
0.0726417
0.120283
0.149052
0.16382
0.181174
0.192247
0.198619
0.203105
0.205836
0.20751
0.208383
0.208834
0.208899
0.208745
0.208418
0.208055
0.207752
0.20765
0.207844
0.208382
0.209211
0.21022
0.211296
0.212435
0.21376
0.215395
0.21741
0.219824
0.222593
0.225639
0.228853
0.232123
0.235345
0.238435
0.241335
0.244018
0.246483
0.248756
0.250875
0.252899
0.254887
0.256912
0.259031
0.261324
0.263817
0.266593
0.269581
0.272874
0.276163
0.279602
0.282314
0.284734
0.284656
0.283745
0.276677
0.269747
0.249142
0.236334
0.18987
0.181555
0.0731679
0.118762
0.150051
0.164385
0.181474
0.192453
0.198839
0.203357
0.206154
0.207878
0.208803
0.209292
0.209397
0.209277
0.208986
0.208656
0.208382
0.208299
0.208495
0.20902
0.209826
0.210813
0.211877
0.213013
0.214338
0.215972
0.217986
0.220395
0.22316
0.226202
0.229414
0.232684
0.235906
0.238993
0.241888
0.244562
0.247013
0.249266
0.251363
0.25336
0.255318
0.257311
0.259397
0.261654
0.264109
0.266843
0.269787
0.273027
0.27626
0.279621
0.282255
0.284547
0.284361
0.283246
0.276085
0.26888
0.248383
0.235206
0.18941
0.180324
0.0736913
0.117276
0.151013
0.164949
0.181786
0.192673
0.19907
0.20362
0.206481
0.208254
0.20923
0.209758
0.209904
0.209818
0.209565
0.209268
0.209026
0.208964
0.209168
0.209684
0.210471
0.211438
0.21249
0.213625
0.21495
0.216584
0.218594
0.220996
0.223752
0.226787
0.229994
0.23326
0.236478
0.239562
0.242451
0.245116
0.247554
0.24979
0.251866
0.253838
0.255769
0.257731
0.259785
0.262007
0.264426
0.267119
0.27002
0.273206
0.276385
0.279667
0.28222
0.284382
0.284081
0.282757
0.275497
0.268011
0.247619
0.234075
0.188947
0.179103
0.0742034
0.11583
0.151937
0.165512
0.182109
0.192907
0.199314
0.203893
0.206816
0.208638
0.209664
0.210232
0.210418
0.210368
0.210152
0.20989
0.20968
0.209642
0.209858
0.21037
0.211143
0.212093
0.213136
0.214271
0.215597
0.217229
0.219234
0.221627
0.224372
0.227396
0.230593
0.233851
0.237064
0.240142
0.243025
0.245681
0.248108
0.250328
0.252384
0.254334
0.256239
0.258172
0.260195
0.262384
0.264768
0.267421
0.270281
0.273415
0.276538
0.27974
0.282212
0.284239
0.283818
0.282278
0.274912
0.267141
0.24685
0.232941
0.188477
0.177892
0.0746922
0.114427
0.152826
0.166072
0.182444
0.193154
0.199568
0.204177
0.207159
0.20903
0.210105
0.210713
0.21094
0.210926
0.210747
0.210521
0.210345
0.210332
0.210563
0.211076
0.211839
0.212777
0.213813
0.214949
0.216277
0.217908
0.219906
0.222289
0.22502
0.228028
0.231212
0.234459
0.237662
0.240734
0.24361
0.246258
0.248673
0.25088
0.252918
0.254847
0.256728
0.258635
0.260629
0.262786
0.265137
0.267751
0.27057
0.273653
0.276721
0.279843
0.28223
0.284118
0.283573
0.281811
0.274331
0.266271
0.246078
0.231807
0.187998
0.176692
0.0751435
0.113072
0.153681
0.16663
0.182789
0.193414
0.199833
0.204471
0.207511
0.20943
0.210554
0.211202
0.211469
0.211492
0.211351
0.21116
0.211018
0.211032
0.21128
0.211798
0.212556
0.213485
0.214518
0.215657
0.216989
0.218618
0.22061
0.22298
0.225695
0.228685
0.231851
0.235083
0.238275
0.241338
0.244206
0.246845
0.249251
0.251445
0.253467
0.255377
0.257236
0.259119
0.261086
0.263213
0.265532
0.26811
0.27089
0.273922
0.276934
0.279976
0.282276
0.284022
0.283345
0.281356
0.273756
0.265403
0.245301
0.230672
0.187507
0.175506
0.0755446
0.111768
0.154501
0.167186
0.183145
0.193687
0.20011
0.204775
0.20787
0.209837
0.211008
0.211697
0.212005
0.212065
0.211962
0.211807
0.211699
0.211741
0.212008
0.212532
0.213289
0.214215
0.215248
0.216392
0.21773
0.219359
0.221344
0.223701
0.226397
0.229366
0.232511
0.235726
0.238903
0.241954
0.244813
0.247444
0.249841
0.252024
0.254033
0.255926
0.257765
0.259625
0.261567
0.263667
0.265955
0.268498
0.271239
0.274222
0.27718
0.28014
0.282351
0.283951
0.283137
0.280913
0.273187
0.264537
0.244522
0.229542
0.187005
0.174343
0.0758885
0.110521
0.155289
0.167739
0.183511
0.193972
0.200397
0.205089
0.208238
0.210251
0.21147
0.212199
0.212548
0.212645
0.21258
0.212462
0.212388
0.212458
0.212744
0.213278
0.214037
0.214962
0.215999
0.217152
0.218496
0.220127
0.222106
0.224449
0.227125
0.23007
0.233192
0.236386
0.239546
0.242584
0.245432
0.248055
0.250444
0.252617
0.254614
0.256493
0.258315
0.260154
0.262074
0.264147
0.266407
0.268916
0.271621
0.274555
0.277458
0.280337
0.282456
0.283906
0.282948
0.280485
0.272626
0.263676
0.243741
0.228419
0.186495
0.173214
0.076176
0.109339
0.156044
0.168288
0.183886
0.194268
0.200694
0.205413
0.208614
0.210673
0.211938
0.212707
0.213096
0.213232
0.213205
0.213123
0.213083
0.213182
0.213488
0.214033
0.214796
0.215724
0.216767
0.21793
0.219285
0.220919
0.222893
0.225222
0.227878
0.230798
0.233894
0.237064
0.240204
0.243227
0.246064
0.248679
0.25106
0.253225
0.255212
0.257078
0.258885
0.260707
0.262605
0.264654
0.266888
0.269365
0.272035
0.274921
0.277771
0.280566
0.282591
0.283887
0.28278
0.280071
0.272072
0.262821
0.242962
0.227313
0.185984
0.172137
0.0764144
0.108234
0.156767
0.168834
0.184271
0.194576
0.201001
0.205747
0.208997
0.211102
0.212412
0.213221
0.213651
0.213824
0.213835
0.213791
0.213785
0.213913
0.21424
0.214797
0.215566
0.216498
0.21755
0.218726
0.220091
0.221731
0.2237
0.226017
0.228652
0.231547
0.234616
0.237759
0.240878
0.243883
0.246709
0.249315
0.251689
0.253848
0.255827
0.257683
0.259477
0.261282
0.263163
0.26519
0.267399
0.269846
0.272482
0.275322
0.278118
0.28083
0.282758
0.283896
0.282632
0.279674
0.271528
0.261974
0.242187
0.226234
0.185477
0.171124
0.076614
0.107219
0.15746
0.169377
0.184665
0.194895
0.201319
0.20609
0.209388
0.211538
0.212892
0.213742
0.214211
0.214423
0.214472
0.214464
0.214493
0.214649
0.214998
0.215568
0.216344
0.217282
0.218344
0.219533
0.220912
0.222559
0.224526
0.22683
0.229446
0.232315
0.235355
0.238472
0.241567
0.244554
0.247367
0.249964
0.252333
0.254486
0.256459
0.258307
0.260091
0.261883
0.263746
0.265754
0.267941
0.27036
0.272963
0.275759
0.278501
0.281129
0.282956
0.283932
0.282506
0.279293
0.270995
0.261138
0.241421
0.225193
0.184983
0.170188
0.0767854
0.106301
0.158122
0.169916
0.185069
0.195225
0.201646
0.206442
0.209787
0.21198
0.213378
0.214267
0.214777
0.215026
0.215114
0.215143
0.215206
0.215391
0.215762
0.216346
0.21713
0.218076
0.219148
0.220352
0.221745
0.223399
0.225365
0.227657
0.230253
0.233098
0.23611
0.2392
0.24227
0.245239
0.248038
0.250627
0.25299
0.25514
0.257109
0.258951
0.260727
0.262507
0.264357
0.266347
0.268514
0.270906
0.273479
0.276231
0.278921
0.281464
0.283188
0.283996
0.282402
0.27893
0.270472
0.260318
0.240672
0.2242
0.184509
0.169334
0.0769382
0.105482
0.158754
0.170452
0.185481
0.195565
0.201983
0.206804
0.210194
0.212429
0.213869
0.214799
0.215348
0.215635
0.21576
0.215826
0.215924
0.216138
0.216531
0.21713
0.217924
0.218878
0.219961
0.221179
0.222586
0.224249
0.226215
0.228498
0.231074
0.233893
0.236877
0.23994
0.242987
0.245936
0.248722
0.251303
0.253662
0.255809
0.257777
0.259615
0.261385
0.263157
0.264996
0.26697
0.269119
0.271487
0.274031
0.276741
0.279377
0.281835
0.283451
0.284088
0.282321
0.278585
0.269961
0.25952
0.239945
0.223263
0.18406
0.168566
0.0770811
0.104764
0.159356
0.170984
0.185903
0.195915
0.202329
0.207175
0.210608
0.212885
0.214367
0.215335
0.215923
0.216248
0.216411
0.216513
0.216645
0.216889
0.217305
0.217919
0.218724
0.219686
0.220781
0.222014
0.223435
0.225107
0.227074
0.229347
0.231906
0.234699
0.237654
0.240689
0.243713
0.246645
0.249419
0.251992
0.254348
0.256495
0.258462
0.2603
0.262066
0.263832
0.265662
0.267623
0.269756
0.272102
0.27462
0.277288
0.279872
0.282242
0.283748
0.284207
0.282261
0.278258
0.269465
0.25875
0.239246
0.222387
0.183643
0.167884
0.0772219
0.104141
0.159929
0.171514
0.186333
0.196275
0.202684
0.207554
0.21103
0.213347
0.21487
0.215877
0.216504
0.216866
0.217066
0.217204
0.21737
0.217643
0.218082
0.218713
0.219528
0.220501
0.221608
0.222855
0.22429
0.225971
0.227938
0.230204
0.232746
0.235514
0.238442
0.241446
0.244445
0.247359
0.250123
0.252692
0.255048
0.257196
0.259166
0.261004
0.262771
0.264533
0.266356
0.268307
0.270426
0.272752
0.275245
0.277874
0.280405
0.282685
0.284075
0.284353
0.282223
0.277951
0.268986
0.258015
0.23858
0.221578
0.183261
0.167287
0.0773678
0.103608
0.160472
0.172041
0.186772
0.196645
0.203048
0.207942
0.211458
0.213816
0.215378
0.216423
0.217088
0.217488
0.217725
0.217899
0.218098
0.218401
0.218862
0.21951
0.220338
0.221321
0.22244
0.223702
0.22515
0.226839
0.228808
0.231066
0.233591
0.236337
0.239237
0.242213
0.245185
0.248078
0.250831
0.253398
0.255757
0.257911
0.259886
0.261729
0.263497
0.265258
0.267078
0.269021
0.271129
0.273438
0.275906
0.278497
0.280975
0.283164
0.284433
0.284525
0.282207
0.277664
0.268529
0.25732
0.237954
0.220838
0.18292
0.166773
0.0775248
0.103161
0.160987
0.172565
0.187219
0.197023
0.203421
0.208339
0.211894
0.214291
0.215892
0.216975
0.217677
0.218114
0.218387
0.218597
0.218829
0.219161
0.219646
0.22031
0.221151
0.222145
0.223277
0.224553
0.226014
0.227712
0.229681
0.231932
0.234441
0.237165
0.240039
0.242987
0.245933
0.248805
0.251543
0.254107
0.256471
0.258635
0.260621
0.262472
0.264245
0.266009
0.267827
0.269765
0.271864
0.274158
0.276605
0.279158
0.281582
0.283675
0.284818
0.284723
0.28221
0.2774
0.268097
0.256668
0.23737
0.220168
0.182622
0.16634
0.0776986
0.102793
0.161472
0.173088
0.187675
0.197411
0.203803
0.208744
0.212337
0.214771
0.21641
0.217531
0.21827
0.218743
0.219053
0.219297
0.219563
0.219923
0.220431
0.221113
0.221967
0.222973
0.224117
0.225407
0.226881
0.228587
0.230557
0.2328
0.235295
0.237997
0.240845
0.243767
0.246688
0.249538
0.252262
0.254819
0.257186
0.259362
0.261364
0.26323
0.265014
0.266783
0.268603
0.270539
0.272631
0.274912
0.277339
0.279855
0.282222
0.284216
0.285228
0.284943
0.282234
0.277161
0.267692
0.256064
0.236832
0.219569
0.182371
0.165983
0.0778936
0.102498
0.161929
0.173608
0.18814
0.197806
0.204193
0.209158
0.212787
0.215258
0.216934
0.218091
0.218867
0.219376
0.219721
0.22
0.220298
0.220687
0.221218
0.221918
0.222786
0.223804
0.224961
0.226265
0.227751
0.229464
0.231435
0.233671
0.236151
0.238833
0.241656
0.244552
0.247449
0.250279
0.252988
0.255537
0.257905
0.26009
0.262108
0.263994
0.265796
0.267577
0.269404
0.27134
0.273429
0.275699
0.278107
0.280586
0.282894
0.284784
0.285662
0.285186
0.282277
0.276948
0.267317
0.25551
0.236345
0.219042
0.182169
0.165702
0.0781138
0.102272
0.162358
0.174128
0.188613
0.198211
0.204591
0.209579
0.213244
0.21575
0.217463
0.218655
0.219467
0.220011
0.220392
0.220705
0.221035
0.221452
0.222007
0.222725
0.223606
0.224637
0.225806
0.227124
0.228622
0.230343
0.232315
0.234544
0.23701
0.239671
0.242471
0.245342
0.248215
0.251025
0.25372
0.256261
0.258628
0.26082
0.262853
0.264758
0.266582
0.268383
0.270223
0.272166
0.274255
0.276516
0.278906
0.281346
0.283591
0.285374
0.286117
0.285449
0.282341
0.276763
0.266976
0.255008
0.235909
0.218584
0.182017
0.16549
0.0783622
0.102109
0.162757
0.174648
0.189094
0.198623
0.204997
0.210009
0.213708
0.216248
0.217996
0.219224
0.220071
0.22065
0.221065
0.221412
0.221774
0.222219
0.222796
0.223532
0.224428
0.225472
0.226654
0.227985
0.229495
0.231222
0.233195
0.235417
0.237869
0.240511
0.243288
0.246135
0.248985
0.251776
0.254457
0.256991
0.259358
0.261555
0.2636
0.265523
0.267368
0.269191
0.27105
0.273007
0.275101
0.277356
0.279729
0.282129
0.284307
0.285983
0.28659
0.285732
0.282424
0.276607
0.266669
0.254558
0.235526
0.218196
0.181916
0.165347
0.0786414
0.102005
0.163127
0.175167
0.189584
0.199043
0.205411
0.210446
0.214178
0.216752
0.218535
0.219797
0.220679
0.221292
0.221741
0.222121
0.222513
0.222986
0.223587
0.224341
0.225251
0.226308
0.227503
0.228847
0.230368
0.232102
0.234076
0.236291
0.23873
0.241353
0.244108
0.246932
0.24976
0.252533
0.2552
0.257726
0.260092
0.262295
0.264351
0.266289
0.268154
0.269998
0.271878
0.273851
0.275955
0.278209
0.280566
0.282926
0.285036
0.286605
0.287077
0.286034
0.282529
0.276481
0.266397
0.254162
0.235197
0.217874
0.181865
0.165267
0.0789541
0.101955
0.163468
0.175688
0.190082
0.19947
0.205833
0.210891
0.214655
0.217261
0.219077
0.220373
0.221289
0.221936
0.222419
0.222831
0.223254
0.223754
0.224378
0.22515
0.226075
0.227145
0.228353
0.229709
0.231241
0.232982
0.234956
0.237165
0.239591
0.242196
0.244929
0.247731
0.250538
0.253293
0.255948
0.258467
0.260832
0.26304
0.265106
0.267059
0.268942
0.270805
0.272705
0.274695
0.27681
0.279065
0.281407
0.283728
0.285774
0.287241
0.28758
0.286354
0.282653
0.276383
0.266163
0.25382
0.234923
0.217616
0.181865
0.165248
0.0793019
0.101956
0.16378
0.176212
0.190589
0.199905
0.206263
0.211344
0.215138
0.217776
0.219624
0.220953
0.221903
0.222583
0.223098
0.223543
0.223996
0.224522
0.225169
0.22596
0.2269
0.227982
0.229203
0.230572
0.232114
0.233862
0.235836
0.238039
0.240453
0.24304
0.245753
0.248533
0.25132
0.254058
0.2567
0.259212
0.261576
0.263789
0.265865
0.267832
0.269732
0.271614
0.273532
0.275538
0.277665
0.279921
0.282249
0.284535
0.286519
0.287889
0.288098
0.286692
0.282795
0.276313
0.265966
0.25353
0.234702
0.217421
0.181915
0.165287
0.0796863
0.102003
0.164062
0.176738
0.191104
0.200346
0.2067
0.211805
0.215627
0.218295
0.220176
0.221537
0.22252
0.223232
0.22378
0.224255
0.224738
0.225291
0.22596
0.226769
0.227724
0.22882
0.230053
0.231434
0.232987
0.23474
0.236715
0.238912
0.241314
0.243884
0.246577
0.249337
0.252104
0.254825
0.257456
0.259961
0.262324
0.264542
0.266627
0.268608
0.270523
0.272424
0.27436
0.276381
0.278519
0.280776
0.283094
0.285345
0.287272
0.288548
0.288629
0.287044
0.282954
0.27627
0.265805
0.253292
0.234534
0.217284
0.182013
0.165379
0.0801084
0.102095
0.164313
0.177268
0.191627
0.200795
0.207144
0.212272
0.216123
0.21882
0.220731
0.222124
0.223139
0.223884
0.224462
0.224969
0.22548
0.226059
0.22675
0.227578
0.228548
0.229657
0.230903
0.232296
0.233858
0.235617
0.237592
0.239784
0.242174
0.244729
0.247403
0.250142
0.252891
0.255596
0.258215
0.260714
0.263077
0.265298
0.267392
0.269386
0.271317
0.273234
0.275187
0.277224
0.279372
0.281632
0.283939
0.28616
0.288033
0.289217
0.28917
0.287407
0.283127
0.276253
0.26568
0.253103
0.234418
0.217204
0.182158
0.165521
0.0805693
0.102229
0.164534
0.177804
0.192159
0.201249
0.207596
0.212747
0.216624
0.21935
0.221291
0.222715
0.223761
0.224537
0.225147
0.225683
0.226223
0.226827
0.22754
0.228386
0.229371
0.230494
0.231752
0.233156
0.234728
0.236493
0.238468
0.240655
0.243033
0.245573
0.248228
0.250949
0.253679
0.25637
0.258978
0.261471
0.263832
0.266058
0.26816
0.270166
0.272112
0.274045
0.276015
0.278066
0.280225
0.282488
0.284785
0.286979
0.2888
0.289895
0.289719
0.287778
0.28331
0.276259
0.265591
0.252963
0.234351
0.217176
0.182349
0.165712
0.0810695
0.102402
0.164724
0.178347
0.192699
0.20171
0.208055
0.213229
0.217132
0.219884
0.221854
0.223309
0.224385
0.225192
0.225832
0.226398
0.226965
0.227595
0.22833
0.229194
0.230194
0.23133
0.2326
0.234016
0.235597
0.237367
0.239343
0.241524
0.243892
0.246416
0.249054
0.251756
0.25447
0.257146
0.259743
0.26223
0.26459
0.26682
0.268931
0.270947
0.272907
0.274856
0.276841
0.278907
0.281077
0.283342
0.285633
0.287801
0.289572
0.290578
0.29027
0.288151
0.283502
0.276287
0.265535
0.252869
0.234332
0.217199
0.182583
0.165947
0.0816096
0.102615
0.164881
0.178898
0.193247
0.202176
0.208521
0.213718
0.217645
0.220423
0.222422
0.223905
0.225012
0.225848
0.226518
0.227113
0.227708
0.228362
0.229118
0.23
0.231016
0.232164
0.233447
0.234874
0.236463
0.238239
0.240215
0.242391
0.244748
0.247258
0.24988
0.252565
0.255262
0.257924
0.26051
0.262992
0.265351
0.267585
0.269703
0.27173
0.273703
0.275667
0.277667
0.279746
0.281927
0.284197
0.286481
0.288625
0.290346
0.291261
0.290816
0.288521
0.283699
0.276334
0.265511
0.252818
0.234359
0.217269
0.182858
0.166224
0.0821905
0.102866
0.165006
0.179459
0.193802
0.202648
0.208994
0.214213
0.218163
0.220967
0.222993
0.224505
0.225641
0.226506
0.227205
0.227828
0.22845
0.229128
0.229905
0.230805
0.231836
0.232998
0.234293
0.23573
0.237328
0.239108
0.241084
0.243255
0.245603
0.248099
0.250705
0.253373
0.256054
0.258703
0.26128
0.263756
0.266115
0.268351
0.270476
0.272514
0.2745
0.276477
0.278491
0.280584
0.282775
0.28505
0.287329
0.28945
0.291118
0.291937
0.291352
0.288883
0.283896
0.276398
0.265517
0.252808
0.234429
0.217383
0.183174
0.166542
0.082813
0.103156
0.165098
0.180032
0.194366
0.203126
0.209474
0.214716
0.218687
0.221515
0.223567
0.225107
0.226272
0.227166
0.227893
0.228543
0.229191
0.229893
0.230691
0.231608
0.232654
0.233829
0.235136
0.236584
0.23819
0.239975
0.241951
0.244118
0.246456
0.248939
0.25153
0.254181
0.256848
0.259484
0.262052
0.264523
0.26688
0.269119
0.271251
0.273298
0.275296
0.277286
0.279314
0.28142
0.283621
0.285901
0.288175
0.290269
0.291879
0.292596
0.291868
0.289232
0.284093
0.276477
0.265552
0.252837
0.234539
0.217538
0.183526
0.166898
0.0834786
0.103486
0.165156
0.180619
0.194936
0.203609
0.209961
0.215224
0.219217
0.222067
0.224145
0.225712
0.226904
0.227826
0.228581
0.229258
0.229931
0.230657
0.231475
0.23241
0.233471
0.234659
0.235977
0.237435
0.239049
0.240839
0.242815
0.244977
0.247307
0.249777
0.252353
0.25499
0.257642
0.260265
0.262824
0.26529
0.267646
0.269889
0.272027
0.274083
0.276091
0.278094
0.280135
0.282253
0.284464
0.286747
0.289012
0.291074
0.29262
0.293229
0.292359
0.289563
0.284285
0.27657
0.265614
0.252902
0.234687
0.21773
0.183915
0.167292
0.0841896
0.10386
0.165178
0.181222
0.195513
0.204097
0.210454
0.215739
0.219751
0.222623
0.224726
0.22632
0.227539
0.228488
0.229269
0.229973
0.230671
0.231419
0.232258
0.23321
0.234285
0.235487
0.236816
0.238284
0.239906
0.241699
0.243676
0.245834
0.248155
0.250613
0.253175
0.255797
0.258435
0.261048
0.263598
0.266059
0.268414
0.270659
0.272803
0.274867
0.276886
0.2789
0.280953
0.283081
0.285299
0.287582
0.289831
0.291854
0.293327
0.293826
0.292817
0.289872
0.284472
0.276675
0.265702
0.253001
0.23487
0.217959
0.184338
0.167723
0.084949
0.104283
0.165165
0.181843
0.196096
0.20459
0.210955
0.21626
0.22029
0.223184
0.225311
0.226929
0.228175
0.22915
0.229957
0.230687
0.231409
0.23218
0.233038
0.234008
0.235098
0.236312
0.237653
0.23913
0.240759
0.242557
0.244534
0.246688
0.248999
0.251447
0.253995
0.256603
0.259229
0.26183
0.264372
0.266828
0.269182
0.271429
0.273578
0.275649
0.277676
0.2797
0.281761
0.283896
0.286116
0.288391
0.290618
0.292595
0.293993
0.294381
0.293238
0.290157
0.284651
0.27679
0.265812
0.25313
0.235086
0.218222
0.184796
0.168192
0.0857612
0.104761
0.165113
0.182485
0.196685
0.205087
0.211462
0.216788
0.220835
0.223748
0.225898
0.227541
0.228812
0.229813
0.230646
0.2314
0.232146
0.232939
0.233817
0.234803
0.235907
0.237134
0.238486
0.239973
0.241609
0.24341
0.245387
0.247538
0.249841
0.252277
0.254813
0.257408
0.26002
0.262611
0.265145
0.267596
0.269948
0.272195
0.274347
0.276423
0.278456
0.280484
0.28255
0.284686
0.286901
0.289163
0.291361
0.293288
0.294607
0.294887
0.293618
0.290414
0.284821
0.276914
0.265944
0.253289
0.235334
0.218518
0.185287
0.168702
0.0866324
0.105305
0.165024
0.18315
0.197278
0.20559
0.211976
0.21732
0.221383
0.224315
0.226488
0.228155
0.22945
0.230476
0.231333
0.232112
0.232881
0.233695
0.234592
0.235595
0.236714
0.237953
0.239315
0.240811
0.242454
0.244258
0.246235
0.248383
0.250677
0.253103
0.255625
0.258206
0.260806
0.263384
0.265909
0.268353
0.270701
0.272946
0.275098
0.277175
0.279209
0.281238
0.283303
0.285435
0.287641
0.289884
0.292049
0.293923
0.295162
0.295337
0.293952
0.290644
0.284981
0.277046
0.266096
0.253474
0.23561
0.218846
0.185815
0.169256
0.0875699
0.10593
0.164895
0.183842
0.197874
0.206097
0.212496
0.217858
0.221936
0.224886
0.22708
0.22877
0.230089
0.231138
0.23202
0.232821
0.233613
0.234448
0.235363
0.236382
0.237514
0.238765
0.240137
0.241641
0.243289
0.245096
0.24707
0.24921
0.251497
0.253911
0.256419
0.258985
0.261569
0.264134
0.266647
0.269082
0.271423
0.273664
0.275812
0.277887
0.279919
0.281947
0.284007
0.286132
0.288325
0.290546
0.292675
0.294493
0.295653
0.295728
0.294239
0.290844
0.285133
0.277187
0.266267
0.253685
0.235917
0.219208
0.186382
0.169864
0.0885819
0.106656
0.164726
0.184566
0.198473
0.206609
0.213022
0.218401
0.222492
0.225459
0.227672
0.229384
0.230725
0.231797
0.232701
0.233525
0.234337
0.235191
0.236123
0.237156
0.238301
0.239561
0.240942
0.242451
0.244101
0.24591
0.247887
0.250006
0.25228
0.254679
0.25717
0.259718
0.262286
0.264836
0.267337
0.269762
0.272096
0.274332
0.276476
0.278548
0.280578
0.282601
0.284655
0.28677
0.288947
0.291141
0.293231
0.29499
0.296071
0.296055
0.294477
0.291014
0.285275
0.277335
0.266457
0.253923
0.236255
0.219611
0.186994
0.170533
0.0896704
0.107508
0.164514
0.185329
0.199075
0.207125
0.21355
0.218944
0.223046
0.226027
0.228257
0.229988
0.231349
0.23244
0.233364
0.234206
0.235035
0.235904
0.236849
0.237893
0.239045
0.24031
0.241692
0.243201
0.244848
0.246642
0.248596
0.250722
0.252987
0.255372
0.257848
0.260381
0.262935
0.265473
0.267964
0.270381
0.272709
0.274941
0.277082
0.279152
0.281177
0.283194
0.28524
0.287341
0.289498
0.291662
0.293708
0.295407
0.296414
0.296316
0.294666
0.291157
0.285409
0.27749
0.266665
0.254189
0.236626
0.220055
0.187649
0.171263
0.0907991
0.108494
0.164236
0.186119
0.199679
0.20765
0.214081
0.219482
0.22359
0.22658
0.228822
0.230566
0.23194
0.233045
0.233982
0.234837
0.235678
0.236558
0.237511
0.238561
0.239718
0.240987
0.242373
0.243884
0.245536
0.247345
0.249299
0.251378
0.253628
0.255998
0.258459
0.26098
0.263522
0.26605
0.268532
0.270942
0.273264
0.275491
0.277628
0.279691
0.28171
0.283718
0.285751
0.287835
0.289967
0.292097
0.294098
0.295738
0.296679
0.296514
0.294811
0.291275
0.285536
0.277651
0.266886
0.254475
0.237023
0.220529
0.188334
0.172033
0.0918784
0.109584
0.163802
0.186771
0.200126
0.208074
0.214522
0.219925
0.224031
0.227022
0.22927
0.23102
0.2324
0.233512
0.234455
0.235316
0.236163
0.237046
0.238001
0.239051
0.240206
0.24147
0.242848
0.244349
0.245984
0.247765
0.249709
0.251824
0.254075
0.256441
0.258896
0.261411
0.263948
0.266472
0.268951
0.271361
0.273684
0.275912
0.27805
0.280113
0.28213
0.284132
0.286155
0.288222
0.290329
0.292426
0.294382
0.295971
0.296858
0.296651
0.294926
0.29139
0.285675
0.277831
0.267122
0.254746
0.237392
0.220965
0.188885
0.172776
0.0927629
0.110712
0.164096
0.188032
0.200856
0.208629
0.215053
0.220431
0.224515
0.227493
0.229736
0.231487
0.232873
0.233993
0.234946
0.235818
0.236676
0.237571
0.238537
0.239596
0.24076
0.242031
0.243416
0.244924
0.246567
0.248356
0.250296
0.252392
0.254624
0.25698
0.25943
0.261938
0.26447
0.26699
0.269465
0.271871
0.274188
0.276409
0.278536
0.280586
0.282584
0.284561
0.286552
0.288578
0.290637
0.292678
0.294576
0.296112
0.296962
0.296743
0.29504
0.291554
0.285907
0.278145
0.267517
0.255257
0.23796
0.221704
0.189671
0.173947
0.0937543
0.112559
)
;

boundaryField
{
    inlet
    {
        type            zeroGradient;
    }
    outlet
    {
        type            fixedValue;
        value           uniform 0;
    }
    fixedWalls
    {
        type            zeroGradient;
    }
    frontAndBack
    {
        type            empty;
    }
}


// ************************************************************************* //
