0.0025	6.90748e-06
0.005	7.15174e-06
0.0075	8.65479e-06
0.01	8.22054e-06
0.0125	9.58216e-06
0.015	9.72074e-06
0.0175	7.07399e-06
0.02	8.41826e-06
0.0225	9.8764e-06
0.025	6.93201e-06
0.0275	8.27748e-06
0.03	9.09442e-06
0.0325	6.97853e-06
0.035	6.95402e-06
0.0375	9.47018e-06
0.04	7.78553e-06
0.0425	8.2689e-06
0.045	8.11296e-06
0.0475	8.15233e-06
0.05	7.67137e-06
0.0525	9.40892e-06
0.055	9.03849e-06
0.0575	7.44927e-06
0.06	9.30843e-06
0.0625	6.2401e-06
0.065	8.71056e-06
0.0675	9.16714e-06
0.07	7.77585e-06
0.0725	7.8248e-06
0.075	6.84128e-06
0.0775	6.71224e-06
0.08	6.00817e-06
0.0825	5.86466e-06
0.085	9.92371e-06
0.0875	9.69034e-06
0.09	8.89558e-06
0.0925	8.58294e-06
0.095	8.0061e-06
0.0975	7.74122e-06
0.1	7.30083e-06
0.1025	7.07873e-06
0.105	6.76079e-06
0.1075	6.53326e-06
0.11	6.32335e-06
0.1125	6.13115e-06
0.115	5.94244e-06
0.1175	5.76082e-06
0.12	5.58282e-06
0.1225	5.40903e-06
0.125	5.23827e-06
0.1275	5.06999e-06
0.13	4.90162e-06
0.1325	4.73987e-06
0.135	9.90187e-06
0.1375	9.70828e-06
0.14	9.39374e-06
0.1425	9.18185e-06
0.145	8.92295e-06
0.1475	8.68766e-06
0.15	8.43241e-06
0.1525	8.19252e-06
0.155	7.94632e-06
0.1575	7.72064e-06
0.16	7.48788e-06
0.1625	7.26427e-06
0.165	7.04975e-06
0.1675	6.85238e-06
0.17	6.64994e-06
0.1725	6.50369e-06
0.175	6.33422e-06
0.1775	6.20617e-06
0.18	6.04854e-06
0.1825	5.93846e-06
0.185	5.73999e-06
0.1875	5.58397e-06
0.19	5.47108e-06
0.1925	5.32771e-06
0.195	5.22456e-06
0.1975	5.10624e-06
0.2	5.02105e-06
0.2025	4.9198e-06
0.205	4.84455e-06
0.2075	4.74518e-06
0.21	4.66941e-06
0.2125	4.58812e-06
0.215	4.51263e-06
0.2175	4.42619e-06
0.22	4.35528e-06
0.2225	4.26995e-06
0.225	4.20309e-06
0.2275	4.13045e-06
0.23	4.06826e-06
0.2325	4.00272e-06
0.235	3.9429e-06
0.2375	3.87453e-06
0.24	3.81224e-06
0.2425	3.7452e-06
0.245	3.68117e-06
0.2475	3.6141e-06
0.25	3.5512e-06
0.2525	3.48496e-06
0.255	3.42296e-06
0.2575	3.35992e-06
0.26	3.3028e-06
0.2625	9.90989e-06
0.265	9.85855e-06
0.2675	9.7041e-06
0.27	9.58985e-06
0.2725	9.4637e-06
0.275	9.36391e-06
0.2775	9.23876e-06
0.28	9.12763e-06
0.2825	8.99848e-06
0.285	8.88168e-06
0.2875	8.75e-06
0.29	8.63371e-06
0.2925	8.51117e-06
0.295	8.40746e-06
0.2975	8.29525e-06
0.3	8.19994e-06
0.3025	8.09742e-06
0.305	8.01605e-06
0.3075	7.92208e-06
0.31	7.84096e-06
0.3125	7.74585e-06
0.315	7.6659e-06
0.3175	7.56502e-06
0.32	7.4849e-06
0.3225	7.38376e-06
0.325	7.31256e-06
0.3275	7.21778e-06
0.33	7.15292e-06
0.3325	7.06221e-06
0.335	7.00411e-06
0.3375	6.92045e-06
0.34	6.86845e-06
0.3425	6.78793e-06
0.345	6.73843e-06
0.3475	6.65907e-06
0.35	6.60866e-06
0.3525	6.52673e-06
0.355	6.47614e-06
0.3575	6.39816e-06
0.36	6.35104e-06
0.3625	6.28084e-06
0.365	6.22216e-06
0.3675	6.15621e-06
0.37	6.10522e-06
0.3725	6.03924e-06
0.375	5.99703e-06
0.3775	5.93286e-06
0.38	5.89276e-06
0.3825	5.82921e-06
0.385	5.78919e-06
0.3875	5.72563e-06
0.39	5.68563e-06
0.3925	5.62305e-06
0.395	5.58431e-06
0.3975	5.52122e-06
0.4	5.48113e-06
0.4025	5.42072e-06
0.405	5.38007e-06
0.4075	5.32217e-06
0.41	5.28465e-06
0.4125	5.23118e-06
0.415	5.19634e-06
0.4175	5.14298e-06
0.42	5.10864e-06
0.4225	5.05478e-06
0.425	5.02227e-06
0.4275	4.9693e-06
0.43	4.938e-06
0.4325	4.88017e-06
0.435	4.84966e-06
0.4375	4.79955e-06
0.44	4.75902e-06
0.4425	4.7141e-06
0.445	4.67549e-06
0.4475	4.63712e-06
0.45	4.60062e-06
0.4525	4.561e-06
0.455	4.52871e-06
0.4575	4.49088e-06
0.46	4.46003e-06
0.4625	4.42357e-06
0.465	4.39491e-06
0.4675	4.35403e-06
0.47	4.33408e-06
0.4725	4.29757e-06
0.475	4.27228e-06
0.4775	4.23768e-06
0.48	4.21129e-06
0.4825	4.17933e-06
0.485	4.15442e-06
0.4875	4.12377e-06
0.49	4.1001e-06
0.4925	4.07223e-06
0.495	4.05079e-06
0.4975	4.02261e-06
0.5	4.00022e-06
0.5025	3.97175e-06
0.505	3.94921e-06
0.5075	3.92036e-06
0.51	3.89732e-06
0.5125	3.8685e-06
0.515	3.84316e-06
0.5175	3.81854e-06
0.52	3.79241e-06
0.5225	3.76808e-06
0.525	3.74585e-06
0.5275	3.71943e-06
0.53	3.70076e-06
0.5325	3.67591e-06
0.535	3.65754e-06
0.5375	3.63342e-06
0.54	3.61558e-06
0.5425	3.59043e-06
0.545	3.57215e-06
0.5475	3.54652e-06
0.55	3.52827e-06
0.5525	3.50196e-06
0.555	3.48297e-06
0.5575	3.45669e-06
0.56	3.43908e-06
0.5625	3.41546e-06
0.565	3.39648e-06
0.5675	3.37693e-06
0.57	3.35854e-06
0.5725	3.33978e-06
0.575	3.32077e-06
0.5775	3.30244e-06
0.58	3.28404e-06
0.5825	3.26545e-06
0.585	3.24667e-06
0.5875	3.22767e-06
0.59	3.20859e-06
0.5925	3.18936e-06
0.595	3.17021e-06
0.5975	3.15177e-06
0.6	3.13438e-06
0.6025	3.11727e-06
0.605	3.10043e-06
0.6075	3.08358e-06
0.61	3.06721e-06
0.6125	3.05123e-06
0.615	3.03501e-06
0.6175	3.01895e-06
0.62	3.00337e-06
0.6225	2.98712e-06
0.625	2.97106e-06
0.6275	2.95469e-06
0.63	2.93843e-06
0.6325	2.92208e-06
0.635	2.9065e-06
0.6375	2.89205e-06
0.64	2.87748e-06
0.6425	2.86357e-06
0.645	2.84896e-06
0.6475	2.83481e-06
0.65	2.82072e-06
0.6525	2.80679e-06
0.655	2.79325e-06
0.6575	2.7798e-06
0.66	2.76641e-06
0.6625	2.75296e-06
0.665	2.73922e-06
0.6675	2.7255e-06
0.67	2.71188e-06
0.6725	2.69853e-06
0.675	2.68576e-06
0.6775	2.67291e-06
0.68	2.6609e-06
0.6825	2.64875e-06
0.685	2.63676e-06
0.6875	2.6244e-06
0.69	2.61188e-06
0.6925	2.60003e-06
0.695	2.58801e-06
0.6975	2.57601e-06
0.7	2.56387e-06
0.7025	2.55193e-06
0.705	2.54032e-06
0.7075	2.52891e-06
0.71	2.51744e-06
0.7125	2.50649e-06
0.715	2.49504e-06
0.7175	2.48436e-06
0.72	2.47358e-06
0.7225	2.46303e-06
0.725	2.45205e-06
0.7275	2.44128e-06
0.73	2.43043e-06
0.7325	2.42015e-06
0.735	2.40908e-06
0.7375	2.39872e-06
0.74	2.38805e-06
0.7425	2.37731e-06
0.745	2.36699e-06
0.7475	2.35723e-06
0.75	2.34778e-06
0.7525	2.33832e-06
0.755	2.32892e-06
0.7575	2.31943e-06
0.76	2.30994e-06
0.7625	2.30043e-06
0.765	2.29103e-06
0.7675	2.28139e-06
0.77	2.27152e-06
0.7725	2.26209e-06
0.775	2.25301e-06
0.7775	2.24372e-06
0.78	2.23436e-06
0.7825	2.22492e-06
0.785	2.21604e-06
0.7875	2.20739e-06
0.79	2.19894e-06
0.7925	2.19074e-06
0.795	2.18245e-06
0.7975	2.1741e-06
0.8	2.16578e-06
0.8025	2.15739e-06
0.805	2.14912e-06
0.8075	2.14064e-06
0.81	2.13222e-06
0.8125	2.12379e-06
0.815	2.11525e-06
0.8175	2.10686e-06
0.82	2.0987e-06
0.8225	2.09103e-06
0.825	2.08333e-06
0.8275	2.07581e-06
0.83	2.06816e-06
0.8325	2.06076e-06
0.835	2.05302e-06
0.8375	2.04616e-06
0.84	2.03852e-06
0.8425	2.03133e-06
0.845	2.02388e-06
0.8475	2.01663e-06
0.85	2.00908e-06
0.8525	2.00187e-06
0.855	1.99443e-06
0.8575	1.98712e-06
0.86	1.97992e-06
0.8625	1.97321e-06
0.865	1.96649e-06
0.8675	1.95988e-06
0.87	1.95326e-06
0.8725	1.94689e-06
0.875	1.94027e-06
0.8775	1.93358e-06
0.88	1.9271e-06
0.8825	1.92058e-06
0.885	1.91415e-06
0.8875	1.90773e-06
0.89	1.9013e-06
0.8925	1.8948e-06
0.895	1.8884e-06
0.8975	1.8821e-06
0.9	1.87598e-06
0.9025	1.87e-06
0.905	1.86393e-06
0.9075	1.85819e-06
0.91	1.85237e-06
0.9125	1.84657e-06
0.915	1.8408e-06
0.9175	1.83503e-06
0.92	1.82933e-06
0.9225	1.82361e-06
0.925	1.81792e-06
0.9275	1.81209e-06
0.93	1.80897e-06
0.9325	1.79921e-06
0.935	1.79679e-06
0.9375	1.78909e-06
0.94	1.78526e-06
0.9425	1.77894e-06
0.945	1.77451e-06
0.9475	1.76875e-06
0.95	1.76399e-06
0.9525	1.75849e-06
0.955	1.7536e-06
0.9575	1.7483e-06
0.96	1.74325e-06
0.9625	1.73816e-06
0.965	1.73301e-06
0.9675	1.72794e-06
0.97	1.72318e-06
0.9725	1.718e-06
0.975	1.71321e-06
0.9775	1.70845e-06
0.98	1.70396e-06
0.9825	1.69928e-06
0.985	1.69483e-06
0.9875	1.69021e-06
0.99	1.68571e-06
0.9925	1.68105e-06
0.995	1.67652e-06
0.9975	1.67199e-06
1	9.98333e-06
1.0025	9.97347e-06
1.005	9.95362e-06
1.0075	9.93316e-06
1.01	9.91504e-06
1.0125	9.89547e-06
1.015	9.87808e-06
1.0175	9.86018e-06
1.02	9.84135e-06
1.0225	9.82139e-06
1.025	9.80224e-06
1.0275	9.78237e-06
1.03	9.7628e-06
1.0325	9.74318e-06
1.035	9.72356e-06
1.0375	9.70667e-06
1.04	9.69625e-06
1.0425	9.66798e-06
1.045	9.65628e-06
1.0475	9.63555e-06
1.05	9.61932e-06
1.0525	9.60147e-06
1.055	9.58392e-06
1.0575	9.56674e-06
1.06	9.55097e-06
1.0625	9.54098e-06
1.065	9.51833e-06
1.0675	9.49616e-06
1.07	9.47922e-06
1.0725	9.46854e-06
1.075	9.44149e-06
1.0775	9.43012e-06
1.08	9.41121e-06
1.0825	9.39606e-06
1.085	9.38028e-06
1.0875	9.3654e-06
1.09	9.34962e-06
1.0925	9.3336e-06
1.095	9.31695e-06
1.0975	9.30076e-06
1.1	9.28545e-06
1.1025	9.27022e-06
1.105	9.25444e-06
1.1075	9.24818e-06
1.11	9.22612e-06
1.1125	9.20617e-06
1.115	9.19263e-06
1.1175	9.17769e-06
1.12	9.16424e-06
1.1225	9.15063e-06
1.125	9.13763e-06
1.1275	9.12504e-06
1.13	9.11135e-06
1.1325	9.09758e-06
1.135	9.08452e-06
1.1375	9.07164e-06
1.14	9.06652e-06
1.1425	9.03913e-06
1.145	9.03093e-06
1.1475	9.01432e-06
1.15	9.00169e-06
1.1525	8.99684e-06
1.155	8.97741e-06
1.1575	8.96914e-06
1.16	8.95388e-06
1.1625	8.93593e-06
1.165	8.92579e-06
1.1675	8.91187e-06
1.17	8.90141e-06
1.1725	8.88959e-06
1.175	8.87649e-06
1.1775	8.86405e-06
1.18	8.85204e-06
1.1825	8.83942e-06
1.185	8.8268e-06
1.1875	8.81425e-06
1.19	8.80165e-06
1.1925	8.78904e-06
1.195	8.7764e-06
1.1975	8.76545e-06
1.2	8.75491e-06
1.2025	8.74439e-06
1.205	8.73486e-06
1.2075	8.72538e-06
1.21	8.71475e-06
1.2125	8.70356e-06
1.215	8.69325e-06
1.2175	8.68275e-06
1.22	8.67254e-06
1.2225	8.66185e-06
1.225	8.65161e-06
1.2275	8.64043e-06
1.23	8.62971e-06
1.2325	8.6194e-06
1.235	8.60848e-06
1.2375	8.5986e-06
1.24	8.58954e-06
1.2425	8.57999e-06
1.245	8.57089e-06
1.2475	8.56281e-06
1.25	8.55466e-06
1.2525	8.54561e-06
1.255	8.53777e-06
1.2575	8.52875e-06
1.26	8.51913e-06
1.2625	8.50963e-06
1.265	8.50037e-06
1.2675	8.49132e-06
1.27	8.48172e-06
1.2725	8.47328e-06
1.275	8.46503e-06
1.2775	8.45702e-06
1.28	8.44949e-06
1.2825	8.44118e-06
1.285	8.43433e-06
1.2875	8.42723e-06
1.29	8.41888e-06
1.2925	8.41078e-06
1.295	8.40297e-06
1.2975	8.39552e-06
1.3	8.3878e-06
1.3025	8.37912e-06
1.305	8.37125e-06
1.3075	8.36303e-06
1.31	8.35413e-06
1.3125	8.34615e-06
1.315	8.33976e-06
1.3175	8.33252e-06
1.32	8.32751e-06
1.3225	8.32267e-06
1.325	8.31691e-06
1.3275	8.31058e-06
1.33	8.30551e-06
1.3325	8.30036e-06
1.335	8.29401e-06
1.3375	8.28803e-06
1.34	8.28229e-06
1.3425	8.27507e-06
1.345	8.26849e-06
1.3475	8.26219e-06
1.35	8.25656e-06
1.3525	8.24983e-06
1.355	8.24303e-06
1.3575	8.23812e-06
1.36	8.23369e-06
1.3625	8.22888e-06
1.365	8.22546e-06
1.3675	8.22112e-06
1.37	8.21613e-06
1.3725	8.21193e-06
1.375	8.20811e-06
1.3775	8.20371e-06
1.38	8.19804e-06
1.3825	8.19417e-06
1.385	8.1902e-06
1.3875	8.18504e-06
1.39	8.18048e-06
1.3925	8.17598e-06
1.395	8.16966e-06
1.3975	8.16573e-06
1.4	8.16237e-06
1.4025	8.1596e-06
1.405	8.15671e-06
1.4075	8.15459e-06
1.41	8.15185e-06
1.4125	8.14874e-06
1.415	8.14583e-06
1.4175	8.14259e-06
1.42	8.13957e-06
1.4225	8.13598e-06
1.425	8.13264e-06
1.4275	8.12931e-06
1.43	8.12568e-06
1.4325	8.12198e-06
1.435	8.11802e-06
1.4375	8.11554e-06
1.44	8.11355e-06
1.4425	8.11019e-06
1.445	8.1086e-06
1.4475	8.10791e-06
1.45	8.10665e-06
1.4525	8.10524e-06
1.455	8.10369e-06
1.4575	8.10258e-06
1.46	8.10125e-06
1.4625	8.09975e-06
1.465	8.09838e-06
1.4675	8.09568e-06
1.47	8.09307e-06
1.4725	8.09115e-06
1.475	8.08918e-06
1.4775	8.08755e-06
1.48	8.08662e-06
1.4825	8.08641e-06
1.485	8.08623e-06
1.4875	8.08629e-06
1.49	8.08661e-06
1.4925	8.08693e-06
1.495	8.08667e-06
1.4975	8.08694e-06
1.5	8.08758e-06
1.5025	8.08723e-06
1.505	8.08776e-06
1.5075	8.08846e-06
1.51	8.0927e-06
1.5125	8.09261e-06
1.515	8.09425e-06
1.5175	8.09577e-06
1.52	8.09811e-06
1.5225	8.10076e-06
1.525	8.10311e-06
1.5275	8.10449e-06
1.53	8.10749e-06
1.5325	8.11034e-06
1.535	8.11261e-06
1.5375	8.11526e-06
1.54	8.11793e-06
1.5425	8.12023e-06
1.545	8.12184e-06
1.5475	8.12392e-06
1.55	8.12601e-06
1.5525	8.12811e-06
1.555	8.12997e-06
1.5575	8.13228e-06
1.56	8.13589e-06
1.5625	8.13968e-06
1.565	8.14318e-06
1.5675	8.14683e-06
1.57	8.15096e-06
1.5725	8.1556e-06
1.575	8.15961e-06
1.5775	8.16296e-06
1.58	8.16725e-06
1.5825	8.17011e-06
1.585	8.1743e-06
1.5875	8.17797e-06
1.59	8.18213e-06
1.5925	8.18621e-06
1.595	8.19109e-06
1.5975	8.19578e-06
1.6	8.20108e-06
1.6025	8.20714e-06
1.605	8.21291e-06
1.6075	8.21833e-06
1.61	8.22347e-06
1.6125	8.22976e-06
1.615	8.23574e-06
1.6175	8.24205e-06
1.62	8.24883e-06
1.6225	8.25545e-06
1.625	8.262e-06
1.6275	8.26941e-06
1.63	8.27674e-06
1.6325	8.28438e-06
1.635	8.29272e-06
1.6375	8.30096e-06
1.64	8.30889e-06
1.6425	8.3179e-06
1.645	8.3275e-06
1.6475	8.33689e-06
1.65	8.34593e-06
1.6525	8.3555e-06
1.655	8.36538e-06
1.6575	8.37558e-06
1.66	8.38527e-06
1.6625	8.39521e-06
1.665	8.40518e-06
1.6675	8.41467e-06
1.67	8.42492e-06
1.6725	8.43554e-06
1.675	8.44696e-06
1.6775	8.45886e-06
1.68	8.47102e-06
1.6825	8.48305e-06
1.685	8.4932e-06
1.6875	8.5062e-06
1.69	8.51936e-06
1.6925	8.53191e-06
1.695	8.54456e-06
1.6975	8.5578e-06
1.7	8.57096e-06
1.7025	8.58442e-06
1.705	8.59733e-06
1.7075	8.6104e-06
1.71	8.62351e-06
1.7125	8.63778e-06
1.715	8.65275e-06
1.7175	8.66782e-06
1.72	8.68289e-06
1.7225	8.6983e-06
1.725	8.71374e-06
1.7275	8.72827e-06
1.73	8.746e-06
1.7325	8.7639e-06
1.735	8.78362e-06
1.7375	8.80379e-06
1.74	8.81702e-06
1.7425	8.84065e-06
1.745	8.85515e-06
1.7475	8.87604e-06
1.75	8.8932e-06
1.7525	8.91421e-06
1.755	8.93447e-06
1.7575	8.95572e-06
1.76	8.97718e-06
1.7625	8.99797e-06
1.765	9.0185e-06
1.7675	9.04056e-06
1.77	9.06291e-06
1.7725	9.08472e-06
1.775	9.10644e-06
1.7775	9.12763e-06
1.78	9.14978e-06
1.7825	9.17237e-06
1.785	9.19499e-06
1.7875	9.21744e-06
1.79	9.23921e-06
1.7925	9.26142e-06
1.795	9.28357e-06
1.7975	9.30663e-06
1.8	9.32973e-06
1.8025	9.35456e-06
1.805	9.37755e-06
1.8075	9.40174e-06
1.81	9.42349e-06
1.8125	9.44918e-06
1.815	9.47205e-06
1.8175	9.49504e-06
1.82	9.51691e-06
1.8225	9.53957e-06
1.825	9.56231e-06
1.8275	9.58478e-06
1.83	9.60723e-06
1.8325	9.60765e-06
1.835	9.63428e-06
1.8375	9.65531e-06
1.84	9.67635e-06
1.8425	9.69789e-06
1.845	9.71932e-06
1.8475	9.74088e-06
1.85	9.76196e-06
1.8525	9.78298e-06
1.855	9.80335e-06
1.8575	9.82362e-06
1.86	9.84148e-06
1.8625	9.8938e-06
1.865	9.90161e-06
1.8675	9.92451e-06
1.87	9.91069e-06
1.8725	9.9351e-06
1.875	9.95352e-06
1.8775	9.97118e-06
1.88	9.98937e-06
1.8825	2.64531e-06
1.885	9.94209e-06
1.8875	2.68507e-06
1.89	9.96054e-06
1.8925	2.71387e-06
1.895	9.98693e-06
1.8975	2.73984e-06
1.9	2.67853e-06
1.9025	2.7259e-06
1.905	2.71821e-06
1.9075	2.73846e-06
1.91	2.74401e-06
1.9125	2.75682e-06
1.915	2.76549e-06
1.9175	2.77577e-06
1.92	2.7847e-06
1.9225	2.79371e-06
1.925	2.80198e-06
1.9275	2.80995e-06
1.93	2.81729e-06
1.9325	2.82403e-06
1.935	2.83019e-06
1.9375	2.8348e-06
1.94	2.84038e-06
1.9425	2.84448e-06
1.945	2.84794e-06
1.9475	2.85088e-06
1.95	2.85283e-06
1.9525	2.85417e-06
1.955	2.85461e-06
1.9575	2.85421e-06
1.96	2.85299e-06
1.9625	2.85083e-06
1.965	2.84773e-06
1.9675	2.84375e-06
1.97	2.83883e-06
1.9725	2.83296e-06
1.975	2.82615e-06
1.9775	2.81832e-06
1.98	9.99453e-06
1.9825	9.99769e-06
1.985	9.94767e-06
1.9875	9.93495e-06
1.99	9.90157e-06
1.9925	9.87148e-06
1.995	9.96135e-06
1.9975	9.90054e-06
2	9.86324e-06
2.0025	9.72442e-06
2.005	9.79867e-06
2.0075	9.74893e-06
2.01	9.69628e-06
2.0125	9.65726e-06
2.015	9.60646e-06
2.0175	9.55777e-06
2.02	9.47413e-06
2.0225	9.41189e-06
2.025	9.37003e-06
2.0275	9.32939e-06
2.03	9.2859e-06
2.0325	9.24555e-06
2.035	9.20584e-06
2.0375	9.16621e-06
2.04	9.12716e-06
2.0425	9.08918e-06
2.045	9.05306e-06
2.0475	9.01955e-06
2.05	8.98843e-06
2.0525	8.95949e-06
2.055	8.94263e-06
2.0575	8.93688e-06
2.06	8.93679e-06
2.0625	8.94001e-06
2.065	8.94565e-06
2.0675	8.95254e-06
2.07	8.96144e-06
2.0725	8.98629e-06
2.075	9.00924e-06
2.0775	9.02932e-06
2.08	9.04739e-06
2.0825	9.0631e-06
2.085	9.07423e-06
2.0875	9.08224e-06
2.09	9.08689e-06
2.0925	9.08802e-06
2.095	9.08547e-06
2.0975	9.07881e-06
2.1	9.06992e-06
2.1025	9.06091e-06
2.105	9.05197e-06
2.1075	9.04425e-06
2.11	9.03898e-06
2.1125	9.04018e-06
2.115	9.06525e-06
2.1175	9.10021e-06
2.12	9.14314e-06
2.1225	9.18788e-06
2.125	9.2334e-06
2.1275	9.28018e-06
2.13	9.34494e-06
2.1325	9.39608e-06
2.135	9.44644e-06
2.1375	9.49314e-06
2.14	9.53593e-06
2.1425	9.57776e-06
2.145	9.62055e-06
2.1475	9.65863e-06
2.15	9.69288e-06
2.1525	9.72192e-06
2.155	9.74519e-06
2.1575	9.76389e-06
2.16	9.77814e-06
2.1625	9.78679e-06
2.165	9.79005e-06
2.1675	9.78818e-06
2.17	9.77902e-06
2.1725	9.76326e-06
2.175	9.74121e-06
2.1775	9.71349e-06
2.18	9.67839e-06
2.1825	9.63693e-06
2.185	9.59065e-06
2.1875	9.53957e-06
2.19	9.48224e-06
2.1925	9.41943e-06
2.195	9.35179e-06
2.1975	9.27912e-06
2.2	9.18489e-06
2.2025	9.09329e-06
2.205	8.99544e-06
2.2075	8.89573e-06
2.21	8.79286e-06
2.2125	8.68798e-06
2.215	8.5829e-06
2.2175	8.47462e-06
2.22	8.36577e-06
2.2225	8.25714e-06
2.225	8.15075e-06
2.2275	8.05152e-06
2.23	7.95843e-06
2.2325	7.87469e-06
2.235	7.79215e-06
2.2375	7.71132e-06
2.24	7.63078e-06
2.2425	7.55003e-06
2.245	7.46635e-06
2.2475	7.38219e-06
2.25	7.29832e-06
2.2525	7.21498e-06
2.255	7.13268e-06
2.2575	7.05227e-06
2.26	6.9737e-06
2.2625	6.89693e-06
2.265	6.82282e-06
2.2675	6.75433e-06
2.27	6.7039e-06
2.2725	6.66066e-06
2.275	6.618e-06
2.2775	6.57469e-06
2.28	6.53093e-06
2.2825	6.48712e-06
2.285	6.44105e-06
2.2875	6.39343e-06
2.29	6.34474e-06
2.2925	6.29415e-06
2.295	6.2439e-06
2.2975	6.18913e-06
2.3	6.12891e-06
2.3025	6.06856e-06
2.305	6.00601e-06
2.3075	5.94139e-06
2.31	5.87467e-06
2.3125	5.82693e-06
2.315	5.7592e-06
2.3175	5.6944e-06
2.32	5.6449e-06
2.3225	5.56113e-06
2.325	5.49567e-06
2.3275	5.43052e-06
2.33	5.36918e-06
2.3325	5.31006e-06
2.335	5.26614e-06
2.3375	5.20836e-06
2.34	5.15393e-06
2.3425	5.10054e-06
2.345	5.0481e-06
2.3475	4.99615e-06
2.35	4.94711e-06
2.3525	4.9006e-06
2.355	4.85667e-06
2.3575	4.81456e-06
2.36	4.77738e-06
2.3625	4.74766e-06
2.365	4.72107e-06
2.3675	4.69612e-06
2.37	4.67207e-06
2.3725	4.65477e-06
2.375	4.62843e-06
2.3775	4.6031e-06
2.38	4.57841e-06
2.3825	4.55429e-06
2.385	4.53067e-06
2.3875	4.50814e-06
2.39	4.49386e-06
2.3925	4.47434e-06
2.395	4.46098e-06
2.3975	4.4508e-06
2.4	4.4447e-06
2.4025	4.4411e-06
2.405	4.44085e-06
2.4075	4.44482e-06
2.41	4.45301e-06
2.4125	4.46598e-06
2.415	4.48329e-06
2.4175	4.50237e-06
2.42	4.52046e-06
2.4225	4.53779e-06
2.425	4.56823e-06
2.4275	4.58479e-06
2.43	4.59829e-06
2.4325	4.60883e-06
2.435	4.61661e-06
2.4375	4.6211e-06
2.44	4.6224e-06
2.4425	4.62487e-06
2.445	4.62218e-06
2.4475	4.61165e-06
2.45	4.59488e-06
2.4525	4.57243e-06
2.455	4.54516e-06
2.4575	4.51311e-06
2.46	4.47788e-06
2.4625	4.44013e-06
2.465	4.40021e-06
2.4675	4.3589e-06
2.47	4.31748e-06
2.4725	4.27604e-06
2.475	4.2345e-06
2.4775	4.1916e-06
2.48	4.14665e-06
2.4825	4.10044e-06
2.485	4.05231e-06
2.4875	4.00258e-06
2.49	3.95172e-06
2.4925	3.90013e-06
2.495	3.84976e-06
2.4975	3.7972e-06
2.5	3.74367e-06
2.5025	3.68981e-06
2.505	3.64365e-06
2.5075	3.58863e-06
2.51	3.53313e-06
2.5125	3.47759e-06
2.515	3.42202e-06
2.5175	3.36661e-06
2.52	3.31135e-06
2.5225	3.25655e-06
2.525	3.20241e-06
2.5275	3.14867e-06
2.53	3.09538e-06
2.5325	3.04288e-06
2.535	2.99142e-06
2.5375	2.94064e-06
2.54	2.8911e-06
2.5425	2.84246e-06
2.545	2.79482e-06
2.5475	2.74848e-06
2.55	2.7037e-06
2.5525	2.65984e-06
2.555	2.6176e-06
2.5575	2.57651e-06
2.56	2.53563e-06
2.5625	2.4973e-06
2.565	2.46049e-06
2.5675	2.42506e-06
2.57	2.39096e-06
2.5725	2.35819e-06
2.575	2.32663e-06
2.5775	2.29645e-06
2.58	2.26755e-06
2.5825	2.23983e-06
2.585	2.21309e-06
2.5875	2.18729e-06
2.59	2.16212e-06
2.5925	2.13764e-06
2.595	2.1138e-06
2.5975	2.09071e-06
2.6	2.06789e-06
2.6025	2.0455e-06
2.605	2.02242e-06
2.6075	2.00239e-06
2.61	1.98133e-06
2.6125	1.96087e-06
2.615	1.94118e-06
2.6175	1.92434e-06
2.62	1.90639e-06
2.6225	1.88905e-06
2.625	1.87227e-06
2.6275	1.8558e-06
2.63	1.83989e-06
2.6325	1.82412e-06
2.635	1.80878e-06
2.6375	1.79364e-06
2.64	1.7788e-06
2.6425	1.76417e-06
2.645	1.74951e-06
2.6475	1.73512e-06
2.65	1.72085e-06
2.6525	1.70657e-06
2.655	1.69243e-06
2.6575	1.67711e-06
2.66	1.66313e-06
2.6625	1.64923e-06
2.665	1.63538e-06
2.6675	1.62168e-06
2.67	1.608e-06
2.6725	1.59414e-06
2.675	1.58037e-06
2.6775	1.56661e-06
2.68	1.55286e-06
2.6825	1.53909e-06
2.685	1.52532e-06
2.6875	1.51138e-06
2.69	1.49751e-06
2.6925	1.48349e-06
2.695	1.46937e-06
2.6975	1.45515e-06
2.7	1.44077e-06
2.7025	1.42629e-06
2.705	1.4117e-06
2.7075	1.3969e-06
2.71	1.38218e-06
2.7125	1.36749e-06
2.715	9.95655e-06
2.7175	9.86099e-06
2.72	9.74158e-06
2.7225	9.62826e-06
2.725	9.51572e-06
2.7275	9.4055e-06
2.73	9.29267e-06
2.7325	9.18096e-06
2.735	9.06902e-06
2.7375	8.95841e-06
2.74	8.84894e-06
2.7425	8.7393e-06
2.745	8.62351e-06
2.7475	8.51626e-06
2.75	8.4082e-06
2.7525	8.29998e-06
2.755	8.19248e-06
2.7575	8.08503e-06
2.76	7.97836e-06
2.7625	7.87236e-06
2.765	7.7672e-06
2.7675	7.66237e-06
2.77	7.55857e-06
2.7725	7.45575e-06
2.775	7.35337e-06
2.7775	7.2523e-06
2.78	7.15126e-06
2.7825	7.05281e-06
2.785	6.95515e-06
2.7875	6.85969e-06
2.79	6.76487e-06
2.7925	6.67138e-06
2.795	6.58006e-06
2.7975	6.49158e-06
2.8	6.40509e-06
2.8025	6.32116e-06
2.805	6.24048e-06
2.8075	6.16306e-06
2.81	6.09049e-06
2.8125	6.02216e-06
2.815	5.95341e-06
2.8175	5.88795e-06
2.82	5.82258e-06
2.8225	5.75957e-06
2.825	5.69834e-06
2.8275	5.63829e-06
2.83	5.57965e-06
2.8325	5.52297e-06
2.835	5.46806e-06
2.8375	5.41422e-06
2.84	5.36164e-06
2.8425	5.31011e-06
2.845	5.2599e-06
2.8475	5.21055e-06
2.85	5.16181e-06
2.8525	5.11351e-06
2.855	5.06554e-06
2.8575	5.01805e-06
2.86	4.97112e-06
2.8625	4.92437e-06
2.865	4.87813e-06
2.8675	4.83199e-06
2.87	4.78618e-06
2.8725	4.74067e-06
2.875	4.6964e-06
2.8775	4.65296e-06
2.88	4.61038e-06
2.8825	4.56838e-06
2.885	4.52711e-06
2.8875	4.4861e-06
2.89	4.44535e-06
2.8925	4.40492e-06
2.895	4.36525e-06
2.8975	4.32568e-06
2.9	4.2866e-06
2.9025	4.24862e-06
2.905	4.21155e-06
2.9075	4.17492e-06
2.91	4.13885e-06
2.9125	4.1034e-06
2.915	4.06922e-06
2.9175	4.03493e-06
2.92	4.00067e-06
2.9225	3.96689e-06
2.925	3.9339e-06
2.9275	3.90168e-06
2.93	3.87002e-06
2.9325	3.83914e-06
2.935	3.80713e-06
2.9375	3.77671e-06
2.94	3.7449e-06
2.9425	3.71516e-06
2.945	3.68419e-06
2.9475	3.65405e-06
2.95	3.6248e-06
2.9525	3.5965e-06
2.955	3.56909e-06
2.9575	3.5425e-06
2.96	3.51618e-06
2.9625	3.4903e-06
2.965	3.46496e-06
2.9675	3.43995e-06
2.97	3.41516e-06
2.9725	3.39161e-06
2.975	3.36881e-06
2.9775	3.3466e-06
2.98	3.3253e-06
2.9825	3.30462e-06
2.985	3.28431e-06
2.9875	3.26434e-06
2.99	3.24477e-06
2.9925	3.22574e-06
2.995	3.20714e-06
2.9975	3.18898e-06
3	3.17103e-06
3.0025	3.15343e-06
3.005	3.13617e-06
3.0075	3.11895e-06
3.01	3.10202e-06
3.0125	3.08574e-06
3.015	3.06993e-06
3.0175	3.05432e-06
3.02	3.03888e-06
3.0225	3.02364e-06
3.025	3.00839e-06
3.0275	2.99321e-06
3.03	2.97803e-06
3.0325	2.96281e-06
3.035	2.94757e-06
3.0375	2.93263e-06
3.04	2.91835e-06
3.0425	2.90405e-06
3.045	2.88999e-06
3.0475	2.87578e-06
3.05	2.86143e-06
3.0525	2.84711e-06
3.055	2.83328e-06
3.0575	2.81951e-06
3.06	2.80566e-06
3.0625	2.79202e-06
3.065	2.77835e-06
3.0675	2.76477e-06
3.07	2.75149e-06
3.0725	2.73826e-06
3.075	2.72521e-06
3.0775	2.71217e-06
3.08	2.69909e-06
3.0825	2.68603e-06
3.085	2.67296e-06
3.0875	2.66075e-06
3.09	2.64573e-06
3.0925	2.63491e-06
3.095	2.61966e-06
3.0975	2.60901e-06
3.1	2.59503e-06
3.1025	2.58283e-06
3.105	2.57097e-06
3.1075	2.55951e-06
3.11	2.54836e-06
3.1125	2.53729e-06
3.115	2.52642e-06
3.1175	2.51596e-06
3.12	2.50595e-06
3.1225	2.4962e-06
3.125	2.48651e-06
3.1275	2.47705e-06
3.13	2.46766e-06
3.1325	2.45815e-06
3.135	2.44881e-06
3.1375	2.43958e-06
3.14	2.43032e-06
3.1425	2.42102e-06
3.145	2.41211e-06
3.1475	2.40334e-06
3.15	2.39462e-06
3.1525	2.38446e-06
3.155	2.37549e-06
3.1575	2.36729e-06
3.16	2.35881e-06
3.1625	2.35044e-06
3.165	2.34244e-06
3.1675	2.33467e-06
3.17	2.32688e-06
3.1725	2.31903e-06
3.175	2.31122e-06
3.1775	2.30355e-06
3.18	2.29618e-06
3.1825	2.28887e-06
3.185	2.28174e-06
3.1875	2.2747e-06
3.19	2.2676e-06
3.1925	2.26038e-06
3.195	2.25317e-06
3.1975	2.24598e-06
3.2	2.23874e-06
3.2025	2.23152e-06
3.205	2.22425e-06
3.2075	2.2276e-06
3.21	2.23032e-06
3.2125	2.22546e-06
3.215	2.22044e-06
3.2175	2.21495e-06
3.22	2.20929e-06
3.2225	2.20351e-06
3.225	2.19771e-06
3.2275	2.19005e-06
3.23	2.18343e-06
3.2325	2.17672e-06
3.235	2.16996e-06
3.2375	2.16314e-06
3.24	2.15645e-06
3.2425	2.14965e-06
3.245	2.14299e-06
3.2475	2.13638e-06
3.25	2.12987e-06
3.2525	2.12331e-06
3.255	2.11682e-06
3.2575	2.11015e-06
3.26	2.10344e-06
3.2625	2.09667e-06
3.265	2.08973e-06
3.2675	2.08264e-06
3.27	2.07577e-06
3.2725	2.06899e-06
3.275	2.06218e-06
3.2775	2.05543e-06
3.28	2.04861e-06
3.2825	2.04163e-06
3.285	2.03134e-06
3.2875	2.03016e-06
3.29	2.01664e-06
3.2925	2.01232e-06
3.295	2.00468e-06
3.2975	1.99693e-06
3.3	1.98895e-06
3.3025	1.98088e-06
3.305	1.97281e-06
3.3075	1.96473e-06
3.31	1.95658e-06
3.3125	1.94835e-06
3.315	1.94009e-06
3.3175	1.93173e-06
3.32	1.92331e-06
3.3225	1.91484e-06
3.325	1.90623e-06
3.3275	1.89771e-06
3.33	1.88898e-06
3.3325	1.88012e-06
3.335	1.8712e-06
3.3375	1.86212e-06
3.34	1.8531e-06
3.3425	1.84401e-06
3.345	1.83484e-06
3.3475	1.82568e-06
3.35	1.81641e-06
3.3525	1.80705e-06
3.355	1.79776e-06
3.3575	1.78849e-06
3.36	1.77923e-06
3.3625	1.76992e-06
3.365	1.76057e-06
3.3675	1.75121e-06
3.37	1.74183e-06
3.3725	1.7324e-06
3.375	1.72293e-06
3.3775	1.71341e-06
3.38	1.70388e-06
3.3825	1.69437e-06
3.385	1.68492e-06
3.3875	1.67555e-06
3.39	1.66618e-06
3.3925	1.65675e-06
3.395	1.64729e-06
3.3975	1.63779e-06
3.4	1.62825e-06
3.4025	1.61871e-06
3.405	1.60911e-06
3.4075	1.59946e-06
3.41	1.58985e-06
3.4125	1.58027e-06
3.415	1.57064e-06
3.4175	1.56098e-06
3.42	1.55133e-06
3.4225	1.54169e-06
3.425	1.53205e-06
3.4275	1.52244e-06
3.43	1.51279e-06
3.4325	1.50318e-06
3.435	1.49355e-06
3.4375	1.4839e-06
3.44	1.47502e-06
3.4425	1.46588e-06
3.445	1.45631e-06
3.4475	1.44704e-06
3.45	1.4377e-06
3.4525	1.42821e-06
3.455	1.41853e-06
3.4575	1.40878e-06
3.46	1.39894e-06
3.4625	9.97289e-06
3.465	1.40566e-06
3.4675	9.78189e-06
3.47	9.84979e-06
3.4725	9.73731e-06
3.475	9.66634e-06
3.4775	9.59386e-06
3.48	9.51993e-06
3.4825	9.4448e-06
3.485	9.36876e-06
3.4875	9.2921e-06
3.49	9.21501e-06
3.4925	9.1376e-06
3.495	9.06043e-06
3.4975	8.98382e-06
3.5	8.90743e-06
3.5025	8.83178e-06
3.505	8.75646e-06
3.5075	8.68121e-06
3.51	8.60619e-06
3.5125	8.53141e-06
3.515	8.4568e-06
3.5175	8.38253e-06
3.52	8.3084e-06
3.5225	8.23449e-06
3.525	8.16083e-06
3.5275	8.08767e-06
3.53	8.01522e-06
3.5325	7.94295e-06
3.535	7.87089e-06
3.5375	7.7992e-06
3.54	7.72795e-06
3.5425	7.65692e-06
3.545	7.58618e-06
3.5475	7.51589e-06
3.55	7.44579e-06
3.5525	7.37616e-06
3.555	7.30687e-06
3.5575	7.23786e-06
3.56	7.16946e-06
3.5625	7.10142e-06
3.565	7.03401e-06
3.5675	6.96692e-06
3.57	6.90048e-06
3.5725	6.8347e-06
3.575	6.76945e-06
3.5775	6.70486e-06
3.58	6.64087e-06
3.5825	6.57719e-06
3.585	6.51392e-06
3.5875	6.4509e-06
3.59	6.38813e-06
3.5925	6.32569e-06
3.595	6.26355e-06
3.5975	6.20171e-06
3.6	6.14007e-06
3.6025	6.07874e-06
3.605	6.01768e-06
3.6075	5.9571e-06
3.61	5.89686e-06
3.6125	5.83725e-06
3.615	5.7782e-06
3.6175	5.71956e-06
3.62	5.66136e-06
3.6225	5.61495e-06
3.625	5.58188e-06
3.6275	5.48921e-06
3.63	5.4335e-06
3.6325	5.40774e-06
3.635	5.31756e-06
3.6375	5.26351e-06
3.64	5.2394e-06
3.6425	5.15146e-06
3.645	5.12939e-06
3.6475	5.04307e-06
3.65	4.99163e-06
3.6525	4.97002e-06
3.655	4.88499e-06
3.6575	4.86492e-06
3.66	4.78012e-06
3.6625	4.76083e-06
3.665	4.67629e-06
3.6675	4.62602e-06
3.67	4.60712e-06
3.6725	4.52333e-06
3.675	4.50556e-06
3.6775	4.42271e-06
3.68	4.40583e-06
3.6825	4.32418e-06
3.685	4.30785e-06
3.6875	4.22762e-06
3.69	4.17985e-06
3.6925	4.16455e-06
3.695	4.08541e-06
3.6975	4.07074e-06
3.7	3.99175e-06
3.7025	3.97793e-06
3.705	3.89973e-06
3.7075	3.88673e-06
3.71	3.80957e-06
3.7125	3.76427e-06
3.715	3.75187e-06
3.7175	3.67581e-06
3.72	3.66415e-06
3.7225	3.58843e-06
3.725	3.57729e-06
3.7275	3.50202e-06
3.73	3.45759e-06
3.7325	3.44739e-06
3.735	3.37215e-06
3.7375	3.36242e-06
3.74	3.28857e-06
3.7425	3.24519e-06
3.745	3.23682e-06
3.7475	3.17427e-06
3.75	3.12737e-06
3.7525	3.11924e-06
3.755	3.04498e-06
3.7575	3.00361e-06
3.76	2.99793e-06
3.7625	2.92467e-06
3.765	2.8841e-06
3.7675	2.84346e-06
3.77	2.84025e-06
3.7725	2.7691e-06
3.775	2.73006e-06
3.7775	2.69137e-06
3.78	2.65367e-06
3.7825	2.61627e-06
3.785	2.61567e-06
3.7875	2.54907e-06
3.79	2.51035e-06
3.7925	2.47491e-06
3.795	2.43966e-06
3.7975	2.40543e-06
3.8	2.40791e-06
3.8025	2.3407e-06
3.805	2.30655e-06
3.8075	2.27329e-06
3.81	2.24067e-06
3.8125	2.24386e-06
3.815	2.18123e-06
3.8175	2.14932e-06
3.82	2.11814e-06
3.8225	2.09899e-06
3.825	2.09346e-06
3.8275	2.03706e-06
3.83	2.00453e-06
3.8325	1.97571e-06
3.835	1.97987e-06
3.8375	1.92366e-06
3.84	1.89469e-06
3.8425	1.89983e-06
3.845	1.84497e-06
3.8475	1.81662e-06
3.85	1.78705e-06
3.8525	1.7982e-06
3.855	1.74102e-06
3.8575	1.71758e-06
3.86	1.71998e-06
3.8625	1.67312e-06
3.865	1.64258e-06
3.8675	1.65041e-06
3.87	1.60375e-06
3.8725	1.5739e-06
3.875	1.58255e-06
3.8775	1.53636e-06
3.88	1.53925e-06
3.8825	1.4925e-06
3.885	1.46759e-06
3.8875	1.4807e-06
3.89	1.42586e-06
3.8925	1.41004e-06
3.895	1.41883e-06
3.8975	1.3631e-06
3.9	1.38149e-06
3.9025	1.33072e-06
3.905	1.31672e-06
3.9075	1.32324e-06
3.91	1.27145e-06
3.9125	1.29093e-06
3.915	1.24035e-06
3.9175	1.25689e-06
3.92	1.20602e-06
3.9225	1.19408e-06
3.925	1.2016e-06
3.9275	1.1571e-06
3.93	1.16809e-06
3.9325	1.12839e-06
3.935	1.13774e-06
3.9375	1.0987e-06
3.94	1.10811e-06
3.9425	1.07006e-06
3.945	1.07948e-06
3.9475	1.04276e-06
3.95	1.05188e-06
3.9525	1.0163e-06
3.955	1.02507e-06
3.9575	9.90546e-07
3.96	9.99086e-07
3.9625	9.65639e-07
3.965	9.73717e-07
3.9675	9.41109e-07
3.97	9.48827e-07
3.9725	9.17398e-07
3.975	9.36817e-07
3.9775	8.87183e-07
3.98	9.10564e-07
3.9825	8.65886e-07
3.985	8.88086e-07
3.9875	8.44279e-07
3.99	8.65682e-07
3.9925	8.4235e-07
3.995	8.23568e-07
3.9975	8.36382e-07
4	8.00484e-07
4.0025	8.14119e-07
4.005	7.79553e-07
4.0075	7.92673e-07
4.01	7.77044e-07
4.0125	7.6012e-07
4.015	7.699e-07
4.0175	7.37188e-07
4.02	7.48371e-07
4.0225	7.33013e-07
4.025	7.30813e-07
4.0275	7.12118e-07
4.03	7.10493e-07
4.0325	6.92666e-07
4.035	7.04376e-07
4.0375	6.79872e-07
4.04	6.85582e-07
4.0425	6.74861e-07
4.045	6.52864e-07
4.0475	6.64226e-07
4.05	6.56099e-07
4.0525	6.34495e-07
4.055	6.44651e-07
4.0575	6.39546e-07
4.06	6.2619e-07
4.0625	6.19833e-07
4.065	6.20911e-07
4.0675	6.08133e-07
4.07	6.0278e-07
4.0725	6.06965e-07
4.075	5.91147e-07
4.0775	5.76115e-07
4.08	5.65724e-07
4.0825	5.70436e-07
4.085	5.61338e-07
4.0875	5.6186e-07
4.09	5.32118e-07
4.0925	5.40315e-07
4.095	5.44458e-07
4.0975	5.43964e-07
4.1	5.08417e-07
4.1025	5.14694e-07
4.105	5.20331e-07
4.1075	5.13351e-07
4.11	5.14065e-07
4.1125	5.11663e-07
4.115	4.7754e-07
4.1175	4.8574e-07
4.12	4.92268e-07
4.1225	4.83967e-07
4.125	4.8368e-07
4.1275	4.79391e-07
4.13	4.48706e-07
4.1325	4.53885e-07
4.135	4.58832e-07
4.1375	4.56597e-07
4.14	4.57823e-07
4.1425	4.43114e-07
4.145	4.41221e-07
4.1475	4.38137e-07
4.15	4.35919e-07
4.1525	4.17262e-07
4.155	4.14216e-07
4.1575	4.13734e-07
4.16	4.11634e-07
4.1625	4.01098e-07
4.165	4.02189e-07
4.1675	4.02077e-07
4.17	3.99929e-07
4.1725	3.87712e-07
4.175	3.84617e-07
4.1775	3.77261e-07
4.18	3.75302e-07
4.1825	3.74639e-07
4.185	3.73653e-07
4.1875	3.71664e-07
4.19	3.47814e-07
4.1925	3.45884e-07
4.195	3.64779e-07
4.1975	3.603e-07
4.2	3.31982e-07
4.2025	3.33408e-07
4.205	3.37183e-07
4.2075	3.35264e-07
4.21	3.38188e-07
4.2125	3.36307e-07
4.215	3.30296e-07
4.2175	3.19195e-07
4.22	3.13308e-07
4.2225	3.11419e-07
4.225	3.09504e-07
4.2275	3.07703e-07
4.23	3.00732e-07
4.2325	2.98803e-07
4.235	2.99041e-07
4.2375	2.97324e-07
4.24	2.95511e-07
4.2425	2.86554e-07
4.245	2.82559e-07
4.2475	2.8074e-07
4.25	2.78263e-07
4.2525	2.76526e-07
4.255	2.68326e-07
4.2575	2.67136e-07
4.26	2.65424e-07
4.2625	2.64285e-07
4.265	2.59773e-07
4.2675	2.58101e-07
4.27	2.55934e-07
4.2725	2.54283e-07
4.275	2.44832e-07
4.2775	2.44105e-07
4.28	2.42475e-07
4.2825	2.41882e-07
4.285	2.40199e-07
4.2875	2.37969e-07
4.29	2.30708e-07
4.2925	2.29054e-07
4.295	2.2659e-07
4.2975	2.2433e-07
4.3	2.22739e-07
4.3025	2.21161e-07
4.305	2.16741e-07
4.3075	2.11009e-07
4.31	2.09441e-07
4.3125	2.09972e-07
4.315	2.08517e-07
4.3175	2.06913e-07
4.32	2.05391e-07
4.3225	2.02966e-07
4.325	1.98197e-07
4.3275	1.96774e-07
4.33	1.95333e-07
4.3325	1.90275e-07
4.335	1.8607e-07
4.3375	1.84697e-07
4.34	1.83346e-07
4.3425	1.82963e-07
4.345	1.81684e-07
4.3475	1.80198e-07
4.35	1.78375e-07
4.3525	1.77168e-07
4.355	1.75868e-07
4.3575	1.72841e-07
4.36	1.70181e-07
4.3625	1.69004e-07
4.365	1.67828e-07
4.3675	1.62802e-07
4.37	1.61637e-07
4.3725	1.59914e-07
4.375	1.57533e-07
4.3775	1.5644e-07
4.38	1.55282e-07
4.3825	1.54712e-07
4.385	1.53673e-07
4.3875	1.5265e-07
4.39	1.4981e-07
4.3925	1.47919e-07
4.395	1.46902e-07
4.3975	1.45892e-07
4.4	1.44445e-07
4.4025	1.43438e-07
4.405	1.41174e-07
4.4075	1.40235e-07
4.41	1.37711e-07
4.4125	1.36681e-07
4.415	1.35799e-07
4.4175	1.34863e-07
4.42	1.33831e-07
4.4225	1.31173e-07
4.425	1.30331e-07
4.4275	1.29496e-07
4.43	1.27619e-07
4.4325	1.26735e-07
4.435	1.25467e-07
4.4375	1.24555e-07
4.44	1.23744e-07
4.4425	1.22956e-07
4.445	1.21449e-07
4.4475	1.20553e-07
4.45	1.18747e-07
4.4525	1.19349e-07
4.455	1.1858e-07
4.4575	1.17894e-07
4.46	1.17977e-07
4.4625	1.14774e-07
4.465	1.14063e-07
4.4675	1.13464e-07
4.47	1.11646e-07
4.4725	1.09885e-07
4.475	1.09255e-07
4.4775	1.08634e-07
4.48	1.07556e-07
4.4825	1.06871e-07
4.485	1.06576e-07
4.4875	1.06044e-07
4.49	1.05444e-07
4.4925	1.04897e-07
4.495	1.03864e-07
4.4975	1.03268e-07
4.5	1.02052e-07
4.5025	1.02583e-07
4.505	1.02017e-07
4.5075	1.01498e-07
4.51	1.01697e-07
4.5125	9.83505e-08
4.515	9.78514e-08
4.5175	9.73646e-08
4.52	9.6665e-08
4.5225	9.6137e-08
4.525	9.56076e-08
4.5275	9.57344e-08
4.53	9.30756e-08
4.5325	9.2537e-08
4.535	9.20258e-08
4.5375	9.36019e-08
4.54	9.15013e-08
4.5425	9.10576e-08
4.545	9.06416e-08
4.5475	9.08698e-08
4.55	9.04324e-08
4.5525	8.94814e-08
4.555	8.93175e-08
4.5575	8.88727e-08
4.56	8.84566e-08
4.5625	8.88229e-08
4.565	8.62223e-08
4.5675	8.58531e-08
4.57	8.54975e-08
4.5725	8.51589e-08
4.575	8.56651e-08
4.5775	8.52433e-08
4.58	8.45329e-08
4.5825	8.48943e-08
4.585	8.45168e-08
4.5875	8.42124e-08
4.59	8.55069e-08
4.5925	8.25521e-08
4.595	8.22493e-08
4.5975	8.19534e-08
4.6	8.23946e-08
4.6025	8.20154e-08
4.605	8.16467e-08
4.6075	8.21881e-08
4.61	8.045e-08
4.6125	8.01424e-08
4.615	7.98474e-08
4.6175	8.11081e-08
4.62	7.91718e-08
4.6225	7.88918e-08
4.625	7.86232e-08
4.6275	7.86568e-08
4.63	7.83574e-08
4.6325	7.80622e-08
4.635	7.92484e-08
4.6375	7.78564e-08
4.64	7.7564e-08
4.6425	7.72804e-08
4.645	7.77318e-08
4.6475	7.73832e-08
4.65	7.69064e-08
4.6525	7.74922e-08
4.655	7.71963e-08
4.6575	7.68965e-08
4.66	7.73301e-08
4.6625	7.70363e-08
4.665	7.62066e-08
4.6675	7.71732e-08
4.67	7.68877e-08
4.6725	7.66119e-08
4.675	7.78865e-08
4.6775	7.45122e-08
4.68	7.43003e-08
4.6825	7.40872e-08
4.685	7.50861e-08
4.6875	7.48027e-08
4.69	7.45357e-08
4.6925	7.55401e-08
4.695	7.41311e-08
4.6975	7.39002e-08
4.7	7.36965e-08
4.7025	7.52489e-08
4.705	7.36054e-08
4.7075	7.34326e-08
4.71	7.32671e-08
4.7125	7.35812e-08
4.715	7.33782e-08
4.7175	7.34181e-08
4.72	7.31836e-08
4.7225	7.34775e-08
4.725	7.48603e-08
4.7275	7.33151e-08
4.73	7.3097e-08
4.7325	7.30264e-08
4.735	7.28417e-08
4.7375	7.28512e-08
4.74	7.46093e-08
4.7425	7.31753e-08
4.745	7.15662e-08
4.7475	7.14038e-08
4.75	7.12427e-08
4.7525	7.10816e-08
4.755	7.10634e-08
4.7575	7.47625e-08
4.76	7.4191e-08
4.7625	7.27843e-08
4.765	7.26478e-08
4.7675	7.25507e-08
4.77	7.23972e-08
4.7725	7.20999e-08
4.775	7.18225e-08
4.7775	7.16334e-08
4.78	7.1419e-08
4.7825	7.41396e-08
4.785	7.21912e-08
4.7875	7.20423e-08
4.79	7.19216e-08
4.7925	7.20486e-08
4.795	7.12282e-08
4.7975	7.10566e-08
4.8	7.0867e-08
4.8025	7.10815e-08
4.805	7.08961e-08
4.8075	7.06982e-08
4.81	7.11846e-08
4.8125	7.10076e-08
4.815	7.08578e-08
4.8175	7.21438e-08
4.82	7.01171e-08
4.8225	6.99678e-08
4.825	6.98322e-08
4.8275	6.9696e-08
4.83	7.04357e-08
4.8325	7.02561e-08
4.835	6.97077e-08
4.8375	7.03439e-08
4.84	7.01753e-08
4.8425	7.00576e-08
4.845	7.18305e-08
4.8475	6.9405e-08
4.85	6.92337e-08
4.8525	6.90693e-08
4.855	6.88945e-08
4.8575	7.03591e-08
4.86	7.01717e-08
4.8625	6.93621e-08
4.865	7.00118e-08
4.8675	6.85588e-08
4.87	6.8388e-08
4.8725	6.8309e-08
4.875	6.81331e-08
4.8775	6.81368e-08
4.88	7.08198e-08
4.8825	6.97758e-08
4.885	6.96546e-08
4.8875	6.95398e-08
4.89	6.98907e-08
4.8925	6.758e-08
4.895	6.74441e-08
4.8975	6.73557e-08
4.9	6.83547e-08
4.9025	6.81734e-08
4.905	6.80025e-08
4.9075	6.96524e-08
4.91	6.80259e-08
4.9125	6.78781e-08
4.915	6.77418e-08
4.9175	6.92451e-08
4.92	6.90813e-08
4.9225	6.81329e-08
4.925	6.88998e-08
4.9275	6.70232e-08
4.93	6.68444e-08
4.9325	6.67886e-08
4.935	6.66355e-08
4.9375	6.66437e-08
4.94	6.90124e-08
4.9425	6.8007e-08
4.945	6.78971e-08
4.9475	6.77831e-08
4.95	6.91012e-08
4.9525	6.6378e-08
4.955	6.6198e-08
4.9575	6.61151e-08
4.96	6.69498e-08
4.9625	6.67586e-08
4.965	6.64994e-08
4.9675	6.74931e-08
4.97	6.73109e-08
4.9725	6.71027e-08
4.975	6.9054e-08
4.9775	6.63511e-08
4.98	6.62138e-08
4.9825	6.60744e-08
4.985	6.66576e-08
4.9875	6.64546e-08
4.99	6.62628e-08
4.9925	6.7174e-08
4.995	6.51796e-08
4.9975	6.49772e-08
5	6.48161e-08
