/*--------------------------------*- C++ -*----------------------------------*\
| =========                 |                                                 |
| \\      /  F ield         | OpenFOAM: The Open Source CFD Toolbox           |
|  \\    /   O peration     | Version:  2.4.0                                 |
|   \\  /    A nd           | Web:      www.OpenFOAM.org                      |
|    \\/     M anipulation  |                                                 |
\*---------------------------------------------------------------------------*/
FoamFile
{
    version     2.0;
    format      ascii;
    class       volScalarField;
    location    "3.77";
    object      p;
}
// * * * * * * * * * * * * * * * * * * * * * * * * * * * * * * * * * * * * * //

dimensions      [0 2 -2 0 0 0 0];

internalField   nonuniform List<scalar> 
6000
(
-0.113996
0.242852
0.20011
0.21998
0.2126
0.217418
0.214473
0.216563
0.215367
0.216152
0.215281
0.214951
0.213886
0.213319
0.213285
0.214668
0.217315
0.21996
0.220291
0.218324
0.219636
0.223121
0.220122
0.21092
0.200675
0.192596
0.186549
0.182286
0.179558
0.178378
0.178797
0.180943
0.184964
0.190981
0.199163
0.209634
0.222495
0.237804
0.25555
0.275633
0.297816
0.321686
0.346546
0.371368
0.394607
0.414465
0.428761
0.435622
0.433211
0.421377
0.40018
0.372992
0.340004
0.30799
0.270099
0.242056
0.193606
0.177556
0.0866323
0.10612
-0.0876568
0.239437
0.200184
0.219827
0.21262
0.217402
0.214481
0.216558
0.215384
0.216181
0.215337
0.215018
0.213945
0.213336
0.213211
0.214455
0.216939
0.219462
0.219842
0.218165
0.219722
0.22349
0.220811
0.211585
0.201113
0.192883
0.186742
0.182405
0.179609
0.178361
0.178711
0.180789
0.184719
0.190707
0.198843
0.209268
0.222084
0.237347
0.255044
0.275069
0.29718
0.320959
0.345702
0.370376
0.393445
0.413147
0.427278
0.433973
0.431417
0.419478
0.398232
0.371051
0.338105
0.30615
0.26841
0.240408
0.192216
0.175828
0.0852494
0.104353
-0.0707683
0.235982
0.200213
0.219736
0.212628
0.217394
0.214483
0.21656
0.215399
0.21622
0.215393
0.215093
0.214012
0.213364
0.213149
0.214244
0.21654
0.218929
0.219376
0.218007
0.219824
0.223813
0.221378
0.212166
0.201596
0.193291
0.18707
0.182651
0.179772
0.178441
0.178708
0.180705
0.184563
0.190441
0.19848
0.208808
0.221526
0.236688
0.254278
0.274189
0.296175
0.319811
0.344392
0.368886
0.391763
0.411285
0.425251
0.431813
0.42918
0.417241
0.396073
0.36905
0.336296
0.304599
0.267016
0.23924
0.190945
0.174912
0.0838462
0.10367
-0.0585446
0.23213
0.200424
0.219652
0.212627
0.217386
0.214483
0.216565
0.215414
0.216259
0.215445
0.215164
0.214071
0.213387
0.213084
0.21404
0.216169
0.218455
0.218988
0.217877
0.219921
0.224032
0.221755
0.212556
0.201982
0.193664
0.187388
0.182896
0.179937
0.178522
0.178702
0.180608
0.184376
0.190154
0.198089
0.208313
0.220925
0.235979
0.253458
0.273253
0.295114
0.318615
0.343047
0.367382
0.390092
0.409431
0.423226
0.429644
0.426912
0.414949
0.393831
0.366948
0.33436
0.302893
0.265418
0.237908
0.189542
0.173875
0.082278
0.103121
-0.0467365
0.228003
0.200806
0.219571
0.212625
0.217374
0.214484
0.216568
0.215426
0.216293
0.21549
0.215225
0.214121
0.213403
0.213019
0.213851
0.215841
0.21806
0.218681
0.217794
0.220003
0.224167
0.221958
0.212765
0.202251
0.19396
0.187647
0.183095
0.180064
0.178572
0.178668
0.180488
0.184165
0.189851
0.197691
0.207819
0.220335
0.235293
0.252675
0.272369
0.294124
0.317512
0.341824
0.36603
0.3886
0.407775
0.421405
0.427671
0.424816
0.412791
0.39167
0.364879
0.332406
0.301144
0.263759
0.236532
0.188056
0.172829
0.0806031
0.102693
-0.0351508
0.223766
0.201314
0.219475
0.212631
0.217359
0.214484
0.216571
0.215436
0.216322
0.215528
0.215277
0.214163
0.213413
0.212953
0.213675
0.215547
0.217723
0.218445
0.21775
0.220085
0.224246
0.22203
0.212842
0.202433
0.19419
0.187853
0.18325
0.180153
0.178588
0.178607
0.180345
0.183937
0.189538
0.19729
0.207332
0.219761
0.234634
0.25193
0.271537
0.293202
0.316497
0.340708
0.364807
0.387255
0.406285
0.419761
0.425877
0.422889
0.410777
0.389619
0.362882
0.330491
0.299417
0.26211
0.235171
0.186554
0.171821
0.0788983
0.102384
-0.0244092
0.219519
0.201852
0.219352
0.212649
0.21734
0.214486
0.216572
0.215446
0.216348
0.215562
0.215323
0.214199
0.21342
0.212889
0.213507
0.215275
0.217426
0.218261
0.217746
0.220183
0.224292
0.222009
0.212831
0.202557
0.194372
0.188021
0.183371
0.180213
0.178579
0.178523
0.180184
0.183695
0.189214
0.196885
0.206846
0.219196
0.233989
0.251208
0.270737
0.292322
0.315534
0.339657
0.363663
0.386001
0.404903
0.418238
0.42421
0.421084
0.408873
0.387658
0.360954
0.328624
0.297726
0.260487
0.23384
0.185069
0.170865
0.07721
0.102187
-0.0145685
0.215333
0.20235
0.21921
0.212675
0.217319
0.214488
0.216572
0.215455
0.216372
0.215592
0.215365
0.214231
0.213424
0.212825
0.213346
0.215019
0.217157
0.218118
0.217782
0.220307
0.224321
0.221924
0.212762
0.20264
0.194519
0.188158
0.183467
0.18025
0.17855
0.178422
0.180007
0.183441
0.188882
0.196475
0.206358
0.218632
0.233352
0.250498
0.269955
0.291466
0.314602
0.338647
0.362568
0.384808
0.403594
0.416798
0.422633
0.419368
0.407047
0.385762
0.359077
0.326795
0.296065
0.258889
0.232537
0.183608
0.169957
0.0755585
0.102088
-0.0053988
0.211272
0.202756
0.219064
0.212695
0.217298
0.214491
0.216572
0.215465
0.216394
0.215621
0.215404
0.214261
0.213426
0.212762
0.21319
0.214776
0.216911
0.218008
0.217857
0.220467
0.224348
0.221801
0.212657
0.202696
0.194639
0.188272
0.183541
0.180268
0.178504
0.178306
0.179817
0.183176
0.188541
0.196058
0.205867
0.218069
0.232718
0.249794
0.269182
0.290624
0.31369
0.337663
0.361507
0.383657
0.402338
0.41542
0.42112
0.417715
0.405279
0.383912
0.357234
0.324991
0.294425
0.257311
0.231258
0.182174
0.169093
0.0739524
0.102075
0.00325457
0.207377
0.20305
0.218915
0.212711
0.217279
0.214496
0.216571
0.215474
0.216415
0.215649
0.21544
0.214289
0.213427
0.212699
0.213038
0.214541
0.216681
0.217926
0.217972
0.220669
0.224389
0.22166
0.212537
0.202735
0.19474
0.188368
0.183599
0.180271
0.178443
0.178176
0.179616
0.182901
0.188192
0.195635
0.205372
0.217503
0.232083
0.249092
0.268414
0.28979
0.312789
0.336694
0.360466
0.382535
0.401119
0.414084
0.419654
0.416107
0.403549
0.382092
0.355412
0.323203
0.292798
0.255748
0.23
0.180767
0.168272
0.0723951
0.102137
0.0114442
0.203668
0.203225
0.218746
0.212747
0.217262
0.214503
0.21657
0.215484
0.216435
0.215676
0.215476
0.214316
0.213428
0.212638
0.21289
0.214315
0.216464
0.217867
0.218124
0.220916
0.224455
0.22152
0.212416
0.202766
0.194827
0.188451
0.183645
0.180262
0.178372
0.178037
0.179406
0.182618
0.187835
0.195207
0.204872
0.216933
0.231445
0.248388
0.267645
0.288956
0.311891
0.335733
0.359435
0.381429
0.399922
0.412776
0.418218
0.414527
0.401842
0.380287
0.353599
0.321422
0.291178
0.254197
0.22876
0.179386
0.16749
0.0708882
0.102267
0.0191988
0.20016
0.203285
0.218552
0.212815
0.217244
0.214513
0.216569
0.215496
0.216455
0.215703
0.21551
0.214343
0.21343
0.212579
0.212745
0.214094
0.216257
0.217828
0.21831
0.221208
0.224556
0.221396
0.212306
0.202797
0.194908
0.188526
0.183682
0.180245
0.178292
0.177889
0.179188
0.182328
0.187473
0.194773
0.204367
0.216359
0.230804
0.24768
0.266872
0.28812
0.310991
0.334771
0.358407
0.38033
0.398736
0.411482
0.416797
0.412961
0.400143
0.378486
0.351786
0.319639
0.289559
0.252655
0.227535
0.17803
0.166746
0.0694318
0.102458
0.0265536
0.196863
0.203238
0.218324
0.212914
0.217221
0.21453
0.216568
0.215508
0.216475
0.21573
0.215545
0.214371
0.213432
0.212522
0.212605
0.213879
0.216057
0.217803
0.218529
0.221545
0.224696
0.2213
0.212218
0.202835
0.194986
0.188596
0.183713
0.180222
0.178206
0.177736
0.178964
0.182033
0.187106
0.194334
0.203858
0.21578
0.230157
0.246967
0.266094
0.287277
0.310085
0.333804
0.357376
0.37923
0.397552
0.410192
0.41538
0.411397
0.398441
0.376677
0.349962
0.317849
0.287936
0.251118
0.226323
0.1767
0.166038
0.0680252
0.102707
0.0335434
0.193782
0.203092
0.218057
0.213046
0.217184
0.214552
0.216569
0.215522
0.216495
0.215758
0.215579
0.214399
0.213435
0.212469
0.21247
0.213669
0.215864
0.21779
0.218777
0.221922
0.22488
0.221241
0.21216
0.202886
0.195068
0.188665
0.183742
0.180196
0.178118
0.17758
0.178738
0.181735
0.186735
0.193892
0.203344
0.215197
0.229505
0.246248
0.265308
0.286426
0.30917
0.332826
0.356336
0.378122
0.396361
0.408896
0.413958
0.409823
0.396726
0.374851
0.348121
0.316045
0.286305
0.249583
0.225122
0.175394
0.165365
0.0666673
0.10301
0.0401962
0.190921
0.202858
0.217746
0.213192
0.217144
0.214579
0.216573
0.215538
0.216515
0.215786
0.215615
0.214428
0.213441
0.212419
0.21234
0.213465
0.215675
0.217786
0.21905
0.222332
0.225108
0.221225
0.212137
0.202955
0.195156
0.188738
0.183772
0.18017
0.178028
0.177422
0.17851
0.181434
0.186363
0.193447
0.202828
0.214609
0.228848
0.245522
0.264514
0.285564
0.308245
0.331836
0.355284
0.377003
0.395159
0.407588
0.412521
0.408232
0.394989
0.373001
0.346256
0.314222
0.284662
0.248048
0.223929
0.174111
0.164725
0.0653564
0.103362
0.0465337
0.188277
0.20255
0.217392
0.213339
0.217112
0.214604
0.21658
0.215557
0.216538
0.215817
0.215651
0.214459
0.213449
0.212374
0.212216
0.213268
0.215492
0.21779
0.219343
0.22277
0.225378
0.221258
0.212155
0.203045
0.195256
0.188816
0.183805
0.180145
0.177939
0.177265
0.178282
0.181134
0.18599
0.193001
0.202309
0.214019
0.228186
0.244789
0.263712
0.284693
0.307306
0.330832
0.354217
0.375867
0.393939
0.406261
0.411062
0.406615
0.393221
0.371118
0.344359
0.312375
0.283003
0.246511
0.222743
0.17285
0.164116
0.0640911
0.10376
0.0525743
0.185845
0.202179
0.216996
0.213479
0.217087
0.214632
0.216592
0.215581
0.216562
0.215849
0.215688
0.214492
0.21346
0.212333
0.212099
0.213079
0.215315
0.2178
0.219654
0.223228
0.225685
0.221341
0.212215
0.203159
0.195369
0.188903
0.183843
0.180125
0.177853
0.17711
0.178056
0.180836
0.185618
0.192556
0.20179
0.213426
0.22752
0.244051
0.262902
0.283811
0.306355
0.329814
0.353133
0.374712
0.392697
0.404909
0.409574
0.404964
0.391415
0.369196
0.342427
0.3105
0.281325
0.244969
0.221564
0.171611
0.163538
0.0628697
0.104204
0.0583347
0.183622
0.201758
0.216562
0.213606
0.21707
0.214664
0.216609
0.21561
0.216589
0.215884
0.215727
0.214528
0.213474
0.212299
0.21199
0.212898
0.215144
0.217815
0.219977
0.223699
0.226025
0.221473
0.212319
0.2033
0.195499
0.189
0.183889
0.18011
0.177772
0.176959
0.177834
0.180541
0.185249
0.192112
0.201272
0.212833
0.226852
0.243308
0.262084
0.28292
0.30539
0.328779
0.352031
0.373535
0.391431
0.403528
0.408052
0.403273
0.389564
0.367228
0.340452
0.308593
0.279626
0.243422
0.220389
0.170393
0.16299
0.0616903
0.104691
0.0638297
0.1816
0.2013
0.216096
0.213714
0.217059
0.214708
0.216627
0.215644
0.216619
0.215923
0.215768
0.214566
0.213493
0.212271
0.211891
0.212728
0.214981
0.217834
0.220308
0.224176
0.226391
0.221654
0.212468
0.203469
0.195647
0.189111
0.183945
0.180104
0.177698
0.176815
0.177617
0.18025
0.184884
0.191672
0.200756
0.212241
0.226183
0.242562
0.261261
0.282019
0.304414
0.32773
0.350911
0.372335
0.390135
0.402113
0.40649
0.401536
0.387662
0.365209
0.338431
0.30665
0.277904
0.241866
0.219218
0.169195
0.162472
0.0605512
0.10522
0.069073
0.179772
0.200817
0.215603
0.213801
0.217049
0.21477
0.216641
0.215684
0.216655
0.215966
0.215812
0.214608
0.213515
0.21225
0.211802
0.21257
0.214828
0.217857
0.220644
0.224654
0.226776
0.221881
0.212662
0.203668
0.195816
0.189236
0.184012
0.180106
0.177632
0.176678
0.177408
0.179967
0.184525
0.191237
0.200244
0.211651
0.225515
0.241814
0.260433
0.281111
0.303426
0.326666
0.349771
0.371111
0.38881
0.40066
0.404883
0.399746
0.385703
0.363133
0.33636
0.304669
0.276156
0.240302
0.21805
0.168016
0.161983
0.0594506
0.105789
0.074077
0.178128
0.200318
0.215091
0.213863
0.217038
0.21485
0.216655
0.215728
0.216697
0.216015
0.21586
0.214654
0.213543
0.212237
0.211724
0.212425
0.214686
0.217884
0.220981
0.225128
0.227172
0.222149
0.212898
0.203897
0.196006
0.189377
0.184092
0.18012
0.177576
0.176551
0.177207
0.179691
0.184174
0.190809
0.199737
0.211065
0.224848
0.241066
0.259602
0.280196
0.302429
0.325589
0.348612
0.369862
0.387451
0.399167
0.403226
0.397898
0.38368
0.360995
0.334234
0.302647
0.274381
0.238728
0.216885
0.166857
0.161522
0.0583868
0.106399
0.0788534
0.176661
0.199812
0.214566
0.213899
0.217023
0.214944
0.21667
0.215779
0.216745
0.216071
0.215912
0.214704
0.213575
0.212232
0.211658
0.212295
0.214555
0.217913
0.221316
0.225593
0.227575
0.222453
0.213175
0.204156
0.196218
0.189536
0.184186
0.180146
0.177532
0.176434
0.177016
0.179426
0.183832
0.190389
0.199238
0.210485
0.224186
0.24032
0.25877
0.279277
0.301423
0.324499
0.347435
0.368586
0.386058
0.397629
0.401515
0.395986
0.381588
0.35879
0.332049
0.30058
0.272578
0.237144
0.215723
0.165716
0.16109
0.057358
0.107048
0.0834132
0.17536
0.199309
0.214033
0.213908
0.217002
0.215051
0.216692
0.21583
0.216798
0.216134
0.215971
0.214759
0.213614
0.212235
0.211604
0.212182
0.214439
0.217946
0.221644
0.226047
0.227977
0.222789
0.213489
0.204443
0.196454
0.189712
0.184296
0.180186
0.1775
0.176329
0.176838
0.179172
0.183501
0.189979
0.198749
0.209913
0.22353
0.239577
0.257939
0.278356
0.300412
0.323397
0.34624
0.367285
0.38463
0.396046
0.399745
0.394006
0.379421
0.356512
0.329802
0.298468
0.270744
0.235547
0.214564
0.164593
0.160687
0.0563623
0.107736
0.0877669
0.174216
0.198814
0.213499
0.213893
0.216974
0.215166
0.216723
0.215885
0.216854
0.216207
0.216036
0.214821
0.213659
0.212249
0.211565
0.212085
0.214337
0.217981
0.221963
0.226488
0.228376
0.223152
0.213837
0.204758
0.196712
0.189908
0.184422
0.180241
0.177482
0.176238
0.176672
0.17893
0.183183
0.189582
0.19827
0.209351
0.222882
0.238841
0.257111
0.277435
0.299396
0.322287
0.345029
0.365959
0.383165
0.394413
0.397914
0.391952
0.377175
0.354158
0.327489
0.296306
0.26888
0.233938
0.213407
0.163487
0.160312
0.0553979
0.108464
0.0919245
0.17322
0.198333
0.21297
0.213856
0.216937
0.215289
0.216764
0.215946
0.21691
0.216289
0.216109
0.21489
0.213711
0.212272
0.211539
0.212007
0.214251
0.21802
0.22227
0.226912
0.228767
0.223534
0.214214
0.205099
0.196993
0.190123
0.184565
0.180312
0.177479
0.176162
0.176521
0.178704
0.182879
0.189198
0.197804
0.2088
0.222244
0.238112
0.256289
0.276516
0.298379
0.321168
0.343803
0.364607
0.381664
0.39273
0.396017
0.389819
0.374843
0.351722
0.325108
0.294094
0.266984
0.232317
0.212254
0.162398
0.159967
0.054463
0.109232
0.0958957
0.172362
0.197872
0.21245
0.213799
0.216892
0.215415
0.216812
0.216018
0.216967
0.216377
0.216192
0.214968
0.213771
0.212305
0.211529
0.211947
0.214181
0.218061
0.222563
0.227317
0.229148
0.223933
0.214616
0.205465
0.197297
0.190359
0.184727
0.1804
0.177493
0.176101
0.176386
0.178493
0.18259
0.18883
0.197353
0.208264
0.221618
0.237394
0.255474
0.275602
0.297362
0.320044
0.342563
0.363232
0.380125
0.390994
0.394051
0.387604
0.372421
0.349201
0.322656
0.291831
0.265057
0.230682
0.211103
0.161325
0.15965
0.0535555
0.11004
0.0996897
0.171633
0.197433
0.211944
0.213725
0.21684
0.215544
0.21687
0.216102
0.217024
0.216468
0.216284
0.215056
0.21384
0.21235
0.211533
0.211906
0.214128
0.218105
0.22284
0.227702
0.229517
0.224338
0.215042
0.205854
0.197622
0.190614
0.184907
0.180505
0.177524
0.176058
0.176268
0.178299
0.182319
0.188478
0.196919
0.207743
0.221007
0.236689
0.254671
0.274695
0.296347
0.318917
0.341311
0.361833
0.378548
0.389204
0.392013
0.385301
0.369906
0.346591
0.32013
0.289515
0.263099
0.229034
0.209956
0.160267
0.159362
0.0526736
0.110887
0.103315
0.171024
0.19702
0.211455
0.213639
0.216782
0.215673
0.216935
0.216198
0.217085
0.216561
0.216383
0.215156
0.213921
0.212407
0.211554
0.211886
0.214093
0.218153
0.223099
0.228065
0.229873
0.224745
0.215485
0.206265
0.19797
0.190889
0.185106
0.180629
0.177573
0.176033
0.176169
0.178124
0.182066
0.188146
0.196503
0.20724
0.220413
0.235999
0.25388
0.273798
0.295338
0.317788
0.34005
0.360412
0.376935
0.38736
0.389902
0.382908
0.367292
0.34389
0.31753
0.287145
0.261109
0.227372
0.208814
0.159224
0.159105
0.0518153
0.111776
0.106781
0.170526
0.196634
0.210985
0.213544
0.21672
0.215801
0.217007
0.216307
0.21715
0.216654
0.216489
0.215266
0.214013
0.212478
0.21159
0.211886
0.214077
0.218205
0.22334
0.228404
0.230216
0.225153
0.215943
0.206696
0.198337
0.191184
0.185325
0.180772
0.177641
0.176027
0.176089
0.177969
0.181834
0.187834
0.196108
0.206757
0.219839
0.235328
0.253105
0.272913
0.294336
0.316662
0.338781
0.358972
0.375285
0.385461
0.387716
0.380422
0.364579
0.341095
0.314855
0.284723
0.259089
0.225696
0.207678
0.158195
0.158877
0.0509783
0.112705
0.110096
0.170132
0.196278
0.210539
0.213443
0.216657
0.215927
0.217085
0.216429
0.217224
0.216749
0.216598
0.215387
0.214117
0.212562
0.211643
0.211907
0.214082
0.218262
0.223562
0.228718
0.230545
0.225558
0.216411
0.207145
0.198725
0.1915
0.185563
0.180934
0.177729
0.176042
0.17603
0.177835
0.181624
0.187544
0.195735
0.206297
0.219285
0.234676
0.252348
0.272043
0.293345
0.315539
0.337506
0.357512
0.373601
0.383508
0.385454
0.377843
0.361765
0.338207
0.312106
0.282248
0.257041
0.224008
0.206548
0.157178
0.158681
0.0501607
0.113676
0.113266
0.169833
0.19595
0.210117
0.21334
0.216595
0.216052
0.21717
0.216562
0.217306
0.216847
0.216707
0.215518
0.214235
0.212662
0.211714
0.211947
0.214108
0.218325
0.223765
0.229006
0.23086
0.225957
0.216888
0.207609
0.199131
0.191834
0.18582
0.181116
0.177837
0.176077
0.175992
0.177724
0.181437
0.187278
0.195386
0.205861
0.218756
0.234047
0.251612
0.271192
0.292368
0.314423
0.336229
0.356037
0.371883
0.381501
0.383116
0.37517
0.358851
0.335228
0.309285
0.279724
0.254967
0.222307
0.205425
0.156173
0.158515
0.0493601
0.114689
0.1163
0.169622
0.195653
0.20972
0.213237
0.216535
0.216175
0.217259
0.216707
0.217399
0.216951
0.216816
0.215655
0.214366
0.212779
0.211804
0.212009
0.214154
0.218399
0.22395
0.229267
0.231162
0.226349
0.21737
0.208087
0.199554
0.192187
0.186098
0.181319
0.177966
0.176135
0.175978
0.177636
0.181274
0.187038
0.195063
0.205451
0.218253
0.233443
0.250899
0.27036
0.291407
0.313317
0.334952
0.354547
0.370133
0.379442
0.380705
0.372406
0.355841
0.332161
0.306398
0.277154
0.25287
0.220595
0.204312
0.155179
0.158381
0.0485743
0.115745
0.119205
0.169492
0.195386
0.20935
0.213136
0.21648
0.216298
0.217355
0.216862
0.217503
0.217064
0.216926
0.215796
0.21451
0.212913
0.211914
0.212093
0.21422
0.218484
0.224118
0.229505
0.231448
0.226732
0.217855
0.208576
0.199993
0.192559
0.186395
0.181542
0.178117
0.176215
0.175987
0.177574
0.181138
0.186825
0.194769
0.205069
0.217778
0.232867
0.250213
0.269553
0.290465
0.312224
0.333677
0.353046
0.368355
0.377334
0.378223
0.369555
0.352741
0.329016
0.303452
0.274543
0.250754
0.218873
0.20321
0.154194
0.158278
0.0478012
0.116843
0.121986
0.169436
0.195149
0.209007
0.213041
0.216431
0.216422
0.217457
0.217026
0.217619
0.217187
0.217039
0.21594
0.214664
0.213064
0.212045
0.2122
0.214307
0.21858
0.224276
0.229722
0.231713
0.227105
0.218341
0.209075
0.200447
0.192948
0.186711
0.181787
0.17829
0.176319
0.176021
0.177537
0.181029
0.18664
0.194504
0.204718
0.217334
0.232322
0.249555
0.268771
0.289546
0.311147
0.332408
0.351536
0.36655
0.375179
0.375675
0.366624
0.34956
0.325802
0.300457
0.271899
0.248626
0.217142
0.202121
0.153218
0.158208
0.0470385
0.117984
0.124652
0.169448
0.194942
0.208691
0.212954
0.216391
0.216549
0.217566
0.217198
0.217747
0.217322
0.217156
0.216086
0.214827
0.213231
0.212198
0.212332
0.214417
0.218688
0.224427
0.229917
0.231956
0.227467
0.218826
0.209582
0.200916
0.193355
0.187047
0.182053
0.178486
0.176447
0.176081
0.177528
0.180949
0.186486
0.19427
0.204399
0.216922
0.231809
0.248929
0.268019
0.288652
0.310088
0.331147
0.35002
0.364722
0.372983
0.373066
0.363621
0.346311
0.322534
0.297429
0.269234
0.246493
0.215407
0.201048
0.15225
0.15817
0.0462841
0.119169
0.127206
0.169523
0.194763
0.208402
0.212875
0.21636
0.216679
0.217683
0.217379
0.217887
0.21747
0.217282
0.216236
0.214997
0.213415
0.212373
0.212489
0.214551
0.218811
0.224573
0.230092
0.232176
0.227815
0.219308
0.210096
0.201398
0.193779
0.187403
0.18234
0.178706
0.1766
0.176168
0.177548
0.180899
0.186363
0.19407
0.204115
0.216546
0.231331
0.248338
0.267299
0.287786
0.309051
0.329898
0.348502
0.362875
0.370749
0.370402
0.360556
0.343008
0.319229
0.294382
0.266559
0.244362
0.213669
0.199991
0.151289
0.158165
0.0455359
0.120395
0.129656
0.169655
0.194613
0.20814
0.212805
0.21634
0.216814
0.21781
0.217569
0.218039
0.217632
0.217417
0.21639
0.215172
0.213613
0.21257
0.212673
0.21471
0.218949
0.224717
0.230248
0.232372
0.228148
0.219785
0.210616
0.201893
0.19422
0.187779
0.182649
0.178949
0.176778
0.176282
0.177597
0.180881
0.186274
0.193905
0.203867
0.216208
0.230891
0.247783
0.266614
0.286952
0.30804
0.328664
0.346984
0.361013
0.368483
0.367693
0.357442
0.339665
0.315904
0.291335
0.263887
0.242244
0.211935
0.198955
0.150333
0.158192
0.0447922
0.121664
0.132005
0.169838
0.19449
0.207904
0.212747
0.216332
0.216954
0.217947
0.217767
0.218203
0.217809
0.217565
0.216551
0.215353
0.213824
0.212789
0.212884
0.214896
0.219106
0.224862
0.230387
0.232545
0.228464
0.220256
0.21114
0.202399
0.194677
0.188174
0.18298
0.179216
0.176984
0.176425
0.177676
0.180895
0.186219
0.193776
0.203658
0.215909
0.230491
0.247268
0.265967
0.286152
0.307056
0.327448
0.345471
0.359139
0.366191
0.364947
0.35429
0.336301
0.312577
0.288303
0.261234
0.24015
0.210209
0.197943
0.149384
0.158252
0.0440511
0.122974
0.13426
0.170069
0.194395
0.207694
0.2127
0.216335
0.217101
0.218096
0.217974
0.218379
0.217999
0.217728
0.216724
0.215541
0.214047
0.213029
0.213122
0.215111
0.219284
0.225009
0.230511
0.232695
0.228761
0.220717
0.211666
0.202916
0.19515
0.188589
0.183334
0.179509
0.177216
0.176597
0.177788
0.180944
0.186201
0.193686
0.203489
0.215652
0.230134
0.246795
0.265361
0.28539
0.306105
0.326253
0.343965
0.357259
0.363879
0.362173
0.351115
0.332931
0.309265
0.285304
0.258612
0.23809
0.208498
0.196957
0.148442
0.158343
0.0433113
0.124324
0.136425
0.170343
0.194326
0.20751
0.212666
0.216351
0.217256
0.218258
0.218192
0.218568
0.218203
0.217905
0.216909
0.215738
0.214281
0.213288
0.213387
0.215356
0.219485
0.225162
0.230624
0.232823
0.229038
0.221166
0.212193
0.203444
0.19564
0.189023
0.18371
0.179826
0.177476
0.176799
0.177932
0.181027
0.186221
0.193637
0.203363
0.215439
0.229822
0.246368
0.2648
0.284669
0.305188
0.325082
0.342471
0.355377
0.361554
0.359381
0.34793
0.329572
0.305985
0.282352
0.256033
0.236073
0.206809
0.196001
0.147506
0.158466
0.0425715
0.125712
0.138503
0.170655
0.194282
0.20735
0.212644
0.216379
0.217418
0.218431
0.218422
0.218771
0.218422
0.218099
0.217109
0.215947
0.214527
0.213565
0.213679
0.21563
0.21971
0.225325
0.230727
0.232931
0.229293
0.221602
0.212718
0.20398
0.196144
0.189478
0.18411
0.18017
0.177764
0.177032
0.178109
0.181148
0.18628
0.193629
0.203281
0.215272
0.229558
0.245989
0.264285
0.283993
0.304309
0.32394
0.340992
0.353498
0.359224
0.356583
0.34475
0.32624
0.302752
0.279459
0.253507
0.234107
0.205147
0.195078
0.146579
0.158619
0.0418309
0.127136
0.1405
0.171002
0.194263
0.207214
0.212634
0.21642
0.217587
0.218618
0.218663
0.218988
0.218654
0.21831
0.217327
0.216171
0.214786
0.21386
0.213995
0.215933
0.219961
0.2255
0.230826
0.233021
0.229525
0.222021
0.21324
0.204524
0.196663
0.189952
0.184532
0.18054
0.178082
0.177297
0.178322
0.181305
0.18638
0.193665
0.203245
0.215155
0.229344
0.245661
0.263821
0.283363
0.303472
0.322828
0.339531
0.351626
0.356895
0.353788
0.341586
0.32295
0.299579
0.276637
0.251041
0.232198
0.203518
0.194192
0.145662
0.158801
0.041089
0.128593
0.142418
0.171381
0.194268
0.207102
0.212637
0.216474
0.217766
0.218818
0.218917
0.21922
0.218902
0.218539
0.217563
0.216411
0.21506
0.214172
0.214335
0.216265
0.220239
0.225689
0.230922
0.233095
0.229736
0.222421
0.213755
0.205074
0.197197
0.190446
0.184979
0.180937
0.17843
0.177596
0.178571
0.181503
0.186522
0.193747
0.203258
0.215088
0.229183
0.245387
0.26341
0.282785
0.302679
0.321751
0.338093
0.349768
0.354576
0.351007
0.338454
0.319715
0.296479
0.273894
0.248642
0.230351
0.201926
0.193345
0.144757
0.159012
0.0403457
0.130081
0.144262
0.171788
0.194296
0.207013
0.212653
0.21654
0.217952
0.21903
0.219183
0.219469
0.219165
0.218785
0.217819
0.216672
0.215352
0.214502
0.214698
0.216624
0.220544
0.225895
0.231019
0.233156
0.229924
0.222801
0.214262
0.205628
0.197744
0.19096
0.18545
0.181362
0.178808
0.177928
0.178856
0.18174
0.186707
0.193875
0.203322
0.215075
0.229077
0.245169
0.263056
0.282261
0.301934
0.320711
0.33668
0.347928
0.352274
0.348251
0.335366
0.31655
0.293462
0.271239
0.246316
0.228569
0.200375
0.192539
0.143867
0.159251
0.0396015
0.131596
0.146035
0.17222
0.194347
0.206947
0.212683
0.216619
0.218147
0.219254
0.219461
0.219735
0.219444
0.219049
0.218095
0.216954
0.215664
0.214851
0.215081
0.217009
0.220875
0.22612
0.231122
0.233209
0.230093
0.223159
0.214757
0.206184
0.198304
0.191493
0.185945
0.181815
0.179218
0.178294
0.17918
0.182019
0.186938
0.194053
0.203437
0.215117
0.22903
0.245011
0.262761
0.281794
0.30124
0.319711
0.335297
0.346112
0.349996
0.34553
0.332334
0.313466
0.290539
0.268676
0.244065
0.226854
0.198868
0.191775
0.142994
0.159518
0.0388575
0.133133
0.14774
0.172674
0.194419
0.206902
0.212725
0.21671
0.21835
0.21949
0.219751
0.220017
0.21974
0.219332
0.218392
0.217259
0.215998
0.215221
0.215486
0.217417
0.221231
0.226364
0.231232
0.233255
0.230243
0.223495
0.215238
0.206739
0.198874
0.192045
0.186465
0.182297
0.17966
0.178697
0.179543
0.182341
0.187216
0.194281
0.203607
0.215217
0.229043
0.244915
0.262529
0.281387
0.3006
0.318754
0.333946
0.344324
0.347749
0.342853
0.32937
0.310474
0.287715
0.266211
0.241892
0.225208
0.197406
0.191056
0.142141
0.159812
0.038115
0.13469
0.149379
0.173147
0.194512
0.206879
0.21278
0.216813
0.218561
0.219738
0.220052
0.220317
0.220055
0.219635
0.21871
0.217588
0.216357
0.215614
0.215912
0.217848
0.22161
0.226628
0.231351
0.233298
0.230377
0.223808
0.215702
0.207291
0.199453
0.192615
0.187009
0.182807
0.180135
0.179136
0.179947
0.182707
0.187542
0.194561
0.203834
0.215377
0.229119
0.244885
0.262362
0.281044
0.300016
0.317843
0.332631
0.34257
0.345542
0.340232
0.326484
0.307584
0.284999
0.263846
0.239797
0.223629
0.195991
0.190381
0.14131
0.160133
0.0373759
0.136261
0.150957
0.173638
0.194626
0.206877
0.212849
0.216928
0.21878
0.219996
0.220364
0.220631
0.220387
0.219958
0.21905
0.217942
0.216742
0.216031
0.21636
0.218299
0.22201
0.226912
0.231483
0.233342
0.230499
0.224101
0.21615
0.207838
0.200039
0.193202
0.187576
0.183347
0.180644
0.179613
0.180391
0.183119
0.187918
0.194895
0.204119
0.2156
0.229262
0.244922
0.262265
0.280767
0.299491
0.316978
0.331355
0.340854
0.343381
0.337674
0.323687
0.304804
0.282395
0.261583
0.237783
0.222119
0.194624
0.18975
0.140503
0.16048
0.0366426
0.137844
0.152475
0.174144
0.194759
0.206895
0.212931
0.217055
0.219008
0.220265
0.220687
0.220961
0.220736
0.220303
0.219412
0.21832
0.217154
0.216474
0.216831
0.218771
0.222429
0.227212
0.231628
0.233389
0.230612
0.224374
0.216579
0.208376
0.20063
0.193804
0.188168
0.183916
0.181187
0.180128
0.180879
0.183577
0.188344
0.195286
0.204464
0.215888
0.229473
0.245031
0.26224
0.280561
0.299028
0.316163
0.330121
0.339181
0.341272
0.335189
0.320987
0.30214
0.279905
0.259422
0.235848
0.220677
0.193305
0.189165
0.139723
0.160853
0.0359176
0.139434
0.153937
0.174662
0.19491
0.206933
0.213026
0.217194
0.219243
0.220544
0.22102
0.221305
0.221102
0.22067
0.219797
0.218725
0.217593
0.216944
0.217326
0.219262
0.222865
0.22753
0.231786
0.233443
0.230719
0.224632
0.216991
0.208905
0.201224
0.194421
0.188782
0.184514
0.181764
0.180682
0.18141
0.184083
0.188824
0.195734
0.204872
0.216243
0.229755
0.245215
0.26229
0.280426
0.298628
0.315399
0.328931
0.337555
0.339222
0.332783
0.318393
0.299599
0.277532
0.257363
0.233992
0.219301
0.192035
0.188624
0.13897
0.161252
0.0352037
0.141027
0.155343
0.175191
0.195079
0.20699
0.213134
0.217345
0.219487
0.220832
0.221362
0.221662
0.221484
0.221056
0.220205
0.219154
0.21806
0.217443
0.217846
0.219772
0.223316
0.227861
0.231958
0.233506
0.230824
0.224876
0.217386
0.209423
0.201818
0.195049
0.189417
0.185141
0.182376
0.181276
0.181985
0.184639
0.189358
0.196241
0.205345
0.216667
0.230111
0.245476
0.262419
0.280367
0.298293
0.314687
0.327787
0.335981
0.337235
0.330465
0.315911
0.297184
0.275276
0.255404
0.232213
0.217991
0.190814
0.188127
0.138248
0.161676
0.0345036
0.142622
0.156697
0.17573
0.195266
0.207066
0.213255
0.217507
0.219739
0.22113
0.221713
0.222032
0.22188
0.221463
0.220636
0.21961
0.218554
0.21797
0.218391
0.220302
0.223782
0.228205
0.232142
0.233579
0.23093
0.22511
0.217766
0.209931
0.202411
0.195688
0.190074
0.185797
0.183023
0.18191
0.182606
0.185245
0.189947
0.19681
0.205885
0.217164
0.230545
0.245817
0.26263
0.280386
0.298024
0.314028
0.326694
0.334461
0.335318
0.328241
0.313547
0.294897
0.273136
0.253543
0.23051
0.216746
0.189643
0.187674
0.137557
0.162125
0.0338202
0.144213
0.158001
0.176276
0.195469
0.20716
0.213389
0.217681
0.219999
0.221436
0.222072
0.222413
0.22229
0.221887
0.221089
0.220091
0.219076
0.218525
0.218961
0.220852
0.224262
0.228559
0.232339
0.233663
0.231041
0.225339
0.218135
0.210428
0.203002
0.196336
0.190749
0.186481
0.183704
0.182586
0.183273
0.185903
0.190594
0.197441
0.206493
0.217736
0.231058
0.246242
0.262925
0.280484
0.297821
0.313423
0.325651
0.332999
0.333475
0.326116
0.311307
0.292741
0.27111
0.251777
0.228882
0.215565
0.188521
0.187264
0.1369
0.162599
0.0331564
0.145799
0.159256
0.176828
0.195687
0.207271
0.213536
0.217867
0.220267
0.221752
0.22244
0.222805
0.222712
0.222328
0.221562
0.220598
0.219624
0.219108
0.219558
0.221422
0.224754
0.228923
0.232546
0.23376
0.23116
0.225567
0.218496
0.210918
0.203591
0.196992
0.191443
0.187191
0.18442
0.183302
0.183987
0.186613
0.1913
0.198138
0.207173
0.218384
0.231653
0.246754
0.263309
0.280664
0.297685
0.312872
0.324662
0.331597
0.331709
0.324095
0.309192
0.290713
0.269197
0.250104
0.227327
0.214447
0.18745
0.186898
0.136276
0.163096
0.032515
0.147378
0.160465
0.177385
0.195921
0.2074
0.213696
0.218065
0.220544
0.222076
0.222816
0.223207
0.223146
0.222784
0.222054
0.221128
0.220199
0.219718
0.22018
0.222012
0.22526
0.229295
0.232763
0.233869
0.231288
0.225798
0.218853
0.211401
0.204179
0.197654
0.192153
0.187928
0.18517
0.18406
0.184749
0.187378
0.192065
0.198901
0.207926
0.219113
0.232335
0.247355
0.263782
0.280925
0.297615
0.312377
0.323727
0.330258
0.330024
0.322183
0.307205
0.288813
0.267391
0.24852
0.225842
0.21339
0.186429
0.186574
0.135688
0.163617
0.0318984
0.148947
0.161629
0.177945
0.196169
0.207545
0.213869
0.218273
0.220829
0.222409
0.2232
0.223619
0.223591
0.223254
0.222563
0.221679
0.220799
0.220355
0.220826
0.222622
0.225778
0.229675
0.232988
0.23399
0.231429
0.226036
0.219211
0.211882
0.204766
0.198323
0.192879
0.18869
0.185955
0.184859
0.185559
0.188197
0.192892
0.199733
0.208754
0.219924
0.233105
0.24805
0.264349
0.28127
0.297611
0.311936
0.322848
0.328981
0.328422
0.320383
0.305348
0.287038
0.26569
0.247023
0.224428
0.212394
0.185458
0.186292
0.135137
0.164161
0.0313091
0.150504
0.16275
0.178508
0.196431
0.207706
0.214054
0.218493
0.221122
0.222751
0.223592
0.22404
0.224046
0.223737
0.223086
0.222248
0.221421
0.221015
0.221496
0.223251
0.226309
0.230063
0.233221
0.234123
0.231583
0.226285
0.219575
0.212366
0.205357
0.199001
0.193622
0.189477
0.186773
0.1857
0.186418
0.189073
0.193783
0.200635
0.209661
0.22082
0.233967
0.248842
0.265011
0.281696
0.29767
0.311551
0.322024
0.32777
0.326907
0.318697
0.303618
0.285384
0.264089
0.245608
0.223081
0.211458
0.184537
0.186052
0.134623
0.164727
0.0307496
0.152047
0.163829
0.179073
0.196707
0.207883
0.214251
0.218725
0.221424
0.223101
0.223991
0.224471
0.22451
0.224232
0.223623
0.222834
0.222063
0.221699
0.222188
0.223899
0.226853
0.230457
0.233462
0.234269
0.231752
0.226547
0.219949
0.212856
0.205953
0.199688
0.194381
0.19029
0.187625
0.186583
0.187327
0.190005
0.194737
0.201609
0.210647
0.221804
0.234923
0.249733
0.265769
0.282203
0.297791
0.31122
0.321255
0.326622
0.325478
0.317125
0.302015
0.283845
0.262583
0.244273
0.221802
0.210581
0.183667
0.185852
0.134147
0.165314
0.0302219
0.153576
0.164867
0.179638
0.196995
0.208075
0.21446
0.218967
0.221734
0.223459
0.224398
0.22491
0.224984
0.224737
0.224171
0.223434
0.22272
0.222401
0.2229
0.224565
0.227409
0.23086
0.233709
0.234426
0.231936
0.226825
0.220338
0.213358
0.206561
0.200388
0.195158
0.191128
0.188511
0.187508
0.188286
0.190995
0.195758
0.202657
0.211716
0.222879
0.235978
0.250725
0.266623
0.282788
0.297974
0.310944
0.320541
0.325539
0.324137
0.315669
0.300535
0.282417
0.261168
0.243015
0.220588
0.209763
0.182848
0.185692
0.13371
0.165922
0.0297281
0.155089
0.165867
0.180203
0.197296
0.208282
0.214681
0.21922
0.222053
0.223826
0.224813
0.225357
0.225467
0.225253
0.224731
0.224045
0.223391
0.223119
0.223629
0.225247
0.227978
0.231271
0.233965
0.234595
0.232137
0.227122
0.220745
0.213877
0.207183
0.201104
0.195956
0.191992
0.189432
0.188475
0.189295
0.192045
0.196846
0.203782
0.21287
0.224047
0.237134
0.251823
0.267574
0.283448
0.298215
0.310721
0.319879
0.32452
0.322885
0.314327
0.299174
0.281093
0.259838
0.241832
0.219439
0.209003
0.182079
0.185571
0.133312
0.166549
0.02927
0.156585
0.166829
0.180767
0.197609
0.208503
0.214913
0.219484
0.22238
0.224201
0.225235
0.225813
0.225959
0.225779
0.225301
0.224667
0.224073
0.223849
0.224373
0.225945
0.228561
0.231691
0.234229
0.234775
0.232354
0.22744
0.221174
0.214418
0.207826
0.201841
0.196776
0.192886
0.190388
0.189487
0.190357
0.193155
0.198004
0.204985
0.214112
0.225312
0.238394
0.253027
0.26862
0.28418
0.298513
0.31055
0.319268
0.323562
0.321721
0.313097
0.297926
0.279867
0.25859
0.24072
0.218354
0.208299
0.181361
0.185488
0.132954
0.167195
0.0288492
0.158062
0.167754
0.18133
0.197933
0.208738
0.215157
0.219758
0.222715
0.224583
0.225664
0.226277
0.226459
0.226313
0.22588
0.225299
0.224763
0.224589
0.225128
0.226655
0.229156
0.232123
0.234503
0.234968
0.232588
0.22778
0.221629
0.214984
0.208494
0.202603
0.197624
0.19381
0.191382
0.190544
0.191473
0.194327
0.199232
0.206268
0.215444
0.226677
0.239761
0.254338
0.269756
0.284979
0.298866
0.310429
0.318706
0.322666
0.320643
0.311976
0.296786
0.278733
0.25742
0.239678
0.217332
0.207651
0.180692
0.185443
0.132637
0.167859
0.0284673
0.159522
0.168643
0.181891
0.198268
0.208986
0.215413
0.220042
0.223058
0.224973
0.2261
0.226748
0.226967
0.226857
0.226469
0.225939
0.225461
0.225335
0.225891
0.227375
0.229763
0.232567
0.234789
0.235175
0.232839
0.228143
0.222111
0.21558
0.209193
0.203395
0.198503
0.19477
0.192416
0.191647
0.192642
0.195562
0.200533
0.207633
0.216868
0.228144
0.241237
0.255755
0.270978
0.285842
0.299272
0.310355
0.318189
0.32183
0.31965
0.31096
0.295746
0.277684
0.256323
0.238703
0.216372
0.207059
0.180074
0.185433
0.132359
0.16854
0.0281257
0.160962
0.169498
0.18245
0.198613
0.209246
0.215679
0.220337
0.22341
0.225371
0.226543
0.227227
0.227483
0.227409
0.227065
0.226588
0.226166
0.226087
0.226658
0.228103
0.230382
0.233025
0.235089
0.235397
0.233108
0.228528
0.222623
0.21621
0.209926
0.204222
0.199417
0.195767
0.193493
0.1928
0.193869
0.196863
0.201909
0.209084
0.218388
0.229716
0.242825
0.257276
0.27228
0.286764
0.299728
0.310325
0.317714
0.32105
0.318738
0.310042
0.2948
0.276713
0.255295
0.237794
0.215474
0.206521
0.179505
0.185459
0.132122
0.169238
0.0278257
0.162383
0.170319
0.183006
0.19897
0.20952
0.215956
0.220642
0.223769
0.225776
0.226993
0.227713
0.228006
0.22797
0.22767
0.227243
0.226877
0.226843
0.227429
0.228836
0.23101
0.233497
0.235406
0.235636
0.233394
0.228937
0.223164
0.216875
0.210698
0.205089
0.200372
0.196807
0.194616
0.194004
0.195154
0.198231
0.203362
0.210622
0.220005
0.231395
0.244524
0.258896
0.273655
0.287741
0.300231
0.310334
0.317279
0.320324
0.317905
0.309217
0.293938
0.275815
0.254335
0.236949
0.214636
0.206036
0.178986
0.185519
0.131925
0.169951
0.0275683
0.163785
0.171106
0.183559
0.199336
0.209805
0.216244
0.220957
0.224137
0.226189
0.227449
0.228206
0.228536
0.228537
0.228282
0.227906
0.227593
0.227603
0.228203
0.229572
0.231646
0.233983
0.235742
0.235895
0.2337
0.229368
0.223735
0.217576
0.211511
0.205999
0.201372
0.197893
0.195788
0.195262
0.196501
0.199668
0.204894
0.212249
0.221723
0.233184
0.246333
0.260608
0.275096
0.288769
0.300778
0.31038
0.31688
0.319648
0.317145
0.308478
0.293154
0.274984
0.253439
0.236167
0.213857
0.205603
0.178515
0.185611
0.131769
0.170678
0.0273548
0.165167
0.171862
0.184108
0.199712
0.210102
0.216542
0.221281
0.224512
0.226609
0.227912
0.228705
0.229073
0.229112
0.228902
0.228575
0.228315
0.228366
0.228979
0.230313
0.23229
0.234483
0.236097
0.236175
0.234025
0.229821
0.224335
0.218314
0.212366
0.206955
0.20242
0.199029
0.197013
0.196578
0.19791
0.201177
0.206506
0.213968
0.223543
0.235083
0.248247
0.262402
0.276595
0.289843
0.301364
0.310458
0.316514
0.31902
0.316453
0.307816
0.29244
0.274215
0.252604
0.235446
0.213138
0.205221
0.178091
0.185736
0.131653
0.171419
0.027186
0.166529
0.172586
0.184655
0.200097
0.210411
0.21685
0.221616
0.224895
0.227035
0.228381
0.229211
0.229616
0.229694
0.229527
0.22925
0.22904
0.229131
0.229757
0.231056
0.232942
0.234998
0.236473
0.236477
0.23437
0.230294
0.224961
0.219086
0.213263
0.207959
0.203519
0.200219
0.198294
0.197953
0.199386
0.20276
0.208202
0.21578
0.225466
0.23709
0.250259
0.264267
0.278146
0.290958
0.301984
0.310565
0.316177
0.318433
0.315824
0.307225
0.291789
0.273504
0.251828
0.234784
0.212477
0.204889
0.177715
0.185891
0.131577
0.172172
0.0270627
0.167873
0.173279
0.185198
0.200492
0.210731
0.217168
0.221959
0.225286
0.227469
0.228856
0.229723
0.230165
0.230282
0.230159
0.229931
0.22977
0.2299
0.230537
0.231801
0.233599
0.235526
0.236871
0.236803
0.234735
0.230785
0.225609
0.219888
0.214201
0.209009
0.20467
0.201463
0.199633
0.199391
0.200929
0.204417
0.209981
0.217686
0.227493
0.239201
0.252356
0.266194
0.279741
0.29211
0.302637
0.310698
0.315865
0.317885
0.31525
0.306696
0.291192
0.272847
0.25111
0.234181
0.211873
0.204605
0.177386
0.186075
0.13154
0.172938
0.0269859
0.169198
0.173941
0.185737
0.200896
0.211061
0.217496
0.222312
0.225684
0.22791
0.229337
0.23024
0.23072
0.230875
0.230796
0.230616
0.230503
0.23067
0.231317
0.232549
0.234264
0.236068
0.237289
0.237154
0.235121
0.231292
0.226274
0.220715
0.215173
0.210104
0.205871
0.202763
0.201031
0.200891
0.202541
0.20615
0.211845
0.219686
0.229619
0.241404
0.254525
0.268172
0.281373
0.293293
0.303317
0.310853
0.315573
0.317369
0.314726
0.306221
0.290643
0.27224
0.250447
0.233635
0.211325
0.204369
0.177102
0.186287
0.131543
0.173715
0.0269562
0.170505
0.174573
0.186274
0.201309
0.211402
0.217833
0.222674
0.226091
0.228357
0.229824
0.230764
0.231281
0.231474
0.231439
0.231305
0.231239
0.231442
0.232099
0.233299
0.234935
0.236624
0.237729
0.23753
0.235528
0.231815
0.226952
0.221559
0.216171
0.211236
0.207119
0.204116
0.202488
0.202455
0.204222
0.207959
0.213793
0.221777
0.231837
0.243687
0.256752
0.270189
0.283033
0.294503
0.304023
0.311027
0.315297
0.316881
0.314244
0.305792
0.290137
0.271681
0.249839
0.233144
0.210832
0.204177
0.176862
0.186526
0.131585
0.174502
0.0269744
0.171795
0.175175
0.186807
0.201731
0.211752
0.21818
0.223045
0.226504
0.22881
0.230317
0.231293
0.231847
0.232079
0.232086
0.231998
0.231978
0.232215
0.232881
0.234051
0.235611
0.237192
0.238189
0.237931
0.235958
0.232353
0.227641
0.222412
0.217185
0.212395
0.208405
0.205517
0.203999
0.20408
0.205969
0.20984
0.21582
0.223951
0.234134
0.246032
0.259021
0.272233
0.284716
0.295738
0.304754
0.311216
0.315033
0.316416
0.313797
0.305402
0.289668
0.271167
0.249282
0.232707
0.210392
0.20403
0.176666
0.18679
0.131665
0.1753
0.0270412
0.173069
0.175748
0.187336
0.202161
0.212113
0.218536
0.223424
0.226925
0.22927
0.230816
0.231827
0.232418
0.232688
0.232737
0.232695
0.232718
0.232988
0.233663
0.234804
0.236294
0.237773
0.23867
0.238356
0.236412
0.232909
0.22834
0.223273
0.218206
0.213567
0.209715
0.206956
0.205557
0.205759
0.207777
0.211789
0.217919
0.226198
0.236492
0.248419
0.261317
0.274295
0.286418
0.296998
0.305505
0.311414
0.314775
0.315968
0.31338
0.305042
0.289231
0.270696
0.248776
0.232322
0.210005
0.203925
0.176513
0.187078
0.131784
0.176107
0.0271572
0.174328
0.176292
0.187864
0.202601
0.212483
0.2189
0.223813
0.227353
0.229737
0.23132
0.232366
0.232994
0.233301
0.233392
0.233394
0.233461
0.233762
0.234445
0.235559
0.236982
0.238366
0.239169
0.238805
0.236888
0.233483
0.229052
0.224139
0.21923
0.214743
0.211034
0.208416
0.207143
0.207477
0.209633
0.213792
0.220075
0.228495
0.238887
0.250829
0.263627
0.276368
0.288138
0.29828
0.306274
0.311617
0.314519
0.315533
0.312986
0.304707
0.288825
0.270267
0.248319
0.231987
0.209668
0.20386
0.176401
0.18739
0.13194
0.176923
0.0273231
0.175573
0.176807
0.188388
0.203048
0.212862
0.219274
0.22421
0.227788
0.230209
0.231829
0.232911
0.233574
0.233919
0.234051
0.234096
0.234204
0.234537
0.235227
0.236316
0.237675
0.23897
0.239686
0.239277
0.237386
0.234075
0.229775
0.225011
0.220255
0.215918
0.212354
0.209874
0.208739
0.209214
0.211516
0.215827
0.222262
0.230816
0.241295
0.253245
0.265939
0.27845
0.289874
0.299584
0.307056
0.311819
0.314262
0.315107
0.312611
0.30439
0.288445
0.269878
0.24791
0.231701
0.20938
0.203834
0.176329
0.187723
0.132134
0.177748
0.0275396
0.176806
0.177293
0.188911
0.203505
0.21325
0.219656
0.224615
0.228231
0.230688
0.232343
0.23346
0.234159
0.234541
0.234713
0.234801
0.234949
0.235311
0.236009
0.237073
0.238373
0.239585
0.240221
0.239771
0.237905
0.234684
0.230511
0.22589
0.221283
0.217091
0.213669
0.211328
0.210333
0.210951
0.213402
0.217866
0.224451
0.233136
0.243698
0.255656
0.26825
0.280537
0.291626
0.300907
0.307845
0.312016
0.314
0.314686
0.312249
0.304086
0.28809
0.269528
0.247547
0.231462
0.20914
0.203844
0.176297
0.188077
0.132364
0.178582
0.0278074
0.17803
0.17775
0.189432
0.20397
0.213646
0.220046
0.225029
0.22868
0.231173
0.232863
0.234014
0.234748
0.235167
0.235379
0.235508
0.235695
0.236085
0.23679
0.237831
0.239076
0.24021
0.240772
0.240285
0.238445
0.235309
0.231258
0.226776
0.222312
0.218262
0.214979
0.212773
0.211917
0.212676
0.215276
0.219893
0.226626
0.235439
0.246087
0.258056
0.270557
0.28263
0.293395
0.302246
0.308637
0.312201
0.31373
0.314268
0.311899
0.30379
0.28776
0.269215
0.247228
0.231268
0.208945
0.20389
0.176302
0.18845
0.132631
0.179423
0.0281274
0.179245
0.178179
0.189952
0.204443
0.214051
0.220444
0.22545
0.229136
0.231663
0.233388
0.234572
0.235341
0.235796
0.236047
0.236216
0.236441
0.236858
0.237571
0.23859
0.239783
0.240845
0.241339
0.240819
0.239004
0.23595
0.232017
0.227668
0.223342
0.21943
0.216281
0.214209
0.213487
0.214386
0.217131
0.221898
0.228778
0.23772
0.248455
0.26044
0.272856
0.284728
0.295179
0.303596
0.309424
0.312371
0.313452
0.313852
0.311556
0.303499
0.287454
0.268937
0.246952
0.231116
0.208794
0.203968
0.176344
0.188841
0.132933
0.180274
0.0285004
0.180455
0.178578
0.190472
0.204925
0.214463
0.220851
0.22588
0.229599
0.232159
0.233918
0.235135
0.235938
0.236429
0.236717
0.236926
0.237188
0.237632
0.238351
0.23935
0.240494
0.241489
0.241921
0.241371
0.239581
0.236606
0.232785
0.228565
0.224373
0.220594
0.217577
0.215634
0.215043
0.216077
0.218964
0.223878
0.230904
0.239975
0.2508
0.262808
0.27515
0.286833
0.296978
0.304954
0.3102
0.312521
0.313163
0.313438
0.311219
0.30321
0.287172
0.268694
0.246717
0.231005
0.208685
0.204077
0.176422
0.18925
0.133271
0.181133
0.0289275
0.181662
0.178949
0.190992
0.205415
0.214884
0.221266
0.226317
0.230069
0.232661
0.234452
0.235702
0.236539
0.237065
0.23739
0.237637
0.237934
0.238404
0.23913
0.240111
0.24121
0.242143
0.242517
0.241941
0.240176
0.237276
0.233563
0.229466
0.225403
0.221753
0.218863
0.217045
0.216582
0.217748
0.220773
0.225832
0.233001
0.242202
0.253121
0.265159
0.277436
0.288944
0.29879
0.30631
0.310956
0.312646
0.312866
0.313028
0.310886
0.302923
0.286914
0.268484
0.246522
0.230932
0.208615
0.204216
0.176533
0.189676
0.133645
0.182001
0.0294099
0.18287
0.17929
0.191513
0.205913
0.215311
0.221688
0.226763
0.230545
0.233168
0.234991
0.236273
0.237143
0.237703
0.238066
0.23835
0.238681
0.239176
0.239909
0.240872
0.241929
0.242806
0.243127
0.242527
0.240787
0.237959
0.234349
0.230371
0.226432
0.222907
0.220139
0.218443
0.218104
0.219397
0.222557
0.227757
0.235068
0.244399
0.255417
0.267493
0.279717
0.291064
0.300609
0.307656
0.311682
0.312745
0.31256
0.312625
0.310556
0.302638
0.28668
0.268306
0.246364
0.230894
0.208584
0.204381
0.176678
0.190117
0.134053
0.182879
0.0299488
0.184082
0.179602
0.192037
0.20642
0.215746
0.222118
0.227216
0.231027
0.233681
0.235535
0.236848
0.23775
0.238345
0.238743
0.239064
0.239428
0.239946
0.240687
0.241634
0.242653
0.243476
0.24375
0.24313
0.241414
0.238655
0.235144
0.231279
0.227459
0.224054
0.221404
0.219826
0.219606
0.221023
0.224314
0.229652
0.237105
0.246567
0.257688
0.269809
0.281994
0.293191
0.302431
0.308982
0.312372
0.312813
0.312251
0.312233
0.310228
0.302356
0.28647
0.268158
0.246241
0.23089
0.208588
0.204572
0.176855
0.190573
0.134496
0.183768
0.0305458
0.185303
0.179884
0.192563
0.206936
0.216188
0.222555
0.227676
0.231516
0.234198
0.236083
0.237427
0.238361
0.238989
0.239422
0.239778
0.240175
0.240716
0.241464
0.242397
0.24338
0.244155
0.244385
0.243747
0.242056
0.239362
0.235945
0.232189
0.228483
0.225193
0.222658
0.221192
0.221087
0.222624
0.226043
0.231517
0.239109
0.248704
0.259932
0.272108
0.284266
0.295323
0.304246
0.310275
0.313013
0.312851
0.311941
0.311856
0.309901
0.302078
0.286284
0.268039
0.246152
0.230916
0.208626
0.204786
0.177063
0.191043
0.134974
0.184668
0.0312028
0.186537
0.180135
0.193094
0.20746
0.216637
0.223
0.228143
0.232011
0.234721
0.236635
0.23801
0.238975
0.239635
0.240102
0.240493
0.240921
0.241485
0.24224
0.24316
0.24411
0.244842
0.245032
0.244379
0.242711
0.240081
0.236754
0.233101
0.229504
0.226325
0.223899
0.222542
0.222548
0.2242
0.227743
0.233349
0.24108
0.25081
0.26215
0.27439
0.286535
0.297457
0.306042
0.31152
0.313599
0.312858
0.311639
0.311499
0.309577
0.301809
0.286122
0.267947
0.246094
0.230969
0.208695
0.205021
0.177301
0.191528
0.135488
0.185582
0.0319219
0.18779
0.180356
0.19363
0.207992
0.217092
0.223452
0.228618
0.232512
0.235249
0.237192
0.238596
0.239591
0.240284
0.240784
0.241208
0.241666
0.242253
0.243015
0.243924
0.244845
0.245535
0.24569
0.245024
0.24338
0.24081
0.237568
0.234014
0.230522
0.227448
0.225127
0.223875
0.223987
0.225751
0.229413
0.235149
0.243016
0.252883
0.264341
0.276655
0.2888
0.299584
0.307804
0.312701
0.314119
0.312836
0.31135
0.311168
0.309255
0.30155
0.285983
0.267881
0.246065
0.231048
0.208793
0.205276
0.177569
0.192027
0.136037
0.18651
0.0327056
0.189068
0.180546
0.194173
0.208532
0.217552
0.223911
0.2291
0.233018
0.235782
0.237752
0.239185
0.240211
0.240934
0.241467
0.241923
0.242411
0.243019
0.243789
0.244688
0.245582
0.246236
0.246359
0.245683
0.244061
0.241548
0.238388
0.234928
0.231535
0.228562
0.226342
0.225189
0.225402
0.227273
0.231052
0.236915
0.244918
0.254922
0.266505
0.278904
0.29106
0.301694
0.309512
0.3138
0.314568
0.31279
0.311082
0.310865
0.308937
0.301306
0.285868
0.267839
0.246063
0.23115
0.208919
0.205548
0.177864
0.19254
0.136623
0.187456
0.033557
0.190379
0.180704
0.194724
0.20908
0.218019
0.224377
0.229589
0.233531
0.23632
0.238317
0.239778
0.240833
0.241586
0.242151
0.242639
0.243156
0.243784
0.244562
0.245453
0.246322
0.246944
0.247039
0.246353
0.244754
0.242296
0.239212
0.235842
0.232543
0.229666
0.227542
0.226484
0.226795
0.228769
0.232659
0.238646
0.246784
0.256929
0.268641
0.281137
0.293306
0.303768
0.311144
0.314801
0.314941
0.312725
0.310843
0.310594
0.308628
0.301079
0.285775
0.267819
0.246085
0.231271
0.20907
0.205837
0.178188
0.193068
0.137246
0.188422
0.0344794
0.191732
0.180829
0.195286
0.209636
0.218492
0.22485
0.230085
0.234049
0.236862
0.238885
0.240373
0.241457
0.242241
0.242836
0.243355
0.243899
0.244548
0.245334
0.246218
0.247066
0.247658
0.247728
0.247036
0.245459
0.243052
0.240041
0.236755
0.233547
0.230761
0.228727
0.22776
0.228163
0.230235
0.234234
0.240341
0.248614
0.258901
0.270751
0.283352
0.295529
0.305783
0.312674
0.315688
0.315236
0.312649
0.31064
0.310357
0.30833
0.300872
0.285704
0.267819
0.246128
0.231408
0.209243
0.206141
0.178539
0.193612
0.137907
0.189411
0.035477
0.193137
0.180921
0.195859
0.210199
0.21897
0.22533
0.230587
0.234572
0.237408
0.239457
0.240972
0.242084
0.242896
0.243521
0.24407
0.244641
0.24531
0.246105
0.246984
0.247813
0.248378
0.248426
0.247729
0.246174
0.243815
0.240874
0.237668
0.234544
0.231845
0.229898
0.229016
0.229507
0.231673
0.235775
0.242001
0.250407
0.260838
0.272832
0.285541
0.297706
0.307708
0.314075
0.316449
0.315456
0.312569
0.310477
0.310154
0.308049
0.300687
0.285653
0.267837
0.24619
0.231559
0.209438
0.206459
0.178918
0.194173
0.138609
0.190427
0.0365544
0.194606
0.180979
0.196446
0.21077
0.219453
0.225817
0.231095
0.235101
0.237959
0.240033
0.241574
0.242712
0.243553
0.244207
0.244785
0.245382
0.246071
0.246875
0.247749
0.248562
0.249105
0.249133
0.248433
0.246899
0.244587
0.24171
0.238579
0.235536
0.232918
0.231052
0.230251
0.230825
0.23308
0.237282
0.243623
0.252162
0.262741
0.274881
0.287688
0.299809
0.309508
0.315323
0.317078
0.315607
0.312494
0.31036
0.309987
0.307791
0.300526
0.285621
0.26787
0.246268
0.231721
0.209652
0.20679
0.179325
0.194752
0.139354
0.191476
0.0377172
0.196155
0.181002
0.197049
0.211347
0.219941
0.226311
0.23161
0.235635
0.238514
0.240611
0.242178
0.243343
0.244211
0.244894
0.245499
0.246122
0.24683
0.247644
0.248515
0.249313
0.249836
0.249849
0.249147
0.247633
0.245365
0.242549
0.239489
0.23652
0.233979
0.232191
0.231466
0.232118
0.234457
0.238755
0.245208
0.253878
0.264605
0.276884
0.289767
0.301798
0.311148
0.316398
0.317571
0.315698
0.312431
0.310289
0.309855
0.307562
0.300388
0.285606
0.267915
0.246358
0.231891
0.209883
0.207132
0.17976
0.195353
0.140144
0.192563
0.0389714
0.197799
0.180988
0.19767
0.211931
0.220434
0.226812
0.232131
0.236174
0.239073
0.241194
0.242784
0.243975
0.24487
0.24558
0.246213
0.24686
0.247587
0.248411
0.249281
0.250068
0.250574
0.250572
0.24987
0.248377
0.246149
0.243391
0.240397
0.237498
0.235029
0.233314
0.232659
0.233384
0.235803
0.240193
0.246754
0.255552
0.266417
0.278818
0.291739
0.303629
0.312595
0.317289
0.317935
0.315739
0.312387
0.310265
0.309757
0.307366
0.300275
0.285605
0.267968
0.246458
0.232065
0.21013
0.207485
0.180225
0.195979
0.140984
0.193694
0.040324
0.19956
0.180937
0.198312
0.212519
0.220932
0.227319
0.232658
0.236718
0.239636
0.241779
0.243393
0.244609
0.24553
0.246266
0.246925
0.247597
0.248343
0.249177
0.250046
0.250824
0.251316
0.251303
0.250602
0.249128
0.246939
0.244234
0.241301
0.238468
0.236066
0.234418
0.23383
0.234623
0.237116
0.241591
0.248254
0.257168
0.268153
0.280642
0.293559
0.305263
0.313824
0.317988
0.318177
0.315744
0.312366
0.310283
0.309693
0.307207
0.300186
0.285614
0.268025
0.246563
0.232241
0.210392
0.207849
0.180719
0.196634
0.141876
0.194878
0.0417819
0.201461
0.180848
0.198977
0.213113
0.221435
0.227833
0.233191
0.237266
0.240203
0.242367
0.244004
0.245244
0.24619
0.246952
0.247637
0.248332
0.249096
0.24994
0.250812
0.251582
0.252062
0.25204
0.251341
0.249886
0.247733
0.245077
0.242201
0.239429
0.237089
0.235503
0.234975
0.235829
0.238389
0.242939
0.249687
0.258696
0.26977
0.282312
0.295182
0.306666
0.314818
0.318498
0.318315
0.315726
0.312371
0.310337
0.309663
0.307089
0.300118
0.285629
0.268081
0.246671
0.232416
0.210667
0.208224
0.181246
0.197323
0.142824
0.196124
0.0433524
0.203532
0.180719
0.199669
0.213709
0.221942
0.228353
0.233729
0.237818
0.240773
0.242957
0.244617
0.24588
0.24685
0.247637
0.248346
0.249063
0.249845
0.250701
0.251574
0.252339
0.25281
0.252782
0.252085
0.250647
0.248527
0.245915
0.243091
0.240372
0.238088
0.236556
0.236079
0.236984
0.239597
0.244204
0.251016
0.260093
0.271226
0.283786
0.296573
0.30781
0.315567
0.318826
0.318366
0.3157
0.312403
0.310418
0.309667
0.307011
0.300068
0.285641
0.268129
0.246777
0.232585
0.210955
0.208609
0.181807
0.198052
0.143835
0.19744
0.0450458
0.205804
0.18055
0.200394
0.214308
0.222454
0.228879
0.234272
0.238374
0.241344
0.243548
0.245229
0.246514
0.247506
0.248316
0.249048
0.249787
0.250586
0.251452
0.252329
0.253089
0.253552
0.253518
0.252823
0.251399
0.249307
0.246733
0.243951
0.241278
0.23904
0.237551
0.237113
0.238054
0.240702
0.245348
0.252203
0.261325
0.272491
0.285036
0.297704
0.308677
0.316066
0.318991
0.318357
0.315677
0.312456
0.31052
0.309704
0.30697
0.300027
0.28564
0.268158
0.246874
0.232744
0.211256
0.209005
0.182409
0.198829
0.14492
0.198838
0.0468793
0.208315
0.180337
0.201156
0.21491
0.22297
0.229408
0.234815
0.238927
0.241912
0.244131
0.245831
0.247135
0.248147
0.248977
0.249729
0.250485
0.251298
0.252173
0.253051
0.253806
0.254261
0.254219
0.253524
0.25211
0.250038
0.247493
0.244746
0.242107
0.239897
0.23844
0.238033
0.239003
0.241677
0.246347
0.253228
0.262373
0.273548
0.286049
0.298564
0.309264
0.316329
0.319019
0.318308
0.315664
0.312528
0.310639
0.309775
0.306962
0.299981
0.285605
0.26815
0.24695
0.232884
0.211567
0.209411
0.183059
0.199668
0.146091
0.200333
0.0488597
0.211119
0.18006
0.201947
0.215515
0.223495
0.229939
0.235353
0.239471
0.242464
0.244695
0.246407
0.247725
0.248751
0.249595
0.250361
0.25113
0.251953
0.252833
0.253711
0.254462
0.254909
0.25486
0.254164
0.252757
0.250702
0.24818
0.245461
0.242858
0.2407
0.239248
0.238844
0.239825
0.242506
0.247184
0.254071
0.263217
0.274374
0.286799
0.299138
0.30957
0.316381
0.318946
0.318244
0.315665
0.312612
0.310775
0.309876
0.306976
0.299919
0.285519
0.26809
0.246997
0.233
0.211881
0.209833
0.18375
0.20059
0.147316
0.201957
0.0508929
0.214286
0.179626
0.202599
0.215961
0.223919
0.23038
0.235795
0.239912
0.242906
0.245142
0.24686
0.248184
0.249218
0.25007
0.250843
0.251619
0.252447
0.253328
0.254205
0.254952
0.255394
0.255343
0.254648
0.253248
0.251204
0.248696
0.245988
0.243387
0.241208
0.239814
0.23945
0.240441
0.243129
0.247808
0.254684
0.263797
0.274876
0.287168
0.299314
0.309542
0.316228
0.318804
0.31819
0.315686
0.312708
0.310917
0.309983
0.307004
0.29986
0.285417
0.268018
0.247039
0.233118
0.212186
0.210282
0.184405
0.201582
0.148418
0.203707
0.0526511
0.217779
0.17992
0.20386
0.216692
0.224475
0.230911
0.236302
0.240396
0.243377
0.245608
0.247327
0.248657
0.249698
0.250562
0.251348
0.252137
0.252977
0.253869
0.254754
0.255505
0.255949
0.255899
0.255209
0.253818
0.25179
0.249302
0.246618
0.244046
0.241915
0.240494
0.24011
0.241082
0.243732
0.24835
0.255139
0.264124
0.275021
0.287067
0.299008
0.309144
0.315885
0.318621
0.318162
0.315778
0.312837
0.311059
0.310106
0.307112
0.299914
0.285431
0.268087
0.247182
0.233392
0.212557
0.210796
0.184882
0.202582
0.149084
0.205559
0.0536634
0.221531
)
;

boundaryField
{
    inlet
    {
        type            zeroGradient;
    }
    outlet
    {
        type            fixedValue;
        value           uniform 0;
    }
    fixedWalls
    {
        type            zeroGradient;
    }
    frontAndBack
    {
        type            empty;
    }
}


// ************************************************************************* //
