/*--------------------------------*- C++ -*----------------------------------*\
| =========                 |                                                 |
| \\      /  F ield         | OpenFOAM: The Open Source CFD Toolbox           |
|  \\    /   O peration     | Version:  2.4.0                                 |
|   \\  /    A nd           | Web:      www.OpenFOAM.org                      |
|    \\/     M anipulation  |                                                 |
\*---------------------------------------------------------------------------*/
FoamFile
{
    version     2.0;
    format      ascii;
    class       volScalarField;
    location    "6.42";
    object      epsilon;
}
// * * * * * * * * * * * * * * * * * * * * * * * * * * * * * * * * * * * * * //

dimensions      [0 2 -3 0 0 0 0];

internalField   nonuniform List<scalar> 
6000
(
54.173
1.09757
0.0202899
0.134483
0.072546
0.0863291
0.0616069
0.057561
0.0461022
0.0419174
0.0364683
0.0341711
0.0321136
0.031738
0.0319646
0.033298
0.0353378
0.0382973
0.0420489
0.0467083
0.0522543
0.0587498
0.0661865
0.0745645
0.0838261
0.0938926
0.104637
0.115881
0.127371
0.13878
0.149698
0.15964
0.168057
0.174329
0.177821
0.177938
0.174192
0.166227
0.154026
0.137853
0.118697
0.0978609
0.0775
0.0670192
0.104427
0.160241
0.237996
0.352081
0.499945
0.720415
0.977535
1.40044
1.81011
2.67543
3.2381
5.26683
5.69888
11.4342
10.3335
29.1777
17.7229
0.97546
0.0253688
0.0742198
0.0418217
0.0473865
0.0343734
0.0316223
0.0254885
0.0230006
0.020028
0.0186501
0.0174622
0.0171229
0.0171101
0.0176392
0.0185122
0.0198093
0.0214601
0.023501
0.0259098
0.0287004
0.0318581
0.0353731
0.0392153
0.0433495
0.0477258
0.052279
0.0569206
0.0615388
0.0659962
0.0701323
0.0737636
0.0766748
0.078652
0.0794735
0.0789402
0.0768746
0.0731902
0.0678693
0.0611402
0.0533544
0.0453063
0.0417449
0.0601705
0.0860225
0.120167
0.167679
0.227253
0.312376
0.410881
0.56585
0.720603
1.02495
1.24663
1.93279
2.16459
4.02939
3.93386
9.81493
7.13598
0.71115
0.0303069
0.0435421
0.0252883
0.0273076
0.0200748
0.0182023
0.0147586
0.0132362
0.0115507
0.0107168
0.0100281
0.00979585
0.00975713
0.0100074
0.010446
0.011105
0.0119471
0.0129847
0.0142045
0.0156096
0.0171914
0.0189436
0.0208525
0.0229032
0.025076
0.0273456
0.0296783
0.0320316
0.0343538
0.0365835
0.0386487
0.0404637
0.0419419
0.0429796
0.0434775
0.0433334
0.0424677
0.0408169
0.0384152
0.0353574
0.0319984
0.031116
0.0418234
0.0561505
0.0741729
0.0978843
0.126525
0.165346
0.209668
0.275579
0.343203
0.465688
0.565059
0.827876
0.953588
1.63463
1.71372
3.76083
3.42004
0.518233
0.0345357
0.0274544
0.0160621
0.0164816
0.0122295
0.0109324
0.00891174
0.00795535
0.00696976
0.00646432
0.0060697
0.00593682
0.0059284
0.00608815
0.00636377
0.00676895
0.00728452
0.00791563
0.00865565
0.00950575
0.0104618
0.0115208
0.0126766
0.0139226
0.0152502
0.0166483
0.0181017
0.0195915
0.0210942
0.0225816
0.0240178
0.0253711
0.0265914
0.027626
0.028421
0.0289183
0.0290654
0.0288135
0.0281573
0.0271192
0.0258789
0.0261951
0.0332088
0.0422936
0.053335
0.0672282
0.0835692
0.104647
0.128472
0.161718
0.196673
0.254215
0.305648
0.420924
0.493113
0.773251
0.859262
1.65146
1.89782
0.395525
0.0386503
0.0190398
0.0107891
0.0104255
0.00776284
0.00683679
0.0055984
0.00498256
0.00439277
0.00408966
0.00387248
0.00381557
0.00384455
0.00398015
0.00419464
0.00449467
0.00487067
0.00532555
0.00585645
0.00646428
0.00714723
0.00790389
0.00873111
0.00962558
0.0105829
0.0115973
0.012661
0.0137642
0.0148952
0.0160397
0.0171801
0.0183047
0.0193833
0.0203884
0.0212908
0.022057
0.022654
0.0230473
0.0232218
0.023172
0.0229976
0.0238828
0.0289292
0.0352958
0.0428309
0.0519797
0.0625688
0.0757031
0.0905589
0.110143
0.131361
0.163072
0.194123
0.252841
0.298758
0.430081
0.497928
0.842111
1.19136
0.318419
0.0429762
0.0149622
0.00776921
0.00694119
0.00514206
0.00445153
0.00365692
0.00325038
0.00289185
0.00271556
0.00260745
0.00260414
0.00266377
0.00279662
0.00298791
0.00324155
0.00355313
0.00392488
0.00435593
0.0048472
0.00539803
0.00600773
0.00667469
0.00739721
0.00817314
0.00899962
0.00987289
0.0107884
0.0117406
0.0127225
0.0137282
0.0147509
0.0157729
0.0167782
0.0177493
0.0186648
0.0195011
0.0202326
0.0208424
0.0213161
0.0217147
0.0228808
0.0267888
0.0316055
0.0371794
0.0437389
0.0512335
0.0602346
0.0704643
0.0833545
0.0977893
0.117667
0.138873
0.173222
0.205651
0.275954
0.328152
0.49661
0.829185
0.268834
0.0475669
0.0135342
0.0061235
0.00490764
0.00357064
0.00302459
0.00248715
0.00221094
0.00199099
0.00189508
0.00185478
0.00188764
0.0019692
0.002105
0.00228736
0.00251922
0.00279903
0.00312886
0.00350897
0.00394044
0.00442331
0.00495757
0.00554272
0.00617836
0.00686404
0.00759902
0.00838216
0.00921198
0.0100864
0.011002
0.0119589
0.0129497
0.0139636
0.01499
0.0160164
0.0170273
0.0180051
0.0189297
0.0197866
0.0205587
0.0212865
0.0225965
0.0257945
0.0296532
0.0340327
0.0390467
0.0447025
0.0513046
0.0588253
0.0679622
0.0784784
0.0920778
0.107666
0.129992
0.154546
0.196763
0.238068
0.329283
0.628421
0.235882
0.0523304
0.0138404
0.00540421
0.00373697
0.00262079
0.00215499
0.00176706
0.00157197
0.00143634
0.00139156
0.00139373
0.00145051
0.00154715
0.00168709
0.00186671
0.00208868
0.00235311
0.00266216
0.00301684
0.00341851
0.00386789
0.00436566
0.00491231
0.00550856
0.00615517
0.00685282
0.00760186
0.00840237
0.00925384
0.010155
0.0111058
0.0120998
0.0131293
0.0141862
0.0152605
0.0163403
0.0174112
0.0184581
0.0194692
0.0204242
0.0213548
0.0227394
0.025465
0.0286878
0.0322848
0.0363056
0.0407832
0.0458794
0.0516758
0.058506
0.0665111
0.0763812
0.088305
0.103909
0.123134
0.150825
0.184085
0.23743
0.510221
0.213249
0.0571111
0.0153574
0.0053637
0.00311859
0.00205792
0.0016227
0.00131851
0.0011725
0.00108819
0.00107585
0.00110489
0.00117772
0.00128517
0.00142976
0.00161028
0.00182938
0.00208825
0.00238923
0.00273394
0.00312414
0.00356118
0.00404639
0.00458104
0.00516663
0.00580469
0.00649665
0.00724355
0.00804614
0.00890447
0.00981789
0.0107849
0.0118004
0.0128579
0.0139505
0.0150696
0.0162053
0.0173459
0.0184793
0.0195965
0.0206697
0.0217337
0.0231552
0.0255488
0.0283238
0.0313749
0.0347152
0.0383888
0.042478
0.0471088
0.0524263
0.0587223
0.0662043
0.0755666
0.0870477
0.102347
0.121737
0.148647
0.18178
0.437373
0.197245
0.0617383
0.0177425
0.00586844
0.00289307
0.00175317
0.00130504
0.00104087
0.000921808
0.000867918
0.000875918
0.000922306
0.0010065
0.00112256
0.00127258
0.0014568
0.00167798
0.00193803
0.00223957
0.00258475
0.00297573
0.0034144
0.00390263
0.00444223
0.00503514
0.00568331
0.00638851
0.00715202
0.00797478
0.00885697
0.00979727
0.0107934
0.0118409
0.012934
0.0140661
0.0152295
0.0164154
0.0176137
0.0188149
0.020009
0.0211637
0.022319
0.0237557
0.025905
0.0283484
0.0309979
0.0338458
0.0369403
0.0403181
0.0441203
0.0483921
0.0534746
0.0593429
0.0668541
0.0756406
0.0879753
0.102248
0.124077
0.145762
0.390905
0.185658
0.0660577
0.0207412
0.006839
0.00298449
0.00163813
0.00113376
0.00087694
0.00076813
0.000730648
0.00075097
0.000808916
0.000901872
0.00102569
0.0011822
0.00137253
0.00159962
0.00186589
0.00217428
0.00252738
0.00292774
0.00337769
0.00387946
0.0044352
0.00504708
0.00571725
0.00644756
0.00723933
0.00809348
0.00900992
0.00998604
0.0110195
0.012106
0.0132399
0.0144146
0.0156226
0.0168561
0.0181057
0.0193637
0.0206142
0.0218287
0.0230482
0.0244861
0.0264485
0.0286358
0.0309765
0.0334511
0.0361084
0.038959
0.0421459
0.0456604
0.0498496
0.0545773
0.0607198
0.0676593
0.0777438
0.0886794
0.106502
0.121405
0.360498
0.177122
0.0699514
0.0241404
0.00822571
0.00335299
0.00168066
0.00107224
0.000794614
0.000682004
0.000650682
0.000677696
0.00074356
0.000843886
0.000975345
0.00113955
0.00133814
0.00157424
0.00185068
0.0021707
0.00253729
0.00295331
0.00342143
0.00394412
0.00452373
0.00516252
0.00586269
0.0066261
0.00745392
0.008347
0.00930434
0.0103224
0.0113988
0.0125291
0.0137074
0.014927
0.0161804
0.0174599
0.0187568
0.0200634
0.0213556
0.0226159
0.0238804
0.0253104
0.0271244
0.029107
0.0312009
0.0333808
0.0356947
0.0381379
0.0408496
0.0437924
0.0473018
0.0511906
0.056298
0.0619194
0.0702881
0.0789445
0.0936581
0.104374
0.340228
0.170763
0.0733478
0.02775
0.00998262
0.00397859
0.00187238
0.00110317
0.000776874
0.000647075
0.000613457
0.000642762
0.00071405
0.000820985
0.000960343
0.00113344
0.0013422
0.0015899
0.00187971
0.00221515
0.00259952
0.00303598
0.0035274
0.00407646
0.00468557
0.00535699
0.00609291
0.0068951
0.00776453
0.00870198
0.00970469
0.010769
0.0118923
0.0130697
0.014295
0.0155612
0.0168601
0.0181846
0.0195259
0.0208718
0.022197
0.0234927
0.0247878
0.0262032
0.0278955
0.029709
0.0315992
0.0335383
0.0355729
0.0376895
0.0400215
0.0425167
0.0454924
0.0487413
0.0530478
0.0576936
0.0647411
0.0717777
0.0840935
0.0921139
0.326536
0.166004
0.0762217
0.0313979
0.0120561
0.00485364
0.00221361
0.00122191
0.000816205
0.000655004
0.000611091
0.000638716
0.000713433
0.000826484
0.000974129
0.00115725
0.00137788
0.00163942
0.00194526
0.00229922
0.00270484
0.00316551
0.00368428
0.0042639
0.00490681
0.00561519
0.00639117
0.00723641
0.00815162
0.00913742
0.0101886
0.0113023
0.0124753
0.0137021
0.014976
0.0162894
0.0176339
0.019002
0.0203842
0.0217604
0.023113
0.0244354
0.0257499
0.0271454
0.0287345
0.0304045
0.0321217
0.033858
0.0356584
0.0375049
0.0395241
0.0416571
0.044202
0.0469466
0.0506186
0.0545185
0.0605339
0.0663773
0.0768384
0.0830476
0.317206
0.162446
0.0785872
0.0349344
0.014379
0.00597298
0.00270775
0.00143326
0.000911653
0.000702689
0.000639948
0.000661769
0.000737991
0.000856696
0.00101302
0.00120722
0.00144123
0.00171857
0.00204276
0.00241785
0.00284762
0.00333562
0.00388499
0.00449854
0.00517866
0.00592743
0.00674683
0.00763845
0.0086026
0.00963931
0.0107415
0.0119067
0.0131312
0.0144087
0.015732
0.0170929
0.0184821
0.0198922
0.0213089
0.0227099
0.0240848
0.0254264
0.0267509
0.0281221
0.029621
0.0311659
0.0327323
0.0342932
0.0358922
0.0375088
0.0392636
0.041095
0.0432831
0.0456185
0.0487767
0.0520888
0.0572846
0.06222
0.0712324
0.0761718
0.310816
0.159806
0.0804882
0.0382381
0.0168704
0.00732499
0.00336135
0.00174623
0.0010674
0.000790825
0.000699335
0.000710602
0.000786163
0.000909927
0.00107522
0.00128145
0.00153023
0.00182511
0.00216969
0.0025682
0.0030246
0.00354255
0.00412526
0.00477552
0.00549566
0.00628754
0.00715305
0.00809364
0.0091092
0.0101985
0.0113534
0.0125716
0.0138485
0.0151773
0.01655
0.0179578
0.0193905
0.0208393
0.022283
0.0237055
0.0250977
0.0264516
0.027778
0.0291209
0.0305386
0.0319717
0.0334038
0.0348094
0.036231
0.0376475
0.0391734
0.0407474
0.0426332
0.044628
0.047361
0.0501975
0.0547306
0.0589546
0.0668199
0.0708326
0.306431
0.157877
0.0819865
0.0412212
0.0194389
0.00888687
0.00418245
0.00216886
0.00129227
0.000923259
0.00079087
0.000785753
0.000857967
0.000985924
0.00116034
0.0013794
0.00164418
0.00195819
0.00232498
0.00274895
0.00323415
0.00378433
0.0044027
0.00509202
0.00585447
0.00669172
0.00760546
0.00859706
0.00966594
0.0108088
0.0120174
0.0132892
0.0146189
0.0159989
0.0174202
0.0188737
0.0203479
0.0218284
0.0232951
0.0247353
0.0261396
0.0274993
0.0288202
0.0301309
0.0314734
0.0328046
0.0341144
0.0353798
0.0366421
0.0378805
0.0392045
0.0405541
0.0421786
0.0438834
0.0462576
0.0487002
0.0526879
0.05634
0.063282
0.0665934
0.303426
0.156499
0.0831519
0.0438308
0.0219899
0.0106219
0.00517415
0.00271045
0.00159689
0.00110679
0.000918215
0.000889321
0.000954701
0.00108557
0.00126902
0.00150157
0.00178345
0.00211802
0.00250867
0.0029599
0.00347583
0.00406023
0.00471627
0.00544661
0.00625329
0.00713769
0.00810133
0.0091455
0.0102691
0.0114658
0.0127286
0.014054
0.0154362
0.0168664
0.018335
0.0198323
0.021343
0.0228491
0.0243356
0.0257891
0.0272002
0.0285593
0.0298678
0.0311426
0.0324137
0.0336498
0.0348464
0.0359829
0.0370997
0.038177
0.0393197
0.04047
0.0418646
0.0433178
0.0453838
0.0474933
0.0510243
0.0542063
0.0603926
0.0631559
0.301375
0.155549
0.0840541
0.0460473
0.024434
0.0124795
0.00633123
0.00338113
0.00199015
0.00135127
0.00108706
0.00102486
0.00107881
0.00121073
0.00140279
0.00164929
0.00194921
0.00230564
0.00272164
0.00320176
0.00375013
0.00437047
0.00506589
0.0058389
0.00669137
0.00762434
0.00863912
0.00973696
0.0109156
0.0121664
0.0134832
0.0148617
0.0162952
0.0177743
0.0192881
0.0208256
0.0223653
0.0238938
0.0253959
0.0268581
0.0282704
0.0296225
0.0309122
0.0321471
0.0333488
0.0344946
0.0355846
0.0366008
0.0375828
0.0385121
0.0394896
0.0404603
0.0416498
0.042881
0.0446782
0.0465009
0.0496433
0.0524309
0.0579884
0.0603118
0.299986
0.154932
0.0847573
0.0478791
0.0266945
0.0143977
0.00763739
0.00418728
0.00248227
0.00166648
0.00130521
0.00119743
0.00123383
0.00136417
0.00156401
0.00182468
0.00214339
0.00252282
0.00296548
0.00347593
0.00405823
0.00471601
0.00545225
0.00626928
0.00716874
0.00815133
0.00921812
0.0103704
0.0116035
0.0129083
0.0142783
0.0157087
0.0171921
0.0187178
0.0202741
0.0218435
0.0234086
0.0249554
0.0264685
0.027934
0.0293418
0.0306805
0.031945
0.033136
0.0342689
0.0353277
0.0363159
0.0372182
0.0380738
0.0388655
0.0396907
0.0404974
0.0415015
0.0425342
0.0440937
0.045666
0.0484726
0.0509239
0.0559496
0.0579121
0.299055
0.154568
0.0853167
0.0493557
0.0287138
0.016308
0.00906391
0.00512898
0.00308305
0.00206122
0.00158253
0.00141363
0.00142445
0.00154955
0.00175576
0.00203052
0.00236856
0.00277195
0.00324242
0.00378445
0.00440196
0.00509843
0.00587666
0.00673873
0.00768607
0.00871898
0.00983822
0.0110452
0.0123319
0.0136899
0.0151119
0.0165924
0.0181234
0.0196928
0.0212838
0.0228808
0.024467
0.0260273
0.0275462
0.0290095
0.0304065
0.0317252
0.0329583
0.0341012
0.035165
0.0361384
0.0370283
0.0378217
0.0385574
0.0392199
0.0399035
0.040559
0.0413938
0.0422471
0.043594
0.0449446
0.0474574
0.0496178
0.054187
0.0558483
0.298442
0.154397
0.0857773
0.0505205
0.0304563
0.018142
0.01057
0.00619753
0.003799
0.00254553
0.00192769
0.00168181
0.00165656
0.00177142
0.00198189
0.00227025
0.00262789
0.00305601
0.00355523
0.00412989
0.00478366
0.00551982
0.00634091
0.00724874
0.0082445
0.00932806
0.0104998
0.0117616
0.0131
0.01451
0.0159821
0.0175102
0.019086
0.0206915
0.0223124
0.0239326
0.0255349
0.0271033
0.0286222
0.030077
0.0314568
0.032749
0.0339443
0.0350346
0.0360281
0.0369171
0.037711
0.0383991
0.0390202
0.0395604
0.0401113
0.0406264
0.0413054
0.0419951
0.0431501
0.0443025
0.0465552
0.048461
0.0526332
0.05404
0.298046
0.154368
0.0861738
0.0514238
0.031909
0.019838
0.0121051
0.00737383
0.00463121
0.00312783
0.00234982
0.00201069
0.00193733
0.00203526
0.00224696
0.00254794
0.00292512
0.0033785
0.0039072
0.0045153
0.00520614
0.00598272
0.00684724
0.00780121
0.00884554
0.00997969
0.0112036
0.0125189
0.0139076
0.0153676
0.0168873
0.0184599
0.0200727
0.0217097
0.0233558
0.024994
0.0266067
0.0281773
0.0296899
0.0311297
0.0324854
0.0337442
0.0348955
0.0359286
0.0368498
0.0376542
0.0383536
0.0389394
0.0394503
0.0398741
0.0402997
0.0406837
0.0412185
0.0417581
0.0427385
0.0437125
0.0457326
0.0474136
0.0512362
0.0524263
0.2978
0.154442
0.0865316
0.0521173
0.0330787
0.0213465
0.0136132
0.0086278
0.0055732
0.00381322
0.00285755
0.00240872
0.00227496
0.00234747
0.0025562
0.0028682
0.0032645
0.00374341
0.00430205
0.00494416
0.0056726
0.00649001
0.00739821
0.00839831
0.00949099
0.0106753
0.0119505
0.0133174
0.0147542
0.0162619
0.0178246
0.0194352
0.0210804
0.022744
0.0244098
0.0260601
0.027677
0.0292432
0.0307426
0.0321603
0.0334848
0.0347031
0.035804
0.0367752
0.0376216
0.0383409
0.0389465
0.0394322
0.0398366
0.040149
0.0404561
0.0407172
0.0411179
0.0415193
0.0423401
0.0431524
0.0449629
0.0464439
0.0499559
0.0509604
0.297654
0.154587
0.0868679
0.0526497
0.0339878
0.0226344
0.0150382
0.00991946
0.00660932
0.00460157
0.00345737
0.00288394
0.00267743
0.00271556
0.00291549
0.00323614
0.00365069
0.00415509
0.00474387
0.00542028
0.00618654
0.00704487
0.00799663
0.00904246
0.0101828
0.0114164
0.0127418
0.0141573
0.0156398
0.0171889
0.0187899
0.0204337
0.0221062
0.0237907
0.02547
0.0271259
0.02874
0.0302947
0.0317735
0.0331616
0.0344475
0.0356183
0.0366623
0.0375665
0.0383353
0.0389682
0.0394804
0.0398678
0.0401688
0.0403745
0.0405692
0.0407147
0.0409907
0.0412645
0.0419389
0.0426043
0.0442247
0.0455269
0.0487603
0.0496061
0.297576
0.154779
0.0871933
0.0530638
0.0346697
0.0236863
0.0163296
0.0112017
0.00771397
0.00548563
0.00415198
0.00344283
0.00315185
0.00314671
0.00333212
0.00365718
0.00408862
0.00461813
0.00523696
0.00594766
0.00675166
0.00765065
0.00864544
0.00973618
0.0109231
0.0122046
0.0135785
0.0150368
0.0165606
0.0181469
0.0197813
0.0214528
0.0231467
0.0248457
0.0265318
0.0281861
0.0297899
0.0313252
0.0327756
0.0341264
0.035366
0.0364818
0.0374624
0.0382945
0.0389826
0.0395277
0.0399466
0.040237
0.0404375
0.0405406
0.0406286
0.0406657
0.0408254
0.0409816
0.0415212
0.0420531
0.0435003
0.0446424
0.0476243
0.0483346
0.297541
0.155
0.0875136
0.0533958
0.0351632
0.0245041
0.0174473
0.0124245
0.00885217
0.00644962
0.00493857
0.00408896
0.00370399
0.00364685
0.00381186
0.00413798
0.00458426
0.00513715
0.00578567
0.00653037
0.0073717
0.0083107
0.0093476
0.0104819
0.011713
0.0130392
0.014458
0.015955
0.0175156
0.0191341
0.0207963
0.0224896
0.0241983
0.0259047
0.02759
0.029235
0.0308204
0.0323281
0.0337418
0.0350469
0.0362322
0.0372857
0.0381963
0.0389513
0.0395552
0.0400108
0.0403362
0.040531
0.0406337
0.0406384
0.040625
0.0405605
0.0406121
0.0406598
0.0410758
0.0414862
0.0427752
0.0437737
0.0465275
0.0471231
0.297533
0.155235
0.0878311
0.0536739
0.0355089
0.0251038
0.0183657
0.0135397
0.00998167
0.00746852
0.00580714
0.00482142
0.00433713
0.00422054
0.00435933
0.00468289
0.00514206
0.00571725
0.00639461
0.00717243
0.00804996
0.00902752
0.0101047
0.0112803
0.0125529
0.0139209
0.0153796
0.0169112
0.0185033
0.0201486
0.0218322
0.0235404
0.0252568
0.0269628
0.0286393
0.0302663
0.0318247
0.0332961
0.0346643
0.0359152
0.0370382
0.0380217
0.0388558
0.0395285
0.0400449
0.0404093
0.0406408
0.0407413
0.0407488
0.0406592
0.04055
0.0403905
0.0403418
0.0402902
0.0405927
0.040893
0.0420374
0.0429075
0.0454536
0.0459533
0.297542
0.155474
0.0881457
0.0539194
0.035745
0.0255124
0.0190745
0.0145066
0.0110564
0.00850864
0.00673937
0.00563321
0.00505061
0.00486991
0.00497754
0.00529507
0.00576514
0.00636148
0.0070667
0.00787654
0.00878887
0.00980318
0.0109183
0.0121325
0.0134434
0.0148497
0.0163427
0.0179038
0.0195218
0.0211874
0.0228855
0.0246012
0.0263172
0.0280145
0.0296732
0.0312734
0.0327955
0.0342213
0.0355351
0.0367231
0.0377754
0.0386815
0.0394325
0.0400178
0.0404433
0.0407147
0.0408523
0.0408597
0.0407749
0.0405951
0.0403956
0.0401478
0.0400066
0.0398645
0.0400635
0.0402646
0.041277
0.0420325
0.0443893
0.0448105
0.29756
0.155711
0.0884561
0.0541475
0.0359053
0.0257629
0.0195785
0.0152954
0.0120309
0.00952952
0.00770825
0.0065099
0.00583837
0.00559339
0.00566687
0.00597567
0.00645499
0.00707149
0.00780366
0.00864439
0.00958994
0.0106389
0.0117893
0.0130388
0.0143843
0.0158252
0.0173459
0.0189307
0.0205681
0.022247
0.023952
0.0256669
0.0273739
0.0290533
0.030685
0.0322487
0.0337249
0.0350956
0.0363455
0.0374617
0.038435
0.0392562
0.0399178
0.0404109
0.0407421
0.0409189
0.0409626
0.0408785
0.0407044
0.0404389
0.0401546
0.0398254
0.0395996
0.0393757
0.0394808
0.0395934
0.0404855
0.0411396
0.0433235
0.0436824
0.297582
0.15594
0.0887603
0.0543679
0.036018
0.0258909
0.0198953
0.0158906
0.0128655
0.0104872
0.0086789
0.00742887
0.00668767
0.0063844
0.00642396
0.00672288
0.00721063
0.00784682
0.0086054
0.00947602
0.0104532
0.0115345
0.0127173
0.0139984
0.0153743
0.0168442
0.0183866
0.0199887
0.0216382
0.0233227
0.0250261
0.0267314
0.0284201
0.0300721
0.0316668
0.033184
0.0346042
0.0359099
0.0370864
0.0381218
0.0390078
0.0397368
0.0403029
0.040699
0.0409331
0.041014
0.0409641
0.0407903
0.0405301
0.0401836
0.0398206
0.039417
0.0391146
0.0388179
0.0388387
0.0388729
0.039656
0.0402213
0.0422476
0.0425592
0.297606
0.156158
0.0890563
0.0545863
0.0361053
0.0259308
0.0200516
0.0162909
0.0135301
0.0113384
0.00961069
0.00835945
0.00757809
0.00723012
0.00724051
0.00753088
0.00802767
0.00868407
0.00946919
0.0103692
0.0113767
0.0124881
0.0137001
0.0150089
0.0164107
0.0179029
0.0194607
0.0210731
0.0227268
0.0244085
0.0261013
0.0277876
0.029448
0.0310623
0.0326097
0.0340699
0.0354239
0.0366545
0.037748
0.0386935
0.0394842
0.0401139
0.0405787
0.0408736
0.0410079
0.0409921
0.0408492
0.040588
0.0402455
0.039823
0.0393875
0.0389169
0.0385461
0.0381856
0.0381317
0.038098
0.0387829
0.0392714
0.0411543
0.0414331
0.297629
0.156365
0.0893421
0.0548054
0.0361834
0.0259136
0.0200796
0.0165089
0.0140079
0.0120456
0.0104606
0.00926426
0.00848146
0.00811059
0.00810222
0.00838879
0.00889733
0.00957592
0.0103889
0.0113185
0.0123555
0.0134952
0.0147334
0.0160658
0.0174889
0.018996
0.0205625
0.0221774
0.023827
0.0254968
0.0271695
0.0288266
0.0304485
0.0320145
0.0335038
0.0348963
0.0361734
0.0373188
0.0383198
0.0391667
0.0398541
0.0403779
0.040736
0.040926
0.0409584
0.0408454
0.0406108
0.040265
0.0398444
0.0393514
0.0388501
0.0383203
0.0378896
0.0374745
0.0373555
0.0372641
0.0378615
0.038285
0.0400378
0.0402974
0.29765
0.156558
0.0896164
0.0550259
0.0362633
0.0258654
0.0200128
0.0165673
0.0142961
0.0125807
0.0111877
0.0101018
0.00936265
0.00899845
0.00898802
0.00927978
0.00980553
0.0105102
0.0113538
0.0123148
0.0133815
0.014548
0.0158098
0.0171619
0.0186016
0.0201162
0.0216839
0.0232933
0.0249299
0.0265783
0.0282208
0.0298384
0.0314108
0.0329175
0.0343377
0.0356516
0.0368414
0.0378916
0.0387906
0.0395303
0.0401071
0.0405187
0.0407655
0.0408474
0.0407766
0.0405666
0.0402423
0.0398153
0.0393214
0.038764
0.038204
0.037623
0.0371412
0.036681
0.0365067
0.0363679
0.0368882
0.0372581
0.0388938
0.039147
0.297669
0.156739
0.0898782
0.0552472
0.0363517
0.0258066
0.0198834
0.0164962
0.0144054
0.0129285
0.0117574
0.0108303
0.0101817
0.00985962
0.0098699
0.0101805
0.0107321
0.0114693
0.0123483
0.0133438
0.0144416
0.0156348
0.0169182
0.0182866
0.0197377
0.0212527
0.0228144
0.0244098
0.0260243
0.0276415
0.0292434
0.0308106
0.0323227
0.0337589
0.0350989
0.0363234
0.0374153
0.0383604
0.0391484
0.039773
0.0402323
0.0405264
0.0406579
0.0406294
0.0404547
0.0401489
0.0397374
0.0392333
0.0386715
0.0380564
0.0374453
0.0368217
0.036298
0.0358024
0.0355826
0.0354067
0.0358605
0.0361879
0.0377188
0.0379778
0.297685
0.156907
0.0901271
0.0554679
0.0364519
0.0257523
0.0197197
0.0163288
0.014358
0.0130881
0.0121457
0.0114118
0.0108969
0.010655
0.0107135
0.011061
0.0116505
0.0124291
0.0133505
0.0143858
0.0155181
0.0167392
0.0180434
0.0194253
0.0208822
0.022392
0.0239401
0.0255133
0.0270963
0.0286724
0.0302233
0.0317291
0.0331697
0.0345244
0.0357732
0.0368977
0.0378816
0.0387122
0.0393809
0.039883
0.0402189
0.0403908
0.040404
0.0402638
0.0399855
0.0395857
0.0390905
0.0385143
0.0378908
0.0372252
0.0365713
0.035914
0.0353577
0.0348367
0.0345815
0.034379
0.0347764
0.0350725
0.0365103
0.0367868
0.297699
0.157063
0.0903628
0.0556866
0.0365649
0.0257124
0.019545
0.0160978
0.0141836
0.0130721
0.0123424
0.011817
0.0114692
0.0113436
0.01148
0.0118857
0.0125281
0.0133594
0.0143326
0.015415
0.0165872
0.0178391
0.0191649
0.0205588
0.0220168
0.0235161
0.0250439
0.0265867
0.0281292
0.0296544
0.0311438
0.0325777
0.0339358
0.0351981
0.0363451
0.0373592
0.0382257
0.0389331
0.0394747
0.039848
0.0400554
0.0401017
0.0399948
0.0397425
0.039362
0.0388714
0.038297
0.0376544
0.0369761
0.036268
0.0355799
0.0348983
0.0343193
0.033783
0.0335026
0.0332837
0.0336352
0.0339105
0.0352668
0.0355718
0.297711
0.157208
0.0905856
0.0559017
0.0366898
0.0256926
0.019377
0.0158332
0.013916
0.0129046
0.0123512
0.0120288
0.0118663
0.0118858
0.0121286
0.012615
0.0133272
0.0142244
0.0152604
0.0163993
0.0176187
0.0189067
0.0202566
0.0216627
0.0231187
0.0246032
0.0261046
0.0276095
0.0291029
0.0305678
0.0319858
0.0333374
0.0346027
0.0357622
0.0367974
0.0376917
0.038432
0.0390085
0.0394165
0.0396556
0.0397307
0.0396493
0.0394216
0.0390583
0.0385783
0.038001
0.037353
0.0366507
0.0359254
0.0351834
0.0344703
0.0337742
0.0331825
0.0326412
0.0323459
0.0321211
0.0324367
0.0327018
0.0339877
0.0343315
0.29772
0.157344
0.0907961
0.056112
0.0368249
0.0256954
0.0192282
0.0155599
0.013589
0.0126172
0.0121897
0.0120443
0.012067
0.0122485
0.0126201
0.0132082
0.014007
0.0149839
0.0160945
0.0173009
0.0185768
0.0199079
0.0212866
0.022707
0.0241599
0.0256266
0.0270966
0.0285573
0.0299939
0.0313899
0.0327273
0.0339871
0.03515
0.0361972
0.0371114
0.0378776
0.038484
0.0389231
0.0391922
0.0392934
0.039234
0.039024
0.0386766
0.0382049
0.0376295
0.0369708
0.0362559
0.0355018
0.0347379
0.0339712
0.0332429
0.0325424
0.0319482
0.0314124
0.0311124
0.0308919
0.0311818
0.0314469
0.032673
0.0330652
0.297728
0.15747
0.0909948
0.0563164
0.0369679
0.0257208
0.0191061
0.0152974
0.0132335
0.0122452
0.0118862
0.0118755
0.0120641
0.0124087
0.0129216
0.0136269
0.0145265
0.0155954
0.0167924
0.0180772
0.01942
0.0208032
0.0222174
0.0236562
0.025107
0.0265548
0.0279902
0.0294016
0.0307752
0.032095
0.0333437
0.0345033
0.0355552
0.0364819
0.0372674
0.0378983
0.0383648
0.0386614
0.038788
0.0387492
0.0385547
0.0382174
0.0377529
0.037177
0.0365116
0.0357786
0.0350047
0.0342073
0.0334144
0.0326329
0.0318995
0.0312049
0.0306187
0.0300986
0.0298042
0.0295982
0.0298723
0.030147
0.0313238
0.031773
0.297734
0.157588
0.0911825
0.0565142
0.0371165
0.0257671
0.0190143
0.0150595
0.0128755
0.0118236
0.0114756
0.011547
0.0118656
0.0123572
0.0130104
0.0138395
0.0148484
0.0160181
0.0173104
0.0186835
0.0201035
0.0215485
0.0230064
0.0244697
0.0259217
0.0273516
0.0287512
0.0301102
0.0314161
0.032654
0.0338077
0.0348602
0.0357943
0.0365938
0.0372444
0.0377346
0.0380569
0.0382081
0.0381905
0.0380116
0.0376835
0.037222
0.0366449
0.0359708
0.0352228
0.0344237
0.0335999
0.0327692
0.0319574
0.0311714
0.0304434
0.0297653
0.0291974
0.0287034
0.0284247
0.0282427
0.0285106
0.0288044
0.0299416
0.030456
0.297738
0.157698
0.0913601
0.0567051
0.0372685
0.0258318
0.0189536
0.0148548
0.0125353
0.0113842
0.0109957
0.011093
0.0114938
0.0121004
0.0128776
0.0138249
0.0149431
0.0162158
0.0176077
0.0190756
0.020581
0.022097
0.0236075
0.0251028
0.0265618
0.0279769
0.0293417
0.0306475
0.0318831
0.0330354
0.0340897
0.0350302
0.0358415
0.0365092
0.0370209
0.0373673
0.0375432
0.0375481
0.0373871
0.0370702
0.0366124
0.0360319
0.0353491
0.0345848
0.0337631
0.0329077
0.0320445
0.031191
0.0303712
0.0295916
0.0288798
0.0282286
0.0276894
0.0272314
0.026978
0.0268296
0.0271005
0.027422
0.0285291
0.0291155
0.297742
0.157802
0.0915283
0.0568889
0.037422
0.0259118
0.0189224
0.0146876
0.012227
0.010953
0.0104826
0.0105529
0.0109825
0.0116598
0.0125302
0.0135769
0.014793
0.0161621
0.0176504
0.0192136
0.0208086
0.0224024
0.0239736
0.0255088
0.026982
0.0283877
0.029721
0.0309749
0.0321403
0.0332058
0.0341585
0.0349846
0.0356707
0.0362043
0.0365755
0.0367773
0.0368074
0.0366679
0.0363667
0.0359167
0.0353355
0.0346438
0.0338643
0.0330197
0.0321352
0.0312348
0.0303437
0.0294792
0.0286628
0.0279007
0.0272159
0.0266018
0.0261013
0.0256888
0.0254701
0.0253638
0.0256466
0.0260037
0.0270896
0.0277539
0.297744
0.157901
0.091688
0.0570655
0.0375754
0.0260039
0.0189179
0.0145585
0.0119592
0.01055
0.00996784
0.00996644
0.0103722
0.0110697
0.0119911
0.0131052
0.0143959
0.0158441
0.0174162
0.019067
0.0207491
0.0224227
0.0240597
0.0256416
0.027137
0.02854
0.0298471
0.031053
0.0321506
0.0331307
0.0339825
0.0346945
0.0352555
0.0356558
0.0358877
0.0359472
0.0358348
0.0355557
0.0351206
0.0345452
0.0338497
0.0330572
0.0321924
0.0312798
0.030345
0.0294124
0.0285061
0.0276429
0.0268417
0.0261083
0.0254609
0.024894
0.0244415
0.0240833
0.0239079
0.0238517
0.0241545
0.0245542
0.025627
0.026374
0.297746
0.157994
0.09184
0.0572353
0.0377274
0.0261053
0.0189367
0.0144661
0.0117357
0.0101885
0.0094767
0.00936992
0.00970612
0.0103728
0.0112966
0.0124361
0.0137668
0.0152654
0.0168981
0.0186188
0.0203765
0.0221246
0.0238274
0.0254597
0.026984
0.0283916
0.0296791
0.0308429
0.0318776
0.0327764
0.0335308
0.0341319
0.0345713
0.0348419
0.0349391
0.0348619
0.0346137
0.034203
0.0336434
0.0329534
0.0321557
0.0312755
0.0303393
0.0293729
0.0284023
0.0274516
0.0265436
0.0256945
0.0249205
0.0242267
0.023627
0.0231163
0.0227205
0.0224245
0.0223
0.0223009
0.0226308
0.0230794
0.0241464
0.0249796
0.297747
0.158082
0.0919851
0.0573984
0.0378771
0.0262134
0.0189748
0.014407
0.011557
0.00987576
0.00902715
0.00879343
0.00902458
0.00961526
0.0104926
0.0116103
0.0129377
0.0144483
0.0161077
0.0178699
0.0196812
0.0214891
0.0232499
0.0249305
0.0264874
0.0279055
0.0291805
0.0303092
0.031288
0.032112
0.0327754
0.033272
0.0335964
0.0337445
0.0337149
0.0335099
0.0331363
0.0326055
0.0319343
0.0311437
0.030259
0.029307
0.0283158
0.0273118
0.0263213
0.0253677
0.0244725
0.0236504
0.0229154
0.0222717
0.0217288
0.0212825
0.0209509
0.0207236
0.0206567
0.0207202
0.0210837
0.0215858
0.0226534
0.0235749
0.297748
0.158167
0.092124
0.0575554
0.038024
0.0263259
0.0190287
0.0143773
0.0114208
0.00961463
0.00863032
0.0082594
0.00836209
0.00884139
0.00962884
0.0106777
0.0119551
0.0134326
0.0150763
0.0168413
0.0186733
0.0205156
0.0223169
0.0240359
0.0256233
0.0270546
0.0283227
0.0294237
0.0303546
0.0311125
0.0316938
0.0320953
0.0323145
0.0323507
0.0322059
0.0318858
0.0314006
0.0307649
0.0299984
0.0291248
0.0281711
0.027166
0.0261383
0.025115
0.0241218
0.0231814
0.0223133
0.0215312
0.0208463
0.020262
0.0197842
0.019409
0.0191475
0.0189939
0.0189897
0.01912
0.019522
0.0200811
0.0211547
0.0221651
0.297749
0.158249
0.0922575
0.0577065
0.0381675
0.0264411
0.0190948
0.0143725
0.0113231
0.00940413
0.00829137
0.00778241
0.00774497
0.00808951
0.00875331
0.00969249
0.0108748
0.0122723
0.013853
0.015575
0.0173854
0.0192259
0.0210396
0.0227773
0.0243851
0.0258267
0.0270902
0.0281692
0.0290605
0.0297619
0.030272
0.0305902
0.0307171
0.0306554
0.0304105
0.0299916
0.0294123
0.0286905
0.0278485
0.0269124
0.0259109
0.0248737
0.0238301
0.0228071
0.0218294
0.0209185
0.020092
0.019362
0.0187373
0.0182205
0.017814
0.0175148
0.0173276
0.0172508
0.0173125
0.017512
0.0179561
0.0185739
0.0196578
0.0207558
0.297749
0.158328
0.0923862
0.0578524
0.0383075
0.0265575
0.0191704
0.0143883
0.0112592
0.00924083
0.00801079
0.00736999
0.00719084
0.00738922
0.00790771
0.00870637
0.00975562
0.01103
0.012501
0.0141312
0.0158718
0.0176657
0.0194534
0.0211797
0.022788
0.0242294
0.0254852
0.0265448
0.027403
0.0280576
0.0285084
0.028757
0.028807
0.0286641
0.0283374
0.0278395
0.0271871
0.0264013
0.0255068
0.0245317
0.0235059
0.0224597
0.0214222
0.02042
0.0194764
0.0186111
0.0178397
0.0171727
0.0166167
0.0161735
0.0158426
0.0156219
0.0155109
0.0155116
0.0156405
0.0159093
0.0163975
0.017074
0.018171
0.0193537
0.297749
0.158405
0.0925108
0.0579935
0.0384439
0.0266741
0.0192527
0.0144207
0.0112241
0.00911984
0.00778572
0.00702391
0.00670913
0.00676043
0.0071241
0.00776378
0.00865314
0.00977013
0.0110906
0.012583
0.0142046
0.0159028
0.0176188
0.0192946
0.0208732
0.0222948
0.0235327
0.0245703
0.0253987
0.0260144
0.0264175
0.0266111
0.026601
0.0263961
0.0260084
0.0254539
0.0247524
0.0239275
0.0230061
0.0220177
0.020993
0.0199623
0.0189539
0.0179931
0.0171015
0.016297
0.0155929
0.014998
0.0145168
0.0141508
0.0138973
0.0137549
0.0137192
0.0137956
0.0139905
0.0143267
0.0148588
0.015592
0.0167033
0.0179658
0.297749
0.15848
0.0926319
0.0581303
0.0385768
0.0267901
0.0193399
0.0144661
0.0112129
0.00903556
0.00761117
0.0067417
0.00630249
0.00621377
0.00642374
0.0068983
0.00761377
0.00855132
0.00969136
0.0110084
0.0124672
0.0140219
0.0156181
0.0171984
0.0187087
0.0200823
0.0212839
0.0222902
0.0230873
0.0236688
0.024034
0.0241865
0.0241338
0.023887
0.0234609
0.0228743
0.0221496
0.0213125
0.0203916
0.0194171
0.0184198
0.0174293
0.0164725
0.015573
0.0147503
0.0140199
0.0133929
0.0128765
0.0124737
0.0121855
0.0120079
0.0119407
0.0119765
0.0121239
0.012381
0.0127799
0.0133539
0.0141395
0.0152649
0.0166
0.297749
0.158554
0.0927501
0.0582634
0.0387065
0.0269049
0.0194302
0.0145215
0.011221
0.0089823
0.00748101
0.00651815
0.0059685
0.00575213
0.00581752
0.00613136
0.00667138
0.007421
0.00836433
0.00948146
0.0107446
0.0121158
0.0135479
0.0149878
0.0163869
0.0176774
0.0188172
0.0197759
0.0205342
0.0210817
0.0214156
0.0215391
0.0214601
0.0211915
0.0207501
0.0201566
0.0194354
0.0186137
0.0177211
0.0167877
0.0158436
0.014917
0.0140329
0.0132126
0.012473
0.0118272
0.0112842
0.0108497
0.0105255
0.0103125
0.0102063
0.0102079
0.0103083
0.0105188
0.0108316
0.011286
0.0118975
0.0127289
0.0138663
0.015265
0.297749
0.158627
0.0928661
0.0583932
0.0388331
0.0270182
0.0195224
0.0145843
0.0112444
0.00895462
0.00738876
0.00634648
0.0057014
0.00537256
0.00530765
0.0054729
0.00584616
0.00641181
0.00715627
0.00806392
0.0091133
0.0102746
0.0115088
0.0127698
0.0140168
0.0151871
0.0162348
0.0171241
0.0178304
0.018339
0.018644
0.0187471
0.0186561
0.0183841
0.0179491
0.017373
0.0166813
0.0159018
0.0150639
0.0141971
0.01333
0.0124884
0.0116951
0.0109683
0.0103224
0.00976819
0.00931236
0.00895959
0.00871076
0.00856712
0.00852458
0.00858539
0.00874063
0.00900359
0.00936273
0.0098626
0.0105049
0.0113734
0.012519
0.0139698
0.297749
0.1587
0.0929804
0.0585205
0.038957
0.0271299
0.0196156
0.0146525
0.0112798
0.00894762
0.00732811
0.00621935
0.00549355
0.00506829
0.0048899
0.00492339
0.00514571
0.00554102
0.00609669
0.00679969
0.00763331
0.00857449
0.0095924
0.010649
0.011712
0.0127293
0.0136548
0.0144504
0.0150876
0.0155479
0.0158221
0.0159097
0.0158171
0.015557
0.0151474
0.0146105
0.0139714
0.0132578
0.0124978
0.0117195
0.0109487
0.0102089
0.00951952
0.00889603
0.00834994
0.00788964
0.00752022
0.00724528
0.00706542
0.00698236
0.00699299
0.00710103
0.00729866
0.00760089
0.00799463
0.0085277
0.00919197
0.0100866
0.0112346
0.0127239
0.29775
0.158772
0.0930936
0.0586455
0.0390785
0.0272399
0.019709
0.0147244
0.0113243
0.00895702
0.00729325
0.00612952
0.00533655
0.00483043
0.00455591
0.00447642
0.00456749
0.00481228
0.00519798
0.00571271
0.00634273
0.00706997
0.00787044
0.00871395
0.00957592
0.0104178
0.0111974
0.0118775
0.0124281
0.0128284
0.0130665
0.0131394
0.0130517
0.0128147
0.0124452
0.0119644
0.0113964
0.0107671
0.0101028
0.0094287
0.00876779
0.00814007
0.00756176
0.00704534
0.0065997
0.00623113
0.00594331
0.00573911
0.00561919
0.00558585
0.00563743
0.00577911
0.0060051
0.00633178
0.0067466
0.00729872
0.00797424
0.00888209
0.0100252
0.0115374
0.29775
0.158846
0.0932061
0.058769
0.039198
0.0273484
0.0198024
0.014799
0.0113756
0.0089792
0.00727906
0.00607026
0.00522213
0.00464934
0.00429516
0.00412139
0.00410202
0.00421885
0.00445824
0.00480846
0.00525724
0.00578981
0.00638726
0.00702597
0.00768753
0.00834689
0.00896841
0.00951869
0.00996937
0.0102991
0.0104947
0.010551
0.0104707
0.010263
0.00994277
0.00952914
0.00904397
0.00851052
0.00795196
0.0073902
0.00684472
0.00633194
0.00586482
0.00545298
0.00510302
0.00481953
0.00460516
0.00446223
0.00439171
0.00439645
0.00447639
0.00463797
0.00487811
0.00521406
0.00563564
0.00619169
0.00686651
0.00777339
0.0089028
0.0104203
0.297751
0.15892
0.0933186
0.0588915
0.0393159
0.0274554
0.0198954
0.0148753
0.0114319
0.00901121
0.00728116
0.00603559
0.00514258
0.00451556
0.00409647
0.00384572
0.00373584
0.00374728
0.00386537
0.00407794
0.00437335
0.00473871
0.00515863
0.00561443
0.00609212
0.00657768
0.0070431
0.00746082
0.00780619
0.00805961
0.00820791
0.00824498
0.00817164
0.007995
0.00772737
0.00738501
0.00698665
0.00655208
0.0061008
0.0056509
0.00521811
0.00481538
0.00445263
0.00413704
0.00387338
0.00366492
0.00351361
0.00342144
0.00338966
0.00342154
0.00351846
0.00368775
0.00392921
0.00426046
0.00467512
0.00522024
0.005882
0.00677305
0.00787895
0.0093832
0.297752
0.158995
0.0934316
0.0590134
0.0394327
0.0275614
0.0199878
0.0149526
0.0114918
0.00905064
0.00729592
0.00602039
0.00509109
0.00442037
0.00394909
0.00363651
0.00345398
0.00338079
0.00340131
0.00350283
0.0036738
0.00390249
0.00417577
0.00447858
0.00479981
0.00513298
0.00545732
0.0057516
0.00599606
0.00617429
0.0062746
0.00629088
0.00622282
0.00607548
0.00585848
0.00558484
0.00526968
0.00492895
0.00457818
0.00423157
0.00390127
0.0035971
0.0033264
0.00309443
0.0029046
0.00275926
0.00265992
0.00260831
0.00260588
0.00265601
0.00276116
0.00292897
0.00316188
0.00347731
0.00387347
0.00439448
0.00503154
0.00589227
0.00696445
0.00843883
0.297753
0.159072
0.0935457
0.0591354
0.0395489
0.0276664
0.0200799
0.0150305
0.0115543
0.00909563
0.00732039
0.0060204
0.00506181
0.00435608
0.00384322
0.0034816
0.00324167
0.00310185
0.00304577
0.00306023
0.00313371
0.00325516
0.00341305
0.0035949
0.00379153
0.0040007
0.00420754
0.00439654
0.00455292
0.00466398
0.00472031
0.00471664
0.00465213
0.00453023
0.00435804
0.00414539
0.00390383
0.00364548
0.00338209
0.00312432
0.00288118
0.00265989
0.00246582
0.00230278
0.00217327
0.00207905
0.00202133
0.00200158
0.0020213
0.00208365
0.00219166
0.0023527
0.00257124
0.00286382
0.00323339
0.0037202
0.00432282
0.00514025
0.00616885
0.00759627
0.297754
0.159151
0.0936613
0.0592579
0.0396648
0.0277709
0.0201715
0.0151088
0.0116187
0.00914475
0.00735223
0.00603215
0.00504987
0.00431617
0.00377037
0.00337019
0.00308543
0.00289391
0.00277875
0.00272648
0.00272561
0.00276564
0.00283624
0.00292682
0.00302962
0.00314421
0.00326005
0.0033662
0.00345209
0.00350852
0.00352852
0.00350799
0.00344605
0.00334497
0.00320975
0.00304747
0.00286645
0.00267549
0.00248311
0.00229698
0.00212366
0.00196837
0.00183505
0.00172653
0.00164473
0.00159101
0.00156637
0.001572
0.00160925
0.0016808
0.00178973
0.00194265
0.00214525
0.00241256
0.00275173
0.00319842
0.00375988
0.0045237
0.00550004
0.00686386
0.297756
0.159232
0.093779
0.0593815
0.0397811
0.0278752
0.020263
0.0151874
0.0116844
0.00919692
0.00738964
0.00605287
0.00505134
0.00429526
0.00372342
0.00329305
0.00297353
0.00274228
0.00258215
0.00247954
0.00242311
0.00240285
0.00240937
0.00243356
0.00246879
0.00251498
0.00256455
0.00260985
0.00264353
0.00265921
0.00265198
0.00261891
0.00255929
0.0024746
0.00236823
0.00224507
0.0021109
0.00197188
0.00183399
0.00170271
0.00158274
0.00147792
0.00139125
0.00132491
0.00128044
0.00125895
0.00126123
0.00128814
0.00134074
0.00142104
0.00153182
0.00167853
0.00186732
0.00211114
0.00242042
0.00282562
0.00334291
0.00404642
0.00496384
0.00624884
0.297758
0.159317
0.0938994
0.0595068
0.0398981
0.0279798
0.0203545
0.0152664
0.0117511
0.00925139
0.00743124
0.0060804
0.00506308
0.00428898
0.00369651
0.00324255
0.00289615
0.00263455
0.00244046
0.00230028
0.00220288
0.00213872
0.0020992
0.00207639
0.00206455
0.00206324
0.00206686
0.00206995
0.0020674
0.00205484
0.00202892
0.00198764
0.00193047
0.00185837
0.00177361
0.00167948
0.00157993
0.0014792
0.0013815
0.00129077
0.00121049
0.00114361
0.0010925
0.00105898
0.00104433
0.00104945
0.00107492
0.00112124
0.00118905
0.00127963
0.00139515
0.00153974
0.00171938
0.00194462
0.00222808
0.00259458
0.00306853
0.00370918
0.00456372
0.00575697
0.297761
0.159404
0.0940229
0.0596343
0.0400164
0.0280851
0.0204464
0.0153457
0.0118187
0.00930763
0.00747602
0.00611311
0.00508262
0.00429389
0.00368498
0.0032125
0.00284534
0.00256058
0.00234092
0.00217284
0.00204546
0.00194966
0.00187751
0.00182196
0.00177803
0.00174468
0.00171755
0.00169259
0.00166615
0.00163519
0.0015974
0.00155142
0.00149685
0.00143434
0.00136539
0.00129222
0.00121758
0.00114445
0.00107591
0.00101492
0.000964231
0.00092626
0.000903025
0.000896114
0.00090665
0.000935332
0.000982489
0.00104823
0.0011327
0.00123636
0.00136065
0.00150831
0.00168476
0.00189804
0.00216201
0.00249568
0.00293041
0.00350976
0.0043005
0.0053922
0.297764
0.159496
0.0941503
0.0597646
0.0401365
0.0281914
0.020539
0.0154256
0.0118871
0.00936531
0.00752326
0.00614974
0.0051081
0.0043073
0.00368515
0.00319805
0.00281474
0.00251227
0.00227333
0.00208455
0.00193527
0.00181673
0.00172157
0.00164341
0.00157782
0.00152319
0.00147593
0.00143286
0.00139125
0.00134886
0.00130403
0.0012558
0.00120387
0.00114867
0.00109124
0.00103318
0.00097646
0.000923369
0.000876319
0.000837753
0.000810023
0.000795283
0.00079538
0.000811769
0.000845441
0.000896889
0.000966144
0.00105285
0.00115656
0.00127691
0.00141448
0.00157065
0.00175008
0.00195842
0.00221005
0.00251836
0.00292018
0.00344327
0.00417228
0.00515623
0.297767
0.159592
0.0942821
0.0598983
0.040259
0.0282993
0.0206326
0.0155064
0.0119564
0.00942425
0.00757245
0.00618941
0.00513809
0.00432716
0.00369417
0.00319537
0.00279941
0.00248328
0.00222974
0.00202551
0.00186016
0.00172525
0.00161382
0.00152002
0.00143981
0.00137108
0.00131075
0.00125617
0.00120512
0.00115586
0.00110714
0.00105819
0.00100882
0.000959325
0.000910512
0.00086363
0.000820301
0.000782442
0.000752177
0.00073173
0.000723314
0.000728997
0.00075057
0.000789412
0.000846376
0.00092171
0.00101506
0.00112551
0.0012519
0.00139294
0.00154831
0.00171808
0.00190607
0.00211582
0.00236183
0.00265237
0.00302841
0.00350263
0.00417437
0.00504823
0.297771
0.159693
0.0944189
0.060036
0.0403844
0.0284092
0.0207276
0.0155883
0.0120267
0.00948437
0.00762329
0.00623148
0.00517155
0.0043519
0.00370987
0.00320156
0.00279552
0.00246874
0.002204
0.00198814
0.00181089
0.00166407
0.00154103
0.00143631
0.00134609
0.00126795
0.00119908
0.00113716
0.00108028
0.00102701
0.000976295
0.000927558
0.000880645
0.000835846
0.000793888
0.000755905
0.000723408
0.000698228
0.000682442
0.000678274
0.000687968
0.000713631
0.000757064
0.000819583
0.000901868
0.00100383
0.00112459
0.0012625
0.00141555
0.00158142
0.00175876
0.00194644
0.00214746
0.00236358
0.00260934
0.00288864
0.00324559
0.00367932
0.00429962
0.00506458
0.297776
0.159799
0.0945613
0.0601782
0.0405131
0.0285216
0.0208245
0.0156715
0.0120982
0.00954569
0.00767557
0.00627548
0.0052077
0.00438036
0.0037306
0.00321438
0.00280017
0.00246492
0.00219145
0.00196669
0.0017805
0.00162488
0.00149341
0.0013809
0.00128369
0.00119912
0.00112456
0.00105789
0.000997404
0.000941838
0.00089032
0.000842379
0.000797957
0.000757411
0.000721518
0.000691471
0.000668853
0.000655601
0.000653924
0.000666198
0.000694815
0.000741995
0.000809577
0.000898787
0.00101003
0.00114273
0.00129527
0.00146506
0.001649
0.00184357
0.00204638
0.00225513
0.00247214
0.00269779
0.0029468
0.00321952
0.00356268
0.00396309
0.0045389
0.00519898
0.297782
0.159912
0.09471
0.0603256
0.0406458
0.0286369
0.0209235
0.0157564
0.0121711
0.00960824
0.00772918
0.00632111
0.00524598
0.00441166
0.00375511
0.00323213
0.00281111
0.00246899
0.00218857
0.00195686
0.0017638
0.00160153
0.00146379
0.00134558
0.00124333
0.00115423
0.00107577
0.00100596
0.000943251
0.000886505
0.000834988
0.000788367
0.000746721
0.000710552
0.000680801
0.00065885
0.000646502
0.000645938
0.000659631
0.000690219
0.000740321
0.000812309
0.000908035
0.00102854
0.00117379
0.00134244
0.00153189
0.00173827
0.00195715
0.00218368
0.00241434
0.00264584
0.00288001
0.00311632
0.00336994
0.00363862
0.00397136
0.00434347
0.00488199
0.0054428
0.297788
0.16003
0.0948656
0.0604787
0.040783
0.0287555
0.021025
0.0158431
0.0122454
0.00967206
0.00778402
0.00636809
0.00528592
0.00444511
0.00378241
0.00325349
0.00282666
0.00247879
0.0021927
0.00195541
0.00175693
0.0015895
0.00144696
0.00132444
0.00121844
0.00112605
0.00104486
0.000972984
0.000909003
0.000851916
0.000801138
0.000756509
0.000718302
0.00068725
0.000664556
0.000651904
0.000651433
0.000665684
0.000697499
0.000749855
0.000825645
0.000927375
0.00105682
0.00121465
0.00140009
0.00161072
0.00184251
0.00209001
0.00234717
0.00260773
0.00286709
0.00312118
0.00337166
0.00361762
0.00387509
0.00414014
0.00446385
0.00481045
0.00531798
0.00578576
0.297795
0.160156
0.0950286
0.0606381
0.0409249
0.0288777
0.0211292
0.0159319
0.0123212
0.0097371
0.00783994
0.00641618
0.00532712
0.00448012
0.00381171
0.00327744
0.00284548
0.00249268
0.00220181
0.00195991
0.00175704
0.00158548
0.00143916
0.00131331
0.00120444
0.00110963
0.00102656
0.000953457
0.000889036
0.000832451
0.000783309
0.000741673
0.000708085
0.000683589
0.00066975
0.000668655
0.000682885
0.000715441
0.000769613
0.000848772
0.000956075
0.00109408
0.00126427
0.00146664
0.00169927
0.00195817
0.00223745
0.00252972
0.00282716
0.00312206
0.00340894
0.00368333
0.00394715
0.00419965
0.00445827
0.00471832
0.00503257
0.00535425
0.00583432
0.00621669
0.297803
0.16029
0.0951998
0.0608042
0.041072
0.0290038
0.0212362
0.0160226
0.0123985
0.0098032
0.00789671
0.00646504
0.00536916
0.00451615
0.00384233
0.00330308
0.0028665
0.00250934
0.00221435
0.00196855
0.00176203
0.00158709
0.00143775
0.0013093
0.00119826
0.00110175
0.00101758
0.000944089
0.000880157
0.000825142
0.000778891
0.00074176
0.000714636
0.000698967
0.000696773
0.000710649
0.000743714
0.000799518
0.000881858
0.000994499
0.00114078
0.00132308
0.00154228
0.00179719
0.00208422
0.00239723
0.00272805
0.00306707
0.00340465
0.00373186
0.00404271
0.0043328
0.00460489
0.00485897
0.00511446
0.00536686
0.00566977
0.00596519
0.00642041
0.00672448
0.297813
0.160432
0.0953795
0.0609773
0.0412243
0.0291335
0.0213457
0.0161151
0.0124769
0.00986999
0.00795392
0.00651423
0.00541153
0.00455261
0.00387359
0.00332967
0.00288884
0.00252776
0.00222915
0.00198001
0.00177042
0.00159273
0.00144097
0.00131059
0.00119806
0.00110064
0.00101625
0.00094342
0.000881219
0.000829265
0.000787716
0.000757298
0.000739332
0.000735761
0.000749168
0.000782753
0.00084027
0.000925879
0.00104389
0.00119839
0.00139266
0.00162855
0.00190578
0.00222136
0.00256932
0.00294087
0.00332518
0.00371034
0.00408513
0.00443982
0.00476848
0.00506741
0.00534084
0.0055901
0.00583713
0.00607781
0.00636604
0.00663356
0.00706629
0.00729868
0.297823
0.160583
0.0955679
0.0611573
0.0413815
0.0292665
0.0214572
0.0162086
0.0125557
0.00993679
0.0080109
0.00656309
0.00545359
0.00458888
0.00390485
0.00335654
0.0029118
0.00254721
0.00224544
0.00199346
0.00178136
0.0016015
0.00144798
0.00131638
0.00120322
0.0011059
0.0010225
0.000951768
0.00089305
0.000846283
0.000812013
0.000791424
0.000786367
0.000799389
0.000833736
0.000893316
0.000982587
0.00110634
0.00126931
0.00147565
0.0017282
0.00202768
0.00237191
0.00275533
0.00316894
0.00360085
0.00403744
0.00446478
0.00487055
0.00524489
0.0055827
0.00588165
0.00614812
0.00638529
0.00661819
0.00683986
0.0071101
0.00734974
0.00776283
0.00792988
0.297834
0.160742
0.0957649
0.0613436
0.0415426
0.0294015
0.0215694
0.0163019
0.0126337
0.0100026
0.00806672
0.00661081
0.00549463
0.00462434
0.00393558
0.00338322
0.00293498
0.00256734
0.00226293
0.0020087
0.00179473
0.00161342
0.00145896
0.00132711
0.0012145
0.00111869
0.001038
0.000971432
0.00091868
0.000880083
0.000856667
0.00085017
0.000863084
0.000898668
0.000960937
0.00105458
0.00118477
0.00135684
0.0015757
0.00184513
0.00216687
0.00253967
0.00295858
0.00341468
0.00389544
0.00438571
0.00486935
0.00533099
0.00575803
0.00614139
0.00647761
0.00676638
0.0070169
0.00723467
0.00744815
0.0076435
0.00789289
0.00810483
0.00850193
0.00861015
0.297847
0.16091
0.0959697
0.0615349
0.0417061
0.0295368
0.0216804
0.0163933
0.0127094
0.0100659
0.00812023
0.00665648
0.00553398
0.00465853
0.00396554
0.00340966
0.0029585
0.00258847
0.00228213
0.00202643
0.00181147
0.0016297
0.00147549
0.00134483
0.00123447
0.00114221
0.00106665
0.00100716
0.000963824
0.000937488
0.000929756
0.000943036
0.00098057
0.00104644
0.00114549
0.00128322
0.0014654
0.00169762
0.00198448
0.00232868
0.00272991
0.003184
0.00368235
0.00421207
0.0047569
0.00529871
0.00581958
0.00630367
0.00673916
0.00711866
0.00744121
0.00770906
0.0079348
0.00812662
0.00831343
0.00847823
0.00870545
0.00889082
0.00927691
0.00933334
0.297859
0.161087
0.0961808
0.0617288
0.0418689
0.0296692
0.0217874
0.0164802
0.0127807
0.0101252
0.00817034
0.00669946
0.0055714
0.00469162
0.00399522
0.00343671
0.00298355
0.0026121
0.00230489
0.00204888
0.0018342
0.00165341
0.00150124
0.0013738
0.00126813
0.00118231
0.0011153
0.00106686
0.00103763
0.00102902
0.00104335
0.00108379
0.00115445
0.00126029
0.00140701
0.00160074
0.00184758
0.0021528
0.00251992
0.00294954
0.00343825
0.00397795
0.00455573
0.00515453
0.00575469
0.00633595
0.00687975
0.00737097
0.00779973
0.00816125
0.00845771
0.00869431
0.00888752
0.00904775
0.00920101
0.00933363
0.00953946
0.00970098
0.0100828
0.0100956
0.297872
0.161269
0.0963953
0.0619216
0.0420268
0.0297947
0.0218868
0.0165597
0.0128456
0.0101793
0.00821659
0.00674001
0.00560783
0.00472511
0.0040267
0.00346694
0.0030132
0.00264179
0.00233526
0.00208061
0.00186806
0.00169033
0.00154272
0.00142146
0.00132392
0.00124852
0.00119466
0.00116263
0.00115367
0.00116991
0.00121447
0.00129141
0.00140574
0.00156327
0.00177037
0.00203346
0.00235834
0.00274912
0.00320714
0.00372973
0.00430936
0.00493328
0.00558405
0.00624086
0.00688162
0.00748522
0.00803387
0.00851452
0.00892027
0.00924961
0.00950836
0.00970484
0.00985978
0.00998087
0.0100993
0.0102002
0.0103879
0.0105303
0.0109169
0.0108956
0.297882
0.161456
0.096609
0.0621078
0.0421743
0.0299082
0.0219747
0.0166294
0.0129029
0.0102284
0.0082604
0.00678059
0.00564662
0.00476317
0.00406485
0.00350589
0.00305362
0.00268436
0.00238071
0.00212978
0.00192195
0.00175023
0.0016107
0.00149969
0.00141491
0.00135523
0.00132058
0.00131189
0.00133112
0.00138122
0.00146619
0.00159098
0.00176145
0.00198403
0.00226533
0.0026114
0.00302675
0.00351323
0.00406875
0.00468631
0.0053535
0.00605278
0.00676267
0.0074597
0.00812082
0.0087257
0.0092588
0.00971032
0.0100771
0.0103614
0.0105727
0.0107226
0.0108363
0.0109134
0.010998
0.0110702
0.0112455
0.011376
0.0117794
0.0117356
0.29789
0.161644
0.0968161
0.0622803
0.0423045
0.0300046
0.022048
0.0166885
0.0129542
0.010276
0.00830695
0.00682775
0.00569545
0.00481444
0.00411918
0.00356385
0.00311584
0.00275156
0.00245376
0.00220973
0.0020101
0.00184845
0.00172175
0.00162629
0.00156027
0.00152312
0.0015154
0.00153877
0.00159599
0.00169089
0.00182831
0.00201401
0.00225436
0.00255593
0.0029248
0.00336561
0.00388043
0.00446754
0.00512037
0.00582689
0.00656975
0.00732722
0.00807501
0.00878863
0.00944586
0.0100288
0.0105255
0.0109302
0.011244
0.0114727
0.0116299
0.0117299
0.011798
0.0118335
0.0118885
0.0119378
0.0121097
0.0122385
0.012674
0.0126222
0.297893
0.16183
0.0970105
0.062432
0.0424117
0.030081
0.0221077
0.0167416
0.0130069
0.010332
0.00836811
0.00689486
0.00576893
0.00489452
0.00420611
0.00365803
0.00321781
0.00286211
0.00257394
0.00234087
0.00215392
0.00200789
0.00189986
0.00182661
0.00178686
0.00178066
0.00180928
0.00187517
0.00198191
0.0021341
0.00233727
0.00259756
0.00292129
0.0033143
0.00378107
0.00432361
0.00494029
0.0056248
0.00636552
0.00714543
0.00794298
0.00873361
0.00949206
0.0101948
0.0108221
0.01136
0.0118009
0.0121437
0.0123936
0.01256
0.01266
0.0127109
0.012733
0.0127319
0.0127649
0.0128003
0.0129813
0.0131216
0.013609
0.0135674
0.297891
0.162012
0.0971875
0.0625582
0.0424944
0.0301413
0.0221629
0.0168024
0.0130788
0.0104169
0.00846615
0.0070056
0.0058917
0.0050288
0.00435168
0.00381501
0.00338671
0.00304384
0.00276981
0.00255265
0.00238389
0.0022602
0.00217803
0.00213502
0.00213047
0.00216509
0.00224088
0.00236103
0.00252977
0.00275222
0.00303407
0.00338119
0.00379891
0.00429124
0.00485984
0.0055029
0.00621422
0.00698247
0.00779115
0.0086192
0.00944237
0.0102352
0.0109736
0.0116367
0.012209
0.0126811
0.0130505
0.0133203
0.0134998
0.0136013
0.0136455
0.0136478
0.0136314
0.0136026
0.0136248
0.0136587
0.0138651
0.0140345
0.0145991
0.0145906
0.297893
0.162197
0.097351
0.0626632
0.0425626
0.0302028
0.022238
0.0169008
0.013203
0.010566
0.00863791
0.00719747
0.00610159
0.00525527
0.00459399
0.00407306
0.00366106
0.00333564
0.00308081
0.00288519
0.00274109
0.0026472
0.00259926
0.00259557
0.00263609
0.00272218
0.00285643
0.00304254
0.00328501
0.00358889
0.0039593
0.00440082
0.00491672
0.00550802
0.00617251
0.00690388
0.00769109
0.00851824
0.00936504
0.010208
0.0110223
0.0117837
0.012471
0.0130676
0.0135631
0.0139533
0.0142403
0.0144312
0.0145388
0.0145778
0.0145724
0.0145315
0.0144875
0.0144435
0.01447
0.0145188
0.0147714
0.0149924
0.0156667
0.0157214
0.297921
0.162416
0.0975247
0.0627725
0.0426493
0.0303074
0.0223817
0.0170895
0.0134345
0.0108348
0.00893834
0.00752465
0.00645192
0.00562641
0.0049848
0.00448344
0.00409181
0.00378836
0.00355789
0.00338977
0.00327739
0.00322117
0.00321594
0.00326063
0.00335577
0.00350315
0.00370566
0.00396698
0.00429126
0.00468265
0.00514471
0.00567972
0.00628786
0.00696631
0.00770856
0.00850378
0.00933676
0.0101883
0.011036
0.0118562
0.0126254
0.0133226
0.0139309
0.0144389
0.0148415
0.0151395
0.0153393
0.0154514
0.0154912
0.0154751
0.0154279
0.0153568
0.0153003
0.0152576
0.0153076
0.015392
0.0157177
0.0160191
0.0168454
0.0170036
0.298037
0.162738
0.0977747
0.0629512
0.0428262
0.0305335
0.0226758
0.0174506
0.0138533
0.0113007
0.00944181
0.0080586
0.00701152
0.00620886
0.00558895
0.0051095
0.00474116
0.00446335
0.00426174
0.00412654
0.00405278
0.00404089
0.00408532
0.00418552
0.00434223
0.00455728
0.00483325
0.00517314
0.00557989
0.00605585
0.00660214
0.0072179
0.00789965
0.00864056
0.00943007
0.0102537
0.0110936
0.0119288
0.0127373
0.0134968
0.0141873
0.0147921
0.0152996
0.0157038
0.0160046
0.0162073
0.0163218
0.016361
0.0163425
0.0162842
0.016208
0.0161242
0.0160744
0.0160538
0.0161516
0.0162979
0.0167306
0.0171502
0.0181841
0.0185016
0.298383
0.163322
0.0982389
0.0633321
0.0432236
0.0310088
0.0232422
0.018098
0.0145651
0.0120612
0.0102391
0.00888437
0.00786074
0.00707907
0.00647965
0.00602177
0.00567729
0.00542665
0.00525638
0.00515744
0.00512754
0.00516263
0.00525966
0.00541773
0.00563722
0.00591934
0.0062657
0.00667785
0.00715675
0.00770224
0.00831241
0.00898304
0.00970704
0.0104741
0.0112708
0.0120804
0.0128841
0.0136614
0.0143923
0.0150577
0.0156422
0.0161341
0.0165272
0.0168206
0.0170188
0.0171305
0.0171685
0.0171469
0.0170852
0.0170008
0.0169153
0.0168404
0.0168214
0.0168486
0.0170244
0.0172661
0.0178496
0.0184381
0.0197539
0.0203103
0.299253
0.16448
0.0991789
0.0641469
0.0440487
0.0319166
0.0242414
0.0191716
0.0156922
0.013225
0.0114276
0.0100907
0.00908123
0.00831286
0.00772782
0.00728681
0.00696274
0.00673688
0.00659637
0.00653263
0.00654426
0.00662443
0.00677039
0.00698078
0.00725516
0.00759355
0.00799595
0.00846187
0.00898984
0.00957692
0.0102182
0.0109064
0.0116317
0.0123814
0.0131406
0.0138923
0.0146182
0.0153004
0.0159218
0.0164681
0.0169285
0.0172966
0.0175713
0.0177561
0.0178591
0.0178915
0.017868
0.0178036
0.0177193
0.0176296
0.0175601
0.0175207
0.0175616
0.0176689
0.0179607
0.0183415
0.019133
0.0199603
0.0216586
0.0225722
0.301233
0.166781
0.101043
0.0657506
0.045596
0.0334904
0.025859
0.0208203
0.0173564
0.0148933
0.0130937
0.0117519
0.0107381
0.00996765
0.00938411
0.00894904
0.00863592
0.00842633
0.00830753
0.00827088
0.00831406
0.00842807
0.00860961
0.00885639
0.0091667
0.0095389
0.00997102
0.0104604
0.011003
0.0115934
0.0122244
0.0128864
0.013568
0.0142558
0.0149347
0.0155891
0.016203
0.0167616
0.0172522
0.017665
0.0179942
0.0182384
0.0184005
0.0184876
0.0185105
0.0184823
0.0184187
0.0183351
0.0182533
0.0181859
0.0181623
0.0181909
0.018328
0.018556
0.0190126
0.0195914
0.0206673
0.0218337
0.0240534
0.0255062
0.30545
0.171227
0.10455
0.0686541
0.0482307
0.0359887
0.0282776
0.0231743
0.0196517
0.0171349
0.0152875
0.0139046
0.0128568
0.0120595
0.0114563
0.0110085
0.0106892
0.0104795
0.010366
0.0103395
0.0103948
0.0105215
0.0107151
0.0109721
0.0112891
0.0116628
0.0120891
0.0125634
0.0130797
0.0136306
0.0142075
0.0147998
0.0153958
0.0159825
0.0165464
0.017074
0.0175526
0.0179714
0.018322
0.0185992
0.0188018
0.0189322
0.0189969
0.0190056
0.0189711
0.0189072
0.0188305
0.0187568
0.0187079
0.0186966
0.0187555
0.0188923
0.0191712
0.0195737
0.0202599
0.0211189
0.0225843
0.02424
0.0271765
0.0294593
0.314017
0.179511
0.110784
0.0735296
0.0523527
0.0396582
0.031641
0.0263132
0.0226168
0.0199611
0.0180009
0.0165259
0.0154026
0.014544
0.0138913
0.0134038
0.0130532
0.0128189
0.0126862
0.0126442
0.012684
0.0127942
0.0129688
0.0132028
0.0134912
0.013829
0.0142105
0.0146295
0.0150787
0.0155499
0.0160337
0.0165198
0.0169973
0.0174548
0.0178809
0.0182654
0.0185991
0.0188752
0.0190896
0.0192412
0.0193324
0.019369
0.0193601
0.0193171
0.019254
0.0191855
0.0191286
0.0190999
0.0191212
0.0192074
0.0193941
0.0196907
0.0201715
0.0208222
0.0218275
0.0230884
0.0250926
0.0274738
0.0314094
0.0350072
0.330848
0.194439
0.121325
0.0812076
0.0583831
0.0447052
0.0360329
0.0302538
0.026228
0.0233214
0.0211647
0.0195325
0.0182817
0.0173181
0.016578
0.0160168
0.0156029
0.0153131
0.0151303
0.0150415
0.0150335
0.0150942
0.015216
0.0153924
0.0156168
0.0158828
0.0161836
0.016512
0.0168602
0.0172199
0.0175821
0.0179375
0.0182767
0.0185905
0.0188707
0.01911
0.0193031
0.0194468
0.0195408
0.0195875
0.0195923
0.0195635
0.019512
0.0194506
0.0193941
0.019358
0.0193604
0.019419
0.0195574
0.0197931
0.0201667
0.0206936
0.0214598
0.0224668
0.0239215
0.025774
0.0285389
0.0320375
0.0373956
0.0431563
0.363189
0.220636
0.138417
0.0926901
0.0667564
0.0512989
0.0415138
0.0349956
0.0304465
0.027151
0.024695
0.0228262
0.0213842
0.020263
0.0193901
0.0187148
0.0182003
0.0178197
0.0175524
0.0173827
0.017294
0.0172729
0.0173102
0.0173976
0.0175274
0.0176921
0.0178842
0.0180962
0.0183203
0.0185489
0.0187738
0.0189876
0.0191828
0.0193529
0.0194926
0.0195979
0.0196669
0.0196998
0.0196993
0.0196708
0.0196221
0.0195632
0.0195066
0.0194663
0.0194583
0.0194993
0.0196098
0.0198094
0.0201257
0.0205816
0.0212251
0.0220859
0.0232618
0.0247949
0.0269003
0.0296603
0.0335341
0.0388397
0.0462871
0.0557772
0.424711
0.265871
0.165308
0.109271
0.0780654
0.0597688
0.048296
0.0406814
0.0353657
0.0315058
0.0286186
0.0264109
0.0246958
0.0233492
0.0222862
0.0214464
0.0207862
0.0202733
0.0198829
0.0195957
0.0193926
0.0192588
0.0191826
0.0191541
0.0191645
0.0192055
0.0192693
0.0193485
0.0194359
0.0195248
0.0196086
0.0196816
0.0197388
0.0197764
0.0197918
0.0197843
0.0197549
0.0197067
0.0196452
0.0195778
0.0195146
0.0194672
0.0194497
0.0194777
0.0195692
0.019744
0.0200266
0.0204412
0.0210216
0.0218033
0.0228437
0.0242043
0.0259907
0.0283374
0.0314281
0.0356579
0.0412245
0.0496284
0.0602757
0.0765813
0.542237
0.343774
0.206976
0.132995
0.093547
0.071057
0.057142
0.0479416
0.0415125
0.0368308
0.0333156
0.0306142
0.028501
0.0268259
0.0254854
0.024406
0.0235344
0.0228307
0.0222646
0.0218124
0.0214536
0.02117
0.0209474
0.020774
0.0206397
0.0205357
0.0204541
0.0203877
0.0203301
0.0202757
0.0202197
0.0201584
0.0200892
0.0200107
0.0199233
0.0198288
0.0197311
0.0196358
0.0195508
0.0194857
0.0194526
0.0194653
0.0195403
0.0196961
0.0199549
0.0203431
0.0208911
0.0216337
0.0226155
0.0238974
0.0255496
0.0277002
0.0304497
0.0341358
0.0388117
0.0455856
0.053895
0.0679812
0.0837691
0.113407
0.771783
0.479844
0.271826
0.167962
0.116285
0.0876891
0.0701536
0.0585503
0.0504073
0.0444499
0.0399544
0.0364788
0.0337394
0.0315464
0.0297686
0.0283127
0.0271109
0.0261125
0.0252789
0.0245803
0.0239947
0.0234984
0.0230737
0.0227066
0.0223854
0.0221004
0.0218434
0.0216074
0.0213868
0.0211773
0.0209756
0.02078
0.0205901
0.0204071
0.0202339
0.020075
0.0199368
0.0198278
0.0197581
0.0197403
0.0197894
0.0199229
0.0201615
0.0205299
0.0210588
0.0217874
0.0227552
0.0240212
0.0256484
0.02775
0.0304133
0.0339072
0.0382922
0.0443573
0.0517796
0.0633039
0.0763661
0.101665
0.126058
0.183753
1.24039
0.725377
0.375809
0.223722
0.153922
0.115808
0.0923758
0.0767448
0.0656847
0.0575387
0.0513513
0.0465329
0.0427029
0.0396055
0.0370638
0.0349515
0.0331768
0.0316713
0.0303829
0.0292721
0.0283119
0.0274704
0.026725
0.0260579
0.025455
0.0249047
0.0243981
0.0239278
0.0234888
0.0230775
0.0226923
0.0223332
0.0220023
0.0217031
0.0214413
0.0212244
0.0210619
0.0209655
0.0209494
0.0210306
0.0212295
0.0215707
0.0220837
0.0228062
0.0237863
0.025084
0.0267627
0.0289297
0.0316829
0.0352463
0.0397297
0.0457142
0.0531262
0.0637916
0.0763723
0.0975091
0.119348
0.168457
0.207519
0.328548
2.26476
1.19186
0.553245
0.323939
0.224991
0.169855
0.13553
0.11232
0.0957285
0.0834178
0.0739996
0.066608
0.060682
0.0558429
0.0518283
0.0484508
0.0455742
0.043097
0.0409422
0.0390518
0.0373851
0.0358979
0.0345588
0.0333432
0.0322319
0.0312098
0.0302652
0.0293897
0.0285779
0.0278268
0.0271361
0.0265078
0.0259465
0.025459
0.0250545
0.0247449
0.0245446
0.0244711
0.0245457
0.0247943
0.0252483
0.0259473
0.0269396
0.0282906
0.030083
0.0324189
0.0354187
0.039293
0.0442106
0.050646
0.0587365
0.0697925
0.0833336
0.103702
0.126745
0.168904
0.207793
0.31109
0.374758
0.648157
4.71939
2.14488
0.887517
0.529592
0.375418
0.284976
0.228026
0.188981
0.160821
0.139803
0.123621
0.110833
0.100503
0.0919975
0.0848761
0.0788258
0.0736184
0.0690844
0.0650956
0.0615548
0.0583887
0.0555321
0.0529351
0.0505593
0.0483744
0.0463573
0.0444909
0.0427632
0.0411672
0.0397001
0.038363
0.037161
0.0361027
0.0352002
0.0344693
0.0339298
0.0336057
0.0335266
0.0337285
0.0342567
0.0351673
0.036533
0.0384446
0.0410303
0.0444398
0.0488913
0.0546255
0.0620968
0.0716286
0.0842993
0.100252
0.122615
0.149645
0.192196
0.237951
0.329554
0.403015
0.638369
0.740799
1.40438
11.3212
4.29548
1.60483
1.00686
0.727013
0.553767
0.44474
0.36925
0.314545
0.273596
0.241937
0.216792
0.19636
0.179423
0.165136
0.152897
0.142272
0.132937
0.124648
0.117216
0.110498
0.104382
0.0987771
0.0936142
0.0888389
0.0844104
0.0802996
0.0764873
0.0729632
0.0697248
0.0667771
0.0641314
0.0618054
0.0598231
0.0582145
0.057017
0.0562765
0.0560495
0.0564066
0.0574378
0.0592576
0.0620177
0.0659111
0.0712138
0.0782385
0.0875011
0.0995249
0.115378
0.135734
0.163232
0.197855
0.247598
0.306692
0.40405
0.50267
0.719803
0.867022
1.44959
1.60097
3.3374
31.8344
9.83518
3.38479
2.24788
1.63556
1.24583
1.00384
0.83562
0.713733
0.622549
0.551939
0.495689
0.449791
0.411533
0.379045
0.351003
0.326451
0.304685
0.285175
0.267508
0.25137
0.236544
0.222837
0.210109
0.19825
0.187182
0.176852
0.167228
0.158298
0.150066
0.14255
0.13578
0.1298
0.124663
0.120437
0.117201
0.115056
0.114122
0.114555
0.116557
0.120387
0.126399
0.135048
0.146977
0.162962
0.184283
0.212195
0.249438
0.29753
0.363482
0.446405
0.568393
0.71052
0.955644
1.18833
1.75395
2.06952
3.65068
3.80872
8.75372
108.312
26.6333
8.49889
5.87417
4.26345
3.23832
2.6154
2.18324
1.87155
1.63926
1.45955
1.31623
1.19895
1.10071
1.01673
0.943648
0.879057
0.821196
0.768762
0.720725
0.676357
0.635147
0.596642
0.560535
0.526595
0.494669
0.464669
0.436559
0.410346
0.386077
0.363827
0.343698
0.325812
0.310311
0.297363
0.28716
0.279937
0.275984
0.275673
0.279501
0.288117
0.30243
0.323609
0.35337
0.393794
0.448375
0.520465
0.617815
0.744241
0.920242
1.14129
1.47426
1.85498
2.54242
3.15335
4.79523
5.52733
10.3069
10.1169
25.7059
)
;

boundaryField
{
    inlet
    {
        type            fixedValue;
        value           uniform 0.63;
    }
    outlet
    {
        type            zeroGradient;
    }
    fixedWalls
    {
        Cmu             0.09;
        kappa           0.41;
        E               9.8;
        type            epsilonWallFunction;
        value           nonuniform List<scalar> 
120
(
108.312
26.6333
8.49889
5.87417
4.26345
3.23832
2.6154
2.18324
1.87155
1.63926
1.45955
1.31623
1.19895
1.10071
1.01673
0.943648
0.879057
0.821196
0.768762
0.720725
0.676357
0.635147
0.596642
0.560535
0.526595
0.494669
0.464669
0.436559
0.410346
0.386077
0.363827
0.343698
0.325812
0.310311
0.297363
0.28716
0.279937
0.275984
0.275673
0.279501
0.288117
0.30243
0.323609
0.35337
0.393794
0.448375
0.520465
0.617815
0.744241
0.920242
1.14129
1.47426
1.85498
2.54242
3.15335
4.79523
5.52733
10.3069
10.1169
25.7059
54.173
1.09757
0.0202899
0.134483
0.072546
0.0863291
0.0616069
0.057561
0.0461022
0.0419174
0.0364683
0.0341711
0.0321136
0.031738
0.0319646
0.033298
0.0353378
0.0382973
0.0420489
0.0467083
0.0522543
0.0587498
0.0661865
0.0745645
0.0838261
0.0938926
0.104637
0.115881
0.127371
0.13878
0.149698
0.15964
0.168057
0.174329
0.177821
0.177938
0.174192
0.166227
0.154026
0.137853
0.118697
0.0978609
0.0775
0.0670192
0.104427
0.160241
0.237996
0.352081
0.499945
0.720415
0.977535
1.40044
1.81011
2.67543
3.2381
5.26683
5.69888
11.4342
10.3335
29.1777
)
;
    }
    frontAndBack
    {
        type            empty;
    }
}


// ************************************************************************* //
