/*--------------------------------*- C++ -*----------------------------------*\
| =========                 |                                                 |
| \\      /  F ield         | OpenFOAM: The Open Source CFD Toolbox           |
|  \\    /   O peration     | Version:  2.4.0                                 |
|   \\  /    A nd           | Web:      www.OpenFOAM.org                      |
|    \\/     M anipulation  |                                                 |
\*---------------------------------------------------------------------------*/
FoamFile
{
    version     2.0;
    format      ascii;
    class       volScalarField;
    location    "6.15";
    object      epsilon;
}
// * * * * * * * * * * * * * * * * * * * * * * * * * * * * * * * * * * * * * //

dimensions      [0 2 -3 0 0 0 0];

internalField   nonuniform List<scalar> 
6000
(
0.995191
0.381698
0.0487503
0.00579659
0.000783383
0.00305282
0.00200167
0.003778
0.00423625
0.00586186
0.00694153
0.00847362
0.00976991
0.0114054
0.0132269
0.0155061
0.0181186
0.021057
0.024197
0.0275086
0.0309922
0.0349927
0.0391167
0.0433673
0.0477383
0.0522269
0.0568307
0.0615504
0.0663869
0.0713405
0.0764452
0.0816616
0.0869898
0.0924275
0.0979679
0.103606
0.109331
0.115142
0.121022
0.12698
0.132981
0.139073
0.145167
0.151382
0.157596
0.164885
0.179898
0.197789
0.216707
0.24101
0.265475
0.300914
0.333245
0.390097
0.433545
0.536456
0.595231
0.81292
0.898389
1.54065
0.558285
0.355023
0.0228236
0.00519128
0.00037243
0.000939171
0.000897637
0.00141875
0.00176252
0.00231509
0.00282164
0.00338823
0.00397138
0.00464556
0.0054479
0.00640971
0.00752238
0.00875704
0.0100829
0.0114797
0.0129518
0.0145465
0.01619
0.0178784
0.0196107
0.0213867
0.0232074
0.0250749
0.0269916
0.0289623
0.031013
0.0331292
0.0353046
0.0375411
0.0398398
0.042202
0.044629
0.0471231
0.049685
0.0523202
0.0550272
0.0578201
0.0606909
0.06367
0.0667808
0.0703
0.0757074
0.0818656
0.0885316
0.0964675
0.104968
0.115788
0.127102
0.143008
0.158968
0.184702
0.210302
0.25663
0.309218
0.418899
0.416734
0.411467
0.0305986
0.00378818
0.000302366
0.000558421
0.000659072
0.000970032
0.00126096
0.00163642
0.00201633
0.0024241
0.00286282
0.00336892
0.00397659
0.00470182
0.00553938
0.00646651
0.00746139
0.00850856
0.0096067
0.0107657
0.0119578
0.0131803
0.0144328
0.0157155
0.0170297
0.0183773
0.019761
0.0211857
0.0226671
0.0241939
0.0257652
0.0273826
0.0290479
0.0307628
0.0325294
0.0343502
0.0362275
0.0381654
0.0401664
0.0422391
0.0443869
0.0466272
0.0490124
0.0516304
0.0551476
0.0590459
0.0633093
0.0681548
0.0735025
0.0798172
0.0868721
0.0956325
0.10562
0.118784
0.134737
0.156478
0.188931
0.233201
0.367367
0.406303
0.0520374
0.00234708
0.000293123
0.000448539
0.00057733
0.000826759
0.0010897
0.00140951
0.00174085
0.00209573
0.00248165
0.0029293
0.00346667
0.00410682
0.00484369
0.00565786
0.00653028
0.00744749
0.00840554
0.00940519
0.0104319
0.0114833
0.0125594
0.0136604
0.0147876
0.0159428
0.0171287
0.0183498
0.0196158
0.0209186
0.0222586
0.0236373
0.0250562
0.0265171
0.0280219
0.0295728
0.0311721
0.0328234
0.0345299
0.0362981
0.0381351
0.040055
0.0421152
0.0443228
0.047088
0.0501018
0.0534122
0.0570707
0.0611711
0.0658051
0.0711695
0.0773768
0.0849541
0.0938826
0.10594
0.119944
0.143884
0.170159
0.343017
0.37637
0.0745228
0.00180398
0.000311141
0.000411285
0.000547134
0.000771389
0.00101911
0.00131556
0.00162433
0.00195658
0.00231881
0.00274051
0.00324551
0.00384607
0.00453554
0.00529652
0.00611126
0.00696721
0.00785898
0.00878412
0.00973329
0.0107046
0.0116979
0.0127137
0.0137529
0.0148175
0.0159098
0.0170342
0.0181964
0.0193909
0.0206183
0.0218798
0.0231768
0.0245107
0.0258833
0.0272964
0.0287521
0.0302535
0.0318037
0.0334084
0.0350763
0.0368208
0.038693
0.0406627
0.0430253
0.0455697
0.0483677
0.051403
0.0548327
0.0586021
0.0630572
0.0679915
0.0742678
0.0811729
0.0911443
0.10163
0.121175
0.139769
0.329443
0.340309
0.0979069
0.00276823
0.000362436
0.000404032
0.000541665
0.00075307
0.00099243
0.00127827
0.00157641
0.00189894
0.00225051
0.00266029
0.00314943
0.00373011
0.0043956
0.00512987
0.00591589
0.00674152
0.00760042
0.00848873
0.0093996
0.0103313
0.0112838
0.0122574
0.0132531
0.0142725
0.0153182
0.0163939
0.0175029
0.0186415
0.0198099
0.0210095
0.0222411
0.0235062
0.0248058
0.0261417
0.0275156
0.02893
0.0303882
0.0318948
0.03346
0.0350973
0.0368429
0.0386576
0.0407687
0.0430215
0.0454961
0.0481459
0.0511515
0.0543931
0.0582733
0.0624487
0.0679038
0.0736409
0.0823097
0.090838
0.107718
0.122153
0.321262
0.305842
0.115087
0.00804064
0.000492687
0.000415899
0.000552265
0.000755278
0.000990127
0.00127155
0.00156565
0.00188531
0.00223332
0.00263861
0.00312062
0.00369185
0.00434584
0.00506766
0.00584072
0.00665298
0.0074974
0.00836935
0.00926327
0.0101776
0.0111121
0.012067
0.0130435
0.0140429
0.0150676
0.0161209
0.0172046
0.0183158
0.0194549
0.0206228
0.0218202
0.0230481
0.0243074
0.0255993
0.0269252
0.0282873
0.0296886
0.0311332
0.0326321
0.034199
0.0358509
0.0375569
0.0394953
0.041548
0.0437973
0.0461826
0.0488914
0.0517746
0.0552528
0.0589226
0.063806
0.0687855
0.0765579
0.0838528
0.0989258
0.110764
0.315829
0.275753
0.126884
0.0179684
0.00081853
0.000446964
0.0005766
0.000771857
0.00100424
0.0012846
0.00157865
0.00189961
0.00224846
0.00265378
0.0031339
0.00370189
0.0043519
0.00506994
0.00583971
0.00664911
0.0074905
0.00835874
0.00924894
0.0101595
0.0110902
0.0120413
0.0130136
0.0140085
0.0150282
0.0160756
0.0171512
0.0182529
0.0193809
0.0205358
0.0217181
0.0229284
0.0241673
0.0254356
0.0267343
0.0280652
0.0294309
0.0308354
0.0322902
0.0338067
0.0353864
0.0370114
0.0388228
0.0407282
0.0428091
0.044999
0.0474849
0.0501053
0.0532822
0.0565877
0.0610452
0.0654917
0.0726047
0.0790527
0.0928026
0.102854
0.311896
0.250635
0.134085
0.0307438
0.00162871
0.000505725
0.000615698
0.000800884
0.00103148
0.00131255
0.00160915
0.00193415
0.00228682
0.00269519
0.00317686
0.00374564
0.00439658
0.00511657
0.00588951
0.00670313
0.00754926
0.00842232
0.00931776
0.010234
0.0111705
0.0121276
0.013106
0.0141071
0.0151326
0.0161852
0.0172643
0.0183684
0.0194976
0.0206521
0.0218321
0.0230378
0.0242695
0.0255276
0.0268127
0.028126
0.0294702
0.0308486
0.0322736
0.0337506
0.0352732
0.0368344
0.0385474
0.0403382
0.0422861
0.0443232
0.0466324
0.0490487
0.0519872
0.0550141
0.0591378
0.0631857
0.0697886
0.0756166
0.0883419
0.0970749
0.3089
0.230186
0.137434
0.044538
0.00370942
0.000615181
0.000673559
0.000842793
0.00107095
0.00135341
0.0016542
0.00198516
0.00234378
0.00275735
0.00324298
0.00381535
0.00447063
0.00519657
0.00597728
0.00680021
0.00765668
0.0085407
0.00944785
0.0103764
0.0113258
0.0122962
0.0132882
0.0143029
0.0153421
0.0164079
0.017499
0.0186141
0.0197531
0.0209161
0.0221028
0.0233131
0.0245468
0.0258039
0.0270846
0.0283899
0.0297218
0.0310837
0.0324884
0.0339309
0.0354078
0.0369166
0.0385498
0.0402471
0.0420851
0.043997
0.0461596
0.0484096
0.0511515
0.0539547
0.0578058
0.061541
0.067733
0.0730838
0.0849801
0.0926883
0.306552
0.213783
0.137736
0.0574671
0.00840873
0.000830476
0.000758192
0.000899923
0.00112333
0.00140688
0.00171274
0.00205098
0.00241715
0.00283752
0.00332888
0.00390688
0.00456895
0.00530377
0.00609563
0.00693169
0.00780274
0.0087024
0.00962619
0.0105722
0.0115399
0.012529
0.0135402
0.0145745
0.0156333
0.0167183
0.0178276
0.0189602
0.0201156
0.0212935
0.0224935
0.0237149
0.0249572
0.02622
0.027503
0.0288067
0.0301329
0.0314847
0.0328743
0.0342862
0.0357249
0.0371888
0.0387546
0.0403726
0.0421162
0.0439212
0.0459577
0.0480665
0.0506402
0.0532567
0.0568775
0.0603571
0.0662068
0.0711747
0.0823767
0.0892566
0.304675
0.200745
0.135801
0.0685395
0.0149599
0.00127081
0.00088439
0.000976767
0.00119064
0.00147383
0.00178496
0.00213128
0.00250616
0.00293458
0.00343303
0.00401814
0.00468884
0.00543474
0.00624035
0.00709251
0.00798146
0.00890041
0.00984472
0.0108123
0.0118024
0.0128147
0.0138496
0.0149079
0.0159911
0.0171001
0.0182324
0.0193873
0.020564
0.021762
0.0229802
0.0242176
0.0254734
0.0267466
0.0280365
0.0293432
0.0306682
0.0320143
0.0333905
0.0347755
0.0361812
0.037605
0.0391117
0.0406597
0.0423196
0.0440299
0.0459544
0.0479393
0.0503649
0.0528199
0.0562404
0.0595038
0.06506
0.0697099
0.0803135
0.0865036
0.303153
0.190437
0.132365
0.0772376
0.0227782
0.00222439
0.00107995
0.00108086
0.0012764
0.00155628
0.00187202
0.00222673
0.00261112
0.00304852
0.00355508
0.00414845
0.00482912
0.00558778
0.00640918
0.00727978
0.00818931
0.0091305
0.0100985
0.011091
0.0121069
0.0131458
0.0142081
0.0152943
0.0164055
0.0175422
0.0187015
0.0198826
0.0210844
0.0223062
0.0235463
0.0248035
0.0260763
0.0273634
0.0286636
0.0299765
0.0313034
0.0326468
0.0340086
0.0353701
0.036746
0.0381328
0.0395858
0.0410702
0.0426535
0.0442775
0.0460999
0.0479726
0.0502642
0.0525755
0.0558175
0.0588925
0.0641907
0.0685683
0.0786443
0.0842465
0.301904
0.18232
0.128047
0.0834316
0.0309833
0.00444285
0.00139966
0.00122458
0.00138606
0.00165747
0.00197606
0.00233887
0.00273314
0.00318018
0.0036956
0.00429805
0.00498972
0.00576242
0.00660117
0.00749211
0.0084244
0.00939027
0.0103845
0.0114046
0.0124492
0.0135178
0.0146104
0.0157274
0.01687
0.0180373
0.0192267
0.020437
0.021667
0.0229155
0.0241805
0.0254601
0.0267526
0.028056
0.0293688
0.03069
0.0320207
0.0333619
0.034709
0.0360492
0.0373971
0.0387486
0.0401516
0.0415763
0.0430878
0.0446311
0.0463581
0.0481267
0.0502946
0.0524744
0.0555538
0.0584605
0.063527
0.0676654
0.0772672
0.0823596
0.300871
0.175944
0.123331
0.0872484
0.0390834
0.00822792
0.00194895
0.00142857
0.0015279
0.00178214
0.00210028
0.00247009
0.00287416
0.00333115
0.00385591
0.004468
0.00517138
0.00595904
0.00681638
0.00772917
0.008686
0.00967855
0.0107013
0.0117513
0.012827
0.0139276
0.015053
0.0162035
0.0173799
0.0185804
0.0198023
0.0210443
0.0223049
0.0235823
0.0248742
0.0261783
0.0274922
0.0288136
0.0301404
0.0314712
0.0328069
0.0341441
0.035477
0.0367971
0.0381178
0.0394346
0.0407896
0.0421571
0.0435998
0.0450658
0.046702
0.0483722
0.0504235
0.0524808
0.0554093
0.0581619
0.0630163
0.06694
0.0761092
0.0807534
0.300012
0.170948
0.118572
0.0889719
0.0465936
0.0134774
0.00293531
0.00172808
0.00171435
0.00193716
0.00224917
0.00262381
0.00303689
0.00350376
0.00403803
0.00466004
0.00537554
0.00617881
0.00705563
0.00799146
0.00897427
0.00999517
0.0110482
0.01213
0.0132388
0.0143736
0.0155339
0.0167199
0.0179324
0.019168
0.0204244
0.0217
0.0229928
0.0243009
0.0256212
0.0269511
0.0282876
0.029628
0.0309697
0.0323106
0.033651
0.0349819
0.0363012
0.0376014
0.0388949
0.0401769
0.0414848
0.0427962
0.0441718
0.0455627
0.0471111
0.0486863
0.0506261
0.052567
0.0553534
0.0579626
0.0626197
0.0663468
0.0751163
0.0793624
0.299295
0.167041
0.114012
0.0889701
0.0530997
0.0197262
0.00478848
0.00218516
0.00196453
0.00213232
0.00242895
0.00280461
0.00322501
0.00370114
0.00424469
0.00487659
0.00560432
0.00642354
0.00732044
0.00828017
0.0092901
0.0103407
0.0114255
0.0125408
0.0136843
0.0148549
0.0160519
0.0172752
0.0185253
0.0197978
0.0210903
0.0224009
0.0237273
0.0250671
0.0264169
0.0277734
0.0291331
0.0304928
0.0318495
0.0332006
0.0345432
0.0358669
0.0371724
0.0384522
0.0397179
0.0409643
0.0422251
0.0434808
0.04479
0.0461067
0.047569
0.0490514
0.0508833
0.0527121
0.0553626
0.0578361
0.062307
0.0658515
0.0742479
0.0781376
0.298693
0.163993
0.109805
0.0876401
0.0583106
0.0264699
0.00776738
0.00290882
0.00230818
0.00238171
0.00264811
0.00301862
0.00344333
0.00392734
0.00447944
0.00512078
0.00586051
0.00669568
0.00761294
0.00859715
0.00963502
0.0107163
0.0118341
0.0129841
0.0141639
0.0153716
0.0166067
0.0178688
0.0191579
0.0204684
0.021798
0.0231447
0.0245055
0.0258779
0.0272576
0.0286409
0.030024
0.0314029
0.0327743
0.0341343
0.0354762
0.036792
0.0380828
0.0393413
0.040578
0.0417875
0.0430007
0.0442
0.0454428
0.0466854
0.0480624
0.0494533
0.0511796
0.052899
0.0554184
0.0577616
0.062055
0.0654274
0.0734728
0.0770416
0.298187
0.161624
0.106032
0.0853674
0.0620759
0.0332237
0.0118469
0.00409089
0.00279261
0.00270585
0.00291831
0.00327394
0.00369806
0.0041875
0.00474669
0.00539653
0.00614761
0.00699836
0.00793591
0.00894483
0.0100112
0.0111239
0.0122756
0.0134614
0.0146783
0.0159244
0.0171986
0.0185005
0.0198295
0.021179
0.0225466
0.0239299
0.0253256
0.0267307
0.0281404
0.0295505
0.0309564
0.032354
0.0337393
0.035105
0.0364444
0.0377513
0.0390261
0.0402616
0.0414677
0.0426387
0.0438029
0.044945
0.0461206
0.0472887
0.0485805
0.0498802
0.0515022
0.0531141
0.0555056
0.0577228
0.0618451
0.0650538
0.0727667
0.0760454
0.297761
0.159788
0.102725
0.0824979
0.0643783
0.0395449
0.0167806
0.00601401
0.00349382
0.00313491
0.00325565
0.00358133
0.00399716
0.00448809
0.00505195
0.00570868
0.00646991
0.00733541
0.00829277
0.00932628
0.0104212
0.0115659
0.012752
0.0139742
0.015229
0.0165142
0.0178285
0.0191709
0.0205406
0.0219295
0.0233354
0.0247556
0.0261862
0.0276239
0.0290632
0.0304993
0.0319273
0.0333424
0.0347392
0.0361075
0.0374431
0.0387394
0.0399965
0.0412072
0.0423805
0.0435108
0.0446246
0.0457079
0.0468153
0.0479078
0.0491141
0.0503223
0.0518408
0.0533461
0.0556122
0.0577061
0.0616623
0.0647139
0.0721102
0.075126
0.2974
0.158373
0.0998823
0.0793219
0.0653125
0.0450668
0.0223009
0.00886328
0.00453417
0.00371367
0.00368254
0.00395508
0.00435091
0.00483724
0.00540201
0.0060631
0.00683259
0.00771147
0.00868767
0.00974518
0.0108685
0.0120451
0.0132658
0.0145248
0.015818
0.0171428
0.0184975
0.019881
0.0212915
0.02272
0.0241643
0.0256211
0.0270863
0.028556
0.030024
0.0314852
0.032934
0.0343649
0.0357691
0.0371383
0.0384682
0.0397518
0.0409889
0.0421724
0.0433106
0.0443979
0.0454592
0.0464819
0.0475195
0.0485351
0.049655
0.0507712
0.0521863
0.0535855
0.0557277
0.0577004
0.0614943
0.0643942
0.0714878
0.0742648
0.297095
0.157289
0.0974794
0.0760688
0.0650557
0.0495187
0.0280789
0.0126438
0.006104
0.00450891
0.00423034
0.00441426
0.00477254
0.00524516
0.00580519
0.00646691
0.00724187
0.00813203
0.00912551
0.0102059
0.0113569
0.012565
0.0138203
0.0151161
0.0164477
0.0178121
0.0192073
0.0206322
0.0220832
0.0235512
0.0250334
0.0265264
0.0280252
0.029526
0.0310215
0.0325063
0.0339741
0.0354168
0.036826
0.0381938
0.0395156
0.040784
0.0419987
0.0431523
0.0442528
0.0452944
0.0463009
0.0472607
0.0482267
0.0491639
0.0501962
0.0512195
0.052531
0.0538241
0.0558436
0.0576965
0.061331
0.0640837
0.0708868
0.0734471
0.296836
0.156467
0.0954786
0.0729077
0.0638361
0.0527381
0.0337571
0.017237
0.0083651
0.00561939
0.00494315
0.00498437
0.0052791
0.00572464
0.00627174
0.00692871
0.00770518
0.00860364
0.00961207
0.0107137
0.0118911
0.0131299
0.014419
0.0157511
0.0171209
0.0185246
0.0199601
0.021426
0.0229172
0.0244239
0.0259433
0.0274714
0.0290027
0.0305331
0.0320544
0.0335608
0.0350439
0.0364953
0.0379069
0.0392709
0.0405818
0.0418323
0.0430215
0.0441422
0.0452019
0.046195
0.0471441
0.0480388
0.0489312
0.049788
0.0507315
0.0516607
0.0528682
0.054055
0.0559523
0.0576865
0.061164
0.0637731
0.070297
0.0726604
0.296615
0.155852
0.0938363
0.0699542
0.0619016
0.0546714
0.0389865
0.0224149
0.0114165
0.00717259
0.00588299
0.00569954
0.00589264
0.00629173
0.00681422
0.00745889
0.00823135
0.00913396
0.0101541
0.0112745
0.0124764
0.0137444
0.0150662
0.0164337
0.0178408
0.0192831
0.0207583
0.0222647
0.0237948
0.0253393
0.0268946
0.0284564
0.0300185
0.0315766
0.0331216
0.0346458
0.0361408
0.037598
0.0390094
0.0403663
0.0416633
0.0428926
0.0440531
0.0451377
0.0461535
0.0470948
0.0479838
0.0488108
0.0496274
0.0504019
0.051255
0.052089
0.0531918
0.0542719
0.0560475
0.0576636
0.0609859
0.0634549
0.0697096
0.0718946
0.296427
0.155399
0.0925073
0.0672788
0.0594948
0.0553658
0.0434599
0.0278825
0.0152656
0.00929222
0.00713468
0.00660526
0.00664159
0.00696654
0.00744799
0.00806991
0.00883087
0.00973201
0.0107595
0.0118951
0.0131189
0.0144138
0.0157667
0.0171681
0.0186112
0.0200909
0.0216046
0.0231506
0.024718
0.0262987
0.0278883
0.0294819
0.0310726
0.0326561
0.0342207
0.0357593
0.037263
0.038723
0.0401307
0.0414772
0.0427567
0.0439613
0.0450896
0.0461345
0.0471028
0.0479892
0.0488151
0.0495717
0.0503102
0.0510004
0.0517615
0.0524989
0.0534964
0.0544693
0.0561233
0.057622
0.0607906
0.0631226
0.0691176
0.0711411
0.296266
0.155074
0.0914476
0.0649164
0.0568336
0.0549509
0.0469395
0.0333119
0.0198117
0.0120819
0.00879334
0.00776114
0.00756252
0.00777415
0.00819185
0.00877675
0.00951612
0.0104083
0.0114373
0.0125836
0.0138255
0.0151445
0.0165259
0.0179591
0.0194362
0.0209516
0.022502
0.024086
0.0256888
0.0273037
0.0289254
0.0305483
0.0321651
0.0337693
0.0353502
0.0368997
0.0384088
0.0398679
0.0412682
0.0426006
0.0438587
0.0450347
0.0461269
0.0471284
0.0480456
0.0488735
0.0496333
0.0503167
0.0509747
0.0515785
0.0522461
0.0528856
0.0537769
0.0546422
0.0561748
0.0575566
0.0605729
0.0627707
0.0685146
0.0703928
0.296128
0.15485
0.0906164
0.0628758
0.0541001
0.0536155
0.0492766
0.0383712
0.0248614
0.0155879
0.0109594
0.00923695
0.00870178
0.00874572
0.00906864
0.00959726
0.0103017
0.0111752
0.012198
0.013349
0.0146042
0.0159432
0.0173498
0.0188119
0.0203205
0.021869
0.0234541
0.0250737
0.0267095
0.028356
0.030007
0.0316555
0.0332941
0.0349156
0.0365092
0.038066
0.0395765
0.0410307
0.0424195
0.0437334
0.044966
0.0461091
0.0471611
0.0481151
0.0489775
0.0497433
0.0504338
0.0510411
0.0516162
0.0521314
0.0527039
0.0532443
0.0540288
0.0547861
0.0561973
0.0574627
0.0603279
0.0623944
0.0678957
0.0696434
0.296009
0.154706
0.089977
0.061147
0.0514352
0.0515805
0.05042
0.0427535
0.0301531
0.0197754
0.0137188
0.0111106
0.0101136
0.00991948
0.010106
0.0105527
0.0112047
0.0120468
0.0130537
0.0142016
0.0154638
0.0168178
0.0182451
0.0197323
0.0212691
0.0228477
0.0244645
0.0261167
0.0277823
0.0294567
0.0311328
0.0328033
0.03446
0.0360948
0.0376969
0.0392568
0.0407642
0.042209
0.0435817
0.0448726
0.0460751
0.0471809
0.0481882
0.0490905
0.049894
0.0505942
0.0512119
0.0517403
0.05223
0.0526548
0.0531305
0.0535707
0.0542477
0.0548966
0.0561868
0.0573363
0.0600518
0.0619898
0.0672563
0.0688876
0.295906
0.154624
0.089497
0.0597087
0.0489392
0.0490741
0.0504135
0.0462036
0.0353837
0.0245233
0.0171192
0.0134603
0.0118591
0.0113388
0.0113366
0.0116684
0.0122453
0.0130394
0.0140179
0.015153
0.0164143
0.0177767
0.0192193
0.0207269
0.0222875
0.0238923
0.0255368
0.0272169
0.0289086
0.0306069
0.0323041
0.0339923
0.0356627
0.0373064
0.0389124
0.0404704
0.04197
0.0434005
0.0447521
0.0460151
0.0471825
0.0482461
0.0492042
0.0500504
0.0507909
0.0514216
0.0519633
0.0524099
0.0528117
0.053144
0.0535216
0.0538606
0.0544295
0.05497
0.0561393
0.0571738
0.0597408
0.0615533
0.0665926
0.0681208
0.295817
0.154591
0.0891484
0.0585324
0.0466757
0.0463104
0.0493824
0.0485405
0.0402358
0.0296338
0.0211486
0.0163508
0.0140023
0.0130525
0.0127968
0.0129722
0.0134459
0.0141717
0.0151063
0.0162163
0.0174667
0.0188293
0.0202802
0.021802
0.0233809
0.0250068
0.0266746
0.0283778
0.0300909
0.0318083
0.0335219
0.035223
0.0369021
0.0385497
0.0401544
0.0417054
0.0431918
0.0446026
0.0459278
0.0471574
0.0482846
0.049301
0.050205
0.0509905
0.0516637
0.052221
0.0526834
0.0530452
0.0533569
0.0535948
0.053873
0.0541098
0.0545703
0.0550025
0.0560514
0.0569718
0.0593918
0.0610817
0.0659013
0.0673391
0.295739
0.154596
0.0889075
0.0575873
0.044678
0.043474
0.0475126
0.0496742
0.0444053
0.0348497
0.0257241
0.0198163
0.0166029
0.0151122
0.014527
0.0144953
0.0148313
0.0154637
0.0163355
0.0174054
0.0186329
0.0199855
0.0214362
0.0229648
0.0245555
0.0261965
0.027882
0.0296025
0.0313316
0.0330628
0.0347874
0.0364959
0.0381782
0.039824
0.0414217
0.0429599
0.0444272
0.0458125
0.0471055
0.0482961
0.0493775
0.0503414
0.0511862
0.0519062
0.0525079
0.052988
0.0533676
0.0536418
0.053861
0.0540029
0.0541804
0.0543146
0.0546665
0.0549907
0.0559197
0.0567273
0.0590018
0.0605725
0.0651794
0.0665389
0.295671
0.154629
0.0887538
0.056842
0.0429559
0.0407117
0.0450244
0.0496104
0.0476307
0.0398772
0.0306912
0.0238442
0.0197053
0.017568
0.0165693
0.0162713
0.0164284
0.0169374
0.0177235
0.0187354
0.0199254
0.0212561
0.0226964
0.0242229
0.0258174
0.0274664
0.0291634
0.0308944
0.0326331
0.034372
0.0361014
0.0378111
0.0394904
0.0411283
0.0427126
0.0442316
0.0456737
0.0470271
0.0482818
0.0494274
0.0504572
0.051363
0.0521435
0.0527932
0.0533189
0.0537178
0.0540113
0.0541951
0.0543198
0.054364
0.05444
0.054471
0.0547145
0.0549312
0.0557413
0.0564375
0.0585683
0.0600231
0.0644244
0.0657171
0.295612
0.154684
0.0886706
0.0562668
0.041502
0.0381298
0.0421464
0.0484465
0.049718
0.0444094
0.0358328
0.0283638
0.0233256
0.0204614
0.0189648
0.0183352
0.0182658
0.0186162
0.0192897
0.0202223
0.0213577
0.0226523
0.0240701
0.0255841
0.0271732
0.0288218
0.030523
0.0322566
0.0339977
0.0357372
0.0374645
0.0391686
0.040838
0.042461
0.0440252
0.0455183
0.0469282
0.0482432
0.049453
0.0505473
0.0515194
0.0523614
0.0530721
0.0536466
0.0540919
0.0544057
0.0546098
0.0547007
0.0547288
0.054674
0.0546476
0.0545754
0.0547107
0.0548209
0.0555133
0.0560998
0.0580889
0.0594315
0.0636341
0.0648711
0.29556
0.154754
0.0886435
0.0558345
0.0402981
0.0357963
0.039093
0.046355
0.0505616
0.0481541
0.0408848
0.0332427
0.0274396
0.0238161
0.0217487
0.0207203
0.0203722
0.0205241
0.0210542
0.021883
0.0229438
0.0241856
0.0255669
0.0270564
0.0286294
0.030268
0.0319647
0.033692
0.0354273
0.0371596
0.038877
0.0405679
0.0422199
0.0438206
0.0453572
0.0468169
0.0481876
0.0494571
0.0506151
0.0516515
0.0525595
0.0533318
0.0539673
0.0544616
0.054822
0.055047
0.0551585
0.0551539
0.0550835
0.0549287
0.0547994
0.054624
0.0546518
0.0546567
0.0552328
0.0557118
0.0575616
0.0587957
0.0628065
0.0639982
0.295514
0.154836
0.0886606
0.0555207
0.0393195
0.0337462
0.0360471
0.0435597
0.0501549
0.0508609
0.045555
0.0382898
0.0319737
0.0276282
0.0249434
0.0234549
0.0227744
0.0226845
0.0230367
0.023734
0.0246976
0.0258678
0.0271966
0.0286476
0.0301923
0.0318099
0.0334915
0.0352031
0.0369236
0.0386397
0.0403388
0.0420081
0.0436344
0.0452047
0.0467058
0.0481243
0.049448
0.0506645
0.0517636
0.0527352
0.0535728
0.0542692
0.0548239
0.055233
0.0555042
0.0556366
0.0556525
0.0555501
0.0553796
0.0551238
0.0548914
0.0546134
0.0545346
0.0544358
0.0548973
0.0552713
0.0569842
0.0581142
0.0619398
0.0630965
0.295474
0.154924
0.0887121
0.0553045
0.0385386
0.0319888
0.0331503
0.0403078
0.0485898
0.052348
0.0495471
0.0432655
0.0368007
0.0318571
0.0285516
0.0265575
0.0254943
0.0251184
0.025256
0.0257914
0.0266326
0.02771
0.0289682
0.0303651
0.0318676
0.033452
0.0351067
0.0367921
0.0384874
0.0401778
0.0418491
0.0434876
0.0450793
0.0466106
0.0480675
0.0494366
0.0507052
0.051861
0.0528937
0.0537934
0.0545538
0.0551684
0.0556367
0.0559555
0.0561332
0.0561694
0.0560868
0.0558844
0.0556126
0.0552552
0.0549197
0.05454
0.0543559
0.0541553
0.0545044
0.0547761
0.0563552
0.0573854
0.0610325
0.0621639
0.295439
0.155018
0.0887896
0.0551675
0.0379279
0.0305146
0.0305006
0.0368415
0.0460444
0.0525243
0.0525869
0.0478966
0.0417412
0.0364185
0.0325482
0.0300307
0.0285452
0.0278418
0.0277276
0.0280692
0.0287608
0.0297224
0.0308901
0.0322155
0.0336605
0.0351979
0.0368126
0.03846
0.040119
0.0417729
0.0434063
0.0450041
0.0465517
0.0480346
0.0494384
0.0507493
0.0519544
0.0530414
0.0539999
0.0548205
0.0554971
0.0560235
0.0563999
0.0566237
0.0567036
0.0566401
0.0564564
0.0561523
0.055778
0.0553187
0.0548807
0.0544002
0.0541126
0.0538125
0.0540518
0.0542244
0.0556729
0.056608
0.0600833
0.0611988
0.295408
0.155113
0.0888864
0.0550943
0.037461
0.0293021
0.0281547
0.0333752
0.0427592
0.0514013
0.05445
0.0518964
0.046571
0.0411812
0.0368732
0.0338554
0.0319272
0.0308626
0.030462
0.030578
0.0310919
0.0319131
0.0329689
0.034204
0.0355749
0.0370504
0.0386107
0.0402071
0.0418176
0.0434236
0.0450079
0.0465546
0.0480478
0.0494724
0.0508137
0.0520572
0.05319
0.0541998
0.0550764
0.0558105
0.0563965
0.0568286
0.0571076
0.0572315
0.0572097
0.0570434
0.0567562
0.0563488
0.0558712
0.0553102
0.0547704
0.0541908
0.0538016
0.0534049
0.0535372
0.0536145
0.0549358
0.0557808
0.0590909
0.0601996
0.29538
0.155209
0.0889969
0.0550719
0.0371139
0.0283229
0.026135
0.0300793
0.0390067
0.0490951
0.0549883
0.0549875
0.0510325
0.0459685
0.0414277
0.0379846
0.0356222
0.0341772
0.0334619
0.0333229
0.0336316
0.0342873
0.035209
0.0363339
0.0376127
0.0390106
0.0405007
0.0420322
0.0435812
0.0451268
0.0466505
0.0481347
0.0495628
0.0509189
0.0521876
0.0533544
0.0544059
0.05533
0.0561167
0.0567569
0.0572455
0.0575773
0.0577535
0.0577731
0.0576457
0.0573737
0.0569809
0.056469
0.0558878
0.0552256
0.0545851
0.0539085
0.0534202
0.0529299
0.0529587
0.0529445
0.0541427
0.0549029
0.0580544
0.059165
0.295356
0.155303
0.0891163
0.0550893
0.0368654
0.0275462
0.0244378
0.0270733
0.0350584
0.0458132
0.0541514
0.0569291
0.0548515
0.0505638
0.0460712
0.0423387
0.0395889
0.0377659
0.0367191
0.0363013
0.0363797
0.036846
0.0376112
0.0386055
0.0397737
0.0410774
0.0424808
0.0439325
0.045406
0.0468783
0.0483289
0.049739
0.0510908
0.0523676
0.0535536
0.0546338
0.0555949
0.0564247
0.0571135
0.0576525
0.058037
0.0582626
0.058331
0.0582419
0.0580056
0.0576253
0.0571252
0.056508
0.0558232
0.0550606
0.0543211
0.0535499
0.0529655
0.0523853
0.0523141
0.0522131
0.0532924
0.0539734
0.0569729
0.0580938
0.295335
0.155395
0.0892411
0.0551373
0.0366972
0.0269416
0.0230416
0.0244268
0.0311565
0.0418298
0.0519985
0.0575444
0.0577585
0.054721
0.0506243
0.0468021
0.0437584
0.0415892
0.0402112
0.0395007
0.0393289
0.0395842
0.0401717
0.0410155
0.0420545
0.0432472
0.0445463
0.045903
0.0472867
0.0486721
0.0500368
0.0513605
0.0526244
0.053811
0.0549038
0.0558877
0.0567491
0.057476
0.0580589
0.0584895
0.0587635
0.0588773
0.058833
0.0586313
0.058283
0.0577923
0.0571836
0.0564607
0.0556729
0.0548113
0.053975
0.0531119
0.0524347
0.0517688
0.0516019
0.0514188
0.0523839
0.0529915
0.0558457
0.0569851
0.295316
0.155485
0.0893683
0.0552082
0.0365936
0.0264805
0.0219151
0.0221662
0.0274922
0.0374509
0.0486971
0.0567458
0.0595131
0.0581791
0.0548733
0.0512236
0.0480315
0.045584
0.0438984
0.0428951
0.0424617
0.0424894
0.042881
0.0435557
0.0444474
0.0455112
0.04669
0.0479359
0.0492152
0.0504999
0.0517656
0.0529906
0.0541549
0.05524
0.0562292
0.0571068
0.0578594
0.0584749
0.0589442
0.0592594
0.0594169
0.0594134
0.0592521
0.0589342
0.0584714
0.0578685
0.0571505
0.0563222
0.0554323
0.0544736
0.053543
0.0525916
0.0518255
0.0510784
0.0508203
0.0505604
0.0514163
0.0519567
0.0546723
0.0558378
0.2953
0.155571
0.0894957
0.0552959
0.0365413
0.0261373
0.021022
0.020285
0.0241965
0.0329765
0.0445067
0.0545541
0.0599314
0.0606817
0.0585811
0.0554187
0.0522768
0.0496608
0.04772
0.0464429
0.0457485
0.0455398
0.0457218
0.0462117
0.0469399
0.0478576
0.0489006
0.0500207
0.0511809
0.052351
0.0535047
0.0546185
0.0556714
0.0566441
0.0575193
0.058281
0.0589157
0.0594116
0.0597599
0.0599531
0.0599883
0.0598628
0.0595805
0.0591435
0.0585641
0.057848
0.0570204
0.0560873
0.055097
0.0540436
0.0530218
0.051986
0.0511353
0.050312
0.0499678
0.0496369
0.050389
0.0508685
0.0534522
0.0546513
0.295285
0.155653
0.0896215
0.0553952
0.0365293
0.02589
0.020326
0.0187546
0.02134
0.0286674
0.0397482
0.0511055
0.0589124
0.0620001
0.0615001
0.0591756
0.0563325
0.0537022
0.0515924
0.0500843
0.0491455
0.048702
0.0486677
0.0489619
0.0495134
0.05027
0.0511628
0.0521426
0.05317
0.0542121
0.0552409
0.0562315
0.0571615
0.058011
0.058762
0.0593984
0.0599067
0.0602752
0.0604955
0.0605607
0.0604683
0.0602166
0.05981
0.0592516
0.058554
0.0577242
0.0567876
0.0557511
0.0546624
0.0535174
0.0524081
0.0512923
0.0503619
0.049468
0.0490432
0.0486474
0.0493015
0.0497268
0.0521852
0.0534252
0.295272
0.155732
0.0897444
0.0555019
0.0365483
0.0257197
0.0197933
0.017534
0.0189417
0.0247207
0.0347632
0.0466442
0.0564607
0.0619593
0.0633915
0.0622659
0.0600097
0.0575629
0.0554073
0.0537387
0.0525922
0.0519293
0.0516818
0.0517759
0.052142
0.0527258
0.0534562
0.054283
0.0551647
0.0560664
0.0569583
0.0578141
0.0586104
0.0593264
0.0599436
0.060446
0.0608198
0.0610537
0.0611396
0.0610714
0.060847
0.0604655
0.059932
0.0592504
0.0584341
0.0574908
0.0564462
0.0553084
0.0541242
0.0528913
0.0516988
0.0505081
0.0495033
0.0485447
0.0480454
0.0475912
0.0481533
0.0485313
0.0508713
0.0521588
0.295261
0.155807
0.0898635
0.0556129
0.0365907
0.0256104
0.0193934
0.0165776
0.0169826
0.0212595
0.0298708
0.0414976
0.0526988
0.0604651
0.0640464
0.0644579
0.0631004
0.0610732
0.0590321
0.0573043
0.0560098
0.0551603
0.0547147
0.054613
0.0547916
0.0551954
0.0557544
0.0564179
0.057143
0.0578934
0.0586376
0.0593481
0.0600007
0.0605738
0.0610486
0.0614088
0.0616409
0.0617339
0.0616799
0.0614736
0.0611135
0.0605996
0.0599374
0.0591319
0.0581969
0.0571413
0.0559907
0.0547542
0.0534782
0.0521616
0.0508909
0.0496308
0.0485577
0.0475409
0.0469734
0.0464679
0.0469444
0.0472822
0.0495104
0.0508521
0.295251
0.155877
0.0899781
0.0557255
0.0366502
0.0255491
0.0191004
0.0158405
0.0154193
0.0183367
0.0253303
0.036036
0.0478659
0.0575268
0.0633122
0.0655347
0.0653875
0.0640435
0.0623117
0.0606576
0.0593009
0.0583172
0.0577036
0.0574215
0.0574184
0.0576415
0.0580246
0.058518
0.0590785
0.0596686
0.0602561
0.0608124
0.0613126
0.0617346
0.0620593
0.0622705
0.0623547
0.0623013
0.0621031
0.0617551
0.0612567
0.0606085
0.0598169
0.0588876
0.0578351
0.056669
0.0554152
0.0540837
0.0527201
0.051325
0.0499817
0.0486585
0.0475234
0.0464555
0.0458267
0.0452771
0.0456749
0.0459798
0.048103
0.0495049
0.295242
0.155944
0.0900879
0.0558379
0.0367219
0.025525
0.0188921
0.0152815
0.0141966
0.0159475
0.0213182
0.030624
0.0422979
0.0532738
0.0611178
0.0653162
0.0666593
0.0662731
0.0650728
0.0636554
0.062349
0.0613055
0.0605713
0.0601375
0.0599685
0.0600178
0.0602266
0.0605477
0.0609389
0.061363
0.0617872
0.0621824
0.0625233
0.0627877
0.0629562
0.0630128
0.0629442
0.0627404
0.0623946
0.0619026
0.0612644
0.0604814
0.0595608
0.058509
0.057341
0.0560674
0.0547141
0.0532922
0.0518461
0.0503783
0.0489686
0.0475891
0.0463992
0.0452876
0.0446048
0.0440189
0.044345
0.0446245
0.0466494
0.0481173
0.295234
0.156007
0.0901925
0.0559485
0.0368017
0.025529
0.0187506
0.0148649
0.0132569
0.014048
0.0179231
0.0255723
0.0363889
0.0479559
0.0574975
0.0636836
0.0667283
0.0675619
0.0671306
0.066138
0.0650205
0.0640146
0.0632259
0.062684
0.0623771
0.0622692
0.0623124
0.0624647
0.0626869
0.0629428
0.0632001
0.06343
0.0636072
0.0637093
0.0637175
0.0636156
0.0633911
0.0630343
0.0625392
0.0619022
0.0611241
0.0602071
0.059159
0.0579871
0.056707
0.0553299
0.0538818
0.0523749
0.0508525
0.0493186
0.0478496
0.0464213
0.0451842
0.0440369
0.0433078
0.0426935
0.0429554
0.0432171
0.0451504
0.0466896
0.295227
0.156066
0.090292
0.0560564
0.0368864
0.0255542
0.018661
0.0145606
0.012546
0.0125724
0.0151563
0.0211028
0.0305379
0.0419267
0.0526065
0.0606046
0.0654522
0.0677256
0.0682987
0.0679354
0.0671676
0.066319
0.0655617
0.0649718
0.064568
0.0643307
0.0642257
0.0642198
0.0642786
0.0643689
0.0644598
0.0645235
0.0645353
0.0644733
0.064319
0.0640571
0.0636754
0.063165
0.0625205
0.0617393
0.0608227
0.059774
0.0586014
0.0573133
0.0559255
0.0544501
0.0529132
0.0513278
0.049736
0.0481433
0.0466229
0.0451539
0.0438777
0.0427032
0.041936
0.0413016
0.0415069
0.0417584
0.0436069
0.0452224
0.295221
0.156122
0.0903862
0.0561607
0.0369737
0.0255947
0.0186112
0.0143439
0.0120162
0.0114484
0.0129728
0.0173337
0.0250936
0.035604
0.0467226
0.0561556
0.0627584
0.0666148
0.0684022
0.0688755
0.0686337
0.0680814
0.0674604
0.0668995
0.0664545
0.0661277
0.0659021
0.0657567
0.0656646
0.0655972
0.0655269
0.0654275
0.0652756
0.0650506
0.0647348
0.0643136
0.0637758
0.0631132
0.0623213
0.0613984
0.0603467
0.0591701
0.0578777
0.0564786
0.054989
0.0534219
0.0518031
0.0501467
0.0484934
0.0468505
0.0452871
0.0437862
0.0424797
0.0412868
0.04049
0.0398442
0.0400006
0.0402498
0.0420202
0.0437162
0.295215
0.156174
0.0904753
0.056261
0.0370616
0.0256461
0.0185916
0.0141948
0.0116278
0.0106063
0.0112951
0.014287
0.0203082
0.0294138
0.0402278
0.0505362
0.0586683
0.0641366
0.0672939
0.0687954
0.0692608
0.0691576
0.0687945
0.068356
0.06794
0.0675769
0.0672692
0.0670121
0.0667891
0.0665787
0.0663575
0.0661027
0.0657932
0.0654099
0.0649366
0.0643598
0.0636695
0.0628587
0.0619237
0.0608639
0.0596822
0.0583836
0.0569776
0.0554743
0.0538903
0.0522393
0.050547
0.0488282
0.0471225
0.0454384
0.0438413
0.042318
0.0409905
0.0397885
0.038971
0.0383225
0.0384383
0.0386927
0.0403916
0.0421721
0.295211
0.156223
0.0905593
0.0563569
0.0371488
0.0257047
0.0185947
0.0140975
0.0113481
0.00998457
0.0100341
0.0119119
0.0163151
0.0237269
0.0335661
0.0440672
0.0533169
0.0602781
0.0648739
0.067556
0.0688995
0.0694035
0.0694318
0.0692231
0.0689202
0.0685871
0.0682473
0.0679162
0.0675909
0.067259
0.0669037
0.0665067
0.0660501
0.0655173
0.0648941
0.0641689
0.0633329
0.0623805
0.0613093
0.0601195
0.0588153
0.0574023
0.055891
0.0542921
0.0526225
0.0508969
0.0491407
0.0473693
0.0456211
0.043906
0.0422853
0.0407496
0.0394109
0.0382096
0.0373806
0.0367384
0.0368217
0.037089
0.0387229
0.0405913
0.295206
0.156268
0.0906384
0.0564482
0.0372343
0.0257678
0.0186142
0.0140395
0.0111514
0.00953206
0.00910303
0.0101151
0.013134
0.0188053
0.0271814
0.0371681
0.046963
0.0551286
0.0611119
0.0650596
0.0674225
0.0686842
0.0692417
0.0693801
0.0692863
0.0690618
0.0687514
0.0683943
0.0680041
0.0675802
0.0671142
0.0665939
0.0660059
0.065337
0.0645758
0.0637128
0.0627412
0.061657
0.0604591
0.0591491
0.057732
0.0562147
0.0546081
0.052924
0.0511795
0.0493901
0.0475807
0.0457679
0.0439882
0.0422531
0.0406197
0.0390823
0.0377427
0.036552
0.0357211
0.0350942
0.0351533
0.035441
0.0370163
0.0389751
0.295203
0.156311
0.0907127
0.056535
0.0373174
0.0258333
0.0186455
0.0140107
0.0110174
0.00920769
0.00842583
0.00878835
0.0106986
0.0147757
0.0214473
0.0303075
0.0399821
0.0488961
0.0560689
0.06127
0.0647396
0.0668857
0.0681041
0.0687103
0.0689295
0.0689018
0.0686928
0.0683677
0.0679592
0.0674808
0.0669347
0.0663164
0.0656183
0.0648318
0.0639489
0.0629629
0.0618695
0.0606665
0.0593545
0.0579366
0.056419
0.0548095
0.0531199
0.0513628
0.0495557
0.0477147
0.0458646
0.0440225
0.0422235
0.0404802
0.0388457
0.0373177
0.0359881
0.0348183
0.0339951
0.0333926
0.0334359
0.0337513
0.0352741
0.0373253
0.295199
0.156351
0.0907824
0.0566171
0.0373975
0.0258997
0.0186849
0.0140036
0.0109303
0.00897933
0.00793986
0.0078272
0.00889422
0.0116364
0.0166093
0.0239331
0.0328337
0.0419106
0.0499163
0.0562335
0.0608173
0.0639301
0.0659205
0.067109
0.067747
0.06801
0.0679832
0.0677571
0.0673853
0.0668979
0.0663096
0.0656251
0.0648442
0.0639638
0.0629801
0.0618903
0.0606927
0.0593875
0.0579773
0.0564668
0.0548635
0.0531764
0.0514182
0.0496023
0.0477467
0.045868
0.0439908
0.0421329
0.0403276
0.038589
0.0369655
0.0354588
0.0341503
0.0330119
0.0322061
0.0316371
0.031673
0.032023
0.0334994
0.0356441
0.295196
0.156388
0.0908477
0.0566946
0.0374742
0.0259658
0.0187297
0.0140122
0.0108782
0.00882233
0.00759582
0.00714148
0.00759135
0.00929249
0.0127592
0.0183947
0.0260008
0.0346056
0.0429462
0.0500994
0.055698
0.0597919
0.0626274
0.0644942
0.0656501
0.0662968
0.0665386
0.0664852
0.0662127
0.0657692
0.0651833
0.0644711
0.0636405
0.0626952
0.0616369
0.0604667
0.0591866
0.0577994
0.0563102
0.0547254
0.053054
0.0513064
0.0494963
0.0476377
0.0457493
0.0438484
0.0419592
0.0401
0.0383025
0.0365821
0.0349827
0.0335094
0.0322334
0.0311369
0.0303586
0.0298319
0.0298685
0.0302596
0.0316953
0.0339337
0.295193
0.156422
0.0909087
0.0567676
0.0375475
0.0260307
0.0187777
0.014032
0.0108517
0.00871796
0.00735597
0.0066586
0.00666905
0.00760156
0.00985133
0.0138873
0.0199089
0.0274719
0.0355633
0.0431324
0.04952
0.0545176
0.0582121
0.060819
0.0625743
0.0636865
0.0642853
0.0644822
0.0643766
0.0640356
0.0635032
0.0628075
0.061966
0.0609903
0.0598882
0.0586657
0.0573288
0.0558837
0.0543379
0.0527001
0.050981
0.0491924
0.047349
0.045466
0.0435624
0.0416562
0.0397712
0.0379265
0.0361519
0.0344638
0.0329019
0.0314745
0.0302426
0.0291987
0.0284576
0.0279817
0.0280271
0.0284653
0.0298657
0.0321971
0.295191
0.156454
0.0909655
0.0568361
0.037617
0.0260939
0.0188274
0.0140596
0.0108438
0.0086521
0.007192
0.00632277
0.00602604
0.00641352
0.00774974
0.0104367
0.0148466
0.0209807
0.0282506
0.0357127
0.0425322
0.0482439
0.052731
0.056087
0.0584914
0.0601358
0.061169
0.0616912
0.0618217
0.0616456
0.0612222
0.0605921
0.0597837
0.0588167
0.0577061
0.0564636
0.0550996
0.0536241
0.0520475
0.0503811
0.0486372
0.0468295
0.0449737
0.0430863
0.0411867
0.0392936
0.0374304
0.0356169
0.033881
0.0322401
0.0307295
0.0293607
0.0281846
0.0272037
0.0265093
0.0260923
0.0261541
0.0266448
0.0280148
0.0304375
0.295189
0.156483
0.0910185
0.0569003
0.0376828
0.0261547
0.0188775
0.0140923
0.0108493
0.00861422
0.00708292
0.00609242
0.00558329
0.00559498
0.00628254
0.00793355
0.0109191
0.0154934
0.0215018
0.0283102
0.035097
0.0412134
0.0463267
0.0503688
0.0534237
0.055638
0.0571629
0.058076
0.0585085
0.0585597
0.0583027
0.0577908
0.0570628
0.0561479
0.0550682
0.0538417
0.0524839
0.0510088
0.0494303
0.0477621
0.0460189
0.0442162
0.042371
0.0405009
0.0386258
0.0367655
0.0349428
0.033178
0.0314972
0.0299188
0.0284735
0.027176
0.0260672
0.0251594
0.024521
0.0241705
0.0242559
0.0248035
0.0261476
0.0286585
0.295187
0.15651
0.0910676
0.0569604
0.0377449
0.026213
0.0189272
0.0141282
0.0108641
0.00859649
0.00701331
0.00593715
0.00528195
0.00503914
0.00528414
0.00619545
0.0080581
0.0111886
0.015728
0.0214261
0.027672
0.0337788
0.0392431
0.0438186
0.0474598
0.0502362
0.052279
0.0536299
0.0544202
0.0547564
0.0547221
0.0543813
0.0537833
0.052966
0.0519593
0.0507879
0.0494724
0.0480314
0.0464822
0.0448417
0.0431269
0.0413552
0.039545
0.0377154
0.035887
0.0340801
0.0323174
0.0306194
0.0290106
0.0275101
0.0261442
0.0249304
0.0239003
0.0230749
0.0225013
0.0222239
0.0223395
0.0229475
0.0242696
0.0268643
0.295185
0.156535
0.0911131
0.0570164
0.0378033
0.0262685
0.0189759
0.0141659
0.0108854
0.00859313
0.00697193
0.00583504
0.00507948
0.00466603
0.00461699
0.00502774
0.00608242
0.00804481
0.011167
0.0155015
0.0207581
0.0263887
0.0318306
0.0366883
0.04077
0.0440398
0.0465804
0.0483868
0.0495722
0.0502401
0.0504783
0.0503587
0.049939
0.0492654
0.0483753
0.0472995
0.0460644
0.0446929
0.0432064
0.0416247
0.0399675
0.0382542
0.0365051
0.0347403
0.0329814
0.0312494
0.0295667
0.0279541
0.0264344
0.025027
0.0237544
0.0226363
0.0216954
0.0209612
0.0204601
0.0202614
0.0204131
0.0210838
0.0223871
0.0250596
0.295184
0.156557
0.0911551
0.0570685
0.037858
0.0263212
0.019023
0.0142042
0.0109109
0.00859986
0.00695061
0.00577041
0.00494569
0.00441824
0.00417692
0.00426119
0.00477316
0.00588882
0.0078387
0.0108143
0.0148106
0.0195402
0.0245333
0.0293321
0.0336193
0.0372389
0.0401945
0.0424332
0.0440227
0.0450494
0.0455975
0.0457413
0.0455437
0.0450574
0.0443261
0.0433864
0.04227
0.0410044
0.0396146
0.0381238
0.0365543
0.0349278
0.0332663
0.0315915
0.0299256
0.0282903
0.0267078
0.0251991
0.0237852
0.0224859
0.0213196
0.0203084
0.0194664
0.0188309
0.0184092
0.0182935
0.018486
0.0192202
0.020507
0.0232498
0.295182
0.156578
0.0911938
0.0571169
0.0379092
0.0263708
0.0190682
0.0142424
0.010939
0.00861354
0.00694342
0.00573211
0.00485946
0.00425573
0.00388958
0.0037657
0.00393034
0.00448228
0.00557927
0.00741422
0.0101292
0.0136914
0.0178428
0.0221932
0.0263705
0.0301153
0.0333227
0.0359219
0.0378844
0.0392682
0.040143
0.0405781
0.0406369
0.0403751
0.0398406
0.0390748
0.0381138
0.0369893
0.0357298
0.0343617
0.0329101
0.0313989
0.0298517
0.0282919
0.0267423
0.0252254
0.023763
0.0223762
0.021084
0.0199068
0.018859
0.0179645
0.0172297
0.0166989
0.016362
0.0163319
0.0165687
0.0173656
0.0186372
0.0214408
0.295181
0.156597
0.0912292
0.0571616
0.0379568
0.0264175
0.0191113
0.0142799
0.0109684
0.00863185
0.00694609
0.00571222
0.00480607
0.00415101
0.00370384
0.00344879
0.00339789
0.0035967
0.00413317
0.00514105
0.00677638
0.00914561
0.0122106
0.0157569
0.0194687
0.0230442
0.0262813
0.0290901
0.0313388
0.0330368
0.0342252
0.0349578
0.0352913
0.0352796
0.0349718
0.0344118
0.0336386
0.0326872
0.0315892
0.030374
0.029069
0.0277003
0.0262934
0.0248727
0.023462
0.0220843
0.0207608
0.0195127
0.0183572
0.0173144
0.0163956
0.0156257
0.0150048
0.0145825
0.014334
0.0143901
0.0146733
0.0155299
0.0167865
0.0196393
0.29518
0.156613
0.0912616
0.0572028
0.038001
0.0264611
0.0191521
0.0143161
0.0109983
0.00865307
0.00695549
0.00570511
0.00477531
0.00408541
0.00358536
0.00324785
0.00306537
0.00305152
0.00324593
0.00372115
0.00458447
0.00595868
0.00792658
0.0104592
0.0133911
0.0164741
0.019472
0.0222625
0.0246456
0.0265634
0.028012
0.0290178
0.0296212
0.0298678
0.0298032
0.0294705
0.0289098
0.0281576
0.0272478
0.0262118
0.0250791
0.0238779
0.0226349
0.0213758
0.0201247
0.0189051
0.0177376
0.016643
0.0156368
0.0147387
0.0139569
0.0133174
0.0128143
0.0125021
0.0123433
0.0124836
0.0128132
0.0137244
0.0149647
0.0178529
0.295179
0.156628
0.091291
0.0572407
0.0380419
0.0265018
0.0191905
0.0143508
0.0110279
0.00867593
0.00696934
0.00570676
0.00476009
0.00404626
0.00351138
0.00312176
0.00285931
0.00272011
0.00271564
0.00287659
0.00325796
0.00394064
0.00501826
0.00655803
0.00854725
0.0108694
0.0133418
0.0158408
0.0181461
0.0201318
0.0217389
0.0229539
0.0237911
0.0242797
0.0244555
0.0243567
0.024021
0.0234846
0.0227819
0.0219455
0.021006
0.0199929
0.0189339
0.0178554
0.0167817
0.0157362
0.0147388
0.0138095
0.0129621
0.0122158
0.0115761
0.0110691
0.0106848
0.010481
0.0104103
0.01063
0.0110038
0.0119616
0.0131828
0.0160897
0.295178
0.156642
0.0913175
0.0572753
0.0380796
0.0265395
0.0192265
0.0143838
0.0110568
0.0086995
0.00698599
0.00571432
0.00475547
0.004025
0.00346687
0.00304395
0.00273265
0.00252001
0.00240287
0.00238872
0.0024982
0.00276876
0.00325651
0.00402924
0.00514205
0.00659933
0.00833231
0.0102732
0.0122516
0.014102
0.0157139
0.0170283
0.0180243
0.0187065
0.0190941
0.0192148
0.0191001
0.0187826
0.0182949
0.0176692
0.0169362
0.0161254
0.0152649
0.0143811
0.0134979
0.0126381
0.0118205
0.011064
0.0103809
0.00978913
0.00929216
0.00891584
0.00864743
0.00854612
0.00855863
0.00884914
0.00926227
0.0102555
0.0114531
0.014359
0.295177
0.156653
0.0913412
0.0573067
0.0381143
0.0265745
0.01926
0.0144148
0.0110846
0.00872307
0.00700423
0.00572571
0.00475798
0.00401579
0.00344191
0.0029974
0.00265586
0.00239993
0.00221941
0.00211053
0.00207631
0.00212793
0.00228707
0.00258778
0.00307441
0.00378953
0.00475097
0.0059714
0.00739838
0.00888878
0.0103112
0.0115698
0.012607
0.0133968
0.0139357
0.0142351
0.0143151
0.0142014
0.0139218
0.0135056
0.0129817
0.0123786
0.0117231
0.0110408
0.0103545
0.00968568
0.00905153
0.00846946
0.00795012
0.00750993
0.00715102
0.00689823
0.00673774
0.00672853
0.00681505
0.00716369
0.00760807
0.008622
0.00978907
0.0126711
0.295176
0.156663
0.0913623
0.0573352
0.0381459
0.0266066
0.0192911
0.014444
0.011111
0.00874616
0.00702315
0.00573944
0.00476516
0.0040146
0.00342988
0.00297114
0.00261056
0.00232871
0.00211222
0.00195238
0.00184452
0.00178782
0.0017859
0.00184786
0.00198968
0.00223473
0.00261061
0.00315981
0.00394045
0.00489724
0.00593583
0.00695751
0.00788228
0.00865653
0.00925144
0.00965772
0.00988006
0.0099325
0.00983495
0.00961077
0.00928478
0.00888222
0.00842741
0.00794355
0.00745131
0.00696989
0.00651453
0.00610051
0.00573684
0.00543811
0.00520574
0.00506287
0.00499647
0.00506325
0.00520971
0.00559895
0.00606278
0.00707846
0.00820584
0.0110372
0.295176
0.156671
0.0913807
0.0573607
0.0381746
0.0266361
0.0193198
0.0144711
0.0111359
0.00876841
0.00704213
0.00575444
0.00477528
0.00401867
0.00342638
0.00295806
0.00258523
0.00228752
0.0020502
0.00186258
0.00171701
0.00160821
0.00153292
0.00148981
0.00147969
0.00150597
0.00157541
0.00170553
0.00196639
0.00237897
0.00292753
0.00356198
0.00421688
0.00483111
0.00535861
0.00577087
0.0060551
0.00621093
0.00624686
0.00617735
0.00602031
0.00579543
0.00552244
0.00522059
0.00490711
0.00459797
0.0043058
0.00404321
0.00381761
0.00364135
0.00351588
0.00346185
0.00346894
0.00358934
0.00377612
0.00418309
0.00465039
0.00564431
0.00672008
0.00946958
0.295175
0.156677
0.0913966
0.0573834
0.0382006
0.0266629
0.0193461
0.0144962
0.0111593
0.00878956
0.0070607
0.00576994
0.00478709
0.00402605
0.00342839
0.00295351
0.00257262
0.00226496
0.00201523
0.00181203
0.00164672
0.00151262
0.0014045
0.00131813
0.00125003
0.00119724
0.00115712
0.00112891
0.00114012
0.00121125
0.00136095
0.00159458
0.0018973
0.00223742
0.00257702
0.0028822
0.0031287
0.00330313
0.00340164
0.00342779
0.00339024
0.00330085
0.0031728
0.00301966
0.00285393
0.00268739
0.00252942
0.0023895
0.00227343
0.00219095
0.00214407
0.00215018
0.00220323
0.00234858
0.0025504
0.00294672
0.00339704
0.00434083
0.00535012
0.0079827
0.295175
0.156682
0.0914099
0.0574033
0.0382238
0.0266872
0.0193702
0.0145192
0.0111809
0.00880945
0.00707853
0.00578537
0.00479972
0.0040354
0.00343386
0.0029544
0.0025681
0.002254
0.00199664
0.00178439
0.00160833
0.00146148
0.00133824
0.00123396
0.00114467
0.00106685
0.000997202
0.000932937
0.000879776
0.000841349
0.000823984
0.000835696
0.00088299
0.000966646
0.00107931
0.00120683
0.00133235
0.00144078
0.00152161
0.00156973
0.00158488
0.00157044
0.00153208
0.00147667
0.00141117
0.00134248
0.00127639
0.00121891
0.00117413
0.00114884
0.00114569
0.00117791
0.00124456
0.00138193
0.00156898
0.00192176
0.0023304
0.00319097
0.00411587
0.00659741
0.295174
0.156685
0.0914209
0.0574206
0.0382444
0.0267091
0.019392
0.0145403
0.0112009
0.00882798
0.00709541
0.00580036
0.00481256
0.00404576
0.00344139
0.00295867
0.00256863
0.00225027
0.00198805
0.00177032
0.00158811
0.00143447
0.00130382
0.00119165
0.00109422
0.00100839
0.000931503
0.000861482
0.000798876
0.000743146
0.000694357
0.000653263
0.000621277
0.000600121
0.00059102
0.000593706
0.000605854
0.000623368
0.000641398
0.000655554
0.000662788
0.000661764
0.000652696
0.000637013
0.000616795
0.000594552
0.000572687
0.000553931
0.000540524
0.00053619
0.000543478
0.000570768
0.000621106
0.00072002
0.000862648
0.00113827
0.00147803
0.00221871
0.00303864
0.00533043
0.295174
0.156687
0.0914294
0.0574352
0.0382625
0.0267285
0.0194116
0.0145594
0.0112191
0.00884509
0.0071112
0.00581465
0.00482517
0.00405649
0.00345
0.00296492
0.00257225
0.00225097
0.00198556
0.00176435
0.00157845
0.00142093
0.00128635
0.00117035
0.0010694
0.000980637
0.000901756
0.00083099
0.000767673
0.000710764
0.000659469
0.000613215
0.000571625
0.000534486
0.0005017
0.000473199
0.000448828
0.000428227
0.00041078
0.000395667
0.000382009
0.000369042
0.000356241
0.000343389
0.000330537
0.000317989
0.000306198
0.000295843
0.000287693
0.000283101
0.000283547
0.000292751
0.000314286
0.000362035
0.000442842
0.000617045
0.00086345
0.00144757
0.00214062
0.00420014
0.295174
0.156687
0.0914355
0.0574473
0.038278
0.0267456
0.0194291
0.0145767
0.0112357
0.00886075
0.0071258
0.00582806
0.00483726
0.00406712
0.00345904
0.00297222
0.00257765
0.00225432
0.00198673
0.00176323
0.00157497
0.0014151
0.00127824
0.00116014
0.00105741
0.000967314
0.000887675
0.000816796
0.000753615
0.000697019
0.000646107
0.000600147
0.000558544
0.000520811
0.000486549
0.000455423
0.000427144
0.000401449
0.000378088
0.000356813
0.000337383
0.000319565
0.000303157
0.000287994
0.000273967
0.000261035
0.00024924
0.00023873
0.000229785
0.000222888
0.000218758
0.000218635
0.000224383
0.00024049
0.000273902
0.000353948
0.000498435
0.000897811
0.00144411
0.00322654
0.295173
0.156686
0.0914392
0.0574568
0.0382911
0.0267605
0.0194446
0.014592
0.0112506
0.00887496
0.00713916
0.00584048
0.00484863
0.00407737
0.00346806
0.00297992
0.00258395
0.00225915
0.00199002
0.00176495
0.00157511
0.0014137
0.0012754
0.00115603
0.00105224
0.000961371
0.000881289
0.000810304
0.00074718
0.000690785
0.000640187
0.000594618
0.00055344
0.000516122
0.000482215
0.000451338
0.000423164
0.000397409
0.000373825
0.000352189
0.000332308
0.000314006
0.000297137
0.000281583
0.000267265
0.000254162
0.00024233
0.00023193
0.00022327
0.000216813
0.000213253
0.000213418
0.00021864
0.000230108
0.000251686
0.000288894
0.000364392
0.000581547
0.000971104
0.00243142
0.295173
0.156682
0.0914406
0.0574638
0.0383018
0.0267731
0.019458
0.0146056
0.0112638
0.00888773
0.00715128
0.00585185
0.00485917
0.00408702
0.00347677
0.00298762
0.0025906
0.0022647
0.00199444
0.00176825
0.00157731
0.00141484
0.00127556
0.00115532
0.00105081
0.000959406
0.000878977
0.000807832
0.000744648
0.000688282
0.000637789
0.000592385
0.000551413
0.000514325
0.000480655
0.000450007
0.000422042
0.000396466
0.000373025
0.000351497
0.00033169
0.000313438
0.000296608
0.000281106
0.000266889
0.00025399
0.000242551
0.000232851
0.000225361
0.000220738
0.000219922
0.000223926
0.000234365
0.000252033
0.000280827
0.000318564
0.000383459
0.000488283
0.000743197
0.00183913
0.295173
0.156677
0.0914395
0.0574683
0.0383101
0.0267835
0.0194694
0.0146173
0.0112755
0.00889907
0.00716214
0.00586213
0.00486881
0.00409596
0.00348496
0.00299503
0.0025972
0.00227047
0.00199938
0.00177235
0.0015806
0.00141736
0.00127737
0.0011565
0.00105146
0.000959629
0.000878893
0.000807549
0.000744232
0.000687791
0.000637273
0.000591884
0.000550959
0.000513939
0.00048035
0.000449788
0.000421907
0.000396409
0.000373037
0.000351567
0.000331811
0.000313611
0.000296852
0.000281471
0.000267482
0.000255007
0.000244322
0.000235895
0.000230447
0.000228937
0.000232674
0.000243023
0.000262144
0.00029096
0.000334648
0.000388835
0.000475244
0.000560307
0.00076042
0.00147602
0.295173
0.15667
0.0914361
0.0574703
0.0383161
0.0267918
0.0194789
0.0146274
0.0112856
0.00890901
0.00717175
0.00587131
0.0048775
0.0041041
0.00349252
0.00300199
0.00260353
0.00227616
0.00200443
0.00177676
0.00158439
0.00142057
0.00128004
0.00115868
0.00105322
0.000961033
0.000880017
0.000808461
0.000744975
0.000688404
0.00063779
0.000592335
0.000551368
0.000514325
0.000480724
0.00045016
0.000422281
0.000396787
0.000373419
0.000351957
0.000332217
0.00031406
0.000297401
0.000282233
0.000268664
0.000256961
0.000247612
0.000241368
0.000239314
0.000242838
0.000253768
0.000273961
0.000306365
0.000352184
0.000418524
0.000499209
0.000622801
0.000734523
0.000963726
0.00136359
0.295173
0.156662
0.0914303
0.0574699
0.0383197
0.026798
0.0194865
0.0146357
0.0112942
0.00891757
0.00718013
0.0058794
0.00488522
0.00411141
0.00349938
0.00300837
0.00260942
0.00228156
0.00200933
0.00178117
0.00158832
0.00142403
0.00128308
0.00116133
0.00105552
0.000963035
0.000881764
0.000809995
0.000746328
0.000689604
0.000638862
0.000593301
0.000552246
0.00051513
0.00048147
0.000450855
0.000422934
0.000397403
0.000374008
0.000352533
0.000332812
0.000314736
0.000298279
0.000283536
0.000270774
0.000260495
0.000253513
0.000251006
0.000254587
0.000266243
0.000288535
0.000324012
0.000376748
0.00044838
0.00054853
0.000668454
0.000844456
0.0010024
0.00129715
0.00150964
0.295173
0.156651
0.091422
0.057467
0.038321
0.0268021
0.0194923
0.0146423
0.0113013
0.00892478
0.0071873
0.0058864
0.00489197
0.00411786
0.00350549
0.00301412
0.0026148
0.00228654
0.00201392
0.00178537
0.00159214
0.0014275
0.0012862
0.00116413
0.00105803
0.000965283
0.000883783
0.000811814
0.000747967
0.000691085
0.000640204
0.00059452
0.000553359
0.000516149
0.000482406
0.000451718
0.000423733
0.000398151
0.000374723
0.000353251
0.000333602
0.000315731
0.000299724
0.000285852
0.000274651
0.000267002
0.000264223
0.000268118
0.00028106
0.000305888
0.000346197
0.000405529
0.000489503
0.000600199
0.000749886
0.000925449
0.00116986
0.00138662
0.00175663
0.00189335
0.295173
0.156639
0.0914111
0.0574616
0.03832
0.026804
0.0194961
0.0146473
0.0113068
0.00893066
0.00719327
0.00589232
0.00489776
0.00412345
0.00351084
0.0030192
0.00261959
0.00229103
0.00201811
0.00178926
0.00159573
0.00143079
0.00128921
0.00116688
0.00106054
0.000967568
0.000885865
0.000813712
0.000749698
0.000692663
0.000641645
0.000595837
0.000554563
0.000517253
0.00048342
0.000452653
0.000424602
0.000398976
0.000375545
0.000354148
0.000334725
0.000317356
0.000302332
0.000290236
0.000282047
0.000279246
0.000283913
0.000298773
0.000327288
0.000373509
0.000442489
0.000539087
0.00067069
0.000839079
0.00105783
0.00130624
0.00163105
0.00191213
0.00235436
0.00247025
0.295173
0.156624
0.0913977
0.0574536
0.0383166
0.0268039
0.0194981
0.0146506
0.0113109
0.00893522
0.00719805
0.00589718
0.00490259
0.00412818
0.00351542
0.0030236
0.00262377
0.002295
0.00202184
0.00179275
0.00159898
0.00143381
0.00129201
0.00116947
0.00106292
0.000969762
0.000887882
0.000815566
0.0007514
0.000694226
0.000643079
0.000597154
0.000555773
0.000518365
0.000484446
0.000453608
0.000425511
0.000399887
0.000376549
0.000355424
0.000336599
0.000320397
0.000307479
0.000298963
0.000296552
0.000302655
0.000320489
0.000354117
0.00040856
0.000489551
0.000604005
0.000757996
0.000959767
0.00120819
0.0015146
0.00184722
0.00225393
0.00259403
0.00309563
0.00320166
0.295173
0.156607
0.0913817
0.0574431
0.0383109
0.0268017
0.0194982
0.0146523
0.0113136
0.00893848
0.00720167
0.00590099
0.00490647
0.00413205
0.00351923
0.0030273
0.00262734
0.0022984
0.00202507
0.00179581
0.00160187
0.00143651
0.00129453
0.00117182
0.0010651
0.000971786
0.000889757
0.0008173
0.000753002
0.000695705
0.000644443
0.000598412
0.000556934
0.000519441
0.000485454
0.000454578
0.000426502
0.000401013
0.000378032
0.000357669
0.000340309
0.000326734
0.000318262
0.0003169
0.000325502
0.000347882
0.000388933
0.000454626
0.000552097
0.000689064
0.000873949
0.00111223
0.00140953
0.00175714
0.00216004
0.00257479
0.00305072
0.00343335
0.00397473
0.0040612
0.295174
0.156588
0.0913629
0.0574299
0.0383028
0.0267973
0.0194965
0.0146523
0.0113148
0.00894045
0.00720413
0.00590376
0.00490941
0.00413507
0.00352226
0.0030303
0.00263027
0.00230125
0.00202781
0.00179842
0.00160434
0.00143886
0.00129674
0.00117389
0.00106704
0.000973596
0.000891444
0.000818869
0.00075446
0.000697058
0.000645699
0.000599579
0.000558025
0.000520475
0.000486471
0.000455656
0.000427796
0.000402817
0.000380881
0.000362481
0.000348589
0.000340819
0.000341612
0.000354418
0.000383852
0.000435813
0.000517556
0.000637524
0.000805077
0.00102886
0.00131592
0.00166619
0.00207706
0.00252864
0.00301901
0.0034974
0.00401769
0.0044188
0.00497783
0.00502835
0.295174
0.156566
0.0913414
0.057414
0.0382922
0.0267908
0.0194928
0.0146506
0.0113145
0.00894111
0.00720544
0.00590549
0.00491142
0.00413725
0.00352454
0.00303261
0.00263258
0.00230352
0.00203002
0.00180056
0.0016064
0.00144082
0.00129861
0.00117566
0.00106871
0.000975167
0.000892918
0.00082025
0.000755752
0.000698267
0.000646834
0.000600654
0.000559069
0.000521546
0.000487684
0.000457237
0.000430169
0.000406738
0.000387626
0.000374106
0.000368239
0.000373093
0.000392949
0.000433486
0.000501912
0.000606967
0.00075871
0.000967596
0.001243
0.0015899
0.00200743
0.00248394
0.00300572
0.00354386
0.0040941
0.00460521
0.00513878
0.00553178
0.00608773
0.00608558
0.295175
0.156542
0.0913168
0.0573954
0.0382791
0.0267821
0.0194873
0.0146473
0.0113128
0.00894048
0.00720558
0.00590618
0.00491249
0.00413859
0.00352605
0.00303424
0.00263426
0.00230523
0.00203172
0.00180224
0.00160804
0.00144241
0.00130013
0.00117712
0.0010701
0.000976489
0.000894172
0.000821436
0.000756877
0.000699343
0.000647883
0.000601725
0.000560257
0.000523044
0.000489857
0.000460752
0.000436176
0.000417134
0.000405386
0.000403683
0.00041601
0.000447817
0.000506211
0.000600041
0.000739791
0.000936968
0.00120278
0.00154552
0.00196777
0.00246298
0.00301686
0.00360581
0.00420945
0.00479723
0.00536845
0.00587653
0.0063924
0.00675231
0.00728864
0.00721915
0.295175
0.156515
0.0912893
0.0573738
0.0382634
0.0267711
0.0194797
0.0146423
0.0113095
0.00893852
0.00720455
0.00590583
0.00491263
0.00413909
0.0035268
0.00303517
0.00263533
0.00230637
0.00203292
0.00180346
0.00160926
0.00144362
0.00130132
0.00117828
0.00107123
0.000977584
0.000895233
0.000822472
0.000757911
0.00070042
0.0006491
0.000603269
0.000562488
0.000526617
0.000495917
0.000471201
0.000454034
0.000446976
0.000453845
0.000479977
0.000532455
0.000620242
0.000754127
0.000946261
0.001209
0.00155267
0.00198261
0.0024959
0.00308041
0.00371513
0.00437566
0.00503431
0.00567227
0.00626391
0.00681544
0.00728669
0.0077584
0.00806449
0.0085707
0.00842186
0.295176
0.156484
0.0912585
0.0573492
0.038245
0.0267577
0.0194702
0.0146355
0.0113048
0.00893522
0.00720234
0.00590443
0.00491185
0.00413876
0.00352682
0.00303545
0.0026358
0.00230699
0.00203365
0.00180427
0.00161013
0.00144453
0.00130227
0.00117925
0.00107223
0.000978613
0.000896311
0.000823657
0.00075932
0.00070228
0.00065183
0.000607624
0.000569771
0.000538981
0.000516762
0.000505668
0.000509567
0.000533914
0.000585987
0.000675021
0.000812147
0.00100994
0.00128133
0.00163752
0.00208517
0.00262331
0.00324165
0.00392099
0.00463664
0.00536132
0.00607071
0.0067416
0.00736193
0.00791341
0.00840973
0.00881644
0.0092247
0.00946179
0.00993497
0.00969724
0.295177
0.156451
0.0912242
0.0573213
0.0382237
0.0267418
0.0194584
0.0146268
0.0112984
0.00893057
0.00719899
0.00590206
0.00491023
0.00413773
0.00352626
0.00303526
0.00263592
0.00230735
0.00203422
0.00180502
0.00161105
0.00144562
0.00130353
0.00118069
0.00107389
0.000980545
0.000898667
0.000826786
0.000763835
0.000709237
0.000662996
0.000625841
0.000599425
0.00058657
0.00059153
0.00062024
0.000680518
0.000782135
0.000936657
0.00115688
0.00145562
0.00184372
0.00232736
0.00290536
0.0035677
0.00429596
0.0050661
0.00585166
0.0066274
0.00737039
0.00806327
0.00869054
0.00924762
0.00972304
0.0101374
0.0104599
0.0107942
0.0109536
0.0114005
0.0110661
0.295177
0.156412
0.0911856
0.0572895
0.0381989
0.0267231
0.0194444
0.0146164
0.0112907
0.00892497
0.00719502
0.00589939
0.00490861
0.00413697
0.00352623
0.00303587
0.00263709
0.00230907
0.00203647
0.00180783
0.00161446
0.0014497
0.0013084
0.00118654
0.00108096
0.00098919
0.00090996
0.000842598
0.000787106
0.000744457
0.000716788
0.000707623
0.000722086
0.000767078
0.000851346
0.000985388
0.00118106
0.00145075
0.00180596
0.00225532
0.00280219
0.00344272
0.00416511
0.00495063
0.00577612
0.00661685
0.00744912
0.00825152
0.00900621
0.00969829
0.010318
0.0108568
0.0113164
0.0116905
0.0120066
0.0122345
0.0124948
0.0125756
0.0130164
0.0125782
0.295177
0.156368
0.0911411
0.0572524
0.03817
0.0267017
0.0194291
0.014606
0.0112843
0.00892176
0.00719449
0.00590114
0.00491238
0.00414259
0.0035336
0.00304498
0.00264802
0.00232194
0.00205151
0.00182536
0.00163493
0.00147374
0.00133684
0.00122052
0.00112204
0.00103976
0.000976346
0.000933343
0.000913926
0.000922921
0.000966871
0.00105399
0.00119394
0.00139744
0.00167544
0.00203804
0.00249287
0.00304337
0.00368722
0.00441561
0.0052137
0.00606225
0.00693987
0.00782509
0.00869776
0.00953979
0.0103355
0.0110716
0.0117375
0.012325
0.0128302
0.0132495
0.0135902
0.0138496
0.0140628
0.0141969
0.0143974
0.0144099
0.0148855
0.014336
0.295174
0.156316
0.0910897
0.0572115
0.0381421
0.0266862
0.0194249
0.0146116
0.0112985
0.0089437
0.00722352
0.00593689
0.00495471
0.00419163
0.00358972
0.0031088
0.00272044
0.00240421
0.00214528
0.00193281
0.00175889
0.00161791
0.00150606
0.00142116
0.00136253
0.00133551
0.00135091
0.00141471
0.00153444
0.00171851
0.00197551
0.00231345
0.00273865
0.00325457
0.00386074
0.00455203
0.00531856
0.00614644
0.00701917
0.00791927
0.00882956
0.00973403
0.0106181
0.0114684
0.0122731
0.0130215
0.0137041
0.0143133
0.0148435
0.0152907
0.0156556
0.0159389
0.016153
0.016298
0.0164192
0.0164755
0.0166527
0.0166294
0.0172144
0.0165471
0.295178
0.156271
0.0910582
0.0572075
0.0381713
0.0267498
0.0195217
0.0147398
0.0114565
0.0091304
0.0074386
0.00618079
0.00522872
0.00449788
0.00393132
0.00348989
0.00314642
0.00288191
0.00268326
0.0025417
0.00245185
0.00241112
0.00241936
0.00247868
0.00259332
0.00278639
0.00306806
0.00344075
0.00390504
0.00445887
0.00509704
0.00581117
0.00658998
0.00742021
0.00828771
0.00917864
0.0100803
0.0109814
0.0118723
0.0127443
0.0135892
0.0143991
0.015166
0.015882
0.0165394
0.0171312
0.0176513
0.0180953
0.0184611
0.0187487
0.0189632
0.0191095
0.0192069
0.0192575
0.0193227
0.0193443
0.0195767
0.0195728
0.0204329
0.0196597
0.295326
0.156452
0.0913257
0.0575837
0.0386707
0.0273773
0.0202765
0.0156196
0.0124593
0.0102562
0.00868935
0.00756105
0.0067455
0.00616075
0.00575245
0.00548417
0.00533146
0.00527814
0.00531389
0.00543258
0.00563111
0.00590852
0.00626527
0.00670223
0.00722047
0.007839
0.0085432
0.00931335
0.0101296
0.0109734
0.0118292
0.0126848
0.0135318
0.0143649
0.015181
0.0159783
0.0167552
0.0175098
0.0182392
0.0189394
0.0196052
0.0202304
0.0208081
0.0213315
0.0217941
0.0221906
0.0225175
0.0227738
0.0229618
0.0230865
0.0231597
0.0231919
0.0232132
0.0232276
0.0233241
0.023414
0.0238759
0.0240324
0.0255408
0.0247709
0.29693
0.158641
0.0939318
0.0606104
0.0421482
0.0313186
0.0246801
0.0204778
0.0177631
0.0159973
0.0148613
0.0141592
0.0137667
0.0136031
0.0136146
0.0137645
0.0140268
0.0143828
0.0148183
0.0153216
0.0158828
0.0164929
0.0171434
0.0178261
0.0185323
0.0192524
0.0199703
0.020666
0.0213285
0.0219556
0.0225512
0.0231221
0.0236752
0.0242163
0.0247489
0.0252743
0.0257913
0.0262965
0.0267845
0.0272485
0.0276805
0.0280725
0.0284165
0.0287061
0.0289367
0.0291065
0.029217
0.0292736
0.0292869
0.0292709
0.0292492
0.0292427
0.0293017
0.0294348
0.0297863
0.0302134
0.0313476
0.0320931
0.0352474
0.0351247
0.310908
0.175669
0.11207
0.0796173
0.0620586
0.0521513
0.0463953
0.0429868
0.0409464
0.0397201
0.038985
0.0385483
0.038294
0.0381515
0.0380781
0.0380477
0.0380445
0.0380592
0.0380863
0.0381229
0.0381675
0.0382198
0.0382798
0.038348
0.0384282
0.0385035
0.0385627
0.0386016
0.0386353
0.0386824
0.0387569
0.0388662
0.0390118
0.0391904
0.0393955
0.039618
0.0398471
0.0400711
0.0402778
0.0404557
0.0405943
0.0406854
0.0407236
0.0407078
0.0406412
0.0405325
0.0403965
0.0402535
0.0401326
0.0400676
0.0401094
0.0403032
0.0407511
0.0414786
0.0427753
0.0444116
0.0476277
0.0506277
0.0588087
0.0632621
0.43772
0.305799
0.23176
0.188446
0.162217
0.145572
0.134323
0.126139
0.119731
0.114394
0.109748
0.105591
0.101816
0.0983663
0.0952067
0.0923122
0.0896622
0.0872381
0.0850221
0.0829972
0.0811472
0.0794567
0.0779109
0.0764949
0.0751978
0.0740478
0.0731038
0.0723561
0.0717829
0.0713547
0.0710403
0.0708102
0.0706372
0.0704962
0.0703644
0.0702209
0.0700471
0.0698271
0.0695488
0.0692045
0.0687924
0.0683176
0.0677926
0.0672388
0.0666869
0.066177
0.0657614
0.0655026
0.0654834
0.0657939
0.0665784
0.0679515
0.0702367
0.0734673
0.078667
0.085013
0.096837
0.110123
0.139904
0.173993
1.79464
1.37953
1.04205
0.808006
0.648798
0.538891
0.461384
0.405344
0.363654
0.331719
0.306574
0.286277
0.26953
0.255446
0.243413
0.232996
0.22388
0.215829
0.208662
0.202239
0.196447
0.191192
0.186399
0.182001
0.177954
0.174148
0.17045
0.166831
0.163304
0.159892
0.156618
0.153492
0.150521
0.147707
0.145054
0.142566
0.140251
0.138125
0.136208
0.134531
0.133132
0.132063
0.131387
0.131188
0.131571
0.132669
0.134653
0.137747
0.142238
0.148539
0.157147
0.168934
0.184713
0.206823
0.23586
0.280579
0.334534
0.437527
0.54982
0.84604
)
;

boundaryField
{
    inlet
    {
        type            fixedValue;
        value           uniform 0.63;
    }
    outlet
    {
        type            zeroGradient;
    }
    fixedWalls
    {
        Cmu             0.09;
        kappa           0.41;
        E               9.8;
        type            epsilonWallFunction;
        value           nonuniform List<scalar> 
120
(
1.79464
1.37953
1.04205
0.808006
0.648798
0.538891
0.461384
0.405344
0.363654
0.331719
0.306574
0.286277
0.26953
0.255446
0.243413
0.232996
0.22388
0.215829
0.208662
0.202239
0.196447
0.191192
0.186399
0.182001
0.177954
0.174148
0.17045
0.166831
0.163304
0.159892
0.156618
0.153492
0.150521
0.147707
0.145054
0.142566
0.140251
0.138125
0.136208
0.134531
0.133132
0.132063
0.131387
0.131188
0.131571
0.132669
0.134653
0.137747
0.142238
0.148539
0.157147
0.168934
0.184713
0.206823
0.23586
0.280579
0.334534
0.437527
0.54982
0.84604
0.995191
0.381698
0.0487503
0.00579659
0.000783383
0.00305282
0.00200167
0.003778
0.00423625
0.00586186
0.00694153
0.00847362
0.00976991
0.0114054
0.0132269
0.0155061
0.0181186
0.021057
0.024197
0.0275086
0.0309922
0.0349927
0.0391167
0.0433673
0.0477383
0.0522269
0.0568307
0.0615504
0.0663869
0.0713405
0.0764452
0.0816616
0.0869898
0.0924275
0.0979679
0.103606
0.109331
0.115142
0.121022
0.12698
0.132981
0.139073
0.145167
0.151382
0.157596
0.164885
0.179898
0.197789
0.216707
0.24101
0.265475
0.300914
0.333245
0.390097
0.433545
0.536456
0.595231
0.81292
0.898389
1.54065
)
;
    }
    frontAndBack
    {
        type            empty;
    }
}


// ************************************************************************* //
