/*--------------------------------*- C++ -*----------------------------------*\
| =========                 |                                                 |
| \\      /  F ield         | OpenFOAM: The Open Source CFD Toolbox           |
|  \\    /   O peration     | Version:  2.4.0                                 |
|   \\  /    A nd           | Web:      www.OpenFOAM.org                      |
|    \\/     M anipulation  |                                                 |
\*---------------------------------------------------------------------------*/
FoamFile
{
    version     2.0;
    format      ascii;
    class       volScalarField;
    location    "6.15";
    object      k;
}
// * * * * * * * * * * * * * * * * * * * * * * * * * * * * * * * * * * * * * //

dimensions      [0 2 -2 0 0 0 0];

internalField   nonuniform List<scalar> 
6000
(
0.0117122
0.00656294
0.00175536
0.00044521
0.000122411
0.000315225
0.000246529
0.000388978
0.000432512
0.000551952
0.000633496
0.00074049
0.000831712
0.000940345
0.00105678
0.00119437
0.00134496
0.00150703
0.00167383
0.00184362
0.00201611
0.00220549
0.0023941
0.0025819
0.00276844
0.00295336
0.0031363
0.00331699
0.00349512
0.00367035
0.00384344
0.00401263
0.00417753
0.00433763
0.00449232
0.004641
0.00478295
0.00491766
0.00504425
0.0051625
0.00527105
0.00537067
0.00545863
0.00553744
0.00560356
0.00568107
0.00591424
0.00617857
0.00642866
0.00674324
0.00701368
0.00741894
0.00770786
0.00828696
0.00858002
0.00950961
0.00976196
0.0114564
0.0116117
0.0156727
0.0120372
0.0117117
0.00208954
0.000675916
0.000134433
0.000271495
0.000357847
0.000492532
0.000624564
0.000792433
0.000953096
0.00113473
0.00131058
0.00150901
0.00172766
0.0019847
0.00227317
0.00258912
0.00292085
0.00326289
0.0036104
0.00396311
0.00431669
0.00467152
0.00502712
0.00538325
0.00573975
0.00609665
0.00645404
0.00681195
0.00716901
0.00752397
0.00787786
0.00823029
0.0085807
0.00892851
0.00927302
0.00961365
0.00994945
0.0102801
0.0106042
0.0109223
0.0112317
0.0115346
0.0118289
0.0121154
0.012418
0.0127225
0.0130102
0.0133183
0.0135938
0.0139278
0.0141927
0.0145992
0.014856
0.0154271
0.0156745
0.0166016
0.0170435
0.0192483
0.011568
0.0151657
0.00288274
0.00064743
0.000183264
0.000320876
0.000451254
0.000612702
0.000786641
0.000996486
0.00120388
0.00143318
0.00165979
0.00191314
0.00219468
0.00252337
0.00289206
0.0032943
0.00371637
0.00415085
0.0045917
0.00503679
0.00548314
0.00593065
0.0063787
0.00682692
0.00727508
0.00772314
0.0081712
0.00861947
0.00906596
0.00951046
0.0099533
0.010394
0.0108318
0.0112661
0.0116961
0.012121
0.0125397
0.0129519
0.013356
0.0137523
0.0141387
0.0145163
0.0148861
0.0152397
0.0155976
0.015949
0.0162873
0.0166316
0.0169557
0.017312
0.0176313
0.0180397
0.0183733
0.0189133
0.0193035
0.0201351
0.0208418
0.0228945
0.0114637
0.0160713
0.00401146
0.000531017
0.000230641
0.000369351
0.000523021
0.000709177
0.000912924
0.00115489
0.00139695
0.00166116
0.00192572
0.00221977
0.00254779
0.00292817
0.003354
0.0038171
0.0043028
0.00480241
0.00530925
0.00582029
0.00633273
0.00684609
0.00735959
0.00787276
0.00838527
0.00889704
0.00940817
0.00991895
0.0104272
0.010933
0.0114362
0.0119364
0.0124327
0.0129243
0.0134103
0.0138899
0.0143619
0.0148258
0.01528
0.0157247
0.0161582
0.0165811
0.0169959
0.0173881
0.0177811
0.0181621
0.0185331
0.0189003
0.0192575
0.0196285
0.0199886
0.0203998
0.0207966
0.0213203
0.0218325
0.0226107
0.0235962
0.0255123
0.0113763
0.0157667
0.00532496
0.000480965
0.000273847
0.000411464
0.000582449
0.00079008
0.00101831
0.00128704
0.00155793
0.00185128
0.00214761
0.00247557
0.00284183
0.00326427
0.00373628
0.00424857
0.00478583
0.00533842
0.00589907
0.00646411
0.00703065
0.00759788
0.00816489
0.00873107
0.00929602
0.00985961
0.0104219
0.0109832
0.0115412
0.0120961
0.0126475
0.0131948
0.0137372
0.0142736
0.0148032
0.015325
0.0158378
0.0163408
0.0168327
0.0173132
0.0177813
0.018237
0.0186832
0.0191019
0.0195188
0.0199196
0.0203124
0.020694
0.0210735
0.0214527
0.0218415
0.0222523
0.0226971
0.0232063
0.0238157
0.0245518
0.0257578
0.0275423
0.0113034
0.0149417
0.00672782
0.000605465
0.000315284
0.00044867
0.000634221
0.000860812
0.00111045
0.0014027
0.00169907
0.00201836
0.00234289
0.00270076
0.0031003
0.00355902
0.00407076
0.00462548
0.00520741
0.00580607
0.00641369
0.00702599
0.00763993
0.00825437
0.00886826
0.00948087
0.0100917
0.0107006
0.0113075
0.0119127
0.0125139
0.0131111
0.0137039
0.0142916
0.0148731
0.0154475
0.0160137
0.0165707
0.0171171
0.0176521
0.0181744
0.0186834
0.0191788
0.0196603
0.0201289
0.020567
0.0210009
0.0214152
0.0218226
0.022213
0.022607
0.02299
0.0233985
0.0238068
0.0242876
0.0247835
0.0254704
0.0261718
0.0275493
0.0292062
0.0112435
0.0139423
0.0077631
0.00113685
0.000363209
0.000482802
0.000680993
0.00092451
0.00119349
0.00150708
0.0018268
0.00217001
0.00252044
0.00290557
0.00333502
0.00382612
0.00437324
0.00496591
0.00558798
0.00622826
0.00687844
0.0075337
0.00819077
0.00884821
0.00950482
0.0101597
0.0108124
0.0114624
0.0121098
0.0127549
0.013395
0.0140303
0.0146602
0.0152838
0.0159001
0.016508
0.0171062
0.0176937
0.0182691
0.0188313
0.0193791
0.0199118
0.0204294
0.0209316
0.0214162
0.0218688
0.0223145
0.0227376
0.0231542
0.0235493
0.0239519
0.0243356
0.0247569
0.0251608
0.0256684
0.026152
0.0269011
0.027573
0.0290849
0.0306174
0.0111888
0.01294
0.00846392
0.00207151
0.000438604
0.000515923
0.000724601
0.000983222
0.00126998
0.00160331
0.0019449
0.00231067
0.00268543
0.00309591
0.00355282
0.00407342
0.00465277
0.00528015
0.00593913
0.00661787
0.00730752
0.00800276
0.00870002
0.00939758
0.0100941
0.0107885
0.0114801
0.0121685
0.0128537
0.0135356
0.0142118
0.0148822
0.0155462
0.0162027
0.0168507
0.0174888
0.0181158
0.0187305
0.0193313
0.0199172
0.0204868
0.0210395
0.0215756
0.0220939
0.0225899
0.0230531
0.0235065
0.0239348
0.0243563
0.0247526
0.0251593
0.0255407
0.0259693
0.0263673
0.0268942
0.0273661
0.028165
0.0288116
0.0304286
0.0318398
0.011136
0.0120148
0.00888007
0.00319725
0.000587236
0.00055093
0.000766623
0.00103849
0.00134171
0.00169351
0.00205589
0.00244324
0.00284119
0.00327561
0.0037581
0.00430597
0.00491511
0.00557469
0.00626814
0.00698295
0.00770978
0.00844279
0.0091781
0.00991368
0.010648
0.0113798
0.0121084
0.0128332
0.013554
0.0142709
0.014981
0.0156843
0.01638
0.0170672
0.0177444
0.0184103
0.0190636
0.0197027
0.0203263
0.020933
0.0215215
0.0220911
0.0226425
0.0231729
0.0236768
0.0241473
0.0246051
0.0250354
0.0254582
0.0258528
0.0262595
0.0266362
0.0270676
0.0274582
0.0279982
0.0284587
0.029297
0.0299213
0.0316194
0.0329127
0.0110858
0.0111985
0.00905962
0.00433596
0.000898216
0.000592835
0.000808756
0.00109168
0.00141009
0.00177927
0.00216157
0.00256978
0.00299006
0.00344733
0.00395391
0.00452728
0.0051642
0.005854
0.00657993
0.00732895
0.00809117
0.00886023
0.00963193
0.0104039
0.0111745
0.0119422
0.0127062
0.0134658
0.0142208
0.0149709
0.0157132
0.0164477
0.0171735
0.0178894
0.0185939
0.0192857
0.019963
0.0206245
0.0212685
0.0218936
0.0224986
0.0230825
0.0236466
0.0241849
0.0246941
0.025169
0.0256282
0.0260576
0.0264785
0.0268688
0.0272722
0.0276419
0.028072
0.0284538
0.0290016
0.0294507
0.0303199
0.0309239
0.0326831
0.0338624
0.0110393
0.0104974
0.00905243
0.00534164
0.00147798
0.00065142
0.000853214
0.00114417
0.00147634
0.00186189
0.00226339
0.00269188
0.00313384
0.0036131
0.00414256
0.00473992
0.00540299
0.0061213
0.00687809
0.00765976
0.0084559
0.00925965
0.0100664
0.0108736
0.0116791
0.0124816
0.0132797
0.014073
0.0148608
0.0156427
0.0164159
0.0171802
0.0179345
0.0186776
0.0194079
0.0201237
0.0208233
0.0215052
0.0221676
0.0228091
0.0234283
0.0240242
0.024598
0.0251411
0.0256533
0.0261298
0.0265878
0.0270139
0.02743
0.0278134
0.0282105
0.028571
0.0289965
0.0293678
0.029919
0.0303563
0.0312489
0.0318342
0.0336377
0.0347071
0.010997
0.00990582
0.00890709
0.00615851
0.00223018
0.000746119
0.000903332
0.00119761
0.00154173
0.00194259
0.00236258
0.00281087
0.00327399
0.00377453
0.00432587
0.00494597
0.00563375
0.00637912
0.00716535
0.00797834
0.00880716
0.00964443
0.0104852
0.0113264
0.012166
0.0130021
0.0138334
0.0146592
0.0154788
0.0162915
0.0170944
0.0178872
0.0186688
0.0194377
0.0201922
0.0209306
0.0216509
0.0223515
0.0230305
0.0236863
0.0243177
0.0249235
0.0255041
0.0260494
0.0265623
0.027038
0.0274923
0.0279126
0.0283214
0.0286957
0.0290836
0.029433
0.0298506
0.0302101
0.0307605
0.0311857
0.032095
0.0326626
0.0344961
0.03546
0.010959
0.00941241
0.00866739
0.00676686
0.00306214
0.000917355
0.000964651
0.00125412
0.00160763
0.00202259
0.00246031
0.00292795
0.00341177
0.00393303
0.00450539
0.00514712
0.00585835
0.00662949
0.0074439
0.00828703
0.00914744
0.0100172
0.010891
0.0117654
0.0126381
0.0135069
0.0143706
0.015228
0.0160786
0.0169209
0.0177525
0.0185727
0.0193804
0.0201739
0.0209513
0.0217108
0.0224503
0.023168
0.0238618
0.0245302
0.0251718
0.0257855
0.0263696
0.0269153
0.0274268
0.0278994
0.0283476
0.0287599
0.029159
0.029522
0.0298983
0.0302345
0.0306415
0.0309876
0.0315337
0.031946
0.0328664
0.0334167
0.0352678
0.0361312
0.010925
0.00900422
0.00837014
0.00717188
0.00387594
0.00124916
0.00104696
0.0013167
0.00167568
0.00210322
0.00255776
0.00304428
0.00354839
0.00408986
0.0046825
0.00534489
0.00607843
0.00687414
0.00771558
0.00858777
0.00947878
0.0103801
0.0112861
0.0121929
0.0130978
0.0139987
0.0148938
0.0157821
0.0166628
0.0175339
0.0183931
0.0192397
0.0200724
0.0208893
0.0216884
0.0224676
0.0232248
0.023958
0.0246651
0.0253443
0.0259944
0.0266136
0.0271986
0.0277428
0.0282509
0.0287181
0.0291582
0.0295603
0.0299475
0.0302971
0.0306594
0.0309805
0.0313744
0.0317055
0.0322441
0.0326427
0.0335689
0.0341023
0.0359606
0.0367284
0.010895
0.00866854
0.00804455
0.00739321
0.00462776
0.00177283
0.00116727
0.00138983
0.00174804
0.00218604
0.00265623
0.00316106
0.00368502
0.00424625
0.00485851
0.00554067
0.00629545
0.00711462
0.00798199
0.00888223
0.00980289
0.010735
0.0116723
0.0126107
0.0135472
0.0144793
0.0154052
0.0163235
0.0172335
0.0181324
0.0190183
0.0198904
0.0207469
0.0215861
0.0224056
0.0232033
0.0239768
0.0247241
0.0254429
0.0261312
0.0267879
0.0274099
0.0279937
0.0285348
0.0290374
0.0294973
0.0299271
0.030317
0.0306901
0.0310243
0.0313705
0.0316746
0.032053
0.0323677
0.0328959
0.0332799
0.0342073
0.0347239
0.0365802
0.0372578
0.0108685
0.00839374
0.00771256
0.00745806
0.00528272
0.00245091
0.00135483
0.00148044
0.00182754
0.00227296
0.00275717
0.0032796
0.00382288
0.00440343
0.00503468
0.00573577
0.00651079
0.00735236
0.0082446
0.00917189
0.0101213
0.0110833
0.0120511
0.0130204
0.0139877
0.0149504
0.0159063
0.0168539
0.0177924
0.0187182
0.01963
0.0205265
0.0214058
0.0222661
0.0231049
0.0239197
0.0247081
0.0254679
0.0261968
0.0268926
0.027554
0.0281761
0.0287572
0.0292932
0.0297885
0.0302389
0.0306565
0.0310324
0.0313894
0.0317063
0.0320343
0.0323198
0.0326805
0.0329772
0.0334924
0.0338609
0.0347853
0.0352848
0.0371315
0.0377245
0.0108453
0.00816957
0.00738972
0.00739677
0.00581576
0.00320478
0.00166031
0.00159953
0.00191822
0.00236643
0.00286233
0.00340137
0.00396332
0.00456269
0.0052123
0.00593152
0.00672581
0.00758871
0.00850478
0.00945814
0.0104354
0.0114264
0.0124241
0.0134235
0.0144209
0.0154134
0.0163985
0.0173746
0.0183407
0.0192927
0.0202294
0.0211492
0.0220504
0.0229306
0.0237873
0.0246179
0.0254199
0.0261907
0.0269281
0.0276297
0.0282933
0.0289136
0.0294903
0.0300196
0.0305057
0.0309448
0.0313483
0.0317082
0.0320472
0.032345
0.0326529
0.0329181
0.0332591
0.0335364
0.0340361
0.0343881
0.0353057
0.035788
0.0376185
0.0381324
0.0108249
0.00798727
0.00708634
0.00723977
0.00621321
0.0039644
0.00211295
0.00176429
0.00202582
0.00246965
0.00297385
0.00352808
0.0041078
0.00472541
0.00539273
0.00612927
0.00694185
0.00782504
0.00876386
0.00974228
0.0107464
0.0117656
0.0127923
0.013821
0.0148478
0.0158694
0.016883
0.0178869
0.0188797
0.0198569
0.0208175
0.0217597
0.0226815
0.0235805
0.0244539
0.025299
0.026113
0.0268934
0.0276377
0.0283432
0.0290064
0.0296233
0.030194
0.0307149
0.03119
0.0316159
0.0320035
0.0323456
0.0326649
0.0329419
0.0332279
0.0334711
0.0337906
0.0340471
0.0345291
0.0348636
0.035771
0.0362357
0.0380444
0.0384851
0.0108072
0.00783943
0.00680855
0.00701543
0.00647233
0.00467628
0.00269637
0.00200071
0.00215874
0.00258694
0.00309441
0.00366181
0.00425804
0.00489314
0.00557742
0.00633044
0.0071603
0.00806269
0.00902316
0.0100256
0.0110557
0.0121022
0.013157
0.0142143
0.0152696
0.0163194
0.0173608
0.0183915
0.0194101
0.0204117
0.0213951
0.0223586
0.0232999
0.0242165
0.0251053
0.0259634
0.026788
0.0275764
0.028326
0.029033
0.029694
0.0303059
0.030869
0.0313796
0.031842
0.0322529
0.0326229
0.0329455
0.0332433
0.0334979
0.0337604
0.0339801
0.0342763
0.0345107
0.0349729
0.0352889
0.036183
0.0366299
0.0384121
0.0387853
0.0107918
0.00771986
0.00655936
0.00674873
0.00659959
0.00530073
0.00336165
0.00234221
0.00232924
0.0027241
0.00322744
0.00380506
0.00441602
0.00506762
0.00576799
0.00653655
0.00738263
0.00830306
0.00928403
0.0103094
0.0113643
0.0124371
0.0135192
0.0146042
0.0156873
0.0167645
0.0178327
0.0188894
0.0199328
0.0209577
0.0219629
0.0229466
0.0239061
0.024839
0.0257418
0.0266115
0.0274452
0.02824
0.0289929
0.029699
0.0303563
0.0309617
0.0315154
0.0320142
0.0324622
0.0328562
0.033207
0.0335084
0.0337833
0.0340138
0.0342512
0.0344459
0.0347173
0.0349284
0.035369
0.0356655
0.0365434
0.0369721
0.038724
0.0390356
0.0107784
0.00762344
0.00633957
0.00646053
0.00660853
0.00581062
0.00405905
0.00280794
0.00255498
0.00288902
0.00337734
0.00396089
0.00458409
0.00525083
0.00596619
0.00674926
0.00761039
0.00854765
0.00954785
0.0105949
0.0116736
0.0127717
0.01388
0.0149917
0.0161016
0.0172053
0.0182994
0.0193812
0.0204483
0.0214954
0.0225214
0.023524
0.0245004
0.0254482
0.0263636
0.0272435
0.0280847
0.0288842
0.0296378
0.0303415
0.0309934
0.0315906
0.0321334
0.0326186
0.0330505
0.0334261
0.033756
0.0340347
0.034285
0.03449
0.034701
0.0348694
0.0351145
0.035301
0.0357182
0.0359943
0.0368536
0.0372639
0.0389822
0.039238
0.0107668
0.00754593
0.00614841
0.00616738
0.00651748
0.00619013
0.00474208
0.00338715
0.00286032
0.00309234
0.00354982
0.00413312
0.00476505
0.00544509
0.00617404
0.00697037
0.00784525
0.00879799
0.00981607
0.0108835
0.0119847
0.013107
0.0142404
0.0153779
0.0165136
0.0176428
0.0187617
0.0198675
0.0209572
0.0220254
0.0230708
0.024091
0.0250831
0.0260444
0.0269709
0.0278593
0.0287064
0.0295081
0.0302605
0.0309602
0.0316051
0.0321926
0.0327227
0.0331928
0.0336069
0.0339625
0.03427
0.0345245
0.0347488
0.034927
0.03511
0.035251
0.0354684
0.0356292
0.0360216
0.0362765
0.0371148
0.0375065
0.0391886
0.0393945
0.0107568
0.00748385
0.00598418
0.00588168
0.00634725
0.00643365
0.00537005
0.00404572
0.0032669
0.00334793
0.00375224
0.00432645
0.00496225
0.00565304
0.00639378
0.0072019
0.00808904
0.00905577
0.0100902
0.0111766
0.012299
0.0134441
0.0146015
0.0157635
0.0169239
0.0180775
0.0192202
0.0203489
0.0214598
0.0225479
0.0236115
0.024648
0.0256542
0.0266275
0.0275634
0.0284588
0.0293094
0.0301113
0.030861
0.0315549
0.0321913
0.0327673
0.0332832
0.0337365
0.0341312
0.0344652
0.0347488
0.0349776
0.0351746
0.0353247
0.0354786
0.035591
0.0357796
0.0359137
0.0362799
0.0365127
0.037328
0.0377009
0.0393449
0.0395065
0.0107481
0.00743436
0.00584459
0.00561214
0.00611921
0.00654452
0.00590967
0.00473988
0.00378076
0.0036732
0.00399407
0.00454663
0.00517971
0.00587779
0.00662797
0.00744607
0.00834375
0.00932277
0.0103719
0.0114756
0.0126176
0.0137842
0.0149642
0.0161495
0.0173334
0.0185101
0.0196754
0.0208258
0.0219566
0.0230632
0.0241435
0.0251948
0.0262135
0.0271973
0.0281411
0.029041
0.0298931
0.0306935
0.0314387
0.0321253
0.0327514
0.0333142
0.0338143
0.0342492
0.0346229
0.0349338
0.0351921
0.035394
0.0355624
0.0356832
0.0358069
0.0358896
0.0360483
0.0361549
0.0364936
0.0367036
0.0374941
0.0378481
0.0394524
0.0395757
0.0107405
0.00739511
0.00572711
0.00536431
0.00585359
0.00653352
0.00633606
0.00542488
0.00438813
0.00408406
0.00428738
0.00480064
0.00542217
0.00612291
0.0068795
0.00770535
0.00861155
0.00960094
0.0106628
0.0117821
0.0129421
0.0141285
0.0153297
0.0165368
0.0177428
0.0189413
0.0201278
0.0212986
0.0224478
0.0235714
0.0246669
0.0257314
0.0267611
0.0277536
0.0287028
0.0296053
0.0304571
0.0312542
0.0319932
0.0326707
0.0332848
0.0338329
0.0343154
0.0347303
0.0350817
0.035368
0.0355996
0.0357733
0.0359119
0.0360023
0.0360948
0.0361469
0.0362748
0.0363531
0.0366632
0.0368498
0.037614
0.0379491
0.0395126
0.0396031
0.010734
0.00736419
0.00562914
0.00514122
0.00556839
0.00641707
0.00663348
0.00605957
0.0050598
0.00458655
0.00464669
0.00509702
0.00569526
0.00639247
0.00715163
0.00798246
0.0088948
0.00989235
0.0109649
0.0120976
0.0132737
0.0144781
0.0156988
0.0169263
0.0181528
0.0193717
0.0205778
0.0217676
0.0229336
0.0240726
0.0251816
0.0262577
0.0272966
0.0282952
0.0292479
0.0301511
0.0310008
0.0317929
0.032524
0.0331906
0.033791
0.0343226
0.034786
0.0351793
0.0355067
0.0357671
0.0359707
0.036115
0.0362229
0.0362819
0.0363423
0.036363
0.0364592
0.0365085
0.0367891
0.0369518
0.0376883
0.0380047
0.0395266
0.0395899
0.0107283
0.00734005
0.00554819
0.00494394
0.00527865
0.00621521
0.00679554
0.00660856
0.00575756
0.00517504
0.00508206
0.0054466
0.00600599
0.00669109
0.00744797
0.00828039
0.00919606
0.0101992
0.0112799
0.0124239
0.0136139
0.0148344
0.0160727
0.0173187
0.0185641
0.0198016
0.0210258
0.0222328
0.0234139
0.0245667
0.0256876
0.0267729
0.0278188
0.0288215
0.0297759
0.030678
0.0315237
0.0323089
0.0330302
0.0336842
0.0342691
0.0347825
0.0352252
0.0355954
0.0358974
0.0361304
0.0363049
0.0364187
0.0364948
0.0365217
0.0365492
0.0365378
0.0366017
0.0366214
0.0368718
0.0370101
0.0377177
0.0380156
0.0394956
0.0395371
0.0107234
0.00732141
0.00548191
0.00477217
0.00499615
0.00594961
0.00682476
0.00704374
0.00644018
0.00583109
0.00559812
0.00585771
0.00636242
0.00702507
0.00777248
0.00860235
0.00951807
0.0105239
0.01161
0.0127627
0.0139641
0.0151986
0.0164524
0.017715
0.0189773
0.0202317
0.0214722
0.0226945
0.023889
0.0250532
0.0261837
0.0272764
0.0283272
0.0293322
0.0302863
0.0311853
0.032025
0.0328014
0.033511
0.0341505
0.0347182
0.0352118
0.0356321
0.0359776
0.0362529
0.0364573
0.0366015
0.0366839
0.0367273
0.0367212
0.0367151
0.0366712
0.0367022
0.0366919
0.0369114
0.037025
0.0377028
0.0379825
0.0394206
0.0394457
0.0107191
0.00730721
0.00542817
0.00462462
0.00472947
0.00564179
0.00673158
0.00734533
0.00706757
0.00652566
0.00619103
0.0063364
0.00677116
0.00739977
0.00813036
0.00895254
0.00986398
0.0108688
0.0119572
0.0131156
0.0143259
0.0155718
0.0168389
0.0181158
0.0193931
0.0206622
0.0219169
0.0231521
0.0243579
0.0255317
0.0266696
0.0277676
0.0288213
0.0298266
0.0307784
0.0316722
0.032504
0.0332696
0.0339655
0.0345887
0.0351374
0.0356094
0.0360057
0.0363252
0.0365723
0.036747
0.0368598
0.0369098
0.0369197
0.0368801
0.0368399
0.036763
0.0367606
0.0367201
0.0369082
0.036997
0.0376443
0.0379062
0.0393025
0.0393165
0.0107153
0.00729661
0.00538506
0.00449944
0.00448429
0.00531161
0.00653274
0.00750267
0.00760363
0.00722296
0.00684682
0.00688429
0.00723751
0.00782013
0.00852565
0.00933422
0.0102369
0.0112369
0.012324
0.0134848
0.0147009
0.0159552
0.0172329
0.0185217
0.0198115
0.0210932
0.0223598
0.0236056
0.0248206
0.0260017
0.027145
0.0282461
0.0293006
0.030304
0.0312512
0.0321378
0.0329596
0.0337124
0.0343928
0.0349977
0.0355256
0.0359744
0.0363452
0.0366371
0.0368548
0.0369986
0.037079
0.0370957
0.0370716
0.0369978
0.0369231
0.0368129
0.0367769
0.0367061
0.0368624
0.0369264
0.0375425
0.0377872
0.0391422
0.0391501
0.0107121
0.00728889
0.00535091
0.00439443
0.00426382
0.00497618
0.00624936
0.00751446
0.00801834
0.00788444
0.00754193
0.00749642
0.00776414
0.00829018
0.00896207
0.00975051
0.0106394
0.0116302
0.0127122
0.0138718
0.0150902
0.0163499
0.0176352
0.0189332
0.0202329
0.0215246
0.0228008
0.0240549
0.0252766
0.0264629
0.0276092
0.0287112
0.0297642
0.0307634
0.031704
0.0325812
0.0333908
0.0341287
0.0347916
0.0353764
0.0358816
0.0363056
0.0366493
0.0369123
0.0370993
0.037211
0.0372583
0.037241
0.0371822
0.0370739
0.0369644
0.0368207
0.036751
0.0366498
0.0367742
0.0368135
0.0373979
0.0376262
0.0389405
0.0389474
0.0107092
0.00728348
0.00532425
0.0043073
0.00406929
0.0046493
0.00590474
0.00738838
0.0082895
0.00847207
0.00824529
0.00815999
0.0083495
0.00881214
0.00944247
0.0102041
0.0110739
0.0120509
0.0131235
0.014278
0.0154951
0.0167568
0.0180465
0.0193507
0.0206575
0.0219566
0.0232399
0.0244996
0.0257257
0.0269146
0.0280616
0.0291621
0.0302112
0.031204
0.0321356
0.0330012
0.0337964
0.0345174
0.0351607
0.0357235
0.0362043
0.0366017
0.0369169
0.0371496
0.0373048
0.0373835
0.0373967
0.0373448
0.0372509
0.0371077
0.0369633
0.0367861
0.0366827
0.0365512
0.0366438
0.0366585
0.0372112
0.0374237
0.0386982
0.0387088
0.0107068
0.00727991
0.00530382
0.00423581
0.00390046
0.00434121
0.00552232
0.00714005
0.00840403
0.00895105
0.00892123
0.00885426
0.0089864
0.0093853
0.00996826
0.0106968
0.0115422
0.0125006
0.0135594
0.0147045
0.0159165
0.0171765
0.0184673
0.0197745
0.0210855
0.0223891
0.0236768
0.0249392
0.0261671
0.0273561
0.0285013
0.0295978
0.0306406
0.0316246
0.0325448
0.0333965
0.0341752
0.034877
0.0354988
0.0360376
0.0364923
0.0368615
0.0371467
0.0373478
0.0374701
0.0375148
0.0374933
0.0374063
0.0372769
0.0370988
0.0369193
0.0367088
0.0365719
0.0364104
0.0364712
0.0364618
0.0369827
0.0371804
0.038416
0.0384351
0.0107046
0.00727779
0.00528853
0.0041778
0.00375607
0.00405876
0.00512384
0.00679126
0.0083588
0.00929214
0.00953241
0.00955161
0.00966118
0.0100049
0.0105385
0.0112292
0.0120453
0.0129804
0.0140208
0.0151524
0.016355
0.0176096
0.0188979
0.0202047
0.0215165
0.0228216
0.0241109
0.0253732
0.0266
0.0277865
0.0289273
0.0300173
0.0310512
0.0320239
0.0329304
0.0337658
0.0345257
0.0352063
0.0358045
0.0363175
0.0367443
0.0370837
0.0373374
0.0375057
0.037594
0.037604
0.0375471
0.0374246
0.0372595
0.0370463
0.036832
0.0365884
0.0364183
0.0362273
0.0362566
0.0362235
0.0367128
0.0368967
0.0380946
0.0381267
0.0107027
0.0072768
0.00527746
0.00413131
0.0036342
0.00380583
0.00472798
0.00636781
0.00816069
0.0094737
0.0100425
0.0102195
0.0103536
0.0106613
0.0111493
0.0117998
0.0125828
0.0134903
0.0145082
0.0156218
0.016811
0.0180561
0.0193381
0.0206409
0.0219503
0.0232537
0.0245412
0.0258006
0.0270236
0.0282046
0.0293383
0.030419
0.0314415
0.0324005
0.0332907
0.0341075
0.0348464
0.0355036
0.0360761
0.0365614
0.0369586
0.0372667
0.0374876
0.037622
0.0376754
0.0376499
0.0375571
0.0373988
0.0371979
0.0369498
0.0367009
0.0364245
0.0362217
0.0360017
0.0360001
0.0359441
0.0364019
0.0365733
0.0377346
0.0377843
0.010701
0.00727669
0.00526982
0.00409456
0.0035326
0.00358386
0.00434954
0.00589698
0.00782592
0.00948335
0.0104187
0.0108225
0.0110374
0.0113392
0.0117926
0.0124047
0.0131527
0.0140295
0.0150208
0.0161125
0.0172841
0.0185156
0.0197874
0.0210826
0.0223861
0.0236844
0.0249669
0.0262202
0.0274363
0.0286091
0.0297328
0.0308016
0.03181
0.0327526
0.0336242
0.0344199
0.0351356
0.0357672
0.0363121
0.0367679
0.0371338
0.0374091
0.037596
0.0376953
0.037713
0.0376514
0.0375222
0.0373279
0.0370913
0.0368086
0.0365254
0.0362169
0.0359819
0.0357338
0.0357018
0.0356236
0.0360506
0.0362106
0.0373368
0.0374081
0.0106995
0.00727724
0.00526494
0.004066
0.00344889
0.00339245
0.00399914
0.00540521
0.00737847
0.00931918
0.0106342
0.011325
0.011682
0.0120179
0.0124561
0.0130366
0.0137508
0.0145951
0.015557
0.016623
0.0177732
0.0189872
0.0202449
0.0215287
0.0228226
0.0241124
0.0253864
0.0266306
0.0278368
0.0289984
0.0301092
0.0311633
0.0321549
0.0330785
0.033929
0.0347013
0.0353913
0.0359954
0.0365107
0.0369351
0.0372681
0.0375093
0.0376608
0.0377242
0.0377054
0.0376072
0.0374415
0.0372111
0.0369389
0.0366219
0.036305
0.0359651
0.0356988
0.0354233
0.0353617
0.0352623
0.0356591
0.0358091
0.0369016
0.0369989
0.0106983
0.00727829
0.00526226
0.00404424
0.00338073
0.00322992
0.00368342
0.00491603
0.00684774
0.00899021
0.01067
0.0116933
0.0122538
0.0126718
0.0131225
0.0136847
0.01437
0.0151824
0.0161134
0.017151
0.0182763
0.0194691
0.0207089
0.0219775
0.0232583
0.024536
0.0257981
0.0270299
0.028223
0.0293704
0.0304655
0.031502
0.0324741
0.0333762
0.0342029
0.0349495
0.0356117
0.036186
0.0366699
0.0370612
0.0373598
0.0375655
0.0376807
0.0377072
0.0376513
0.0375161
0.0373136
0.0370474
0.0367399
0.036389
0.0360392
0.0356688
0.0353719
0.0350703
0.03498
0.0348606
0.0352279
0.0353694
0.0364297
0.0365569
0.0106971
0.0072797
0.00526132
0.00402811
0.00332591
0.00309382
0.00340551
0.00444859
0.00626574
0.00851588
0.0105174
0.0118982
0.0127183
0.0132711
0.0137702
0.014334
0.015
0.0157844
0.0166848
0.0176925
0.0187902
0.0199585
0.0211769
0.0224268
0.0236908
0.0249532
0.0261998
0.0274159
0.0285928
0.0297229
0.0307993
0.0318154
0.0327653
0.0336432
0.0344438
0.0351623
0.0357945
0.0363371
0.0367876
0.0371443
0.037407
0.037576
0.0376539
0.0376428
0.0375492
0.0373768
0.0371376
0.0368356
0.0364933
0.0361094
0.0357274
0.0353275
0.0350013
0.0346746
0.0345568
0.0344186
0.0347574
0.034892
0.0359217
0.0360826
0.0106961
0.00728137
0.00526173
0.00401657
0.00328241
0.00298127
0.00316578
0.0040169
0.00566407
0.0079245
0.0101787
0.0119174
0.0130425
0.0137839
0.0143733
0.0149654
0.0156273
0.0163911
0.0172639
0.0182417
0.0193103
0.0204516
0.0216456
0.0228734
0.0241174
0.0253609
0.0265886
0.0277859
0.0289434
0.0300532
0.0311079
0.0321009
0.0330259
0.0338771
0.0346491
0.0353372
0.0359374
0.0364463
0.0368617
0.0371822
0.0374077
0.0375389
0.0375786
0.0375294
0.0373978
0.0371881
0.0369123
0.036575
0.0361985
0.0357823
0.0353691
0.0349409
0.0345866
0.0342363
0.0340922
0.0339367
0.034248
0.0343773
0.0353782
0.0355764
0.0106952
0.00728322
0.00526315
0.00400875
0.00324841
0.0028893
0.00296258
0.00362981
0.00507117
0.00725073
0.0096684
0.0117374
0.0131968
0.0141772
0.0149027
0.0155561
0.0162344
0.0169896
0.0178407
0.018791
0.0198304
0.0209432
0.0221104
0.0233134
0.0245341
0.0257558
0.0269612
0.0281365
0.0292717
0.0303582
0.0313885
0.0323555
0.033253
0.034075
0.0348161
0.0354716
0.0360377
0.0365111
0.0368899
0.0371727
0.0373599
0.0374523
0.0374532
0.0373653
0.0371956
0.0369485
0.0366365
0.0362644
0.0358545
0.035407
0.0349639
0.0345086
0.0341276
0.0337552
0.0335863
0.033415
0.0337002
0.033826
0.0347997
0.0350388
0.0106945
0.00728517
0.00526534
0.00400391
0.00322232
0.00281503
0.00279297
0.00329143
0.00451026
0.00653221
0.00901219
0.0113563
0.0131577
0.0144192
0.0153275
0.0160797
0.0168005
0.0175636
0.0184027
0.0193304
0.0203425
0.0214266
0.0225656
0.0237415
0.0249365
0.0261332
0.0273136
0.028464
0.0295739
0.0306343
0.0316374
0.0325759
0.0334434
0.0342338
0.0349417
0.0355627
0.0360928
0.036529
0.0368696
0.0371135
0.0372614
0.0373143
0.0372757
0.0371489
0.036941
0.0366569
0.036309
0.0359029
0.0354605
0.0349829
0.0345111
0.0340303
0.0336242
0.0332315
0.0330393
0.0328539
0.0331144
0.0332386
0.0341868
0.0344702
0.0106938
0.00728717
0.00526809
0.00400144
0.00320275
0.00275577
0.00265331
0.0030021
0.00399809
0.00580592
0.00824532
0.0107843
0.0129099
0.0144811
0.0156162
0.0165078
0.0173019
0.0180939
0.0189345
0.0198476
0.0208364
0.0218934
0.023004
0.0241515
0.0253187
0.0264881
0.027641
0.0287638
0.0298457
0.0308774
0.0318507
0.0327583
0.0335934
0.03435
0.0350228
0.0356072
0.0360996
0.0364971
0.0367983
0.0370022
0.0371098
0.0371226
0.0370443
0.0368785
0.0366325
0.0363117
0.0359287
0.0354895
0.0350157
0.0345094
0.0340103
0.0335058
0.0330763
0.032665
0.0324513
0.0322537
0.0324911
0.0326156
0.0335401
0.033871
0.0106932
0.0072892
0.00527121
0.0040008
0.00318851
0.0027091
0.00253973
0.00275939
0.0035447
0.00510469
0.00740949
0.0100448
0.0124494
0.0143402
0.0157389
0.0168105
0.017712
0.0185584
0.019418
0.0203276
0.0213
0.0223332
0.0234167
0.0245358
0.0256741
0.0268143
0.0279376
0.0290306
0.0300822
0.0310829
0.0320241
0.0328984
0.033699
0.0344198
0.0350555
0.0356018
0.0360549
0.0364125
0.036673
0.0368361
0.0369029
0.0368752
0.0367569
0.0365522
0.0362686
0.0359117
0.0354945
0.0350231
0.0345192
0.0339857
0.0334612
0.0329347
0.0324836
0.0320559
0.0318226
0.0316148
0.0318307
0.0319575
0.0328602
0.0332417
0.0106927
0.00729121
0.00527459
0.00400158
0.00317857
0.00267288
0.00244844
0.0025591
0.00315408
0.00445447
0.00654879
0.00917288
0.0117844
0.0139816
0.0156687
0.0169581
0.0180029
0.0189325
0.0198323
0.0207533
0.0217186
0.022734
0.0237933
0.0248851
0.0259945
0.0271046
0.0281969
0.0292584
0.0302778
0.0312454
0.0321526
0.0329917
0.0337559
0.0344392
0.0350362
0.0355428
0.0359554
0.0362719
0.036491
0.0366126
0.0366381
0.0365696
0.0364116
0.0361683
0.0358476
0.0354555
0.035005
0.0345029
0.0339705
0.0334114
0.0328632
0.0323168
0.0318463
0.0314043
0.0311534
0.0309376
0.0311337
0.0312651
0.0321477
0.0325826
0.0106922
0.00729318
0.00527811
0.00400343
0.00317208
0.00264525
0.0023759
0.00239617
0.00282533
0.00387287
0.00570507
0.00821319
0.0109374
0.0134012
0.0153848
0.0169227
0.0181461
0.0191901
0.0201546
0.0211049
0.0220758
0.0230814
0.0241217
0.0251889
0.0262706
0.0273506
0.0284114
0.0294403
0.0304262
0.0313592
0.0322308
0.0330331
0.0337593
0.0344036
0.0349606
0.0354263
0.0357974
0.0360719
0.036249
0.0363287
0.0363128
0.0362038
0.0360063
0.035725
0.0353679
0.0349417
0.0344593
0.0339279
0.0333686
0.0327859
0.0322161
0.031652
0.0311643
0.0307103
0.030444
0.0302224
0.0304008
0.0305388
0.0314032
0.0318943
0.0106918
0.0072951
0.00528169
0.00400606
0.00316831
0.00262462
0.00231895
0.00226531
0.00255416
0.00336903
0.00491383
0.00721558
0.00994414
0.0126079
0.0148746
0.0166806
0.018114
0.0193041
0.0203603
0.0213609
0.0223527
0.0233594
0.0243879
0.0254352
0.0264917
0.0275429
0.0285725
0.0295686
0.0305201
0.0314177
0.0322524
0.0330168
0.033704
0.0343081
0.0348241
0.0352481
0.035577
0.0358091
0.0359438
0.0359816
0.0359244
0.0357752
0.0355388
0.0352203
0.0348281
0.034369
0.0338561
0.0332973
0.032713
0.0321087
0.0315196
0.0309401
0.0304376
0.0299741
0.0296947
0.0294698
0.0296325
0.0297794
0.0306274
0.0311772
0.0106915
0.00729696
0.00528528
0.00400924
0.00316666
0.00260964
0.00227482
0.00216141
0.00233428
0.00294457
0.00420106
0.00622994
0.00885221
0.0116252
0.0141363
0.016214
0.017882
0.019248
0.0204239
0.0214981
0.0225289
0.0235501
0.0245763
0.0256101
0.0266458
0.0276708
0.0286707
0.0296345
0.0305519
0.0314135
0.032211
0.0329368
0.0335842
0.0341476
0.034622
0.0350038
0.0352902
0.0354797
0.0355721
0.0355681
0.0354702
0.0352814
0.035007
0.0346525
0.0342264
0.0337361
0.0331945
0.0326101
0.032003
0.0313795
0.0307734
0.0301811
0.0296663
0.0291959
0.028906
0.0286803
0.0288294
0.0289875
0.0298211
0.0304318
0.0106912
0.00729874
0.00528883
0.0040128
0.00316663
0.00259917
0.00224113
0.00207985
0.00215857
0.00259552
0.00358193
0.00530064
0.00771675
0.0104913
0.0131817
0.0155142
0.0174297
0.0189972
0.0203203
0.0214927
0.0225828
0.0236342
0.0246698
0.0256986
0.0267194
0.0277225
0.0286954
0.0296286
0.0305127
0.031339
0.0320993
0.0327865
0.033394
0.0339164
0.0343491
0.0346886
0.0349326
0.0350798
0.0351303
0.0350852
0.0349472
0.0347199
0.0344088
0.0340198
0.0335614
0.0330417
0.0324734
0.0318656
0.0312381
0.0305979
0.0299775
0.029375
0.0288507
0.0283762
0.0280784
0.0278545
0.0279923
0.028164
0.0289849
0.0296587
0.0106909
0.00730045
0.00529229
0.0040166
0.00316784
0.00259227
0.00221585
0.00201654
0.00201994
0.00231424
0.00306127
0.00446181
0.00659486
0.0092577
0.0120379
0.014584
0.0167442
0.0185307
0.0200254
0.0213208
0.0224918
0.0235912
0.0246501
0.0256843
0.026698
0.027685
0.028635
0.0295404
0.0303932
0.0311854
0.0319095
0.0325586
0.0331267
0.0336085
0.0339999
0.0342977
0.0344998
0.0346054
0.0346148
0.0345296
0.0343528
0.0340884
0.0337421
0.0333202
0.0328316
0.0322845
0.0316919
0.0310632
0.0304179
0.0297636
0.0291317
0.028522
0.027991
0.0275154
0.0272125
0.0269931
0.027122
0.0273095
0.0281196
0.0288585
0.0106906
0.00730208
0.00529565
0.00402053
0.00316995
0.00258815
0.00219732
0.001968
0.0019118
0.00209142
0.00263555
0.00373453
0.00553876
0.00798528
0.0107476
0.0134404
0.0158224
0.0178334
0.0195187
0.0209598
0.0222338
0.0234001
0.024498
0.02555
0.026566
0.0275443
0.0284769
0.0293586
0.0301832
0.0309436
0.0316332
0.0322457
0.0327755
0.0332178
0.0335689
0.0338259
0.0339872
0.0340523
0.0340219
0.0338981
0.0336841
0.0333843
0.0330048
0.0325521
0.0320355
0.0314635
0.0308492
0.0302023
0.029542
0.0288767
0.0282362
0.0276223
0.0270878
0.026614
0.0263088
0.0260968
0.0262192
0.026425
0.0272261
0.0280318
0.0106904
0.00730363
0.00529888
0.0040245
0.00317272
0.00258619
0.00218411
0.00193128
0.00182837
0.0019174
0.00229562
0.00312649
0.00458954
0.0067378
0.00936826
0.0121166
0.0146737
0.0168985
0.0187843
0.0203898
0.0217875
0.0230403
0.0241939
0.0252776
0.0263071
0.0272858
0.0282079
0.0290715
0.029872
0.0306039
0.0312617
0.0318397
0.0323332
0.0327377
0.0330501
0.0332679
0.03339
0.0334163
0.0333479
0.0331873
0.0329381
0.0326051
0.0321947
0.0317138
0.0311718
0.0305777
0.0299445
0.0292824
0.0286102
0.027937
0.0272912
0.0266764
0.0261415
0.0256727
0.0253683
0.0251665
0.025285
0.0255115
0.0263053
0.0271793
0.0106902
0.00730509
0.00530199
0.00402845
0.00317594
0.00258586
0.00217509
0.00190397
0.00176472
0.00178317
0.00202948
0.0026341
0.00377281
0.0055741
0.00796702
0.0106626
0.013323
0.0157304
0.0178135
0.0195952
0.0211343
0.0224922
0.0237188
0.0248491
0.0259046
0.0268941
0.0278143
0.0286664
0.0294482
0.0301561
0.0307857
0.0313325
0.0317922
0.0321615
0.0324374
0.0326183
0.0327034
0.0326931
0.0325891
0.0323941
0.0321122
0.0317486
0.03131
0.0308038
0.0302394
0.0296262
0.0289773
0.0283033
0.0276224
0.0269448
0.0262971
0.0256848
0.0251528
0.0246924
0.0243918
0.0242032
0.0243203
0.0245698
0.0253582
0.0263017
0.0106901
0.00730647
0.00530495
0.00403233
0.00317945
0.00258675
0.00216932
0.00188404
0.00171672
0.00168077
0.00182444
0.00224598
0.00309766
0.00454017
0.00661413
0.00914324
0.0118124
0.0143477
0.0166079
0.018567
0.0202594
0.0217386
0.0230549
0.0242472
0.025342
0.0263541
0.027282
0.0281306
0.0289004
0.0295898
0.0301959
0.0307153
0.031145
0.0314822
0.0317247
0.0318716
0.0319225
0.0318785
0.0317417
0.0315152
0.0312037
0.0308126
0.030349
0.0298206
0.0292371
0.0286083
0.0279471
0.0272648
0.026579
0.0259004
0.0252545
0.0246482
0.0241226
0.0236739
0.0233803
0.0232079
0.0233264
0.0236012
0.0243858
0.0253999
0.0106899
0.00730777
0.00530776
0.00403611
0.00318313
0.00258854
0.00216604
0.00186989
0.00168101
0.00160348
0.00166857
0.00194673
0.00255889
0.00366353
0.00537328
0.00763319
0.0102012
0.0127857
0.0151819
0.0173051
0.0191543
0.0207663
0.0221867
0.0234558
0.0246036
0.0256506
0.026597
0.0274514
0.028217
0.0288944
0.0294826
0.0299798
0.0303838
0.0306929
0.0309059
0.0310223
0.0310427
0.0309684
0.0308022
0.0305477
0.03021
0.029795
0.0293099
0.028763
0.0281642
0.0275235
0.026854
0.0261671
0.0254802
0.0248045
0.0241641
0.0235676
0.0230521
0.0226185
0.0223352
0.022182
0.0223044
0.0226069
0.0233894
0.0244746
0.0106898
0.00730899
0.00531042
0.00403976
0.00318689
0.00259097
0.00216465
0.0018602
0.00165487
0.00154578
0.00155143
0.00172007
0.00214157
0.00295176
0.00429225
0.00620826
0.0085639
0.0110982
0.0135656
0.0158217
0.0178188
0.0195678
0.0211029
0.0224615
0.0236755
0.0247696
0.0257462
0.0266164
0.0273865
0.0280596
0.0286366
0.0291173
0.0295011
0.0297871
0.0299751
0.0300654
0.0300593
0.0299588
0.0297673
0.0294889
0.029129
0.028694
0.0281916
0.0276302
0.0270201
0.0263717
0.0256979
0.0250107
0.0243267
0.023658
0.0230271
0.0224442
0.0219425
0.0215276
0.0212579
0.021127
0.021256
0.0215882
0.0223702
0.0235269
0.0106897
0.00731013
0.00531293
0.00404327
0.00319066
0.00259385
0.00216467
0.00185392
0.00163611
0.00150323
0.00146435
0.00155085
0.00182602
0.0023955
0.00339634
0.00493417
0.00698251
0.00935624
0.0118079
0.0141438
0.0162641
0.0181437
0.0197976
0.0212551
0.0225464
0.0236988
0.0247176
0.0256144
0.0263984
0.0270755
0.0276488
0.0281199
0.0284895
0.0287581
0.0289264
0.0289958
0.0289681
0.0288462
0.0286341
0.0283362
0.0279587
0.0275083
0.026993
0.0264217
0.0258048
0.025153
0.0244794
0.0237962
0.0231195
0.0224621
0.0218448
0.0212795
0.0207953
0.0204027
0.0201499
0.0200443
0.0201826
0.0205467
0.0213296
0.0225579
0.0106896
0.00731119
0.00531529
0.00404661
0.00319437
0.002597
0.00216573
0.00185024
0.001623
0.00147227
0.00140029
0.00142601
0.00159192
0.0019744
0.00268742
0.00385563
0.00553627
0.00764446
0.00997657
0.0123165
0.0145156
0.0165054
0.0182729
0.0198329
0.0212094
0.0224284
0.0235015
0.0244354
0.0252432
0.0259334
0.0265113
0.0269802
0.0273426
0.0276002
0.027755
0.0278091
0.0277654
0.0276275
0.0273999
0.0270879
0.0266978
0.0262369
0.0257136
0.0251373
0.0245184
0.0238682
0.0231995
0.0225249
0.0218601
0.0212184
0.0206189
0.0200753
0.0196127
0.0192459
0.0190134
0.0189359
0.0190861
0.0194841
0.0202692
0.0215688
0.0106895
0.00731218
0.00531751
0.00404979
0.003198
0.00260032
0.00216754
0.0018485
0.00161419
0.00145013
0.00135368
0.00133491
0.00142085
0.00166362
0.00214861
0.00298995
0.00428779
0.00605084
0.00815606
0.0104049
0.0126167
0.0146784
0.0165415
0.018199
0.0196634
0.0209553
0.0220915
0.0230724
0.0239137
0.024626
0.0252171
0.025692
0.0260547
0.0263085
0.0264564
0.0265017
0.0264482
0.0263003
0.026063
0.0257424
0.0253453
0.0248794
0.0243536
0.0237774
0.0231619
0.0225182
0.0218595
0.0211985
0.0205504
0.019929
0.0193518
0.018834
0.0183967
0.0180593
0.0178505
0.017804
0.0179686
0.0184021
0.0191907
0.0205608
0.0106894
0.0073131
0.00531958
0.00405279
0.0032015
0.00260371
0.00216987
0.0018482
0.0016086
0.00143465
0.00132022
0.00126911
0.00129736
0.00143871
0.00175239
0.00232811
0.00327155
0.00465266
0.0064398
0.00849269
0.0106304
0.0127053
0.01463
0.0163683
0.0179153
0.0192818
0.0204862
0.0215218
0.0224051
0.0231486
0.0237614
0.0242506
0.0246216
0.0248791
0.0250275
0.025071
0.0250144
0.024863
0.0246224
0.0242994
0.0239012
0.0234363
0.0229136
0.0223434
0.0217367
0.0211051
0.0204616
0.0198193
0.0191929
0.0185965
0.0180461
0.0175584
0.0171503
0.0168458
0.0166637
0.0166509
0.0168324
0.0173029
0.0180961
0.0195354
0.0106893
0.00731395
0.00532152
0.00405562
0.00320485
0.0026071
0.00217254
0.00184894
0.00160542
0.00142416
0.00129656
0.00122209
0.00120917
0.0012784
0.00146839
0.00184259
0.00248967
0.00350091
0.00491621
0.0066767
0.00864042
0.010649
0.0125818
0.0143694
0.0159827
0.0174179
0.0186904
0.019785
0.020717
0.0214993
0.0221421
0.0226537
0.0230411
0.0233102
0.0234667
0.0235158
0.0234634
0.0233153
0.0230783
0.0227594
0.0223667
0.0219089
0.0213956
0.0208373
0.0202452
0.0196314
0.0190087
0.0183905
0.0177908
0.0172243
0.0167053
0.0162516
0.0158767
0.0156084
0.0154563
0.0154796
0.0156801
0.0161889
0.0169875
0.0184943
0.0106892
0.00731474
0.00532331
0.00405828
0.00320805
0.00261044
0.00217541
0.00185044
0.00160403
0.00141737
0.00128017
0.00118892
0.00114682
0.00116552
0.00126873
0.00149791
0.00191737
0.00261025
0.00365057
0.00505354
0.00674584
0.00859369
0.010461
0.012248
0.0138973
0.0153847
0.0167171
0.0178701
0.0188544
0.0196812
0.0203608
0.0209024
0.0213138
0.0216023
0.0217745
0.0218369
0.021796
0.0216587
0.0214322
0.0211244
0.0207439
0.0202999
0.0198024
0.0192622
0.018691
0.0181009
0.0175048
0.0169161
0.0163484
0.0158165
0.0153335
0.014918
0.0145799
0.014351
0.0142317
0.0142931
0.0145149
0.0150626
0.0158673
0.0174393
0.0106892
0.00731545
0.00532498
0.00406076
0.00321108
0.00261368
0.00217839
0.00185244
0.00160392
0.00141332
0.00126915
0.00116587
0.00110322
0.00108686
0.00113041
0.00125916
0.00151518
0.00196056
0.00266973
0.00370009
0.00504959
0.00664098
0.00835342
0.0100706
0.0117083
0.0132179
0.0145906
0.0157945
0.0168297
0.0177032
0.0184242
0.0190016
0.0194439
0.019759
0.0199544
0.0200375
0.0200157
0.0198964
0.0196878
0.0193983
0.0190369
0.0186135
0.0181384
0.017623
0.0170789
0.0165186
0.0159549
0.0154014
0.0148709
0.0143786
0.0139358
0.0135624
0.0132647
0.0130779
0.012994
0.0130954
0.0133401
0.0139271
0.0147382
0.0163723
0.0106891
0.00731611
0.00532651
0.00406307
0.00321394
0.0026168
0.00218139
0.00185478
0.00160474
0.00141126
0.00126204
0.00115017
0.0010731
0.00103259
0.00103566
0.00109673
0.00124112
0.00150935
0.00195866
0.00265352
0.00363746
0.00489889
0.00636384
0.00792608
0.00948584
0.010971
0.0123486
0.0135877
0.014665
0.0155824
0.0163457
0.0169623
0.0174405
0.0177883
0.0180135
0.0181243
0.0181286
0.0180347
0.0178511
0.017587
0.0172518
0.0168559
0.0164102
0.015926
0.0154155
0.0148913
0.0143659
0.0138531
0.013365
0.0129169
0.0125186
0.012191
0.0119367
0.0117945
0.0117483
0.0118908
0.0121597
0.0127857
0.0136033
0.0152958
0.0106891
0.0073167
0.00532793
0.00406522
0.00321662
0.00261977
0.00218436
0.00185732
0.0016062
0.00141065
0.00125779
0.0011398
0.00105263
0.000995545
0.000971402
0.000987672
0.00105845
0.00120759
0.00147216
0.00190286
0.00255423
0.0034598
0.00460488
0.00592334
0.00732351
0.00871969
0.0100542
0.0112959
0.0123961
0.0133468
0.0141477
0.0148031
0.0153193
0.0157036
0.0159639
0.0161083
0.0161452
0.0160833
0.0159316
0.0156997
0.0153977
0.0150362
0.0146264
0.0141802
0.0137097
0.0132277
0.0127465
0.0122799
0.0118391
0.0114397
0.0110899
0.010811
0.010603
0.0105071
0.0105002
0.0106844
0.0109783
0.0116424
0.0124661
0.0142123
0.0106891
0.00731724
0.00532922
0.00406721
0.00321913
0.00262259
0.00218725
0.00185994
0.00160808
0.00141105
0.00125559
0.00113326
0.00103903
0.000970598
0.000928242
0.000915179
0.000938532
0.0010111
0.001154
0.00139938
0.00179043
0.00237265
0.00317328
0.00417937
0.00533528
0.00656353
0.00779324
0.00898611
0.0100757
0.0110385
0.0118647
0.0125524
0.0131044
0.013526
0.0138241
0.0140062
0.0140807
0.0140564
0.0139427
0.0137494
0.013487
0.0131665
0.0127992
0.0123975
0.0119733
0.0115395
0.0111082
0.0106928
0.0103041
0.0099572
0.00965916
0.00943162
0.0092718
0.00922341
0.00925662
0.0094822
0.0098014
0.0105017
0.0113304
0.0131247
0.010689
0.00731772
0.0053304
0.00406904
0.00322145
0.00262524
0.00219003
0.00186259
0.00161023
0.00141215
0.00125484
0.00112944
0.00103029
0.000954102
0.000899585
0.000867428
0.000860643
0.000885388
0.000952393
0.00107907
0.00129171
0.00162552
0.00211802
0.00279299
0.00364244
0.0046229
0.00567221
0.00674885
0.00777805
0.00871847
0.0095469
0.0102524
0.0108318
0.0112866
0.0116213
0.0118424
0.0119573
0.0119747
0.0119037
0.0117544
0.0115373
0.0112637
0.0109452
0.0105938
0.0102219
0.00984189
0.00946564
0.00910621
0.00877357
0.00848248
0.00823876
0.00806413
0.00795357
0.00795255
0.00802592
0.00829134
0.00863516
0.00936863
0.0102009
0.0120363
0.010689
0.00731814
0.00533146
0.00407071
0.00322361
0.00262773
0.00219267
0.00186519
0.00161252
0.00141372
0.00125511
0.00112755
0.00102498
0.000943489
0.000880854
0.000836289
0.000810476
0.000805837
0.000827139
0.000882558
0.000985254
0.00115514
0.0014193
0.00180795
0.00234292
0.00302294
0.00381855
0.00470077
0.00560369
0.00647122
0.00726525
0.00796294
0.00855248
0.00902954
0.00939469
0.00965174
0.00980667
0.00986704
0.00984158
0.00974
0.00957276
0.00935104
0.00908637
0.00879083
0.00847625
0.00815503
0.00783829
0.0075386
0.00726511
0.007032
0.00684399
0.00672255
0.00666102
0.00670588
0.00681804
0.00712038
0.00748705
0.00824932
0.00908269
0.0109509
0.010689
0.00731851
0.00533242
0.00407224
0.00322559
0.00263003
0.00219517
0.00186771
0.00161485
0.00141558
0.00125606
0.00112699
0.00102205
0.00093695
0.000868894
0.00081626
0.000778445
0.000755873
0.00075016
0.000764502
0.000804369
0.000878575
0.00100061
0.00118948
0.00146803
0.00185609
0.00235969
0.00297858
0.00368087
0.00441002
0.00511736
0.00576771
0.00633861
0.00681755
0.00719922
0.00748331
0.00767302
0.00777402
0.00779384
0.00774137
0.00762653
0.00746009
0.00725321
0.00701755
0.00676445
0.00650569
0.0062517
0.00601423
0.00580155
0.00562701
0.0054944
0.00542464
0.00541006
0.00549736
0.00564522
0.00597959
0.00636594
0.00715084
0.00798191
0.00987282
0.0106889
0.00731883
0.00533327
0.00407363
0.00322741
0.00263217
0.0021975
0.00187012
0.00161717
0.00141759
0.00125746
0.00112735
0.00102078
0.000933215
0.000861537
0.000803645
0.000758243
0.000724721
0.000703131
0.000694252
0.000699775
0.000722675
0.0007678
0.000842738
0.00095871
0.00113064
0.00137472
0.00171091
0.00215532
0.00267694
0.00323256
0.00378102
0.00429025
0.00473841
0.00511249
0.00540635
0.0056189
0.00575277
0.00581328
0.00580778
0.00574502
0.00563481
0.00548748
0.00531385
0.00512441
0.00492998
0.00474002
0.00456519
0.0044128
0.00429508
0.00421519
0.00419301
0.00422082
0.00434448
0.00452259
0.00488158
0.00528255
0.00608163
0.0069057
0.00880691
0.0106889
0.0073191
0.00533402
0.00407488
0.00322907
0.00263414
0.00219968
0.0018724
0.00161943
0.00141966
0.00125912
0.00112831
0.00102062
0.000931389
0.000857294
0.000795968
0.000745748
0.000705508
0.000674557
0.000652588
0.000639663
0.00063626
0.000643387
0.000662798
0.000697354
0.000751566
0.000832249
0.000952287
0.00114714
0.00142358
0.00176804
0.00215211
0.00254352
0.00291431
0.00324392
0.00351924
0.00373347
0.00388478
0.00397512
0.00400923
0.00399379
0.00393693
0.00384748
0.00373486
0.00360819
0.00347692
0.00334919
0.00323425
0.00313838
0.00307238
0.00303908
0.00305688
0.00311905
0.00326941
0.00346913
0.00384193
0.00424993
0.00505181
0.0058625
0.00775885
0.0106889
0.00731931
0.00533467
0.00407599
0.00323057
0.00263594
0.00220169
0.00187453
0.00162158
0.00142172
0.00126092
0.00112964
0.0010212
0.000930845
0.000855139
0.000791567
0.000738274
0.000693881
0.000657362
0.000627954
0.000605088
0.000588342
0.000577409
0.000572071
0.000572196
0.000577748
0.000588853
0.000606921
0.000650239
0.000732654
0.000864816
0.00104726
0.00126818
0.00150766
0.00174437
0.00196051
0.00214364
0.00228666
0.00238697
0.0024455
0.0024658
0.00245328
0.00241446
0.00235657
0.00228679
0.00221262
0.00214056
0.00207803
0.00203021
0.00200613
0.00200865
0.00205406
0.00213792
0.00230055
0.00250893
0.00288018
0.00328426
0.00407367
0.00486243
0.00673578
0.0106889
0.00731947
0.00533522
0.00407697
0.00323192
0.00263757
0.00220353
0.00187651
0.00162362
0.00142372
0.00126277
0.00113119
0.00102225
0.000931139
0.000854364
0.000789324
0.000734063
0.000687083
0.000647213
0.000613515
0.000585205
0.000561595
0.000542042
0.000525897
0.000512461
0.00050093
0.000490339
0.000479738
0.000473828
0.000476367
0.000493032
0.000530336
0.0005929
0.000680459
0.000786827
0.000901636
0.0010135
0.00111273
0.00119276
0.00125034
0.00128508
0.00129879
0.00129476
0.00127726
0.00125088
0.00122059
0.00119087
0.00116695
0.00115274
0.00115511
0.00117715
0.0012323
0.00131966
0.00147422
0.00167278
0.00202117
0.0024058
0.00316233
0.00391771
0.00574889
0.0106888
0.00731959
0.00533567
0.00407783
0.00323312
0.00263905
0.00220521
0.00187834
0.00162552
0.00142563
0.0012646
0.00113283
0.00102356
0.000931961
0.000854483
0.000788484
0.000731959
0.000683356
0.000641446
0.000605231
0.00057387
0.000546627
0.000522826
0.000501816
0.000482947
0.000465551
0.000448943
0.000432524
0.000417354
0.000403786
0.000392597
0.0003851
0.000383115
0.000388619
0.000402979
0.00042609
0.000455982
0.000489207
0.000521769
0.000550129
0.000571855
0.000585879
0.000592355
0.000592433
0.000587846
0.000580818
0.000573594
0.000568968
0.000569374
0.000579081
0.000601067
0.000644954
0.000713662
0.000834894
0.000999247
0.00129632
0.00164008
0.00233656
0.00304324
0.00480819
0.0106888
0.00731965
0.00533603
0.00407856
0.00323418
0.00264037
0.00220673
0.00188
0.00162728
0.00142742
0.00126637
0.00113449
0.00102502
0.000933096
0.000855158
0.000788536
0.0007312
0.000681573
0.000638406
0.000600687
0.000567574
0.000538341
0.00051235
0.000489019
0.00046781
0.000448227
0.00042982
0.000412254
0.000395774
0.00038028
0.000365755
0.000352267
0.000339986
0.000329172
0.000320141
0.000313184
0.00030845
0.000305829
0.000304898
0.000304989
0.000305339
0.00030528
0.000304369
0.000302468
0.000299713
0.000296518
0.000293462
0.00029142
0.000291371
0.000295086
0.000304441
0.000324378
0.000359151
0.000426626
0.000531794
0.000744087
0.00101903
0.00161978
0.00225737
0.00392589
0.0106888
0.00731966
0.0053363
0.00407917
0.0032351
0.00264153
0.00220809
0.00188151
0.00162889
0.00142909
0.00126804
0.00113611
0.00102651
0.000934393
0.00085616
0.000789136
0.00073128
0.000681004
0.000637057
0.000598426
0.00056428
0.000533919
0.000506741
0.000482225
0.000459909
0.000439393
0.000420338
0.000402493
0.000385862
0.0003703
0.000355695
0.000341969
0.000329072
0.000316977
0.000305676
0.000295174
0.00028547
0.000276555
0.000268392
0.000260915
0.000254033
0.000247642
0.000241644
0.000235972
0.000230599
0.000225561
0.000220959
0.000216997
0.000213981
0.000212451
0.000213154
0.000217659
0.000228171
0.00025157
0.000296058
0.000404127
0.000581186
0.00104117
0.00158302
0.00311708
0.0106888
0.00731962
0.00533647
0.00407965
0.00323587
0.00264255
0.0022093
0.00188286
0.00163035
0.00143062
0.00126959
0.00113765
0.00102799
0.000935749
0.000857331
0.000790053
0.000731864
0.000681178
0.000636742
0.000597549
0.000562782
0.000531759
0.00050391
0.000478746
0.000455854
0.000434881
0.000415532
0.000397583
0.000380941
0.000365454
0.000350995
0.000337463
0.000324772
0.000312857
0.000301662
0.000291141
0.000281253
0.000271962
0.000263231
0.000255025
0.000247307
0.000240042
0.0002332
0.000226762
0.000220727
0.000215128
0.000210042
0.000205611
0.000202065
0.000199741
0.000199125
0.000200868
0.000205998
0.000216139
0.000235002
0.000275455
0.000359023
0.000636805
0.00104999
0.00240077
0.0106888
0.00731953
0.00533655
0.00408002
0.00323652
0.00264342
0.00221035
0.00188406
0.00163166
0.001432
0.00127102
0.00113909
0.00102941
0.000937096
0.000858567
0.000791129
0.000732731
0.000681786
0.000637042
0.0005975
0.000562351
0.00053093
0.000502682
0.000477145
0.000453926
0.000432698
0.000413186
0.000395173
0.000378522
0.000363075
0.000348703
0.000335295
0.000322758
0.000311013
0.000299993
0.000289639
0.0002799
0.000270731
0.000262088
0.000253936
0.000246239
0.000238971
0.000232112
0.000225661
0.000219642
0.000214117
0.000209209
0.000205118
0.00020215
0.000200716
0.000201388
0.0002048
0.00021193
0.000223428
0.000241723
0.000267678
0.000314444
0.000437881
0.000700146
0.00180174
0.0106888
0.00731938
0.00533653
0.00408027
0.00323702
0.00264415
0.00221126
0.00188511
0.00163281
0.00143324
0.00127232
0.00114041
0.00103073
0.000938387
0.000859796
0.000792263
0.000733736
0.000682627
0.00063769
0.000597929
0.000562542
0.000530874
0.000502382
0.000476616
0.000453199
0.000431814
0.000412196
0.000394131
0.000377457
0.000362018
0.000347679
0.000334327
0.000321863
0.000310205
0.00029928
0.000289023
0.00027938
0.000270299
0.000261738
0.000253657
0.000246024
0.000238818
0.00023203
0.000225679
0.00021982
0.000214569
0.00021012
0.000206773
0.000204963
0.000205253
0.0002084
0.0002152
0.000226873
0.000244011
0.000269383
0.000301108
0.000350627
0.0004152
0.000568694
0.00135099
0.0106888
0.00731918
0.00533643
0.00408041
0.0032374
0.00264474
0.00221202
0.00188601
0.00163383
0.00143433
0.00127347
0.0011416
0.00103194
0.000939594
0.000860974
0.000793386
0.000734781
0.000683572
0.000638514
0.000598615
0.000563078
0.000531253
0.000502607
0.000476696
0.00045315
0.00043166
0.000411967
0.000393855
0.000377151
0.000361697
0.00034736
0.000334023
0.000321585
0.000309962
0.000299076
0.000288862
0.000279262
0.000270224
0.000261704
0.000253664
0.000246076
0.000238929
0.000232235
0.000226043
0.000220463
0.000215687
0.000212021
0.000209908
0.000209966
0.000212973
0.000219942
0.000231905
0.000250448
0.000276253
0.000312835
0.000357137
0.00042239
0.000485806
0.000611444
0.00107674
0.0106888
0.00731892
0.00533623
0.00408042
0.00323765
0.00264519
0.00221264
0.00188676
0.00163469
0.00143529
0.00127449
0.00114267
0.00103303
0.000940698
0.00086207
0.000794456
0.000735808
0.000684539
0.000639406
0.00059942
0.000563787
0.000531862
0.000503115
0.000477108
0.000453475
0.000431912
0.00041216
0.000394005
0.000377268
0.000361791
0.000347438
0.000334094
0.000321656
0.000310038
0.000299161
0.000288959
0.000279372
0.000270349
0.000261847
0.000253833
0.000246289
0.000239223
0.000232681
0.000226768
0.000221678
0.000217722
0.000215368
0.00021527
0.000218299
0.000225522
0.000238294
0.000257963
0.000286582
0.000324948
0.000377412
0.000439586
0.00052681
0.00060664
0.000744211
0.000988594
0.0106888
0.0073186
0.00533593
0.00408032
0.00323776
0.0026455
0.00221312
0.00188738
0.00163541
0.0014361
0.00127537
0.0011436
0.001034
0.000941688
0.000863066
0.000795445
0.000736776
0.000685474
0.000640296
0.000600257
0.000564563
0.000532573
0.000503759
0.000477686
0.000453993
0.000432375
0.000412577
0.000394384
0.000377614
0.000362109
0.000347735
0.000334372
0.000321921
0.000310293
0.000299409
0.000289202
0.000279614
0.000270595
0.000262106
0.000254125
0.000246656
0.000239743
0.00023349
0.000228095
0.000223886
0.000221356
0.000221214
0.000224404
0.000232151
0.000245908
0.000267479
0.000298603
0.000341867
0.000398039
0.000472046
0.000557424
0.000670669
0.000771672
0.000929333
0.00106057
0.0106888
0.00731822
0.00533553
0.0040801
0.00323775
0.00264568
0.00221345
0.00188785
0.00163599
0.00143677
0.00127611
0.0011444
0.00103484
0.000942558
0.000863953
0.000796338
0.000737663
0.000686345
0.000641143
0.000601071
0.000565339
0.000533307
0.000504448
0.000478331
0.000454594
0.000432935
0.0004131
0.000394874
0.000378074
0.000362542
0.000348142
0.000334758
0.000322288
0.000310642
0.000299744
0.000289527
0.000279934
0.000270921
0.000262462
0.000254558
0.000247252
0.000240654
0.000234973
0.000230557
0.000227941
0.000227896
0.000231472
0.000240027
0.000255258
0.000279121
0.000313969
0.000361932
0.000425983
0.000506321
0.00060754
0.000720045
0.000860103
0.000981447
0.00115615
0.00123898
0.0106888
0.00731777
0.00533503
0.00407976
0.0032376
0.00264571
0.00221365
0.00188818
0.00163644
0.0014373
0.00127672
0.00114507
0.00103556
0.000943305
0.000864724
0.000797123
0.000738453
0.000687132
0.000641919
0.00060183
0.000566076
0.000534016
0.000505129
0.00047898
0.000455211
0.000433522
0.000413657
0.000395404
0.000378577
0.00036302
0.000348596
0.00033519
0.000322699
0.000311036
0.000300123
0.000289898
0.000280311
0.000271332
0.00026296
0.000255244
0.000248302
0.000242364
0.000237814
0.000235241
0.000235501
0.000239769
0.000249583
0.000266856
0.000293899
0.000333257
0.000387803
0.000459741
0.000551717
0.00066218
0.000793947
0.000933678
0.00109666
0.00123315
0.0014176
0.00147799
0.0106888
0.00731725
0.00533443
0.0040793
0.00323732
0.00264561
0.00221371
0.00188837
0.00163674
0.00143769
0.00127719
0.0011456
0.00103614
0.000943928
0.000865377
0.000797796
0.000739139
0.000687824
0.00064261
0.000602514
0.000566748
0.000534673
0.000505766
0.000479597
0.000455806
0.000434093
0.000414207
0.000395931
0.000379081
0.000363502
0.000349057
0.000335631
0.000323122
0.000311445
0.000300527
0.000290313
0.000280771
0.000271903
0.000263765
0.000256497
0.00025036
0.00024579
0.000243457
0.000244333
0.000249751
0.000261463
0.000281667
0.000312983
0.000358403
0.000420922
0.000503431
0.000607182
0.000732983
0.000876109
0.00103663
0.00119831
0.00137589
0.0015194
0.00170499
0.00174978
0.0106888
0.00731666
0.00533373
0.00407871
0.00323691
0.00264538
0.00221363
0.00188842
0.0016369
0.00143795
0.00127753
0.001146
0.00103659
0.000944426
0.00086591
0.000798355
0.000739717
0.000688414
0.000643206
0.000603111
0.000567341
0.000535259
0.000506342
0.000480159
0.000456354
0.000434625
0.000414721
0.000396428
0.000379561
0.000363964
0.000349502
0.000336062
0.000323544
0.000311868
0.000300973
0.000290829
0.000281444
0.000272892
0.000265343
0.000259114
0.000254719
0.000252943
0.000254915
0.00026218
0.000276757
0.000301172
0.000338432
0.000391855
0.000464802
0.000559904
0.000678648
0.000819542
0.00098002
0.00115189
0.00133315
0.00150693
0.00168836
0.00182983
0.00200831
0.00203739
0.0106888
0.00731599
0.00533291
0.004078
0.00323636
0.002645
0.0022134
0.00188833
0.00163693
0.00143808
0.00127773
0.00114627
0.00103692
0.000944801
0.000866323
0.000798799
0.000740185
0.000688899
0.000643703
0.000603615
0.000567849
0.000535766
0.000506845
0.000480656
0.000456841
0.000435103
0.000415188
0.000396882
0.000380003
0.000364395
0.000349926
0.000336484
0.000323982
0.000312356
0.000301578
0.000291675
0.00028275
0.000275031
0.000268913
0.000265033
0.000264343
0.000268189
0.000278394
0.000297317
0.000327873
0.000373456
0.000437717
0.000524046
0.000634908
0.000770684
0.000929444
0.00110574
0.00129381
0.00148375
0.00167339
0.00184745
0.00202192
0.002153
0.00231743
0.00232889
0.0106889
0.00731524
0.00533198
0.00407715
0.00323567
0.00264447
0.00221304
0.0018881
0.00163682
0.00143806
0.0012778
0.00114641
0.00103712
0.000945053
0.000866617
0.000799128
0.000740542
0.000689278
0.000644099
0.000604025
0.000568267
0.000536189
0.00050727
0.00048108
0.000457264
0.000435521
0.000415601
0.000397291
0.000380409
0.000364805
0.000350354
0.000336959
0.00032456
0.000313143
0.000302767
0.000293593
0.000285937
0.000280328
0.000277584
0.000278895
0.000285912
0.000300827
0.000326416
0.000366021
0.000423394
0.000502305
0.000605914
0.000735817
0.000891275
0.00106851
0.00126159
0.00146236
0.0016641
0.00185775
0.00204243
0.00220561
0.00236389
0.0024778
0.00262286
0.0026149
0.0106889
0.00731439
0.00533093
0.00407617
0.00323483
0.0026438
0.00221252
0.00188773
0.00163656
0.00143791
0.00127774
0.00114642
0.0010372
0.000945182
0.000866792
0.000799343
0.00074079
0.000689554
0.000644398
0.000604342
0.000568599
0.000536533
0.000507624
0.000481442
0.000457632
0.000435895
0.000415983
0.000397686
0.000380833
0.000365286
0.000350948
0.000337772
0.00032578
0.000315093
0.000305976
0.000298894
0.000294585
0.000294142
0.000299101
0.000311527
0.000334076
0.000369999
0.00042303
0.000497066
0.000595608
0.00072093
0.000873209
0.00104985
0.00124566
0.00145335
0.0016653
0.00187354
0.00207269
0.00225594
0.00242405
0.00256734
0.00270242
0.00279423
0.00291613
0.00288764
0.0106889
0.00731345
0.00532975
0.00407504
0.00323384
0.00264298
0.00221185
0.0018872
0.00163616
0.00143761
0.00127754
0.0011463
0.00103715
0.000945194
0.000866857
0.000799455
0.000740943
0.000689743
0.00064462
0.000604593
0.000568878
0.000536838
0.000507954
0.0004818
0.000458021
0.000436321
0.000416461
0.000398253
0.000381557
0.000366292
0.000352452
0.000340137
0.000329594
0.00032127
0.000315883
0.000314501
0.000318623
0.000330266
0.000352022
0.000387069
0.00043906
0.000511844
0.000608944
0.000732815
0.000884029
0.00106064
0.00125815
0.00147002
0.00168882
0.00190702
0.00211823
0.00231656
0.00249873
0.00266023
0.00280305
0.00292001
0.00302712
0.00309367
0.00318992
0.00314061
0.0106889
0.00731238
0.00532841
0.00407373
0.00323266
0.00264196
0.00221101
0.00188651
0.0016356
0.00143718
0.00127721
0.00114607
0.00103701
0.00094513
0.000866866
0.000799532
0.000741085
0.000689948
0.000644888
0.000604927
0.000569282
0.000537321
0.000508529
0.000482484
0.00045884
0.000437313
0.000417713
0.000399948
0.000383992
0.00036995
0.000358089
0.000348898
0.000343149
0.000341972
0.000346929
0.000360082
0.000384039
0.00042193
0.000477278
0.000553704
0.000654422
0.000781575
0.000935536
0.00111442
0.00131405
0.00152848
0.00175089
0.00197437
0.00219271
0.00240046
0.00259346
0.00276804
0.0029226
0.00305445
0.00316622
0.00325286
0.00332925
0.00336893
0.00343812
0.0033684
0.0106889
0.00731113
0.00532684
0.00407215
0.00323122
0.0026407
0.00220995
0.00188564
0.00163492
0.00143667
0.00127687
0.00114589
0.00103697
0.000945247
0.000867135
0.000799956
0.000741675
0.000690719
0.00064586
0.000606128
0.000570753
0.000539116
0.00051072
0.000485172
0.000462161
0.000441463
0.000423168
0.000407478
0.000394745
0.00038558
0.000380912
0.00038204
0.000390698
0.000409081
0.000439851
0.000486052
0.000550925
0.000637562
0.000748428
0.000884793
0.00104623
0.00123037
0.00143302
0.00164873
0.00187147
0.00209528
0.00231474
0.00252511
0.00272246
0.0029035
0.00306585
0.00320741
0.00332762
0.00342509
0.00350266
0.00355711
0.00360176
0.00361431
0.00365582
0.00356667
0.0106888
0.0073095
0.00532478
0.00407006
0.00322931
0.00263909
0.00220869
0.00188477
0.00163444
0.0014366
0.00127721
0.00114666
0.00103819
0.000946941
0.000869342
0.000802731
0.000745087
0.000694862
0.000650855
0.000612135
0.00057798
0.000547837
0.000521301
0.000498099
0.000478094
0.000461365
0.000449169
0.000442314
0.000441999
0.000449798
0.000467662
0.000497894
0.000543063
0.000605845
0.000688756
0.000793804
0.000922078
0.00107338
0.00124605
0.00143696
0.0016419
0.00185605
0.00207446
0.00229247
0.00250586
0.00271092
0.00290443
0.00308363
0.00324624
0.00339032
0.00351457
0.00361787
0.00370026
0.00376129
0.0038037
0.00382593
0.00383931
0.00382564
0.00383946
0.00373229
0.0106882
0.00730681
0.00532145
0.0040668
0.00322661
0.00263729
0.002208
0.00188532
0.00163635
0.00143995
0.00128209
0.00115318
0.00104649
0.000957192
0.000881765
0.000817605
0.00076277
0.000715808
0.000675644
0.000641507
0.000612882
0.000589488
0.000571276
0.000558441
0.000551465
0.000552162
0.00056326
0.000586417
0.000623528
0.000676543
0.000747308
0.00083735
0.000947626
0.00107827
0.00122844
0.00139624
0.00157888
0.00177294
0.00197469
0.00218045
0.00238676
0.0025905
0.00278884
0.00297925
0.00315942
0.00332725
0.00348084
0.00361851
0.00373886
0.00384071
0.00392336
0.00398635
0.00403005
0.00405478
0.00406293
0.0040546
0.00403855
0.00400079
0.00398724
0.00386384
0.010686
0.00730102
0.00531494
0.0040615
0.00322399
0.0026384
0.00221357
0.00189589
0.00165236
0.00146181
0.00131025
0.00118816
0.00108891
0.00100782
0.000941548
0.000887719
0.00084466
0.00081125
0.000786817
0.000771073
0.00076408
0.000766239
0.000778282
0.000801285
0.000836662
0.000888622
0.000958512
0.00104674
0.00115321
0.00127722
0.00141742
0.00157182
0.00173796
0.00191309
0.00209443
0.00227934
0.00246546
0.00265072
0.00283332
0.00301165
0.00318417
0.00334941
0.0035059
0.00365215
0.00378671
0.00390818
0.00401524
0.00410675
0.0041818
0.0042397
0.00428018
0.00430328
0.00430956
0.00430009
0.00427662
0.00424118
0.00419887
0.00413959
0.00410018
0.00396326
0.0106783
0.00728732
0.00530317
0.00405783
0.00323304
0.00266335
0.00225664
0.00195876
0.00173643
0.00156846
0.00144095
0.00134456
0.00127294
0.00122173
0.00118795
0.00116963
0.00116549
0.00117483
0.00119737
0.00123313
0.00128238
0.00134555
0.00142313
0.00151552
0.00162307
0.00174683
0.00188378
0.00203092
0.00218522
0.00234382
0.00250429
0.0026647
0.00282363
0.0029801
0.00313342
0.00328309
0.00342862
0.00356952
0.00370517
0.00383484
0.00395765
0.00407256
0.00417846
0.00427418
0.00435854
0.00443044
0.00448892
0.00453321
0.00456281
0.00457752
0.00457741
0.00456309
0.0045352
0.00449566
0.00444516
0.00438831
0.00432462
0.00424882
0.00418599
0.0040414
0.0106576
0.0072635
0.00530223
0.004098
0.00332601
0.00281629
0.00247388
0.00224297
0.00208935
0.00199129
0.0019346
0.00190976
0.00191029
0.00193168
0.00197073
0.00202513
0.00209315
0.00217342
0.00226478
0.0023662
0.00247668
0.00259523
0.00272081
0.00285239
0.0029888
0.0031265
0.00326252
0.00339452
0.00352107
0.00364172
0.00375668
0.00386652
0.00397186
0.00407323
0.00417096
0.00426514
0.00435563
0.00444203
0.00452373
0.00459991
0.00466962
0.00473178
0.00478532
0.00482919
0.00486244
0.00488432
0.00489428
0.00489209
0.00487774
0.00485164
0.00481431
0.00476702
0.00471042
0.00464759
0.00457742
0.00450861
0.00443168
0.00434993
0.00427099
0.004138
0.0106405
0.00730716
0.00547418
0.0044295
0.00382725
0.00348632
0.00330561
0.00322585
0.0032109
0.00323801
0.00329247
0.00336461
0.003448
0.00353832
0.00363269
0.00372916
0.00382642
0.00392361
0.00402014
0.00411562
0.00420981
0.00430253
0.00439368
0.00448318
0.0045712
0.00465374
0.00472774
0.00479319
0.00485183
0.00490573
0.00495659
0.0050055
0.005053
0.00509917
0.00514372
0.0051861
0.00522552
0.00526106
0.00529167
0.00531625
0.00533372
0.00534307
0.00534344
0.0053342
0.00531497
0.00528568
0.00524656
0.00519819
0.00514143
0.0050775
0.00500767
0.00493407
0.00485762
0.00478289
0.00470695
0.00464466
0.00457382
0.004516
0.00445446
0.00441195
0.0110805
0.00822924
0.00679566
0.00605656
0.00569487
0.00554437
0.00550948
0.0055338
0.00558458
0.00564359
0.00570139
0.00575376
0.00579943
0.00583861
0.00587211
0.00590094
0.00592601
0.0059481
0.00596782
0.00598561
0.00600179
0.00601653
0.00602993
0.00604192
0.00605253
0.00606101
0.00606923
0.00607973
0.00609334
0.00610959
0.00612734
0.00614518
0.00616164
0.00617527
0.00618466
0.00618845
0.00618536
0.0061742
0.00615396
0.00612381
0.00608321
0.00603192
0.00597009
0.00589826
0.00581735
0.00572869
0.00563397
0.00553517
0.00543468
0.00533492
0.00523925
0.00514979
0.00507261
0.00500617
0.00496764
0.00493604
0.00497291
0.00500615
0.00521585
0.0055052
0.0173521
0.0154563
0.0135199
0.011969
0.0107957
0.00991984
0.00926888
0.00878376
0.00841806
0.00813737
0.00791727
0.00774056
0.00759512
0.00747239
0.00736637
0.00727278
0.00718854
0.00711135
0.00703948
0.00697153
0.00690639
0.00684314
0.00678098
0.00671915
0.0066573
0.00659329
0.00652426
0.00644978
0.00637049
0.00628735
0.00620122
0.00611272
0.00602229
0.00593026
0.00583693
0.00574264
0.00564779
0.00555292
0.0054587
0.00536597
0.00527575
0.0051893
0.0051081
0.00503391
0.00496883
0.00491531
0.00487623
0.00485512
0.00485596
0.00488426
0.00494534
0.0050496
0.00520185
0.00542937
0.00571884
0.00617419
0.00664933
0.00758135
0.00837123
0.010511
)
;

boundaryField
{
    inlet
    {
        type            fixedValue;
        value           uniform 0.017;
    }
    outlet
    {
        type            zeroGradient;
    }
    fixedWalls
    {
        type            kqRWallFunction;
        value           nonuniform List<scalar> 
120
(
0.0173521
0.0154563
0.0135199
0.011969
0.0107957
0.00991984
0.00926888
0.00878376
0.00841806
0.00813737
0.00791727
0.00774056
0.00759512
0.00747239
0.00736637
0.00727278
0.00718854
0.00711135
0.00703948
0.00697153
0.00690639
0.00684314
0.00678098
0.00671915
0.0066573
0.00659329
0.00652426
0.00644978
0.00637049
0.00628735
0.00620122
0.00611272
0.00602229
0.00593026
0.00583693
0.00574264
0.00564779
0.00555292
0.0054587
0.00536597
0.00527575
0.0051893
0.0051081
0.00503391
0.00496883
0.00491531
0.00487623
0.00485512
0.00485596
0.00488426
0.00494534
0.0050496
0.00520185
0.00542937
0.00571884
0.00617419
0.00664933
0.00758135
0.00837123
0.010511
0.0117122
0.00656294
0.00175536
0.00044521
0.000122411
0.000315225
0.000246529
0.000388978
0.000432512
0.000551952
0.000633496
0.00074049
0.000831712
0.000940345
0.00105678
0.00119437
0.00134496
0.00150703
0.00167383
0.00184362
0.00201611
0.00220549
0.0023941
0.0025819
0.00276844
0.00295336
0.0031363
0.00331699
0.00349512
0.00367035
0.00384344
0.00401263
0.00417753
0.00433763
0.00449232
0.004641
0.00478295
0.00491766
0.00504425
0.0051625
0.00527105
0.00537067
0.00545863
0.00553744
0.00560356
0.00568107
0.00591424
0.00617857
0.00642866
0.00674324
0.00701368
0.00741894
0.00770786
0.00828696
0.00858002
0.00950961
0.00976196
0.0114564
0.0116117
0.0156727
)
;
    }
    frontAndBack
    {
        type            empty;
    }
}


// ************************************************************************* //
