/*--------------------------------*- C++ -*----------------------------------*\
| =========                 |                                                 |
| \\      /  F ield         | OpenFOAM: The Open Source CFD Toolbox           |
|  \\    /   O peration     | Version:  2.4.0                                 |
|   \\  /    A nd           | Web:      www.OpenFOAM.org                      |
|    \\/     M anipulation  |                                                 |
\*---------------------------------------------------------------------------*/
FoamFile
{
    version     2.0;
    format      ascii;
    class       volScalarField;
    location    "3.5";
    object      nut;
}
// * * * * * * * * * * * * * * * * * * * * * * * * * * * * * * * * * * * * * //

dimensions      [0 2 -1 0 0 0 0];

internalField   nonuniform List<scalar> 
5625
(
2.90459e-05
1.63358e-05
1.59281e-05
1.49404e-05
1.39162e-05
1.30361e-05
1.24211e-05
1.20464e-05
1.18702e-05
1.18338e-05
1.18812e-05
1.19533e-05
1.20293e-05
1.21023e-05
1.21905e-05
1.23002e-05
1.24217e-05
1.2547e-05
1.26825e-05
1.28255e-05
1.29768e-05
1.31406e-05
1.3303e-05
1.34619e-05
1.36215e-05
1.37806e-05
1.39383e-05
1.40942e-05
1.42466e-05
1.43936e-05
1.45361e-05
1.46725e-05
1.48027e-05
1.49255e-05
1.50424e-05
1.51506e-05
1.52514e-05
1.5344e-05
1.54284e-05
1.55051e-05
1.55713e-05
1.56325e-05
1.56782e-05
1.57245e-05
1.57497e-05
1.57825e-05
1.57891e-05
1.58073e-05
1.57983e-05
1.57956e-05
1.57783e-05
1.57494e-05
1.57298e-05
1.56683e-05
1.56553e-05
1.5554e-05
1.55559e-05
1.54097e-05
1.54365e-05
1.52406e-05
1.52979e-05
1.50681e-05
1.51433e-05
1.4895e-05
1.49755e-05
1.47251e-05
1.48135e-05
1.45706e-05
1.4665e-05
1.44378e-05
1.45322e-05
1.43468e-05
1.43029e-05
1.45743e-05
2.46621e-05
0.000181343
5.89844e-05
4.13237e-05
3.34875e-05
3.35345e-05
3.58531e-05
3.93956e-05
4.32888e-05
4.7781e-05
5.26004e-05
5.74787e-05
6.20891e-05
6.63129e-05
7.01625e-05
7.39379e-05
7.76346e-05
8.11145e-05
8.43499e-05
8.74402e-05
9.0416e-05
9.31813e-05
9.57999e-05
9.82067e-05
0.000100433
0.000102536
0.000104515
0.000106363
0.000108072
0.000109627
0.000111027
0.000112286
0.000113391
0.00011434
0.000115136
0.000115784
0.000116266
0.000116559
0.000116745
0.000116713
0.000116612
0.000116208
0.000115844
0.000115014
0.000114433
0.000113145
0.000112436
0.000110645
0.000109872
0.000107496
0.000106662
0.000103819
0.000102829
9.95402e-05
9.83926e-05
9.47314e-05
9.33605e-05
8.93678e-05
8.77504e-05
8.3515e-05
8.15252e-05
7.72964e-05
7.45241e-05
7.09519e-05
6.70094e-05
6.40949e-05
5.9437e-05
5.68149e-05
5.18737e-05
4.95057e-05
4.40412e-05
4.21058e-05
3.59408e-05
3.44476e-05
2.83001e-05
0.000143745
0.000174453
0.000112739
8.21608e-05
6.45616e-05
5.99735e-05
5.96679e-05
6.17941e-05
6.58028e-05
7.10344e-05
7.74771e-05
8.48605e-05
9.27573e-05
0.000100503
0.000108044
0.000115498
0.000122903
0.000130136
0.000137049
0.000143813
0.000150303
0.000156551
0.000162585
0.000168269
0.000173627
0.00017877
0.000183683
0.000188357
0.000192784
0.000196913
0.000200742
0.000204323
0.000207606
0.000210628
0.000213314
0.000215771
0.000217863
0.000219743
0.000221265
0.000222578
0.00022351
0.000224187
0.000224562
0.000224478
0.000224376
0.000223531
0.000223161
0.000221371
0.000220659
0.000218024
0.000216817
0.000213482
0.000211811
0.000207785
0.00020557
0.000200984
0.000198044
0.000192949
0.000189298
0.000183706
0.000179298
0.00017329
0.000167696
0.000162443
0.00015448
0.000150435
0.000140678
0.000137034
0.000126312
0.000122793
0.00011108
0.000107876
9.47004e-05
9.12827e-05
8.15226e-05
0.000141241
0.00016844
0.000147146
0.000115885
9.77592e-05
8.7264e-05
8.35282e-05
8.29082e-05
8.5124e-05
8.95434e-05
9.58285e-05
0.000103882
0.000112828
0.000122544
0.000132734
0.000142687
0.000152704
0.000162687
0.000172363
0.000181959
0.000191188
0.000200186
0.000208958
0.000217347
0.000225405
0.000233192
0.00024067
0.000247802
0.000254617
0.000261129
0.000267259
0.000273093
0.000278551
0.000283673
0.000288355
0.000292755
0.000296685
0.000300358
0.000303479
0.000306424
0.00030872
0.00031092
0.000312382
0.000313783
0.000314424
0.000314967
0.000315018
0.000314468
0.000314137
0.000312577
0.000311602
0.000309097
0.000307485
0.000304116
0.000301708
0.000297605
0.000294226
0.000289455
0.00028508
0.000279615
0.000274199
0.000268054
0.000261357
0.000255401
0.000246201
0.000241485
0.000229496
0.000225723
0.000211835
0.000208299
0.000192907
0.000189416
0.000172993
0.000167895
0.000165448
0.000143325
0.00016309
0.000162229
0.000138635
0.000124836
0.000111966
0.00010591
0.000103053
0.000102852
0.00010614
0.000110753
0.000118316
0.000127228
0.000137939
0.000149252
0.000160846
0.000172958
0.000184891
0.000196574
0.000208307
0.000219612
0.000230759
0.000241691
0.000252188
0.000262383
0.000272285
0.000281826
0.000290991
0.000299809
0.00030828
0.000316303
0.000323988
0.000331258
0.000338172
0.000344589
0.000350689
0.000356269
0.000361559
0.000366212
0.000370672
0.000374371
0.00037801
0.000380726
0.000383525
0.00038524
0.000387163
0.000387991
0.000388927
0.000388973
0.000388859
0.000388134
0.000386858
0.000385592
0.000383222
0.000381097
0.000377906
0.000374837
0.000370838
0.000366615
0.000361784
0.000356362
0.000350724
0.00034403
0.000337978
0.000329127
0.00032393
0.000312048
0.000308013
0.000293401
0.000290208
0.000273773
0.000270094
0.000253382
0.000247979
0.000255813
0.000147205
0.000158252
0.000165603
0.000151564
0.000143854
0.000132113
0.000125242
0.000121219
0.000119164
0.000121154
0.000124615
0.000130354
0.000138527
0.000148813
0.000160705
0.00017341
0.000186579
0.00019973
0.000213182
0.000226577
0.00023946
0.000252319
0.000264957
0.00027711
0.000289019
0.000300624
0.000311818
0.000322621
0.000333066
0.000343135
0.000352731
0.000361948
0.000370725
0.000379091
0.000386952
0.000394458
0.000401409
0.000408044
0.000414015
0.000419759
0.0004247
0.000429565
0.00043344
0.000437428
0.000440201
0.000443297
0.000445007
0.000447181
0.000447879
0.000449127
0.000448881
0.00044903
0.00044808
0.000446938
0.00044519
0.000442987
0.000440439
0.000437237
0.000433511
0.00042944
0.000424561
0.000419648
0.000413508
0.000407839
0.000399892
0.000394511
0.000383868
0.000379472
0.000365887
0.000362605
0.000347154
0.000343055
0.000327898
0.000322759
0.000337661
0.000151157
0.000153817
0.000162895
0.000157936
0.00015426
0.000147008
0.00014058
0.000136369
0.000133706
0.000134054
0.000137155
0.000140938
0.00014823
0.00015782
0.000168849
0.000181517
0.000195513
0.000209656
0.000224111
0.000238561
0.000252809
0.000267142
0.000281146
0.000294619
0.00030795
0.000320953
0.000333494
0.000345644
0.000357435
0.000368818
0.000379705
0.000390191
0.000400218
0.000409798
0.000418873
0.000427527
0.000435641
0.000443364
0.000450465
0.000457238
0.000463274
0.00046911
0.000474051
0.000478948
0.000482765
0.000486713
0.000489419
0.000492421
0.000494046
0.000496134
0.000496699
0.000497806
0.000497429
0.000497504
0.000496232
0.000495061
0.000492965
0.000490659
0.000487712
0.000484244
0.000480179
0.000475867
0.000470522
0.000465527
0.000458606
0.000453378
0.000444321
0.000439681
0.000427969
0.000424423
0.000410997
0.000406556
0.000393808
0.000389249
0.000408556
0.000154665
0.000149707
0.000157742
0.000159787
0.000158758
0.000155853
0.000151707
0.000148258
0.000145836
0.000144959
0.000147704
0.000150642
0.000155777
0.000164576
0.000175369
0.000187571
0.000200804
0.000215364
0.000230629
0.000245933
0.000261179
0.000276475
0.000291505
0.000306185
0.000320754
0.000334922
0.000348577
0.000361864
0.000374796
0.000387283
0.000399249
0.00041081
0.000421889
0.000432489
0.000442582
0.000452206
0.000461293
0.000469935
0.000477981
0.000485622
0.000492584
0.000499223
0.000505087
0.00051072
0.000515463
0.000520085
0.000523718
0.00052734
0.000529897
0.000532557
0.00053405
0.000535736
0.000536202
0.000536985
0.000536425
0.000536144
0.000534685
0.000533158
0.000530834
0.000528027
0.000524853
0.000521072
0.000516807
0.000512377
0.000506503
0.00050172
0.000494117
0.000489506
0.000479918
0.00047616
0.000465156
0.000460645
0.00045055
0.000446775
0.000468492
0.000157624
0.000145862
0.000152066
0.000158507
0.000159321
0.000159801
0.000158227
0.000156353
0.000154837
0.000153899
0.000155694
0.000159064
0.00016261
0.000169577
0.000179618
0.000191029
0.000204458
0.000218512
0.000233486
0.000249274
0.000265326
0.000281335
0.00029727
0.000312895
0.000328357
0.000343443
0.000358082
0.000372408
0.000386331
0.000399757
0.000412644
0.00042514
0.000437123
0.000448598
0.000459565
0.000470023
0.000479944
0.000489378
0.000498226
0.000506613
0.000514356
0.000521692
0.000528327
0.000534607
0.000540115
0.000545341
0.000549735
0.000553924
0.000557243
0.000560438
0.000562702
0.000564914
0.000566165
0.000567459
0.000567701
0.000567982
0.000567226
0.00056645
0.000564795
0.000562676
0.000560174
0.00055685
0.000553686
0.000549721
0.000545151
0.000540878
0.000534461
0.000530184
0.000522575
0.000518807
0.000510228
0.000506036
0.000498432
0.000495602
0.000518335
0.000160049
0.000142235
0.000146818
0.00015506
0.00015749
0.000160116
0.00016114
0.000160926
0.00016063
0.000160457
0.000161493
0.00016533
0.000168636
0.000173483
0.000182396
0.000192894
0.000205447
0.000219063
0.000234366
0.000249774
0.000265918
0.000282351
0.000298975
0.000315321
0.000331509
0.000347405
0.000362884
0.000378017
0.000392742
0.00040695
0.000420709
0.00043405
0.000446821
0.000459063
0.000470799
0.000481989
0.000492642
0.000502771
0.000512319
0.000521363
0.00052978
0.000537733
0.000545029
0.000551884
0.00055804
0.00056381
0.000568843
0.000573548
0.000577502
0.000581191
0.000584096
0.000586796
0.000588702
0.00059048
0.000591409
0.000592187
0.000592145
0.000591881
0.000590888
0.0005895
0.000587659
0.000584915
0.00058243
0.000578867
0.000575679
0.000571972
0.000566655
0.000562954
0.000556911
0.000553457
0.000547052
0.00054357
0.000538135
0.000536371
0.000559201
0.000161985
0.000138788
0.000142377
0.000150287
0.000154355
0.000158079
0.000160979
0.000162494
0.000163511
0.000164406
0.000165516
0.000168964
0.000173114
0.000176934
0.000183664
0.000193528
0.000205017
0.000217805
0.000232419
0.000247696
0.000263994
0.000280308
0.00029722
0.000314014
0.000330741
0.000347254
0.000363418
0.000379228
0.00039463
0.000409552
0.000424024
0.000438059
0.000451503
0.00046451
0.00047694
0.000488783
0.000500095
0.000510849
0.000521022
0.000530656
0.000539673
0.000548186
0.000556063
0.000563441
0.000570164
0.00057643
0.000582017
0.000587197
0.000591699
0.000595845
0.000599298
0.000602452
0.000604917
0.00060715
0.000608661
0.000609913
0.000610477
0.00061071
0.000610355
0.000609513
0.000608299
0.000606307
0.000604397
0.00060117
0.000599066
0.000595963
0.000591793
0.000588755
0.000584019
0.000581143
0.000576489
0.000573939
0.000570552
0.000569844
0.000592199
0.000163476
0.000135491
0.000138541
0.000145297
0.000150227
0.000154692
0.000158634
0.000161621
0.000163875
0.000165834
0.000167626
0.000170591
0.000175287
0.000179404
0.000184265
0.000192691
0.000203501
0.000215237
0.00022886
0.00024354
0.000259362
0.000275738
0.000292561
0.000309469
0.00032653
0.000343461
0.000360122
0.00037647
0.00039246
0.000408009
0.00042308
0.000437663
0.000451686
0.000465268
0.000478257
0.00049078
0.000502759
0.00051412
0.000524863
0.000535039
0.000544602
0.000553635
0.00056204
0.000569904
0.00057714
0.000583869
0.000589954
0.00059558
0.000600571
0.000605148
0.000609087
0.000612669
0.000615626
0.00061829
0.000620312
0.000622016
0.000623109
0.000623822
0.000624023
0.000623706
0.000623088
0.000621704
0.000620381
0.000617807
0.000616269
0.000613704
0.000610811
0.000608394
0.000604798
0.000602614
0.000599462
0.000597894
0.00059646
0.000596765
0.000618343
0.000164559
0.000132318
0.000135026
0.00014072
0.000145697
0.000150513
0.000154915
0.000158853
0.000162183
0.000165046
0.000167772
0.000170543
0.000175376
0.000180048
0.000184557
0.000190837
0.0002006
0.000211623
0.000224079
0.000237857
0.0002529
0.00026882
0.000285318
0.000302346
0.000319304
0.000336395
0.000353371
0.000370112
0.000386534
0.000402569
0.000418164
0.000433309
0.000447914
0.000462042
0.000475546
0.000488524
0.000500868
0.000512727
0.000524001
0.000534713
0.000544818
0.000554375
0.0005633
0.000571652
0.000579396
0.000586592
0.000593157
0.000599211
0.000604653
0.000609647
0.000614034
0.000618028
0.000621434
0.000624517
0.000627
0.000629143
0.000630714
0.000631893
0.000632595
0.000632788
0.000632708
0.000631893
0.000631134
0.00062929
0.00062821
0.000626056
0.000624419
0.000622574
0.00062001
0.000618545
0.000616747
0.000616133
0.000616545
0.000617812
0.00063852
0.000165263
0.000129248
0.000131793
0.000136575
0.000141222
0.000145893
0.000150444
0.00015485
0.000158933
0.000162465
0.000166071
0.000169018
0.000173786
0.000178712
0.000183627
0.000188728
0.000196607
0.00020687
0.00021834
0.000231022
0.000245047
0.000260198
0.000276086
0.000292724
0.0003095
0.000326699
0.000343599
0.000360526
0.000377222
0.000393598
0.000409586
0.000425146
0.000440211
0.000454793
0.000468816
0.00048232
0.000495206
0.000507591
0.000519277
0.000530499
0.000541014
0.000550967
0.000560287
0.000569012
0.000577164
0.00058473
0.000591723
0.000598209
0.000604107
0.000609535
0.000614366
0.000618788
0.000622632
0.000626144
0.00062907
0.000631661
0.000633683
0.000635337
0.000636506
0.000637211
0.000637646
0.000637395
0.000637213
0.000636026
0.000635479
0.000633794
0.00063303
0.000631788
0.000630232
0.000629468
0.000628933
0.000629211
0.000631369
0.00063353
0.00065344
0.000165592
0.000126264
0.000128774
0.000132692
0.000136947
0.000141221
0.000145703
0.000150136
0.000154608
0.000158552
0.000162794
0.000166132
0.000170843
0.00017582
0.000180881
0.000186076
0.000192161
0.000201028
0.000211771
0.000223308
0.000236163
0.000250298
0.000265316
0.000281268
0.000297578
0.000314436
0.000331226
0.000348241
0.000364888
0.000381439
0.000397678
0.000413529
0.00042895
0.000443899
0.000458329
0.000472247
0.00048557
0.000498386
0.000510527
0.000522202
0.000533152
0.000543661
0.000553451
0.000562637
0.000571273
0.00057928
0.000586721
0.000593601
0.000599893
0.000605689
0.000610917
0.000615715
0.000619964
0.000623864
0.000627216
0.000630223
0.000632689
0.000634791
0.000636429
0.000637621
0.000638513
0.000638787
0.000639102
0.000638528
0.000638444
0.000637488
0.000637275
0.000636659
0.00063609
0.000635998
0.000636639
0.000637754
0.000641518
0.000644537
0.000663841
0.000165603
0.000123351
0.000125813
0.000129012
0.000132986
0.00013672
0.000140898
0.00014511
0.000149636
0.00015375
0.000158306
0.000162064
0.000166767
0.000171694
0.000176701
0.000182016
0.000187594
0.000194718
0.000204121
0.000214957
0.000226544
0.000239484
0.000253418
0.000268424
0.000283995
0.000300246
0.000316655
0.000333379
0.000349945
0.000366543
0.000382778
0.000398774
0.00041443
0.000429638
0.000444387
0.000458639
0.000472333
0.000485527
0.000498075
0.000510142
0.000521519
0.000532404
0.000542649
0.000552252
0.000561344
0.00056975
0.000577641
0.000584935
0.000591673
0.000597902
0.000603561
0.000608787
0.000613456
0.00061778
0.000621552
0.000624999
0.000627885
0.000630452
0.000632519
0.000634211
0.000635571
0.000636394
0.000637198
0.00063726
0.000637611
0.000637506
0.000637671
0.000637644
0.000638015
0.000638567
0.000640308
0.000642201
0.000647438
0.000651282
0.000670223
0.000165285
0.000120494
0.000122831
0.000125679
0.000129168
0.000132449
0.000136223
0.000140062
0.000144376
0.000148456
0.000152998
0.000157093
0.00016174
0.000166569
0.000171469
0.000176662
0.00018223
0.000188406
0.000196074
0.000205695
0.000216416
0.000228063
0.000240759
0.000254608
0.000269194
0.000284584
0.000300344
0.000316534
0.000332771
0.000349115
0.000365277
0.000381277
0.000396975
0.000412307
0.00042727
0.000441757
0.000455748
0.000469248
0.000482147
0.000494568
0.000506329
0.000517588
0.000528239
0.000538228
0.000547785
0.000556568
0.000564923
0.000572614
0.000579797
0.000586443
0.000592541
0.000598193
0.000603298
0.000608047
0.000612265
0.000616161
0.000619496
0.000622541
0.000625069
0.000627272
0.000629106
0.000630488
0.000631772
0.000632479
0.00063325
0.000634047
0.000634534
0.000635046
0.000636336
0.000637507
0.000640297
0.00064291
0.000649501
0.000654133
0.000673027
0.00016465
0.000117682
0.000119809
0.000122508
0.000125587
0.000128438
0.000131775
0.000135177
0.000139106
0.000142958
0.000147278
0.000151466
0.000156006
0.000160702
0.000165456
0.000170439
0.000175779
0.00018175
0.000188104
0.00019611
0.000205663
0.000216295
0.000227663
0.000240204
0.000253603
0.000267903
0.000282759
0.000298167
0.000313819
0.000329687
0.000345548
0.000361335
0.000376944
0.000392263
0.000407298
0.000421894
0.000436091
0.000449807
0.000462989
0.000475708
0.000487798
0.000499408
0.000510419
0.000520823
0.000530749
0.000539918
0.000548762
0.000556827
0.000564474
0.000571531
0.000578089
0.000584175
0.000589731
0.000594913
0.000599601
0.000603953
0.000607758
0.000611292
0.000614302
0.000617029
0.00061935
0.000621308
0.000623077
0.000624438
0.000625648
0.000627334
0.000628129
0.000629164
0.00063137
0.000633133
0.000636927
0.000640208
0.000648045
0.000653436
0.000672637
0.000163706
0.000114905
0.000116803
0.000119401
0.000122182
0.000124662
0.000127577
0.000130544
0.000134005
0.000137509
0.000141459
0.000145454
0.000149814
0.000154348
0.000158904
0.000163631
0.000168632
0.000174226
0.000180181
0.000186718
0.000194701
0.000204189
0.000214417
0.000225562
0.000237623
0.000250645
0.000264368
0.00027876
0.000293573
0.000308729
0.000324046
0.000339412
0.000354729
0.000369867
0.000384801
0.000399397
0.000413675
0.000427489
0.000440875
0.000453812
0.000466166
0.000478089
0.000489407
0.000500199
0.000510468
0.000520083
0.000529264
0.000537747
0.000545886
0.000553338
0.000560382
0.000566905
0.000572932
0.000578551
0.00058374
0.000588549
0.000592856
0.000596888
0.000600408
0.00060367
0.000606504
0.000609054
0.000611324
0.00061335
0.000615058
0.000617548
0.000618667
0.000620253
0.000623391
0.000625715
0.000630472
0.000634376
0.000643363
0.000649491
0.000669373
0.000162458
0.000112151
0.000113861
0.000116332
0.000118871
0.000121063
0.000123607
0.000126181
0.000129165
0.00013226
0.000135759
0.000139399
0.000143383
0.000147684
0.000152044
0.000156479
0.000161113
0.000166176
0.000171699
0.000177653
0.000184083
0.000192024
0.000201097
0.000211006
0.000221635
0.00023324
0.000245641
0.000258803
0.000272537
0.000286744
0.00030127
0.000315988
0.000330791
0.000345549
0.000360202
0.000374637
0.000388819
0.000402654
0.000416124
0.000429167
0.000441708
0.000453884
0.000465443
0.000476587
0.000487157
0.000497181
0.000506696
0.00051566
0.000524138
0.000532032
0.000539606
0.000546548
0.000553068
0.000559125
0.000564853
0.000570109
0.000574961
0.000579492
0.000583562
0.000587362
0.000590746
0.000593899
0.0005967
0.000599402
0.0006017
0.000604817
0.000606337
0.000608545
0.000612636
0.000615483
0.000621164
0.000625655
0.000635713
0.000642564
0.000663513
0.000160911
0.000109412
0.000110986
0.000113299
0.000115615
0.00011759
0.000119821
0.000122061
0.000124607
0.000127288
0.000130304
0.000133538
0.000137018
0.000140881
0.000145007
0.000149181
0.000153445
0.000157944
0.000162905
0.000168331
0.000174044
0.000180391
0.000187919
0.000196637
0.000205971
0.000216089
0.000227033
0.000238793
0.000251232
0.000264266
0.000277758
0.000291589
0.000305643
0.0003198
0.000333966
0.000348052
0.000361967
0.000375669
0.000389048
0.000402142
0.000414745
0.000427089
0.000438803
0.000450254
0.000461055
0.000471445
0.000481272
0.00049069
0.000499493
0.000507912
0.000515857
0.000523269
0.000530313
0.000536805
0.000543109
0.000548787
0.000554238
0.000559259
0.000563929
0.000568258
0.000572243
0.000575998
0.000579377
0.000582771
0.00058574
0.000589212
0.000591356
0.000594268
0.000599296
0.00060263
0.000609208
0.000614258
0.000625325
0.000632889
0.000655297
0.000159068
0.000106677
0.00010814
0.000110301
0.000112413
0.000114211
0.000116178
0.000118141
0.000120308
0.000122606
0.000125161
0.000127952
0.000130967
0.000134266
0.000137893
0.000141802
0.000145785
0.00014983
0.000154126
0.000158886
0.000164
0.000169565
0.000175517
0.000182652
0.000190719
0.000199547
0.000208965
0.000219207
0.000230183
0.000241848
0.000254079
0.000266789
0.00027985
0.000293172
0.000306623
0.000320148
0.000333601
0.000346985
0.000360117
0.000373099
0.000385648
0.000398029
0.000409828
0.000421514
0.000432429
0.000443143
0.000453243
0.000463072
0.000472168
0.000481108
0.000489352
0.000497353
0.000504796
0.00051178
0.000518684
0.000524737
0.000530861
0.000536339
0.000541674
0.000546505
0.000551159
0.000555496
0.000559523
0.000563584
0.000567177
0.000570875
0.000574062
0.000577619
0.000583505
0.000587316
0.000594786
0.000600376
0.000612403
0.000620677
0.00064494
0.000156931
0.000103935
0.000105302
0.000107319
0.000109255
0.000110898
0.000112642
0.000114373
0.000116226
0.000118186
0.000120335
0.00012269
0.00012526
0.000128045
0.000131126
0.000134426
0.000138104
0.000141871
0.000145666
0.000149671
0.00015408
0.000158905
0.00016413
0.000169727
0.000176156
0.000183645
0.000191789
0.000200476
0.000209888
0.000220043
0.000230821
0.000242195
0.00025403
0.000266275
0.000278773
0.000291502
0.000304273
0.000317128
0.000329827
0.000342511
0.000354856
0.000367126
0.000378909
0.0003906
0.000401702
0.000412602
0.000422904
0.000433083
0.000442412
0.000451871
0.000460366
0.000468949
0.000476659
0.00048435
0.000491531
0.000498343
0.000504953
0.000510912
0.000516975
0.000522247
0.000527662
0.000532532
0.000537271
0.000541808
0.000546146
0.000550192
0.0005547
0.000558687
0.000565365
0.00056968
0.000578064
0.000584182
0.000597135
0.000606123
0.000632637
0.000154502
0.000101177
0.000102459
0.000104335
0.000106122
0.000107627
0.000109182
0.000110716
0.000112311
0.000113983
0.000115789
0.000117751
0.000119904
0.000122227
0.000124797
0.000127559
0.000130604
0.000133895
0.000137413
0.000140967
0.000144664
0.000148614
0.000153087
0.000157891
0.000163005
0.000168777
0.000175446
0.000182937
0.000190783
0.000199368
0.000208554
0.000218426
0.000228827
0.000239769
0.000251074
0.000262763
0.000274616
0.000286706
0.00029876
0.000310932
0.000322888
0.00033487
0.00034649
0.00035806
0.000369187
0.00038018
0.000390605
0.000401038
0.000410529
0.000420503
0.000429143
0.000438305
0.000446226
0.000454655
0.000462054
0.000469644
0.000476509
0.000483349
0.000489705
0.000495851
0.000501707
0.000507288
0.00051274
0.000517735
0.000523027
0.000527341
0.000533305
0.000537584
0.000545011
0.000549864
0.000559198
0.000565838
0.000579701
0.000589413
0.000618581
0.000151783
9.83913e-05
9.9598e-05
0.000101335
0.000102992
0.000104377
0.000105769
0.000107133
0.000108516
0.000109945
0.000111466
0.000113097
0.000114877
0.000116796
0.000118903
0.000121186
0.000123668
0.000126387
0.00012929
0.000132454
0.000135783
0.00013914
0.000142682
0.000146622
0.000150883
0.000155659
0.000160626
0.000166479
0.000173001
0.000180248
0.000187767
0.000196065
0.000204882
0.000214337
0.000224233
0.000234644
0.000245337
0.000256411
0.000267583
0.000279008
0.000290356
0.000301842
0.00031311
0.000324402
0.000335377
0.000346322
0.000356766
0.000367304
0.000377007
0.000387141
0.000396072
0.000405714
0.000413768
0.000422985
0.000430484
0.000438862
0.000445948
0.000453669
0.000460318
0.00046733
0.000473637
0.000479928
0.000486119
0.000491538
0.000497868
0.000502602
0.000509862
0.00051438
0.000522613
0.000528026
0.000538337
0.000545502
0.000560274
0.00057073
0.000602964
0.000148777
9.55652e-05
9.67017e-05
9.83051e-05
9.98494e-05
0.000101125
0.000102379
0.000103594
0.0001048
0.000106028
0.000107312
0.000108671
0.000110133
0.000111708
0.000113414
0.000115274
0.000117272
0.000119473
0.000121817
0.000124392
0.000127104
0.000130074
0.000133184
0.000136357
0.000139677
0.000143459
0.000147519
0.000152089
0.000156879
0.000162568
0.000168772
0.000175621
0.00018276
0.000190636
0.000198955
0.00020789
0.0002172
0.00022701
0.000237054
0.000247477
0.000257974
0.000268729
0.000279416
0.000290234
0.000300859
0.00031157
0.000321892
0.000332368
0.000342174
0.000352365
0.000361545
0.000371419
0.000379866
0.000389345
0.000397178
0.000406269
0.000413505
0.000422143
0.000429015
0.000436912
0.000443628
0.000450643
0.000457544
0.000463547
0.000470997
0.000475971
0.000484271
0.000489282
0.000498395
0.000504337
0.000515631
0.000523333
0.000539033
0.000550263
0.000585999
0.000145488
9.26856e-05
9.37552e-05
9.52308e-05
9.66776e-05
9.78538e-05
9.89869e-05
0.000100073
0.00010113
0.000102189
0.000103277
0.000104415
0.000105615
0.000106903
0.000108275
0.000109772
0.000111364
0.000113115
0.000114976
0.000117021
0.000119184
0.000121544
0.000124041
0.000126741
0.00012962
0.00013257
0.000135643
0.000139134
0.000142936
0.000147246
0.000151705
0.000157048
0.000162828
0.000169227
0.000175862
0.000183223
0.000190975
0.000199311
0.000207998
0.000217166
0.000226552
0.000236321
0.000246171
0.000256278
0.000266326
0.00027658
0.00028659
0.000296816
0.000306557
0.000316667
0.000325971
0.000335922
0.000344697
0.000354336
0.000362648
0.000371962
0.000379846
0.000388718
0.000396363
0.000404578
0.000412163
0.000419564
0.000427368
0.000433814
0.000442175
0.000447692
0.000456892
0.000462438
0.000472504
0.000478963
0.00049125
0.000499506
0.000516172
0.000528221
0.000567933
0.000141925
8.97372e-05
9.07431e-05
9.20942e-05
9.34599e-05
9.45465e-05
9.55744e-05
9.65489e-05
9.74778e-05
9.83968e-05
9.93207e-05
0.000100277
0.000101265
0.000102318
0.00010342
0.000104615
0.000105876
0.000107251
0.00010871
0.000110299
0.000111993
0.000113821
0.000115783
0.000117866
0.00012014
0.000122492
0.000125113
0.00012785
0.000130624
0.000133747
0.000137193
0.000141219
0.00014524
0.000150071
0.000155351
0.000161263
0.000167337
0.00017409
0.000181254
0.000188943
0.000196981
0.000205506
0.00021425
0.000223381
0.000232593
0.000242134
0.000251595
0.000261349
0.000270807
0.000280656
0.000289921
0.000299766
0.000308746
0.000318414
0.000327101
0.000336539
0.000344978
0.000354044
0.000362372
0.000370876
0.000379249
0.000387031
0.000395682
0.000402591
0.000411812
0.000417916
0.000427971
0.000434043
0.000445102
0.00045208
0.000465385
0.000474221
0.000491916
0.000504844
0.00054907
0.000138103
8.6704e-05
8.76502e-05
8.88795e-05
9.01803e-05
9.11877e-05
9.21248e-05
9.30036e-05
9.38242e-05
9.46257e-05
9.54145e-05
9.62223e-05
9.70402e-05
9.79007e-05
9.87902e-05
9.97398e-05
0.000100736
0.000101806
0.00010294
0.000104158
0.000105462
0.000106852
0.000108354
0.000109939
0.000111663
0.000113478
0.000115431
0.00011754
0.00011976
0.000122277
0.000124765
0.000127494
0.000130489
0.000134053
0.000137752
0.00014193
0.000146665
0.000152011
0.000157564
0.000163627
0.000170167
0.000177222
0.000184608
0.000192497
0.000200599
0.000209147
0.000217782
0.000226808
0.000235719
0.000245078
0.000254083
0.000263619
0.000272616
0.000282144
0.000291062
0.000300486
0.000309354
0.000318522
0.000327429
0.000336153
0.000345227
0.00035334
0.000362779
0.000370125
0.000380165
0.000386836
0.000397748
0.000404324
0.00041639
0.000423902
0.000438267
0.00044772
0.000466537
0.000480433
0.000529805
0.000134046
8.357e-05
8.44625e-05
8.55744e-05
8.68267e-05
8.77674e-05
8.86294e-05
8.94292e-05
9.01606e-05
9.08655e-05
9.15448e-05
9.22309e-05
9.29138e-05
9.362e-05
9.4342e-05
9.50978e-05
9.58861e-05
9.67163e-05
9.75937e-05
9.85215e-05
9.95111e-05
0.000100559
0.000101682
0.000102873
0.000104144
0.000105512
0.000106942
0.00010852
0.000110138
0.000111973
0.000113843
0.000115943
0.000118267
0.0001206
0.000123189
0.000126082
0.00012952
0.000133069
0.000137174
0.000141836
0.000146927
0.000152327
0.000158205
0.000164639
0.000171371
0.000178649
0.000186167
0.000194175
0.000202247
0.000210835
0.000219305
0.000228289
0.000237054
0.000246232
0.000255177
0.000264408
0.000273536
0.000282664
0.000292013
0.000300844
0.000310511
0.000318863
0.000329011
0.00033673
0.000347545
0.000354723
0.000366494
0.000373554
0.000386633
0.000394699
0.000410191
0.000420314
0.000440396
0.000455376
0.000510658
0.000129794
8.0324e-05
8.11749e-05
8.21769e-05
8.33944e-05
8.42869e-05
8.50936e-05
8.58337e-05
8.64966e-05
8.71258e-05
8.77198e-05
8.83094e-05
8.88871e-05
8.94721e-05
9.00644e-05
9.06701e-05
9.12977e-05
9.19451e-05
9.26244e-05
9.3332e-05
9.4079e-05
9.48649e-05
9.56953e-05
9.65794e-05
9.75062e-05
9.85099e-05
9.95506e-05
0.000100689
0.000101873
0.000103159
0.000104542
0.000105984
0.000107638
0.000109307
0.000111247
0.000113359
0.00011556
0.000117942
0.000120738
0.00012394
0.000127348
0.000131327
0.000135877
0.000140734
0.000145902
0.000151714
0.000157854
0.00016455
0.000171486
0.000178989
0.000186612
0.000194749
0.000202979
0.000211548
0.000220254
0.000229068
0.000238221
0.000247122
0.000256724
0.000265503
0.000275615
0.000284074
0.000294821
0.000302811
0.000314337
0.000321938
0.000334549
0.000342084
0.000356182
0.000364834
0.000381553
0.000392431
0.00041398
0.000430196
0.000492316
0.000125411
7.69669e-05
7.78157e-05
7.86987e-05
7.98833e-05
8.07738e-05
8.15509e-05
8.22539e-05
8.28718e-05
8.34481e-05
8.39814e-05
8.44995e-05
8.49994e-05
8.54932e-05
8.5988e-05
8.64813e-05
8.69883e-05
8.74994e-05
8.8031e-05
8.85752e-05
8.91433e-05
8.97337e-05
9.03506e-05
9.10013e-05
9.16792e-05
9.2403e-05
9.31589e-05
9.3965e-05
9.48206e-05
9.57201e-05
9.66999e-05
9.77176e-05
9.88382e-05
0.000100035
0.000101308
0.000102763
0.000104266
0.000106001
0.00010793
0.000109988
0.000112137
0.000114801
0.000117814
0.000121082
0.000124904
0.000129312
0.000133873
0.000139044
0.000144607
0.000150713
0.000157183
0.000164137
0.000171503
0.000179139
0.000187287
0.000195402
0.000204288
0.00021272
0.000222321
0.000230843
0.000241191
0.000249586
0.000260776
0.0002689
0.000281044
0.000288962
0.000302384
0.000310389
0.000325535
0.000334825
0.000352926
0.000364676
0.000387967
0.000405602
0.000475654
0.000120994
7.35281e-05
7.43596e-05
7.52383e-05
7.63548e-05
7.73169e-05
7.80796e-05
7.87702e-05
7.93698e-05
7.99192e-05
8.04183e-05
8.08908e-05
8.13396e-05
8.17703e-05
8.2197e-05
8.26102e-05
8.30312e-05
8.34444e-05
8.38708e-05
8.42968e-05
8.47388e-05
8.51876e-05
8.56552e-05
8.61368e-05
8.66397e-05
8.71635e-05
8.77138e-05
8.82881e-05
8.88983e-05
8.95363e-05
9.02156e-05
9.09386e-05
9.16968e-05
9.25319e-05
9.33924e-05
9.43625e-05
9.53806e-05
9.65139e-05
9.77518e-05
9.91454e-05
0.000100626
0.00010244
0.000104297
0.000106303
0.000108813
0.000111627
0.000114743
0.000118553
0.000122665
0.000127136
0.000132241
0.000137693
0.000143886
0.000150219
0.00015747
0.000164536
0.000172819
0.000180469
0.000189765
0.00019776
0.000208087
0.000216191
0.000227628
0.000235704
0.000248353
0.00025647
0.000270677
0.000279161
0.00029543
0.000305442
0.000325155
0.00033793
0.000363301
0.000382538
0.000461693
0.000116679
7.00914e-05
7.09098e-05
7.19747e-05
7.29442e-05
7.39697e-05
7.47927e-05
7.55146e-05
7.61305e-05
7.66828e-05
7.71755e-05
7.7629e-05
7.80526e-05
7.84464e-05
7.88315e-05
7.91926e-05
7.95571e-05
7.99037e-05
8.02593e-05
8.06038e-05
8.09604e-05
8.13113e-05
8.16773e-05
8.20433e-05
8.24256e-05
8.28147e-05
8.32215e-05
8.36411e-05
8.40798e-05
8.4541e-05
8.50173e-05
8.55326e-05
8.60571e-05
8.66371e-05
8.72279e-05
8.78854e-05
8.85668e-05
8.93284e-05
9.01245e-05
9.10387e-05
9.19946e-05
9.31033e-05
9.43353e-05
9.56651e-05
9.73025e-05
9.90643e-05
0.000100867
0.000103343
0.000105929
0.000108946
0.000112788
0.000116534
0.00012137
0.00012606
0.000132128
0.000137753
0.000145096
0.000151579
0.000160244
0.000167367
0.000177389
0.000184909
0.000196389
0.000204189
0.00021725
0.00022543
0.000240456
0.000249452
0.000266993
0.000277852
0.000299479
0.000313441
0.000341217
0.000362179
0.000451422
0.000112656
6.68299e-05
6.76826e-05
6.89579e-05
6.98653e-05
7.09694e-05
7.19219e-05
7.26947e-05
7.33536e-05
7.39346e-05
7.44454e-05
7.49029e-05
7.53235e-05
7.57025e-05
7.60678e-05
7.63996e-05
7.67307e-05
7.70359e-05
7.73465e-05
7.7638e-05
7.79387e-05
7.82255e-05
7.85238e-05
7.88146e-05
7.91159e-05
7.94178e-05
7.97286e-05
8.00473e-05
8.03733e-05
8.07171e-05
8.10629e-05
8.1439e-05
8.18137e-05
8.2228e-05
8.26422e-05
8.31043e-05
8.35702e-05
8.40948e-05
8.46286e-05
8.52355e-05
8.58675e-05
8.65806e-05
8.73557e-05
8.82306e-05
8.91782e-05
9.034e-05
9.15126e-05
9.30616e-05
9.46813e-05
9.64136e-05
9.89341e-05
0.000101049
0.000104755
0.000107659
0.000112518
0.000116334
0.000122529
0.000127401
0.000135173
0.000140996
0.000150476
0.000157058
0.000168434
0.000175692
0.000189178
0.000197332
0.000213273
0.000222864
0.000241914
0.000253758
0.00027758
0.000292817
0.000323138
0.000345773
0.000445393
0.000109151
6.40357e-05
6.49413e-05
6.63422e-05
6.75497e-05
6.85726e-05
6.96494e-05
7.05209e-05
7.12473e-05
7.18739e-05
7.24174e-05
7.28928e-05
7.33239e-05
7.37025e-05
7.40623e-05
7.43807e-05
7.46941e-05
7.49758e-05
7.52591e-05
7.55184e-05
7.57835e-05
7.60305e-05
7.62849e-05
7.65287e-05
7.67774e-05
7.70247e-05
7.7274e-05
7.75291e-05
7.77841e-05
7.80535e-05
7.83181e-05
7.86067e-05
7.88882e-05
7.92003e-05
7.95055e-05
7.98473e-05
8.0185e-05
8.05632e-05
8.09448e-05
8.13707e-05
8.18119e-05
8.23016e-05
8.28214e-05
8.34082e-05
8.40313e-05
8.47537e-05
8.5552e-05
8.64416e-05
8.75233e-05
8.86615e-05
9.01577e-05
9.16747e-05
9.37262e-05
9.56337e-05
9.8918e-05
0.000101328
0.000106166
0.000109413
0.000115968
0.000120303
0.000128958
0.000134478
0.000145499
0.000152329
0.000166037
0.000174411
0.000191298
0.000201622
0.000222406
0.00023527
0.000261299
0.000277686
0.00031026
0.000334248
0.000443196
0.000106413
6.21022e-05
6.30536e-05
6.456e-05
6.60187e-05
6.70988e-05
6.81929e-05
6.9199e-05
6.99695e-05
7.06314e-05
7.12029e-05
7.16958e-05
7.21391e-05
7.25219e-05
7.28821e-05
7.31955e-05
7.35004e-05
7.37701e-05
7.40383e-05
7.428e-05
7.45245e-05
7.47491e-05
7.49778e-05
7.51951e-05
7.54131e-05
7.56295e-05
7.58433e-05
7.60625e-05
7.62772e-05
7.65048e-05
7.67239e-05
7.69638e-05
7.71936e-05
7.7449e-05
7.76953e-05
7.79702e-05
7.82414e-05
7.85392e-05
7.88438e-05
7.91719e-05
7.95209e-05
7.98871e-05
8.02946e-05
8.07159e-05
8.12017e-05
8.16945e-05
8.22997e-05
8.28958e-05
8.36634e-05
8.44328e-05
8.54292e-05
8.648e-05
8.78496e-05
8.93567e-05
9.12613e-05
9.31289e-05
9.6361e-05
9.87339e-05
0.000103848
0.000107278
0.000114653
0.00011954
0.00012989
0.000136561
0.000150465
0.000159185
0.000177087
0.000188093
0.000210415
0.000224073
0.000251758
0.000268895
0.000302943
0.000327747
0.000443251
0.000104668
6.14044e-05
6.23735e-05
6.39293e-05
6.54785e-05
6.66264e-05
6.76968e-05
6.87454e-05
6.95426e-05
7.02212e-05
7.08044e-05
7.13047e-05
7.17532e-05
7.21382e-05
7.24991e-05
7.28111e-05
7.31135e-05
7.33794e-05
7.36425e-05
7.38785e-05
7.4116e-05
7.43332e-05
7.45532e-05
7.47617e-05
7.49693e-05
7.51754e-05
7.53774e-05
7.55846e-05
7.5786e-05
7.59998e-05
7.62039e-05
7.6428e-05
7.66411e-05
7.6878e-05
7.71055e-05
7.73585e-05
7.76089e-05
7.78805e-05
7.81616e-05
7.84578e-05
7.878e-05
7.91053e-05
7.94816e-05
7.98496e-05
8.02955e-05
8.0721e-05
8.12629e-05
8.17796e-05
8.24429e-05
8.3115e-05
8.39407e-05
8.4871e-05
8.59279e-05
8.73669e-05
8.88515e-05
9.05772e-05
9.31938e-05
9.52239e-05
9.97208e-05
0.000102802
0.000109602
0.00011423
0.000124267
0.000130894
0.000144921
0.000153823
0.000172216
0.000183519
0.000206478
0.000220432
0.000248722
0.000266104
0.000300644
0.000325709
0.000443594
0.000104064
6.21021e-05
6.30536e-05
6.456e-05
6.60186e-05
6.70987e-05
6.81928e-05
6.91989e-05
6.99694e-05
7.06313e-05
7.12027e-05
7.16955e-05
7.21388e-05
7.25215e-05
7.28817e-05
7.31949e-05
7.34998e-05
7.37694e-05
7.40375e-05
7.42791e-05
7.45235e-05
7.47479e-05
7.49766e-05
7.51937e-05
7.54115e-05
7.56277e-05
7.58414e-05
7.60603e-05
7.62749e-05
7.65021e-05
7.67211e-05
7.69608e-05
7.71903e-05
7.74455e-05
7.76915e-05
7.7966e-05
7.82369e-05
7.85345e-05
7.88386e-05
7.91664e-05
7.9515e-05
7.98808e-05
8.02877e-05
8.07086e-05
8.1194e-05
8.16859e-05
8.2291e-05
8.28853e-05
8.3653e-05
8.44206e-05
8.54162e-05
8.64647e-05
8.78326e-05
8.93391e-05
9.12381e-05
9.31052e-05
9.633e-05
9.86998e-05
0.000103806
0.000107232
0.000114596
0.000119476
0.000129815
0.00013648
0.000150373
0.00015909
0.00017699
0.000187998
0.000210328
0.000223994
0.000251697
0.000268846
0.000302919
0.000327739
0.000443294
0.000104657
6.40356e-05
6.49412e-05
6.63421e-05
6.75495e-05
6.85725e-05
6.96493e-05
7.05207e-05
7.12471e-05
7.18735e-05
7.2417e-05
7.28923e-05
7.33233e-05
7.37017e-05
7.40614e-05
7.43796e-05
7.46929e-05
7.49743e-05
7.52574e-05
7.55165e-05
7.57815e-05
7.6028e-05
7.62823e-05
7.65257e-05
7.67742e-05
7.7021e-05
7.727e-05
7.75246e-05
7.77793e-05
7.80481e-05
7.83124e-05
7.86005e-05
7.88814e-05
7.91929e-05
7.94976e-05
7.98387e-05
8.01758e-05
8.05533e-05
8.09341e-05
8.13592e-05
8.17995e-05
8.22884e-05
8.28068e-05
8.33928e-05
8.40145e-05
8.47355e-05
8.55327e-05
8.64188e-05
8.75009e-05
8.86337e-05
9.01285e-05
9.16438e-05
9.36864e-05
9.55939e-05
9.88674e-05
0.000101272
0.000106101
0.000109341
0.000115882
0.000120209
0.000128846
0.000134357
0.00014536
0.00015218
0.000165871
0.000174242
0.000191125
0.000201451
0.000222245
0.000235121
0.000261177
0.000277585
0.000310203
0.000334221
0.000443259
0.00010639
6.68298e-05
6.76825e-05
6.89578e-05
6.98651e-05
7.09693e-05
7.19217e-05
7.26944e-05
7.33533e-05
7.3934e-05
7.44448e-05
7.49021e-05
7.53225e-05
7.57013e-05
7.60665e-05
7.6398e-05
7.67289e-05
7.70337e-05
7.7344e-05
7.76351e-05
7.79355e-05
7.82217e-05
7.85199e-05
7.88099e-05
7.91109e-05
7.94121e-05
7.97224e-05
8.00404e-05
8.03658e-05
8.07088e-05
8.1054e-05
8.14292e-05
8.18031e-05
8.22165e-05
8.26297e-05
8.30909e-05
8.35555e-05
8.40793e-05
8.46114e-05
8.52172e-05
8.58478e-05
8.6559e-05
8.73323e-05
8.82055e-05
8.915e-05
9.03108e-05
9.14782e-05
9.30247e-05
9.46429e-05
9.63688e-05
9.88844e-05
0.000100989
0.000104691
0.000107583
0.00011244
0.000116242
0.000122429
0.000127288
0.000135048
0.000140856
0.000150322
0.000156891
0.000168249
0.000175497
0.000188966
0.000197118
0.000213054
0.000222646
0.000241703
0.000253558
0.000277408
0.000292668
0.000323039
0.000345712
0.000445442
0.000109118
7.00913e-05
7.09097e-05
7.19745e-05
7.2944e-05
7.39695e-05
7.47925e-05
7.55142e-05
7.61301e-05
7.66821e-05
7.71747e-05
7.7628e-05
7.80514e-05
7.84449e-05
7.88298e-05
7.91904e-05
7.95547e-05
7.99008e-05
8.02561e-05
8.06e-05
8.09562e-05
8.13063e-05
8.1672e-05
8.2037e-05
8.24189e-05
8.2807e-05
8.32132e-05
8.36318e-05
8.40697e-05
8.45299e-05
8.50051e-05
8.55192e-05
8.60424e-05
8.66212e-05
8.72105e-05
8.78667e-05
8.85459e-05
8.93067e-05
9.00996e-05
9.10129e-05
9.19658e-05
9.30712e-05
9.43022e-05
9.56258e-05
9.72613e-05
9.90199e-05
0.000100819
0.000103281
0.00010587
0.000108872
0.00011271
0.000116446
0.000121277
0.000125953
0.000132016
0.000137626
0.000144961
0.000151427
0.000160084
0.000167188
0.000177204
0.000184704
0.000196175
0.000203959
0.000217012
0.000225193
0.000240211
0.000249208
0.000266754
0.000277622
0.00029927
0.000313254
0.000341078
0.00036208
0.000451434
0.000112614
7.3528e-05
7.43595e-05
7.52382e-05
7.63546e-05
7.73166e-05
7.80794e-05
7.87697e-05
7.93693e-05
7.99184e-05
8.04174e-05
8.08897e-05
8.13382e-05
8.17686e-05
8.2195e-05
8.26076e-05
8.30284e-05
8.34409e-05
8.38669e-05
8.42923e-05
8.47337e-05
8.51816e-05
8.56488e-05
8.61291e-05
8.66315e-05
8.71539e-05
8.77035e-05
8.82764e-05
8.88855e-05
8.95221e-05
9.01999e-05
9.09216e-05
9.16777e-05
9.25111e-05
9.33699e-05
9.43374e-05
9.53534e-05
9.64846e-05
9.77177e-05
9.91117e-05
0.000100584
0.000102398
0.00010425
0.000106253
0.000108749
0.000111561
0.000114672
0.000118467
0.000122577
0.000127037
0.000132133
0.000137575
0.000143762
0.000150083
0.000157326
0.000164379
0.000172652
0.000180288
0.000189577
0.000197554
0.000207877
0.000215963
0.000227395
0.000235457
0.000248101
0.000256217
0.00027042
0.000278905
0.000295175
0.000305194
0.000324923
0.000337716
0.000363127
0.000382403
0.000461657
0.000116631
7.69668e-05
7.78156e-05
7.86985e-05
7.98832e-05
8.07735e-05
8.15507e-05
8.22534e-05
8.28713e-05
8.34472e-05
8.39805e-05
8.44982e-05
8.49979e-05
8.54913e-05
8.59858e-05
8.64785e-05
8.69852e-05
8.74955e-05
8.80266e-05
8.857e-05
8.91374e-05
8.97269e-05
9.03431e-05
9.09924e-05
9.16696e-05
9.23917e-05
9.31467e-05
9.39508e-05
9.48053e-05
9.57027e-05
9.66805e-05
9.76967e-05
9.8814e-05
0.000100009
0.00010128
0.00010273
0.000104232
0.000105961
0.000107888
0.000109943
0.000112088
0.000114738
0.00011775
0.000121007
0.000124821
0.000129221
0.000133777
0.000138935
0.000144491
0.000150586
0.000157047
0.000163993
0.000171352
0.000178976
0.000187117
0.000195221
0.000204097
0.000212517
0.000222111
0.000230619
0.000240964
0.000249345
0.000260531
0.000268643
0.000280784
0.000288703
0.000302122
0.000310127
0.000325273
0.000334567
0.00035268
0.000364444
0.000387768
0.000405438
0.000475571
0.000120941
8.03239e-05
8.11748e-05
8.21767e-05
8.33943e-05
8.42866e-05
8.50934e-05
8.58331e-05
8.64961e-05
8.71249e-05
8.77189e-05
8.8308e-05
8.88856e-05
8.947e-05
9.0062e-05
9.06671e-05
9.12943e-05
9.19408e-05
9.26196e-05
9.33263e-05
9.40725e-05
9.48573e-05
9.56866e-05
9.65694e-05
9.7495e-05
9.84969e-05
9.95363e-05
0.000100672
0.000101855
0.000103138
0.000104519
0.000105958
0.000107608
0.000109277
0.000111209
0.000113321
0.000115518
0.000117897
0.00012068
0.00012388
0.000127279
0.000131247
0.000135789
0.000140641
0.000145798
0.0001516
0.000157732
0.000164417
0.000171346
0.000178838
0.000186453
0.000194582
0.000202805
0.000211364
0.000220063
0.000228868
0.000238013
0.000246905
0.0002565
0.000265268
0.000275377
0.000283826
0.000294569
0.000302551
0.000314074
0.000321678
0.000334285
0.000341819
0.000355916
0.000364571
0.000381299
0.000392187
0.000413761
0.00043001
0.000492196
0.000125355
8.357e-05
8.44624e-05
8.55743e-05
8.68266e-05
8.77671e-05
8.86292e-05
8.94286e-05
9.01601e-05
9.08646e-05
9.15438e-05
9.22294e-05
9.29122e-05
9.36177e-05
9.43396e-05
9.50945e-05
9.58825e-05
9.67117e-05
9.75885e-05
9.85152e-05
9.95039e-05
0.00010055
0.000101672
0.000102862
0.000104131
0.000105498
0.000106925
0.000108501
0.000110117
0.000111947
0.000113817
0.000115909
0.000118234
0.000120563
0.000123149
0.00012603
0.000129468
0.000133009
0.000137103
0.000141754
0.000146841
0.000152231
0.000158099
0.000164523
0.000171246
0.000178513
0.000186024
0.000194021
0.000202088
0.000210665
0.000219129
0.000228104
0.000236863
0.000246032
0.000254972
0.000264195
0.000273315
0.000282437
0.00029178
0.000300603
0.000310267
0.000318613
0.000328757
0.000336469
0.000347281
0.000354464
0.00036623
0.000373289
0.000386366
0.000394434
0.000409932
0.000420064
0.000440166
0.000455175
0.00051051
0.000129737
8.67039e-05
8.76501e-05
8.88794e-05
9.01802e-05
9.11874e-05
9.21246e-05
9.30031e-05
9.38237e-05
9.46248e-05
9.54136e-05
9.62207e-05
9.70386e-05
9.78983e-05
9.87877e-05
9.97363e-05
0.000100732
0.000101801
0.000102935
0.000104151
0.000105454
0.000106842
0.000108343
0.000109926
0.000111648
0.000113461
0.00011541
0.000117519
0.000119733
0.000122247
0.000124735
0.00012746
0.00013045
0.000134005
0.000137703
0.00014187
0.000146596
0.000151933
0.000157482
0.000163533
0.000170063
0.000177108
0.000184484
0.000192363
0.000200456
0.000208993
0.000217622
0.000226637
0.000235545
0.000244893
0.000253894
0.000263422
0.000272413
0.000281932
0.000290847
0.000300263
0.000309127
0.000318291
0.00032719
0.00033591
0.000344981
0.000353092
0.000362526
0.000369866
0.000379902
0.000386579
0.000397485
0.00040406
0.000416125
0.000423638
0.000438007
0.000447466
0.000466301
0.000480224
0.000529641
0.000133988
8.97371e-05
9.0743e-05
9.20941e-05
9.34598e-05
9.45462e-05
9.55741e-05
9.65484e-05
9.74773e-05
9.83958e-05
9.93197e-05
0.000100276
0.000101264
0.000102315
0.000103418
0.000104611
0.000105872
0.000107245
0.000108704
0.000110291
0.000111984
0.00011381
0.000115771
0.000117851
0.000120123
0.000122472
0.00012509
0.000127827
0.000130598
0.000133715
0.000137155
0.00014118
0.000145194
0.000150013
0.000155286
0.000161192
0.000167257
0.000173999
0.000181155
0.000188834
0.000196862
0.000205377
0.000214111
0.000223231
0.000232436
0.000241967
0.000251422
0.000261166
0.000270621
0.00028046
0.000289723
0.000299561
0.000308534
0.000318194
0.000326881
0.000336312
0.000344748
0.000353811
0.000362131
0.000370633
0.000379003
0.000386785
0.000395433
0.000402335
0.000411552
0.00041766
0.000427711
0.000433782
0.00044484
0.00045182
0.000465125
0.000473968
0.000491679
0.000504634
0.000548901
0.000138046
9.26855e-05
9.37551e-05
9.52307e-05
9.66775e-05
9.78535e-05
9.89867e-05
0.000100073
0.00010113
0.000102188
0.000103276
0.000104413
0.000105613
0.0001069
0.000108272
0.000109767
0.00011136
0.000113109
0.00011497
0.000117012
0.000119175
0.000121532
0.000124027
0.000126724
0.000129601
0.000132551
0.00013562
0.000139107
0.000142904
0.000147211
0.000151664
0.000156997
0.000162769
0.000169163
0.000175789
0.00018314
0.000190884
0.000199209
0.000207886
0.000217044
0.00022642
0.000236179
0.00024602
0.000256117
0.000266159
0.000276403
0.000286408
0.000296625
0.000306363
0.000316465
0.000325767
0.000335711
0.000344478
0.000354112
0.000362426
0.000371732
0.000379616
0.000388484
0.000396122
0.000404337
0.00041192
0.000419321
0.000427124
0.000433563
0.00044192
0.000447439
0.000456636
0.000462181
0.000472248
0.000478707
0.000490994
0.000499257
0.000515941
0.000528016
0.000567768
0.000141871
9.55652e-05
9.67017e-05
9.83051e-05
9.98494e-05
0.000101125
0.000102378
0.000103593
0.0001048
0.000106027
0.000107311
0.000108669
0.000110131
0.000111706
0.000113411
0.000115269
0.000117267
0.000119466
0.00012181
0.000124383
0.000127093
0.00013006
0.000133169
0.000136341
0.000139659
0.000143435
0.000147491
0.00015206
0.000156844
0.000162524
0.000168721
0.000175565
0.000182695
0.000190562
0.000198872
0.000207797
0.000217098
0.000226898
0.000236931
0.000247345
0.000257831
0.000268578
0.000279256
0.000290065
0.000300685
0.000311387
0.000321704
0.000332173
0.000341974
0.000352159
0.000361337
0.000371205
0.000379643
0.000389121
0.000396955
0.00040604
0.000413277
0.000421911
0.000428775
0.000436675
0.000443389
0.000450404
0.000457307
0.000463301
0.000470748
0.000475724
0.00048402
0.000489032
0.000498147
0.000504089
0.000515383
0.000523093
0.000538812
0.000550071
0.000585848
0.000145436
9.83912e-05
9.95979e-05
0.000101335
0.000102992
0.000104376
0.000105769
0.000107132
0.000108515
0.000109944
0.000111465
0.000113095
0.000114875
0.000116794
0.0001189
0.000121181
0.000123663
0.00012638
0.000129282
0.000132443
0.000135771
0.000139127
0.000142668
0.000146603
0.000150863
0.000155633
0.000160598
0.000166443
0.000172958
0.000180201
0.000187711
0.000196002
0.00020481
0.000214255
0.000224141
0.000234542
0.000245226
0.00025629
0.000267452
0.000278868
0.000290207
0.000301685
0.000312944
0.000324229
0.000335198
0.000346135
0.000356574
0.000367106
0.000376804
0.000386935
0.000395863
0.0004055
0.000413543
0.000422764
0.000430258
0.000438639
0.000445719
0.000453442
0.000460082
0.000467099
0.000473402
0.000479696
0.000485886
0.000491301
0.000497627
0.000502363
0.000509617
0.000514138
0.000522375
0.000527788
0.0005381
0.000545275
0.00056007
0.000570557
0.000602836
0.000148728
0.000101177
0.000102459
0.000104335
0.000106122
0.000107627
0.000109182
0.000110715
0.00011231
0.000113982
0.000115787
0.000117749
0.000119901
0.000122224
0.000124793
0.000127554
0.000130598
0.000133887
0.000137404
0.000140958
0.000144653
0.000148601
0.00015307
0.000157871
0.000162983
0.000168748
0.000175411
0.000182896
0.000190737
0.000199315
0.000208493
0.000218355
0.000228748
0.00023968
0.000250975
0.000262655
0.000274498
0.000286579
0.000298624
0.000310788
0.000322735
0.000334709
0.000346321
0.000357885
0.000369005
0.000379992
0.000390411
0.00040084
0.000410326
0.000420298
0.000428932
0.000438091
0.000446005
0.000454436
0.000461832
0.000469424
0.000476283
0.000483127
0.000489473
0.000495628
0.000501477
0.000507065
0.000512513
0.000517504
0.000522793
0.000527117
0.000533068
0.000537354
0.000544787
0.000549641
0.000558976
0.000565629
0.000579521
0.000589266
0.000618483
0.000151738
0.000103935
0.000105302
0.000107319
0.000109255
0.000110897
0.000112642
0.000114373
0.000116225
0.000118185
0.000120334
0.000122688
0.000125257
0.000128042
0.000131121
0.000134421
0.000138097
0.000141864
0.000145658
0.000149661
0.000154066
0.000158891
0.000164113
0.000169707
0.000176129
0.000183612
0.000191752
0.000200432
0.000209837
0.000219984
0.000230754
0.000242119
0.000253945
0.000266181
0.000278669
0.000291389
0.000304151
0.000316998
0.000329688
0.000342364
0.000354701
0.000366964
0.000378739
0.000390425
0.000401521
0.000412415
0.00042271
0.000432886
0.00044221
0.000451668
0.000460157
0.000468737
0.000476442
0.000484133
0.000491313
0.000498126
0.000504731
0.000510695
0.00051675
0.00052203
0.000527441
0.000532316
0.00053705
0.000541589
0.000545916
0.000549983
0.000554478
0.000558472
0.000565157
0.000569474
0.000577864
0.000583998
0.000596984
0.000606007
0.000632576
0.000154461
0.000106677
0.00010814
0.000110301
0.000112413
0.00011421
0.000116178
0.00011814
0.000120308
0.000122605
0.00012516
0.00012795
0.000130965
0.000134263
0.000137888
0.000141796
0.000145779
0.000149824
0.000154118
0.000158875
0.000163986
0.000169551
0.000175499
0.000182628
0.000190689
0.000199513
0.000208925
0.00021916
0.000230128
0.000241785
0.000254008
0.000266709
0.000279762
0.000293074
0.000306517
0.000320033
0.000333477
0.000346853
0.000359976
0.000372952
0.000385493
0.000397868
0.000409659
0.00042134
0.000432248
0.000442958
0.000453051
0.000462878
0.000471968
0.000480908
0.000489146
0.000497144
0.000504584
0.000511567
0.000518471
0.000524524
0.000530647
0.000536126
0.000541459
0.000546295
0.000550947
0.000555288
0.000559315
0.000563375
0.00056696
0.00057068
0.000573858
0.000577422
0.000583317
0.000587132
0.000594614
0.000600222
0.000612287
0.000620598
0.000644922
0.000156895
0.000109412
0.000110986
0.000113299
0.000115615
0.00011759
0.000119821
0.00012206
0.000124606
0.000127287
0.000130302
0.000133536
0.000137015
0.000140876
0.000145002
0.000149176
0.000153439
0.000157937
0.000162895
0.00016832
0.000174032
0.000180376
0.000187897
0.00019661
0.00020594
0.000216052
0.00022699
0.000238742
0.000251174
0.0002642
0.000277684
0.000291507
0.000305551
0.000319701
0.000333857
0.000347936
0.000361842
0.000375537
0.000388908
0.000401996
0.000414591
0.00042693
0.000438636
0.000450083
0.000460877
0.000471263
0.000481084
0.000490499
0.000499297
0.000507715
0.000515654
0.000523064
0.000530106
0.000536597
0.0005429
0.00054858
0.000554031
0.000559053
0.000563723
0.000568057
0.000572043
0.0005758
0.000579184
0.000582577
0.000585542
0.000589031
0.000591171
0.000594091
0.000599131
0.000602474
0.00060907
0.000614141
0.000625249
0.000632853
0.000655329
0.000159036
0.000112151
0.000113861
0.000116332
0.000118871
0.000121063
0.000123607
0.00012618
0.000129165
0.000132258
0.000135757
0.000139396
0.000143379
0.00014768
0.000152039
0.000156474
0.000161107
0.000166168
0.00017169
0.000177643
0.000184069
0.000192006
0.000201073
0.000210979
0.000221603
0.000233201
0.000245596
0.00025875
0.000272476
0.000286676
0.000301194
0.000315904
0.000330699
0.000345449
0.000360093
0.000374521
0.000388695
0.000402523
0.000415985
0.000429023
0.000441556
0.000453727
0.00046528
0.000476419
0.000486983
0.000497003
0.000506512
0.000515473
0.000523947
0.000531838
0.000539407
0.000546347
0.000552866
0.000558923
0.000564649
0.000569908
0.000574761
0.000579294
0.000583367
0.000587171
0.000590558
0.000593715
0.000596523
0.000599226
0.000601528
0.000604652
0.000606174
0.000608391
0.000612498
0.000615359
0.000621065
0.000625579
0.000635682
0.000642575
0.000663598
0.000160884
0.000114905
0.000116803
0.000119401
0.000122182
0.000124661
0.000127577
0.000130543
0.000134005
0.000137507
0.000141458
0.000145451
0.000149811
0.000154345
0.0001589
0.000163626
0.000168626
0.000174218
0.000180173
0.000186707
0.000194685
0.000204169
0.000214394
0.000225534
0.000237589
0.000250605
0.000264321
0.000278705
0.000293511
0.000308659
0.000323969
0.000339328
0.000354637
0.000369767
0.000384694
0.000399283
0.000413554
0.000427361
0.000440739
0.000453671
0.000466019
0.000477935
0.000489248
0.000500035
0.000510298
0.000519909
0.000529085
0.000537564
0.000545699
0.000553147
0.000560188
0.000566708
0.000572735
0.000578354
0.000583543
0.000588354
0.000592665
0.000596699
0.000600224
0.00060349
0.00060633
0.000608886
0.000611163
0.000613195
0.000614915
0.000617406
0.000618528
0.000620125
0.000623284
0.000625626
0.000630415
0.000634344
0.00064338
0.000649552
0.000669515
0.000162436
0.000117682
0.000119809
0.000122508
0.000125587
0.000128438
0.000131775
0.000135176
0.000139105
0.000142956
0.000147277
0.000151463
0.000156003
0.000160698
0.000165453
0.000170435
0.000175773
0.000181742
0.000188095
0.000196098
0.000205647
0.000216276
0.000227639
0.000240174
0.000253567
0.000267861
0.00028271
0.000298112
0.000313757
0.000329617
0.000345471
0.000361251
0.000376853
0.000392165
0.000407193
0.000421783
0.000435972
0.000449683
0.000462857
0.00047557
0.000487655
0.00049926
0.000510265
0.000520664
0.000530585
0.000539749
0.000548588
0.000556649
0.000564292
0.000571345
0.000577899
0.000583984
0.00058954
0.000594722
0.000599411
0.000603765
0.000607577
0.000611114
0.00061413
0.000616863
0.000619192
0.000621159
0.000622935
0.000624308
0.000625531
0.000627221
0.00062802
0.000629065
0.000631297
0.000633082
0.000636914
0.000640223
0.000648113
0.000653549
0.000672837
0.00016369
0.000120494
0.000122831
0.000125679
0.000129168
0.000132448
0.000136223
0.000140061
0.000144375
0.000148454
0.000152997
0.00015709
0.000161736
0.000166566
0.000171466
0.000176657
0.000182225
0.000188399
0.000196063
0.000205681
0.0002164
0.000228043
0.000240734
0.000254578
0.000269158
0.000284542
0.000300295
0.000316479
0.000332709
0.000349046
0.000365202
0.000381195
0.000396886
0.000412212
0.000427168
0.000441649
0.000455633
0.000469128
0.00048202
0.000494436
0.000506191
0.000517445
0.00052809
0.000538073
0.000547626
0.000556404
0.000564755
0.000572441
0.00057962
0.000586261
0.000592357
0.000598008
0.000603113
0.000607862
0.000612083
0.000615983
0.000619325
0.000622375
0.000624911
0.000627122
0.000628965
0.000630359
0.000631653
0.000632377
0.000633158
0.000633965
0.000634458
0.000634982
0.000636301
0.000637495
0.000640329
0.000642972
0.00064962
0.0006543
0.000673287
0.00016464
0.00012335
0.000125813
0.000129012
0.000132986
0.000136719
0.000140898
0.000145109
0.000149636
0.000153749
0.000158304
0.000162062
0.000166764
0.000171691
0.000176698
0.000182012
0.00018759
0.00019471
0.000204111
0.000214944
0.000226527
0.000239463
0.000253393
0.000268393
0.000283958
0.000300203
0.000316606
0.000333324
0.000349884
0.000366475
0.000382705
0.000398695
0.000414343
0.000429546
0.000444288
0.000458534
0.000472223
0.000485411
0.000497953
0.000510015
0.000521387
0.000532266
0.000542506
0.000552103
0.00056119
0.000569591
0.000577478
0.000584767
0.000591501
0.000597725
0.000603383
0.000608608
0.000613279
0.000617603
0.000621379
0.000624831
0.000627726
0.0006303
0.000632377
0.000634078
0.000635451
0.000636288
0.000637102
0.000637187
0.000637547
0.000637456
0.000637629
0.000637618
0.000638019
0.000638596
0.000640384
0.00064231
0.000647608
0.0006515
0.000670541
0.000165281
0.000126264
0.000128774
0.000132692
0.000136947
0.000141221
0.000145703
0.000150136
0.000154607
0.000158551
0.000162792
0.000166131
0.00017084
0.000175817
0.000180877
0.000186074
0.000192157
0.00020102
0.00021176
0.000223295
0.000236146
0.000250277
0.00026529
0.000281236
0.000297541
0.000314393
0.000331178
0.000348187
0.000364828
0.000381374
0.000397607
0.000413453
0.000428867
0.000443811
0.000458235
0.000472148
0.000485464
0.000498276
0.000510411
0.00052208
0.000533025
0.000543529
0.000553313
0.000562494
0.000571125
0.000579127
0.000586564
0.000593439
0.000599727
0.00060552
0.000610745
0.000615544
0.000619796
0.000623697
0.000627055
0.000630068
0.000632546
0.000634657
0.000636306
0.000637508
0.000638413
0.000638705
0.000639032
0.000638483
0.000638408
0.000637469
0.000637268
0.000636672
0.000636134
0.000636067
0.000636758
0.000637907
0.000641736
0.000644804
0.000664215
0.000165605
0.000129248
0.000131793
0.000136575
0.000141222
0.000145893
0.000150444
0.000154849
0.000158932
0.000162464
0.00016607
0.000169017
0.000173783
0.00017871
0.000183625
0.000188726
0.000196601
0.000206862
0.00021833
0.000231009
0.00024503
0.000260177
0.00027606
0.000292692
0.000309464
0.000326657
0.000343553
0.000360474
0.000377165
0.000393536
0.000409518
0.000425073
0.000440132
0.000454709
0.000468726
0.000482226
0.000495106
0.000507486
0.000519166
0.000530384
0.000540894
0.000550842
0.000560156
0.000568876
0.000577023
0.000584584
0.000591571
0.000598052
0.000603945
0.00060937
0.000614199
0.000618623
0.000622469
0.000625985
0.000628918
0.000631518
0.000633553
0.000635217
0.000636402
0.000637119
0.000637568
0.000637337
0.00063717
0.000636008
0.000635472
0.000633805
0.00063306
0.000631837
0.000630315
0.000629575
0.000629091
0.000629406
0.000631633
0.000633843
0.000653866
0.0001656
0.000132318
0.000135026
0.00014072
0.000145697
0.000150512
0.000154914
0.000158853
0.000162182
0.000165044
0.000167772
0.000170541
0.000175374
0.000180046
0.000184556
0.000190834
0.000200594
0.000211616
0.000224069
0.000237844
0.000252883
0.000268798
0.000285292
0.000302315
0.000319269
0.000336355
0.000353326
0.000370062
0.00038648
0.000402509
0.0004181
0.00043324
0.000447839
0.000461963
0.000475462
0.000488435
0.000500774
0.000512628
0.000523896
0.000534602
0.000544702
0.000554254
0.000563174
0.00057152
0.000579259
0.00058645
0.00059301
0.000599059
0.000604498
0.000609489
0.000613874
0.000617871
0.000621281
0.000624368
0.000626859
0.000629013
0.000630597
0.00063179
0.000632508
0.000632715
0.000632653
0.000631859
0.000631118
0.000629297
0.000628233
0.000626099
0.000624483
0.000622656
0.000620127
0.000618688
0.000616942
0.000616366
0.000616847
0.000618164
0.000638994
0.000165278
0.000135491
0.000138541
0.000145297
0.000150226
0.000154692
0.000158633
0.00016162
0.000163875
0.000165833
0.000167626
0.000170589
0.000175285
0.000179404
0.000184264
0.000192687
0.000203496
0.000215229
0.000228849
0.000243526
0.000259345
0.000275717
0.000292535
0.00030944
0.000326496
0.000343422
0.000360079
0.000376423
0.000392409
0.000407953
0.00042302
0.000437598
0.000451616
0.000465193
0.000478177
0.000490696
0.000502669
0.000514026
0.000524764
0.000534935
0.000544493
0.000553521
0.000561921
0.000569779
0.00057701
0.000583734
0.000589814
0.000595435
0.000600421
0.000604997
0.000608935
0.00061252
0.000615481
0.000618152
0.000620183
0.0006219
0.000623007
0.000623736
0.000623953
0.000623654
0.000623054
0.000621691
0.000620386
0.000617834
0.000616317
0.00061378
0.000610902
0.000608504
0.000604945
0.000602785
0.000599686
0.000598154
0.000596792
0.000597145
0.000618852
0.000164582
0.000138788
0.000142377
0.000150287
0.000154354
0.000158079
0.000160979
0.000162494
0.00016351
0.000164406
0.000165516
0.000168963
0.000173113
0.000176934
0.000183662
0.000193525
0.000205012
0.000217797
0.000232409
0.000247682
0.000263976
0.000280287
0.000297195
0.000313986
0.000330709
0.000347218
0.000363378
0.000379184
0.000394582
0.0004095
0.000423967
0.000437998
0.000451437
0.000464441
0.000476866
0.000488705
0.000500011
0.000510761
0.000520928
0.000530559
0.00053957
0.000548078
0.00055595
0.000563323
0.00057004
0.000576302
0.000581883
0.000587059
0.000591557
0.000595702
0.000599155
0.000602313
0.000604783
0.000607023
0.000608545
0.000609811
0.000610389
0.000610641
0.000610301
0.000609479
0.000608282
0.000606313
0.000604422
0.000601212
0.000599137
0.00059606
0.00059191
0.000588887
0.000584187
0.000581334
0.000576733
0.000574219
0.000570902
0.000570241
0.000592732
0.000163506
0.000142235
0.000146817
0.00015506
0.00015749
0.000160115
0.00016114
0.000160926
0.00016063
0.000160458
0.000161493
0.000165329
0.000168636
0.000173483
0.000182394
0.000192891
0.000205442
0.000219055
0.000234355
0.00024976
0.000265902
0.000282331
0.000298951
0.000315294
0.000331479
0.000347371
0.000362847
0.000377976
0.000392697
0.000406902
0.000420656
0.000433994
0.000446761
0.000458998
0.00047073
0.000481915
0.000492564
0.000502689
0.000512232
0.000521271
0.000529684
0.000537632
0.000544922
0.000551773
0.000557923
0.000563688
0.000568716
0.000573417
0.000577368
0.000581057
0.000583962
0.000586666
0.000588579
0.000590365
0.000591304
0.000592097
0.000592069
0.000591826
0.000590847
0.000589481
0.000587654
0.000584934
0.000582466
0.000578925
0.000575766
0.000572081
0.000566791
0.0005631
0.000557094
0.000553659
0.000547309
0.00054386
0.000538493
0.000536773
0.000559745
0.000162022
0.000145862
0.000152066
0.000158507
0.000159321
0.000159801
0.000158227
0.000156353
0.000154837
0.0001539
0.000155693
0.000159064
0.000162611
0.000169576
0.000179616
0.000191025
0.000204452
0.000218505
0.000233475
0.00024926
0.00026531
0.000281316
0.000297249
0.00031287
0.000328329
0.000343412
0.000358048
0.00037237
0.00038629
0.000399713
0.000412596
0.000425088
0.000437067
0.000448538
0.000459502
0.000469955
0.000479872
0.000489301
0.000498145
0.000506528
0.000514266
0.000521597
0.000528227
0.000534503
0.000540005
0.000545228
0.000549616
0.000553802
0.000557118
0.000560313
0.000562579
0.000564794
0.000566052
0.000567355
0.000567608
0.000567903
0.00056716
0.000566407
0.000564763
0.000562666
0.000560179
0.000556873
0.000553733
0.000549789
0.000545243
0.00054099
0.000534605
0.000530336
0.000522764
0.000519011
0.000510488
0.000506327
0.000498786
0.000495997
0.000518875
0.000160093
0.000149707
0.000157742
0.000159787
0.000158758
0.000155853
0.000151707
0.000148259
0.000145837
0.00014496
0.000147704
0.000150643
0.000155777
0.000164575
0.000175366
0.000187567
0.000200799
0.000215356
0.000230619
0.000245921
0.000261165
0.000276457
0.000291485
0.000306162
0.000320729
0.000334894
0.000348546
0.00036183
0.000374759
0.000387243
0.000399205
0.000410762
0.000421838
0.000432435
0.000442524
0.000452144
0.000461227
0.000469866
0.000477908
0.000485544
0.000492502
0.000499136
0.000504995
0.000510625
0.000515362
0.000519981
0.000523608
0.000527227
0.000529782
0.000532442
0.000533939
0.000535626
0.000536099
0.00053689
0.000536339
0.000536073
0.000534626
0.000533121
0.000530808
0.000528017
0.000524861
0.000521097
0.000516858
0.000512445
0.000506594
0.000501826
0.000494259
0.000489654
0.000480104
0.000476357
0.000465407
0.000460923
0.000450887
0.000447149
0.000469011
0.000157675
0.000153817
0.000162895
0.000157936
0.00015426
0.000147008
0.00014058
0.00013637
0.000133706
0.000134054
0.000137155
0.000140939
0.00014823
0.000157819
0.000168847
0.000181512
0.000195507
0.000209648
0.000224101
0.000238549
0.000252796
0.000267126
0.000281128
0.000294598
0.000307927
0.000320928
0.000333467
0.000345614
0.000357401
0.000368782
0.000379666
0.000390148
0.000400172
0.00040975
0.000418821
0.000427472
0.000435581
0.000443301
0.000450399
0.000457168
0.0004632
0.000469032
0.000473968
0.000478862
0.000482674
0.000486618
0.000489321
0.000492318
0.000493943
0.00049603
0.000496599
0.000497707
0.000497335
0.000497419
0.000496152
0.000494996
0.000492911
0.00049062
0.000487686
0.000484232
0.000480187
0.00047589
0.000470569
0.000465586
0.000458687
0.00045347
0.000444453
0.000439818
0.000428142
0.000424607
0.000411228
0.000406811
0.000394116
0.000389588
0.000409036
0.000154724
0.000158252
0.000165603
0.000151564
0.000143854
0.000132113
0.000125243
0.000121219
0.000119165
0.000121154
0.000124615
0.000130355
0.000138526
0.000148811
0.000160703
0.000173406
0.000186574
0.000199724
0.000213173
0.000226567
0.000239448
0.000252305
0.000264941
0.000277092
0.000288999
0.000300601
0.000311794
0.000322594
0.000333037
0.000343103
0.000352697
0.000361911
0.000370685
0.000379049
0.000386907
0.000394409
0.000401357
0.000407989
0.000413956
0.000419698
0.000424634
0.000429497
0.000433367
0.000437353
0.000440121
0.000443214
0.000444921
0.000447092
0.000447788
0.000449036
0.000448789
0.000448944
0.000447994
0.000446861
0.000445115
0.00044292
0.000440389
0.000437195
0.000433485
0.000429423
0.000424564
0.000419662
0.000413545
0.000407883
0.000399958
0.000394585
0.000383979
0.000379593
0.000366036
0.000362767
0.000347356
0.000343277
0.000328165
0.000323051
0.000338081
0.000151223
0.00016309
0.000162229
0.000138635
0.000124836
0.000111966
0.00010591
0.000103054
0.000102852
0.00010614
0.000110753
0.000118316
0.000127227
0.000137937
0.000149249
0.000160842
0.000172953
0.000184885
0.000196567
0.000208298
0.000219602
0.000230747
0.000241677
0.000252173
0.000262366
0.000272266
0.000281806
0.000290968
0.000299784
0.000308253
0.000316274
0.000323957
0.000331224
0.000338136
0.00034455
0.000350648
0.000356225
0.000361513
0.000366163
0.000370621
0.000374316
0.000377952
0.000380665
0.000383462
0.000385173
0.000387094
0.000387919
0.000388852
0.000388895
0.000388782
0.000388056
0.000386783
0.000385516
0.00038315
0.00038103
0.000377844
0.000374787
0.000370794
0.000366584
0.00036176
0.000356356
0.000350725
0.000344051
0.000338004
0.000329174
0.000323985
0.000312132
0.000308113
0.000293516
0.000290345
0.000273935
0.000270275
0.000253597
0.000248212
0.000256155
0.000147277
0.00016844
0.000147146
0.000115885
9.77593e-05
8.72642e-05
8.35284e-05
8.29087e-05
8.51241e-05
8.95438e-05
9.58286e-05
0.000103882
0.000112827
0.000122542
0.000132731
0.000142684
0.0001527
0.000162682
0.000172357
0.000181951
0.00019118
0.000200177
0.000208947
0.000217334
0.000225391
0.000233176
0.000240654
0.000247784
0.000254597
0.000261107
0.000267236
0.000273069
0.000278525
0.000283645
0.000288325
0.000292723
0.000296651
0.000300322
0.000303441
0.000306384
0.000308677
0.000310875
0.000312335
0.000313734
0.000314372
0.000314914
0.000314961
0.000314411
0.000314074
0.000312515
0.00031154
0.000309036
0.000307422
0.000304055
0.00030165
0.000297549
0.000294177
0.000289411
0.000285047
0.000279585
0.000274185
0.000268044
0.000261363
0.000255412
0.000246229
0.000241522
0.000229549
0.0002258
0.000211917
0.000208401
0.000193019
0.000189548
0.000173148
0.000168059
0.000165698
0.000143403
0.000174453
0.000112739
8.21609e-05
6.45616e-05
5.99736e-05
5.9668e-05
6.17944e-05
6.58029e-05
7.10346e-05
7.74771e-05
8.48603e-05
9.27564e-05
0.000100502
0.000108042
0.000115496
0.0001229
0.000130133
0.000137044
0.000143807
0.000150297
0.000156544
0.000162577
0.000168261
0.000173618
0.000178759
0.000183671
0.000188345
0.00019277
0.000196899
0.000200726
0.000204307
0.000207589
0.000210609
0.000213294
0.000215749
0.00021784
0.000219719
0.00022124
0.000222551
0.000223482
0.000224157
0.000224532
0.000224445
0.00022434
0.000223496
0.000223122
0.000221332
0.000220616
0.000217981
0.000216773
0.000213437
0.000211765
0.000207739
0.000205525
0.000200941
0.000198004
0.000192911
0.000189268
0.000183679
0.000179281
0.000173275
0.000167692
0.000162445
0.000154492
0.000150455
0.000140706
0.00013708
0.000126361
0.000122855
0.000111145
0.000107953
9.4792e-05
9.13686e-05
8.16541e-05
0.000141319
0.000181343
5.89844e-05
4.13237e-05
3.34875e-05
3.35346e-05
3.58532e-05
3.93958e-05
4.32889e-05
4.7781e-05
5.26002e-05
5.74785e-05
6.20886e-05
6.63123e-05
7.01619e-05
7.39371e-05
7.76334e-05
8.11127e-05
8.43478e-05
8.74378e-05
9.04134e-05
9.31781e-05
9.57964e-05
9.82028e-05
0.000100429
0.000102532
0.00010451
0.000106358
0.000108066
0.000109621
0.00011102
0.000112279
0.000113384
0.000114332
0.000115127
0.000115775
0.000116256
0.000116548
0.000116734
0.000116701
0.000116599
0.000116195
0.000115831
0.000114999
0.000114417
0.000113129
0.000112419
0.000110628
0.000109851
0.000107477
0.00010664
0.000103798
0.000102807
9.9518e-05
9.83708e-05
9.47097e-05
9.3341e-05
8.93484e-05
8.77349e-05
8.34996e-05
8.15157e-05
7.72868e-05
7.45187e-05
7.09503e-05
6.70109e-05
6.41007e-05
5.94458e-05
5.68305e-05
5.18912e-05
4.95283e-05
4.40645e-05
4.21339e-05
3.59699e-05
3.44803e-05
2.83341e-05
0.000143818
2.90459e-05
1.63358e-05
1.59281e-05
1.49405e-05
1.39162e-05
1.30362e-05
1.24212e-05
1.20465e-05
1.18704e-05
1.18339e-05
1.18814e-05
1.19535e-05
1.20296e-05
1.21026e-05
1.21908e-05
1.23005e-05
1.24221e-05
1.25474e-05
1.26829e-05
1.28259e-05
1.29772e-05
1.31411e-05
1.33035e-05
1.34624e-05
1.3622e-05
1.37811e-05
1.39388e-05
1.40948e-05
1.42471e-05
1.43941e-05
1.45366e-05
1.4673e-05
1.48032e-05
1.4926e-05
1.50429e-05
1.51511e-05
1.52518e-05
1.53444e-05
1.54287e-05
1.55054e-05
1.55716e-05
1.56327e-05
1.56785e-05
1.57246e-05
1.57498e-05
1.57824e-05
1.57891e-05
1.58071e-05
1.57981e-05
1.57953e-05
1.57779e-05
1.57491e-05
1.57294e-05
1.56679e-05
1.5655e-05
1.55538e-05
1.55557e-05
1.54096e-05
1.54364e-05
1.52408e-05
1.52982e-05
1.50685e-05
1.51439e-05
1.48957e-05
1.49765e-05
1.47261e-05
1.48147e-05
1.45719e-05
1.46666e-05
1.44393e-05
1.45338e-05
1.43484e-05
1.43045e-05
1.45759e-05
2.46687e-05
)
;

boundaryField
{
    inlet
    {
        type            nutkWallFunction;
        Cmu             0.09;
        kappa           0.41;
        E               9.8;
        value           nonuniform List<scalar> 
75
(
2.34144e-05
2.1815e-05
2.10132e-05
2.03107e-05
1.96831e-05
1.91135e-05
1.85897e-05
1.81027e-05
1.76457e-05
1.72133e-05
1.68012e-05
1.64059e-05
1.60244e-05
1.56543e-05
1.52935e-05
1.49403e-05
1.4593e-05
1.42503e-05
1.39108e-05
1.35732e-05
1.32364e-05
1.2899e-05
1.25599e-05
1.22176e-05
1.18707e-05
1.15176e-05
1.11565e-05
1.07854e-05
1.0402e-05
1.00042e-05
9.59014e-06
9.15976e-06
8.71649e-06
8.27089e-06
7.84544e-06
7.47887e-06
7.22402e-06
7.1318e-06
7.22402e-06
7.47886e-06
7.84543e-06
8.27087e-06
8.71648e-06
9.15975e-06
9.59013e-06
1.00042e-05
1.0402e-05
1.07854e-05
1.11565e-05
1.15176e-05
1.18707e-05
1.22176e-05
1.25599e-05
1.2899e-05
1.32364e-05
1.35732e-05
1.39108e-05
1.42503e-05
1.4593e-05
1.49403e-05
1.52935e-05
1.56543e-05
1.60244e-05
1.64059e-05
1.68012e-05
1.72133e-05
1.76457e-05
1.81027e-05
1.85897e-05
1.91135e-05
1.96831e-05
2.03107e-05
2.10132e-05
2.1815e-05
2.34144e-05
)
;
    }
    outlet
    {
        type            nutkWallFunction;
        Cmu             0.09;
        kappa           0.41;
        E               9.8;
        value           nonuniform List<scalar> 
75
(
1.99883e-05
1.73879e-05
1.70883e-05
1.73368e-05
1.77987e-05
1.82679e-05
1.86833e-05
1.90327e-05
1.93186e-05
1.95465e-05
1.97218e-05
1.98491e-05
1.99316e-05
1.99703e-05
1.99717e-05
1.99344e-05
1.98599e-05
1.9749e-05
1.96025e-05
1.94205e-05
1.92035e-05
1.89515e-05
1.86646e-05
1.83428e-05
1.79862e-05
1.75951e-05
1.71703e-05
1.67131e-05
1.62263e-05
1.57143e-05
1.51843e-05
1.46479e-05
1.41219e-05
1.36291e-05
1.31982e-05
1.28603e-05
1.26446e-05
1.25698e-05
1.26432e-05
1.28575e-05
1.31942e-05
1.3624e-05
1.4116e-05
1.46415e-05
1.51775e-05
1.57073e-05
1.62194e-05
1.67064e-05
1.71638e-05
1.75889e-05
1.79804e-05
1.83374e-05
1.86598e-05
1.89472e-05
1.91998e-05
1.94174e-05
1.95999e-05
1.97472e-05
1.98587e-05
1.9934e-05
1.99719e-05
1.99714e-05
1.99336e-05
1.98518e-05
1.97254e-05
1.95509e-05
1.93239e-05
1.90389e-05
1.86903e-05
1.82758e-05
1.78074e-05
1.7346e-05
1.70976e-05
1.73967e-05
1.99935e-05
)
;
    }
    fixedWalls
    {
        type            nutkWallFunction;
        Cmu             0.09;
        kappa           0.41;
        E               9.8;
        value           nonuniform List<scalar> 
150
(
6.31363e-07
7.34134e-07
6.69278e-07
5.11119e-07
3.45414e-07
2.01563e-07
1.00162e-07
3.79994e-08
8.67364e-09
2.59792e-09
1.05032e-08
2.25234e-08
3.51798e-08
4.73142e-08
6.19711e-08
8.01692e-08
1.00306e-07
1.21026e-07
1.4341e-07
1.66981e-07
1.91873e-07
2.18792e-07
2.45413e-07
2.71413e-07
2.97491e-07
3.23422e-07
3.49089e-07
3.74436e-07
3.99143e-07
4.22958e-07
4.45995e-07
4.68016e-07
4.89022e-07
5.08795e-07
5.27593e-07
5.44981e-07
5.61148e-07
5.75995e-07
5.8951e-07
6.01793e-07
6.12378e-07
6.22151e-07
6.29463e-07
6.36853e-07
6.40881e-07
6.46106e-07
6.47183e-07
6.50067e-07
6.48665e-07
6.48199e-07
6.45484e-07
6.40821e-07
6.37733e-07
6.27834e-07
6.25795e-07
6.09529e-07
6.09855e-07
5.86386e-07
5.90669e-07
5.59243e-07
5.68392e-07
5.31506e-07
5.43564e-07
5.03626e-07
5.16574e-07
4.76234e-07
4.9049e-07
4.51317e-07
4.66578e-07
4.29875e-07
4.45168e-07
4.15197e-07
4.08129e-07
4.52054e-07
2.48681e-07
6.31363e-07
7.34134e-07
6.69278e-07
5.11117e-07
3.45409e-07
2.01553e-07
1.00147e-07
3.79795e-08
8.64935e-09
2.57113e-09
1.04706e-08
2.24873e-08
3.51378e-08
4.72646e-08
6.19156e-08
8.01097e-08
1.00246e-07
1.20963e-07
1.43344e-07
1.66911e-07
1.918e-07
2.18716e-07
2.45335e-07
2.71332e-07
2.97407e-07
3.23337e-07
3.49003e-07
3.74349e-07
3.99056e-07
4.22871e-07
4.45909e-07
4.67932e-07
4.88939e-07
5.08714e-07
5.27515e-07
5.44908e-07
5.61078e-07
5.75931e-07
5.89452e-07
6.01742e-07
6.12332e-07
6.22114e-07
6.29428e-07
6.36839e-07
6.40862e-07
6.46112e-07
6.47187e-07
6.501e-07
6.48692e-07
6.48246e-07
6.45529e-07
6.40876e-07
6.37789e-07
6.27887e-07
6.25842e-07
6.0956e-07
6.09886e-07
5.86385e-07
5.9067e-07
5.59206e-07
5.68342e-07
5.31441e-07
5.43468e-07
5.03514e-07
5.16429e-07
4.76077e-07
4.90294e-07
4.51114e-07
4.66336e-07
4.29642e-07
4.44903e-07
4.14942e-07
4.07874e-07
4.51798e-07
2.48097e-07
)
;
    }
    frontAndBack
    {
        type            empty;
    }
}


// ************************************************************************* //
