/*--------------------------------*- C++ -*----------------------------------*\
| =========                 |                                                 |
| \\      /  F ield         | OpenFOAM: The Open Source CFD Toolbox           |
|  \\    /   O peration     | Version:  2.4.0                                 |
|   \\  /    A nd           | Web:      www.OpenFOAM.org                      |
|    \\/     M anipulation  |                                                 |
\*---------------------------------------------------------------------------*/
FoamFile
{
    version     2.0;
    format      ascii;
    class       volScalarField;
    location    "0.39";
    object      nut;
}
// * * * * * * * * * * * * * * * * * * * * * * * * * * * * * * * * * * * * * //

dimensions      [0 2 -1 0 0 0 0];

internalField   nonuniform List<scalar> 
6000
(
2.40581e-05
2.70589e-05
2.95828e-05
3.16182e-05
3.31909e-05
3.43494e-05
3.51532e-05
3.56654e-05
3.59471e-05
3.60541e-05
3.60345e-05
3.59289e-05
3.57702e-05
3.55842e-05
3.53907e-05
3.52029e-05
3.50291e-05
3.48724e-05
3.47328e-05
3.46082e-05
3.44957e-05
3.43931e-05
3.42987e-05
3.42122e-05
3.41335e-05
3.40632e-05
3.40019e-05
3.39497e-05
3.39068e-05
3.38726e-05
3.38464e-05
3.38269e-05
3.38127e-05
3.38023e-05
3.37944e-05
3.37878e-05
3.37814e-05
3.37745e-05
3.37664e-05
3.37563e-05
3.37437e-05
3.37276e-05
3.3707e-05
3.36805e-05
3.36465e-05
3.36027e-05
3.35462e-05
3.34733e-05
3.33792e-05
3.32574e-05
3.30993e-05
3.28936e-05
3.26248e-05
3.22713e-05
3.18027e-05
3.11727e-05
3.03212e-05
2.91253e-05
2.75657e-05
2.5024e-05
4.52336e-05
3.9481e-05
3.46737e-05
3.09939e-05
2.8385e-05
2.66586e-05
2.56038e-05
2.50486e-05
2.48687e-05
2.49767e-05
2.53095e-05
2.58189e-05
2.64642e-05
2.72069e-05
2.80083e-05
2.88288e-05
2.96302e-05
3.03784e-05
3.10471e-05
3.16191e-05
3.20859e-05
3.24451e-05
3.26984e-05
3.28493e-05
3.29036e-05
3.28703e-05
3.27626e-05
3.25982e-05
3.2398e-05
3.21832e-05
3.19729e-05
3.17817e-05
3.16188e-05
3.14877e-05
3.13877e-05
3.13152e-05
3.1265e-05
3.12322e-05
3.12122e-05
3.12018e-05
3.11985e-05
3.12011e-05
3.12091e-05
3.12227e-05
3.12426e-05
3.12703e-05
3.13081e-05
3.13593e-05
3.14289e-05
3.1524e-05
3.16554e-05
3.1839e-05
3.20995e-05
3.24761e-05
3.30329e-05
3.38793e-05
3.52134e-05
3.74005e-05
4.09217e-05
4.9448e-05
4.98371e-05
4.86949e-05
4.71851e-05
4.52934e-05
4.30844e-05
4.06979e-05
3.82838e-05
3.59628e-05
3.38171e-05
3.18935e-05
3.02122e-05
2.87757e-05
2.75755e-05
2.65964e-05
2.5819e-05
2.52204e-05
2.47756e-05
2.44588e-05
2.42451e-05
2.41116e-05
2.40387e-05
2.40112e-05
2.40176e-05
2.40498e-05
2.41019e-05
2.41687e-05
2.42449e-05
2.43245e-05
2.44009e-05
2.44676e-05
2.4519e-05
2.45517e-05
2.45649e-05
2.45604e-05
2.4542e-05
2.45144e-05
2.4482e-05
2.44479e-05
2.44142e-05
2.43811e-05
2.43482e-05
2.43139e-05
2.42765e-05
2.42338e-05
2.41832e-05
2.4122e-05
2.40471e-05
2.39551e-05
2.38428e-05
2.37071e-05
2.35464e-05
2.33621e-05
2.31618e-05
2.29652e-05
2.28162e-05
2.28076e-05
2.3127e-05
2.41699e-05
2.66744e-05
3.27272e-05
5.00841e-05
4.95483e-05
4.89993e-05
4.84048e-05
4.77343e-05
4.6968e-05
4.60992e-05
4.51333e-05
4.40853e-05
4.29767e-05
4.1832e-05
4.0675e-05
3.95277e-05
3.84081e-05
3.73304e-05
3.6304e-05
3.53348e-05
3.44256e-05
3.35779e-05
3.27929e-05
3.2073e-05
3.14218e-05
3.08449e-05
3.03496e-05
2.99445e-05
2.96382e-05
2.94362e-05
2.93388e-05
2.93382e-05
2.94181e-05
2.95551e-05
2.97227e-05
2.9895e-05
3.00514e-05
3.01787e-05
3.02714e-05
3.03303e-05
3.03597e-05
3.03649e-05
3.03508e-05
3.03203e-05
3.02745e-05
3.02124e-05
3.01313e-05
3.00268e-05
2.9893e-05
2.97218e-05
2.95028e-05
2.92232e-05
2.88665e-05
2.84127e-05
2.78374e-05
2.71121e-05
2.62071e-05
2.50958e-05
2.37821e-05
2.2324e-05
2.10533e-05
2.05329e-05
2.24841e-05
5.00958e-05
4.96032e-05
4.91474e-05
4.87184e-05
4.83057e-05
4.78992e-05
4.74895e-05
4.70687e-05
4.66307e-05
4.61718e-05
4.56908e-05
4.51886e-05
4.46684e-05
4.41341e-05
4.35911e-05
4.30445e-05
4.24995e-05
4.19613e-05
4.14349e-05
4.09257e-05
4.04401e-05
3.99851e-05
3.95693e-05
3.92025e-05
3.88956e-05
3.86599e-05
3.85057e-05
3.84389e-05
3.84595e-05
3.85588e-05
3.87207e-05
3.89234e-05
3.91431e-05
3.93585e-05
3.9553e-05
3.97167e-05
3.98455e-05
3.994e-05
4.00035e-05
4.00401e-05
4.00537e-05
4.00469e-05
4.00208e-05
3.99752e-05
3.9908e-05
3.98151e-05
3.96904e-05
3.95252e-05
3.93067e-05
3.90173e-05
3.86321e-05
3.81151e-05
3.74141e-05
3.64525e-05
3.51144e-05
3.32429e-05
3.06096e-05
2.72208e-05
2.30999e-05
2.07725e-05
5.00963e-05
4.96062e-05
4.91573e-05
4.87436e-05
4.83595e-05
4.80003e-05
4.76613e-05
4.73382e-05
4.70271e-05
4.67245e-05
4.64273e-05
4.61332e-05
4.58406e-05
4.55485e-05
4.52567e-05
4.49659e-05
4.46772e-05
4.43927e-05
4.41155e-05
4.38493e-05
4.35991e-05
4.33706e-05
4.31703e-05
4.30051e-05
4.2882e-05
4.28073e-05
4.27859e-05
4.282e-05
4.29079e-05
4.30433e-05
4.3216e-05
4.34125e-05
4.3618e-05
4.3819e-05
4.40046e-05
4.41673e-05
4.43036e-05
4.44128e-05
4.44965e-05
4.45574e-05
4.45985e-05
4.46228e-05
4.46324e-05
4.46288e-05
4.46125e-05
4.4583e-05
4.45385e-05
4.4476e-05
4.43904e-05
4.42738e-05
4.41145e-05
4.38939e-05
4.3582e-05
4.31282e-05
4.24413e-05
4.13558e-05
3.95308e-05
3.64867e-05
3.11318e-05
2.53372e-05
5.00962e-05
4.96062e-05
4.91577e-05
4.8745e-05
4.83636e-05
4.80094e-05
4.7679e-05
4.73694e-05
4.7078e-05
4.68023e-05
4.65402e-05
4.62898e-05
4.60497e-05
4.58184e-05
4.55953e-05
4.538e-05
4.51728e-05
4.49748e-05
4.47881e-05
4.46156e-05
4.44611e-05
4.43292e-05
4.42251e-05
4.41537e-05
4.41195e-05
4.41258e-05
4.41739e-05
4.4263e-05
4.43894e-05
4.45466e-05
4.47261e-05
4.49176e-05
4.51111e-05
4.52971e-05
4.54682e-05
4.56195e-05
4.57484e-05
4.58545e-05
4.59389e-05
4.60039e-05
4.60522e-05
4.60863e-05
4.61088e-05
4.61216e-05
4.61263e-05
4.61237e-05
4.61143e-05
4.60977e-05
4.60728e-05
4.60378e-05
4.5989e-05
4.59209e-05
4.58234e-05
4.56784e-05
4.54489e-05
4.50566e-05
4.43061e-05
4.2781e-05
3.91474e-05
3.30359e-05
5.00962e-05
4.96061e-05
4.91575e-05
4.87448e-05
4.83634e-05
4.80095e-05
4.768e-05
4.73719e-05
4.7083e-05
4.68111e-05
4.65545e-05
4.63117e-05
4.60812e-05
4.58621e-05
4.56537e-05
4.54558e-05
4.52685e-05
4.50931e-05
4.49312e-05
4.47858e-05
4.46604e-05
4.45592e-05
4.44869e-05
4.44477e-05
4.44452e-05
4.44814e-05
4.45562e-05
4.46674e-05
4.48102e-05
4.49778e-05
4.51617e-05
4.53529e-05
4.55424e-05
4.57227e-05
4.58876e-05
4.60332e-05
4.61575e-05
4.62606e-05
4.63435e-05
4.64084e-05
4.64578e-05
4.64944e-05
4.65205e-05
4.65384e-05
4.65499e-05
4.65564e-05
4.65589e-05
4.65581e-05
4.65545e-05
4.65482e-05
4.65391e-05
4.65267e-05
4.65099e-05
4.64854e-05
4.64449e-05
4.6365e-05
4.61717e-05
4.56642e-05
4.40029e-05
3.99795e-05
5.00962e-05
4.9606e-05
4.91573e-05
4.87444e-05
4.8363e-05
4.8009e-05
4.76794e-05
4.73714e-05
4.70827e-05
4.68112e-05
4.65553e-05
4.63135e-05
4.60845e-05
4.58675e-05
4.56618e-05
4.54672e-05
4.5284e-05
4.51135e-05
4.49574e-05
4.48185e-05
4.47005e-05
4.46075e-05
4.4544e-05
4.45141e-05
4.4521e-05
4.45663e-05
4.46497e-05
4.47682e-05
4.49168e-05
4.50883e-05
4.52743e-05
4.5466e-05
4.56548e-05
4.58334e-05
4.59964e-05
4.61401e-05
4.62628e-05
4.63646e-05
4.64467e-05
4.65113e-05
4.65608e-05
4.65979e-05
4.6625e-05
4.66444e-05
4.66579e-05
4.66671e-05
4.66733e-05
4.66775e-05
4.66806e-05
4.66835e-05
4.66873e-05
4.66932e-05
4.67034e-05
4.67202e-05
4.67466e-05
4.67827e-05
4.68121e-05
4.67678e-05
4.62469e-05
4.43356e-05
5.00962e-05
4.96059e-05
4.91571e-05
4.87442e-05
4.83626e-05
4.80085e-05
4.76788e-05
4.73707e-05
4.70819e-05
4.68104e-05
4.65545e-05
4.63128e-05
4.6084e-05
4.58672e-05
4.56618e-05
4.54677e-05
4.52853e-05
4.51157e-05
4.49608e-05
4.48233e-05
4.47069e-05
4.46159e-05
4.45546e-05
4.45271e-05
4.45365e-05
4.45845e-05
4.46702e-05
4.4791e-05
4.49413e-05
4.51142e-05
4.5301e-05
4.5493e-05
4.56817e-05
4.586e-05
4.60224e-05
4.61655e-05
4.62877e-05
4.6389e-05
4.64709e-05
4.65353e-05
4.65848e-05
4.66219e-05
4.66493e-05
4.66691e-05
4.66831e-05
4.66931e-05
4.67004e-05
4.6706e-05
4.6711e-05
4.67167e-05
4.67243e-05
4.67358e-05
4.67543e-05
4.67842e-05
4.68321e-05
4.69072e-05
4.70158e-05
4.71516e-05
4.71492e-05
4.65302e-05
5.00962e-05
4.96059e-05
4.9157e-05
4.8744e-05
4.83623e-05
4.80081e-05
4.76783e-05
4.73702e-05
4.70813e-05
4.68097e-05
4.65537e-05
4.63119e-05
4.6083e-05
4.58662e-05
4.56609e-05
4.54668e-05
4.52845e-05
4.5115e-05
4.49603e-05
4.48231e-05
4.47071e-05
4.46166e-05
4.45558e-05
4.4529e-05
4.45392e-05
4.45879e-05
4.46744e-05
4.47958e-05
4.49468e-05
4.51201e-05
4.53072e-05
4.54993e-05
4.5688e-05
4.58661e-05
4.60284e-05
4.61713e-05
4.62933e-05
4.63945e-05
4.64762e-05
4.65405e-05
4.65899e-05
4.66271e-05
4.66545e-05
4.66744e-05
4.66886e-05
4.66988e-05
4.67063e-05
4.67123e-05
4.67178e-05
4.67242e-05
4.67328e-05
4.67459e-05
4.67667e-05
4.68002e-05
4.68543e-05
4.69408e-05
4.70741e-05
4.72714e-05
4.74766e-05
4.74932e-05
5.00962e-05
4.96058e-05
4.91569e-05
4.87438e-05
4.8362e-05
4.80078e-05
4.76779e-05
4.73697e-05
4.70807e-05
4.6809e-05
4.6553e-05
4.63111e-05
4.60822e-05
4.58653e-05
4.56599e-05
4.54658e-05
4.52835e-05
4.5114e-05
4.49593e-05
4.48222e-05
4.47064e-05
4.4616e-05
4.45555e-05
4.45289e-05
4.45394e-05
4.45884e-05
4.46753e-05
4.4797e-05
4.49482e-05
4.51217e-05
4.53089e-05
4.55011e-05
4.56897e-05
4.58678e-05
4.603e-05
4.61728e-05
4.62947e-05
4.63958e-05
4.64774e-05
4.65416e-05
4.6591e-05
4.66282e-05
4.66556e-05
4.66754e-05
4.66897e-05
4.66999e-05
4.67075e-05
4.67136e-05
4.67192e-05
4.67258e-05
4.67346e-05
4.67481e-05
4.67693e-05
4.68036e-05
4.68589e-05
4.69475e-05
4.70861e-05
4.72991e-05
4.75767e-05
4.78644e-05
5.00962e-05
4.96058e-05
4.91568e-05
4.87436e-05
4.83618e-05
4.80075e-05
4.76776e-05
4.73692e-05
4.70802e-05
4.68085e-05
4.65523e-05
4.63104e-05
4.60814e-05
4.58645e-05
4.5659e-05
4.54649e-05
4.52825e-05
4.5113e-05
4.49584e-05
4.48213e-05
4.47056e-05
4.46153e-05
4.45549e-05
4.45285e-05
4.45392e-05
4.45884e-05
4.46755e-05
4.47974e-05
4.49488e-05
4.51224e-05
4.53097e-05
4.55019e-05
4.56905e-05
4.58686e-05
4.60306e-05
4.61733e-05
4.62951e-05
4.63962e-05
4.64777e-05
4.65419e-05
4.65913e-05
4.66284e-05
4.66558e-05
4.66756e-05
4.66899e-05
4.67001e-05
4.67077e-05
4.67138e-05
4.67195e-05
4.67261e-05
4.6735e-05
4.67484e-05
4.67697e-05
4.68039e-05
4.68588e-05
4.69467e-05
4.70841e-05
4.72963e-05
4.75916e-05
4.79761e-05
5.00962e-05
4.96058e-05
4.91567e-05
4.87435e-05
4.83616e-05
4.80073e-05
4.76773e-05
4.73689e-05
4.70798e-05
4.6808e-05
4.65518e-05
4.63098e-05
4.60808e-05
4.58638e-05
4.56583e-05
4.54641e-05
4.52817e-05
4.51122e-05
4.49576e-05
4.48206e-05
4.47049e-05
4.46147e-05
4.45544e-05
4.45282e-05
4.4539e-05
4.45884e-05
4.46757e-05
4.47977e-05
4.49493e-05
4.5123e-05
4.53103e-05
4.55025e-05
4.56911e-05
4.58691e-05
4.60311e-05
4.61737e-05
4.62954e-05
4.63964e-05
4.64779e-05
4.65421e-05
4.65914e-05
4.66285e-05
4.66559e-05
4.66757e-05
4.66899e-05
4.67002e-05
4.67077e-05
4.67138e-05
4.67196e-05
4.67261e-05
4.6735e-05
4.67484e-05
4.67695e-05
4.68034e-05
4.68577e-05
4.6944e-05
4.70783e-05
4.72844e-05
4.75765e-05
4.79817e-05
5.00962e-05
4.96058e-05
4.91567e-05
4.87434e-05
4.83615e-05
4.80071e-05
4.7677e-05
4.73686e-05
4.70794e-05
4.68076e-05
4.65513e-05
4.63093e-05
4.60802e-05
4.58632e-05
4.56576e-05
4.54635e-05
4.5281e-05
4.51115e-05
4.49569e-05
4.48199e-05
4.47042e-05
4.46141e-05
4.4554e-05
4.45279e-05
4.45388e-05
4.45884e-05
4.46758e-05
4.4798e-05
4.49497e-05
4.51234e-05
4.53108e-05
4.5503e-05
4.56916e-05
4.58695e-05
4.60315e-05
4.6174e-05
4.62957e-05
4.63966e-05
4.64781e-05
4.65422e-05
4.65915e-05
4.66286e-05
4.66559e-05
4.66757e-05
4.66899e-05
4.67002e-05
4.67078e-05
4.67138e-05
4.67196e-05
4.67261e-05
4.6735e-05
4.67483e-05
4.67693e-05
4.68028e-05
4.68563e-05
4.69409e-05
4.70718e-05
4.72706e-05
4.75524e-05
4.7948e-05
5.00962e-05
4.96058e-05
4.91566e-05
4.87433e-05
4.83614e-05
4.80069e-05
4.76768e-05
4.73683e-05
4.70791e-05
4.68072e-05
4.65509e-05
4.63088e-05
4.60797e-05
4.58627e-05
4.56571e-05
4.54629e-05
4.52805e-05
4.51109e-05
4.49563e-05
4.48193e-05
4.47037e-05
4.46137e-05
4.45536e-05
4.45276e-05
4.45387e-05
4.45884e-05
4.46759e-05
4.47983e-05
4.495e-05
4.51238e-05
4.53113e-05
4.55035e-05
4.5692e-05
4.58699e-05
4.60318e-05
4.61743e-05
4.62959e-05
4.63968e-05
4.64782e-05
4.65423e-05
4.65915e-05
4.66286e-05
4.66559e-05
4.66757e-05
4.669e-05
4.67002e-05
4.67078e-05
4.67138e-05
4.67196e-05
4.67261e-05
4.67349e-05
4.67482e-05
4.6769e-05
4.68022e-05
4.6855e-05
4.6938e-05
4.70655e-05
4.72571e-05
4.75271e-05
4.7903e-05
5.00962e-05
4.96057e-05
4.91566e-05
4.87433e-05
4.83613e-05
4.80068e-05
4.76766e-05
4.73681e-05
4.70788e-05
4.68069e-05
4.65506e-05
4.63085e-05
4.60793e-05
4.58622e-05
4.56566e-05
4.54624e-05
4.52799e-05
4.51104e-05
4.49558e-05
4.48189e-05
4.47033e-05
4.46133e-05
4.45533e-05
4.45274e-05
4.45386e-05
4.45884e-05
4.4676e-05
4.47985e-05
4.49503e-05
4.51242e-05
4.53117e-05
4.55039e-05
4.56924e-05
4.58703e-05
4.60321e-05
4.61745e-05
4.62961e-05
4.63969e-05
4.64783e-05
4.65423e-05
4.65916e-05
4.66286e-05
4.66559e-05
4.66757e-05
4.669e-05
4.67002e-05
4.67078e-05
4.67138e-05
4.67195e-05
4.67261e-05
4.67349e-05
4.67481e-05
4.67688e-05
4.68017e-05
4.68538e-05
4.69353e-05
4.70598e-05
4.72448e-05
4.75033e-05
4.78576e-05
5.00962e-05
4.96057e-05
4.91566e-05
4.87432e-05
4.83612e-05
4.80066e-05
4.76764e-05
4.73679e-05
4.70786e-05
4.68066e-05
4.65503e-05
4.63081e-05
4.60789e-05
4.58618e-05
4.56562e-05
4.5462e-05
4.52795e-05
4.511e-05
4.49554e-05
4.48184e-05
4.47029e-05
4.4613e-05
4.4553e-05
4.45272e-05
4.45385e-05
4.45884e-05
4.46761e-05
4.47987e-05
4.49506e-05
4.51245e-05
4.5312e-05
4.55042e-05
4.56928e-05
4.58706e-05
4.60324e-05
4.61747e-05
4.62963e-05
4.6397e-05
4.64784e-05
4.65424e-05
4.65916e-05
4.66287e-05
4.6656e-05
4.66758e-05
4.669e-05
4.67002e-05
4.67078e-05
4.67138e-05
4.67195e-05
4.6726e-05
4.67348e-05
4.6748e-05
4.67686e-05
4.68012e-05
4.68527e-05
4.69329e-05
4.70546e-05
4.72338e-05
4.74818e-05
4.78161e-05
5.00961e-05
4.96057e-05
4.91565e-05
4.87432e-05
4.83611e-05
4.80065e-05
4.76763e-05
4.73677e-05
4.70784e-05
4.68064e-05
4.655e-05
4.63079e-05
4.60786e-05
4.58615e-05
4.56559e-05
4.54616e-05
4.52791e-05
4.51096e-05
4.4955e-05
4.48181e-05
4.47026e-05
4.46127e-05
4.45528e-05
4.45271e-05
4.45384e-05
4.45884e-05
4.46762e-05
4.47989e-05
4.49508e-05
4.51248e-05
4.53124e-05
4.55045e-05
4.56931e-05
4.58708e-05
4.60326e-05
4.61749e-05
4.62964e-05
4.63971e-05
4.64785e-05
4.65425e-05
4.65917e-05
4.66287e-05
4.6656e-05
4.66758e-05
4.669e-05
4.67002e-05
4.67078e-05
4.67138e-05
4.67195e-05
4.6726e-05
4.67348e-05
4.67479e-05
4.67684e-05
4.68008e-05
4.68517e-05
4.69308e-05
4.705e-05
4.72242e-05
4.74631e-05
4.77796e-05
5.00961e-05
4.96057e-05
4.91565e-05
4.87431e-05
4.8361e-05
4.80065e-05
4.76762e-05
4.73676e-05
4.70782e-05
4.68062e-05
4.65498e-05
4.63076e-05
4.60784e-05
4.58612e-05
4.56556e-05
4.54613e-05
4.52788e-05
4.51093e-05
4.49547e-05
4.48178e-05
4.47023e-05
4.46125e-05
4.45527e-05
4.45269e-05
4.45384e-05
4.45884e-05
4.46763e-05
4.4799e-05
4.4951e-05
4.51251e-05
4.53126e-05
4.55048e-05
4.56933e-05
4.58711e-05
4.60328e-05
4.61751e-05
4.62965e-05
4.63972e-05
4.64785e-05
4.65425e-05
4.65917e-05
4.66287e-05
4.6656e-05
4.66758e-05
4.669e-05
4.67002e-05
4.67078e-05
4.67138e-05
4.67195e-05
4.6726e-05
4.67348e-05
4.67478e-05
4.67682e-05
4.68004e-05
4.68509e-05
4.69289e-05
4.70461e-05
4.7216e-05
4.7447e-05
4.77484e-05
5.00961e-05
4.96057e-05
4.91565e-05
4.87431e-05
4.8361e-05
4.80064e-05
4.76761e-05
4.73675e-05
4.70781e-05
4.68061e-05
4.65497e-05
4.63074e-05
4.60782e-05
4.5861e-05
4.56553e-05
4.54611e-05
4.52786e-05
4.51091e-05
4.49544e-05
4.48176e-05
4.47021e-05
4.46123e-05
4.45525e-05
4.45268e-05
4.45384e-05
4.45884e-05
4.46764e-05
4.47991e-05
4.49512e-05
4.51253e-05
4.53128e-05
4.5505e-05
4.56935e-05
4.58712e-05
4.60329e-05
4.61752e-05
4.62966e-05
4.63973e-05
4.64786e-05
4.65425e-05
4.65917e-05
4.66287e-05
4.6656e-05
4.66758e-05
4.669e-05
4.67002e-05
4.67077e-05
4.67138e-05
4.67195e-05
4.6726e-05
4.67347e-05
4.67477e-05
4.6768e-05
4.68e-05
4.68502e-05
4.69273e-05
4.70428e-05
4.7209e-05
4.74335e-05
4.77224e-05
5.00961e-05
4.96057e-05
4.91565e-05
4.87431e-05
4.83609e-05
4.80063e-05
4.7676e-05
4.73674e-05
4.7078e-05
4.6806e-05
4.65495e-05
4.63073e-05
4.6078e-05
4.58608e-05
4.56552e-05
4.54609e-05
4.52784e-05
4.51089e-05
4.49542e-05
4.48174e-05
4.47019e-05
4.46121e-05
4.45524e-05
4.45268e-05
4.45383e-05
4.45885e-05
4.46765e-05
4.47992e-05
4.49513e-05
4.51254e-05
4.5313e-05
4.55052e-05
4.56937e-05
4.58714e-05
4.6033e-05
4.61753e-05
4.62967e-05
4.63974e-05
4.64786e-05
4.65426e-05
4.65917e-05
4.66287e-05
4.6656e-05
4.66758e-05
4.669e-05
4.67002e-05
4.67077e-05
4.67138e-05
4.67195e-05
4.6726e-05
4.67347e-05
4.67477e-05
4.67679e-05
4.67997e-05
4.68495e-05
4.69261e-05
4.70401e-05
4.72034e-05
4.74225e-05
4.77012e-05
5.00961e-05
4.96057e-05
4.91565e-05
4.87431e-05
4.83609e-05
4.80063e-05
4.7676e-05
4.73673e-05
4.70779e-05
4.68059e-05
4.65494e-05
4.63072e-05
4.60779e-05
4.58607e-05
4.5655e-05
4.54607e-05
4.52782e-05
4.51087e-05
4.49541e-05
4.48173e-05
4.47018e-05
4.4612e-05
4.45523e-05
4.45267e-05
4.45383e-05
4.45885e-05
4.46765e-05
4.47993e-05
4.49514e-05
4.51255e-05
4.53131e-05
4.55053e-05
4.56938e-05
4.58715e-05
4.60331e-05
4.61754e-05
4.62968e-05
4.63974e-05
4.64786e-05
4.65426e-05
4.65917e-05
4.66287e-05
4.6656e-05
4.66758e-05
4.669e-05
4.67002e-05
4.67077e-05
4.67138e-05
4.67195e-05
4.6726e-05
4.67347e-05
4.67476e-05
4.67678e-05
4.67995e-05
4.68491e-05
4.69251e-05
4.7038e-05
4.71991e-05
4.7414e-05
4.76846e-05
5.00961e-05
4.96057e-05
4.91565e-05
4.8743e-05
4.83609e-05
4.80063e-05
4.7676e-05
4.73673e-05
4.70779e-05
4.68058e-05
4.65494e-05
4.63071e-05
4.60778e-05
4.58606e-05
4.56549e-05
4.54606e-05
4.52781e-05
4.51086e-05
4.4954e-05
4.48172e-05
4.47017e-05
4.4612e-05
4.45523e-05
4.45267e-05
4.45383e-05
4.45885e-05
4.46765e-05
4.47994e-05
4.49515e-05
4.51256e-05
4.53132e-05
4.55054e-05
4.56938e-05
4.58715e-05
4.60332e-05
4.61754e-05
4.62968e-05
4.63974e-05
4.64786e-05
4.65426e-05
4.65917e-05
4.66287e-05
4.6656e-05
4.66758e-05
4.669e-05
4.67002e-05
4.67077e-05
4.67138e-05
4.67195e-05
4.6726e-05
4.67346e-05
4.67476e-05
4.67677e-05
4.67993e-05
4.68487e-05
4.69243e-05
4.70365e-05
4.7196e-05
4.74079e-05
4.76724e-05
5.00961e-05
4.96057e-05
4.91565e-05
4.8743e-05
4.83609e-05
4.80063e-05
4.76759e-05
4.73672e-05
4.70779e-05
4.68058e-05
4.65493e-05
4.63071e-05
4.60778e-05
4.58606e-05
4.56549e-05
4.54606e-05
4.52781e-05
4.51086e-05
4.4954e-05
4.48171e-05
4.47017e-05
4.46119e-05
4.45522e-05
4.45267e-05
4.45383e-05
4.45885e-05
4.46765e-05
4.47994e-05
4.49515e-05
4.51256e-05
4.53132e-05
4.55054e-05
4.56938e-05
4.58715e-05
4.60332e-05
4.61754e-05
4.62968e-05
4.63974e-05
4.64786e-05
4.65426e-05
4.65917e-05
4.66287e-05
4.6656e-05
4.66757e-05
4.66899e-05
4.67002e-05
4.67077e-05
4.67138e-05
4.67195e-05
4.67259e-05
4.67346e-05
4.67475e-05
4.67676e-05
4.67992e-05
4.68485e-05
4.69239e-05
4.70357e-05
4.71942e-05
4.74041e-05
4.76645e-05
5.00961e-05
4.96057e-05
4.91565e-05
4.8743e-05
4.83609e-05
4.80063e-05
4.76759e-05
4.73672e-05
4.70779e-05
4.68058e-05
4.65493e-05
4.63071e-05
4.60778e-05
4.58606e-05
4.56549e-05
4.54606e-05
4.52781e-05
4.51086e-05
4.4954e-05
4.48171e-05
4.47017e-05
4.46119e-05
4.45522e-05
4.45267e-05
4.45383e-05
4.45885e-05
4.46765e-05
4.47993e-05
4.49515e-05
4.51256e-05
4.53131e-05
4.55053e-05
4.56938e-05
4.58715e-05
4.60331e-05
4.61753e-05
4.62967e-05
4.63973e-05
4.64786e-05
4.65425e-05
4.65917e-05
4.66287e-05
4.66559e-05
4.66757e-05
4.66899e-05
4.67001e-05
4.67077e-05
4.67138e-05
4.67195e-05
4.67259e-05
4.67346e-05
4.67475e-05
4.67676e-05
4.67991e-05
4.68484e-05
4.69238e-05
4.70355e-05
4.71938e-05
4.74028e-05
4.76608e-05
5.00961e-05
4.96057e-05
4.91565e-05
4.8743e-05
4.83609e-05
4.80063e-05
4.7676e-05
4.73673e-05
4.70779e-05
4.68058e-05
4.65494e-05
4.63071e-05
4.60778e-05
4.58606e-05
4.56549e-05
4.54606e-05
4.52781e-05
4.51086e-05
4.4954e-05
4.48172e-05
4.47017e-05
4.4612e-05
4.45523e-05
4.45267e-05
4.45383e-05
4.45884e-05
4.46765e-05
4.47993e-05
4.49514e-05
4.51255e-05
4.5313e-05
4.55052e-05
4.56936e-05
4.58713e-05
4.6033e-05
4.61752e-05
4.62966e-05
4.63972e-05
4.64785e-05
4.65424e-05
4.65916e-05
4.66286e-05
4.66559e-05
4.66757e-05
4.66899e-05
4.67001e-05
4.67077e-05
4.67138e-05
4.67195e-05
4.67259e-05
4.67346e-05
4.67475e-05
4.67676e-05
4.67991e-05
4.68484e-05
4.6924e-05
4.70359e-05
4.71945e-05
4.74038e-05
4.76613e-05
5.00961e-05
4.96057e-05
4.91565e-05
4.87431e-05
4.83609e-05
4.80063e-05
4.7676e-05
4.73673e-05
4.70779e-05
4.68059e-05
4.65494e-05
4.63072e-05
4.60779e-05
4.58607e-05
4.5655e-05
4.54607e-05
4.52782e-05
4.51087e-05
4.49541e-05
4.48173e-05
4.47018e-05
4.4612e-05
4.45523e-05
4.45267e-05
4.45383e-05
4.45884e-05
4.46764e-05
4.47992e-05
4.49513e-05
4.51253e-05
4.53129e-05
4.5505e-05
4.56935e-05
4.58711e-05
4.60328e-05
4.6175e-05
4.62964e-05
4.63971e-05
4.64784e-05
4.65423e-05
4.65915e-05
4.66285e-05
4.66558e-05
4.66756e-05
4.66899e-05
4.67001e-05
4.67077e-05
4.67138e-05
4.67194e-05
4.67259e-05
4.67346e-05
4.67475e-05
4.67676e-05
4.67992e-05
4.68486e-05
4.69244e-05
4.7037e-05
4.71967e-05
4.74073e-05
4.76662e-05
5.00961e-05
4.96057e-05
4.91565e-05
4.87431e-05
4.83609e-05
4.80063e-05
4.7676e-05
4.73674e-05
4.7078e-05
4.6806e-05
4.65495e-05
4.63073e-05
4.6078e-05
4.58608e-05
4.56552e-05
4.54609e-05
4.52784e-05
4.51089e-05
4.49542e-05
4.48174e-05
4.47019e-05
4.46121e-05
4.45524e-05
4.45267e-05
4.45383e-05
4.45884e-05
4.46764e-05
4.47991e-05
4.49511e-05
4.51252e-05
4.53127e-05
4.55048e-05
4.56932e-05
4.58709e-05
4.60326e-05
4.61748e-05
4.62962e-05
4.63969e-05
4.64782e-05
4.65422e-05
4.65914e-05
4.66285e-05
4.66558e-05
4.66756e-05
4.66898e-05
4.67001e-05
4.67077e-05
4.67137e-05
4.67194e-05
4.67259e-05
4.67346e-05
4.67475e-05
4.67676e-05
4.67993e-05
4.68489e-05
4.69252e-05
4.70387e-05
4.72001e-05
4.74134e-05
4.76756e-05
5.00961e-05
4.96057e-05
4.91565e-05
4.87431e-05
4.8361e-05
4.80064e-05
4.76761e-05
4.73675e-05
4.70781e-05
4.68061e-05
4.65497e-05
4.63074e-05
4.60782e-05
4.5861e-05
4.56554e-05
4.54611e-05
4.52786e-05
4.51091e-05
4.49544e-05
4.48176e-05
4.47021e-05
4.46123e-05
4.45525e-05
4.45268e-05
4.45383e-05
4.45883e-05
4.46763e-05
4.47989e-05
4.49509e-05
4.51249e-05
4.53124e-05
4.55045e-05
4.5693e-05
4.58707e-05
4.60323e-05
4.61746e-05
4.62961e-05
4.63968e-05
4.64781e-05
4.65421e-05
4.65913e-05
4.66284e-05
4.66557e-05
4.66756e-05
4.66898e-05
4.67e-05
4.67076e-05
4.67137e-05
4.67194e-05
4.67259e-05
4.67346e-05
4.67475e-05
4.67676e-05
4.67994e-05
4.68493e-05
4.69263e-05
4.7041e-05
4.7205e-05
4.7422e-05
4.76897e-05
5.00961e-05
4.96057e-05
4.91565e-05
4.87431e-05
4.8361e-05
4.80065e-05
4.76762e-05
4.73676e-05
4.70782e-05
4.68062e-05
4.65498e-05
4.63076e-05
4.60784e-05
4.58612e-05
4.56556e-05
4.54613e-05
4.52788e-05
4.51093e-05
4.49547e-05
4.48178e-05
4.47023e-05
4.46125e-05
4.45526e-05
4.45269e-05
4.45383e-05
4.45883e-05
4.46762e-05
4.47988e-05
4.49507e-05
4.51247e-05
4.53121e-05
4.55042e-05
4.56926e-05
4.58704e-05
4.6032e-05
4.61744e-05
4.62958e-05
4.63966e-05
4.64779e-05
4.6542e-05
4.65912e-05
4.66283e-05
4.66557e-05
4.66755e-05
4.66898e-05
4.67e-05
4.67076e-05
4.67137e-05
4.67194e-05
4.67259e-05
4.67345e-05
4.67475e-05
4.67677e-05
4.67996e-05
4.68499e-05
4.69276e-05
4.70441e-05
4.72113e-05
4.74334e-05
4.7709e-05
5.00961e-05
4.96057e-05
4.91565e-05
4.87432e-05
4.83611e-05
4.80065e-05
4.76763e-05
4.73677e-05
4.70784e-05
4.68064e-05
4.655e-05
4.63079e-05
4.60786e-05
4.58615e-05
4.56559e-05
4.54616e-05
4.52791e-05
4.51096e-05
4.4955e-05
4.48181e-05
4.47026e-05
4.46127e-05
4.45528e-05
4.4527e-05
4.45384e-05
4.45883e-05
4.4676e-05
4.47986e-05
4.49504e-05
4.51244e-05
4.53118e-05
4.55039e-05
4.56923e-05
4.587e-05
4.60317e-05
4.61741e-05
4.62956e-05
4.63964e-05
4.64778e-05
4.65419e-05
4.65911e-05
4.66282e-05
4.66556e-05
4.66755e-05
4.66897e-05
4.67e-05
4.67076e-05
4.67137e-05
4.67194e-05
4.67259e-05
4.67345e-05
4.67475e-05
4.67678e-05
4.67999e-05
4.68505e-05
4.69293e-05
4.70478e-05
4.72191e-05
4.74477e-05
4.77339e-05
5.00962e-05
4.96057e-05
4.91566e-05
4.87432e-05
4.83612e-05
4.80066e-05
4.76764e-05
4.73679e-05
4.70786e-05
4.68066e-05
4.65503e-05
4.63081e-05
4.60789e-05
4.58618e-05
4.56562e-05
4.5462e-05
4.52795e-05
4.511e-05
4.49554e-05
4.48185e-05
4.47029e-05
4.4613e-05
4.4553e-05
4.45272e-05
4.45384e-05
4.45882e-05
4.46759e-05
4.47984e-05
4.49502e-05
4.5124e-05
4.53114e-05
4.55035e-05
4.56919e-05
4.58697e-05
4.60314e-05
4.61738e-05
4.62954e-05
4.63962e-05
4.64776e-05
4.65417e-05
4.6591e-05
4.66281e-05
4.66555e-05
4.66754e-05
4.66897e-05
4.67e-05
4.67076e-05
4.67137e-05
4.67194e-05
4.67258e-05
4.67345e-05
4.67475e-05
4.67679e-05
4.68002e-05
4.68513e-05
4.69312e-05
4.70522e-05
4.72285e-05
4.74651e-05
4.7765e-05
5.00962e-05
4.96057e-05
4.91566e-05
4.87433e-05
4.83613e-05
4.80068e-05
4.76766e-05
4.73681e-05
4.70788e-05
4.68069e-05
4.65506e-05
4.63085e-05
4.60793e-05
4.58622e-05
4.56566e-05
4.54624e-05
4.52799e-05
4.51104e-05
4.49558e-05
4.48189e-05
4.47033e-05
4.46133e-05
4.45533e-05
4.45273e-05
4.45385e-05
4.45882e-05
4.46758e-05
4.47981e-05
4.49498e-05
4.51236e-05
4.5311e-05
4.5503e-05
4.56915e-05
4.58692e-05
4.6031e-05
4.61735e-05
4.62951e-05
4.6396e-05
4.64774e-05
4.65416e-05
4.65909e-05
4.66281e-05
4.66555e-05
4.66754e-05
4.66896e-05
4.66999e-05
4.67075e-05
4.67137e-05
4.67194e-05
4.67258e-05
4.67345e-05
4.67476e-05
4.6768e-05
4.68005e-05
4.68522e-05
4.69334e-05
4.70572e-05
4.72396e-05
4.74859e-05
4.78033e-05
5.00962e-05
4.96058e-05
4.91566e-05
4.87433e-05
4.83614e-05
4.80069e-05
4.76768e-05
4.73683e-05
4.70791e-05
4.68072e-05
4.65509e-05
4.63088e-05
4.60797e-05
4.58627e-05
4.56571e-05
4.54629e-05
4.52805e-05
4.51109e-05
4.49563e-05
4.48193e-05
4.47037e-05
4.46137e-05
4.45536e-05
4.45275e-05
4.45386e-05
4.45882e-05
4.46756e-05
4.47979e-05
4.49495e-05
4.51232e-05
4.53105e-05
4.55025e-05
4.5691e-05
4.58688e-05
4.60306e-05
4.61731e-05
4.62948e-05
4.63957e-05
4.64772e-05
4.65414e-05
4.65908e-05
4.6628e-05
4.66554e-05
4.66753e-05
4.66896e-05
4.66999e-05
4.67075e-05
4.67136e-05
4.67193e-05
4.67258e-05
4.67345e-05
4.67476e-05
4.67681e-05
4.68009e-05
4.68532e-05
4.69359e-05
4.7063e-05
4.72526e-05
4.75103e-05
4.78498e-05
5.00962e-05
4.96058e-05
4.91567e-05
4.87434e-05
4.83615e-05
4.80071e-05
4.7677e-05
4.73686e-05
4.70794e-05
4.68076e-05
4.65513e-05
4.63093e-05
4.60802e-05
4.58632e-05
4.56576e-05
4.54635e-05
4.52811e-05
4.51115e-05
4.49569e-05
4.48199e-05
4.47043e-05
4.46141e-05
4.45539e-05
4.45278e-05
4.45387e-05
4.45882e-05
4.46755e-05
4.47976e-05
4.49491e-05
4.51227e-05
4.531e-05
4.5502e-05
4.56905e-05
4.58683e-05
4.60302e-05
4.61728e-05
4.62945e-05
4.63955e-05
4.6477e-05
4.65413e-05
4.65907e-05
4.66279e-05
4.66553e-05
4.66753e-05
4.66896e-05
4.66999e-05
4.67075e-05
4.67136e-05
4.67193e-05
4.67258e-05
4.67346e-05
4.67476e-05
4.67682e-05
4.68013e-05
4.68543e-05
4.69387e-05
4.70695e-05
4.72675e-05
4.75388e-05
4.79059e-05
5.00962e-05
4.96058e-05
4.91567e-05
4.87435e-05
4.83616e-05
4.80073e-05
4.76773e-05
4.73689e-05
4.70798e-05
4.6808e-05
4.65518e-05
4.63098e-05
4.60808e-05
4.58638e-05
4.56583e-05
4.54641e-05
4.52817e-05
4.51122e-05
4.49576e-05
4.48206e-05
4.47049e-05
4.46147e-05
4.45544e-05
4.45281e-05
4.45389e-05
4.45882e-05
4.46753e-05
4.47973e-05
4.49487e-05
4.51222e-05
4.53094e-05
4.55014e-05
4.56899e-05
4.58678e-05
4.60297e-05
4.61723e-05
4.62941e-05
4.63952e-05
4.64768e-05
4.65411e-05
4.65905e-05
4.66278e-05
4.66553e-05
4.66752e-05
4.66895e-05
4.66998e-05
4.67075e-05
4.67136e-05
4.67193e-05
4.67258e-05
4.67346e-05
4.67477e-05
4.67684e-05
4.68017e-05
4.68554e-05
4.69417e-05
4.70767e-05
4.72844e-05
4.75716e-05
4.79737e-05
5.00962e-05
4.96058e-05
4.91568e-05
4.87436e-05
4.83618e-05
4.80075e-05
4.76776e-05
4.73692e-05
4.70802e-05
4.68085e-05
4.65524e-05
4.63104e-05
4.60814e-05
4.58645e-05
4.5659e-05
4.54649e-05
4.52825e-05
4.5113e-05
4.49584e-05
4.48213e-05
4.47056e-05
4.46153e-05
4.45549e-05
4.45284e-05
4.45391e-05
4.45882e-05
4.46752e-05
4.47969e-05
4.49482e-05
4.51216e-05
4.53087e-05
4.55007e-05
4.56892e-05
4.58672e-05
4.60292e-05
4.61719e-05
4.62938e-05
4.63949e-05
4.64766e-05
4.65409e-05
4.65904e-05
4.66277e-05
4.66552e-05
4.66751e-05
4.66895e-05
4.66998e-05
4.67074e-05
4.67136e-05
4.67193e-05
4.67258e-05
4.67345e-05
4.67477e-05
4.67685e-05
4.68021e-05
4.68566e-05
4.6945e-05
4.70846e-05
4.73037e-05
4.76093e-05
4.80556e-05
5.00962e-05
4.96058e-05
4.91569e-05
4.87438e-05
4.8362e-05
4.80078e-05
4.76779e-05
4.73697e-05
4.70807e-05
4.6809e-05
4.6553e-05
4.63111e-05
4.60822e-05
4.58653e-05
4.56599e-05
4.54658e-05
4.52835e-05
4.5114e-05
4.49593e-05
4.48222e-05
4.47064e-05
4.4616e-05
4.45554e-05
4.45288e-05
4.45392e-05
4.45881e-05
4.46749e-05
4.47965e-05
4.49475e-05
4.51208e-05
4.53079e-05
4.54998e-05
4.56884e-05
4.58664e-05
4.60285e-05
4.61712e-05
4.62932e-05
4.63944e-05
4.64762e-05
4.65406e-05
4.65901e-05
4.66274e-05
4.66549e-05
4.66749e-05
4.66893e-05
4.66996e-05
4.67073e-05
4.67134e-05
4.67191e-05
4.67256e-05
4.67344e-05
4.67476e-05
4.67685e-05
4.68025e-05
4.68578e-05
4.69483e-05
4.70932e-05
4.73253e-05
4.76524e-05
4.81549e-05
5.00962e-05
4.96059e-05
4.9157e-05
4.8744e-05
4.83623e-05
4.80081e-05
4.76783e-05
4.73702e-05
4.70813e-05
4.68097e-05
4.65537e-05
4.63119e-05
4.6083e-05
4.58662e-05
4.56609e-05
4.54668e-05
4.52845e-05
4.5115e-05
4.49603e-05
4.48231e-05
4.47071e-05
4.46166e-05
4.45558e-05
4.45289e-05
4.4539e-05
4.45876e-05
4.46741e-05
4.47953e-05
4.49461e-05
4.51192e-05
4.53061e-05
4.5498e-05
4.56866e-05
4.58647e-05
4.60269e-05
4.61698e-05
4.62918e-05
4.63932e-05
4.6475e-05
4.65395e-05
4.65891e-05
4.66264e-05
4.6654e-05
4.6674e-05
4.66884e-05
4.66987e-05
4.67064e-05
4.67126e-05
4.67183e-05
4.67248e-05
4.67336e-05
4.67469e-05
4.6768e-05
4.68023e-05
4.68585e-05
4.69514e-05
4.7102e-05
4.73492e-05
4.77012e-05
4.82762e-05
5.00962e-05
4.96059e-05
4.91571e-05
4.87442e-05
4.83626e-05
4.80085e-05
4.76788e-05
4.73707e-05
4.70819e-05
4.68104e-05
4.65545e-05
4.63128e-05
4.6084e-05
4.58672e-05
4.56618e-05
4.54677e-05
4.52853e-05
4.51157e-05
4.49608e-05
4.48233e-05
4.4707e-05
4.46159e-05
4.45546e-05
4.4527e-05
4.45364e-05
4.45842e-05
4.46699e-05
4.47905e-05
4.49407e-05
4.51134e-05
4.53e-05
4.54919e-05
4.56804e-05
4.58586e-05
4.60211e-05
4.61642e-05
4.62865e-05
4.6388e-05
4.647e-05
4.65346e-05
4.65843e-05
4.66217e-05
4.66494e-05
4.66694e-05
4.66839e-05
4.66943e-05
4.6702e-05
4.67082e-05
4.6714e-05
4.67206e-05
4.67296e-05
4.6743e-05
4.67643e-05
4.67991e-05
4.68565e-05
4.69521e-05
4.71092e-05
4.73739e-05
4.77555e-05
4.84248e-05
5.00962e-05
4.9606e-05
4.91573e-05
4.87444e-05
4.8363e-05
4.8009e-05
4.76794e-05
4.73714e-05
4.70827e-05
4.68112e-05
4.65553e-05
4.63135e-05
4.60845e-05
4.58675e-05
4.56618e-05
4.54672e-05
4.52841e-05
4.51135e-05
4.49574e-05
4.48185e-05
4.47005e-05
4.46075e-05
4.4544e-05
4.45141e-05
4.4521e-05
4.45663e-05
4.46496e-05
4.4768e-05
4.49165e-05
4.50879e-05
4.52739e-05
4.54654e-05
4.56542e-05
4.58329e-05
4.59959e-05
4.61397e-05
4.62626e-05
4.63646e-05
4.6447e-05
4.6512e-05
4.65619e-05
4.65996e-05
4.66274e-05
4.66477e-05
4.66623e-05
4.66728e-05
4.66808e-05
4.66872e-05
4.66934e-05
4.67004e-05
4.67098e-05
4.67238e-05
4.6746e-05
4.6782e-05
4.68413e-05
4.69406e-05
4.7106e-05
4.73919e-05
4.78099e-05
4.86046e-05
5.00962e-05
4.96061e-05
4.91575e-05
4.87448e-05
4.83634e-05
4.80095e-05
4.768e-05
4.73719e-05
4.7083e-05
4.68111e-05
4.65545e-05
4.63117e-05
4.60812e-05
4.58621e-05
4.56537e-05
4.54558e-05
4.52686e-05
4.50931e-05
4.49313e-05
4.47859e-05
4.46606e-05
4.45595e-05
4.44872e-05
4.44482e-05
4.44458e-05
4.4482e-05
4.4557e-05
4.46683e-05
4.48112e-05
4.49789e-05
4.5163e-05
4.53543e-05
4.55441e-05
4.57246e-05
4.58899e-05
4.60359e-05
4.61606e-05
4.62642e-05
4.63478e-05
4.64137e-05
4.64644e-05
4.65027e-05
4.6531e-05
4.65518e-05
4.65669e-05
4.65782e-05
4.65869e-05
4.65943e-05
4.66016e-05
4.66101e-05
4.66215e-05
4.66379e-05
4.66631e-05
4.6703e-05
4.67675e-05
4.68746e-05
4.70535e-05
4.73684e-05
4.78368e-05
4.88045e-05
5.00962e-05
4.96062e-05
4.91577e-05
4.8745e-05
4.83636e-05
4.80094e-05
4.7679e-05
4.73694e-05
4.7078e-05
4.68023e-05
4.65402e-05
4.62899e-05
4.60497e-05
4.58184e-05
4.55953e-05
4.538e-05
4.51729e-05
4.49751e-05
4.47885e-05
4.46161e-05
4.44617e-05
4.43301e-05
4.42262e-05
4.41552e-05
4.41214e-05
4.41282e-05
4.41769e-05
4.42667e-05
4.43937e-05
4.45517e-05
4.47319e-05
4.49243e-05
4.51187e-05
4.53057e-05
4.54781e-05
4.56307e-05
4.57607e-05
4.58683e-05
4.59548e-05
4.60229e-05
4.60752e-05
4.61148e-05
4.61444e-05
4.61665e-05
4.61833e-05
4.61966e-05
4.62078e-05
4.62186e-05
4.623e-05
4.62438e-05
4.62618e-05
4.62866e-05
4.63222e-05
4.63751e-05
4.64562e-05
4.65847e-05
4.67947e-05
4.71604e-05
4.77153e-05
4.89385e-05
5.00963e-05
4.96062e-05
4.91573e-05
4.87436e-05
4.83595e-05
4.80003e-05
4.76613e-05
4.73382e-05
4.70271e-05
4.67245e-05
4.64273e-05
4.61333e-05
4.58407e-05
4.55486e-05
4.52569e-05
4.49662e-05
4.46776e-05
4.43934e-05
4.41165e-05
4.38507e-05
4.36009e-05
4.3373e-05
4.31734e-05
4.30091e-05
4.28871e-05
4.28137e-05
4.27939e-05
4.28296e-05
4.29193e-05
4.30568e-05
4.32317e-05
4.34305e-05
4.36388e-05
4.3843e-05
4.40321e-05
4.41984e-05
4.4338e-05
4.44516e-05
4.45418e-05
4.46119e-05
4.46657e-05
4.47066e-05
4.47381e-05
4.47629e-05
4.47835e-05
4.4802e-05
4.48205e-05
4.48406e-05
4.48642e-05
4.48936e-05
4.49313e-05
4.4981e-05
4.5048e-05
4.514e-05
4.52702e-05
4.54601e-05
4.57524e-05
4.62303e-05
4.6972e-05
4.86053e-05
5.00958e-05
4.96032e-05
4.91474e-05
4.87184e-05
4.83057e-05
4.78992e-05
4.74895e-05
4.70687e-05
4.66307e-05
4.61718e-05
4.56908e-05
4.51888e-05
4.46686e-05
4.41345e-05
4.35916e-05
4.30453e-05
4.25008e-05
4.1963e-05
4.14373e-05
4.09289e-05
4.04442e-05
3.99904e-05
3.9576e-05
3.92108e-05
3.89059e-05
3.86726e-05
3.85211e-05
3.84576e-05
3.84818e-05
3.85853e-05
3.87519e-05
3.896e-05
3.91863e-05
3.94094e-05
3.96126e-05
3.97837e-05
3.99203e-05
4.00263e-05
4.01071e-05
4.01681e-05
4.02143e-05
4.02504e-05
4.028e-05
4.03064e-05
4.03322e-05
4.036e-05
4.03921e-05
4.0431e-05
4.04797e-05
4.05416e-05
4.06213e-05
4.07244e-05
4.08594e-05
4.10375e-05
4.12774e-05
4.16062e-05
4.20845e-05
4.28026e-05
4.39655e-05
4.62884e-05
5.00841e-05
4.95483e-05
4.89993e-05
4.84048e-05
4.77343e-05
4.6968e-05
4.60993e-05
4.51334e-05
4.40854e-05
4.29769e-05
4.18322e-05
4.06753e-05
3.95282e-05
3.84089e-05
3.73315e-05
3.63056e-05
3.53369e-05
3.44283e-05
3.35812e-05
3.27971e-05
3.20781e-05
3.1428e-05
3.08523e-05
3.03584e-05
2.99551e-05
2.96509e-05
2.94516e-05
2.93573e-05
2.93605e-05
2.9445e-05
2.95877e-05
2.97623e-05
2.99433e-05
3.01101e-05
3.02477e-05
3.03474e-05
3.04162e-05
3.04619e-05
3.04917e-05
3.05114e-05
3.05253e-05
3.05368e-05
3.05483e-05
3.05615e-05
3.05782e-05
3.05997e-05
3.06278e-05
3.06645e-05
3.07125e-05
3.07753e-05
3.08576e-05
3.09661e-05
3.11102e-05
3.13037e-05
3.15692e-05
3.19389e-05
3.24937e-05
3.33232e-05
3.4883e-05
3.78629e-05
4.98371e-05
4.86949e-05
4.71851e-05
4.52934e-05
4.30844e-05
4.06979e-05
3.82838e-05
3.59629e-05
3.38172e-05
3.18937e-05
3.02124e-05
2.8776e-05
2.75758e-05
2.65969e-05
2.58196e-05
2.52211e-05
2.47764e-05
2.44598e-05
2.42461e-05
2.41126e-05
2.40397e-05
2.40122e-05
2.40187e-05
2.4051e-05
2.41033e-05
2.41705e-05
2.42474e-05
2.43281e-05
2.44059e-05
2.44746e-05
2.45286e-05
2.45645e-05
2.45812e-05
2.45801e-05
2.45631e-05
2.45351e-05
2.45035e-05
2.44727e-05
2.44446e-05
2.44196e-05
2.43972e-05
2.43765e-05
2.43562e-05
2.43351e-05
2.43118e-05
2.42848e-05
2.42526e-05
2.42131e-05
2.41645e-05
2.41042e-05
2.40299e-05
2.39387e-05
2.38283e-05
2.36967e-05
2.35446e-05
2.33751e-05
2.32103e-05
2.30649e-05
2.32163e-05
2.40887e-05
4.52336e-05
3.9481e-05
3.46737e-05
3.09939e-05
2.8385e-05
2.66586e-05
2.56038e-05
2.50486e-05
2.48688e-05
2.49767e-05
2.53096e-05
2.5819e-05
2.64643e-05
2.72072e-05
2.80089e-05
2.88298e-05
2.96317e-05
3.03805e-05
3.10499e-05
3.16226e-05
3.20902e-05
3.24503e-05
3.27043e-05
3.28558e-05
3.29107e-05
3.28779e-05
3.27706e-05
3.26065e-05
3.24064e-05
3.21914e-05
3.19808e-05
3.17889e-05
3.16246e-05
3.14905e-05
3.1384e-05
3.13025e-05
3.12421e-05
3.11973e-05
3.11629e-05
3.11341e-05
3.11074e-05
3.10796e-05
3.10484e-05
3.10112e-05
3.09655e-05
3.09083e-05
3.08361e-05
3.07444e-05
3.06278e-05
3.04796e-05
3.02913e-05
3.00524e-05
2.97496e-05
2.93659e-05
2.88791e-05
2.82568e-05
2.74582e-05
2.63611e-05
2.49076e-05
2.24241e-05
2.40581e-05
2.70589e-05
2.95828e-05
3.16182e-05
3.31909e-05
3.43494e-05
3.51532e-05
3.56654e-05
3.59471e-05
3.60541e-05
3.60346e-05
3.5929e-05
3.57703e-05
3.55844e-05
3.53909e-05
3.52033e-05
3.50295e-05
3.4873e-05
3.47336e-05
3.46092e-05
3.4497e-05
3.43946e-05
3.43007e-05
3.42146e-05
3.41364e-05
3.40668e-05
3.40063e-05
3.39551e-05
3.39134e-05
3.38807e-05
3.38563e-05
3.38391e-05
3.38277e-05
3.38205e-05
3.3816e-05
3.38139e-05
3.38139e-05
3.38155e-05
3.38185e-05
3.3823e-05
3.3829e-05
3.38369e-05
3.38472e-05
3.38605e-05
3.38775e-05
3.38994e-05
3.39274e-05
3.39634e-05
3.40093e-05
3.4068e-05
3.41428e-05
3.42382e-05
3.43592e-05
3.45128e-05
3.47055e-05
3.49527e-05
3.52347e-05
3.56796e-05
3.56861e-05
3.6826e-05
2.46555e-05
2.56718e-05
2.7097e-05
2.8536e-05
2.98865e-05
3.11225e-05
3.22016e-05
3.30881e-05
3.37521e-05
3.41752e-05
3.43912e-05
3.44374e-05
3.43497e-05
3.41582e-05
3.38791e-05
3.35112e-05
3.29454e-05
3.21168e-05
3.13005e-05
3.15263e-05
3.19219e-05
3.23273e-05
3.26975e-05
3.3031e-05
3.33364e-05
3.36262e-05
3.39222e-05
3.42589e-05
3.46718e-05
3.52682e-05
3.56101e-05
3.60383e-05
4.30715e-05
3.63179e-05
3.94218e-05
3.66054e-05
4.16766e-05
3.99731e-05
3.79385e-05
3.68304e-05
3.55019e-05
3.43167e-05
3.341e-05
3.27707e-05
3.23476e-05
3.20903e-05
3.19584e-05
3.19238e-05
3.19685e-05
3.20789e-05
3.22401e-05
3.24327e-05
3.26321e-05
3.28094e-05
3.29353e-05
3.29893e-05
3.299e-05
3.29534e-05
3.29081e-05
3.26936e-05
4.82698e-05
4.39921e-05
4.00733e-05
3.71739e-05
3.49026e-05
3.29815e-05
3.13599e-05
3.00673e-05
2.90786e-05
2.83595e-05
2.79892e-05
2.79846e-05
2.83156e-05
2.89277e-05
2.97575e-05
3.07078e-05
3.21087e-05
3.43984e-05
3.49988e-05
3.51355e-05
3.4795e-05
3.4337e-05
3.38626e-05
3.33753e-05
3.28627e-05
3.22956e-05
3.16167e-05
3.07338e-05
2.95151e-05
2.76659e-05
2.48915e-05
2.08676e-05
2.10152e-05
3.27236e-05
0.000105945
0.000143653
0.000203008
0.000196821
0.00018162
0.00016095
0.000140864
0.000123433
0.000109059
9.73356e-05
8.76195e-05
7.93316e-05
7.20465e-05
6.54927e-05
5.95339e-05
5.41494e-05
4.94045e-05
4.54111e-05
4.22788e-05
4.00628e-05
3.87061e-05
3.80044e-05
3.77387e-05
3.77074e-05
3.75216e-05
3.80415e-05
3.04952e-05
2.88633e-05
2.75032e-05
2.66519e-05
2.60852e-05
2.55947e-05
2.5084e-05
2.4535e-05
2.39458e-05
2.3246e-05
2.24722e-05
2.17439e-05
2.1144e-05
2.07156e-05
2.04731e-05
2.03778e-05
2.0525e-05
2.13595e-05
2.19857e-05
2.25547e-05
2.29843e-05
2.33103e-05
2.35249e-05
2.36183e-05
2.35928e-05
2.34532e-05
2.31997e-05
2.28328e-05
2.23582e-05
2.18976e-05
2.19525e-05
2.66667e-05
1.68626e-05
2.38009e-05
8.74857e-05
0.000147953
0.000227432
0.000232691
0.000212395
0.00018417
0.000157827
0.00013633
0.000119566
0.000106464
9.5879e-05
8.69015e-05
7.89135e-05
7.15494e-05
6.46399e-05
5.8161e-05
5.21856e-05
4.68362e-05
4.2235e-05
3.84517e-05
3.54686e-05
3.32067e-05
3.15587e-05
3.04002e-05
2.94368e-05
2.87959e-05
2.20644e-05
2.22638e-05
2.27787e-05
2.35046e-05
2.42774e-05
2.5025e-05
2.57184e-05
2.63351e-05
2.68533e-05
2.72191e-05
2.73337e-05
2.72152e-05
2.68863e-05
2.63653e-05
2.56468e-05
2.4602e-05
2.30798e-05
2.30893e-05
2.4002e-05
2.46822e-05
2.53193e-05
2.58918e-05
2.63683e-05
2.67557e-05
2.70792e-05
2.73754e-05
2.76994e-05
2.814e-05
2.88716e-05
3.0335e-05
3.38731e-05
4.28362e-05
2.3875e-05
1.9326e-05
5.70323e-05
0.000116173
0.000194632
0.000211902
0.000191098
0.000159683
0.000131529
0.000110086
9.45141e-05
8.30844e-05
7.42972e-05
6.70947e-05
6.08254e-05
5.51521e-05
4.99565e-05
4.52541e-05
4.1122e-05
3.76403e-05
3.48477e-05
3.27138e-05
3.11426e-05
3.00046e-05
2.91681e-05
2.85264e-05
2.78687e-05
2.71998e-05
2.3314e-05
2.54886e-05
2.75452e-05
2.93701e-05
3.089e-05
3.21656e-05
3.32636e-05
3.4221e-05
3.50589e-05
3.57857e-05
3.63458e-05
3.67293e-05
3.69185e-05
3.68807e-05
3.65539e-05
3.57465e-05
3.40632e-05
3.38272e-05
3.47673e-05
3.54107e-05
3.59844e-05
3.64866e-05
3.69049e-05
3.72612e-05
3.75884e-05
3.79267e-05
3.83323e-05
3.88949e-05
3.97859e-05
4.14298e-05
4.47609e-05
5.143e-05
3.86617e-05
1.78896e-05
3.70284e-05
7.47302e-05
0.000128658
0.000151428
0.000134825
0.000107122
8.35166e-05
6.68611e-05
5.56962e-05
4.81394e-05
4.28192e-05
3.88856e-05
3.5867e-05
3.35366e-05
3.18066e-05
3.065e-05
3.00475e-05
2.99564e-05
3.02966e-05
3.09509e-05
3.17803e-05
3.26487e-05
3.34441e-05
3.40949e-05
3.44958e-05
3.45576e-05
3.00759e-05
3.32923e-05
3.57415e-05
3.75829e-05
3.89291e-05
3.99441e-05
4.07484e-05
4.14093e-05
4.19676e-05
4.24491e-05
4.28444e-05
4.31529e-05
4.3369e-05
4.34727e-05
4.34237e-05
4.31164e-05
4.23034e-05
4.21748e-05
4.27001e-05
4.30278e-05
4.32849e-05
4.34872e-05
4.36393e-05
4.37601e-05
4.38732e-05
4.40053e-05
4.41939e-05
4.45042e-05
4.50694e-05
4.62446e-05
4.87014e-05
5.35746e-05
5.14229e-05
1.83441e-05
2.62822e-05
4.6285e-05
6.93483e-05
7.90021e-05
6.92882e-05
5.37967e-05
4.13637e-05
3.32583e-05
2.83471e-05
2.54858e-05
2.39428e-05
2.33076e-05
2.33579e-05
2.3965e-05
2.50352e-05
2.64782e-05
2.81965e-05
3.0085e-05
3.20349e-05
3.39403e-05
3.57073e-05
3.72645e-05
3.85699e-05
3.96144e-05
4.04009e-05
4.0881e-05
3.79092e-05
4.07336e-05
4.2559e-05
4.37806e-05
4.45947e-05
4.51555e-05
4.55641e-05
4.58757e-05
4.61225e-05
4.63249e-05
4.64842e-05
4.66003e-05
4.66749e-05
4.67011e-05
4.66624e-05
4.65171e-05
4.61681e-05
4.61056e-05
4.6307e-05
4.63955e-05
4.64299e-05
4.64303e-05
4.64072e-05
4.63741e-05
4.63464e-05
4.63416e-05
4.63866e-05
4.65347e-05
4.69029e-05
4.78064e-05
4.98047e-05
5.36873e-05
5.71607e-05
2.00958e-05
2.10484e-05
3.10172e-05
3.84936e-05
3.75374e-05
3.2384e-05
2.68742e-05
2.30568e-05
2.09662e-05
2.0102e-05
2.00566e-05
2.0594e-05
2.15924e-05
2.29829e-05
2.4709e-05
2.67051e-05
2.88912e-05
3.11764e-05
3.34655e-05
3.56654e-05
3.76911e-05
3.94747e-05
4.09744e-05
4.2179e-05
4.31068e-05
4.37946e-05
4.42493e-05
4.35731e-05
4.54801e-05
4.65572e-05
4.72087e-05
4.76056e-05
4.78469e-05
4.79969e-05
4.80911e-05
4.81497e-05
4.81843e-05
4.81975e-05
4.8188e-05
4.81578e-05
4.81053e-05
4.80255e-05
4.79052e-05
4.77142e-05
4.76437e-05
4.76593e-05
4.76129e-05
4.75318e-05
4.74342e-05
4.73305e-05
4.72301e-05
4.71432e-05
4.70827e-05
4.70706e-05
4.71557e-05
4.74493e-05
4.82377e-05
5.00178e-05
5.3297e-05
5.84036e-05
2.28176e-05
1.90352e-05
2.3622e-05
2.6023e-05
2.4221e-05
2.18807e-05
2.0198e-05
1.94664e-05
1.95158e-05
2.01187e-05
2.11231e-05
2.24512e-05
2.40654e-05
2.59359e-05
2.80214e-05
3.02612e-05
3.25791e-05
3.48906e-05
3.71114e-05
3.9163e-05
4.09784e-05
4.25099e-05
4.37367e-05
4.46676e-05
4.53367e-05
4.57945e-05
4.60728e-05
4.66395e-05
4.78322e-05
4.84233e-05
4.87378e-05
4.89035e-05
4.89768e-05
4.89958e-05
4.8983e-05
4.89505e-05
4.89046e-05
4.88473e-05
4.87771e-05
4.86954e-05
4.86024e-05
4.84973e-05
4.83783e-05
4.82397e-05
4.81482e-05
4.80719e-05
4.79619e-05
4.78316e-05
4.7696e-05
4.75641e-05
4.74427e-05
4.73392e-05
4.72643e-05
4.72384e-05
4.73088e-05
4.75843e-05
4.83268e-05
4.99843e-05
5.28574e-05
5.80188e-05
2.62592e-05
1.90948e-05
2.05235e-05
2.13652e-05
2.04703e-05
1.97036e-05
1.95092e-05
1.99548e-05
2.09039e-05
2.22068e-05
2.37665e-05
2.55336e-05
2.74815e-05
2.95827e-05
3.1795e-05
3.40592e-05
3.63045e-05
3.84573e-05
4.0448e-05
4.22161e-05
4.37144e-05
4.49155e-05
4.58174e-05
4.6444e-05
4.68392e-05
4.70588e-05
4.71436e-05
4.80102e-05
4.87905e-05
4.913e-05
4.92793e-05
4.93357e-05
4.9332e-05
4.92928e-05
4.92334e-05
4.9162e-05
4.90822e-05
4.89953e-05
4.89006e-05
4.87988e-05
4.86908e-05
4.85774e-05
4.84606e-05
4.83426e-05
4.82388e-05
4.8125e-05
4.79926e-05
4.78488e-05
4.77056e-05
4.75705e-05
4.74487e-05
4.73467e-05
4.72741e-05
4.7251e-05
4.73245e-05
4.76018e-05
4.8323e-05
4.98925e-05
5.2472e-05
5.72467e-05
3.01667e-05
2.06472e-05
1.99414e-05
2.01107e-05
1.99091e-05
1.99945e-05
2.06284e-05
2.17884e-05
2.333e-05
2.51115e-05
2.70429e-05
2.90787e-05
3.1194e-05
3.33626e-05
3.55463e-05
3.76931e-05
3.97437e-05
4.16385e-05
4.33247e-05
4.47596e-05
4.59147e-05
4.67804e-05
4.73696e-05
4.77164e-05
4.78695e-05
4.78847e-05
4.78045e-05
4.85199e-05
4.90848e-05
4.93072e-05
4.93836e-05
4.93933e-05
4.93579e-05
4.92955e-05
4.92182e-05
4.91322e-05
4.904e-05
4.89425e-05
4.88397e-05
4.87322e-05
4.86209e-05
4.85074e-05
4.83947e-05
4.8287e-05
4.81798e-05
4.80558e-05
4.79212e-05
4.77801e-05
4.76422e-05
4.75138e-05
4.73996e-05
4.73053e-05
4.72404e-05
4.72253e-05
4.73073e-05
4.75917e-05
4.82995e-05
4.9795e-05
5.21519e-05
5.64619e-05
3.42617e-05
2.33371e-05
2.10285e-05
2.07056e-05
2.08697e-05
2.14966e-05
2.26995e-05
2.43775e-05
2.6349e-05
2.84581e-05
3.06122e-05
3.27689e-05
3.49083e-05
3.70114e-05
3.90495e-05
4.09824e-05
4.27647e-05
4.43523e-05
4.57079e-05
4.68048e-05
4.76302e-05
4.81884e-05
4.85028e-05
4.86133e-05
4.85691e-05
4.84232e-05
4.82163e-05
4.86472e-05
4.91008e-05
4.92718e-05
4.93192e-05
4.93112e-05
4.92647e-05
4.91947e-05
4.91121e-05
4.90221e-05
4.89267e-05
4.88268e-05
4.87229e-05
4.86154e-05
4.85054e-05
4.83947e-05
4.82863e-05
4.81847e-05
4.80789e-05
4.79565e-05
4.78276e-05
4.76949e-05
4.75664e-05
4.74476e-05
4.73428e-05
4.72575e-05
4.72013e-05
4.71949e-05
4.72862e-05
4.75782e-05
4.82751e-05
4.97046e-05
5.18878e-05
5.57582e-05
3.8266e-05
2.68614e-05
2.33314e-05
2.25501e-05
2.28682e-05
2.38536e-05
2.54561e-05
2.74893e-05
2.97292e-05
3.20078e-05
3.42357e-05
3.6378e-05
3.84238e-05
4.03636e-05
4.21795e-05
4.38442e-05
4.53257e-05
4.65937e-05
4.76245e-05
4.84046e-05
4.89335e-05
4.92254e-05
4.93102e-05
4.92301e-05
4.90325e-05
4.87655e-05
4.84665e-05
4.86216e-05
4.90148e-05
4.91648e-05
4.92026e-05
4.91895e-05
4.91406e-05
4.90697e-05
4.8987e-05
4.88974e-05
4.88026e-05
4.87036e-05
4.8601e-05
4.84956e-05
4.83883e-05
4.8281e-05
4.81766e-05
4.80791e-05
4.79766e-05
4.78597e-05
4.77387e-05
4.76154e-05
4.74967e-05
4.73874e-05
4.72915e-05
4.72145e-05
4.71663e-05
4.71682e-05
4.7268e-05
4.75668e-05
4.8254e-05
4.9624e-05
5.16694e-05
5.5149e-05
4.19402e-05
3.09005e-05
2.6528e-05
2.53256e-05
2.56667e-05
2.68727e-05
2.87232e-05
3.09524e-05
3.33019e-05
3.56005e-05
3.77688e-05
3.97838e-05
4.16449e-05
4.33531e-05
4.49007e-05
4.62717e-05
4.74456e-05
4.84034e-05
4.91325e-05
4.96292e-05
4.99018e-05
4.9971e-05
4.98701e-05
4.96409e-05
4.93274e-05
4.89725e-05
4.86092e-05
4.85436e-05
4.89013e-05
4.90435e-05
4.908e-05
4.90669e-05
4.90192e-05
4.895e-05
4.88692e-05
4.87815e-05
4.86887e-05
4.85917e-05
4.84914e-05
4.83884e-05
4.8284e-05
4.81799e-05
4.8079e-05
4.79846e-05
4.78857e-05
4.77752e-05
4.76619e-05
4.75473e-05
4.74372e-05
4.73361e-05
4.72479e-05
4.71782e-05
4.7137e-05
4.71461e-05
4.72537e-05
4.75584e-05
4.82367e-05
4.95535e-05
5.14873e-05
5.46399e-05
4.51264e-05
3.51227e-05
3.0317e-05
2.87728e-05
2.90551e-05
3.03919e-05
3.23335e-05
3.45992e-05
3.69084e-05
3.90963e-05
4.10973e-05
4.2901e-05
4.45165e-05
4.59533e-05
4.72123e-05
4.82863e-05
4.91639e-05
4.98348e-05
5.02944e-05
5.0546e-05
5.06037e-05
5.04918e-05
5.02444e-05
4.99014e-05
4.95028e-05
4.9086e-05
4.86798e-05
4.84545e-05
4.87893e-05
4.89295e-05
4.8968e-05
4.89569e-05
4.89115e-05
4.88449e-05
4.87666e-05
4.86813e-05
4.85907e-05
4.84959e-05
4.83979e-05
4.82973e-05
4.81955e-05
4.80943e-05
4.79963e-05
4.79042e-05
4.78088e-05
4.77042e-05
4.75977e-05
4.74905e-05
4.73877e-05
4.72935e-05
4.72118e-05
4.71481e-05
4.71129e-05
4.71285e-05
4.72429e-05
4.75527e-05
4.82232e-05
4.94928e-05
5.13345e-05
5.42144e-05
4.77493e-05
3.92204e-05
3.43912e-05
3.2628e-05
3.28075e-05
3.42127e-05
3.61136e-05
3.82663e-05
4.04017e-05
4.23727e-05
4.4128e-05
4.56666e-05
4.70041e-05
4.81554e-05
4.91272e-05
4.99183e-05
5.05239e-05
5.09398e-05
5.11668e-05
5.1213e-05
5.10954e-05
5.084e-05
5.04801e-05
5.00527e-05
4.95937e-05
4.91352e-05
4.87022e-05
4.83701e-05
4.8689e-05
4.88296e-05
4.88714e-05
4.88629e-05
4.88201e-05
4.8756e-05
4.86803e-05
4.85972e-05
4.85089e-05
4.84161e-05
4.83201e-05
4.82217e-05
4.81222e-05
4.80233e-05
4.79276e-05
4.78374e-05
4.7745e-05
4.76455e-05
4.75447e-05
4.74437e-05
4.7347e-05
4.72584e-05
4.7182e-05
4.71233e-05
4.70933e-05
4.71145e-05
4.72352e-05
4.75497e-05
4.82132e-05
4.94414e-05
5.12069e-05
5.38616e-05
4.98111e-05
4.29547e-05
3.84573e-05
3.66231e-05
3.66889e-05
3.79773e-05
3.97443e-05
4.17014e-05
4.3596e-05
4.53003e-05
4.67771e-05
4.80338e-05
4.90905e-05
4.99654e-05
5.06689e-05
5.12041e-05
5.15704e-05
5.17678e-05
5.18005e-05
5.16793e-05
5.14227e-05
5.10568e-05
5.06131e-05
5.01253e-05
4.96253e-05
4.91406e-05
4.86926e-05
4.82954e-05
4.86028e-05
4.87453e-05
4.87906e-05
4.87847e-05
4.87443e-05
4.86827e-05
4.86092e-05
4.85283e-05
4.84418e-05
4.83508e-05
4.82565e-05
4.81599e-05
4.80622e-05
4.79652e-05
4.78713e-05
4.77826e-05
4.76927e-05
4.75976e-05
4.75015e-05
4.74055e-05
4.73137e-05
4.72297e-05
4.71576e-05
4.71032e-05
4.70775e-05
4.71038e-05
4.72303e-05
4.75489e-05
4.82067e-05
4.9399e-05
5.11012e-05
5.357e-05
5.13653e-05
4.61788e-05
4.22705e-05
4.05112e-05
4.04804e-05
4.15884e-05
4.31429e-05
4.48346e-05
4.64381e-05
4.78459e-05
4.9032e-05
5.00082e-05
5.07965e-05
5.1416e-05
5.18787e-05
5.21899e-05
5.23517e-05
5.23667e-05
5.22412e-05
5.1987e-05
5.16231e-05
5.11745e-05
5.06706e-05
5.01416e-05
4.96157e-05
4.91166e-05
4.86623e-05
4.82317e-05
4.85309e-05
4.86757e-05
4.87246e-05
4.8721e-05
4.86829e-05
4.86235e-05
4.85519e-05
4.84728e-05
4.83878e-05
4.82983e-05
4.82054e-05
4.81102e-05
4.80139e-05
4.79184e-05
4.78258e-05
4.77382e-05
4.76504e-05
4.75589e-05
4.74667e-05
4.73747e-05
4.72868e-05
4.72065e-05
4.71378e-05
4.70869e-05
4.70651e-05
4.7096e-05
4.72279e-05
4.75505e-05
4.82036e-05
4.93651e-05
5.10147e-05
5.33304e-05
5.24925e-05
4.8836e-05
4.56612e-05
4.4097e-05
4.40031e-05
4.49086e-05
4.62129e-05
4.76074e-05
4.89014e-05
5.00075e-05
5.09087e-05
5.1619e-05
5.21602e-05
5.25508e-05
5.2803e-05
5.2923e-05
5.29141e-05
5.27804e-05
5.25288e-05
5.21717e-05
5.17273e-05
5.1219e-05
5.06738e-05
5.01187e-05
4.95785e-05
4.90736e-05
4.86193e-05
4.81786e-05
4.84721e-05
4.86198e-05
4.86721e-05
4.86707e-05
4.86344e-05
4.85769e-05
4.8507e-05
4.84293e-05
4.83456e-05
4.82572e-05
4.81654e-05
4.80711e-05
4.79759e-05
4.78814e-05
4.77898e-05
4.77029e-05
4.76166e-05
4.75282e-05
4.74391e-05
4.73504e-05
4.72655e-05
4.71881e-05
4.71222e-05
4.70742e-05
4.70557e-05
4.70908e-05
4.72277e-05
4.75544e-05
4.82039e-05
4.93393e-05
5.09453e-05
5.31355e-05
5.32801e-05
5.09404e-05
4.85415e-05
4.72528e-05
4.71348e-05
4.78432e-05
4.88955e-05
4.99905e-05
5.09806e-05
5.17981e-05
5.24332e-05
5.29012e-05
5.32224e-05
5.34139e-05
5.34867e-05
5.34473e-05
5.32993e-05
5.3047e-05
5.26976e-05
5.22629e-05
5.17601e-05
5.12107e-05
5.0639e-05
5.00695e-05
4.95237e-05
4.90192e-05
4.85691e-05
4.81352e-05
4.84254e-05
4.85764e-05
4.8632e-05
4.86325e-05
4.85978e-05
4.85418e-05
4.84733e-05
4.83966e-05
4.83139e-05
4.82263e-05
4.81351e-05
4.80416e-05
4.7947e-05
4.78532e-05
4.77622e-05
4.76757e-05
4.75906e-05
4.75045e-05
4.74179e-05
4.73317e-05
4.72492e-05
4.7174e-05
4.71103e-05
4.70646e-05
4.7049e-05
4.7088e-05
4.72298e-05
4.75605e-05
4.82076e-05
4.93213e-05
5.08912e-05
5.29793e-05
5.381e-05
5.25501e-05
5.08936e-05
4.99191e-05
4.98122e-05
5.03459e-05
5.11844e-05
5.19909e-05
5.26931e-05
5.32436e-05
5.36387e-05
5.3893e-05
5.40243e-05
5.40474e-05
5.39717e-05
5.38028e-05
5.35441e-05
5.31997e-05
5.27764e-05
5.22851e-05
5.17417e-05
5.11657e-05
5.05792e-05
5.00037e-05
4.94585e-05
4.89588e-05
4.85159e-05
4.81009e-05
4.839e-05
4.85446e-05
4.86033e-05
4.86054e-05
4.85721e-05
4.85173e-05
4.84498e-05
4.83739e-05
4.82918e-05
4.82047e-05
4.81139e-05
4.80207e-05
4.79264e-05
4.78329e-05
4.77421e-05
4.76557e-05
4.75714e-05
4.74872e-05
4.74025e-05
4.73181e-05
4.72373e-05
4.71638e-05
4.71018e-05
4.7058e-05
4.7045e-05
4.70875e-05
4.72341e-05
4.7569e-05
4.82147e-05
4.93107e-05
5.0851e-05
5.28567e-05
5.41522e-05
5.3744e-05
5.27495e-05
5.20927e-05
5.20231e-05
5.2412e-05
5.30163e-05
5.35786e-05
5.40374e-05
5.43626e-05
5.4556e-05
5.4632e-05
5.46067e-05
5.44924e-05
5.42974e-05
5.40261e-05
5.36815e-05
5.32673e-05
5.27897e-05
5.22586e-05
5.16885e-05
5.1097e-05
5.0504e-05
4.99288e-05
4.93885e-05
4.88964e-05
4.84624e-05
4.8075e-05
4.8365e-05
4.85238e-05
4.85853e-05
4.85888e-05
4.85565e-05
4.85027e-05
4.84359e-05
4.83605e-05
4.82786e-05
4.81917e-05
4.8101e-05
4.80078e-05
4.79135e-05
4.782e-05
4.77291e-05
4.76423e-05
4.75584e-05
4.74758e-05
4.73924e-05
4.73092e-05
4.72296e-05
4.71572e-05
4.70964e-05
4.70542e-05
4.70434e-05
4.70893e-05
4.72405e-05
4.75797e-05
4.82254e-05
4.93073e-05
5.08232e-05
5.27636e-05
5.43632e-05
5.46052e-05
5.41705e-05
5.38094e-05
5.37925e-05
5.40679e-05
5.44719e-05
5.4824e-05
5.50757e-05
5.52115e-05
5.52371e-05
5.51667e-05
5.5014e-05
5.47898e-05
5.45005e-05
5.41497e-05
5.37398e-05
5.32739e-05
5.27576e-05
5.21998e-05
5.16134e-05
5.10146e-05
5.04211e-05
4.98504e-05
4.93176e-05
4.88349e-05
4.84106e-05
4.8057e-05
4.835e-05
4.85133e-05
4.85776e-05
4.85822e-05
4.85507e-05
4.84976e-05
4.84311e-05
4.83558e-05
4.8274e-05
4.81869e-05
4.8096e-05
4.80025e-05
4.79079e-05
4.78139e-05
4.77226e-05
4.76353e-05
4.75514e-05
4.74698e-05
4.73873e-05
4.73048e-05
4.72259e-05
4.71541e-05
4.70941e-05
4.70531e-05
4.70442e-05
4.70934e-05
4.72492e-05
4.75929e-05
4.82398e-05
4.93109e-05
5.08061e-05
5.26962e-05
5.44867e-05
5.52109e-05
5.52295e-05
5.51274e-05
5.51686e-05
5.53583e-05
5.55997e-05
5.57775e-05
5.58582e-05
5.58385e-05
5.57277e-05
5.55392e-05
5.52853e-05
5.49745e-05
5.46121e-05
5.42008e-05
5.37423e-05
5.32392e-05
5.26962e-05
5.21214e-05
5.15265e-05
5.0926e-05
5.0336e-05
4.97725e-05
4.92489e-05
4.87762e-05
4.83619e-05
4.80467e-05
4.83446e-05
4.85129e-05
4.85799e-05
4.85853e-05
4.85544e-05
4.85016e-05
4.84353e-05
4.83598e-05
4.82776e-05
4.81901e-05
4.80986e-05
4.80045e-05
4.79092e-05
4.78146e-05
4.77224e-05
4.76342e-05
4.75501e-05
4.74691e-05
4.7387e-05
4.73048e-05
4.72259e-05
4.71544e-05
4.70948e-05
4.70546e-05
4.70475e-05
4.70996e-05
4.726e-05
4.76086e-05
4.82578e-05
4.93211e-05
5.07979e-05
5.26509e-05
5.45554e-05
5.56277e-05
5.60002e-05
5.61134e-05
5.62109e-05
5.63374e-05
5.64504e-05
5.64876e-05
5.6431e-05
5.6287e-05
5.60678e-05
5.57864e-05
5.54535e-05
5.50762e-05
5.46584e-05
5.4202e-05
5.37082e-05
5.31789e-05
5.26182e-05
5.20336e-05
5.14355e-05
5.08371e-05
5.02532e-05
4.96981e-05
4.91844e-05
4.87218e-05
4.83171e-05
4.80439e-05
4.83488e-05
4.85227e-05
4.8592e-05
4.85981e-05
4.85675e-05
4.85147e-05
4.84481e-05
4.83722e-05
4.82893e-05
4.82011e-05
4.81088e-05
4.80137e-05
4.79175e-05
4.78218e-05
4.77285e-05
4.7639e-05
4.75542e-05
4.74735e-05
4.73914e-05
4.73089e-05
4.72298e-05
4.71581e-05
4.70985e-05
4.70589e-05
4.70531e-05
4.71082e-05
4.72731e-05
4.76268e-05
4.82796e-05
4.93378e-05
5.0796e-05
5.26241e-05
5.45929e-05
5.59104e-05
5.65502e-05
5.68344e-05
5.69811e-05
5.70614e-05
5.70749e-05
5.70036e-05
5.68382e-05
5.65965e-05
5.6293e-05
5.59401e-05
5.5547e-05
5.51196e-05
5.46608e-05
5.41716e-05
5.36526e-05
5.31055e-05
5.25339e-05
5.19443e-05
5.13464e-05
5.07523e-05
5.01756e-05
4.96295e-05
4.91254e-05
4.86726e-05
4.8277e-05
4.80487e-05
4.83628e-05
4.85426e-05
4.86142e-05
4.86207e-05
4.859e-05
4.85371e-05
4.84699e-05
4.83931e-05
4.83093e-05
4.822e-05
4.81265e-05
4.80302e-05
4.79326e-05
4.78355e-05
4.77407e-05
4.76496e-05
4.75639e-05
4.74831e-05
4.74005e-05
4.73174e-05
4.72375e-05
4.71652e-05
4.71053e-05
4.70658e-05
4.70613e-05
4.7119e-05
4.72885e-05
4.76477e-05
4.83055e-05
4.93605e-05
5.07966e-05
5.2611e-05
5.46153e-05
5.61022e-05
5.69376e-05
5.7352e-05
5.75381e-05
5.75841e-05
5.75217e-05
5.73632e-05
5.71149e-05
5.67995e-05
5.64328e-05
5.60268e-05
5.55895e-05
5.51256e-05
5.4637e-05
5.41244e-05
5.3588e-05
5.3029e-05
5.24508e-05
5.18593e-05
5.12636e-05
5.06748e-05
5.01056e-05
4.95681e-05
4.90732e-05
4.86292e-05
4.82418e-05
4.80613e-05
4.83867e-05
4.8573e-05
4.86465e-05
4.86531e-05
4.86222e-05
4.85687e-05
4.85006e-05
4.84227e-05
4.83376e-05
4.82469e-05
4.8152e-05
4.80541e-05
4.79548e-05
4.7856e-05
4.77594e-05
4.76663e-05
4.75792e-05
4.74979e-05
4.74145e-05
4.73302e-05
4.72492e-05
4.71758e-05
4.71152e-05
4.70756e-05
4.7072e-05
4.71323e-05
4.73064e-05
4.76715e-05
4.83354e-05
4.93886e-05
5.07939e-05
5.26057e-05
5.46331e-05
5.62359e-05
5.72103e-05
5.77194e-05
5.79344e-05
5.79542e-05
5.78341e-05
5.76081e-05
5.72977e-05
5.69278e-05
5.6515e-05
5.60705e-05
5.56014e-05
5.51113e-05
5.46016e-05
5.40725e-05
5.3524e-05
5.29571e-05
5.2375e-05
5.17833e-05
5.11905e-05
5.06071e-05
5.00448e-05
4.95152e-05
4.90283e-05
4.85922e-05
4.82119e-05
4.80821e-05
4.84211e-05
4.86143e-05
4.86895e-05
4.86959e-05
4.86644e-05
4.861e-05
4.85406e-05
4.84612e-05
4.83745e-05
4.82821e-05
4.81854e-05
4.80856e-05
4.79844e-05
4.78834e-05
4.77845e-05
4.76891e-05
4.76003e-05
4.75182e-05
4.74335e-05
4.73476e-05
4.7265e-05
4.71901e-05
4.71284e-05
4.70884e-05
4.70855e-05
4.71482e-05
4.7327e-05
4.76983e-05
4.83696e-05
4.94212e-05
5.07786e-05
5.25991e-05
5.46515e-05
5.63358e-05
5.74065e-05
5.79814e-05
5.8215e-05
5.82138e-05
5.805e-05
5.77735e-05
5.74173e-05
5.70079e-05
5.65621e-05
5.60905e-05
5.5599e-05
5.50906e-05
5.4566e-05
5.40253e-05
5.34682e-05
5.28958e-05
5.23112e-05
5.17198e-05
5.11297e-05
5.05508e-05
4.99944e-05
4.94714e-05
4.89914e-05
4.85617e-05
4.81874e-05
4.81115e-05
4.84666e-05
4.86669e-05
4.87434e-05
4.87492e-05
4.87169e-05
4.86611e-05
4.85901e-05
4.85089e-05
4.84203e-05
4.83259e-05
4.82271e-05
4.81251e-05
4.80216e-05
4.79181e-05
4.78166e-05
4.77183e-05
4.76275e-05
4.75442e-05
4.74578e-05
4.73699e-05
4.72851e-05
4.72084e-05
4.71452e-05
4.71043e-05
4.71018e-05
4.71667e-05
4.73503e-05
4.77282e-05
4.84082e-05
4.94563e-05
5.07359e-05
5.25775e-05
5.46706e-05
5.64181e-05
5.75556e-05
5.81737e-05
5.84174e-05
5.83983e-05
5.82012e-05
5.78875e-05
5.7498e-05
5.70608e-05
5.65923e-05
5.61023e-05
5.55956e-05
5.50746e-05
5.45395e-05
5.39903e-05
5.34267e-05
5.28499e-05
5.2263e-05
5.16715e-05
5.10831e-05
5.05076e-05
4.99556e-05
4.94377e-05
4.89628e-05
4.85382e-05
4.81684e-05
4.81504e-05
4.8524e-05
4.87315e-05
4.88086e-05
4.88134e-05
4.87797e-05
4.87223e-05
4.86493e-05
4.8566e-05
4.84752e-05
4.83786e-05
4.82774e-05
4.8173e-05
4.80667e-05
4.79605e-05
4.7856e-05
4.77545e-05
4.76611e-05
4.75763e-05
4.74877e-05
4.73972e-05
4.73099e-05
4.72308e-05
4.71657e-05
4.71236e-05
4.71212e-05
4.71882e-05
4.73765e-05
4.77615e-05
4.84513e-05
4.94906e-05
5.0642e-05
5.25193e-05
5.46849e-05
5.64925e-05
5.76787e-05
5.83243e-05
5.85715e-05
5.85365e-05
5.83138e-05
5.79731e-05
5.756e-05
5.71039e-05
5.66207e-05
5.61187e-05
5.5602e-05
5.50723e-05
5.45296e-05
5.39736e-05
5.34044e-05
5.28233e-05
5.22335e-05
5.16407e-05
5.10526e-05
5.04787e-05
4.99292e-05
4.94144e-05
4.8943e-05
4.85218e-05
4.81552e-05
4.81995e-05
4.8594e-05
4.88083e-05
4.88851e-05
4.88882e-05
4.88528e-05
4.87933e-05
4.87179e-05
4.86323e-05
4.85392e-05
4.84402e-05
4.83365e-05
4.82293e-05
4.81202e-05
4.80108e-05
4.7903e-05
4.77978e-05
4.77016e-05
4.76149e-05
4.75236e-05
4.74301e-05
4.73398e-05
4.72579e-05
4.71903e-05
4.71465e-05
4.7144e-05
4.72127e-05
4.74059e-05
4.77983e-05
4.84985e-05
4.95177e-05
5.04587e-05
5.23904e-05
5.46811e-05
5.65611e-05
5.77896e-05
5.84538e-05
5.87003e-05
5.86515e-05
5.84091e-05
5.80489e-05
5.76198e-05
5.71517e-05
5.66593e-05
5.61501e-05
5.5627e-05
5.50912e-05
5.45424e-05
5.39804e-05
5.34055e-05
5.28192e-05
5.22253e-05
5.16294e-05
5.10396e-05
5.04651e-05
4.99161e-05
4.94024e-05
4.89325e-05
4.85129e-05
4.81479e-05
4.82599e-05
4.86771e-05
4.88971e-05
4.89721e-05
4.89727e-05
4.89348e-05
4.88728e-05
4.8795e-05
4.8707e-05
4.86115e-05
4.85102e-05
4.84039e-05
4.8294e-05
4.81819e-05
4.80693e-05
4.79579e-05
4.78488e-05
4.77493e-05
4.76603e-05
4.75659e-05
4.74689e-05
4.7375e-05
4.72898e-05
4.72192e-05
4.71734e-05
4.71702e-05
4.72406e-05
4.74386e-05
4.78388e-05
4.85491e-05
4.95256e-05
5.01255e-05
5.21376e-05
5.46354e-05
5.6618e-05
5.78943e-05
5.85753e-05
5.88205e-05
5.87604e-05
5.85032e-05
5.81295e-05
5.76906e-05
5.72153e-05
5.67181e-05
5.62049e-05
5.5678e-05
5.51375e-05
5.45833e-05
5.40151e-05
5.34336e-05
5.28408e-05
5.22408e-05
5.16397e-05
5.10456e-05
5.04681e-05
4.9917e-05
4.94021e-05
4.89316e-05
4.85119e-05
4.81468e-05
4.83324e-05
4.8773e-05
4.89964e-05
4.90674e-05
4.90639e-05
4.90229e-05
4.8958e-05
4.88777e-05
4.87875e-05
4.86902e-05
4.85868e-05
4.84783e-05
4.83661e-05
4.82513e-05
4.81356e-05
4.80205e-05
4.79073e-05
4.78044e-05
4.77128e-05
4.76149e-05
4.75139e-05
4.7416e-05
4.73269e-05
4.72529e-05
4.72045e-05
4.72003e-05
4.7272e-05
4.74749e-05
4.78828e-05
4.86005e-05
4.94923e-05
4.95485e-05
5.16786e-05
5.45078e-05
5.66465e-05
5.79904e-05
5.86949e-05
5.89423e-05
5.88749e-05
5.86079e-05
5.8226e-05
5.77817e-05
5.73035e-05
5.68048e-05
5.62902e-05
5.57609e-05
5.52166e-05
5.46569e-05
5.40818e-05
5.34922e-05
5.28909e-05
5.22823e-05
5.16734e-05
5.10723e-05
5.04889e-05
4.99331e-05
4.94144e-05
4.8941e-05
4.85191e-05
4.81523e-05
4.84172e-05
4.88798e-05
4.91019e-05
4.91652e-05
4.91557e-05
4.91106e-05
4.90426e-05
4.89603e-05
4.88687e-05
4.87703e-05
4.86659e-05
4.85564e-05
4.84427e-05
4.83261e-05
4.8208e-05
4.80898e-05
4.79729e-05
4.78667e-05
4.77722e-05
4.76703e-05
4.7565e-05
4.74627e-05
4.73694e-05
4.72914e-05
4.724e-05
4.72343e-05
4.7307e-05
4.75148e-05
4.79298e-05
4.86473e-05
4.93772e-05
4.85873e-05
5.08905e-05
5.42343e-05
5.66143e-05
5.8064e-05
5.88094e-05
5.90686e-05
5.90008e-05
5.873e-05
5.83451e-05
5.79001e-05
5.74227e-05
5.69253e-05
5.64113e-05
5.58808e-05
5.5333e-05
5.47674e-05
5.41842e-05
5.35847e-05
5.29724e-05
5.23526e-05
5.17326e-05
5.11214e-05
5.0529e-05
4.99654e-05
4.94403e-05
4.89615e-05
4.85351e-05
4.81647e-05
4.85132e-05
4.89917e-05
4.92042e-05
4.9254e-05
4.92353e-05
4.91847e-05
4.9114e-05
4.90308e-05
4.89397e-05
4.88424e-05
4.87392e-05
4.86307e-05
4.85178e-05
4.84014e-05
4.82827e-05
4.8163e-05
4.80435e-05
4.79345e-05
4.7837e-05
4.77312e-05
4.76215e-05
4.75148e-05
4.74169e-05
4.73347e-05
4.72798e-05
4.72723e-05
4.73456e-05
4.75578e-05
4.79776e-05
4.86772e-05
4.91066e-05
4.7046e-05
4.95995e-05
5.37168e-05
5.64666e-05
5.80853e-05
5.89036e-05
5.91925e-05
5.91362e-05
5.88702e-05
5.8489e-05
5.80485e-05
5.75759e-05
5.70829e-05
5.65716e-05
5.60413e-05
5.54904e-05
5.49184e-05
5.43256e-05
5.37142e-05
5.30883e-05
5.24541e-05
5.18198e-05
5.1195e-05
5.05901e-05
5.00155e-05
4.94808e-05
4.89939e-05
4.85607e-05
4.81846e-05
4.86157e-05
4.90956e-05
4.92841e-05
4.93109e-05
4.92779e-05
4.92205e-05
4.91483e-05
4.9067e-05
4.898e-05
4.88877e-05
4.87899e-05
4.86868e-05
4.8579e-05
4.84669e-05
4.83513e-05
4.82333e-05
4.81139e-05
4.80041e-05
4.79037e-05
4.77945e-05
4.76811e-05
4.75704e-05
4.74682e-05
4.73816e-05
4.73231e-05
4.73134e-05
4.73869e-05
4.76023e-05
4.80206e-05
4.86638e-05
4.85501e-05
4.46858e-05
4.75838e-05
5.2812e-05
5.61159e-05
5.80013e-05
5.89452e-05
5.92939e-05
5.92684e-05
5.90205e-05
5.86526e-05
5.8224e-05
5.7762e-05
5.72776e-05
5.67721e-05
5.62437e-05
5.56908e-05
5.51122e-05
5.4509e-05
5.38837e-05
5.32415e-05
5.25897e-05
5.19374e-05
5.12952e-05
5.06741e-05
5.00849e-05
4.95374e-05
4.90394e-05
4.85968e-05
4.82126e-05
4.87128e-05
4.9164e-05
4.9304e-05
4.92926e-05
4.92379e-05
4.91727e-05
4.91019e-05
4.90279e-05
4.89517e-05
4.88715e-05
4.87867e-05
4.8697e-05
4.8602e-05
4.85017e-05
4.83965e-05
4.82868e-05
4.81734e-05
4.80665e-05
4.79641e-05
4.78533e-05
4.7738e-05
4.7625e-05
4.75197e-05
4.74296e-05
4.73677e-05
4.73556e-05
4.74284e-05
4.76436e-05
4.80444e-05
4.85517e-05
4.7487e-05
4.12949e-05
4.46138e-05
5.13259e-05
5.54308e-05
5.77252e-05
5.88755e-05
5.93326e-05
5.93688e-05
5.916e-05
5.88204e-05
5.84149e-05
5.79721e-05
5.75029e-05
5.70082e-05
5.64856e-05
5.59328e-05
5.53489e-05
5.47349e-05
5.40946e-05
5.34339e-05
5.27614e-05
5.20877e-05
5.14243e-05
5.07831e-05
5.01755e-05
4.96115e-05
4.90992e-05
4.86442e-05
4.82497e-05
4.87765e-05
4.91421e-05
4.91937e-05
4.912e-05
4.90333e-05
4.89605e-05
4.88978e-05
4.88411e-05
4.87874e-05
4.87319e-05
4.86733e-05
4.86103e-05
4.85419e-05
4.84671e-05
4.83853e-05
4.82962e-05
4.81999e-05
4.81037e-05
4.80013e-05
4.78927e-05
4.77802e-05
4.76688e-05
4.75633e-05
4.74718e-05
4.74077e-05
4.7393e-05
4.74627e-05
4.7669e-05
4.80158e-05
4.82271e-05
4.55762e-05
3.68579e-05
4.05655e-05
4.90309e-05
5.42272e-05
5.71237e-05
5.85985e-05
5.92373e-05
5.93834e-05
5.92467e-05
5.89591e-05
5.85944e-05
5.81848e-05
5.77416e-05
5.72663e-05
5.67562e-05
5.62087e-05
5.56228e-05
5.50001e-05
5.43449e-05
5.36648e-05
5.29697e-05
5.22715e-05
5.15834e-05
5.09184e-05
5.02886e-05
4.97045e-05
4.91744e-05
4.87042e-05
4.82967e-05
4.87473e-05
4.89254e-05
4.88256e-05
4.86542e-05
4.85228e-05
4.84467e-05
4.84054e-05
4.83835e-05
4.83715e-05
4.83613e-05
4.8351e-05
4.83377e-05
4.83192e-05
4.8293e-05
4.82572e-05
4.82103e-05
4.81514e-05
4.808e-05
4.79818e-05
4.78835e-05
4.77826e-05
4.76808e-05
4.75816e-05
4.7493e-05
4.7429e-05
4.74113e-05
4.74717e-05
4.76473e-05
4.78583e-05
4.74653e-05
4.23878e-05
3.17866e-05
3.55858e-05
4.57194e-05
5.22715e-05
5.60054e-05
5.79651e-05
5.88919e-05
5.92198e-05
5.92057e-05
5.90069e-05
5.8711e-05
5.83568e-05
5.79572e-05
5.75155e-05
5.70298e-05
5.64973e-05
5.59171e-05
5.52912e-05
5.4625e-05
5.39273e-05
5.32097e-05
5.24859e-05
5.17709e-05
5.10791e-05
5.04238e-05
4.98163e-05
4.92652e-05
4.87768e-05
4.83537e-05
4.85026e-05
4.83225e-05
4.79792e-05
4.76623e-05
4.74754e-05
4.74094e-05
4.74141e-05
4.74566e-05
4.75164e-05
4.7585e-05
4.76578e-05
4.77303e-05
4.77984e-05
4.78581e-05
4.79054e-05
4.79368e-05
4.79502e-05
4.79285e-05
4.78423e-05
4.77694e-05
4.76968e-05
4.76191e-05
4.75377e-05
4.74603e-05
4.74e-05
4.73759e-05
4.74104e-05
4.75023e-05
4.7402e-05
4.58521e-05
3.76278e-05
2.70015e-05
3.02055e-05
4.12888e-05
4.92983e-05
5.41124e-05
5.67569e-05
5.81158e-05
5.87284e-05
5.89113e-05
5.88565e-05
5.86722e-05
5.8408e-05
5.80797e-05
5.7695e-05
5.72536e-05
5.67533e-05
5.61933e-05
5.55764e-05
5.49087e-05
5.42004e-05
5.34649e-05
5.27181e-05
5.19769e-05
5.12575e-05
5.0575e-05
4.99418e-05
4.93674e-05
4.88584e-05
4.84178e-05
4.78012e-05
4.70045e-05
4.62995e-05
4.57852e-05
4.55443e-05
4.55196e-05
4.56118e-05
4.5764e-05
4.59411e-05
4.61362e-05
4.63424e-05
4.65533e-05
4.67628e-05
4.69644e-05
4.71516e-05
4.73185e-05
4.74606e-05
4.75296e-05
4.74696e-05
4.74487e-05
4.74318e-05
4.7402e-05
4.7357e-05
4.73027e-05
4.72486e-05
4.72051e-05
4.71702e-05
4.70557e-05
4.62868e-05
4.27386e-05
3.16473e-05
2.36512e-05
2.57973e-05
3.61601e-05
4.51939e-05
5.11799e-05
5.4695e-05
5.66543e-05
5.76843e-05
5.81662e-05
5.83344e-05
5.83242e-05
5.82011e-05
5.79863e-05
5.76947e-05
5.73292e-05
5.68891e-05
5.63743e-05
5.5788e-05
5.51373e-05
5.44338e-05
5.36927e-05
5.29318e-05
5.21704e-05
5.1427e-05
5.07188e-05
5.006e-05
4.94618e-05
4.89318e-05
4.84738e-05
4.62023e-05
4.44674e-05
4.32882e-05
4.25482e-05
4.22865e-05
4.2359e-05
4.25979e-05
4.29176e-05
4.32681e-05
4.36504e-05
4.40552e-05
4.44737e-05
4.48976e-05
4.53179e-05
4.57245e-05
4.61087e-05
4.64637e-05
4.66857e-05
4.66746e-05
4.67456e-05
4.68239e-05
4.68742e-05
4.68889e-05
4.68683e-05
4.68115e-05
4.67072e-05
4.64947e-05
4.59045e-05
4.38226e-05
3.74789e-05
2.58216e-05
2.27216e-05
2.34351e-05
3.1206e-05
4.01685e-05
4.70533e-05
5.14959e-05
5.4196e-05
5.57854e-05
5.66887e-05
5.71818e-05
5.743e-05
5.75187e-05
5.74772e-05
5.73308e-05
5.70875e-05
5.67487e-05
5.63157e-05
5.57926e-05
5.5188e-05
5.45149e-05
5.379e-05
5.30331e-05
5.22653e-05
5.15079e-05
5.07808e-05
5.01014e-05
4.94833e-05
4.89361e-05
4.84661e-05
4.30088e-05
4.01063e-05
3.84336e-05
3.75153e-05
3.73113e-05
3.75508e-05
3.79946e-05
3.85169e-05
3.90989e-05
3.97308e-05
4.04015e-05
4.1101e-05
4.18193e-05
4.2545e-05
4.32648e-05
4.39672e-05
4.46436e-05
4.51019e-05
4.51607e-05
4.53677e-05
4.55807e-05
4.57381e-05
4.58243e-05
4.58264e-05
4.57187e-05
4.54393e-05
4.48034e-05
4.32206e-05
3.90083e-05
3.0374e-05
2.19935e-05
2.50429e-05
2.40867e-05
2.76196e-05
3.49383e-05
4.18946e-05
4.70086e-05
5.04503e-05
5.26893e-05
5.4126e-05
5.50526e-05
5.56582e-05
5.60453e-05
5.62528e-05
5.63173e-05
5.62526e-05
5.6063e-05
5.57526e-05
5.53285e-05
5.48023e-05
5.41897e-05
5.35093e-05
5.27818e-05
5.20295e-05
5.12758e-05
5.0544e-05
4.9856e-05
4.92303e-05
4.86802e-05
4.82171e-05
3.74566e-05
3.36086e-05
3.1637e-05
3.07022e-05
3.06506e-05
3.10866e-05
3.17346e-05
3.24594e-05
3.32727e-05
3.41642e-05
3.51227e-05
3.6138e-05
3.71986e-05
3.82906e-05
3.93969e-05
4.05048e-05
4.16056e-05
4.23809e-05
4.24672e-05
4.2813e-05
4.31568e-05
4.33979e-05
4.35105e-05
4.3455e-05
4.31534e-05
4.24445e-05
4.09386e-05
3.77292e-05
3.14819e-05
2.36896e-05
2.15229e-05
3.16446e-05
2.90313e-05
2.66377e-05
3.07194e-05
3.64184e-05
4.14636e-05
4.53358e-05
4.81408e-05
5.01337e-05
5.15607e-05
5.26054e-05
5.33704e-05
5.38964e-05
5.42259e-05
5.43761e-05
5.43559e-05
5.4176e-05
5.38532e-05
5.3409e-05
5.28662e-05
5.22465e-05
5.15699e-05
5.08566e-05
5.01299e-05
4.94164e-05
4.87446e-05
4.81405e-05
4.7625e-05
4.72185e-05
2.95571e-05
2.57236e-05
2.38753e-05
2.3147e-05
2.3266e-05
2.38039e-05
2.44967e-05
2.53145e-05
2.6255e-05
2.73091e-05
2.84664e-05
2.97171e-05
3.10497e-05
3.24496e-05
3.38985e-05
3.53868e-05
3.6912e-05
3.79947e-05
3.78286e-05
3.81784e-05
3.85202e-05
3.86968e-05
3.8675e-05
3.83711e-05
3.7627e-05
3.61686e-05
3.35237e-05
2.91694e-05
2.36663e-05
2.05003e-05
2.53493e-05
4.38157e-05
4.08891e-05
2.96375e-05
2.90439e-05
3.20351e-05
3.58245e-05
3.93547e-05
4.22905e-05
4.4622e-05
4.64577e-05
4.79133e-05
4.90485e-05
4.98749e-05
5.0418e-05
5.06928e-05
5.07221e-05
5.05416e-05
5.01971e-05
4.97354e-05
4.91952e-05
4.86016e-05
4.79685e-05
4.73063e-05
4.66314e-05
4.59709e-05
4.53613e-05
4.48391e-05
4.44412e-05
4.41943e-05
2.12442e-05
1.86267e-05
1.7407e-05
1.70975e-05
1.73043e-05
1.77537e-05
1.8364e-05
1.91403e-05
2.00653e-05
2.11147e-05
2.22627e-05
2.34872e-05
2.47716e-05
2.61066e-05
2.74881e-05
2.89293e-05
3.04533e-05
3.15192e-05
3.06875e-05
3.0739e-05
3.07663e-05
3.06041e-05
3.02394e-05
2.95683e-05
2.84312e-05
2.66688e-05
2.4245e-05
2.15982e-05
2.01834e-05
2.28146e-05
3.45312e-05
6.19301e-05
6.34395e-05
3.82372e-05
3.16192e-05
3.08048e-05
3.21272e-05
3.42082e-05
3.6405e-05
3.84388e-05
4.02196e-05
4.1727e-05
4.28841e-05
4.36193e-05
4.39196e-05
4.38272e-05
4.34282e-05
4.28288e-05
4.21303e-05
4.14123e-05
4.07224e-05
4.00749e-05
3.94609e-05
3.88667e-05
3.82918e-05
3.77567e-05
3.7302e-05
3.69677e-05
3.68224e-05
3.6859e-05
1.56968e-05
1.49518e-05
1.51963e-05
1.60222e-05
1.6929e-05
1.82966e-05
2.00648e-05
2.20159e-05
2.39155e-05
2.55761e-05
2.68762e-05
2.77643e-05
2.82525e-05
2.84019e-05
2.83037e-05
2.80576e-05
2.77455e-05
2.74835e-05
2.59405e-05
2.50221e-05
2.41555e-05
2.33316e-05
2.25957e-05
2.19226e-05
2.12934e-05
2.07681e-05
2.05774e-05
2.13095e-05
2.42663e-05
3.20479e-05
4.94558e-05
8.22648e-05
9.45487e-05
5.22591e-05
3.96281e-05
3.47821e-05
3.30129e-05
3.27301e-05
3.31432e-05
3.38151e-05
3.45025e-05
3.50369e-05
3.50879e-05
3.45077e-05
3.34269e-05
3.2092e-05
3.07291e-05
2.94881e-05
2.8447e-05
2.76322e-05
2.70328e-05
2.66137e-05
2.63289e-05
2.61384e-05
2.60186e-05
2.59628e-05
2.5979e-05
2.60648e-05
2.62797e-05
2.65225e-05
1.53253e-05
1.75987e-05
2.24195e-05
2.82674e-05
3.48279e-05
4.11845e-05
4.63889e-05
5.00492e-05
5.2156e-05
5.29088e-05
5.25475e-05
5.12928e-05
4.93391e-05
4.68574e-05
4.39988e-05
4.086e-05
3.74513e-05
3.46734e-05
3.08696e-05
2.84662e-05
2.678e-05
2.57614e-05
2.53331e-05
2.53957e-05
2.58882e-05
2.68488e-05
2.85233e-05
3.15545e-05
3.72964e-05
4.80395e-05
6.60716e-05
9.37975e-05
0.000118709
6.66453e-05
5.14162e-05
4.3711e-05
3.91413e-05
3.62057e-05
3.40599e-05
3.22098e-05
3.04255e-05
2.85003e-05
2.60012e-05
2.35098e-05
2.15023e-05
2.01182e-05
1.93169e-05
1.90039e-05
1.90829e-05
1.94672e-05
2.00795e-05
2.08496e-05
2.17131e-05
2.26105e-05
2.34874e-05
2.42947e-05
2.49987e-05
2.55619e-05
2.60106e-05
2.61629e-05
2.24213e-05
3.30812e-05
5.03612e-05
6.6179e-05
7.46405e-05
7.75347e-05
7.73707e-05
7.55554e-05
7.28925e-05
6.97885e-05
6.64284e-05
6.29031e-05
5.92728e-05
5.55905e-05
5.18997e-05
4.82165e-05
4.43469e-05
4.06363e-05
3.71829e-05
3.67592e-05
3.72845e-05
3.82396e-05
3.93657e-05
4.05147e-05
4.16895e-05
4.30683e-05
4.50347e-05
4.82329e-05
5.35864e-05
6.1343e-05
6.93642e-05
8.06198e-05
0.000112964
7.0254e-05
5.69307e-05
4.78346e-05
4.09444e-05
3.54129e-05
3.08999e-05
2.73688e-05
2.47986e-05
2.29134e-05
2.19032e-05
2.17715e-05
2.23333e-05
2.34078e-05
2.48445e-05
2.65034e-05
2.82491e-05
2.99635e-05
3.1561e-05
3.29898e-05
3.4221e-05
3.52355e-05
3.60189e-05
3.65643e-05
3.68904e-05
3.69809e-05
3.69889e-05
3.6349e-05
3.60327e-05
3.32164e-05
3.04001e-05
3.0493e-05
3.18057e-05
3.25872e-05
3.29109e-05
3.30142e-05
3.30274e-05
3.30138e-05
3.30075e-05
3.30292e-05
3.30918e-05
3.32031e-05
3.3372e-05
3.35897e-05
3.38969e-05
3.42244e-05
3.38922e-05
3.35556e-05
3.30482e-05
3.25594e-05
3.21117e-05
3.16449e-05
3.10759e-05
3.03074e-05
2.92197e-05
2.76696e-05
2.55653e-05
2.3013e-05
2.07071e-05
2.43661e-05
3.05501e-05
2.35534e-05
2.36996e-05
2.49109e-05
2.67287e-05
2.8786e-05
3.08859e-05
3.28586e-05
3.45793e-05
3.58395e-05
3.6568e-05
3.6826e-05
3.67203e-05
3.63753e-05
3.59082e-05
3.54113e-05
3.49451e-05
3.45408e-05
3.42078e-05
3.39424e-05
3.37347e-05
3.35726e-05
3.34451e-05
3.33441e-05
3.32633e-05
3.32074e-05
3.31191e-05
3.31285e-05
)
;

boundaryField
{
    inlet
    {
        type            calculated;
        value           uniform 5.0625e-05;
    }
    outlet
    {
        type            calculated;
        value           nonuniform List<scalar> 
50
(
3.26936e-05
3.80415e-05
2.87959e-05
2.71998e-05
3.45576e-05
4.0881e-05
4.42493e-05
4.60728e-05
4.71436e-05
4.78045e-05
4.82163e-05
4.84665e-05
4.86092e-05
4.86798e-05
4.87022e-05
4.86926e-05
4.86623e-05
4.86193e-05
4.85691e-05
4.85159e-05
4.84624e-05
4.84106e-05
4.83619e-05
4.83171e-05
4.8277e-05
4.82418e-05
4.82119e-05
4.81874e-05
4.81684e-05
4.81552e-05
4.81479e-05
4.81468e-05
4.81523e-05
4.81647e-05
4.81846e-05
4.82126e-05
4.82497e-05
4.82967e-05
4.83537e-05
4.84178e-05
4.84738e-05
4.84661e-05
4.82171e-05
4.72185e-05
4.41943e-05
3.6859e-05
2.65225e-05
2.61629e-05
3.6349e-05
3.31285e-05
)
;
    }
    fixedWalls
    {
        type            nutkWallFunction;
        Cmu             0.09;
        kappa           0.41;
        E               9.8;
        value           nonuniform List<scalar> 
240
(
7.01896e-08
5.64739e-07
9.74222e-07
1.30062e-06
1.55065e-06
1.7337e-06
1.86017e-06
1.94056e-06
1.98473e-06
2.00156e-06
1.99866e-06
1.98237e-06
1.95787e-06
1.92923e-06
1.89949e-06
1.87072e-06
1.84415e-06
1.82024e-06
1.79893e-06
1.77987e-06
1.76265e-06
1.74692e-06
1.73249e-06
1.7193e-06
1.70741e-06
1.69688e-06
1.6878e-06
1.68018e-06
1.67401e-06
1.66918e-06
1.66554e-06
1.66287e-06
1.66094e-06
1.65953e-06
1.65844e-06
1.6575e-06
1.65656e-06
1.65551e-06
1.65425e-06
1.65269e-06
1.65071e-06
1.64818e-06
1.64495e-06
1.64079e-06
1.63544e-06
1.62855e-06
1.61967e-06
1.6082e-06
1.59337e-06
1.57417e-06
1.54925e-06
1.51678e-06
1.4743e-06
1.41832e-06
1.34399e-06
1.24375e-06
1.10765e-06
9.153e-07
6.61785e-07
2.4236e-07
1.65988e-07
3.34522e-07
5.70799e-07
8.07454e-07
1.02771e-06
1.22766e-06
1.40098e-06
1.54253e-06
1.64786e-06
1.71462e-06
1.74842e-06
1.75534e-06
1.74113e-06
1.71066e-06
1.66653e-06
1.60854e-06
1.51923e-06
1.3878e-06
1.25691e-06
1.29313e-06
1.35655e-06
1.42158e-06
1.48091e-06
1.53423e-06
1.58284e-06
1.62874e-06
1.67538e-06
1.72825e-06
1.79289e-06
1.88609e-06
1.93877e-06
2.00416e-06
3.09186e-06
2.05057e-06
2.54194e-06
2.11093e-06
2.87667e-06
2.60199e-06
2.28697e-06
2.10696e-06
1.89713e-06
1.71312e-06
1.57373e-06
1.47623e-06
1.41248e-06
1.3747e-06
1.35675e-06
1.35437e-06
1.3647e-06
1.38542e-06
1.41383e-06
1.44642e-06
1.47884e-06
1.50625e-06
1.52409e-06
1.53043e-06
1.52911e-06
1.52235e-06
1.51451e-06
1.47971e-06
7.01896e-08
5.64739e-07
9.74222e-07
1.30062e-06
1.55065e-06
1.7337e-06
1.86018e-06
1.94056e-06
1.98474e-06
2.00157e-06
1.99867e-06
1.98239e-06
1.95789e-06
1.92926e-06
1.89952e-06
1.87078e-06
1.84422e-06
1.82033e-06
1.79905e-06
1.78003e-06
1.76285e-06
1.74717e-06
1.73279e-06
1.71968e-06
1.70787e-06
1.69744e-06
1.68848e-06
1.68102e-06
1.67504e-06
1.67044e-06
1.66709e-06
1.66477e-06
1.66326e-06
1.66232e-06
1.66177e-06
1.66155e-06
1.66161e-06
1.66191e-06
1.66241e-06
1.66312e-06
1.66407e-06
1.66532e-06
1.66692e-06
1.669e-06
1.67166e-06
1.67509e-06
1.67947e-06
1.68509e-06
1.69228e-06
1.70146e-06
1.71317e-06
1.72808e-06
1.74701e-06
1.77104e-06
1.80114e-06
1.83976e-06
1.88371e-06
1.95314e-06
1.9533e-06
2.13103e-06
2.00683e-06
1.56422e-06
1.11369e-06
1.12271e-06
1.32866e-06
1.45224e-06
1.50413e-06
1.52139e-06
1.52449e-06
1.52339e-06
1.52349e-06
1.52812e-06
1.53932e-06
1.55834e-06
1.58649e-06
1.6222e-06
1.6718e-06
1.72459e-06
1.67214e-06
1.61826e-06
1.53709e-06
1.45904e-06
1.38785e-06
1.31385e-06
1.22361e-06
1.10133e-06
9.27279e-07
6.77027e-07
3.32467e-07
0
0
1.10132e-07
1.12939e-06
0
6.71981e-09
2.11966e-07
5.14255e-07
8.5102e-07
1.19001e-06
1.50445e-06
1.77586e-06
1.97194e-06
2.08386e-06
2.12241e-06
2.1048e-06
2.05058e-06
1.97789e-06
1.9009e-06
1.82884e-06
1.76644e-06
1.7151e-06
1.6742e-06
1.64216e-06
1.61712e-06
1.59741e-06
1.5818e-06
1.56941e-06
1.56102e-06
1.54728e-06
1.54911e-06
)
;
    }
    defaultFaces
    {
        type            empty;
    }
}


// ************************************************************************* //
