/*--------------------------------*- C++ -*----------------------------------*\
| =========                 |                                                 |
| \\      /  F ield         | OpenFOAM: The Open Source CFD Toolbox           |
|  \\    /   O peration     | Version:  2.4.0                                 |
|   \\  /    A nd           | Web:      www.OpenFOAM.org                      |
|    \\/     M anipulation  |                                                 |
\*---------------------------------------------------------------------------*/
FoamFile
{
    version     2.0;
    format      ascii;
    class       volScalarField;
    location    "2.06";
    object      k;
}
// * * * * * * * * * * * * * * * * * * * * * * * * * * * * * * * * * * * * * //

dimensions      [0 2 -2 0 0 0 0];

internalField   nonuniform List<scalar> 
6000
(
0.00510096
0.00645279
0.00771268
0.00881052
0.00970874
0.0103981
0.0108901
0.0112091
0.0113855
0.0114508
0.0114338
0.0113592
0.011247
0.0111127
0.0109677
0.0108205
0.0106768
0.0105402
0.0104131
0.0102965
0.0101908
0.0100957
0.0100106
0.00993447
0.00986637
0.00980514
0.00974965
0.00969883
0.0096517
0.00960737
0.00956509
0.00952422
0.00948424
0.00944473
0.00940536
0.00936585
0.00932598
0.00928552
0.00924425
0.00920188
0.00915807
0.00911238
0.00906419
0.00901275
0.00895702
0.0088957
0.0088271
0.00874906
0.00865882
0.00855289
0.00842684
0.00827508
0.00809071
0.00786501
0.00758829
0.00724724
0.00683707
0.00633027
0.00580709
0.00509795
0.0035494
0.00344488
0.00340553
0.00341541
0.00345868
0.00352242
0.00359887
0.00368417
0.00377674
0.00387637
0.00398357
0.00409912
0.00422367
0.00435758
0.00450075
0.00465262
0.00481219
0.004978
0.00514828
0.00532098
0.00549389
0.00566477
0.00583142
0.00599184
0.00614426
0.00628725
0.00641973
0.00654104
0.00665086
0.00674926
0.00683659
0.00691347
0.00698071
0.00703926
0.00709013
0.00713438
0.00717305
0.00720717
0.00723768
0.0072655
0.00729149
0.00731647
0.00734126
0.00736671
0.00739372
0.00742334
0.00745683
0.00749572
0.00754203
0.0075984
0.00766842
0.00775709
0.00787148
0.00802201
0.00822388
0.00850109
0.0088878
0.00944046
0.0101913
0.0119417
0.00348321
0.00325648
0.00306425
0.00290018
0.00275854
0.00263419
0.00252332
0.00242364
0.00233403
0.00225413
0.00218406
0.00212419
0.00207498
0.00203686
0.0020102
0.00199529
0.00199228
0.00200127
0.00202223
0.00205504
0.00209948
0.00215522
0.00222183
0.00229876
0.00238534
0.00248079
0.00258424
0.00269471
0.00281116
0.00293249
0.00305757
0.00318527
0.00331449
0.00344419
0.00357338
0.00370119
0.00382687
0.00394977
0.00406942
0.00418545
0.00429768
0.00440605
0.00451065
0.00461174
0.00470972
0.00480515
0.0048988
0.00499168
0.00508512
0.00518093
0.00528163
0.00539085
0.00551403
0.0056597
0.00584145
0.00608267
0.00642162
0.00693533
0.00772186
0.009451
0.00347969
0.00324256
0.00303442
0.00285067
0.00268758
0.00254191
0.00241089
0.0022922
0.00218399
0.0020848
0.00199351
0.00190929
0.00183155
0.00175986
0.00169393
0.0016336
0.00157876
0.00152936
0.00148542
0.00144698
0.00141409
0.00138685
0.00136536
0.00134971
0.00134003
0.0013364
0.00133893
0.0013477
0.0013628
0.00138426
0.00141212
0.00144638
0.00148703
0.00153399
0.00158718
0.00164648
0.00171173
0.00178274
0.00185932
0.00194123
0.00202826
0.0021202
0.00221688
0.00231818
0.00242409
0.00253471
0.00265035
0.00277152
0.00289908
0.00303433
0.00317917
0.00333634
0.00350984
0.00370563
0.00393281
0.00420642
0.00455163
0.0050208
0.00570156
0.007011
0.00347951
0.00324163
0.00303199
0.00284603
0.00268015
0.00253139
0.00239731
0.00227586
0.00216532
0.00206426
0.00197147
0.00188596
0.00180687
0.00173352
0.00166531
0.00160177
0.0015425
0.00148717
0.0014355
0.00138726
0.00134229
0.00130044
0.00126158
0.00122564
0.00119255
0.00116228
0.0011348
0.00111012
0.00108825
0.00106924
0.00105312
0.00103998
0.00102989
0.00102296
0.00101929
0.00101903
0.00102232
0.00102934
0.00104028
0.00105537
0.00107489
0.00109913
0.0011285
0.00116346
0.0012046
0.00125265
0.00130857
0.00137359
0.00144932
0.00153787
0.00164205
0.00176562
0.00191364
0.00209302
0.00231344
0.00258858
0.00293935
0.00340022
0.00403621
0.00507021
0.0034795
0.00324152
0.00303169
0.00284546
0.00267923
0.00253007
0.00239557
0.00227374
0.00216291
0.00206168
0.00196888
0.0018835
0.00180468
0.0017317
0.00166393
0.00160083
0.00154194
0.00148685
0.00143523
0.00138676
0.00134119
0.00129829
0.00125787
0.00121976
0.00118381
0.0011499
0.00111791
0.00108776
0.00105937
0.00103268
0.00100763
0.000984179
0.00096231
0.000942004
0.000923256
0.000906077
0.00089049
0.000876536
0.000864276
0.000853792
0.000845199
0.000838648
0.000834342
0.000832552
0.000833641
0.000838096
0.000846583
0.000860012
0.000879645
0.000907245
0.000945301
0.000997354
0.0010685
0.00116609
0.0013009
0.00148847
0.00175246
0.0021261
0.00267061
0.0035062
0.00347949
0.00324148
0.00303159
0.00284531
0.00267901
0.00252977
0.0023952
0.0022733
0.00216243
0.00206119
0.00196842
0.00188313
0.00180446
0.00173168
0.00166418
0.00160139
0.00154286
0.00148815
0.00143693
0.00138886
0.00134366
0.0013011
0.00126095
0.00122301
0.00118713
0.00115314
0.00112091
0.00109033
0.00106127
0.00103366
0.0010074
0.000982419
0.000958654
0.000936048
0.000914551
0.000894122
0.000874725
0.000856337
0.000838938
0.000822523
0.000807094
0.000792672
0.000779295
0.000767029
0.000755974
0.000746287
0.0007382
0.000732061
0.000728394
0.000727993
0.000732081
0.000742558
0.00076243
0.000796505
0.00085261
0.00094339
0.00109007
0.00132504
0.0017089
0.00232782
0.00347949
0.00324145
0.00303152
0.0028452
0.00267887
0.0025296
0.00239499
0.00227306
0.00216217
0.00206092
0.00196815
0.00188288
0.00180424
0.00173152
0.0016641
0.00160142
0.00154301
0.00148846
0.00143741
0.00138954
0.00134456
0.00130222
0.0012623
0.0012246
0.00118895
0.00115518
0.00112315
0.00109274
0.00106382
0.00103629
0.00101007
0.000985058
0.000961184
0.000938377
0.000916575
0.000895721
0.000875763
0.000856656
0.00083836
0.000820838
0.000804062
0.000788008
0.00077266
0.000758012
0.00074407
0.000730859
0.000718433
0.000706886
0.000696381
0.000687192
0.000679775
0.000674901
0.000673893
0.000679059
0.000694528
0.00072775
0.000792703
0.000913964
0.00114099
0.00154607
0.00347949
0.00324143
0.00303147
0.00284512
0.00267876
0.00252946
0.00239482
0.00227288
0.00216196
0.0020607
0.00196792
0.00188264
0.00180401
0.0017313
0.00166388
0.00160123
0.00154285
0.00148835
0.00143735
0.00138954
0.00134463
0.00130238
0.00126256
0.00122496
0.00118942
0.00115577
0.00112386
0.00109357
0.00106478
0.00103738
0.00101127
0.000986371
0.000962598
0.000939878
0.000918144
0.000897335
0.000877394
0.000858271
0.000839917
0.000822291
0.000805352
0.000789064
0.000773397
0.000758322
0.000743819
0.000729871
0.000716475
0.000703642
0.000691408
0.000679855
0.000669135
0.000659534
0.000651583
0.000646268
0.000645478
0.000652905
0.000676068
0.000730113
0.000847892
0.00108666
0.00347949
0.00324142
0.00303143
0.00284505
0.00267866
0.00252934
0.00239469
0.00227272
0.00216179
0.00206051
0.00196772
0.00188243
0.00180379
0.00173108
0.00166366
0.00160101
0.00154264
0.00148814
0.00143716
0.00138936
0.00134448
0.00130225
0.00126245
0.00122489
0.00118938
0.00115577
0.00112392
0.00109368
0.00106494
0.0010376
0.00101155
0.000986718
0.000963011
0.000940357
0.000918689
0.000897944
0.000878066
0.000859001
0.0008407
0.000823118
0.000806214
0.000789948
0.000774286
0.000759194
0.000744644
0.000730609
0.000717069
0.000704012
0.000691437
0.00067936
0.000667834
0.000656969
0.000646986
0.000638313
0.000631803
0.000629197
0.000634162
0.000654997
0.000710222
0.000840365
0.00347949
0.00324141
0.0030314
0.002845
0.00267859
0.00252924
0.00239457
0.00227258
0.00216164
0.00206035
0.00196755
0.00188225
0.0018036
0.00173088
0.00166346
0.00160081
0.00154244
0.00148794
0.00143696
0.00138916
0.00134428
0.00130206
0.00126227
0.00122472
0.00118922
0.00115563
0.00112378
0.00109356
0.00106484
0.00103752
0.0010115
0.000986691
0.000963011
0.000940386
0.000918749
0.000898038
0.000878193
0.000859164
0.000840899
0.000823355
0.000806488
0.00079026
0.000774634
0.000759577
0.000745058
0.00073105
0.000717528
0.000704476
0.000691881
0.000679745
0.000668089
0.000656969
0.000646498
0.000636897
0.000628592
0.000622454
0.000620244
0.000626334
0.000650028
0.00071705
0.00347949
0.0032414
0.00303137
0.00284495
0.00267852
0.00252916
0.00239447
0.00227247
0.00216151
0.00206021
0.0019674
0.00188209
0.00180344
0.00173071
0.00166329
0.00160063
0.00154226
0.00148776
0.00143677
0.00138898
0.0013441
0.00130188
0.00126209
0.00122454
0.00118905
0.00115546
0.00112362
0.0010934
0.00106469
0.00103737
0.00101136
0.00098656
0.00096289
0.000940276
0.000918651
0.000897953
0.000878123
0.000859108
0.000840861
0.000823334
0.000806487
0.00079028
0.000774676
0.000759643
0.000745151
0.00073117
0.000717678
0.000704656
0.000692092
0.000679984
0.000668346
0.000657218
0.000646683
0.000636891
0.000628111
0.000620853
0.000616036
0.000616016
0.000625196
0.000658551
0.00347949
0.00324139
0.00303135
0.00284491
0.00267847
0.00252909
0.00239438
0.00227237
0.0021614
0.00206009
0.00196727
0.00188195
0.00180329
0.00173056
0.00166314
0.00160047
0.0015421
0.0014876
0.00143661
0.00138882
0.00134394
0.00130171
0.00126193
0.00122438
0.00118889
0.0011553
0.00112346
0.00109324
0.00106453
0.00103722
0.00101121
0.000986415
0.000962749
0.000940139
0.000918519
0.000897826
0.000878002
0.000858994
0.000840753
0.000823234
0.000806396
0.000790199
0.000774607
0.000759587
0.000745108
0.000731145
0.000717672
0.000704672
0.000692133
0.000680054
0.000668449
0.000657355
0.000646846
0.000637051
0.000628186
0.00062062
0.000614925
0.000612475
0.000615354
0.000631866
0.00347948
0.00324138
0.00303134
0.00284488
0.00267842
0.00252903
0.00239431
0.00227228
0.0021613
0.00205998
0.00196715
0.00188183
0.00180317
0.00173043
0.001663
0.00160034
0.00154196
0.00148746
0.00143647
0.00138868
0.00134379
0.00130157
0.00126179
0.00122424
0.00118875
0.00115516
0.00112332
0.0010931
0.0010644
0.00103709
0.00101108
0.000986282
0.000962617
0.00094001
0.000918392
0.000897701
0.000877879
0.000858874
0.000840637
0.000823123
0.000806289
0.000790097
0.000774511
0.000759498
0.000745028
0.000731074
0.000717613
0.000704627
0.000692106
0.000680048
0.000668468
0.000657403
0.000646926
0.000637162
0.000628306
0.000620674
0.000614701
0.000611288
0.000611486
0.000619879
0.00347948
0.00324138
0.00303132
0.00284486
0.00267838
0.00252897
0.00239424
0.00227221
0.00216122
0.00205989
0.00196706
0.00188173
0.00180306
0.00173032
0.00166289
0.00160022
0.00154184
0.00148734
0.00143635
0.00138855
0.00134367
0.00130145
0.00126166
0.00122411
0.00118862
0.00115503
0.0011232
0.00109298
0.00106427
0.00103697
0.00101096
0.000986164
0.0009625
0.000939894
0.000918277
0.000897588
0.000877768
0.000858766
0.000840531
0.000823019
0.000806188
0.000789999
0.000774418
0.000759409
0.000744945
0.000730998
0.000717546
0.000704571
0.000692062
0.000680019
0.000668458
0.000657416
0.000646966
0.00063723
0.000628397
0.000620759
0.000614695
0.000610878
0.000609899
0.000614374
0.00347948
0.00324138
0.00303131
0.00284483
0.00267835
0.00252893
0.00239419
0.00227214
0.00216115
0.00205981
0.00196697
0.00188164
0.00180296
0.00173022
0.00166278
0.00160011
0.00154173
0.00148723
0.00143624
0.00138844
0.00134356
0.00130134
0.00126155
0.001224
0.00118851
0.00115492
0.00112309
0.00109288
0.00106417
0.00103686
0.00101085
0.00098606
0.000962398
0.000939793
0.000918177
0.000897489
0.000877671
0.00085867
0.000840438
0.000822928
0.000806099
0.000789914
0.000774336
0.000759332
0.000744872
0.000730932
0.000717487
0.00070452
0.000692022
0.000679993
0.000668447
0.000657424
0.000646996
0.000637283
0.000628471
0.000620839
0.000614738
0.000610719
0.000609171
0.000611664
0.00347948
0.00324137
0.0030313
0.00284481
0.00267832
0.00252889
0.00239414
0.00227209
0.00216108
0.00205974
0.0019669
0.00188156
0.00180288
0.00173013
0.0016627
0.00160002
0.00154164
0.00148714
0.00143614
0.00138835
0.00134346
0.00130124
0.00126146
0.00122391
0.00118842
0.00115483
0.00112299
0.00109278
0.00106408
0.00103677
0.00101076
0.000985971
0.000962309
0.000939705
0.000918091
0.000897404
0.000877588
0.000858588
0.000840357
0.00082285
0.000806024
0.000789841
0.000774266
0.000759266
0.000744812
0.000730877
0.000717439
0.000704481
0.000691993
0.000679976
0.000668445
0.00065744
0.000647031
0.000637339
0.000628546
0.00062092
0.000614796
0.000610653
0.000608783
0.000610173
0.00347948
0.00324137
0.00303129
0.0028448
0.0026783
0.00252886
0.0023941
0.00227204
0.00216103
0.00205968
0.00196683
0.00188149
0.00180281
0.00173006
0.00166262
0.00159995
0.00154156
0.00148706
0.00143606
0.00138827
0.00134338
0.00130116
0.00126137
0.00122383
0.00118834
0.00115475
0.00112291
0.0010927
0.001064
0.00103669
0.00101069
0.000985894
0.000962233
0.00093963
0.000918017
0.000897331
0.000877516
0.000858518
0.000840289
0.000822783
0.00080596
0.00078978
0.000774208
0.000759212
0.000744763
0.000730833
0.000717402
0.000704453
0.000691975
0.000679971
0.000668455
0.000657467
0.000647077
0.000637406
0.000628631
0.000621013
0.000614872
0.000610638
0.000608551
0.000609254
0.00347948
0.00324137
0.00303129
0.00284479
0.00267828
0.00252883
0.00239407
0.002272
0.00216099
0.00205963
0.00196678
0.00188143
0.00180275
0.00173
0.00166256
0.00159988
0.00154149
0.00148699
0.00143599
0.0013882
0.00134331
0.00130109
0.0012613
0.00122376
0.00118827
0.00115468
0.00112285
0.00109263
0.00106393
0.00103662
0.00101062
0.000985828
0.000962168
0.000939566
0.000917954
0.00089727
0.000877456
0.000858459
0.000840232
0.000822728
0.000805907
0.00078973
0.000774162
0.00075917
0.000744725
0.000730801
0.000717377
0.000704436
0.000691969
0.000679977
0.000668476
0.000657505
0.000647135
0.000637485
0.000628729
0.000621121
0.000614971
0.000610666
0.000608416
0.000608643
0.00347948
0.00324137
0.00303128
0.00284478
0.00267826
0.00252881
0.00239404
0.00227197
0.00216095
0.00205959
0.00196673
0.00188138
0.0018027
0.00172995
0.0016625
0.00159982
0.00154144
0.00148693
0.00143594
0.00138814
0.00134326
0.00130103
0.00126125
0.0012237
0.00118821
0.00115462
0.00112279
0.00109258
0.00106387
0.00103657
0.00101056
0.000985774
0.000962114
0.000939513
0.000917902
0.000897219
0.000877406
0.000858411
0.000840185
0.000822684
0.000805865
0.00078969
0.000774125
0.000759137
0.000744697
0.000730779
0.000717362
0.00070443
0.000691973
0.000679993
0.000668507
0.000657554
0.000647205
0.000637576
0.000628842
0.000621248
0.000615095
0.000610738
0.000608361
0.000608235
0.00347948
0.00324137
0.00303128
0.00284477
0.00267825
0.00252879
0.00239402
0.00227194
0.00216092
0.00205956
0.0019667
0.00188135
0.00180266
0.0017299
0.00166246
0.00159978
0.00154139
0.00148688
0.00143589
0.00138809
0.00134321
0.00130098
0.0012612
0.00122365
0.00118816
0.00115458
0.00112274
0.00109253
0.00106383
0.00103652
0.00101052
0.000985729
0.000962071
0.00093947
0.00091786
0.000897178
0.000877366
0.000858373
0.000840148
0.000822649
0.000805832
0.00078966
0.000774098
0.000759114
0.000744679
0.000730767
0.000717357
0.000704433
0.000691987
0.00068002
0.000668549
0.000657614
0.000647286
0.00063768
0.000628969
0.000621394
0.000615247
0.000610856
0.000608383
0.000607989
0.00347948
0.00324137
0.00303128
0.00284476
0.00267824
0.00252878
0.002394
0.00227192
0.00216089
0.00205953
0.00196667
0.00188131
0.00180262
0.00172987
0.00166242
0.00159974
0.00154135
0.00148685
0.00143585
0.00138805
0.00134317
0.00130095
0.00126116
0.00122361
0.00118813
0.00115454
0.0011227
0.00109249
0.00106379
0.00103649
0.00101048
0.000985694
0.000962037
0.000939437
0.000917828
0.000897146
0.000877336
0.000858344
0.000840121
0.000822623
0.000805808
0.000789639
0.000774081
0.0007591
0.00074467
0.000730764
0.000717361
0.000704446
0.00069201
0.000680056
0.0006686
0.000657683
0.000647377
0.000637795
0.00062911
0.000621559
0.000615426
0.000611019
0.00060848
0.000607886
0.00347948
0.00324137
0.00303127
0.00284476
0.00267823
0.00252877
0.00239399
0.00227191
0.00216088
0.00205951
0.00196665
0.00188129
0.0018026
0.00172984
0.0016624
0.00159972
0.00154133
0.00148682
0.00143582
0.00138803
0.00134314
0.00130092
0.00126113
0.00122359
0.0011881
0.00115451
0.00112268
0.00109247
0.00106376
0.00103646
0.00101046
0.000985669
0.000962012
0.000939413
0.000917804
0.000897124
0.000877315
0.000858323
0.000840102
0.000822606
0.000805794
0.000789627
0.000774072
0.000759095
0.00074467
0.000730769
0.000717373
0.000704467
0.000692042
0.0006801
0.00066866
0.000657762
0.000647477
0.000637921
0.000629265
0.000621742
0.000615632
0.000611228
0.000608653
0.000607919
0.00347948
0.00324137
0.00303127
0.00284475
0.00267822
0.00252876
0.00239398
0.0022719
0.00216086
0.0020595
0.00196663
0.00188128
0.00180258
0.00172983
0.00166238
0.0015997
0.00154131
0.0014868
0.00143581
0.00138801
0.00134312
0.0013009
0.00126111
0.00122357
0.00118808
0.00115449
0.00112266
0.00109245
0.00106375
0.00103644
0.00101044
0.000985653
0.000961996
0.000939398
0.00091779
0.00089711
0.000877302
0.000858312
0.000840092
0.000822598
0.000805787
0.000789624
0.000774071
0.000759099
0.000744677
0.000730783
0.000717394
0.000704496
0.000692082
0.000680153
0.000668729
0.00065785
0.000647587
0.000638058
0.000629432
0.000621943
0.000615866
0.000611483
0.000608902
0.000608085
0.00347948
0.00324137
0.00303127
0.00284475
0.00267822
0.00252876
0.00239398
0.00227189
0.00216086
0.00205949
0.00196663
0.00188127
0.00180258
0.00172982
0.00166237
0.00159969
0.0015413
0.00148679
0.0014358
0.001388
0.00134311
0.00130089
0.00126111
0.00122356
0.00118807
0.00115448
0.00112265
0.00109244
0.00106374
0.00103644
0.00101043
0.000985646
0.000961989
0.000939392
0.000917784
0.000897105
0.000877298
0.000858309
0.000840091
0.000822598
0.00080579
0.000789628
0.000774079
0.00075911
0.000744694
0.000730805
0.000717423
0.000704534
0.00069213
0.000680214
0.000668806
0.000657945
0.000647706
0.000638204
0.000629611
0.000622161
0.000616127
0.000611784
0.000609229
0.000608382
0.00347948
0.00324137
0.00303127
0.00284475
0.00267822
0.00252876
0.00239398
0.00227189
0.00216086
0.00205949
0.00196663
0.00188127
0.00180258
0.00172982
0.00166237
0.00159969
0.0015413
0.00148679
0.0014358
0.001388
0.00134311
0.00130089
0.00126111
0.00122356
0.00118807
0.00115448
0.00112265
0.00109244
0.00106374
0.00103644
0.00101044
0.000985647
0.000961991
0.000939394
0.000917787
0.000897109
0.000877302
0.000858315
0.000840097
0.000822606
0.0008058
0.000789641
0.000774095
0.000759129
0.000744718
0.000730834
0.00071746
0.000704579
0.000692185
0.000680282
0.00066889
0.000658049
0.000647833
0.00063836
0.000629802
0.000622395
0.000616415
0.000612133
0.000609635
0.000608812
0.00347948
0.00324137
0.00303127
0.00284475
0.00267822
0.00252876
0.00239398
0.0022719
0.00216086
0.0020595
0.00196663
0.00188128
0.00180258
0.00172983
0.00166238
0.0015997
0.00154131
0.0014868
0.00143581
0.00138801
0.00134312
0.0013009
0.00126112
0.00122357
0.00118808
0.00115449
0.00112266
0.00109245
0.00106375
0.00103645
0.00101045
0.000985658
0.000962002
0.000939405
0.000917799
0.000897121
0.000877315
0.000858328
0.000840112
0.000822623
0.000805818
0.000789662
0.000774118
0.000759157
0.000744749
0.000730872
0.000717504
0.000704632
0.000692248
0.000680358
0.000668981
0.00065816
0.000647968
0.000638524
0.000630005
0.000622647
0.00061673
0.000612528
0.000610121
0.000609379
0.00347948
0.00324137
0.00303127
0.00284476
0.00267823
0.00252877
0.00239399
0.00227191
0.00216088
0.00205951
0.00196665
0.00188129
0.0018026
0.00172984
0.0016624
0.00159972
0.00154133
0.00148682
0.00143583
0.00138803
0.00134314
0.00130092
0.00126113
0.00122359
0.0011881
0.00115451
0.00112268
0.00109247
0.00106377
0.00103647
0.00101046
0.000985677
0.000962022
0.000939425
0.000917819
0.000897142
0.000877337
0.000858351
0.000840136
0.000822648
0.000805845
0.000789691
0.00077415
0.000759192
0.000744789
0.000730917
0.000717556
0.000704692
0.000692319
0.000680442
0.00066908
0.000658278
0.00064811
0.000638697
0.000630218
0.000622914
0.000617072
0.000612972
0.00061069
0.000610086
0.00347948
0.00324137
0.00303128
0.00284476
0.00267824
0.00252878
0.002394
0.00227192
0.00216089
0.00205953
0.00196667
0.00188131
0.00180262
0.00172987
0.00166242
0.00159974
0.00154136
0.00148685
0.00143585
0.00138806
0.00134317
0.00130095
0.00126116
0.00122362
0.00118813
0.00115454
0.00112271
0.0010925
0.0010638
0.00103649
0.00101049
0.000985706
0.00096205
0.000939454
0.000917848
0.000897172
0.000877367
0.000858382
0.000840168
0.000822681
0.00080588
0.000789728
0.00077419
0.000759236
0.000744837
0.00073097
0.000717615
0.00070476
0.000692397
0.000680532
0.000669186
0.000658403
0.00064826
0.000638879
0.000630442
0.000623198
0.000617442
0.000613465
0.000611346
0.000610943
0.00347948
0.00324137
0.00303128
0.00284477
0.00267825
0.00252879
0.00239402
0.00227194
0.00216092
0.00205956
0.0019667
0.00188135
0.00180266
0.0017299
0.00166246
0.00159978
0.00154139
0.00148688
0.00143589
0.00138809
0.00134321
0.00130099
0.0012612
0.00122365
0.00118817
0.00115458
0.00112275
0.00109254
0.00106384
0.00103653
0.00101053
0.000985743
0.000962088
0.000939492
0.000917887
0.00089721
0.000877406
0.000858422
0.000840209
0.000822723
0.000805924
0.000789774
0.000774239
0.000759287
0.000744893
0.000731031
0.000717683
0.000704835
0.000692482
0.00068063
0.000669299
0.000658535
0.000648417
0.000639068
0.000630676
0.000623497
0.000617838
0.00061401
0.000612093
0.00061196
0.00347948
0.00324137
0.00303128
0.00284478
0.00267826
0.00252881
0.00239404
0.00227197
0.00216095
0.00205959
0.00196673
0.00188138
0.0018027
0.00172995
0.0016625
0.00159982
0.00154144
0.00148693
0.00143594
0.00138814
0.00134326
0.00130103
0.00126125
0.0012237
0.00118822
0.00115463
0.00112279
0.00109259
0.00106388
0.00103658
0.00101058
0.000985791
0.000962136
0.000939539
0.000917934
0.000897258
0.000877455
0.000858471
0.000840259
0.000822774
0.000805977
0.000789828
0.000774296
0.000759348
0.000744957
0.0007311
0.000717758
0.000704918
0.000692575
0.000680735
0.000669419
0.000658675
0.000648581
0.000639265
0.00063092
0.000623812
0.000618263
0.000614608
0.000612935
0.000613151
0.00347948
0.00324137
0.00303129
0.00284479
0.00267828
0.00252883
0.00239407
0.002272
0.00216099
0.00205963
0.00196678
0.00188143
0.00180275
0.00173
0.00166256
0.00159988
0.00154149
0.00148699
0.001436
0.0013882
0.00134332
0.00130109
0.00126131
0.00122376
0.00118827
0.00115469
0.00112285
0.00109264
0.00106394
0.00103664
0.00101064
0.000985848
0.000962193
0.000939597
0.000917992
0.000897316
0.000877513
0.00085853
0.000840318
0.000822835
0.000806039
0.000789892
0.000774362
0.000759417
0.00074503
0.000731178
0.000717842
0.00070501
0.000692676
0.000680848
0.000669547
0.000658821
0.000648752
0.00063947
0.000631174
0.000624143
0.000618715
0.000615262
0.00061388
0.000614535
0.00347948
0.00324137
0.00303129
0.0028448
0.0026783
0.00252886
0.0023941
0.00227204
0.00216103
0.00205968
0.00196683
0.00188149
0.00180281
0.00173006
0.00166262
0.00159995
0.00154156
0.00148706
0.00143607
0.00138827
0.00134339
0.00130116
0.00126138
0.00122383
0.00118834
0.00115476
0.00112292
0.00109271
0.00106401
0.00103671
0.0010107
0.000985917
0.000962261
0.000939665
0.00091806
0.000897384
0.000877581
0.000858599
0.000840388
0.000822905
0.00080611
0.000789966
0.000774437
0.000759495
0.000745112
0.000731265
0.000717935
0.00070511
0.000692785
0.000680968
0.000669682
0.000658975
0.00064893
0.000639683
0.000631438
0.000624489
0.000619196
0.000615975
0.000614934
0.000616136
0.00347948
0.00324137
0.0030313
0.00284481
0.00267832
0.00252889
0.00239414
0.00227209
0.00216108
0.00205974
0.0019669
0.00188156
0.00180288
0.00173013
0.0016627
0.00160002
0.00154164
0.00148714
0.00143615
0.00138835
0.00134347
0.00130125
0.00126146
0.00122391
0.00118843
0.00115484
0.001123
0.00109279
0.00106409
0.00103679
0.00101078
0.000985997
0.000962341
0.000939745
0.000918139
0.000897464
0.000877661
0.000858679
0.000840469
0.000822987
0.000806193
0.00079005
0.000774523
0.000759584
0.000745204
0.000731361
0.000718037
0.000705219
0.000692903
0.000681098
0.000669826
0.000659137
0.000649116
0.000639904
0.000631711
0.00062485
0.000619705
0.000616751
0.000616106
0.000617985
0.00347948
0.00324138
0.00303131
0.00284483
0.00267835
0.00252893
0.00239419
0.00227214
0.00216115
0.00205981
0.00196697
0.00188164
0.00180296
0.00173022
0.00166279
0.00160011
0.00154173
0.00148723
0.00143624
0.00138845
0.00134356
0.00130134
0.00126156
0.00122401
0.00118852
0.00115493
0.0011231
0.00109289
0.00106418
0.00103688
0.00101088
0.000986089
0.000962433
0.000939836
0.000918231
0.000897555
0.000877752
0.00085877
0.000840561
0.00082308
0.000806287
0.000790145
0.000774621
0.000759683
0.000745307
0.000731468
0.000718149
0.000705338
0.000693031
0.000681236
0.000669977
0.000659306
0.00064931
0.000640132
0.000631994
0.000625226
0.000620243
0.000617594
0.000617407
0.000620122
0.00347948
0.00324138
0.00303132
0.00284486
0.00267838
0.00252897
0.00239424
0.00227221
0.00216122
0.00205989
0.00196706
0.00188173
0.00180306
0.00173032
0.00166289
0.00160022
0.00154184
0.00148734
0.00143635
0.00138855
0.00134367
0.00130145
0.00126167
0.00122412
0.00118863
0.00115504
0.00112321
0.001093
0.00106429
0.00103699
0.00101098
0.000986195
0.000962539
0.000939941
0.000918336
0.00089766
0.000877857
0.000858875
0.000840665
0.000823185
0.000806393
0.000790252
0.000774729
0.000759794
0.000745421
0.000731586
0.000718272
0.000705467
0.000693168
0.000681383
0.000670138
0.000659484
0.000649511
0.000640368
0.000632285
0.000625616
0.00062081
0.000618506
0.000618847
0.0006226
0.00347948
0.00324138
0.00303134
0.00284488
0.00267842
0.00252903
0.00239431
0.00227228
0.0021613
0.00205998
0.00196716
0.00188183
0.00180317
0.00173043
0.001663
0.00160034
0.00154196
0.00148746
0.00143647
0.00138868
0.0013438
0.00130158
0.00126179
0.00122424
0.00118876
0.00115517
0.00112333
0.00109312
0.00106441
0.00103711
0.00101111
0.000986316
0.000962659
0.000940061
0.000918455
0.000897778
0.000877975
0.000858993
0.000840783
0.000823303
0.000806511
0.000790371
0.000774849
0.000759916
0.000745545
0.000731713
0.000718403
0.000705603
0.000693311
0.000681536
0.000670303
0.000659666
0.000649716
0.000640607
0.000632582
0.000626016
0.000621403
0.000619493
0.000620438
0.000625485
0.00347949
0.00324139
0.00303135
0.00284491
0.00267847
0.00252909
0.00239438
0.00227237
0.0021614
0.00206009
0.00196727
0.00188195
0.00180329
0.00173056
0.00166314
0.00160047
0.0015421
0.0014876
0.00143661
0.00138882
0.00134394
0.00130172
0.00126193
0.00122439
0.0011889
0.00115531
0.00112347
0.00109326
0.00106455
0.00103725
0.00101124
0.000986452
0.000962794
0.000940195
0.000918587
0.00089791
0.000878105
0.000859121
0.00084091
0.000823429
0.000806636
0.000790496
0.000774974
0.000760041
0.00074567
0.00073184
0.000718533
0.000705737
0.000693451
0.000681684
0.000670462
0.00065984
0.000649912
0.000640838
0.000632871
0.000626415
0.000622011
0.000620548
0.000622187
0.000628865
0.00347949
0.0032414
0.00303137
0.00284495
0.00267852
0.00252916
0.00239447
0.00227247
0.00216151
0.00206021
0.0019674
0.00188209
0.00180344
0.00173071
0.00166329
0.00160063
0.00154226
0.00148776
0.00143678
0.00138898
0.0013441
0.00130188
0.0012621
0.00122455
0.00118906
0.00115547
0.00112363
0.00109342
0.00106471
0.0010374
0.00101139
0.000986599
0.000962938
0.000940335
0.000918724
0.000898043
0.000878234
0.000859246
0.000841031
0.000823545
0.000806748
0.000790604
0.000775078
0.000760142
0.000745768
0.000731936
0.000718628
0.000705834
0.000693551
0.000681789
0.000670576
0.000659968
0.000650063
0.000641024
0.000633117
0.000626779
0.000622603
0.000621653
0.000624088
0.000632848
0.00347949
0.00324141
0.0030314
0.002845
0.00267859
0.00252924
0.00239457
0.00227258
0.00216164
0.00206035
0.00196755
0.00188225
0.0018036
0.00173088
0.00166347
0.00160081
0.00154244
0.00148794
0.00143696
0.00138917
0.00134429
0.00130206
0.00126228
0.00122473
0.00118923
0.00115564
0.0011238
0.00109358
0.00106486
0.00103755
0.00101153
0.000986733
0.000963063
0.00094045
0.000918829
0.000898136
0.000878315
0.000859315
0.000841087
0.000823589
0.000806779
0.000790622
0.000775084
0.000760137
0.000745754
0.000731914
0.000718599
0.000705801
0.000693516
0.000681757
0.000670553
0.000659959
0.000650077
0.000641076
0.000633236
0.000627027
0.000623104
0.000622743
0.000626102
0.000637558
0.00347949
0.00324142
0.00303143
0.00284505
0.00267866
0.00252934
0.00239469
0.00227272
0.00216179
0.00206051
0.00196772
0.00188243
0.00180379
0.00173108
0.00166367
0.00160101
0.00154264
0.00148815
0.00143716
0.00138937
0.00134448
0.00130225
0.00126246
0.0012249
0.0011894
0.00115579
0.00112393
0.0010937
0.00106496
0.00103763
0.00101159
0.000986764
0.000963068
0.000940428
0.000918778
0.000898055
0.000878204
0.000859173
0.000840915
0.000823386
0.000806548
0.000790364
0.000774802
0.000759834
0.000745433
0.000731579
0.000718255
0.000705452
0.00069317
0.00068142
0.000670231
0.000659663
0.000649816
0.000640868
0.000633109
0.000627043
0.000623402
0.000623711
0.00062814
0.000643134
0.00347949
0.00324143
0.00303147
0.00284512
0.00267876
0.00252946
0.00239482
0.00227288
0.00216196
0.0020607
0.00196792
0.00188264
0.00180401
0.0017313
0.00166389
0.00160123
0.00154286
0.00148835
0.00143736
0.00138955
0.00134464
0.00130239
0.00126256
0.00122497
0.00118943
0.00115578
0.00112388
0.00109359
0.0010648
0.00103741
0.00101131
0.000986425
0.000962665
0.000939962
0.000918248
0.000897464
0.000877555
0.00085847
0.000840164
0.000822594
0.000805722
0.000789513
0.000773937
0.000758964
0.000744571
0.000730736
0.000717445
0.000704689
0.000692466
0.000680788
0.000669683
0.000659206
0.000649458
0.000640612
0.000632966
0.000627052
0.000623682
0.000624673
0.000630251
0.000649858
0.00347949
0.00324145
0.00303152
0.0028452
0.00267887
0.0025296
0.00239499
0.00227306
0.00216217
0.00206092
0.00196815
0.00188288
0.00180424
0.00173152
0.0016641
0.00160142
0.00154301
0.00148847
0.00143742
0.00138954
0.00134456
0.00130223
0.00126231
0.00122461
0.00118896
0.0011552
0.00112317
0.00109276
0.00106385
0.00103633
0.00101012
0.00098512
0.00096126
0.000938471
0.000916689
0.000895858
0.000875925
0.000856845
0.000838575
0.000821074
0.000804308
0.000788243
0.000772847
0.000758087
0.000743936
0.000730383
0.000717414
0.000705017
0.000693189
0.00068193
0.000671256
0.000661199
0.000651833
0.000643297
0.000635856
0.000630025
0.000626675
0.000627903
0.00063413
0.00065916
0.00347949
0.00324148
0.00303159
0.00284531
0.00267901
0.00252977
0.0023952
0.0022733
0.00216243
0.00206119
0.00196842
0.00188313
0.00180446
0.00173168
0.00166418
0.00160139
0.00154286
0.00148816
0.00143693
0.00138886
0.00134367
0.00130111
0.00126096
0.00122303
0.00118715
0.00115316
0.00112094
0.00109035
0.00106131
0.0010337
0.00100744
0.000982471
0.000958711
0.000936105
0.000914601
0.000894152
0.000874717
0.000856257
0.000838739
0.00082213
0.000806396
0.000791504
0.000777415
0.000764083
0.000751453
0.000739489
0.00072826
0.000717745
0.00070791
0.000698707
0.000690074
0.000681936
0.00067422
0.000666886
0.000659994
0.000653829
0.000649134
0.000648033
0.00065143
0.000679228
0.0034795
0.00324152
0.00303169
0.00284546
0.00267923
0.00253007
0.00239557
0.00227374
0.00216291
0.00206168
0.00196888
0.0018835
0.00180468
0.0017317
0.00166394
0.00160084
0.00154194
0.00148686
0.00143523
0.00138676
0.00134119
0.0012983
0.00125788
0.00121977
0.00118382
0.00114991
0.00111792
0.00108777
0.00105937
0.00103266
0.00100759
0.000984104
0.000962172
0.000941767
0.000922869
0.000905462
0.000889537
0.000875083
0.000862091
0.000850546
0.000840425
0.00083169
0.000824279
0.000818101
0.000813018
0.000808776
0.000805756
0.000804003
0.000803301
0.000803326
0.00080363
0.000803636
0.000802636
0.000799833
0.000794419
0.000785694
0.000773453
0.000758731
0.000742815
0.000752153
0.00347951
0.00324163
0.00303199
0.00284603
0.00268015
0.00253139
0.00239731
0.00227586
0.00216532
0.00206426
0.00197148
0.00188596
0.00180687
0.00173352
0.00166531
0.00160177
0.0015425
0.00148717
0.0014355
0.00138727
0.00134229
0.00130043
0.00126157
0.00122562
0.00119252
0.00116223
0.00113472
0.00110999
0.00108805
0.00106892
0.00105265
0.00103927
0.00102885
0.00102144
0.0010171
0.00101588
0.00101783
0.00102298
0.00103133
0.00104287
0.00105752
0.00107516
0.00109559
0.00111853
0.00114356
0.00117014
0.00119827
0.00122819
0.00125874
0.00128844
0.00131549
0.00133777
0.00135287
0.0013581
0.00135056
0.00132723
0.001285
0.00122116
0.00113291
0.0010503
0.00347969
0.00324256
0.00303442
0.00285067
0.00268758
0.00254191
0.00241089
0.0022922
0.00218399
0.0020848
0.00199351
0.00190929
0.00183155
0.00175985
0.00169393
0.0016336
0.00157875
0.00152935
0.0014854
0.00144695
0.00141404
0.00138678
0.00136525
0.00134955
0.00133979
0.00133606
0.00133844
0.00134701
0.00136182
0.0013829
0.00141023
0.00144377
0.00148345
0.00152911
0.00158058
0.0016376
0.00169986
0.00176696
0.00183844
0.00191377
0.00199233
0.00207342
0.00215628
0.00224004
0.0023237
0.00240611
0.0024871
0.00256383
0.00263383
0.00269445
0.00274284
0.0027759
0.0027902
0.00278189
0.0027465
0.0026785
0.00257026
0.00241022
0.00217798
0.0018914
0.00348321
0.00325648
0.00306425
0.00290018
0.00275854
0.00263419
0.00252332
0.00242364
0.00233403
0.00225412
0.00218405
0.00212418
0.00207496
0.00203684
0.00201018
0.00199525
0.00199222
0.00200119
0.00202211
0.00205488
0.00209925
0.00215492
0.00222142
0.0022982
0.00238459
0.0024798
0.00258293
0.002693
0.00280892
0.00292959
0.00305384
0.00318051
0.00330844
0.00343653
0.00356375
0.00368913
0.00381181
0.00393105
0.00404622
0.00415677
0.00426231
0.0043625
0.00445713
0.004546
0.00462839
0.00470456
0.00477132
0.00482668
0.00486948
0.0048984
0.00491185
0.00490777
0.0048835
0.00483548
0.00475885
0.00464636
0.00448689
0.00425603
0.00390902
0.00339095
0.0035494
0.00344488
0.00340553
0.00341541
0.00345867
0.00352241
0.00359886
0.00368416
0.00377673
0.00387635
0.00398354
0.00409908
0.00422362
0.00435751
0.00450065
0.00465249
0.00481201
0.00497776
0.00514797
0.00532057
0.00549335
0.00566407
0.00583053
0.0059907
0.0061428
0.0062854
0.0064174
0.00653809
0.00664716
0.00674461
0.00683076
0.00690618
0.00697158
0.00702784
0.00707585
0.00711652
0.00715072
0.00717924
0.00720274
0.00722179
0.00723679
0.00724804
0.00725571
0.00725989
0.00726124
0.00725883
0.0072516
0.00723971
0.0072229
0.00720055
0.00717163
0.00713468
0.00708773
0.00702789
0.00695147
0.00685077
0.00672075
0.00651209
0.0062472
0.0055035
0.00510096
0.00645279
0.00771268
0.00881052
0.00970874
0.0103982
0.0108902
0.0112091
0.0113855
0.0114508
0.0114338
0.0113593
0.0112471
0.0111128
0.0109679
0.0108207
0.010677
0.0105405
0.0104135
0.0102971
0.0101915
0.0100966
0.0100117
0.00993593
0.00986822
0.00980748
0.00975262
0.0097026
0.00965649
0.00961346
0.00957283
0.00953405
0.00949674
0.00946063
0.00942557
0.00939155
0.00935865
0.00932704
0.009297
0.00926888
0.00924315
0.00922036
0.00920117
0.00918625
0.0091753
0.00916886
0.00916772
0.00917306
0.00918654
0.00921026
0.00924689
0.00929975
0.00937291
0.00947167
0.00960176
0.00977413
0.00998693
0.0103029
0.010493
0.0112797
0.00683264
0.00737604
0.00785615
0.0082682
0.00862843
0.00895537
0.00923839
0.00946023
0.0096044
0.00966688
0.00966109
0.00960373
0.00951059
0.00939402
0.00926173
0.00911463
0.0089471
0.0087278
0.00859062
0.00865159
0.00890522
0.00929515
0.00977371
0.0103138
0.0109003
0.0115239
0.0121795
0.012866
0.0135854
0.0143516
0.0151868
0.0161515
0.0175582
0.0188093
0.0189527
0.0174088
0.0140552
0.0107662
0.0108306
0.0119352
0.0118561
0.0116894
0.012019
0.0126493
0.0125907
0.0123028
0.0120123
0.0117342
0.0114786
0.0112483
0.0110411
0.0108556
0.0106909
0.0105457
0.0104182
0.0103063
0.0102084
0.010121
0.010046
0.00993791
0.0122659
0.0106564
0.00935451
0.00850197
0.00794974
0.00757864
0.00732574
0.00715645
0.00705548
0.00701012
0.00701158
0.00705271
0.00712677
0.00722759
0.0073506
0.00749461
0.00767022
0.00795617
0.0082685
0.00836871
0.00828865
0.0081151
0.00790462
0.00767901
0.0074419
0.00718966
0.0069171
0.00662101
0.00630105
0.00596991
0.00565546
0.00540677
0.00527153
0.005686
0.00693238
0.00923937
0.0142404
0.0247474
0.0368433
0.0399864
0.0361212
0.0318287
0.0294058
0.0276934
0.0258496
0.0239713
0.0222981
0.0208186
0.0194957
0.0183172
0.0172743
0.0163546
0.0155449
0.014833
0.0142073
0.0136576
0.0131736
0.0127523
0.0123615
0.0120451
0.00940885
0.00860142
0.00780881
0.00721713
0.00678444
0.00645785
0.00620822
0.00602129
0.00588251
0.00577657
0.00569548
0.00564062
0.00561401
0.00561657
0.00564838
0.00571023
0.00580735
0.00597424
0.0061926
0.00636282
0.00641751
0.00636165
0.0062189
0.00600943
0.00574739
0.00544261
0.00510304
0.00473774
0.00435997
0.00398827
0.00364878
0.00337211
0.00316584
0.00309724
0.00339647
0.00432621
0.00661803
0.0122805
0.0230649
0.034674
0.0399615
0.0393899
0.0370756
0.0343752
0.0318517
0.0293884
0.0271467
0.0251491
0.0233655
0.0217775
0.0203711
0.0191296
0.0180351
0.0170706
0.0162205
0.0154708
0.0148087
0.0142254
0.0137067
0.0132102
0.00659632
0.00609158
0.00563761
0.00531909
0.0050996
0.00493957
0.00481954
0.00473095
0.00466673
0.00461838
0.00458009
0.0045519
0.00453552
0.00453349
0.00454893
0.00458658
0.00465553
0.00477607
0.00490553
0.00499873
0.00502247
0.00497108
0.00485038
0.00466846
0.00443428
0.00415761
0.00384974
0.00352464
0.00320019
0.00289842
0.00264291
0.00245635
0.00234112
0.0022972
0.00237267
0.00271343
0.00368121
0.00618962
0.0118606
0.0216671
0.0324995
0.0386506
0.0391912
0.0365181
0.0339136
0.0314298
0.0291166
0.0270134
0.0251113
0.0234007
0.0218724
0.0205129
0.0193063
0.0182364
0.0172879
0.016447
0.0157008
0.0150382
0.0144563
0.0138907
0.00450214
0.00406417
0.00372669
0.00351494
0.00339343
0.00332708
0.00329675
0.00329197
0.00330527
0.00332939
0.00335845
0.00339011
0.00342431
0.00346263
0.00350821
0.00356648
0.00364753
0.00376686
0.00386327
0.00390831
0.00389325
0.00382149
0.00369891
0.0035302
0.00332086
0.00307877
0.00281503
0.00254451
0.00228565
0.00205899
0.0018835
0.00177379
0.00172971
0.00175432
0.00183799
0.0020145
0.00246183
0.00361796
0.00630398
0.011676
0.0202922
0.0293033
0.0340867
0.0329169
0.0311002
0.029317
0.0275753
0.0259177
0.0243584
0.0229075
0.0215721
0.0203535
0.0192479
0.0182488
0.0173484
0.0165384
0.0158109
0.0151568
0.0145809
0.0140307
0.00298816
0.00262951
0.0023658
0.0021982
0.00210092
0.00204998
0.00203217
0.00204021
0.00206871
0.00211374
0.0021707
0.00223511
0.00230449
0.00237814
0.00245731
0.00254598
0.00265281
0.00278938
0.00288188
0.00291215
0.00288335
0.00280496
0.00268621
0.00253334
0.00235234
0.00215126
0.00194124
0.00173655
0.0015534
0.0014076
0.00131145
0.00127191
0.00129128
0.00136919
0.00148304
0.00162073
0.00186548
0.00243838
0.00374684
0.00637024
0.0109962
0.0173571
0.0230955
0.0237055
0.0232427
0.0227041
0.0220866
0.0214052
0.0206708
0.0199014
0.0191197
0.0183462
0.0175962
0.0168801
0.0162048
0.0155739
0.0149891
0.014449
0.0139646
0.0135154
0.00194759
0.00169802
0.00151821
0.00139911
0.00132322
0.00127579
0.00124906
0.00123933
0.00124435
0.00126469
0.00129956
0.00134639
0.00140351
0.00147018
0.00154699
0.00163671
0.00174607
0.00188318
0.00196946
0.0019971
0.00197357
0.00190861
0.00181228
0.00169222
0.00155552
0.0014106
0.0012678
0.00113884
0.00103543
0.000967542
0.000941546
0.000959447
0.00102621
0.00113826
0.00126791
0.00139128
0.00154437
0.00184822
0.00251379
0.00380616
0.00597659
0.00892605
0.0118306
0.0126094
0.0129069
0.0132923
0.0136989
0.0140627
0.0143302
0.0144745
0.0144959
0.0144102
0.0142394
0.0140058
0.01373
0.013429
0.0131168
0.0128027
0.0125039
0.0122407
0.00130783
0.00115706
0.00104972
0.000976104
0.000925509
0.000889508
0.000863702
0.000846047
0.000835484
0.000833089
0.000839752
0.000855013
0.000878882
0.00091189
0.000955398
0.00101228
0.00108828
0.00118953
0.0012485
0.00126662
0.00125153
0.00120915
0.00114683
0.00107103
0.000988044
0.000904858
0.000829227
0.000769134
0.000731933
0.000723471
0.000747043
0.000802891
0.000899567
0.00103142
0.00116311
0.00127449
0.00137632
0.00154197
0.00188885
0.00254299
0.00355406
0.00469449
0.00519008
0.00520802
0.00526805
0.00552673
0.00596596
0.00654955
0.00721841
0.00790262
0.00853897
0.0090831
0.00951346
0.00982825
0.0100385
0.010161
0.0102137
0.010213
0.010179
0.0101691
0.000955411
0.000873492
0.000814317
0.000771777
0.000740316
0.000715658
0.000695607
0.000679123
0.000665642
0.000655565
0.000649544
0.000647604
0.000650092
0.000657721
0.000671765
0.000694524
0.000730229
0.000783248
0.000809421
0.000813764
0.000802479
0.000778279
0.000745004
0.000706477
0.00066672
0.000630245
0.000601989
0.000587025
0.000590118
0.000615183
0.000664479
0.000738258
0.000848155
0.000989045
0.00111966
0.00122306
0.00129768
0.00138693
0.00156586
0.00189951
0.0023798
0.00280644
0.00271758
0.00245575
0.0022951
0.00222828
0.00226046
0.00240224
0.00266234
0.00304025
0.0035209
0.00407372
0.00465754
0.00522991
0.00575627
0.00621496
0.00659784
0.00690692
0.00715273
0.00740849
0.000776015
0.00073492
0.000702982
0.000677983
0.000657667
0.000640177
0.000624656
0.000610719
0.000598138
0.000587013
0.000577634
0.000570016
0.000564347
0.00056102
0.000560744
0.000564796
0.000575529
0.000595352
0.000601652
0.000598406
0.000589255
0.000575452
0.000558766
0.000541157
0.000524932
0.000512883
0.000508268
0.000514663
0.000535661
0.000574398
0.000632825
0.000711493
0.000823641
0.0009663
0.00109708
0.00119863
0.00126345
0.00131363
0.00140101
0.00156663
0.0017938
0.00195071
0.00182573
0.00162554
0.00148773
0.001383
0.00130804
0.00126342
0.00125353
0.00128646
0.00137295
0.00152353
0.00174449
0.00203426
0.00238188
0.00276858
0.00317198
0.00357091
0.00394884
0.00435422
0.000689516
0.00067013
0.000652093
0.000635942
0.000621288
0.000607528
0.000594527
0.00058227
0.000570728
0.000559942
0.000550037
0.000541007
0.000532926
0.000525962
0.000520434
0.000516934
0.00051656
0.00052029
0.000518306
0.000512874
0.00050552
0.000496793
0.000487546
0.000478912
0.000472449
0.000470219
0.000474788
0.00048912
0.000516282
0.000558976
0.000618885
0.000696617
0.000805824
0.000945857
0.0010769
0.00118048
0.00124553
0.0012806
0.00132006
0.00139542
0.00149633
0.00154519
0.00144909
0.0013212
0.00123073
0.00115524
0.00109165
0.00103806
0.000993637
0.000958721
0.00093503
0.000925779
0.000935694
0.000970671
0.00103686
0.00113923
0.00128006
0.00145823
0.00166823
0.00193377
0.000649219
0.000640399
0.000628976
0.000617001
0.000605035
0.000593071
0.000581325
0.00056997
0.000559076
0.000548685
0.000538861
0.000529602
0.000520937
0.000512937
0.000505745
0.00049963
0.000495076
0.000492312
0.000487429
0.000481654
0.000475403
0.000468867
0.000462525
0.000457211
0.000454235
0.00045542
0.000463086
0.000479916
0.000508645
0.000551599
0.000610144
0.000684783
0.000788924
0.000923722
0.00105374
0.00116053
0.00123026
0.00126357
0.00128159
0.00130948
0.0013456
0.00134793
0.00127523
0.00119072
0.0011298
0.00107642
0.00102893
0.000986168
0.000947314
0.000911928
0.000879914
0.000851502
0.000827273
0.000808227
0.000795834
0.000792051
0.000799217
0.000819989
0.00085651
0.000919219
0.000630523
0.000626419
0.000618019
0.000607964
0.000597255
0.000586157
0.00057504
0.000564164
0.000553646
0.000543536
0.000533877
0.000524675
0.000515946
0.00050773
0.0005001
0.000493193
0.000487241
0.000482138
0.000476361
0.000470631
0.000464892
0.000459172
0.000453812
0.000449561
0.000447671
0.000449901
0.000458462
0.000475856
0.000504542
0.000546495
0.000602761
0.000673675
0.000772083
0.000900282
0.00102749
0.0011368
0.00121249
0.0012502
0.00126205
0.0012674
0.00127079
0.00125231
0.00119453
0.0011346
0.00109051
0.00105022
0.00101298
0.000978241
0.000945584
0.000914767
0.00088568
0.000858291
0.000832637
0.000808828
0.000787062
0.000767641
0.000750971
0.000737629
0.0007282
0.000724849
0.000621475
0.000619272
0.000612248
0.000603097
0.000592999
0.000582344
0.000571566
0.000560964
0.000550673
0.000540752
0.000531238
0.000522144
0.000513485
0.00050529
0.00049761
0.000490533
0.00048419
0.000478342
0.000472345
0.000466686
0.000461128
0.00045563
0.000450496
0.000446473
0.000444819
0.00044728
0.000455999
0.000473327
0.000501468
0.000542074
0.000595894
0.000663085
0.000755805
0.000876955
0.000999781
0.00110993
0.00119109
0.00123534
0.00124881
0.00124601
0.00123453
0.00120748
0.00115934
0.00111347
0.00107899
0.00104638
0.00101534
0.000985667
0.0009572
0.000929856
0.00090362
0.000878498
0.000854508
0.000831679
0.00081005
0.000789677
0.000770621
0.000752982
0.000736852
0.000722405
0.000616678
0.000615126
0.000608759
0.000600072
0.000590296
0.000579891
0.000569315
0.000558881
0.000548734
0.00053894
0.000529534
0.000520536
0.000511963
0.000503841
0.000496214
0.000489153
0.000482752
0.000476713
0.000470689
0.000465057
0.00045952
0.000454011
0.000448836
0.000444766
0.000443086
0.00044554
0.000454214
0.000471315
0.000498812
0.000538061
0.000589548
0.000653261
0.000740653
0.000854889
0.00097237
0.00108145
0.00116662
0.00121752
0.00123596
0.00123271
0.00121639
0.00118728
0.00114594
0.00110832
0.00107941
0.00105135
0.0010241
0.000997631
0.000971912
0.000946949
0.000922781
0.00089945
0.000876993
0.000855446
0.000834841
0.000815205
0.000796562
0.000778936
0.000762348
0.000746655
0.000613818
0.000612417
0.000606405
0.000597991
0.000588408
0.000578159
0.000567715
0.000557391
0.000547338
0.000537626
0.000528295
0.000519366
0.000510861
0.000502805
0.000495241
0.000488234
0.000481858
0.000475794
0.000469772
0.000464127
0.000458542
0.000452943
0.000447652
0.000443473
0.000441718
0.000444132
0.000452743
0.000469621
0.000496514
0.000534511
0.000583861
0.000644408
0.000726941
0.000834699
0.000946467
0.00105294
0.00114025
0.00119684
0.00122122
0.00122118
0.00120534
0.00117763
0.00114159
0.001109
0.00108339
0.0010581
0.00103324
0.00100886
0.000984995
0.000961702
0.00093904
0.000917066
0.000895827
0.000875365
0.000855715
0.000836907
0.000818961
0.000801895
0.000785727
0.000770299
0.000611931
0.000610511
0.000604731
0.000596509
0.000587057
0.000576918
0.000566565
0.000556317
0.000546326
0.000536667
0.000527384
0.000518501
0.00051004
0.000502029
0.000494512
0.000487548
0.000481202
0.000475141
0.000469107
0.000463422
0.000457763
0.000452057
0.000446645
0.000442365
0.000440558
0.000442963
0.000451552
0.000468261
0.000494631
0.000531504
0.000578921
0.000636603
0.000714741
0.00081657
0.00092269
0.00102557
0.00111328
0.00117409
0.00120412
0.00120867
0.0011958
0.00117113
0.00113943
0.0011101
0.00108655
0.00106305
0.00103977
0.00101684
0.000994314
0.000972263
0.000950757
0.000929859
0.000909616
0.000890069
0.000871256
0.000853205
0.00083594
0.000819478
0.00080384
0.000788913
0.000610609
0.000609141
0.000603549
0.000595482
0.00058613
0.000576073
0.00056579
0.000555595
0.000545646
0.000536021
0.000526766
0.000517909
0.000509473
0.000501489
0.000493999
0.000487059
0.000480727
0.000474658
0.000468595
0.000462854
0.000457115
0.000451305
0.000445789
0.000441437
0.000439615
0.000442057
0.000450677
0.000467282
0.000493213
0.000529082
0.00057474
0.000629811
0.00070396
0.000800413
0.000901198
0.00100004
0.00108677
0.00115023
0.00118501
0.00119428
0.00118526
0.00116421
0.00113616
0.00110907
0.00108692
0.00106467
0.00104254
0.00102069
0.000999199
0.000978137
0.000957575
0.000937576
0.000918184
0.000899438
0.000881372
0.000864015
0.000847389
0.000831512
0.000816408
0.000802013
0.000609676
0.000608188
0.000602772
0.000594843
0.000585573
0.000575581
0.000565351
0.000555196
0.000545274
0.000535667
0.000526428
0.000517583
0.00050916
0.000501188
0.000493709
0.000486776
0.000480442
0.00047435
0.000468243
0.000462443
0.000456623
0.000450719
0.000445117
0.000440724
0.000438926
0.000441452
0.000450154
0.000466713
0.000492277
0.000527238
0.000571268
0.000623915
0.000694395
0.000785962
0.000881837
0.000976593
0.00106144
0.00112615
0.00116452
0.00117803
0.0011729
0.00115542
0.00113045
0.00110503
0.00108391
0.00106262
0.0010414
0.00102042
0.000999781
0.000979549
0.000959797
0.00094058
0.000921941
0.000903914
0.00088653
0.000869814
0.000853789
0.000838472
0.000823885
0.000810015
0.000609052
0.000607592
0.000602354
0.000594555
0.000585355
0.000575416
0.000565228
0.000555099
0.000545193
0.000535595
0.00052636
0.000517519
0.000509097
0.000501126
0.000493647
0.000486711
0.000480362
0.000474234
0.000468078
0.000462217
0.000456322
0.000450333
0.000444664
0.000440256
0.000438518
0.000441168
0.000450001
0.000466565
0.000491817
0.00052593
0.000568409
0.000618742
0.000685767
0.000772839
0.000864249
0.000955127
0.00103767
0.00110255
0.00114336
0.00116032
0.00115869
0.00114442
0.00112204
0.00109795
0.00107766
0.00105716
0.0010367
0.00101647
0.00099657
0.000977066
0.000958028
0.000939508
0.000921547
0.000904174
0.000887416
0.000871296
0.000855834
0.000841047
0.000826955
0.00081359
0.000608697
0.000607324
0.000602272
0.000594595
0.000585456
0.00057556
0.000565403
0.000555291
0.000545391
0.000535794
0.000526555
0.000517709
0.000509281
0.000501304
0.000493817
0.000486868
0.000480496
0.000474326
0.000468117
0.000462197
0.000456231
0.000450167
0.000444448
0.00044005
0.000438405
0.000441219
0.000450221
0.000466829
0.000491802
0.000525089
0.000566028
0.000614073
0.000677739
0.000760582
0.000847935
0.000935297
0.00101547
0.00107984
0.00112211
0.00114168
0.00114294
0.00113141
0.00111119
0.00108821
0.00106863
0.00104882
0.00102903
0.00100947
0.000990222
0.000971366
0.000952968
0.000935077
0.000917728
0.00090095
0.000884765
0.000869195
0.000854257
0.000839967
0.000826342
0.000813454
0.000608592
0.000607366
0.000602512
0.000594952
0.000585866
0.000576004
0.000565869
0.000555764
0.000545861
0.000536256
0.000527006
0.000518147
0.000509707
0.000501716
0.000494215
0.000487248
0.000480848
0.00047463
0.000468371
0.000462395
0.000456362
0.000450232
0.000444478
0.000440115
0.000438593
0.000441604
0.00045081
0.000467486
0.000492184
0.000524619
0.000563962
0.000609654
0.000669934
0.000748668
0.000832292
0.000916567
0.000994578
0.00105817
0.00110118
0.00112258
0.00112609
0.00111679
0.00109834
0.00107631
0.00105737
0.00103818
0.00101901
0.00100004
0.000981386
0.000963115
0.000945291
0.000927965
0.00091117
0.00089493
0.000879267
0.000864199
0.000849743
0.000835913
0.000822723
0.000810276
0.000608726
0.000607709
0.000603066
0.00059562
0.000586578
0.000576742
0.000566619
0.000556513
0.000546598
0.000536977
0.000527709
0.000518831
0.000510371
0.000502362
0.000494841
0.00048785
0.000481418
0.000475151
0.000468842
0.000462814
0.000456719
0.000450531
0.000444759
0.000440454
0.000439083
0.00044232
0.000451752
0.000468502
0.000492896
0.000524402
0.000562027
0.000605221
0.000661968
0.000736551
0.000816659
0.000898275
0.000974522
0.00103737
0.00108077
0.00110341
0.00110857
0.00110099
0.00108398
0.00106278
0.00104443
0.0010258
0.00100718
0.000988755
0.000970633
0.000952885
0.000935576
0.000918755
0.000902455
0.000886699
0.000871505
0.000856893
0.000842875
0.000829466
0.000816677
0.000804635
0.000609095
0.000608352
0.000603936
0.000596597
0.000587592
0.000577773
0.000567654
0.000557537
0.000547601
0.000537956
0.000528663
0.000519759
0.000511274
0.00050324
0.000495694
0.000488674
0.000482206
0.000475888
0.000469531
0.000463455
0.000457304
0.000451068
0.000445292
0.000441066
0.00043987
0.000443357
0.000453025
0.00046983
0.000493853
0.000524309
0.000560051
0.000600554
0.000653523
0.00072374
0.000800387
0.000879697
0.000954665
0.00101709
0.0010608
0.00108433
0.00109068
0.00108439
0.00106853
0.00104805
0.00103023
0.00101212
0.000993991
0.000976053
0.000958406
0.000941123
0.000924271
0.000907899
0.000892038
0.000876713
0.00086194
0.000847735
0.000834114
0.000821087
0.000808663
0.000796991
0.000609702
0.0006093
0.000605126
0.000597889
0.000588912
0.000579102
0.000568977
0.000558839
0.000548874
0.000539196
0.000529871
0.000520934
0.000512417
0.000504352
0.000496775
0.000489723
0.000483214
0.000476844
0.000470441
0.00046432
0.000458118
0.000451841
0.000446077
0.000441948
0.000440948
0.000444696
0.000454593
0.000471408
0.000494963
0.000524229
0.000557935
0.000595574
0.000644476
0.000709936
0.000782967
0.000860161
0.000934309
0.000996774
0.00104103
0.00106535
0.00107261
0.00106728
0.00105231
0.00103245
0.0010151
0.000997439
0.000979751
0.000962241
0.000945012
0.000928138
0.000911686
0.000895709
0.000880237
0.000865292
0.000850893
0.000837055
0.00082379
0.000811109
0.000799019
0.000787682
0.000610552
0.000610562
0.000606647
0.000599505
0.000590549
0.000580738
0.000570597
0.000560426
0.000550422
0.000540703
0.000531337
0.000522361
0.000513805
0.000505702
0.000498089
0.000490999
0.000484447
0.000478022
0.000471575
0.000465412
0.000459163
0.000452853
0.000447111
0.000443094
0.0004423
0.000446308
0.000456405
0.000473161
0.000496146
0.000524132
0.000555771
0.000590514
0.000635103
0.000695243
0.000764218
0.0008392
0.000912823
0.00097582
0.00102101
0.00104627
0.00105435
0.00104977
0.00103551
0.00101617
0.000999218
0.000981947
0.000964634
0.000947492
0.000930625
0.000914106
0.000898004
0.000882372
0.000867243
0.000852637
0.000838572
0.000825063
0.00081212
0.000799755
0.00078797
0.00077694
0.000611657
0.000612157
0.000608515
0.000601459
0.000592514
0.000582693
0.000572523
0.000562309
0.000552255
0.000542486
0.000533071
0.000524046
0.000515443
0.000507297
0.000499641
0.000492507
0.000485908
0.000479426
0.000472935
0.000466733
0.000460438
0.0004541
0.000448388
0.000444489
0.0004439
0.000448147
0.000458398
0.000475023
0.00049739
0.000524185
0.000554043
0.0005862
0.000626406
0.000680482
0.00074457
0.000816787
0.000889819
0.000953687
0.00100027
0.00102678
0.00103576
0.00103185
0.00101819
0.000999263
0.000982642
0.000965695
0.000948696
0.000931868
0.000915314
0.000899103
0.000883308
0.000867982
0.000853158
0.000838857
0.000825095
0.000811886
0.000799239
0.000787166
0.000775665
0.000764922
0.000613036
0.000614106
0.000610751
0.000603771
0.000594825
0.000584982
0.00057477
0.000564499
0.000554383
0.000544554
0.000535079
0.000525997
0.00051734
0.000509141
0.000501436
0.000494252
0.0004876
0.000481059
0.000474524
0.000468282
0.000461941
0.000455573
0.000449891
0.000446105
0.000445702
0.000450152
0.000460503
0.00047697
0.000498857
0.000524966
0.000553954
0.000584484
0.000620624
0.000667711
0.000725516
0.000793696
0.000865436
0.000930109
0.000978395
0.00100652
0.00101661
0.0010134
0.00100027
0.000981685
0.00096533
0.000948651
0.000931919
0.000915364
0.000899087
0.000883154
0.000867638
0.000852594
0.000838053
0.000824035
0.000810557
0.00079763
0.000785264
0.000773468
0.000762239
0.000751767
0.000614713
0.000616441
0.000613383
0.000606463
0.000597502
0.000587622
0.000577352
0.000567008
0.000556817
0.000546915
0.00053737
0.00052822
0.000519498
0.000511238
0.000503475
0.000496235
0.000489525
0.000482921
0.00047634
0.000470054
0.000463659
0.000457253
0.000451587
0.000447893
0.00044764
0.000452246
0.000462673
0.000479114
0.000501084
0.000527811
0.000557961
0.000588942
0.00062206
0.000661094
0.000710395
0.000772121
0.000840788
0.000905411
0.000955282
0.000985226
0.000996651
0.00099425
0.000981636
0.000963332
0.000947208
0.000930769
0.000914285
0.000897992
0.000881984
0.000866325
0.000851087
0.000836322
0.000822062
0.000808326
0.000795128
0.000782481
0.000770393
0.000758871
0.000747912
0.000737703
0.000616718
0.000619197
0.000616441
0.00060956
0.000600565
0.000590629
0.00058028
0.000569845
0.000559563
0.000549574
0.000539944
0.000530714
0.000521916
0.000513585
0.000505754
0.000498448
0.000491674
0.000485003
0.000478372
0.000472032
0.000465566
0.000459101
0.000453423
0.000449778
0.000449625
0.000454356
0.000464958
0.000481877
0.000505326
0.000535396
0.000570587
0.000605908
0.000638297
0.000668245
0.000705679
0.000756733
0.000818734
0.000881047
0.000931494
0.000963024
0.000975835
0.000974301
0.000962202
0.000944164
0.000928282
0.000912107
0.000895905
0.000879912
0.000864216
0.000848872
0.000833949
0.000819499
0.000805551
0.000792123
0.00077923
0.000766881
0.000755087
0.000743851
0.000733173
0.000723228
0.000619091
0.000622417
0.000619959
0.000613086
0.000604032
0.000594015
0.000583561
0.000573011
0.000562618
0.000552524
0.000542794
0.000533467
0.000524579
0.000516164
0.000508254
0.000500874
0.000494026
0.000487282
0.000480592
0.000474178
0.000467613
0.000461049
0.00045531
0.000451655
0.000451554
0.000456464
0.000467643
0.000486309
0.000514149
0.000552633
0.000599599
0.000645869
0.000681777
0.000701959
0.000722741
0.000756278
0.000805136
0.000860482
0.000908857
0.000940786
0.000954564
0.000953763
0.000942119
0.000924378
0.000908831
0.000893031
0.000877232
0.000861666
0.000846405
0.000831494
0.000816996
0.000802959
0.000789409
0.000776366
0.000763842
0.00075185
0.000740397
0.000729491
0.00071913
0.000709462
0.000621882
0.000626153
0.00062397
0.000617065
0.000607916
0.000597783
0.000587189
0.000576496
0.000565966
0.000555743
0.000545891
0.00053645
0.000527454
0.000518939
0.000510935
0.000503467
0.000496537
0.000489712
0.000482946
0.000476427
0.000469714
0.000462991
0.000457119
0.000453388
0.000453349
0.000458732
0.000471539
0.00049467
0.000532383
0.000587948
0.000657516
0.00072521
0.000771842
0.000782417
0.000780137
0.000785777
0.000810744
0.000850618
0.000891458
0.00092083
0.000934175
0.000933491
0.000922063
0.000904715
0.000889726
0.000874555
0.000859436
0.000844575
0.000830019
0.000815799
0.000801965
0.00078856
0.000775607
0.000763124
0.000751127
0.000739631
0.000728646
0.00071818
0.00070824
0.000698902
0.000625149
0.000630457
0.000628508
0.000621511
0.00061222
0.000601922
0.000591144
0.000580268
0.000569567
0.000559186
0.000549184
0.000539603
0.000530477
0.00052184
0.000513724
0.000506153
0.000499127
0.000492209
0.000485343
0.000478668
0.000471736
0.000464771
0.000458681
0.000454842
0.000455058
0.000461746
0.00047853
0.000511407
0.00056851
0.000654903
0.000763458
0.000868517
0.000937855
0.000940997
0.000907429
0.000869982
0.000854138
0.000864109
0.000887312
0.000908077
0.000917759
0.000915603
0.000903753
0.000886981
0.000872998
0.000858967
0.000845082
0.000831491
0.000818196
0.000805206
0.000792552
0.00078026
0.000768348
0.00075684
0.000745755
0.000735113
0.00072493
0.000715214
0.000705985
0.000697168
0.000628963
0.000635387
0.0006336
0.000626434
0.000616934
0.000606407
0.000595383
0.000584273
0.000573357
0.000562775
0.000552586
0.000542829
0.000533541
0.000524756
0.000516502
0.000508807
0.000501667
0.000494642
0.000487636
0.000480732
0.000473486
0.000466176
0.000459802
0.000455964
0.00045708
0.000467041
0.000492569
0.00054469
0.000636461
0.000774115
0.000945416
0.00111174
0.00122424
0.0012279
0.00115345
0.00105051
0.000967284
0.000923532
0.000911383
0.000912161
0.000911645
0.000904604
0.00089091
0.000875031
0.000862913
0.000851025
0.000839491
0.000828329
0.000817463
0.000806869
0.00079654
0.00078647
0.000776667
0.000767158
0.000757975
0.000749139
0.00074067
0.000732573
0.000724889
0.00071719
0.00063341
0.000641007
0.000639274
0.000631839
0.000622044
0.0006112
0.000599852
0.000588437
0.000577241
0.000566401
0.000555971
0.000545991
0.000536498
0.000527524
0.000519099
0.000511249
0.000503971
0.000496816
0.000489613
0.000482383
0.000474706
0.000466956
0.000460338
0.000456995
0.000460663
0.000478105
0.000521369
0.000608491
0.000757721
0.000975417
0.0012428
0.00150561
0.00169641
0.00172366
0.00160129
0.00140031
0.001207
0.0010697
0.000991451
0.000951534
0.000928316
0.000909572
0.000891107
0.00087671
0.000868164
0.000860465
0.000853616
0.000847366
0.000841498
0.000835934
0.00083059
0.000825385
0.000820301
0.000815366
0.00081061
0.000806045
0.000801669
0.000797449
0.000793428
0.000788407
0.000638596
0.000647392
0.000645573
0.000637755
0.000627556
0.000616283
0.000604502
0.000592684
0.000581118
0.000569934
0.000559185
0.000548913
0.000539151
0.000529932
0.000521286
0.000513237
0.000505785
0.000498466
0.000490987
0.000483309
0.000475083
0.000466881
0.0004604
0.00045897
0.000468956
0.000502257
0.000578905
0.000725099
0.000963545
0.00129976
0.00170777
0.00211624
0.00244162
0.00254559
0.00238314
0.00204412
0.00167481
0.00137738
0.00117954
0.00106158
0.000992241
0.000948598
0.000919605
0.000907969
0.000906576
0.000907448
0.000910355
0.000914467
0.000919306
0.000924691
0.000930349
0.000936016
0.000941574
0.000946989
0.000952219
0.000957174
0.000961734
0.000965736
0.000969147
0.000969221
0.000644664
0.00065467
0.000652616
0.000644299
0.000633571
0.000621719
0.000609356
0.000596991
0.000584917
0.000573262
0.000562079
0.000551407
0.000541282
0.000531734
0.00052279
0.000514478
0.000506796
0.00049926
0.0004914
0.000483144
0.000474318
0.000465959
0.00046088
0.000464868
0.000489131
0.000553728
0.000688667
0.000927733
0.00129646
0.00179871
0.00240152
0.00301691
0.00355516
0.0038295
0.00366997
0.00316495
0.00253619
0.00197739
0.00157092
0.0013094
0.00115113
0.00105772
0.00100734
0.00100168
0.00101517
0.00103402
0.00105739
0.00108314
0.00111025
0.00113822
0.00116624
0.00119353
0.00121961
0.00124417
0.00126688
0.00128742
0.00130545
0.00132069
0.00133306
0.00133735
0.000651847
0.000663114
0.000660725
0.00065183
0.00064043
0.000627798
0.000614633
0.000601503
0.000588708
0.000576384
0.000564585
0.000553351
0.000542715
0.000532706
0.000523349
0.000514672
0.000506672
0.000498837
0.000490466
0.00048155
0.000472355
0.000465028
0.000464803
0.000482154
0.00053631
0.000658119
0.000887206
0.00126203
0.00180824
0.00252751
0.00338166
0.00426972
0.00511206
0.00567963
0.00560899
0.00495533
0.00400333
0.00306505
0.00232344
0.00181425
0.00149422
0.00130697
0.00121632
0.00122488
0.00126878
0.00132352
0.00138625
0.00145198
0.00151838
0.00158393
0.00164655
0.00170443
0.00175654
0.00180229
0.00184132
0.00187347
0.00189875
0.00191732
0.00192966
0.00192756
0.000660604
0.000673379
0.000670733
0.00066128
0.000649047
0.000635337
0.000621031
0.000606787
0.000592931
0.000579625
0.000566925
0.000554873
0.000543497
0.000532821
0.000522868
0.000513664
0.000505203
0.000496936
0.000487926
0.000478523
0.000470139
0.000467486
0.000480631
0.000528048
0.000639937
0.000857701
0.00122615
0.00178254
0.00254968
0.00352985
0.00468579
0.00590809
0.00714087
0.00811121
0.00822577
0.00749768
0.00623559
0.00484737
0.00364516
0.00275704
0.00217022
0.0018209
0.00166186
0.00170181
0.00179962
0.00191354
0.00203544
0.00215515
0.00226827
0.00237188
0.00246277
0.00253902
0.00260036
0.00264739
0.00268118
0.00270301
0.00271425
0.0027162
0.00271045
0.00268568
0.000671953
0.00068705
0.00068464
0.000674857
0.000661594
0.000646341
0.000630344
0.000614425
0.000598963
0.000584175
0.000570125
0.00055685
0.000544372
0.000532707
0.000521871
0.000511881
0.000502733
0.00049382
0.000484181
0.000475486
0.000472072
0.000484067
0.000529976
0.000639198
0.000852225
0.0012147
0.00176677
0.00253782
0.00355207
0.00482481
0.00632531
0.00792935
0.0096016
0.0110047
0.0113525
0.0106508
0.00919194
0.00740638
0.00570409
0.00433679
0.00337379
0.00278008
0.0025182
0.00260813
0.00277344
0.00295104
0.00312411
0.0032778
0.00340797
0.00351295
0.00359159
0.00364496
0.00367594
0.00368801
0.00368453
0.0036686
0.00364286
0.00360939
0.0035705
0.00351218
0.00068834
0.000707891
0.000707061
0.000697575
0.000683007
0.000665443
0.000646866
0.000628368
0.000610437
0.000593388
0.000577293
0.000562182
0.000548062
0.000534934
0.000522802
0.000511668
0.000501516
0.00049169
0.000482275
0.000479389
0.000493948
0.000545551
0.000663523
0.00088572
0.00125356
0.00180255
0.00255737
0.00354599
0.00481688
0.00641125
0.00828797
0.0102781
0.0123482
0.0140835
0.0146375
0.0140548
0.0125762
0.010575
0.00848043
0.00664469
0.00525352
0.00435129
0.00394731
0.00407079
0.0042699
0.00446239
0.0046252
0.00474573
0.004826
0.00486983
0.00488103
0.00486502
0.00482795
0.00477543
0.00471214
0.00464178
0.0045672
0.00449026
0.00441315
0.00432013
0.000715793
0.000744611
0.000748317
0.000740436
0.000724098
0.000702952
0.000680382
0.000657908
0.000636222
0.000615796
0.000596721
0.000579022
0.000562694
0.000547725
0.000534099
0.000521788
0.000510725
0.000500304
0.000496552
0.000518589
0.000587358
0.000731916
0.000985333
0.001379
0.00193605
0.00266888
0.00359796
0.00478658
0.00633228
0.00827916
0.0105185
0.0128003
0.0150929
0.0169482
0.0176387
0.0172514
0.0159389
0.0139618
0.0116956
0.00953268
0.00776315
0.00653855
0.00594329
0.00601386
0.00615515
0.00626828
0.00633072
0.00633923
0.00630471
0.00623661
0.00614263
0.00603065
0.00590796
0.00578034
0.00565203
0.00552598
0.00540409
0.00528718
0.00517652
0.00505591
0.000769023
0.00081653
0.000830411
0.000826347
0.000807238
0.000780388
0.000751701
0.000723335
0.000696436
0.000671779
0.000649602
0.000630043
0.000613179
0.000599025
0.000587515
0.00057844
0.000571356
0.000566362
0.000594744
0.000699815
0.000899444
0.00121427
0.00165784
0.00223321
0.00293719
0.00378194
0.00483585
0.00623402
0.00809625
0.0103872
0.0128608
0.0152
0.0174322
0.0191775
0.0199476
0.0198214
0.0188314
0.0170997
0.0149051
0.0126229
0.0106036
0.00909399
0.00825406
0.00814399
0.00812509
0.00807328
0.00796829
0.00781663
0.00763546
0.00743679
0.00722923
0.0070205
0.00681677
0.00662224
0.00643939
0.00626935
0.00611239
0.00596775
0.00583531
0.00569948
0.000882443
0.000963861
0.000997126
0.000999741
0.000975615
0.000939937
0.000903219
0.000868772
0.000839505
0.0008174
0.000803575
0.000798747
0.000803092
0.000816081
0.000836346
0.000861613
0.000888336
0.000919798
0.00105459
0.00133302
0.00172665
0.00222052
0.00279585
0.00343858
0.00416178
0.00504003
0.00622785
0.00789931
0.010093
0.0125893
0.0150042
0.0170666
0.018952
0.0204424
0.0212791
0.0214672
0.0209079
0.0195843
0.0176617
0.0154589
0.0133408
0.0116145
0.010499
0.0101086
0.0098685
0.00961263
0.0093194
0.00900151
0.00867843
0.0083616
0.00805802
0.00777311
0.00751036
0.00727123
0.00705558
0.00686224
0.00668942
0.00653464
0.00639622
0.0062598
0.00113167
0.00126388
0.00133029
0.00134539
0.00131642
0.00127602
0.00124553
0.00123267
0.00124888
0.00129678
0.00137596
0.00148209
0.00160745
0.00174209
0.00187522
0.00199646
0.0020946
0.00218201
0.00243453
0.00281768
0.00326394
0.00374267
0.00424032
0.00477921
0.00544179
0.00638664
0.00781011
0.00980701
0.012199
0.0145592
0.01651
0.0179924
0.0193468
0.0205782
0.0215055
0.0220357
0.0219581
0.0211362
0.019621
0.017653
0.0155741
0.0137171
0.0123417
0.0116387
0.0111711
0.0107196
0.0102582
0.00980224
0.00937042
0.00897131
0.00860843
0.00828334
0.00799577
0.0077437
0.00752401
0.00733298
0.00716683
0.00702138
0.00689372
0.00677064
0.00166216
0.00185097
0.00199038
0.00206199
0.00207785
0.00211936
0.00223684
0.00244873
0.00273679
0.00306784
0.00340764
0.00372553
0.00399914
0.00421596
0.0043716
0.00446659
0.00449956
0.00449343
0.00463953
0.00484842
0.00507896
0.00532558
0.00561748
0.0060399
0.00674365
0.00791736
0.00967384
0.0118712
0.0140681
0.0158039
0.0169449
0.0177163
0.0185501
0.0196004
0.0206434
0.021503
0.0218978
0.0216035
0.0205688
0.0189444
0.0170238
0.0151367
0.0135686
0.0125867
0.0119279
0.0113237
0.0107438
0.0102035
0.00971782
0.00929039
0.00891947
0.00860136
0.00833113
0.00810291
0.00791055
0.00774802
0.00760997
0.00749097
0.00738793
0.00728759
0.00265833
0.00295328
0.00340894
0.00382274
0.0042275
0.00479013
0.00550783
0.00620337
0.00676534
0.00716137
0.00740037
0.00750975
0.0075212
0.00746277
0.00735549
0.00721235
0.00703487
0.0068246
0.00671051
0.00662231
0.00657096
0.00660212
0.00680579
0.00732059
0.00830533
0.00984408
0.0117915
0.0137118
0.015111
0.0158156
0.0160511
0.0162086
0.0166897
0.0176526
0.0188055
0.0199327
0.0207312
0.020929
0.0203932
0.0191843
0.0175283
0.0157273
0.014078
0.0128992
0.0121172
0.0114333
0.0108137
0.0102689
0.00980668
0.00942311
0.00910838
0.00885187
0.00864354
0.00847404
0.00833505
0.00821946
0.00812188
0.00803651
0.007963
0.00788345
0.004253
0.00523016
0.00720088
0.00900323
0.010548
0.0116792
0.0121758
0.0121806
0.0119007
0.0114953
0.011055
0.0106222
0.0102135
0.00983369
0.00948144
0.00915155
0.00883148
0.00848917
0.00815482
0.00785395
0.00769463
0.00778697
0.00824605
0.00917301
0.0105715
0.012228
0.0137041
0.0145576
0.0146619
0.0142833
0.0138355
0.0136403
0.0139789
0.0149065
0.0161125
0.017393
0.0184709
0.0190713
0.0190138
0.0182781
0.0170036
0.0154303
0.0138436
0.0125875
0.0118071
0.011183
0.0106616
0.0102373
0.00990711
0.00965552
0.00946208
0.00930971
0.00918635
0.00908334
0.00899438
0.00891503
0.00884335
0.00877433
0.00871734
0.00863022
0.00697928
0.0112636
0.0177874
0.0209871
0.020689
0.0190768
0.017301
0.0157276
0.0144364
0.0134004
0.0125671
0.0118889
0.0113295
0.010862
0.0104664
0.0101246
0.0098198
0.00947838
0.0091906
0.00913072
0.00939405
0.0100335
0.0110432
0.0122968
0.0134826
0.0141685
0.0140808
0.0132883
0.0121592
0.0111168
0.0104194
0.010133
0.0104546
0.0113028
0.012431
0.0136848
0.0148453
0.0156759
0.0159994
0.0157627
0.015042
0.0140075
0.0128186
0.011954
0.0115804
0.0113674
0.0112045
0.0110625
0.0109361
0.0108159
0.0106926
0.0105629
0.0104291
0.0102948
0.0101639
0.0100392
0.00992364
0.00981084
0.00973124
0.00954792
0.0118366
0.00993841
0.00870449
0.00934336
0.0101507
0.0103812
0.01032
0.01018
0.0100423
0.00993247
0.00985775
0.00982002
0.00981851
0.00985151
0.00991761
0.0100173
0.0101493
0.0103464
0.0105206
0.0104298
0.00998521
0.00924935
0.00836661
0.00748853
0.0067146
0.00605114
0.00547279
0.0049093
0.00440577
0.00404253
0.00386624
0.00389149
0.00425139
0.00486972
0.00569829
0.00670799
0.00785554
0.00906928
0.0102674
0.0113951
0.0124332
0.0133585
0.0141235
0.0143148
0.0140154
0.0134952
0.0129521
0.0124622
0.0120332
0.011664
0.0113554
0.011103
0.0108979
0.0107307
0.0105937
0.0104811
0.0103878
0.0103134
0.010241
0.0102278
)
;

boundaryField
{
    inlet
    {
        type            fixedValue;
        value           uniform 0.00375;
    }
    outlet
    {
        type            zeroGradient;
    }
    fixedWalls
    {
        type            kqRWallFunction;
        value           nonuniform List<scalar> 
240
(
0.00510096
0.00645279
0.00771268
0.00881052
0.00970874
0.0103981
0.0108901
0.0112091
0.0113855
0.0114508
0.0114338
0.0113592
0.011247
0.0111127
0.0109677
0.0108205
0.0106768
0.0105402
0.0104131
0.0102965
0.0101908
0.0100957
0.0100106
0.00993447
0.00986637
0.00980514
0.00974965
0.00969883
0.0096517
0.00960737
0.00956509
0.00952422
0.00948424
0.00944473
0.00940536
0.00936585
0.00932598
0.00928552
0.00924425
0.00920188
0.00915807
0.00911238
0.00906419
0.00901275
0.00895702
0.0088957
0.0088271
0.00874906
0.00865882
0.00855289
0.00842684
0.00827508
0.00809071
0.00786501
0.00758829
0.00724724
0.00683707
0.00633027
0.00580709
0.00509795
0.00683264
0.00737604
0.00785615
0.0082682
0.00862843
0.00895537
0.00923839
0.00946023
0.0096044
0.00966688
0.00966109
0.00960373
0.00951059
0.00939402
0.00926173
0.00911463
0.0089471
0.0087278
0.00859062
0.00865159
0.00890522
0.00929515
0.00977371
0.0103138
0.0109003
0.0115239
0.0121795
0.012866
0.0135854
0.0143516
0.0151868
0.0161515
0.0175582
0.0188093
0.0189527
0.0174088
0.0140552
0.0107662
0.0108306
0.0119352
0.0118561
0.0116894
0.012019
0.0126493
0.0125907
0.0123028
0.0120123
0.0117342
0.0114786
0.0112483
0.0110411
0.0108556
0.0106909
0.0105457
0.0104182
0.0103063
0.0102084
0.010121
0.010046
0.00993791
0.00510096
0.00645279
0.00771268
0.00881052
0.00970874
0.0103982
0.0108902
0.0112091
0.0113855
0.0114508
0.0114338
0.0113593
0.0112471
0.0111128
0.0109679
0.0108207
0.010677
0.0105405
0.0104135
0.0102971
0.0101915
0.0100966
0.0100117
0.00993593
0.00986822
0.00980748
0.00975262
0.0097026
0.00965649
0.00961346
0.00957283
0.00953405
0.00949674
0.00946063
0.00942557
0.00939155
0.00935865
0.00932704
0.009297
0.00926888
0.00924315
0.00922036
0.00920117
0.00918625
0.0091753
0.00916886
0.00916772
0.00917306
0.00918654
0.00921026
0.00924689
0.00929975
0.00937291
0.00947167
0.00960176
0.00977413
0.00998693
0.0103029
0.010493
0.0112797
0.0118366
0.00993841
0.00870449
0.00934336
0.0101507
0.0103812
0.01032
0.01018
0.0100423
0.00993247
0.00985775
0.00982002
0.00981851
0.00985151
0.00991761
0.0100173
0.0101493
0.0103464
0.0105206
0.0104298
0.00998521
0.00924935
0.00836661
0.00748853
0.0067146
0.00605114
0.00547279
0.0049093
0.00440577
0.00404253
0.00386624
0.00389149
0.00425139
0.00486972
0.00569829
0.00670799
0.00785554
0.00906928
0.0102674
0.0113951
0.0124332
0.0133585
0.0141235
0.0143148
0.0140154
0.0134952
0.0129521
0.0124622
0.0120332
0.011664
0.0113554
0.011103
0.0108979
0.0107307
0.0105937
0.0104811
0.0103878
0.0103134
0.010241
0.0102278
)
;
    }
    defaultFaces
    {
        type            empty;
    }
}


// ************************************************************************* //
