/*--------------------------------*- C++ -*----------------------------------*\
| =========                 |                                                 |
| \\      /  F ield         | OpenFOAM: The Open Source CFD Toolbox           |
|  \\    /   O peration     | Version:  2.4.0                                 |
|   \\  /    A nd           | Web:      www.OpenFOAM.org                      |
|    \\/     M anipulation  |                                                 |
\*---------------------------------------------------------------------------*/
FoamFile
{
    version     2.0;
    format      ascii;
    class       volScalarField;
    location    "1.61";
    object      epsilon;
}
// * * * * * * * * * * * * * * * * * * * * * * * * * * * * * * * * * * * * * //

dimensions      [0 2 -3 0 0 0 0];

internalField   nonuniform List<scalar> 
6000
(
0.0973386
0.138493
0.180973
0.220958
0.255594
0.283296
0.303639
0.317075
0.324589
0.327384
0.326656
0.323466
0.318686
0.312993
0.30689
0.300732
0.294759
0.289121
0.283906
0.279152
0.274864
0.271026
0.267605
0.26456
0.261844
0.25941
0.257211
0.255203
0.253345
0.251602
0.249943
0.248342
0.24678
0.24524
0.243708
0.242174
0.240629
0.239065
0.237473
0.235843
0.234161
0.23241
0.230569
0.228609
0.226492
0.224171
0.221583
0.218651
0.215278
0.21134
0.206686
0.201128
0.194445
0.186367
0.176619
0.164848
0.151054
0.134574
0.118238
0.0972507
0.0250664
0.0270522
0.0301034
0.0338734
0.0379301
0.0418889
0.045528
0.0487672
0.0516128
0.0541207
0.0563698
0.0584423
0.0604116
0.062336
0.0642572
0.0662003
0.0681758
0.0701819
0.0722065
0.0742306
0.0762299
0.0781777
0.0800469
0.0818118
0.0834497
0.0849423
0.0862762
0.0874435
0.0884417
0.0892731
0.0899446
0.0904669
0.0908532
0.0911189
0.0912804
0.0913547
0.0913587
0.0913088
0.0912209
0.0911102
0.0909914
0.090879
0.0907879
0.0907338
0.0907341
0.0908091
0.0909832
0.091287
0.0917595
0.0924515
0.0934311
0.0947911
0.0966605
0.099225
0.102751
0.107654
0.114511
0.124322
0.137709
0.168656
0.0219104
0.0195999
0.0179097
0.0167133
0.0158962
0.0153459
0.0149704
0.0147045
0.0145063
0.0143524
0.0142332
0.0141487
0.0141044
0.0141082
0.0141686
0.0142935
0.0144895
0.0147618
0.0151138
0.0155478
0.016064
0.0166616
0.0173381
0.0180899
0.0189119
0.019798
0.020741
0.0217326
0.0227641
0.023826
0.0249087
0.0260025
0.0270979
0.028186
0.0292586
0.0303084
0.0313293
0.0323164
0.0332664
0.0341774
0.0350492
0.0358834
0.0366832
0.0374539
0.0382033
0.0389412
0.0396812
0.0404404
0.041242
0.0421168
0.0431075
0.0442751
0.0457087
0.0475453
0.0499992
0.0534296
0.0584266
0.0661276
0.0782316
0.104434
0.0217582
0.0190981
0.0169124
0.0151094
0.0136187
0.0123813
0.011348
0.0104783
0.00973956
0.00910585
0.00855708
0.00807805
0.00765753
0.00728741
0.00696192
0.00667703
0.00643002
0.00621911
0.00604314
0.00590146
0.00579375
0.00571991
0.00567999
0.00567417
0.00570266
0.00576571
0.00586358
0.0059965
0.00616463
0.0063681
0.00660693
0.00688107
0.00719035
0.00753449
0.00791308
0.00832563
0.00877152
0.00925011
0.00976074
0.0103028
0.0108759
0.01148
0.0121153
0.0127832
0.0134858
0.0142268
0.0150118
0.0158494
0.0167517
0.0177362
0.0188281
0.0200633
0.0214949
0.0232032
0.0253142
0.0280372
0.0317366
0.0371266
0.0455959
0.0624555
0.0217509
0.019066
0.0168344
0.0149634
0.0133833
0.0120402
0.0108917
0.00990394
0.00904968
0.00830685
0.00765745
0.00708677
0.0065828
0.00613572
0.00573748
0.00538152
0.00506246
0.00477587
0.00451815
0.00428633
0.00407797
0.00389107
0.003724
0.00357542
0.00344425
0.00332963
0.00323088
0.0031475
0.00307911
0.00302548
0.00298649
0.00296214
0.00295256
0.00295796
0.00297869
0.00301524
0.00306821
0.00313841
0.00322681
0.00333466
0.00346351
0.00361531
0.00379254
0.00399837
0.0042369
0.00451346
0.00483506
0.005211
0.00565374
0.00618015
0.00681336
0.00758552
0.00854219
0.00974931
0.0113058
0.0133638
0.0161793
0.0201959
0.0263622
0.0373902
0.0217506
0.0190635
0.0168276
0.0149497
0.0133592
0.0120023
0.0108367
0.00982909
0.0089531
0.00818746
0.00751493
0.00692144
0.0063954
0.00592722
0.00550894
0.00513388
0.00479645
0.00449193
0.00421633
0.00396626
0.00373885
0.00353162
0.00334247
0.00316961
0.00301147
0.00286674
0.00273425
0.00261304
0.00250224
0.00240116
0.00230917
0.00222577
0.00215053
0.00208312
0.00202329
0.00197088
0.00192581
0.0018881
0.00185789
0.00183544
0.00182119
0.00181579
0.00182017
0.00183562
0.00186396
0.00190772
0.00197041
0.00205699
0.00217448
0.00233295
0.00254705
0.00283836
0.00323927
0.00379917
0.00459556
0.00575086
0.00747352
0.0101012
0.0143546
0.021704
0.0217505
0.019063
0.0168264
0.0149476
0.0133559
0.0119972
0.0108293
0.00981882
0.00893941
0.00816985
0.00749299
0.00689486
0.00636398
0.00589085
0.00546756
0.00508752
0.00474514
0.00443572
0.00415525
0.00390031
0.00366798
0.00345573
0.00326138
0.00308304
0.00291907
0.00276804
0.0026287
0.00249996
0.00238086
0.00227055
0.0021683
0.00207345
0.00198543
0.00190374
0.00182795
0.00175767
0.00169259
0.00163245
0.00157703
0.00152618
0.00147983
0.00143799
0.00140074
0.00136833
0.00134119
0.00132
0.00130583
0.00130032
0.00130598
0.0013267
0.00136859
0.00144139
0.00156096
0.00175367
0.00206464
0.00257168
0.00341779
0.00484951
0.00740936
0.0120314
0.0217505
0.0190628
0.0168258
0.0149465
0.0133545
0.0119955
0.0108272
0.00981625
0.00893631
0.00816614
0.00748859
0.00688968
0.00635793
0.00588386
0.00545958
0.00507848
0.00473501
0.00442446
0.00414284
0.00388672
0.00365317
0.00343968
0.00324404
0.00306436
0.00289898
0.00274647
0.00260555
0.0024751
0.00235414
0.00224181
0.00213733
0.00204001
0.00194926
0.00186452
0.00178532
0.00171123
0.00164186
0.00157687
0.00151597
0.0014589
0.00140544
0.0013554
0.00130865
0.00126511
0.00122475
0.00118766
0.00115403
0.00112428
0.0010991
0.00107973
0.00106825
0.00106823
0.00108597
0.00113283
0.00123002
0.00141771
0.00177674
0.00246131
0.00383049
0.00650644
0.0217505
0.0190626
0.0168253
0.0149458
0.0133535
0.0119943
0.0108258
0.00981472
0.00893466
0.00816437
0.0074867
0.00688766
0.00635578
0.00588157
0.00545713
0.00507586
0.00473221
0.00442146
0.00413963
0.00388329
0.0036495
0.00343575
0.00323985
0.00305989
0.00289422
0.00274139
0.00260013
0.00246931
0.00234796
0.00223519
0.00213023
0.00203239
0.00194105
0.00185566
0.00177573
0.00170081
0.00163051
0.00156447
0.00150237
0.00144391
0.00138884
0.00133694
0.00128799
0.00124183
0.00119832
0.00115734
0.00111886
0.00108289
0.00104956
0.00101918
0.000992396
0.000970392
0.000955458
0.000952024
0.000968991
0.00102472
0.00115938
0.00145857
0.0021343
0.00358857
0.0217505
0.0190624
0.0168249
0.0149451
0.0133527
0.0119933
0.0108246
0.00981349
0.00893335
0.008163
0.00748529
0.00688622
0.00635432
0.0058801
0.00545565
0.00507437
0.00473071
0.00441996
0.00413811
0.00388175
0.00364795
0.00343418
0.00323825
0.00305826
0.00289255
0.00273968
0.00259837
0.0024675
0.00234609
0.00223325
0.00212822
0.00203029
0.00193885
0.00185334
0.00177327
0.0016982
0.00162772
0.00156147
0.00149912
0.00144038
0.00138498
0.00133268
0.00128325
0.0012365
0.00119227
0.00115038
0.00111073
0.00107322
0.00103781
0.00100452
0.000973519
0.000945177
0.000920302
0.000900574
0.00088957
0.000895205
0.000935951
0.00105573
0.00136937
0.00212623
0.0217504
0.0190623
0.0168246
0.0149446
0.013352
0.0119925
0.0108237
0.00981245
0.00893224
0.00816185
0.0074841
0.00688502
0.00635311
0.00587889
0.00545445
0.00507319
0.00472954
0.0044188
0.00413698
0.00388064
0.00364686
0.00343311
0.00323719
0.00305722
0.00289153
0.00273867
0.00259738
0.00246652
0.00234512
0.00223229
0.00212726
0.00202933
0.00193789
0.00185238
0.0017723
0.00169722
0.00162672
0.00156045
0.00149807
0.00143929
0.00138383
0.00133146
0.00128195
0.0012351
0.00119072
0.00114866
0.00110876
0.0010709
0.001035
0.001001
0.000968918
0.000938857
0.000911122
0.000886389
0.000866134
0.000853756
0.000857427
0.000898666
0.00103579
0.00141636
0.0217504
0.0190622
0.0168243
0.0149442
0.0133514
0.0119917
0.0108229
0.00981155
0.00893128
0.00816085
0.00748307
0.00688398
0.00635207
0.00587784
0.00545341
0.00507217
0.00472854
0.00441782
0.00413601
0.0038797
0.00364594
0.00343221
0.00323632
0.00305637
0.00289071
0.00273787
0.0025966
0.00246576
0.00234438
0.00223157
0.00212656
0.00202864
0.00193722
0.00185172
0.00177166
0.00169659
0.00162611
0.00155984
0.00149748
0.0014387
0.00138326
0.00133089
0.00128138
0.00123453
0.00119014
0.00114805
0.00110812
0.00107021
0.00103423
0.00100009
0.000967764
0.000937289
0.000908802
0.000882633
0.000859481
0.000840921
0.0008306
0.00083888
0.00089408
0.00107947
0.0217504
0.0190622
0.0168241
0.0149439
0.0133509
0.0119911
0.0108222
0.00981078
0.00893045
0.00815998
0.00748218
0.00688307
0.00635115
0.00587693
0.00545251
0.00507127
0.00472766
0.00441696
0.00413518
0.00387888
0.00364514
0.00343144
0.00323557
0.00305564
0.00288999
0.00273718
0.00259593
0.00246511
0.00234375
0.00223096
0.00212596
0.00202807
0.00193666
0.00185118
0.00177114
0.00169608
0.00162561
0.00155936
0.00149701
0.00143825
0.00138282
0.00133047
0.00128098
0.00123414
0.00118976
0.00114769
0.00110777
0.00106988
0.0010339
0.000999757
0.00096741
0.000936868
0.000908222
0.000881688
0.00085769
0.000837099
0.000821685
0.000816536
0.000835034
0.000922361
0.0217504
0.0190621
0.0168239
0.0149436
0.0133505
0.0119906
0.0108216
0.00981011
0.00892974
0.00815922
0.0074814
0.00688228
0.00635035
0.00587614
0.00545172
0.00507049
0.00472689
0.00441621
0.00413444
0.00387816
0.00364445
0.00343076
0.00323491
0.003055
0.00288937
0.00273658
0.00259534
0.00246454
0.00234319
0.00223042
0.00212544
0.00202756
0.00193617
0.00185071
0.00177068
0.00169564
0.00162518
0.00155895
0.00149661
0.00143787
0.00138245
0.00133012
0.00128064
0.00123381
0.00118946
0.00114741
0.00110751
0.00106964
0.00103369
0.000999571
0.000967248
0.000936725
0.000908075
0.000881479
0.000857265
0.000836037
0.000818813
0.000808274
0.000810676
0.000849923
0.0217504
0.0190621
0.0168238
0.0149433
0.0133502
0.0119902
0.0108211
0.00980954
0.00892911
0.00815857
0.00748073
0.00688159
0.00634966
0.00587544
0.00545103
0.00506981
0.00472622
0.00441555
0.0041338
0.00387753
0.00364383
0.00343016
0.00323433
0.00305444
0.00288883
0.00273605
0.00259483
0.00246404
0.00234271
0.00222995
0.00212499
0.00202712
0.00193574
0.00185029
0.00177028
0.00169525
0.00162481
0.00155859
0.00149626
0.00143753
0.00138213
0.00132981
0.00128035
0.00123354
0.0011892
0.00114717
0.0011073
0.00106945
0.00103352
0.00099944
0.000967153
0.000936666
0.00090805
0.000881473
0.000857227
0.00083581
0.000817945
0.000805224
0.000800604
0.000816606
0.0217504
0.019062
0.0168237
0.0149431
0.0133499
0.0119898
0.0108206
0.00980904
0.00892858
0.008158
0.00748014
0.00688099
0.00634905
0.00587483
0.00545042
0.00506921
0.00472563
0.00441497
0.00413323
0.00387699
0.0036433
0.00342964
0.00323382
0.00305395
0.00288835
0.00273558
0.00259438
0.00246361
0.00234229
0.00222954
0.00212459
0.00202674
0.00193537
0.00184994
0.00176993
0.00169491
0.00162448
0.00155828
0.00149596
0.00143725
0.00138186
0.00132955
0.0012801
0.00123331
0.00118899
0.00114698
0.00110712
0.0010693
0.0010334
0.000999349
0.000967098
0.000936652
0.000908079
0.000881541
0.000857316
0.000835851
0.000817749
0.000804101
0.000796366
0.000801125
0.0217504
0.019062
0.0168236
0.0149429
0.0133496
0.0119895
0.0108203
0.00980861
0.00892811
0.00815751
0.00747963
0.00688046
0.00634852
0.00587431
0.0054499
0.0050687
0.00472512
0.00441447
0.00413274
0.00387651
0.00364283
0.00342919
0.00323338
0.00305352
0.00288793
0.00273518
0.00259399
0.00246323
0.00234192
0.00222919
0.00212425
0.00202641
0.00193505
0.00184962
0.00176963
0.00169462
0.0016242
0.00155801
0.0014957
0.001437
0.00138162
0.00132933
0.00127989
0.00123311
0.00118881
0.00114682
0.00110698
0.00106918
0.00103331
0.000999294
0.000967079
0.000936674
0.000908146
0.000881653
0.000857464
0.000835999
0.000817801
0.000803716
0.000794527
0.000793742
0.0217504
0.019062
0.0168235
0.0149428
0.0133494
0.0119892
0.0108199
0.00980825
0.00892772
0.00815709
0.00747919
0.00688002
0.00634807
0.00587385
0.00544945
0.00506825
0.00472468
0.00441404
0.00413232
0.00387609
0.00364243
0.0034288
0.003233
0.00305315
0.00288758
0.00273483
0.00259365
0.0024629
0.00234161
0.00222888
0.00212395
0.00202612
0.00193477
0.00184936
0.00176937
0.00169438
0.00162396
0.00155778
0.00149548
0.00143679
0.00138142
0.00132914
0.00127972
0.00123295
0.00118867
0.00114669
0.00110688
0.0010691
0.00103326
0.000999272
0.000967093
0.00093673
0.000908248
0.000881802
0.000857655
0.000836209
0.000817971
0.000803647
0.000793713
0.000790072
0.0217504
0.019062
0.0168235
0.0149427
0.0133492
0.011989
0.0108197
0.00980794
0.00892738
0.00815673
0.00747882
0.00687964
0.00634769
0.00587347
0.00544906
0.00506787
0.00472431
0.00441367
0.00413196
0.00387574
0.00364209
0.00342846
0.00323268
0.00305283
0.00288727
0.00273454
0.00259336
0.00246263
0.00234134
0.00222862
0.0021237
0.00202588
0.00193454
0.00184913
0.00176915
0.00169416
0.00162376
0.00155758
0.0014953
0.00143661
0.00138126
0.00132899
0.00127958
0.00123283
0.00118856
0.0011466
0.0011068
0.00106905
0.00103324
0.000999279
0.000967138
0.000936816
0.000908381
0.000881985
0.000857885
0.000836469
0.000818218
0.000803748
0.000793385
0.000788168
0.0217504
0.019062
0.0168234
0.0149426
0.0133491
0.0119888
0.0108194
0.00980769
0.0089271
0.00815644
0.00747851
0.00687932
0.00634736
0.00587314
0.00544874
0.00506755
0.00472399
0.00441337
0.00413166
0.00387545
0.0036418
0.00342818
0.00323241
0.00305257
0.00288701
0.00273429
0.00259312
0.00246239
0.00234111
0.0022284
0.00212349
0.00202567
0.00193434
0.00184894
0.00176897
0.00169399
0.0016236
0.00155742
0.00149515
0.00143647
0.00138113
0.00132886
0.00127947
0.00123273
0.00118847
0.00114653
0.00110676
0.00106903
0.00103324
0.000999315
0.00096721
0.000936931
0.000908544
0.0008822
0.000858151
0.000836774
0.000818529
0.000803969
0.000793333
0.000787172
0.0217504
0.019062
0.0168234
0.0149425
0.013349
0.0119887
0.0108193
0.00980748
0.00892687
0.00815619
0.00747826
0.00687906
0.0063471
0.00587288
0.00544848
0.00506729
0.00472374
0.00441311
0.00413141
0.00387521
0.00364156
0.00342795
0.00323218
0.00305235
0.0028868
0.00273409
0.00259293
0.0024622
0.00234093
0.00222822
0.00212332
0.00202551
0.00193418
0.00184879
0.00176882
0.00169385
0.00162346
0.0015573
0.00149503
0.00143636
0.00138102
0.00132877
0.00127938
0.00123266
0.00118842
0.00114649
0.00110674
0.00106903
0.00103327
0.000999377
0.000967309
0.000937072
0.000908734
0.000882444
0.000858451
0.000837121
0.000818901
0.000804291
0.000793476
0.000786709
0.0217504
0.0190619
0.0168234
0.0149424
0.0133489
0.0119885
0.0108191
0.00980732
0.0089267
0.008156
0.00747806
0.00687886
0.00634689
0.00587267
0.00544827
0.00506708
0.00472353
0.00441291
0.00413122
0.00387502
0.00364138
0.00342777
0.00323201
0.00305218
0.00288664
0.00273393
0.00259277
0.00246205
0.00234078
0.00222809
0.00212318
0.00202538
0.00193406
0.00184867
0.00176871
0.00169374
0.00162336
0.0015572
0.00149494
0.00143628
0.00138095
0.00132871
0.00127933
0.00123262
0.00118839
0.00114648
0.00110674
0.00106906
0.00103333
0.000999463
0.000967432
0.000937239
0.00090895
0.000882715
0.000858782
0.00083751
0.000819331
0.000804708
0.000793783
0.000786616
0.0217504
0.0190619
0.0168233
0.0149424
0.0133488
0.0119885
0.010819
0.0098072
0.00892656
0.00815586
0.00747791
0.0068787
0.00634674
0.00587251
0.00544812
0.00506693
0.00472338
0.00441277
0.00413107
0.00387487
0.00364124
0.00342764
0.00323188
0.00305206
0.00288652
0.00273381
0.00259266
0.00246194
0.00234068
0.00222798
0.00212308
0.00202528
0.00193397
0.00184858
0.00176863
0.00169366
0.00162329
0.00155713
0.00149488
0.00143622
0.0013809
0.00132867
0.0012793
0.0012326
0.00118838
0.00114649
0.00110677
0.00106911
0.0010334
0.000999572
0.000967578
0.000937428
0.00090919
0.000883013
0.000859144
0.000837938
0.000819818
0.000805217
0.000794244
0.00078682
0.0217504
0.0190619
0.0168233
0.0149424
0.0133488
0.0119884
0.0108189
0.00980712
0.00892648
0.00815577
0.00747781
0.0068786
0.00634664
0.00587241
0.00544802
0.00506683
0.00472328
0.00441267
0.00413098
0.00387478
0.00364115
0.00342755
0.00323179
0.00305197
0.00288644
0.00273373
0.00259258
0.00246187
0.00234061
0.00222792
0.00212302
0.00202522
0.00193391
0.00184853
0.00176858
0.00169362
0.00162324
0.0015571
0.00149484
0.0014362
0.00138088
0.00132865
0.0012793
0.00123261
0.0011884
0.00114652
0.00110683
0.00106919
0.0010335
0.000999703
0.000967746
0.00093764
0.000909453
0.000883336
0.000859536
0.000838405
0.000820361
0.000805817
0.000794854
0.000787289
0.0217504
0.0190619
0.0168233
0.0149423
0.0133488
0.0119884
0.0108189
0.00980708
0.00892643
0.00815572
0.00747777
0.00687855
0.00634659
0.00587236
0.00544797
0.00506678
0.00472324
0.00441262
0.00413093
0.00387474
0.00364111
0.00342751
0.00323175
0.00305193
0.0028864
0.00273369
0.00259255
0.00246184
0.00234057
0.00222788
0.00212299
0.00202519
0.00193388
0.0018485
0.00176856
0.0016936
0.00162323
0.00155708
0.00149484
0.0014362
0.00138089
0.00132867
0.00127932
0.00123264
0.00118845
0.00114658
0.0011069
0.00106928
0.00103363
0.000999856
0.000967935
0.000937872
0.000909737
0.000883682
0.000859955
0.000838909
0.00082096
0.000806509
0.000795612
0.000788013
0.0217504
0.0190619
0.0168233
0.0149423
0.0133488
0.0119884
0.0108189
0.00980708
0.00892643
0.00815572
0.00747777
0.00687855
0.00634659
0.00587236
0.00544797
0.00506678
0.00472324
0.00441262
0.00413093
0.00387474
0.00364111
0.00342751
0.00323175
0.00305193
0.0028864
0.00273369
0.00259255
0.00246184
0.00234058
0.00222789
0.00212299
0.0020252
0.00193389
0.00184851
0.00176857
0.00169361
0.00162324
0.0015571
0.00149486
0.00143622
0.00138092
0.0013287
0.00127936
0.00123269
0.00118851
0.00114666
0.001107
0.0010694
0.00103377
0.00100003
0.000968143
0.000938124
0.000910042
0.000884051
0.000860401
0.000839449
0.000821615
0.000807291
0.000796521
0.000788989
0.0217504
0.0190619
0.0168233
0.0149424
0.0133488
0.0119884
0.0108189
0.00980712
0.00892648
0.00815577
0.00747781
0.0068786
0.00634664
0.00587241
0.00544802
0.00506683
0.00472329
0.00441267
0.00413098
0.00387478
0.00364115
0.00342755
0.0032318
0.00305198
0.00288644
0.00273374
0.00259259
0.00246188
0.00234062
0.00222793
0.00212303
0.00202524
0.00193393
0.00184855
0.00176861
0.00169365
0.00162329
0.00155715
0.00149491
0.00143627
0.00138097
0.00132877
0.00127943
0.00123277
0.0011886
0.00114676
0.00110712
0.00106954
0.00103393
0.00100022
0.000968371
0.000938396
0.000910367
0.00088444
0.000860872
0.000840025
0.000822324
0.000808167
0.000797584
0.000790221
0.0217504
0.0190619
0.0168233
0.0149424
0.0133488
0.0119885
0.010819
0.0098072
0.00892656
0.00815586
0.00747791
0.0068787
0.00634674
0.00587252
0.00544812
0.00506693
0.00472339
0.00441277
0.00413107
0.00387488
0.00364125
0.00342764
0.00323188
0.00305206
0.00288653
0.00273382
0.00259267
0.00246196
0.00234069
0.002228
0.00212311
0.00202531
0.001934
0.00184862
0.00176868
0.00169372
0.00162336
0.00155722
0.00149498
0.00143635
0.00138105
0.00132885
0.00127952
0.00123287
0.00118871
0.00114689
0.00110726
0.0010697
0.00103411
0.00100043
0.000968618
0.000938686
0.00091071
0.000884851
0.000861368
0.000840635
0.000823088
0.000809137
0.000798806
0.000791718
0.0217504
0.0190619
0.0168234
0.0149424
0.0133489
0.0119885
0.0108191
0.00980732
0.0089267
0.008156
0.00747806
0.00687886
0.0063469
0.00587267
0.00544827
0.00506708
0.00472354
0.00441292
0.00413122
0.00387502
0.00364138
0.00342778
0.00323202
0.00305219
0.00288665
0.00273394
0.00259279
0.00246207
0.00234081
0.00222811
0.00212321
0.00202542
0.00193411
0.00184872
0.00176878
0.00169382
0.00162346
0.00155732
0.00149509
0.00143646
0.00138116
0.00132896
0.00127964
0.001233
0.00118885
0.00114704
0.00110742
0.00106988
0.00103432
0.00100066
0.000968884
0.000938994
0.000911072
0.000885281
0.000861889
0.00084128
0.000823906
0.000810203
0.000800192
0.000793495
0.0217504
0.019062
0.0168234
0.0149425
0.013349
0.0119887
0.0108193
0.00980748
0.00892687
0.00815619
0.00747826
0.00687906
0.0063471
0.00587288
0.00544848
0.00506729
0.00472374
0.00441312
0.00413142
0.00387521
0.00364157
0.00342796
0.00323219
0.00305237
0.00288682
0.0027341
0.00259295
0.00246223
0.00234096
0.00222826
0.00212336
0.00202556
0.00193424
0.00184886
0.00176891
0.00169396
0.00162359
0.00155745
0.00149522
0.00143659
0.0013813
0.0013291
0.00127978
0.00123315
0.00118901
0.0011472
0.0011076
0.00107008
0.00103454
0.00100091
0.000969168
0.00093932
0.000911451
0.00088573
0.000862432
0.000841958
0.00082478
0.000811369
0.000801751
0.000795572
0.0217504
0.019062
0.0168234
0.0149426
0.0133491
0.0119888
0.0108194
0.00980769
0.0089271
0.00815644
0.00747851
0.00687932
0.00634737
0.00587314
0.00544875
0.00506755
0.004724
0.00441337
0.00413166
0.00387546
0.00364181
0.00342819
0.00323242
0.00305258
0.00288703
0.00273431
0.00259315
0.00246242
0.00234115
0.00222845
0.00212354
0.00202574
0.00193442
0.00184903
0.00176908
0.00169412
0.00162375
0.00155761
0.00149538
0.00143675
0.00138146
0.00132927
0.00127995
0.00123332
0.00118919
0.0011474
0.00110781
0.0010703
0.00103478
0.00100118
0.000969471
0.000939665
0.000911849
0.000886198
0.000862998
0.000842668
0.00082571
0.000812639
0.000803493
0.000797978
0.0217504
0.019062
0.0168235
0.0149427
0.0133492
0.011989
0.0108197
0.00980794
0.00892738
0.00815673
0.00747882
0.00687964
0.00634769
0.00587347
0.00544907
0.00506787
0.00472431
0.00441368
0.00413197
0.00387575
0.0036421
0.00342847
0.00323269
0.00305285
0.00288729
0.00273456
0.00259339
0.00246266
0.00234138
0.00222867
0.00212376
0.00202595
0.00193463
0.00184923
0.00176928
0.00169432
0.00162395
0.00155781
0.00149557
0.00143694
0.00138165
0.00132946
0.00128015
0.00123352
0.00118939
0.00114761
0.00110804
0.00107055
0.00103505
0.00100147
0.000969793
0.000940027
0.000912264
0.000886685
0.000863587
0.000843412
0.000826696
0.000814018
0.00080543
0.000800748
0.0217504
0.019062
0.0168235
0.0149428
0.0133494
0.0119892
0.0108199
0.00980825
0.00892772
0.00815709
0.00747919
0.00688002
0.00634808
0.00587385
0.00544945
0.00506825
0.00472469
0.00441405
0.00413233
0.0038761
0.00364244
0.00342881
0.00323302
0.00305317
0.0028876
0.00273486
0.00259368
0.00246294
0.00234166
0.00222894
0.00212402
0.0020262
0.00193487
0.00184948
0.00176952
0.00169455
0.00162418
0.00155803
0.00149579
0.00143716
0.00138187
0.00132968
0.00128037
0.00123375
0.00118963
0.00114786
0.00110829
0.00107082
0.00103533
0.00100178
0.000970135
0.000940409
0.000912698
0.00088719
0.000864197
0.000844188
0.000827738
0.000815512
0.000807576
0.000803929
0.0217504
0.019062
0.0168236
0.0149429
0.0133496
0.0119895
0.0108203
0.00980861
0.00892811
0.00815751
0.00747963
0.00688047
0.00634853
0.00587431
0.00544991
0.0050687
0.00472513
0.00441448
0.00413275
0.00387652
0.00364285
0.0034292
0.0032334
0.00305354
0.00288796
0.00273521
0.00259402
0.00246328
0.00234198
0.00222925
0.00212433
0.0020265
0.00193516
0.00184976
0.00176979
0.00169482
0.00162444
0.00155829
0.00149605
0.00143741
0.00138212
0.00132993
0.00128063
0.00123401
0.00118989
0.00114812
0.00110857
0.00107111
0.00103565
0.00100212
0.000970498
0.00094081
0.000913151
0.000887715
0.00086483
0.000844997
0.000828839
0.000817127
0.000809949
0.00080758
0.0217504
0.019062
0.0168237
0.0149431
0.0133499
0.0119898
0.0108206
0.00980904
0.00892858
0.008158
0.00748014
0.00688099
0.00634905
0.00587484
0.00545043
0.00506922
0.00472564
0.00441498
0.00413324
0.003877
0.00364331
0.00342966
0.00323384
0.00305397
0.00288838
0.00273562
0.00259442
0.00246366
0.00234235
0.00222962
0.00212468
0.00202684
0.0019355
0.00185009
0.00177011
0.00169513
0.00162475
0.00155859
0.00149634
0.00143771
0.00138241
0.00133022
0.00128091
0.00123429
0.00119018
0.00114842
0.00110888
0.00107143
0.00103598
0.00100248
0.000970884
0.000941233
0.000913623
0.000888259
0.000865485
0.000845838
0.000829999
0.000818872
0.000812568
0.00081178
0.0217504
0.0190621
0.0168238
0.0149433
0.0133502
0.0119902
0.0108211
0.00980954
0.00892912
0.00815857
0.00748073
0.00688159
0.00634966
0.00587544
0.00545103
0.00506982
0.00472623
0.00441556
0.00413381
0.00387755
0.00364385
0.00343018
0.00323435
0.00305446
0.00288886
0.00273608
0.00259487
0.0024641
0.00234278
0.00223003
0.00212508
0.00202724
0.00193588
0.00185046
0.00177048
0.00169549
0.00162509
0.00155893
0.00149668
0.00143804
0.00138274
0.00133055
0.00128124
0.00123462
0.00119051
0.00114876
0.00110922
0.00107178
0.00103635
0.00100286
0.000971295
0.000941679
0.000914118
0.000888825
0.000866163
0.000846712
0.000831218
0.000820757
0.000815457
0.000816633
0.0217504
0.0190621
0.0168239
0.0149436
0.0133505
0.0119906
0.0108216
0.00981011
0.00892974
0.00815923
0.00748141
0.00688228
0.00635036
0.00587614
0.00545173
0.0050705
0.0047269
0.00441622
0.00413445
0.00387818
0.00364446
0.00343078
0.00323493
0.00305503
0.00288941
0.00273662
0.00259539
0.0024646
0.00234327
0.00223051
0.00212554
0.00202769
0.00193632
0.00185089
0.00177089
0.00169589
0.00162549
0.00155932
0.00149706
0.00143841
0.00138311
0.00133091
0.0012816
0.00123498
0.00119087
0.00114912
0.00110959
0.00107216
0.00103674
0.00100327
0.000971733
0.00094215
0.000914636
0.000889413
0.000866865
0.00084762
0.000832499
0.000822792
0.000818642
0.000822275
0.0217504
0.0190622
0.0168241
0.0149439
0.0133509
0.0119911
0.0108222
0.00981078
0.00893046
0.00815998
0.00748218
0.00688307
0.00635116
0.00587694
0.00545252
0.00507128
0.00472767
0.00441697
0.00413519
0.0038789
0.00364516
0.00343146
0.0032356
0.00305567
0.00289003
0.00273723
0.00259598
0.00246518
0.00234382
0.00223105
0.00212607
0.0020282
0.00193682
0.00185137
0.00177137
0.00169636
0.00162594
0.00155976
0.00149749
0.00143884
0.00138353
0.00133132
0.00128201
0.00123539
0.00119128
0.00114953
0.00111
0.00107258
0.00103717
0.00100372
0.000972202
0.000942651
0.000915182
0.000890028
0.000867595
0.000848563
0.000833845
0.000824992
0.000822157
0.000828893
0.0217504
0.0190622
0.0168243
0.0149442
0.0133514
0.0119917
0.0108229
0.00981155
0.00893128
0.00816085
0.00748308
0.00688398
0.00635207
0.00587785
0.00545342
0.00507217
0.00472855
0.00441783
0.00413603
0.00387972
0.00364596
0.00343224
0.00323635
0.00305641
0.00289075
0.00273792
0.00259665
0.00246583
0.00234446
0.00223167
0.00212667
0.00202878
0.00193739
0.00185193
0.00177191
0.00169689
0.00162646
0.00156027
0.00149799
0.00143932
0.00138401
0.0013318
0.00128248
0.00123585
0.00119174
0.00114999
0.00111047
0.00107305
0.00103766
0.00100422
0.000972724
0.000943203
0.000915777
0.000890691
0.000868372
0.000849561
0.000835271
0.000827383
0.000826047
0.000836755
0.0217504
0.0190623
0.0168246
0.0149446
0.013352
0.0119925
0.0108237
0.00981245
0.00893224
0.00816185
0.00748411
0.00688502
0.00635312
0.00587889
0.00545446
0.0050732
0.00472955
0.00441882
0.00413699
0.00388066
0.00364688
0.00343313
0.00323722
0.00305726
0.00289157
0.00273872
0.00259744
0.00246659
0.0023452
0.00223239
0.00212738
0.00202948
0.00193806
0.00185259
0.00177256
0.00169752
0.00162709
0.00156089
0.0014986
0.00143993
0.00138461
0.0013324
0.00128308
0.00123645
0.00119234
0.0011506
0.00111109
0.00107368
0.00103831
0.00100489
0.00097342
0.000943932
0.000916549
0.000891527
0.000869317
0.000850723
0.000836878
0.000830062
0.00083042
0.000846271
0.0217505
0.0190624
0.0168249
0.0149451
0.0133527
0.0119933
0.0108247
0.0098135
0.00893335
0.00816301
0.00748529
0.00688623
0.00635433
0.0058801
0.00545566
0.00507438
0.00473072
0.00441997
0.00413812
0.00388177
0.00364797
0.0034342
0.00323828
0.00305829
0.00289259
0.00273973
0.00259843
0.00246758
0.00234618
0.00223336
0.00212834
0.00203044
0.00193903
0.00185355
0.00177353
0.00169851
0.00162808
0.0015619
0.00149964
0.00144099
0.0013857
0.00133352
0.00128423
0.00123764
0.00119358
0.00115188
0.00111241
0.00107506
0.00103974
0.00100638
0.000974958
0.000945522
0.000918189
0.00089322
0.00087109
0.000852666
0.000839218
0.000833511
0.000835698
0.000858241
0.0217505
0.0190626
0.0168253
0.0149458
0.0133535
0.0119943
0.0108258
0.00981472
0.00893466
0.00816437
0.0074867
0.00688766
0.00635578
0.00588157
0.00545714
0.00507587
0.00473222
0.00442148
0.00413964
0.00388331
0.00364953
0.00343578
0.00323988
0.00305993
0.00289426
0.00274144
0.00260019
0.00246939
0.00234805
0.00223529
0.00213035
0.00203253
0.00194121
0.00185585
0.00177594
0.00170105
0.00163078
0.00156476
0.00150268
0.00144423
0.00138915
0.00133719
0.00128813
0.00124177
0.00119792
0.00115646
0.00111723
0.00108012
0.00104503
0.00101189
0.000980672
0.000951391
0.000924158
0.000899222
0.000877058
0.00085858
0.000845205
0.000840263
0.000843976
0.000874979
0.0217505
0.0190628
0.0168258
0.0149465
0.0133545
0.0119955
0.0108272
0.00981625
0.00893631
0.00816614
0.00748859
0.00688968
0.00635793
0.00588386
0.00545959
0.00507849
0.00473502
0.00442448
0.00414285
0.00388674
0.0036532
0.0034397
0.00324406
0.00306439
0.00289902
0.00274651
0.00260559
0.00247515
0.0023542
0.00224186
0.00213738
0.00204006
0.00194929
0.00186453
0.00178529
0.00171112
0.00164164
0.00157649
0.00151533
0.00145789
0.00140387
0.00135302
0.00130511
0.00125989
0.00121711
0.00117674
0.00113864
0.00110266
0.00106869
0.0010366
0.00100632
0.000977802
0.000951055
0.000926231
0.000903707
0.00088433
0.000869585
0.000863374
0.000866098
0.000905951
0.0217505
0.019063
0.0168264
0.0149476
0.0133559
0.0119972
0.0108293
0.00981883
0.00893942
0.00816985
0.007493
0.00689487
0.00636398
0.00589085
0.00546757
0.00508752
0.00474515
0.00443573
0.00415526
0.00390032
0.00366799
0.00345574
0.00326139
0.00308304
0.00291907
0.00276803
0.00262868
0.00249991
0.00238078
0.00227042
0.00216808
0.00207312
0.00198494
0.00190302
0.00182689
0.00175613
0.00169037
0.00162927
0.00157249
0.00151974
0.00147072
0.00142511
0.00138262
0.00134289
0.00130553
0.00127025
0.00123745
0.00120695
0.00117851
0.00115185
0.00112661
0.00110239
0.00107875
0.00105529
0.00103176
0.00100837
0.000986113
0.000969038
0.000957605
0.00099597
0.0217506
0.0190635
0.0168276
0.0149497
0.0133592
0.0120023
0.0108367
0.00982909
0.0089531
0.00818746
0.00751494
0.00692144
0.0063954
0.00592723
0.00550894
0.00513388
0.00479645
0.00449192
0.00421632
0.00396624
0.00373881
0.00353157
0.0033424
0.0031695
0.00301132
0.00286651
0.00273392
0.00261257
0.00250158
0.00240022
0.00230784
0.00222389
0.00214789
0.00207942
0.0020181
0.00196361
0.00191565
0.00187392
0.00183814
0.00180797
0.00178306
0.00176295
0.00174709
0.00173474
0.00172498
0.00171618
0.00171074
0.00170912
0.00171035
0.00171307
0.00171543
0.00171508
0.00170915
0.00169441
0.00166748
0.00162527
0.00156559
0.00149017
0.00139746
0.00136108
0.0217509
0.019066
0.0168344
0.0149634
0.0133833
0.0120402
0.0108917
0.00990394
0.00904968
0.00830685
0.00765744
0.00708676
0.00658279
0.0061357
0.00573746
0.00538148
0.0050624
0.00477579
0.00451804
0.00428618
0.00407776
0.00389078
0.00372359
0.00357484
0.00344345
0.00332852
0.00322934
0.00314535
0.00307612
0.00302132
0.00298072
0.00295415
0.0029415
0.00294268
0.00295763
0.00298626
0.00302844
0.00308396
0.00315247
0.00323344
0.00332607
0.00342927
0.00354149
0.00366069
0.0037841
0.00390803
0.00403469
0.00416809
0.00430228
0.0044298
0.00454157
0.00462701
0.00467411
0.0046698
0.00460034
0.00445188
0.00421038
0.00386454
0.00339643
0.00293411
0.0217582
0.0190981
0.0169124
0.0151094
0.0136187
0.0123813
0.011348
0.0104783
0.00973954
0.00910583
0.00855704
0.00807799
0.00765746
0.00728731
0.00696177
0.00667683
0.00642976
0.00621874
0.00604263
0.00590077
0.0057928
0.0057186
0.0056782
0.00567171
0.00569929
0.0057611
0.00585728
0.00598791
0.00615295
0.00635226
0.00658552
0.00685223
0.00715162
0.00748265
0.00784397
0.00823382
0.00865001
0.00908989
0.00955026
0.0100273
0.0105168
0.0110135
0.0115118
0.0120052
0.0124861
0.0129461
0.0133941
0.0138123
0.0141832
0.0144882
0.0147073
0.0148198
0.0148032
0.0146333
0.0142829
0.0137199
0.0129018
0.011762
0.0101915
0.008316
0.0219104
0.0195999
0.0179097
0.0167133
0.0158962
0.0153459
0.0149703
0.0147044
0.0145063
0.0143523
0.014233
0.0141485
0.0141041
0.0141078
0.014168
0.0142927
0.0144884
0.0147603
0.0151118
0.015545
0.0160603
0.0166566
0.0173315
0.0180812
0.0189004
0.0197829
0.0207212
0.0217068
0.0227306
0.0237827
0.024853
0.0259312
0.027007
0.0280706
0.0291126
0.0301242
0.0310978
0.0320261
0.0329033
0.0337241
0.0344842
0.0351802
0.0358093
0.0363692
0.036854
0.0372774
0.0376174
0.0378531
0.0379738
0.0379677
0.0378214
0.0375177
0.0370347
0.036343
0.0354023
0.0341515
0.0324982
0.0302247
0.0269604
0.0222405
0.0250664
0.0270522
0.0301034
0.0338734
0.0379301
0.0418888
0.0455279
0.048767
0.0516125
0.0541203
0.0563692
0.0584415
0.0604104
0.0623345
0.0642551
0.0661975
0.0681721
0.0701769
0.0722001
0.0742222
0.076219
0.0781636
0.0800288
0.0817886
0.0834201
0.0849048
0.0862287
0.0873836
0.0883662
0.0891783
0.0898256
0.0903177
0.0906662
0.0908847
0.0909871
0.0909874
0.0908986
0.0907324
0.0904989
0.0902055
0.0898579
0.0894593
0.089012
0.0885263
0.0880502
0.0875601
0.0870348
0.0864791
0.0858923
0.0852688
0.0845987
0.0838669
0.0830525
0.0821239
0.0810384
0.0796993
0.0780366
0.0753691
0.071818
0.0615656
0.0973386
0.138493
0.180973
0.220958
0.255594
0.283296
0.303639
0.317075
0.32459
0.327386
0.326659
0.323469
0.31869
0.312998
0.306897
0.30074
0.29477
0.289135
0.283924
0.279175
0.274893
0.271062
0.267651
0.264618
0.261918
0.259503
0.257329
0.255352
0.253534
0.251841
0.250246
0.248727
0.247268
0.245859
0.244494
0.243171
0.241895
0.24067
0.239508
0.238423
0.237431
0.236553
0.235814
0.235241
0.234821
0.234574
0.234529
0.234734
0.235252
0.236164
0.237574
0.239613
0.242446
0.246288
0.251379
0.258178
0.266655
0.279408
0.287179
0.32007
0.158971
0.17817
0.19573
0.211241
0.225138
0.238031
0.249416
0.258506
0.264533
0.267257
0.2672
0.265051
0.261475
0.256998
0.251951
0.246382
0.240081
0.232069
0.229304
0.234671
0.24758
0.265994
0.288054
0.312575
0.338764
0.365998
0.393828
0.422021
0.450616
0.480509
0.513439
0.553896
0.620878
0.689318
0.711245
0.649632
0.493565
0.344432
0.354233
0.41674
0.413965
0.397992
0.401321
0.419442
0.413689
0.399499
0.38546
0.372313
0.360514
0.350117
0.340937
0.332836
0.325723
0.319499
0.314053
0.30927
0.305059
0.301253
0.298002
0.293197
0.159239
0.126388
0.104437
0.0921701
0.0855877
0.0821497
0.0805514
0.0800757
0.0806553
0.0819717
0.0836786
0.0855954
0.0876433
0.0898028
0.0921056
0.0946804
0.0979614
0.102892
0.105734
0.105456
0.103076
0.100187
0.0975946
0.0954005
0.0933947
0.0912914
0.0888427
0.0859016
0.0824329
0.0787155
0.0753483
0.0734288
0.0747239
0.0972888
0.148425
0.229296
0.396949
0.785507
1.1807
1.1065
0.802668
0.574666
0.455372
0.390447
0.344116
0.304575
0.272649
0.246598
0.224883
0.206672
0.19139
0.178544
0.167716
0.158567
0.150818
0.144243
0.138636
0.133931
0.129653
0.127979
0.0950771
0.0795317
0.0669039
0.0582978
0.0524615
0.0483906
0.0455287
0.0435722
0.0422918
0.041576
0.0412378
0.0412102
0.0414693
0.0420079
0.042835
0.0440017
0.0456938
0.0482768
0.0499785
0.0509914
0.0507469
0.049461
0.0474856
0.0450535
0.0422861
0.0392448
0.0359775
0.0325567
0.0291066
0.0258099
0.0229136
0.0207073
0.0193745
0.0215995
0.0354864
0.0672032
0.134107
0.30136
0.605396
0.860765
0.862824
0.710055
0.563517
0.461269
0.392084
0.335307
0.289463
0.252387
0.222011
0.196951
0.176216
0.159004
0.144657
0.132647
0.122552
0.114033
0.106811
0.100702
0.0954517
0.0914784
0.0540334
0.0461512
0.0398242
0.0354487
0.0323902
0.030143
0.0284531
0.0271905
0.0262579
0.0255952
0.0251391
0.0248555
0.0247327
0.0247753
0.0250032
0.0254658
0.0262899
0.0276543
0.0284601
0.0288396
0.0286366
0.0278623
0.0266121
0.0249808
0.0230559
0.0209231
0.0186736
0.0164109
0.0142535
0.01233
0.01076
0.00964812
0.00899772
0.00919131
0.0126629
0.0241147
0.0513545
0.116258
0.25207
0.461368
0.651386
0.693131
0.60877
0.499514
0.421955
0.358704
0.306849
0.264423
0.229508
0.200669
0.176804
0.157005
0.140521
0.12674
0.11517
0.105417
0.0971594
0.0901498
0.0842191
0.079192
0.0306138
0.0256274
0.0219445
0.0195369
0.0179732
0.0169177
0.0161951
0.0157097
0.0153972
0.0152153
0.0151285
0.0151116
0.0151567
0.0152688
0.0154664
0.0157898
0.0163279
0.0171882
0.0176333
0.0176927
0.0173745
0.0167251
0.015804
0.0146588
0.0133385
0.011903
0.0104247
0.00898633
0.00767486
0.00657107
0.00573562
0.00520772
0.00496952
0.00513049
0.00633289
0.0106738
0.022501
0.0504707
0.107686
0.208089
0.352756
0.480488
0.508627
0.439954
0.379874
0.328834
0.285301
0.248427
0.217195
0.190759
0.16842
0.149553
0.133605
0.120102
0.108642
0.0988922
0.0905768
0.083462
0.0774346
0.0722077
0.0169848
0.0138053
0.0115494
0.0100876
0.00915723
0.00855806
0.00818313
0.00797368
0.00788981
0.00791178
0.00801767
0.00818085
0.00838709
0.00863274
0.00892568
0.00929095
0.00978649
0.0104766
0.0108148
0.0108118
0.0105183
0.00999585
0.009304
0.0084855
0.00757981
0.00663267
0.00569749
0.00483148
0.00408821
0.00350965
0.00312062
0.0029325
0.0029482
0.00321114
0.00388215
0.00576807
0.0111888
0.0243557
0.0504355
0.09429
0.161237
0.241487
0.299416
0.281368
0.255485
0.231514
0.209507
0.189477
0.171256
0.154736
0.139872
0.126603
0.114837
0.104458
0.0953386
0.0873504
0.0803684
0.0742677
0.0690136
0.0644532
0.00911646
0.00727376
0.00600403
0.00517284
0.00462995
0.00426555
0.00402149
0.00386769
0.00378581
0.00377562
0.00383284
0.00394421
0.00410196
0.00430352
0.00455301
0.00486563
0.00527791
0.0058267
0.00609195
0.00610132
0.0059074
0.00555824
0.00510312
0.00458003
0.00402251
0.00346513
0.00294337
0.00249028
0.0021322
0.0018864
0.00176116
0.00176018
0.00190274
0.00221689
0.00272667
0.00371631
0.00635815
0.0129449
0.025854
0.0461392
0.0736455
0.102998
0.121775
0.118026
0.112202
0.10796
0.104668
0.101745
0.0986661
0.0951223
0.091059
0.0865839
0.0818715
0.0771007
0.0724213
0.0679426
0.063738
0.0598455
0.0563333
0.0532966
0.00488549
0.00391067
0.0032537
0.00281896
0.00252738
0.00232247
0.00217391
0.00206619
0.00199034
0.00194767
0.00193948
0.00196213
0.00201461
0.00209848
0.00221899
0.00238779
0.0026294
0.00296662
0.00311365
0.00311099
0.00300035
0.00280692
0.00255971
0.00228328
0.00199934
0.00172848
0.00148969
0.00129881
0.00116758
0.00110399
0.0011131
0.0011991
0.00139078
0.00171054
0.00213543
0.002761
0.00415157
0.00760559
0.0144119
0.0245972
0.0365087
0.0454058
0.0432468
0.0378074
0.034443
0.0328662
0.0326991
0.0336142
0.0352512
0.037228
0.0391881
0.0408433
0.0420044
0.0425933
0.0426291
0.042194
0.0414014
0.0403659
0.0392098
0.0382356
0.00275757
0.00227009
0.00194235
0.00172098
0.00156794
0.00145589
0.00136995
0.00130239
0.00124868
0.00120862
0.00118299
0.00117054
0.0011715
0.00118754
0.00122236
0.00128323
0.00138445
0.00153924
0.00158963
0.00156814
0.00150268
0.00140468
0.00128726
0.00116197
0.00103913
0.000928455
0.000838839
0.000778095
0.00075297
0.000769503
0.000833039
0.00094881
0.00114837
0.00145026
0.00181366
0.00226726
0.00307526
0.00496835
0.008733
0.0142278
0.0199521
0.0227935
0.0192407
0.0152267
0.0127332
0.0110509
0.0100105
0.00951714
0.00951522
0.00996319
0.0108125
0.0119914
0.013399
0.0149135
0.0164111
0.0177849
0.0189612
0.0199048
0.0206149
0.0213628
0.00172304
0.00148524
0.00132064
0.00120457
0.00112021
0.00105503
0.0010022
0.000958188
0.000920837
0.000889689
0.000865003
0.000846031
0.000832785
0.000826005
0.000827433
0.000840537
0.000872125
0.00092827
0.000935192
0.000911113
0.000870793
0.000819724
0.000763572
0.000707313
0.000655602
0.000613137
0.000584754
0.000575476
0.000590574
0.000635564
0.000715732
0.000836195
0.00102764
0.00130598
0.00162354
0.00198274
0.00250618
0.00359915
0.00576151
0.00890017
0.0119524
0.0130792
0.0110671
0.00877943
0.00730126
0.00619211
0.00535482
0.00472665
0.00426802
0.00395756
0.00378795
0.00376094
0.00388154
0.00415191
0.00456621
0.00510768
0.00574929
0.00645837
0.00719693
0.00807295
0.00122798
0.00111209
0.0010255
0.00095955
0.000907709
0.000864626
0.000827522
0.000794975
0.000766062
0.000740492
0.000718412
0.00069936
0.000683234
0.000670275
0.000661185
0.000657433
0.000661915
0.000676716
0.000669663
0.000649776
0.000623723
0.0005942
0.000563883
0.000535286
0.000511059
0.000494226
0.000488319
0.000497448
0.000526267
0.000579764
0.000662643
0.000779335
0.000958504
0.00121465
0.00149893
0.0018012
0.00217604
0.0028479
0.00413403
0.0060046
0.00777587
0.00836552
0.00730146
0.00599911
0.00512494
0.00444058
0.00389684
0.00345932
0.00310325
0.00281142
0.00257269
0.00238056
0.00223201
0.00212671
0.00206626
0.00205332
0.00209053
0.00217983
0.0023202
0.00254488
0.000993721
0.0009356
0.00088564
0.000843114
0.000806373
0.000773437
0.000743479
0.000716114
0.000691024
0.000668079
0.000647399
0.000628724
0.000611965
0.000597191
0.000584686
0.00057508
0.000569596
0.000568562
0.000557665
0.000541542
0.000523013
0.000503388
0.000484103
0.000466765
0.000453363
0.0004464
0.000448973
0.000464798
0.000498086
0.000553231
0.000634208
0.000744673
0.000911038
0.00114706
0.00140655
0.00167313
0.00196569
0.00240858
0.00320263
0.0043542
0.00544396
0.00582052
0.00524435
0.00446291
0.00391737
0.00347624
0.00311486
0.00281517
0.00256338
0.00234915
0.00216508
0.00200593
0.00186802
0.00174881
0.00164669
0.00156079
0.0014908
0.00143691
0.00139946
0.00138499
0.000883583
0.000852134
0.000819197
0.000787553
0.000757801
0.000729522
0.000702803
0.000677752
0.00065434
0.000632532
0.000612419
0.000593869
0.000576823
0.000561304
0.000547441
0.000535535
0.000526138
0.000518912
0.000507059
0.000493232
0.000478522
0.000463544
0.000449191
0.000436715
0.000427879
0.000425005
0.000431
0.000449319
0.000483773
0.000538179
0.000615812
0.000719609
0.000873781
0.00109139
0.00133075
0.00157361
0.00181886
0.00213323
0.00264425
0.00337337
0.00406925
0.00433051
0.00400454
0.00351032
0.00315209
0.00285397
0.00260346
0.00239088
0.00220846
0.0020501
0.00191125
0.00178854
0.00167948
0.00158212
0.00149504
0.00141711
0.00134753
0.00128571
0.00123123
0.00118493
0.000831623
0.000812147
0.000787119
0.000760571
0.000734099
0.000708014
0.000682814
0.000658839
0.000636192
0.000614892
0.000595005
0.000576463
0.000559234
0.000543327
0.000528814
0.000515859
0.000504745
0.000494892
0.000482816
0.000470229
0.000457418
0.000444643
0.000432548
0.000422249
0.000415431
0.000414344
0.000421776
0.000440962
0.000475344
0.000528202
0.000602191
0.000699625
0.000842669
0.00104357
0.0012652
0.00149034
0.00170726
0.00194778
0.00229239
0.00276673
0.00322222
0.00340662
0.00321148
0.00288328
0.00263718
0.00242696
0.00224624
0.00208975
0.00195301
0.00183234
0.00172491
0.0016286
0.00154176
0.00146312
0.00139167
0.0013266
0.00126727
0.00121317
0.00116387
0.00111947
0.000806646
0.000792369
0.000771075
0.000746983
0.000722107
0.000697108
0.000672671
0.000649238
0.000626975
0.000605932
0.000586155
0.000567612
0.000550284
0.000534175
0.000519333
0.000505864
0.000493929
0.00048286
0.000470715
0.000458741
0.000446837
0.00043508
0.000424002
0.000414673
0.000408762
0.000408482
0.000416525
0.000435925
0.000469782
0.000520896
0.000591379
0.000683016
0.000816141
0.00100209
0.00120765
0.0014178
0.00161631
0.00181353
0.00205863
0.00237609
0.00267972
0.00280886
0.0026839
0.0024556
0.00227918
0.00212478
0.00198924
0.00186968
0.00176349
0.0016684
0.00158263
0.00150482
0.00143387
0.00136893
0.00130933
0.00125449
0.00120396
0.00115738
0.00111441
0.00107516
0.000794178
0.000782071
0.00076262
0.000739788
0.000715738
0.000691319
0.000667301
0.000644168
0.000622121
0.000601225
0.00058152
0.000562989
0.000545621
0.000529419
0.000514419
0.000500696
0.000488353
0.000476682
0.000464486
0.000452779
0.000441272
0.000429949
0.000419295
0.000410381
0.00040488
0.000404982
0.000413295
0.000432664
0.000465874
0.000515294
0.000582569
0.00066904
0.000793429
0.000966178
0.00115718
0.00135373
0.00153865
0.00170965
0.00189447
0.00211386
0.00231934
0.00240815
0.00232176
0.00215563
0.00202383
0.00190585
0.00180025
0.00170551
0.0016201
0.00154263
0.00147196
0.00140718
0.00134757
0.00129254
0.00124162
0.00119441
0.0011506
0.0011099
0.00107209
0.00103731
0.000787604
0.000776369
0.000757915
0.000735797
0.000712215
0.000688136
0.000664369
0.00064142
0.000619505
0.000598701
0.000579046
0.000560533
0.000543156
0.000526917
0.000511845
0.000497998
0.000485448
0.000473459
0.000461206
0.000449585
0.000438218
0.000427041
0.000416532
0.00040778
0.000402473
0.000402786
0.000411245
0.000430519
0.000463102
0.000510979
0.000575388
0.0006573
0.000774032
0.000935198
0.00111316
0.00129713
0.00147071
0.00162479
0.00177258
0.00192999
0.00207112
0.00213059
0.00206587
0.00193956
0.00183711
0.00174346
0.00165816
0.00158045
0.00150946
0.00144434
0.00138435
0.00132889
0.00127746
0.00122966
0.00118514
0.00114362
0.00110486
0.00106866
0.00103484
0.00100359
0.000783926
0.000773048
0.000755219
0.000733563
0.000710276
0.000686415
0.000662813
0.000639982
0.000618149
0.000597402
0.000577779
0.000559282
0.000541904
0.000525651
0.000510546
0.000496636
0.000483973
0.000471802
0.000459483
0.000447858
0.000436503
0.000425337
0.000414845
0.000406146
0.000400951
0.000401419
0.00041
0.000429197
0.000461236
0.000507756
0.000569641
0.000647542
0.00075756
0.00090858
0.00107497
0.00124739
0.00141078
0.00155284
0.00167727
0.00179514
0.00189372
0.00193207
0.00187982
0.00177965
0.00169696
0.00161997
0.00154873
0.00148296
0.00142219
0.00136591
0.00131363
0.00126496
0.00121955
0.0011771
0.00113737
0.00110014
0.00106522
0.00103246
0.00100174
0.000973248
0.00078179
0.000771105
0.000753742
0.000732428
0.000709344
0.000685634
0.000662144
0.000639389
0.000617605
0.000596887
0.000577279
0.000558787
0.000541406
0.000525142
0.000510017
0.000496068
0.000483334
0.000471043
0.000458652
0.00044698
0.000435578
0.000424359
0.000413829
0.000405147
0.000400042
0.000400665
0.000409392
0.000428567
0.000460171
0.00050553
0.000565212
0.000639589
0.000743694
0.000885799
0.00104197
0.00120391
0.00135792
0.00149051
0.00159951
0.0016918
0.00176206
0.00178535
0.0017405
0.00165795
0.00158888
0.00152355
0.00146228
0.00140509
0.00135174
0.00130192
0.00125533
0.00121171
0.00117082
0.00113242
0.00109634
0.00106239
0.00103045
0.00100038
0.00097208
0.00094577
0.000780586
0.000770081
0.000753121
0.000732086
0.000709154
0.00068555
0.000662136
0.000639425
0.000617661
0.00059695
0.00057734
0.000558839
0.000541446
0.000525167
0.00051002
0.000496038
0.000483248
0.000470864
0.000458398
0.000446659
0.000435182
0.000423883
0.000413299
0.000404626
0.000399623
0.000400428
0.000409346
0.000428574
0.000459864
0.000504261
0.000562045
0.000633327
0.000732187
0.000866394
0.00101354
0.0011661
0.00131146
0.00143598
0.00153408
0.00160938
0.0016606
0.00167325
0.00163299
0.00156262
0.00150319
0.00144623
0.00139223
0.00134135
0.00129352
0.00124855
0.00120627
0.00116651
0.00112908
0.00109381
0.00106056
0.00102919
0.000999595
0.000971662
0.000945303
0.00092074
0.000780035
0.000769765
0.000753189
0.000732396
0.00070958
0.000686049
0.00066268
0.000639987
0.00061822
0.000597495
0.000577865
0.000559341
0.000541923
0.000525617
0.000510443
0.000496426
0.000483583
0.000471115
0.000458571
0.000446756
0.000435193
0.000423804
0.000413165
0.000404515
0.000399639
0.000400664
0.000409832
0.0004292
0.00046031
0.000503953
0.000560143
0.000628724
0.000722891
0.000849998
0.000989104
0.0011333
0.0012708
0.00138818
0.00147797
0.0015415
0.00157967
0.0015848
0.00154752
0.00148582
0.0014334
0.00138264
0.00133408
0.00128798
0.00124436
0.00120314
0.00116421
0.00112746
0.00109275
0.00105996
0.00102897
0.000999667
0.000971955
0.00094575
0.000920972
0.000897837
0.000780009
0.000770059
0.000753867
0.000733291
0.000710562
0.000687077
0.000663728
0.000641026
0.000619233
0.000598474
0.000578806
0.000560243
0.000542787
0.000526445
0.000511232
0.000497172
0.000484273
0.000471723
0.000459101
0.000447206
0.000435552
0.000424074
0.000413388
0.000404782
0.000400066
0.000401361
0.000410845
0.000430451
0.000461538
0.000504672
0.000559607
0.000625886
0.000715817
0.000836402
0.000968222
0.00110493
0.00123537
0.00134633
0.00142935
0.00148428
0.00151319
0.0015129
0.00147767
0.00142234
0.00137518
0.00132914
0.00128478
0.00124241
0.00120211
0.00116385
0.00112758
0.00109324
0.00106073
0.00102995
0.0010008
0.000973181
0.000947021
0.000922243
0.000898777
0.00087683
0.000780451
0.00077092
0.000755123
0.000734743
0.000712077
0.000688612
0.000665257
0.000642523
0.000620682
0.000599868
0.000580145
0.000561527
0.000544018
0.000527625
0.000512364
0.000498252
0.00048529
0.000472655
0.000459954
0.000447979
0.000436233
0.00042467
0.000413951
0.000405416
0.0004009
0.000402519
0.000412398
0.000432364
0.00046363
0.00050658
0.000560701
0.000625141
0.000711243
0.00082565
0.00095065
0.00108054
0.0012046
0.00130981
0.0013871
0.00143534
0.00145737
0.00145303
0.00141922
0.00136872
0.00132564
0.0012833
0.00124227
0.00120289
0.00116527
0.00112942
0.00109533
0.00106297
0.00103226
0.00100314
0.000975512
0.000949304
0.000924444
0.000900866
0.000878507
0.000857566
0.000781338
0.000772333
0.000756949
0.000736746
0.000714118
0.00069065
0.000667265
0.000644474
0.000622561
0.000601673
0.000581876
0.000563187
0.000545609
0.000529153
0.00051383
0.000499656
0.000486623
0.000473899
0.000461116
0.000449061
0.000437226
0.000425586
0.000414853
0.000406419
0.000402149
0.000404157
0.000414527
0.000435015
0.000466755
0.000510009
0.000563975
0.00062722
0.000709908
0.000818234
0.000936517
0.00105989
0.00117809
0.00127812
0.0013504
0.00139318
0.00140979
0.00140224
0.00136941
0.00132267
0.00128284
0.00124349
0.00120518
0.00116826
0.00113285
0.001099
0.00106672
0.00103602
0.00100683
0.000979097
0.000952758
0.000927741
0.000903985
0.000881431
0.000860022
0.000839943
0.000782666
0.000774304
0.000759353
0.000739309
0.000716697
0.000693202
0.00066976
0.000646887
0.00062488
0.000603897
0.000584007
0.000565228
0.000547566
0.000531031
0.000515634
0.000501385
0.000488273
0.000475454
0.000462586
0.000450453
0.000438532
0.000426825
0.000416101
0.000407803
0.000403832
0.000406306
0.000417296
0.000438551
0.000471238
0.000515601
0.000570477
0.000633526
0.000713322
0.000815383
0.000926572
0.00104323
0.00115569
0.00125089
0.00131871
0.00135681
0.00136893
0.00135865
0.00132645
0.00128269
0.00124551
0.00120864
0.00117259
0.00113773
0.00110418
0.00107202
0.00104128
0.00101197
0.000984072
0.000957529
0.000932289
0.000908292
0.000885485
0.000863813
0.000843225
0.000823891
0.000784446
0.000776855
0.000762361
0.000742456
0.000719836
0.00069629
0.000672766
0.000649784
0.000627658
0.000606557
0.000586553
0.000567666
0.000549903
0.000533273
0.000517787
0.000503452
0.000490249
0.000477327
0.000464373
0.000452162
0.000440161
0.000428399
0.000417709
0.00040959
0.000405981
0.000409022
0.000420821
0.000443244
0.000477689
0.000524532
0.00058211
0.000646589
0.000724241
0.000819505
0.000922562
0.00103154
0.00113774
0.00122808
0.0012917
0.00132563
0.0013338
0.00132105
0.00128917
0.00124781
0.00121284
0.00117804
0.0011439
0.00111079
0.00107883
0.00104811
0.00101868
0.000990568
0.000963767
0.00093824
0.000913941
0.000890822
0.000868831
0.000847922
0.000828047
0.000809361
0.000786702
0.00078002
0.000766009
0.000746224
0.000723574
0.000699952
0.000676317
0.000653198
0.000630926
0.000609683
0.000589544
0.000570528
0.000552644
0.000535902
0.000520311
0.000505874
0.000492569
0.000479535
0.000466491
0.000454204
0.000442128
0.000430329
0.000419703
0.000411814
0.000408646
0.000412399
0.000425316
0.000449602
0.000487224
0.000538912
0.000602205
0.000670768
0.000747392
0.000834813
0.000927742
0.00102698
0.00112544
0.00121015
0.00126941
0.00129934
0.00130382
0.00128868
0.00125681
0.0012174
0.00118429
0.00115126
0.00111876
0.00108714
0.00105654
0.00102705
0.000998737
0.000971648
0.000945785
0.000921123
0.000897627
0.000875256
0.000853965
0.000833711
0.000814451
0.000796323
0.000789469
0.000783852
0.000770355
0.000750669
0.000727966
0.000704243
0.000680465
0.000657178
0.000634731
0.00061332
0.000593019
0.000573851
0.000555825
0.00053895
0.000523235
0.000508681
0.00049526
0.000482103
0.000468964
0.000456603
0.00044446
0.000432643
0.000422121
0.000414526
0.000411912
0.000416603
0.00043117
0.000458562
0.000501859
0.000562436
0.000636452
0.000713393
0.000790644
0.000868307
0.000947643
0.00103345
0.00112119
0.0011984
0.00125239
0.00127803
0.00127879
0.00126115
0.00122898
0.00119114
0.00115962
0.0011281
0.001097
0.00106667
0.00103724
0.0010088
0.00098143
0.000955199
0.00093012
0.000906179
0.000883353
0.000861605
0.000840898
0.000821192
0.000802449
0.000784789
0.000792799
0.000788426
0.000775475
0.000755872
0.000733093
0.000709241
0.000685287
0.000661796
0.000639142
0.000617531
0.00059704
0.000577693
0.000559498
0.000542467
0.000526607
0.000511914
0.000498359
0.000485065
0.000471826
0.000459393
0.000447195
0.000435387
0.00042502
0.000417808
0.000415916
0.000421933
0.000439114
0.000471846
0.000525178
0.00060147
0.000694451
0.000786699
0.000867065
0.000931561
0.000991441
0.00105758
0.00112939
0.00119549
0.00124211
0.00126241
0.00125896
0.00123848
0.00120561
0.00116902
0.00113886
0.00110865
0.00107877
0.00104954
0.0010211
0.000993534
0.000966946
0.000941411
0.000916959
0.000893589
0.000871287
0.000850027
0.000829776
0.000810499
0.000792163
0.00077487
0.000796764
0.000793842
0.000781481
0.000761946
0.000739074
0.000715065
0.000690896
0.00066716
0.00064426
0.000622412
0.000601696
0.000582136
0.000563742
0.000546525
0.000530491
0.000515636
0.000501924
0.000488473
0.000475127
0.000462626
0.000450389
0.000438628
0.000428489
0.000421791
0.000420902
0.000428942
0.000450514
0.000492596
0.000563479
0.000666878
0.000792344
0.000911219
0.000998683
0.00104419
0.00107471
0.00111065
0.00115764
0.00120624
0.00124147
0.00125417
0.00124527
0.0012212
0.00118707
0.00115141
0.00112244
0.00109339
0.00106457
0.0010363
0.00100868
0.000981826
0.000955845
0.000930829
0.000906825
0.000883849
0.000861899
0.000840959
0.000821005
0.000802007
0.000783937
0.000766876
0.000801459
0.000800242
0.000788532
0.000769064
0.000746087
0.000721892
0.000697464
0.000673436
0.000650241
0.00062811
0.000607124
0.000587308
0.000568675
0.000551234
0.00053499
0.000519938
0.00050604
0.000492407
0.000478941
0.000466378
0.000454129
0.000442474
0.000432671
0.0004267
0.000427311
0.000438685
0.000467938
0.000526488
0.000627731
0.000777145
0.000957352
0.0011217
0.00122328
0.00124045
0.00122496
0.0012126
0.0012194
0.00123929
0.00125585
0.00125661
0.00123979
0.00121069
0.00117442
0.00113937
0.00111149
0.00108347
0.00105561
0.00102817
0.00100123
0.000974913
0.000949343
0.000924634
0.000900855
0.000878042
0.000856212
0.000835364
0.000815484
0.00079655
0.000778545
0.000761519
0.000807023
0.000807835
0.000796869
0.000777492
0.000754415
0.000730004
0.000705266
0.000680885
0.000657334
0.000634859
0.000613543
0.000593413
0.000574485
0.000556768
0.000540265
0.000524969
0.000510841
0.000496988
0.000483387
0.000470776
0.000458558
0.000447101
0.000437804
0.000432926
0.000435977
0.000453195
0.000496193
0.000583717
0.000736973
0.000963681
0.00123542
0.00147724
0.00160636
0.00158123
0.00149198
0.00139994
0.00133927
0.00131044
0.00129516
0.00127597
0.00124655
0.00120974
0.00116988
0.00113506
0.00110824
0.00108126
0.00105432
0.00102763
0.00100124
0.000975265
0.000949872
0.000925192
0.000901327
0.000878346
0.000856294
0.000835193
0.000815046
0.000795846
0.000777587
0.000760281
0.000813655
0.000816939
0.000806879
0.000787667
0.00076452
0.000739871
0.000714757
0.000689945
0.000665951
0.000643045
0.000621314
0.000600789
0.000581487
0.000563417
0.000546581
0.000530973
0.000516551
0.00050242
0.000488661
0.000476027
0.000463915
0.000452799
0.000444294
0.000441192
0.000448533
0.000476427
0.000544267
0.000682527
0.000924113
0.00127961
0.00170379
0.00207821
0.00226245
0.00217662
0.001968
0.00174116
0.00156378
0.00144948
0.00137805
0.00132399
0.00127327
0.00122381
0.0011778
0.00114272
0.00111708
0.00109128
0.00106538
0.00103946
0.00101352
0.000987692
0.000962167
0.00093712
0.000912703
0.000889039
0.000866222
0.000844309
0.000823336
0.000803318
0.000784274
0.000766149
0.000821661
0.000828068
0.000819206
0.000800329
0.000777196
0.000752289
0.000726715
0.000701358
0.000676794
0.000653327
0.000631053
0.000610007
0.00059021
0.000571671
0.000554391
0.000538365
0.000523549
0.000509048
0.000495098
0.000482484
0.000470597
0.000460056
0.000452857
0.000452892
0.000468253
0.000516117
0.000628917
0.000855388
0.00124555
0.00181383
0.00249082
0.0030937
0.00339227
0.00323012
0.00282916
0.00236928
0.00198383
0.00171477
0.00154092
0.00142354
0.00133487
0.00126343
0.00120661
0.00117053
0.00114653
0.00112238
0.00109793
0.001073
0.0010475
0.00102159
0.000995505
0.000969486
0.000943769
0.000918573
0.000894074
0.000870398
0.000847634
0.000825837
0.00080507
0.000785168
0.000831545
0.000842101
0.000834976
0.000816777
0.000793826
0.000768646
0.000742487
0.000716409
0.000691072
0.000666837
0.000643814
0.000622048
0.000601562
0.000582368
0.000564466
0.000547852
0.000532481
0.000517461
0.000503267
0.000490743
0.000479265
0.000469694
0.000464818
0.000470857
0.000501844
0.00058745
0.000781258
0.00115948
0.0017965
0.00271236
0.00380515
0.00480121
0.00534058
0.00511985
0.00442043
0.00355207
0.00278431
0.00222514
0.00185767
0.00162072
0.00146128
0.00134959
0.00127301
0.00123474
0.00121347
0.0011921
0.00117013
0.00114683
0.00112197
0.00109575
0.00106851
0.00104056
0.00101231
0.000984132
0.000956363
0.000929248
0.000902972
0.000877662
0.000853458
0.000829994
0.00084419
0.000860606
0.000856208
0.000839335
0.000816864
0.000791384
0.000764423
0.000737323
0.000710869
0.000685517
0.000661399
0.000638577
0.00061708
0.000596922
0.000578103
0.00056062
0.00054443
0.000528646
0.000514116
0.000501777
0.000490994
0.000483149
0.000482818
0.000501114
0.000563261
0.000720203
0.00105842
0.00169369
0.00273394
0.00420757
0.00597051
0.00762818
0.00865711
0.00850646
0.00739424
0.00582562
0.00434711
0.00322919
0.00248344
0.0020121
0.00171482
0.00152575
0.00141137
0.00136861
0.00135241
0.00133633
0.00131915
0.0012991
0.00127563
0.0012491
0.00121994
0.00118863
0.00115584
0.00112226
0.00108849
0.00105497
0.00102208
0.000990054
0.000959175
0.000928683
0.000861221
0.000886478
0.000886605
0.000872204
0.000850679
0.000824787
0.000796604
0.000767927
0.000739734
0.000712647
0.000686831
0.000662372
0.000639311
0.000617663
0.00059743
0.000578612
0.000561163
0.000544206
0.000529172
0.000517131
0.00050755
0.00050314
0.000512596
0.000556997
0.00068174
0.000972222
0.00156322
0.00262435
0.00430676
0.00664725
0.0094456
0.0121573
0.014096
0.0143724
0.0128263
0.010167
0.0074223
0.00523749
0.00374418
0.00280274
0.00222819
0.00188416
0.00169434
0.00164232
0.00163607
0.00163064
0.00162344
0.00161047
0.00159071
0.00156478
0.00153324
0.00149681
0.00145659
0.00141377
0.0013694
0.00132432
0.00127913
0.00123434
0.00119043
0.00114583
0.000885784
0.000925177
0.000933016
0.000923002
0.000903034
0.000876329
0.000846039
0.000814708
0.00078362
0.000753674
0.000725078
0.000697957
0.000672368
0.000648327
0.000625837
0.000604897
0.000585457
0.000566645
0.000550791
0.000539215
0.000532051
0.000535555
0.000567671
0.00066871
0.000918257
0.00145356
0.00247504
0.00421885
0.00688149
0.0104967
0.0147897
0.0190503
0.0224879
0.0238419
0.0220877
0.0180162
0.0132753
0.00920129
0.00628654
0.00441475
0.00328027
0.00262079
0.002277
0.00220589
0.00221944
0.00223592
0.00224973
0.00225239
0.00224211
0.00222001
0.0021867
0.00214312
0.00209102
0.00203243
0.00196911
0.00190252
0.00183378
0.00176385
0.00169363
0.00161989
0.000924164
0.000987159
0.0010082
0.00100558
0.000987692
0.000958991
0.000924695
0.000888573
0.000852402
0.000817518
0.000784185
0.000752581
0.000722777
0.000694789
0.000668608
0.00064423
0.000621585
0.000599794
0.000582569
0.000572026
0.000571098
0.000595173
0.000681618
0.000904973
0.00139746
0.00236658
0.00409083
0.00687082
0.0109297
0.0162799
0.022567
0.028919
0.0345333
0.0377705
0.0362775
0.0307876
0.0234762
0.0165477
0.0112174
0.00763452
0.00541891
0.00413337
0.0034807
0.00337257
0.00342343
0.0034819
0.00353527
0.00356642
0.00357272
0.00355604
0.00351679
0.00345628
0.00337759
0.00328434
0.00317986
0.00306707
0.00294835
0.00282579
0.00270135
0.00256833
0.000989237
0.0010927
0.00113615
0.0011453
0.00112921
0.00109541
0.00105306
0.0010079
0.000962568
0.000918882
0.000877256
0.000837928
0.000800968
0.000766369
0.000734087
0.000704089
0.000676257
0.000649663
0.000630356
0.000623847
0.000642507
0.000723132
0.000939508
0.00141937
0.00236453
0.00406093
0.00685271
0.0110713
0.0169471
0.0244904
0.0332742
0.0422261
0.0505677
0.0561823
0.0553275
0.0487893
0.0389676
0.0286566
0.0199521
0.013657
0.00957107
0.00714146
0.00591082
0.00573443
0.00583831
0.00595377
0.00605187
0.00610218
0.00610262
0.00605713
0.00596733
0.00583741
0.00567462
0.00548691
0.00528144
0.00506438
0.00484072
0.0046143
0.00438878
0.00415124
0.00110807
0.00128179
0.00136277
0.00138948
0.00137222
0.00132591
0.00126705
0.00120451
0.00114224
0.00108266
0.00102639
0.000973693
0.000924575
0.000878939
0.00083665
0.000797581
0.000761496
0.000727344
0.000706756
0.000719502
0.000803922
0.00103885
0.00155331
0.0025394
0.00426551
0.00706551
0.0112941
0.017296
0.025377
0.0355923
0.0473255
0.0591061
0.0701076
0.0776256
0.0773138
0.0703236
0.0588804
0.0457059
0.0334272
0.0236986
0.0169107
0.0126735
0.0104813
0.0101572
0.0102656
0.010374
0.0104251
0.0103787
0.0102424
0.0100292
0.00974899
0.00941536
0.00904448
0.0086513
0.00824803
0.00784406
0.0074462
0.00705859
0.00668534
0.0063039
0.00133922
0.00163526
0.0017787
0.00182956
0.00180127
0.00172582
0.00163328
0.00153713
0.00144333
0.00135515
0.00127331
0.00119796
0.0011289
0.00106581
0.00100832
0.000956051
0.000908432
0.000864348
0.000857204
0.000958094
0.0012546
0.00188115
0.00301734
0.00489166
0.00777926
0.0119843
0.0178694
0.0259387
0.0367011
0.0500896
0.0648549
0.0788292
0.0911782
0.0989294
0.0986698
0.0919538
0.0803542
0.065863
0.050999
0.0380291
0.028173
0.0215931
0.0180116
0.0172991
0.0171762
0.0170197
0.0167444
0.0163233
0.0157905
0.0151777
0.0145087
0.013808
0.013099
0.0124
0.0117238
0.0110787
0.0104693
0.00989628
0.00936098
0.00882849
0.00181348
0.00232193
0.00257076
0.00265196
0.00258703
0.00244691
0.0022866
0.00212628
0.00197531
0.00183821
0.0017158
0.00160803
0.00151433
0.00143392
0.00136572
0.00130833
0.00125945
0.00121945
0.00132331
0.0017656
0.00264716
0.00410799
0.00630264
0.0093982
0.013596
0.0192229
0.0269032
0.0375306
0.0516261
0.068311
0.0850427
0.0990607
0.110116
0.115962
0.115389
0.109801
0.0996575
0.0858183
0.0701816
0.0551603
0.0426801
0.0336659
0.0283358
0.0267511
0.0259679
0.0251473
0.0241858
0.0230902
0.0219256
0.0207376
0.0195568
0.0184095
0.0173172
0.0162933
0.0153445
0.0144724
0.0136748
0.0129459
0.0122806
0.0116307
0.00283235
0.00370841
0.00414748
0.00426587
0.00410554
0.0038285
0.00353872
0.00326671
0.00303228
0.00284446
0.00270553
0.00261553
0.00257216
0.00257046
0.00260237
0.00265658
0.00271689
0.00279344
0.00336465
0.00469079
0.00667086
0.00931408
0.0126461
0.0167617
0.0219697
0.028996
0.0390247
0.0531173
0.0708876
0.0895647
0.105226
0.115744
0.122539
0.125153
0.12446
0.120904
0.113602
0.102188
0.0876891
0.0722624
0.0582168
0.0471678
0.0399268
0.03695
0.0351436
0.033389
0.0315537
0.029671
0.0278224
0.0260543
0.0243917
0.0228526
0.0214474
0.0201785
0.0190416
0.0180279
0.017126
0.0163213
0.0155995
0.0148968
0.00511064
0.00662945
0.00747829
0.00767856
0.00732219
0.00680967
0.00636495
0.00604638
0.00593121
0.00602172
0.00630228
0.00673774
0.00727687
0.00785936
0.00842335
0.00891135
0.00926414
0.00953219
0.0107696
0.0129236
0.0156113
0.0187402
0.0223641
0.0268333
0.0329819
0.0421835
0.0558745
0.0741567
0.0942018
0.110942
0.120771
0.124325
0.125088
0.124831
0.124762
0.12398
0.120438
0.112695
0.100856
0.086565
0.0721902
0.0598238
0.0508352
0.0462851
0.0434177
0.0407693
0.0381574
0.0356201
0.0332418
0.0310625
0.0290943
0.0273398
0.0257942
0.024445
0.0232746
0.0222625
0.0213865
0.0206229
0.0199455
0.019267
0.0103574
0.0131083
0.0152316
0.0159699
0.0155729
0.0152213
0.0154932
0.0165448
0.0181991
0.0201527
0.0221218
0.0238695
0.0252371
0.0261498
0.0265988
0.0266126
0.0262067
0.0255069
0.0259744
0.0272247
0.0289844
0.0313255
0.034633
0.0398
0.0482748
0.0616402
0.0802491
0.101244
0.118529
0.126951
0.12658
0.121874
0.117351
0.115809
0.117222
0.119591
0.120174
0.11676
0.108591
0.0966476
0.083095
0.070283
0.0600788
0.054299
0.0506951
0.047487
0.0444428
0.041585
0.038998
0.0367179
0.0347414
0.0330504
0.0316205
0.0304222
0.0294231
0.0285904
0.0278916
0.0272935
0.0267573
0.026153
0.022503
0.0287619
0.0368474
0.0415785
0.0442081
0.0481334
0.0537435
0.0588468
0.0622575
0.0637741
0.0636552
0.0623284
0.0602228
0.0576854
0.054955
0.0521643
0.0493219
0.0463495
0.0446784
0.0440869
0.0446094
0.0466999
0.0512679
0.0597367
0.073596
0.0929959
0.114645
0.131488
0.137108
0.131359
0.11982
0.10882
0.101919
0.100962
0.104463
0.109982
0.114641
0.115806
0.111968
0.103341
0.0916748
0.0793837
0.0688074
0.0626945
0.059015
0.0558648
0.0529864
0.0503485
0.0480492
0.0461317
0.0445691
0.0433099
0.0423027
0.0414993
0.0408544
0.0403273
0.039883
0.039483
0.0390876
0.0384573
0.0510568
0.074376
0.114232
0.139992
0.156005
0.163842
0.161136
0.151595
0.139289
0.126877
0.115583
0.105765
0.0973885
0.0902748
0.0842122
0.0789814
0.0743068
0.069729
0.0667278
0.0658904
0.0678277
0.0734649
0.0839446
0.100276
0.121699
0.143461
0.157235
0.156338
0.14173
0.121096
0.10224
0.0892887
0.0834269
0.084549
0.0905143
0.0991851
0.108002
0.114204
0.115661
0.111727
0.103436
0.0929682
0.0831369
0.0785557
0.0762332
0.0744866
0.0729578
0.0714545
0.0701614
0.0691616
0.0683845
0.0677324
0.0671431
0.0665835
0.0660347
0.0654862
0.0649375
0.0643567
0.063793
0.0625118
0.129245
0.241222
0.412552
0.464862
0.41985
0.351668
0.291143
0.244249
0.209652
0.18436
0.165682
0.151661
0.140967
0.132703
0.126248
0.121129
0.11692
0.112678
0.113722
0.120506
0.1321
0.148526
0.169503
0.192386
0.21
0.212452
0.195177
0.163417
0.128598
0.100013
0.0808346
0.0703259
0.06808
0.0726274
0.0822697
0.0957067
0.110914
0.125028
0.135237
0.140024
0.139679
0.136048
0.131208
0.136947
0.14095
0.143791
0.145253
0.145089
0.143934
0.142197
0.140011
0.137475
0.134741
0.13197
0.12929
0.126781
0.12449
0.122334
0.120741
0.11673
0.36251
0.278683
0.228292
0.253781
0.287298
0.297098
0.294474
0.288545
0.282796
0.278297
0.275334
0.273971
0.274175
0.275883
0.279052
0.283736
0.289915
0.299391
0.31067
0.310631
0.294152
0.264439
0.228709
0.193947
0.164169
0.139449
0.118754
0.0996473
0.0833859
0.071883
0.0658486
0.0651817
0.0735176
0.0900966
0.115832
0.152429
0.200275
0.256735
0.316169
0.372651
0.422446
0.46323
0.493408
0.493477
0.477389
0.45203
0.42538
0.401604
0.381146
0.363911
0.349846
0.338653
0.32982
0.322827
0.317254
0.312798
0.309199
0.306454
0.303636
0.303521
)
;

boundaryField
{
    inlet
    {
        type            fixedValue;
        value           uniform 0.025;
    }
    outlet
    {
        type            zeroGradient;
    }
    fixedWalls
    {
        Cmu             0.09;
        kappa           0.41;
        E               9.8;
        type            epsilonWallFunction;
        value           nonuniform List<scalar> 
240
(
0.0973386
0.138493
0.180973
0.220958
0.255594
0.283296
0.303639
0.317075
0.324589
0.327384
0.326656
0.323466
0.318686
0.312993
0.30689
0.300732
0.294759
0.289121
0.283906
0.279152
0.274864
0.271026
0.267605
0.26456
0.261844
0.25941
0.257211
0.255203
0.253345
0.251602
0.249943
0.248342
0.24678
0.24524
0.243708
0.242174
0.240629
0.239065
0.237473
0.235843
0.234161
0.23241
0.230569
0.228609
0.226492
0.224171
0.221583
0.218651
0.215278
0.21134
0.206686
0.201128
0.194445
0.186367
0.176619
0.164848
0.151054
0.134574
0.118238
0.0972507
0.158971
0.17817
0.19573
0.211241
0.225138
0.238031
0.249416
0.258506
0.264533
0.267257
0.2672
0.265051
0.261475
0.256998
0.251951
0.246382
0.240081
0.232069
0.229304
0.234671
0.24758
0.265994
0.288054
0.312575
0.338764
0.365998
0.393828
0.422021
0.450616
0.480509
0.513439
0.553896
0.620878
0.689318
0.711245
0.649632
0.493565
0.344432
0.354233
0.41674
0.413965
0.397992
0.401321
0.419442
0.413689
0.399499
0.38546
0.372313
0.360514
0.350117
0.340937
0.332836
0.325723
0.319499
0.314053
0.30927
0.305059
0.301253
0.298002
0.293197
0.0973386
0.138493
0.180973
0.220958
0.255594
0.283296
0.303639
0.317075
0.32459
0.327386
0.326659
0.323469
0.31869
0.312998
0.306897
0.30074
0.29477
0.289135
0.283924
0.279175
0.274893
0.271062
0.267651
0.264618
0.261918
0.259503
0.257329
0.255352
0.253534
0.251841
0.250246
0.248727
0.247268
0.245859
0.244494
0.243171
0.241895
0.24067
0.239508
0.238423
0.237431
0.236553
0.235814
0.235241
0.234821
0.234574
0.234529
0.234734
0.235252
0.236164
0.237574
0.239613
0.242446
0.246288
0.251379
0.258178
0.266655
0.279408
0.287179
0.32007
0.36251
0.278683
0.228292
0.253781
0.287298
0.297098
0.294474
0.288545
0.282796
0.278297
0.275334
0.273971
0.274175
0.275883
0.279052
0.283736
0.289915
0.299391
0.31067
0.310631
0.294152
0.264439
0.228709
0.193947
0.164169
0.139449
0.118754
0.0996473
0.0833859
0.071883
0.0658486
0.0651817
0.0735176
0.0900966
0.115832
0.152429
0.200275
0.256735
0.316169
0.372651
0.422446
0.46323
0.493408
0.493477
0.477389
0.45203
0.42538
0.401604
0.381146
0.363911
0.349846
0.338653
0.32982
0.322827
0.317254
0.312798
0.309199
0.306454
0.303636
0.303521
)
;
    }
    defaultFaces
    {
        type            empty;
    }
}


// ************************************************************************* //
