/*--------------------------------*- C++ -*----------------------------------*\
| =========                 |                                                 |
| \\      /  F ield         | OpenFOAM: The Open Source CFD Toolbox           |
|  \\    /   O peration     | Version:  2.4.0                                 |
|   \\  /    A nd           | Web:      www.OpenFOAM.org                      |
|    \\/     M anipulation  |                                                 |
\*---------------------------------------------------------------------------*/
FoamFile
{
    version     2.0;
    format      ascii;
    class       volScalarField;
    location    "80";
    object      nut;
}
// * * * * * * * * * * * * * * * * * * * * * * * * * * * * * * * * * * * * * //

dimensions      [0 2 -1 0 0 0 0];

internalField   nonuniform List<scalar> 
6000
(
1.3523e-05
9.84286e-06
5.61653e-06
5.2288e-06
5.77433e-06
6.67982e-06
7.36347e-06
8.04854e-06
7.26924e-06
8.18688e-06
9.08092e-06
9.79883e-06
9.87498e-06
9.41752e-06
1.23568e-05
6.95695e-06
1.11369e-05
1.41372e-05
1.6239e-05
1.76926e-05
1.86167e-05
1.9078e-05
1.91315e-05
1.88448e-05
1.82092e-05
1.74245e-05
1.6555e-05
1.56447e-05
1.47268e-05
1.38262e-05
1.29689e-05
1.22145e-05
1.15728e-05
1.09221e-05
1.0266e-05
9.60825e-06
8.95082e-06
8.29821e-06
7.65188e-06
7.04309e-06
5.90075e-06
6.17521e-06
6.48866e-06
6.82016e-06
7.15541e-06
7.48915e-06
7.81535e-06
8.13102e-06
8.43319e-06
8.72026e-06
8.991e-06
9.24541e-06
9.48265e-06
9.70453e-06
9.90647e-06
1.01019e-05
1.02566e-05
1.04659e-05
1.04758e-05
1.10648e-05
2.1716e-05
1.64113e-05
1.45821e-05
1.65026e-05
2.292e-05
2.70942e-05
3.87375e-05
5.08038e-05
4.29879e-05
3.41024e-05
2.69284e-05
2.11183e-05
1.62078e-05
1.6037e-05
1.60199e-05
1.06605e-05
1.13144e-05
1.17612e-05
1.22679e-05
1.30332e-05
1.42149e-05
1.59633e-05
1.83714e-05
2.1307e-05
2.39687e-05
2.66769e-05
2.93195e-05
3.17901e-05
3.40048e-05
3.58996e-05
3.7433e-05
3.86236e-05
3.97549e-05
4.08622e-05
4.19694e-05
4.31095e-05
4.42645e-05
4.54273e-05
4.64403e-05
4.72636e-05
4.43925e-05
4.03637e-05
3.65393e-05
3.29898e-05
2.97244e-05
2.67581e-05
2.40849e-05
2.16967e-05
1.95741e-05
1.76984e-05
1.6047e-05
1.45994e-05
1.33353e-05
1.22381e-05
1.12916e-05
1.04781e-05
9.80681e-06
9.1659e-06
8.73327e-06
7.54366e-06
2.84096e-05
2.20256e-05
1.98175e-05
2.48481e-05
4.36064e-05
5.49962e-05
7.20048e-05
8.54328e-05
7.93226e-05
6.77456e-05
5.74033e-05
4.76961e-05
3.58567e-05
2.70535e-05
1.72702e-05
1.25689e-05
1.34577e-05
1.57223e-05
1.96203e-05
2.53376e-05
3.28358e-05
4.16842e-05
5.08445e-05
5.87009e-05
6.43279e-05
6.90968e-05
7.29707e-05
7.59699e-05
7.81651e-05
7.96553e-05
8.05583e-05
8.10285e-05
8.12894e-05
8.14244e-05
8.14678e-05
8.1451e-05
8.13258e-05
8.10195e-05
8.02132e-05
7.92182e-05
7.58124e-05
7.12891e-05
6.66879e-05
6.21269e-05
5.7638e-05
5.32734e-05
4.9062e-05
4.50359e-05
4.12076e-05
3.75892e-05
3.41799e-05
3.09797e-05
2.79787e-05
2.51793e-05
2.25521e-05
2.01501e-05
1.7832e-05
1.59394e-05
1.37272e-05
1.29166e-05
3.19962e-05
2.5631e-05
2.31351e-05
2.92007e-05
5.52076e-05
7.43914e-05
9.30898e-05
0.000107073
0.000102014
8.95838e-05
7.84486e-05
6.74272e-05
5.06891e-05
3.29183e-05
1.76282e-05
1.58132e-05
2.00845e-05
2.78211e-05
3.85951e-05
5.12635e-05
6.4338e-05
7.64231e-05
8.63924e-05
9.35423e-05
9.8457e-05
0.000102231
0.000104984
0.000106851
0.000107978
0.00010851
0.000108582
0.000108331
0.000107877
0.000107289
0.00010659
0.000105789
0.000104816
0.000103533
0.000101644
9.98327e-05
9.65891e-05
9.26432e-05
8.85218e-05
8.43174e-05
8.00493e-05
7.57583e-05
7.14708e-05
6.72207e-05
6.30277e-05
5.89127e-05
5.48851e-05
5.09556e-05
4.71226e-05
4.34005e-05
3.97556e-05
3.62912e-05
3.27523e-05
2.99227e-05
2.61643e-05
2.65088e-05
3.37171e-05
2.77737e-05
2.52096e-05
3.14086e-05
5.99463e-05
8.56741e-05
0.000104764
0.000119308
0.000115126
0.000101952
9.04368e-05
7.87926e-05
5.81675e-05
3.45412e-05
1.89949e-05
2.14773e-05
3.14819e-05
4.59978e-05
6.22906e-05
7.77624e-05
9.09172e-05
0.000101251
0.000108781
0.000113726
0.000117054
0.000119442
0.000121047
0.000122015
0.000122475
0.000122542
0.000122313
0.000121872
0.000121278
0.000120564
0.000119735
0.000118769
0.000117577
0.000115951
0.000113785
0.00011192
0.000109271
0.000106153
0.000102834
9.9376e-05
9.57912e-05
9.21049e-05
8.83372e-05
8.45153e-05
8.06579e-05
7.6786e-05
7.29127e-05
6.90522e-05
6.52095e-05
6.14015e-05
5.76055e-05
5.39254e-05
5.01198e-05
4.70666e-05
4.30453e-05
4.42948e-05
3.45683e-05
2.90349e-05
2.64671e-05
3.22763e-05
6.12768e-05
9.11263e-05
0.000109968
0.000125724
0.0001227
0.000108759
9.68753e-05
8.4804e-05
6.15562e-05
3.37493e-05
2.18937e-05
2.98096e-05
4.62965e-05
6.5714e-05
8.35285e-05
9.7664e-05
0.000107952
0.000115036
0.000119652
0.000122324
0.000124005
0.000125113
0.000125788
0.000126136
0.000126239
0.000126163
0.000125955
0.000125646
0.000125251
0.000124765
0.000124172
0.000123415
0.000122383
0.000120811
0.000118936
0.000117515
0.000115665
0.000113447
0.000111016
0.000108418
0.000105663
0.000102766
9.97417e-05
9.66117e-05
9.33929e-05
9.01042e-05
8.67612e-05
8.33799e-05
7.99721e-05
7.65558e-05
7.31294e-05
6.97742e-05
6.63482e-05
6.35716e-05
6.02727e-05
6.19082e-05
3.50083e-05
2.97814e-05
2.71982e-05
3.23254e-05
6.04953e-05
9.22361e-05
0.000110894
0.000129025
0.000127359
0.000112465
9.99661e-05
8.74022e-05
6.2453e-05
3.22214e-05
2.64126e-05
4.04552e-05
6.22914e-05
8.33541e-05
9.94464e-05
0.000110219
0.000116812
0.000120558
0.000122468
0.000123105
0.000123311
0.000123335
0.000123266
0.000123161
0.000123054
0.000122962
0.000122888
0.000122825
0.000122748
0.000122622
0.000122407
0.000122018
0.000121311
0.000120019
0.000118812
0.000118103
0.000117112
0.000115792
0.000114255
0.000112536
0.000110647
0.000108598
0.000106402
0.000104074
0.000101631
9.90883e-05
9.64637e-05
9.37739e-05
9.10366e-05
8.82699e-05
8.54959e-05
8.27656e-05
8.00666e-05
7.78534e-05
7.57542e-05
7.75075e-05
3.52387e-05
3.0225e-05
2.75992e-05
3.19036e-05
5.82691e-05
9.05758e-05
0.000109032
0.000130868
0.000130786
0.000114565
0.00010096
8.77003e-05
6.10838e-05
3.12698e-05
3.2561e-05
5.26018e-05
7.74549e-05
9.73037e-05
0.000109939
0.000116767
0.000119771
0.000120568
0.000120203
0.000119189
0.0001182
0.00011735
0.000116677
0.000116195
0.000115901
0.000115782
0.000115809
0.000115946
0.000116145
0.000116345
0.000116489
0.000116461
0.000116088
0.000115216
0.000114871
0.000114928
0.000114756
0.000114278
0.000113583
0.000112704
0.000111659
0.000110451
0.000109096
0.000107605
0.000105993
0.000104274
0.000102467
0.000100587
9.8656e-05
9.66923e-05
9.47387e-05
9.28152e-05
9.10399e-05
8.95725e-05
8.88828e-05
9.06996e-05
3.53551e-05
3.04882e-05
2.77991e-05
3.12387e-05
5.50655e-05
8.7112e-05
0.00010527
0.000132184
0.000134117
0.000116047
0.000100606
8.63461e-05
5.74082e-05
3.1922e-05
4.02261e-05
6.52384e-05
9.05393e-05
0.000107341
0.000115929
0.000118994
0.000118927
0.00011737
0.000115273
0.000113045
0.000111157
0.000109618
0.000108427
0.000107578
0.00010705
0.000106811
0.000106821
0.000107025
0.000107363
0.000107756
0.000108136
0.00010836
0.00010823
0.000107911
0.000108398
0.000109134
0.000109668
0.00010992
0.000109967
0.000109841
0.000109563
0.000109138
0.000108581
0.000107903
0.000107119
0.000106242
0.000105289
0.000104278
0.000103232
0.000102166
0.000101141
0.000100147
9.94212e-05
9.88343e-05
9.96481e-05
0.000101587
3.54069e-05
3.06425e-05
2.78798e-05
3.04764e-05
5.13299e-05
8.20782e-05
0.000100596
0.000133242
0.000138097
0.000117613
9.93821e-05
8.36629e-05
5.28979e-05
3.41402e-05
4.91489e-05
7.74255e-05
0.000101041
0.000113932
0.000118585
0.000118453
0.000116014
0.000112772
0.000109497
0.00010645
0.0001039
0.000101794
0.000100122
9.88775e-05
9.8037e-05
9.75672e-05
9.74189e-05
9.75338e-05
9.78444e-05
9.82666e-05
9.87198e-05
9.90396e-05
9.90613e-05
9.93759e-05
0.000100501
0.000101755
0.000102836
0.000103672
0.000104326
0.000104827
0.0001052
0.000105452
0.000105602
0.00010566
0.000105645
0.00010557
0.000105456
0.000105317
0.000105182
0.000105061
0.00010503
0.000105049
0.000105456
0.000105857
0.000108216
0.000110386
3.54213e-05
3.073e-05
2.78923e-05
2.97061e-05
4.74296e-05
7.58695e-05
9.52694e-05
0.00013393
0.000143116
0.000119781
9.76197e-05
7.97864e-05
4.87209e-05
3.7863e-05
5.89358e-05
8.84726e-05
0.000108976
0.000117801
0.000119026
0.000116432
0.000112358
0.000108057
0.000104069
0.000100483
9.74167e-05
9.48022e-05
9.26492e-05
9.0968e-05
8.97449e-05
8.8948e-05
8.8526e-05
8.84192e-05
8.85596e-05
8.8859e-05
8.92304e-05
8.94947e-05
8.96608e-05
9.05507e-05
9.2061e-05
9.36501e-05
9.51106e-05
9.63727e-05
9.74851e-05
9.84726e-05
9.93595e-05
0.000100157
0.000100887
0.000101564
0.000102211
0.000102848
0.000103498
0.00010418
0.000104926
0.000105747
0.000106727
0.000107803
0.000109393
0.000110866
0.000114781
0.000117311
3.54139e-05
3.07761e-05
2.7868e-05
2.89792e-05
4.36382e-05
6.90007e-05
8.92965e-05
0.000134002
0.000149236
0.000122938
9.55777e-05
7.47853e-05
4.57865e-05
4.30456e-05
6.91097e-05
9.79946e-05
0.000114658
0.000119716
0.000118208
0.000113913
0.000108868
0.00010401
9.96338e-05
9.56699e-05
9.21463e-05
8.9032e-05
8.63792e-05
8.42261e-05
8.25713e-05
8.13859e-05
8.06161e-05
8.02008e-05
8.00717e-05
8.01363e-05
8.03035e-05
8.04051e-05
8.07957e-05
8.20333e-05
8.37042e-05
8.5459e-05
8.71422e-05
8.86845e-05
9.01166e-05
9.14558e-05
9.27238e-05
9.39335e-05
9.51077e-05
9.62684e-05
9.74442e-05
9.86628e-05
9.99571e-05
0.000101356
0.000102898
0.000104602
0.000106559
0.00010869
0.000111471
0.000114072
0.000119532
0.000122554
3.53938e-05
3.07966e-05
2.78257e-05
2.83222e-05
4.01375e-05
6.19925e-05
8.27263e-05
0.000133203
0.000156264
0.000127392
9.34957e-05
6.88649e-05
4.47766e-05
4.96131e-05
7.91881e-05
0.000105881
0.000118537
0.00012038
0.000116884
0.000111577
0.000106093
0.000101029
9.64565e-05
9.218e-05
8.81998e-05
8.45637e-05
8.1383e-05
7.87298e-05
7.6616e-05
7.50132e-05
7.38625e-05
7.30978e-05
7.26469e-05
7.24103e-05
7.22952e-05
7.22369e-05
7.28609e-05
7.41773e-05
7.58336e-05
7.76091e-05
7.93792e-05
8.10741e-05
8.2706e-05
8.42821e-05
8.58174e-05
8.7323e-05
8.88215e-05
9.03381e-05
9.19076e-05
9.35676e-05
9.53632e-05
9.73383e-05
9.95466e-05
0.00010202
0.000104865
0.000107996
0.000111933
0.000115681
0.000122645
0.000126287
3.53667e-05
3.08013e-05
2.77767e-05
2.77458e-05
3.70301e-05
5.52828e-05
7.57175e-05
0.000131336
0.000163845
0.000133408
9.17105e-05
6.33585e-05
4.56456e-05
5.74185e-05
8.87624e-05
0.000112226
0.00012109
0.000120385
0.000115605
0.000109856
0.000104319
9.92746e-05
9.46055e-05
9.00059e-05
8.55287e-05
8.13256e-05
7.75799e-05
7.44018e-05
7.18145e-05
6.97875e-05
6.82529e-05
6.71335e-05
6.63478e-05
6.5786e-05
6.53603e-05
6.52684e-05
6.59664e-05
6.71692e-05
6.8683e-05
7.03618e-05
7.21036e-05
7.38404e-05
7.55689e-05
7.72852e-05
7.89956e-05
8.07054e-05
8.24331e-05
8.42034e-05
8.60536e-05
8.80292e-05
9.01871e-05
9.25887e-05
9.53088e-05
9.84029e-05
0.000101999
0.000106023
0.000111029
0.000115902
0.000124302
0.000128674
3.53359e-05
3.07964e-05
2.77275e-05
2.72512e-05
3.43563e-05
4.91808e-05
6.84744e-05
0.000128295
0.000171555
0.000141194
9.07834e-05
5.92524e-05
4.83793e-05
6.6218e-05
9.75522e-05
0.000117248
0.000122771
0.000120199
0.000114748
0.000108999
0.000103678
9.87825e-05
9.40467e-05
8.90646e-05
8.40175e-05
7.91822e-05
7.4824e-05
7.1093e-05
6.80218e-05
6.55741e-05
6.36686e-05
6.22109e-05
6.11036e-05
6.02264e-05
5.95583e-05
5.95082e-05
6.00942e-05
6.10786e-05
6.23673e-05
6.38617e-05
6.54809e-05
6.71634e-05
6.88962e-05
7.06673e-05
7.24738e-05
7.43139e-05
7.61986e-05
7.81476e-05
8.0196e-05
8.23914e-05
8.47989e-05
8.7495e-05
9.05769e-05
9.41301e-05
9.83141e-05
0.000103085
0.000109027
0.000114956
0.00012469
0.000129879
3.53035e-05
3.07861e-05
2.76817e-05
2.68339e-05
3.21123e-05
4.38581e-05
6.12687e-05
0.000124077
0.000178959
0.000150849
9.15521e-05
5.7307e-05
5.30063e-05
7.56826e-05
0.000105423
0.000121229
0.000123978
0.000120177
0.000114562
0.000109143
0.000104214
9.95317e-05
9.47048e-05
8.92463e-05
8.35298e-05
7.79793e-05
7.29497e-05
6.86319e-05
6.50646e-05
6.2201e-05
5.9942e-05
5.81705e-05
5.67684e-05
5.561e-05
5.48641e-05
5.47822e-05
5.51627e-05
5.58892e-05
5.69136e-05
5.81694e-05
5.95966e-05
6.11455e-05
6.28006e-05
6.4547e-05
6.63759e-05
6.82795e-05
7.02605e-05
7.23313e-05
7.45198e-05
7.68701e-05
7.94484e-05
8.23404e-05
8.56613e-05
8.95267e-05
9.4133e-05
9.94824e-05
0.000106197
0.000113073
0.000124006
0.000130068
3.5271e-05
3.07728e-05
2.7641e-05
2.64868e-05
3.02662e-05
3.93696e-05
5.45411e-05
0.000118784
0.000185653
0.000162272
9.50878e-05
5.81365e-05
5.95519e-05
8.54473e-05
0.000112371
0.000124465
0.000125042
0.000120579
0.000115207
0.000110362
0.00010594
0.000101482
9.6498e-05
9.04368e-05
8.39297e-05
7.75678e-05
7.17995e-05
6.6855e-05
6.27752e-05
5.94974e-05
5.68994e-05
5.48381e-05
5.31718e-05
5.18259e-05
5.10987e-05
5.08903e-05
5.10508e-05
5.15238e-05
5.22813e-05
5.32786e-05
5.44743e-05
5.58331e-05
5.73437e-05
5.8994e-05
6.07746e-05
6.26755e-05
6.4694e-05
6.68348e-05
6.91172e-05
7.15773e-05
7.4276e-05
7.72996e-05
8.0773e-05
8.48362e-05
8.97205e-05
9.54847e-05
0.000102795
0.000110478
0.000122452
0.000129409
3.52391e-05
3.07583e-05
2.76061e-05
2.62017e-05
2.87716e-05
3.56861e-05
4.8554e-05
0.00011257
0.000191289
0.000175144
0.000102708
6.20379e-05
6.79679e-05
9.51793e-05
0.000118497
0.000127246
0.000126236
0.000121597
0.000116793
0.000112701
0.000108851
0.000104591
9.93442e-05
9.25268e-05
8.50931e-05
7.78153e-05
7.12361e-05
6.56214e-05
6.10093e-05
5.73147e-05
5.4387e-05
5.20556e-05
5.01578e-05
4.87767e-05
4.80197e-05
4.76584e-05
4.76207e-05
4.78693e-05
4.8383e-05
4.91307e-05
5.00852e-05
5.1225e-05
5.25461e-05
5.40435e-05
5.57128e-05
5.75468e-05
5.9542e-05
6.16989e-05
6.40294e-05
6.65605e-05
6.93436e-05
7.24591e-05
7.60317e-05
8.02152e-05
8.52682e-05
9.13066e-05
9.90431e-05
0.000107381
0.000120224
0.000128067
3.52084e-05
3.07436e-05
2.75773e-05
2.59704e-05
2.75772e-05
3.27264e-05
4.34849e-05
0.000105638
0.000195587
0.00018897
0.000114908
6.93847e-05
7.80737e-05
0.000104636
0.000123964
0.000129836
0.000127779
0.000123374
0.000119395
0.00011619
0.000112942
0.000108817
0.000103164
9.54154e-05
8.69101e-05
7.86089e-05
7.11457e-05
6.48165e-05
5.96504e-05
5.55335e-05
5.22813e-05
4.96957e-05
4.7645e-05
4.62937e-05
4.54439e-05
4.49421e-05
4.47398e-05
4.4802e-05
4.51082e-05
4.56341e-05
4.63614e-05
4.7279e-05
4.83904e-05
4.96992e-05
5.1209e-05
5.292e-05
5.48327e-05
5.69488e-05
5.92769e-05
6.18373e-05
6.46712e-05
6.78491e-05
7.14882e-05
7.57455e-05
8.08941e-05
8.70998e-05
9.51188e-05
0.000103964
0.000117501
0.000126193
3.51792e-05
3.07295e-05
2.75543e-05
2.57848e-05
2.66329e-05
3.03852e-05
3.93328e-05
9.82419e-05
0.000198357
0.000203145
0.000131133
8.04484e-05
8.95529e-05
0.000113693
0.000128975
0.00013247
0.000129849
0.000126022
0.000123075
0.000120852
0.000118204
0.000114117
0.000107878
9.90091e-05
8.92841e-05
7.98532e-05
7.14352e-05
6.43489e-05
5.86076e-05
5.40621e-05
5.04881e-05
4.76655e-05
4.55888e-05
4.4203e-05
4.32479e-05
4.26277e-05
4.22932e-05
4.22064e-05
4.2344e-05
4.26838e-05
4.32121e-05
4.39238e-05
4.48277e-05
4.59347e-05
4.72567e-05
4.88033e-05
5.0583e-05
5.26037e-05
5.48759e-05
5.74177e-05
6.02635e-05
6.34737e-05
6.71543e-05
7.14567e-05
7.66568e-05
8.29566e-05
9.11471e-05
0.000100367
0.000114437
0.000123923
3.51517e-05
3.07164e-05
2.75366e-05
2.56379e-05
2.58928e-05
2.85534e-05
3.59943e-05
9.06576e-05
0.000199505
0.000217037
0.000149763
9.51381e-05
0.000102019
0.000122345
0.000133747
0.000135357
0.000132593
0.000129631
0.000127879
0.000126702
0.000124619
0.000120448
0.000113406
0.000103219
9.2128e-05
8.14657e-05
7.20273e-05
6.41453e-05
5.78098e-05
5.28303e-05
4.89366e-05
4.59518e-05
4.38753e-05
4.23993e-05
4.13464e-05
4.06282e-05
4.01887e-05
3.99848e-05
3.99891e-05
4.01789e-05
4.05414e-05
4.10743e-05
4.17882e-05
4.2699e-05
4.3825e-05
4.51845e-05
4.67955e-05
4.86749e-05
5.08402e-05
5.33127e-05
5.61252e-05
5.93313e-05
6.30259e-05
6.73508e-05
7.25747e-05
7.89224e-05
8.72055e-05
9.66938e-05
0.000111156
0.000121368
3.51259e-05
3.07044e-05
2.75239e-05
2.55233e-05
2.53175e-05
2.71309e-05
3.33333e-05
8.31736e-05
0.000199033
0.000230077
0.000169773
0.000112886
0.000115116
0.000130686
0.000138499
0.000138681
0.000136137
0.000134275
0.000133845
0.000133739
0.000132155
0.00012775
0.000119662
0.000107958
9.53602e-05
8.33724e-05
7.28559e-05
6.41455e-05
5.72006e-05
5.17838e-05
4.75873e-05
4.45473e-05
4.2394e-05
4.08182e-05
3.9678e-05
3.88785e-05
3.83553e-05
3.80599e-05
3.79601e-05
3.80316e-05
3.82606e-05
3.86446e-05
3.91943e-05
3.9927e-05
4.08647e-05
4.20322e-05
4.34559e-05
4.51623e-05
4.71786e-05
4.95339e-05
5.22649e-05
5.54239e-05
5.90985e-05
6.34203e-05
6.8646e-05
7.50113e-05
8.33339e-05
9.30086e-05
0.000107749
0.000118619
3.51019e-05
3.06938e-05
2.75154e-05
2.54356e-05
2.48737e-05
2.60318e-05
3.12183e-05
7.6111e-05
0.000197036
0.000241824
0.000190182
0.000132802
0.000128606
0.000138879
0.000143446
0.000142608
0.000140586
0.000140012
0.000140991
0.000141945
0.000140759
0.000135949
0.000126552
0.000113135
9.89018e-05
8.55053e-05
7.38628e-05
6.42988e-05
5.67341e-05
5.08792e-05
4.64734e-05
4.33628e-05
4.10888e-05
3.94158e-05
3.8198e-05
3.73303e-05
3.67398e-05
3.63724e-05
3.61917e-05
3.61707e-05
3.62941e-05
3.65578e-05
3.69706e-05
3.75491e-05
3.83165e-05
3.93009e-05
4.05344e-05
4.20519e-05
4.38904e-05
4.60891e-05
4.86931e-05
5.17591e-05
5.53729e-05
5.96596e-05
6.48627e-05
7.12214e-05
7.95474e-05
8.93482e-05
0.000104277
0.000115742
3.50795e-05
3.06845e-05
2.75108e-05
2.53701e-05
2.4534e-05
2.51853e-05
2.9536e-05
7.01032e-05
0.000193678
0.000251956
0.000210212
0.000153962
0.000142393
0.000147134
0.000148797
0.000147283
0.000146027
0.000146881
0.000149309
0.00015127
0.000150347
0.00014494
0.00013397
0.000118659
0.000102674
8.77994e-05
7.4995e-05
6.45611e-05
5.63717e-05
5.01069e-05
4.55917e-05
4.23261e-05
3.99245e-05
3.81598e-05
3.68726e-05
3.5947e-05
3.53017e-05
3.48775e-05
3.46337e-05
3.45408e-05
3.45813e-05
3.47491e-05
3.50504e-05
3.54998e-05
3.61194e-05
3.69379e-05
3.79905e-05
3.93173e-05
4.09635e-05
4.29785e-05
4.54178e-05
4.8347e-05
5.18561e-05
5.60689e-05
6.12191e-05
6.7546e-05
7.58468e-05
8.57287e-05
0.000100778
0.000112781
3.50588e-05
3.06766e-05
2.75096e-05
2.53228e-05
2.42763e-05
2.4535e-05
2.8192e-05
6.49648e-05
0.000189127
0.000260273
0.000229246
0.000175573
0.00015651
0.000155687
0.000154746
0.000152836
0.000152529
0.000154893
0.000158758
0.000161626
0.000160805
0.0001546
0.000141798
0.00012443
0.000106598
9.01918e-05
7.62031e-05
6.48931e-05
5.60827e-05
4.95455e-05
4.48479e-05
4.14025e-05
3.88758e-05
3.70252e-05
3.56758e-05
3.47007e-05
3.40107e-05
3.35412e-05
3.32479e-05
3.30989e-05
3.30746e-05
3.31666e-05
3.33783e-05
3.37217e-05
3.42165e-05
3.48902e-05
3.57782e-05
3.69233e-05
3.83756e-05
4.01929e-05
4.2441e-05
4.51965e-05
4.85582e-05
5.26547e-05
5.7715e-05
6.39799e-05
7.22279e-05
8.21543e-05
9.72741e-05
0.000109766
3.50397e-05
3.067e-05
2.75112e-05
2.52905e-05
2.4083e-05
2.40365e-05
2.71111e-05
6.04286e-05
0.000183673
0.000266625
0.000246777
0.000196926
0.000171065
0.000164783
0.00016148
0.000159378
0.000160133
0.000164024
0.00016925
0.00017288
0.000171982
0.000164781
0.000149902
0.000130343
0.00011059
9.2621e-05
7.74401e-05
6.52584e-05
5.59202e-05
4.91497e-05
4.41962e-05
4.05695e-05
3.79226e-05
3.59922e-05
3.45872e-05
3.35698e-05
3.2843e-05
3.23375e-05
3.20054e-05
3.18125e-05
3.17374e-05
3.17696e-05
3.19098e-05
3.2167e-05
3.25582e-05
3.31086e-05
3.38517e-05
3.48304e-05
3.60971e-05
3.77145e-05
3.97569e-05
4.23118e-05
4.54891e-05
4.9427e-05
5.43563e-05
6.05228e-05
6.8687e-05
7.86237e-05
9.37725e-05
0.000106712
3.50221e-05
3.06647e-05
2.75153e-05
2.52703e-05
2.39402e-05
2.36553e-05
2.62352e-05
5.63415e-05
0.000177512
0.000270952
0.000262439
0.000217253
0.000186179
0.000174657
0.000169166
0.000166996
0.00016885
0.000174207
0.00018065
0.00018485
0.000183683
0.000175304
0.000158132
0.000136284
0.000114566
9.50259e-05
7.86607e-05
6.56482e-05
5.59563e-05
4.88331e-05
4.36126e-05
3.98094e-05
3.70486e-05
3.50446e-05
3.35903e-05
3.25369e-05
3.17801e-05
3.12461e-05
3.08835e-05
3.06563e-05
3.05414e-05
3.05263e-05
3.06094e-05
3.0797e-05
3.11031e-05
3.15499e-05
3.21683e-05
3.29992e-05
3.40945e-05
3.55192e-05
3.73525e-05
3.96909e-05
4.26555e-05
4.63969e-05
5.11528e-05
5.71797e-05
6.52237e-05
7.51348e-05
9.02762e-05
0.000103628
3.50058e-05
3.06604e-05
2.75215e-05
2.52599e-05
2.38368e-05
2.33648e-05
2.55199e-05
5.26152e-05
0.000170555
0.000273214
0.000276139
0.000236145
0.000201899
0.000185517
0.000177948
0.000175747
0.000178651
0.000185331
0.000192771
0.000197304
0.000195672
0.000185951
0.00016632
0.000142132
0.000118438
9.73454e-05
7.98254e-05
6.62251e-05
5.60721e-05
4.85624e-05
4.30797e-05
3.91075e-05
3.62401e-05
3.41691e-05
3.26716e-05
3.15881e-05
3.08073e-05
3.02508e-05
2.98646e-05
2.96107e-05
2.94644e-05
2.9412e-05
2.94496e-05
2.95809e-05
2.98174e-05
3.0178e-05
3.06905e-05
3.13926e-05
3.23341e-05
3.35791e-05
3.5209e-05
3.73256e-05
4.00592e-05
4.35733e-05
4.8116e-05
5.39598e-05
6.1842e-05
7.16874e-05
8.67847e-05
0.000100514
3.49909e-05
3.06573e-05
2.75295e-05
2.52575e-05
2.37641e-05
2.31445e-05
2.49313e-05
4.92008e-05
0.000162842
0.000273394
0.000287793
0.000253408
0.000218089
0.00019751
0.000187938
0.000185656
0.000189467
0.000197235
0.00020538
0.000209964
0.000207669
0.000196463
0.000174278
0.000147756
0.000122113
9.95184e-05
8.11087e-05
6.69058e-05
5.62104e-05
4.83177e-05
4.25831e-05
3.84515e-05
3.54856e-05
3.33547e-05
3.18201e-05
3.0712e-05
2.99124e-05
2.93388e-05
2.89344e-05
2.86599e-05
2.84892e-05
2.84072e-05
2.84082e-05
2.84942e-05
2.86737e-05
2.8963e-05
2.93862e-05
2.99777e-05
3.07836e-05
3.18655e-05
3.33036e-05
3.52019e-05
3.76966e-05
4.09617e-05
4.52572e-05
5.08749e-05
5.85501e-05
6.82843e-05
8.32978e-05
9.73697e-05
3.49773e-05
3.0655e-05
2.7539e-05
2.52615e-05
2.37154e-05
2.29785e-05
2.44435e-05
4.607e-05
0.000154473
0.000271511
0.000297305
0.000269038
0.000234326
0.000210685
0.000199199
0.000196701
0.00020118
0.000209714
0.0002182
0.000222512
0.000219348
0.000206535
0.000181795
0.000153016
0.000125496
0.000101729
8.2509e-05
6.75817e-05
5.63442e-05
4.80832e-05
4.21102e-05
3.78305e-05
3.47754e-05
3.2592e-05
3.10265e-05
2.98992e-05
2.90856e-05
2.84995e-05
2.80817e-05
2.77914e-05
2.76017e-05
2.74963e-05
2.74681e-05
2.75173e-05
2.76502e-05
2.78804e-05
2.82288e-05
2.8726e-05
2.94141e-05
3.03506e-05
3.16125e-05
3.33026e-05
3.5559e-05
3.85632e-05
4.25852e-05
4.79377e-05
5.53592e-05
6.4932e-05
7.98166e-05
9.41933e-05
3.49648e-05
3.06537e-05
2.75498e-05
2.52705e-05
2.36854e-05
2.28549e-05
2.40368e-05
4.32054e-05
0.000145583
0.000267625
0.000304586
0.000283054
0.000250216
0.000224821
0.000211693
0.000208816
0.000213625
0.000222517
0.00023092
0.000234594
0.000230337
0.000215815
0.000188633
0.000157768
0.000128853
0.000104016
8.38693e-05
6.82124e-05
5.64544e-05
4.78452e-05
4.16502e-05
3.72352e-05
3.4101e-05
3.18732e-05
3.02832e-05
2.91418e-05
2.83187e-05
2.77241e-05
2.72968e-05
2.69949e-05
2.67906e-05
2.66668e-05
2.66152e-05
2.66345e-05
2.67292e-05
2.69104e-05
2.71962e-05
2.76134e-05
2.82e-05
2.90086e-05
3.01116e-05
3.16078e-05
3.36339e-05
3.63742e-05
4.01054e-05
4.51599e-05
5.22826e-05
6.16404e-05
7.63448e-05
9.09832e-05
3.49533e-05
3.06531e-05
2.75615e-05
2.52835e-05
2.36699e-05
2.27642e-05
2.3696e-05
4.05941e-05
0.000136327
0.000261833
0.000309558
0.000295402
0.000265438
0.000239583
0.000225208
0.000221816
0.00022658
0.00023534
0.000243182
0.000245829
0.00024023
0.000223918
0.000194777
0.000162346
0.000132147
0.000106197
8.51275e-05
6.87725e-05
5.65245e-05
4.75914e-05
4.11934e-05
3.66577e-05
3.34556e-05
3.11917e-05
2.95836e-05
2.84332e-05
2.76047e-05
2.70053e-05
2.65721e-05
2.6262e-05
2.60468e-05
2.59086e-05
2.58382e-05
2.58332e-05
2.58965e-05
2.6037e-05
2.62704e-05
2.66199e-05
2.71194e-05
2.78166e-05
2.87781e-05
3.00973e-05
3.1906e-05
3.43871e-05
3.78196e-05
4.25512e-05
4.93341e-05
5.8422e-05
7.2889e-05
8.77394e-05
3.49429e-05
3.06533e-05
2.75741e-05
2.52997e-05
2.36656e-05
2.26993e-05
2.34091e-05
3.82248e-05
0.000126869
0.000254272
0.000312173
0.000305969
0.0002797
0.000254539
0.000239423
0.000235415
0.000239748
0.000247873
0.00025467
0.000255933
0.000248846
0.000230944
0.000200365
0.00016663
0.000135219
0.000108193
8.62486e-05
6.92414e-05
5.654e-05
4.73113e-05
4.07316e-05
3.60912e-05
3.2833e-05
3.05419e-05
2.89222e-05
2.77678e-05
2.6938e-05
2.63371e-05
2.59009e-05
2.55856e-05
2.53624e-05
2.52131e-05
2.51278e-05
2.51029e-05
2.51403e-05
2.5247e-05
2.54364e-05
2.57287e-05
2.61537e-05
2.67543e-05
2.75913e-05
2.8751e-05
3.03585e-05
3.25913e-05
3.57254e-05
4.01184e-05
4.6527e-05
5.52909e-05
6.94588e-05
8.44636e-05
3.49333e-05
3.06541e-05
2.75873e-05
2.53182e-05
2.367e-05
2.26545e-05
2.3167e-05
3.60858e-05
0.000117371
0.000245112
0.000312416
0.000314609
0.000292737
0.00026922
0.000253919
0.000249258
0.000252799
0.000259823
0.000265164
0.0002648
0.000256194
0.000236984
0.000205344
0.000170506
0.000137982
0.000109957
8.72056e-05
6.96007e-05
5.6488e-05
4.69953e-05
4.02577e-05
3.553e-05
3.22284e-05
2.99192e-05
2.82945e-05
2.71409e-05
2.63135e-05
2.57143e-05
2.52777e-05
2.49597e-05
2.4731e-05
2.45733e-05
2.44761e-05
2.44351e-05
2.4451e-05
2.45296e-05
2.46819e-05
2.49257e-05
2.52872e-05
2.58046e-05
2.65325e-05
2.75502e-05
2.89742e-05
3.09737e-05
3.3817e-05
3.78647e-05
4.38726e-05
5.22625e-05
6.6066e-05
8.116e-05
3.49246e-05
3.06554e-05
2.7601e-05
2.53387e-05
2.36811e-05
2.26256e-05
2.29621e-05
3.41648e-05
0.000107988
0.000234549
0.000310313
0.00032117
0.000304295
0.000283163
0.000268224
0.000262943
0.000265399
0.000270937
0.000274515
0.000272388
0.000262323
0.000242088
0.000209661
0.000173897
0.000140379
0.000111454
8.79756e-05
6.98347e-05
5.63574e-05
4.66356e-05
3.97656e-05
3.49694e-05
3.16376e-05
2.93196e-05
2.76966e-05
2.65487e-05
2.57272e-05
2.51323e-05
2.46978e-05
2.43792e-05
2.41472e-05
2.39833e-05
2.38768e-05
2.38226e-05
2.38207e-05
2.38757e-05
2.39968e-05
2.41995e-05
2.45067e-05
2.49523e-05
2.55854e-05
2.64777e-05
2.77364e-05
2.95203e-05
3.20859e-05
3.57899e-05
4.13801e-05
4.93519e-05
6.27249e-05
7.7835e-05
3.49167e-05
3.06571e-05
2.7615e-05
2.53604e-05
2.36972e-05
2.2609e-05
2.27887e-05
3.24482e-05
9.88624e-05
0.000222805
0.000305931
0.00032552
0.000314139
0.000295948
0.000281863
0.000276062
0.000277235
0.000281009
0.00028263
0.000278703
0.000267295
0.00024628
0.000213271
0.000176747
0.000142372
0.000112657
8.85389e-05
6.99294e-05
5.61385e-05
4.62255e-05
3.92507e-05
3.44053e-05
3.10572e-05
2.874e-05
2.71253e-05
2.59877e-05
2.51754e-05
2.45875e-05
2.41571e-05
2.38397e-05
2.36063e-05
2.34381e-05
2.33242e-05
2.32594e-05
2.32427e-05
2.32778e-05
2.33725e-05
2.35402e-05
2.38011e-05
2.41849e-05
2.47356e-05
2.55178e-05
2.66291e-05
2.82164e-05
3.05214e-05
3.38906e-05
3.90556e-05
4.65732e-05
5.94514e-05
7.44975e-05
3.49094e-05
3.06593e-05
2.76292e-05
2.53831e-05
2.37172e-05
2.26022e-05
2.26421e-05
3.09222e-05
9.01161e-05
0.000210117
0.000299382
0.000327564
0.000322061
0.00030722
0.000294396
0.000288228
0.000288025
0.000289878
0.000289459
0.000283773
0.000271167
0.000249571
0.00021614
0.000179017
0.000143928
0.000113543
8.8879e-05
6.98734e-05
5.58235e-05
4.57595e-05
3.87089e-05
3.38349e-05
3.04845e-05
2.81778e-05
2.6578e-05
2.5455e-05
2.46552e-05
2.40765e-05
2.36521e-05
2.33376e-05
2.31041e-05
2.29331e-05
2.28137e-05
2.27402e-05
2.27113e-05
2.27297e-05
2.2802e-05
2.29398e-05
2.31609e-05
2.34916e-05
2.3971e-05
2.46569e-05
2.56375e-05
2.70475e-05
2.91115e-05
3.21607e-05
3.6902e-05
4.3939e-05
5.6262e-05
7.11589e-05
3.49029e-05
3.06618e-05
2.76436e-05
2.54065e-05
2.37401e-05
2.26031e-05
2.25184e-05
2.95722e-05
8.1851e-05
0.000196731
0.000290815
0.000327251
0.000327888
0.000316694
0.00030545
0.000299099
0.000297531
0.000297426
0.000294982
0.000287637
0.000273989
0.000251965
0.000218246
0.00018068
0.000145024
0.000114092
8.89822e-05
6.96573e-05
5.54063e-05
4.52337e-05
3.81375e-05
3.32559e-05
2.99176e-05
2.76309e-05
2.60524e-05
2.49484e-05
2.41639e-05
2.35966e-05
2.31797e-05
2.28695e-05
2.26373e-05
2.24649e-05
2.23413e-05
2.22608e-05
2.22217e-05
2.22259e-05
2.22791e-05
2.23914e-05
2.25784e-05
2.28633e-05
2.32809e-05
2.38827e-05
2.47482e-05
2.59995e-05
2.78434e-05
3.05916e-05
3.49188e-05
4.14591e-05
5.31738e-05
6.78325e-05
3.48969e-05
3.06646e-05
2.76581e-05
2.54302e-05
2.3765e-05
2.26099e-05
2.24143e-05
2.83835e-05
7.41455e-05
0.000182896
0.000280418
0.000324586
0.000331492
0.000324156
0.000314733
0.000308399
0.000305565
0.000303567
0.0002992
0.000290339
0.0002758
0.000253463
0.000219575
0.000181716
0.000145643
0.000114292
8.88384e-05
6.92742e-05
5.48825e-05
4.46452e-05
3.75345e-05
3.26668e-05
2.9355e-05
2.70979e-05
2.55468e-05
2.44658e-05
2.36993e-05
2.31452e-05
2.27374e-05
2.24325e-05
2.22027e-05
2.20299e-05
2.19034e-05
2.18173e-05
2.17697e-05
2.17619e-05
2.17988e-05
2.18891e-05
2.20467e-05
2.22921e-05
2.26562e-05
2.31848e-05
2.39492e-05
2.50596e-05
2.67045e-05
2.91734e-05
3.3103e-05
3.91408e-05
5.0203e-05
6.45337e-05
3.48914e-05
3.06676e-05
2.76725e-05
2.54541e-05
2.37914e-05
2.26215e-05
2.23273e-05
2.73416e-05
6.70538e-05
0.000168855
0.000268408
0.000319625
0.000332797
0.000329461
0.000322038
0.00031592
0.000311988
0.000308249
0.000302122
0.000291914
0.000276629
0.000254056
0.000220122
0.000182116
0.000145773
0.000114131
8.84401e-05
6.87194e-05
5.42492e-05
4.39925e-05
3.68992e-05
3.20668e-05
2.87958e-05
2.65775e-05
2.50597e-05
2.40055e-05
2.32595e-05
2.27203e-05
2.23227e-05
2.20243e-05
2.17976e-05
2.16254e-05
2.14969e-05
2.14064e-05
2.13516e-05
2.13336e-05
2.13565e-05
2.1428e-05
2.15602e-05
2.17715e-05
2.20891e-05
2.25541e-05
2.32299e-05
2.42157e-05
2.56821e-05
2.78952e-05
3.14486e-05
3.69881e-05
4.73648e-05
6.12794e-05
3.48865e-05
3.06709e-05
2.76868e-05
2.5478e-05
2.38188e-05
2.26368e-05
2.22551e-05
2.64326e-05
6.0607e-05
0.000154842
0.000255028
0.000312471
0.000331777
0.000332525
0.000327235
0.000321528
0.00031671
0.000311443
0.000303768
0.000292397
0.0002765
0.000253754
0.000219887
0.000181876
0.000145407
0.000113605
8.77833e-05
6.79905e-05
5.35055e-05
4.32754e-05
3.62313e-05
3.14559e-05
2.82396e-05
2.60691e-05
2.45902e-05
2.35663e-05
2.28428e-05
2.232e-05
2.19337e-05
2.16425e-05
2.14198e-05
2.12488e-05
2.11192e-05
2.10252e-05
2.09645e-05
2.09378e-05
2.09487e-05
2.10038e-05
2.1114e-05
2.12956e-05
2.15729e-05
2.19824e-05
2.25809e-05
2.3457e-05
2.47644e-05
2.67453e-05
2.9948e-05
3.50021e-05
4.46722e-05
5.80873e-05
3.4882e-05
3.06742e-05
2.77009e-05
2.55018e-05
2.38467e-05
2.26549e-05
2.21958e-05
2.5643e-05
5.48146e-05
0.000141073
0.000240538
0.000303274
0.000328459
0.000333317
0.000330264
0.000325151
0.000319684
0.000313144
0.000304157
0.000291816
0.000275432
0.000252585
0.00021888
0.000180998
0.000144546
0.000112712
8.6867e-05
6.70876e-05
5.2652e-05
4.24947e-05
3.55318e-05
3.08344e-05
2.76865e-05
2.55721e-05
2.41373e-05
2.31468e-05
2.24479e-05
2.19427e-05
2.15685e-05
2.12852e-05
2.10671e-05
2.0898e-05
2.07679e-05
2.06712e-05
2.06056e-05
2.05714e-05
2.05718e-05
2.06127e-05
2.07038e-05
2.08596e-05
2.11019e-05
2.14631e-05
2.1994e-05
2.27738e-05
2.39402e-05
2.57122e-05
2.85917e-05
3.31807e-05
4.21359e-05
5.49757e-05
3.4878e-05
3.06777e-05
2.77148e-05
2.55252e-05
2.3875e-05
2.26752e-05
2.21477e-05
2.49602e-05
4.96672e-05
0.000127743
0.000225211
0.000292222
0.000322917
0.000331857
0.000331119
0.000326773
0.000320905
0.000313366
0.000303318
0.000290197
0.000273443
0.000250571
0.000217118
0.000179491
0.000143192
0.000111453
8.56931e-05
6.60126e-05
5.1691e-05
4.16525e-05
3.48021e-05
3.02033e-05
2.71368e-05
2.50865e-05
2.37005e-05
2.27461e-05
2.20735e-05
2.15869e-05
2.12255e-05
2.09506e-05
2.07376e-05
2.05709e-05
2.04408e-05
2.03421e-05
2.02723e-05
2.02318e-05
2.02231e-05
2.02517e-05
2.03261e-05
2.04594e-05
2.0671e-05
2.09902e-05
2.1462e-05
2.21573e-05
2.31994e-05
2.47848e-05
2.73696e-05
3.15195e-05
3.97637e-05
5.19626e-05
3.48743e-05
3.06812e-05
2.77285e-05
2.55483e-05
2.39032e-05
2.26971e-05
2.21094e-05
2.43725e-05
4.51402e-05
0.000115021
0.000209322
0.000279535
0.000315269
0.000328204
0.000329842
0.000326423
0.0003204
0.000312137
0.00030128
0.000287566
0.000270554
0.000247736
0.000214621
0.000177368
0.000141355
0.000109834
8.42663e-05
6.477e-05
5.06261e-05
4.07519e-05
3.40446e-05
2.95642e-05
2.65913e-05
2.46124e-05
2.32794e-05
2.23636e-05
2.17186e-05
2.12513e-05
2.09033e-05
2.06373e-05
2.04297e-05
2.02657e-05
2.01361e-05
2.00359e-05
1.99627e-05
1.99166e-05
1.99e-05
1.99178e-05
1.99776e-05
2.00912e-05
2.0276e-05
2.05584e-05
2.09787e-05
2.16e-05
2.25327e-05
2.39523e-05
2.62708e-05
3.00116e-05
3.75603e-05
4.9065e-05
3.48709e-05
3.06848e-05
2.77419e-05
2.55709e-05
2.39313e-05
2.27203e-05
2.20797e-05
2.38689e-05
4.11968e-05
0.000103045
0.000193143
0.000265456
0.000305668
0.000322456
0.000326507
0.000324164
0.000318222
0.000309504
0.000298079
0.000283953
0.000266791
0.000244106
0.000211411
0.000174646
0.000139046
0.000107866
8.25943e-05
6.3366e-05
4.94628e-05
3.9797e-05
3.32624e-05
2.8919e-05
2.60509e-05
2.415e-05
2.28737e-05
2.19985e-05
2.13821e-05
2.09349e-05
2.06006e-05
2.03437e-05
2.01418e-05
1.99808e-05
1.98521e-05
1.97508e-05
1.96747e-05
1.96239e-05
1.96004e-05
1.96086e-05
1.96555e-05
1.97518e-05
1.99132e-05
2.01634e-05
2.05385e-05
2.10951e-05
2.19317e-05
2.32048e-05
2.52845e-05
2.86487e-05
3.55271e-05
4.62985e-05
3.48679e-05
3.06884e-05
2.77549e-05
2.5593e-05
2.39591e-05
2.27443e-05
2.20576e-05
2.34396e-05
3.77923e-05
9.19236e-05
0.000176938
0.000250247
0.0002943
0.000314737
0.000321216
0.000320086
0.000314444
0.000305522
0.000293758
0.000279387
0.000262185
0.000239711
0.000207519
0.00017135
0.000136283
0.00010556
8.0687e-05
6.1809e-05
4.82077e-05
3.8793e-05
3.24589e-05
2.82699e-05
2.5517e-05
2.36998e-05
2.24833e-05
2.16503e-05
2.10634e-05
2.06366e-05
2.03162e-05
2.00686e-05
1.98726e-05
1.97148e-05
1.95873e-05
1.94853e-05
1.94068e-05
1.93518e-05
1.93222e-05
1.93219e-05
1.93575e-05
1.94385e-05
1.95793e-05
1.98012e-05
2.01368e-05
2.06367e-05
2.1389e-05
2.2533e-05
2.44e-05
2.74211e-05
3.36627e-05
4.36766e-05
3.48651e-05
3.0692e-05
2.77676e-05
2.56146e-05
2.39865e-05
2.27689e-05
2.20419e-05
2.30755e-05
3.48771e-05
8.17321e-05
0.000160952
0.00023418
0.000281377
0.000305199
0.000314093
0.000314293
0.000309151
0.000300257
0.000288363
0.000273906
0.000256768
0.000234582
0.000202974
0.000167502
0.000133084
0.000102932
7.85574e-05
6.01093e-05
4.68689e-05
3.77458e-05
3.16385e-05
2.76197e-05
2.49909e-05
2.32624e-05
2.21081e-05
2.13185e-05
2.07616e-05
2.03555e-05
2.00492e-05
1.98109e-05
1.96208e-05
1.94664e-05
1.93402e-05
1.92378e-05
1.91573e-05
1.90986e-05
1.90636e-05
1.90559e-05
1.90814e-05
1.91489e-05
1.92715e-05
1.94685e-05
1.97694e-05
2.02196e-05
2.08981e-05
2.19287e-05
2.36072e-05
2.63185e-05
3.19631e-05
4.12101e-05
3.48626e-05
3.06956e-05
2.778e-05
2.56355e-05
2.40133e-05
2.27938e-05
2.20319e-05
2.27683e-05
3.23996e-05
7.25143e-05
0.00014541
0.000217531
0.000267128
0.000294015
0.000305275
0.000306902
0.00030244
0.000293782
0.000281949
0.000267551
0.00025058
0.000228752
0.000197808
0.000163132
0.000129473
0.000100001
7.62204e-05
5.82791e-05
4.54556e-05
3.66622e-05
3.08055e-05
2.69712e-05
2.44744e-05
2.28384e-05
2.17484e-05
2.10028e-05
2.04762e-05
2.00907e-05
1.97984e-05
1.95695e-05
1.93854e-05
1.92345e-05
1.91097e-05
1.90071e-05
1.89249e-05
1.8863e-05
1.88232e-05
1.88088e-05
1.88253e-05
1.88808e-05
1.89872e-05
1.91623e-05
1.94326e-05
1.98393e-05
2.0453e-05
2.13841e-05
2.28963e-05
2.53304e-05
3.04218e-05
3.89069e-05
3.48604e-05
3.06991e-05
2.77919e-05
2.56559e-05
2.40395e-05
2.28189e-05
2.20268e-05
2.25108e-05
3.03089e-05
6.42845e-05
0.000130513
0.000200574
0.000251798
0.000281376
0.000294913
0.000298039
0.000294413
0.000286174
0.000274572
0.000260365
0.000243659
0.000222241
0.000192055
0.00015827
0.000125476
9.67872e-05
7.36935e-05
5.6332e-05
4.39783e-05
3.55496e-05
2.99652e-05
2.63274e-05
2.3969e-05
2.24287e-05
2.1404e-05
2.07029e-05
2.02065e-05
1.98415e-05
1.95631e-05
1.93434e-05
1.91652e-05
1.90178e-05
1.88946e-05
1.87919e-05
1.87082e-05
1.86436e-05
1.85994e-05
1.85791e-05
1.85875e-05
1.86323e-05
1.87244e-05
1.888e-05
1.91234e-05
1.94918e-05
2.00488e-05
2.08927e-05
2.22586e-05
2.44461e-05
2.90306e-05
3.67718e-05
3.48583e-05
3.07025e-05
2.78035e-05
2.56755e-05
2.40651e-05
2.2844e-05
2.20259e-05
2.22963e-05
2.85559e-05
5.70292e-05
0.00011643
0.000183575
0.000235642
0.000267485
0.00028317
0.000287837
0.000285174
0.000277514
0.000266292
0.000252399
0.000236048
0.000215088
0.000185751
0.000152949
0.00012112
9.33154e-05
7.09961e-05
5.42834e-05
4.24486e-05
3.44162e-05
2.91227e-05
2.56917e-05
2.34765e-05
2.20339e-05
2.10751e-05
2.04185e-05
1.99521e-05
1.96073e-05
1.93425e-05
1.91318e-05
1.89594e-05
1.88154e-05
1.86938e-05
1.85913e-05
1.85063e-05
1.84391e-05
1.83912e-05
1.83654e-05
1.83666e-05
1.84018e-05
1.8481e-05
1.86193e-05
1.88389e-05
1.91736e-05
1.96808e-05
2.04484e-05
2.1686e-05
2.36554e-05
2.778e-05
3.48064e-05
3.48564e-05
3.07059e-05
2.78146e-05
2.56946e-05
2.409e-05
2.28689e-05
2.20287e-05
2.2119e-05
2.70952e-05
5.07115e-05
0.000103296
0.000166785
0.000218917
0.000252558
0.000270217
0.000276431
0.000274833
0.000267885
0.000257175
0.000243704
0.000227792
0.000207353
0.000178939
0.000147205
0.000116437
8.96121e-05
6.81501e-05
5.21504e-05
4.08786e-05
3.32703e-05
2.82835e-05
2.50671e-05
2.29986e-05
2.16548e-05
2.0762e-05
2.01494e-05
1.97123e-05
1.93873e-05
1.91357e-05
1.89339e-05
1.87671e-05
1.86264e-05
1.85065e-05
1.84041e-05
1.83181e-05
1.82486e-05
1.81971e-05
1.81665e-05
1.81612e-05
1.81877e-05
1.82555e-05
1.83783e-05
1.85768e-05
1.88817e-05
1.93452e-05
2.00459e-05
2.11712e-05
2.29487e-05
2.66595e-05
3.30093e-05
3.48547e-05
3.07092e-05
2.78254e-05
2.57129e-05
2.41141e-05
2.28936e-05
2.20346e-05
2.19737e-05
2.58852e-05
4.52755e-05
9.12151e-05
0.000150436
0.000201881
0.000236819
0.000256232
0.000263963
0.0002635
0.000257375
0.000247289
0.000234337
0.000218937
0.000199087
0.000171663
0.000141077
0.000111462
8.57065e-05
6.51794e-05
4.99511e-05
3.92817e-05
3.21209e-05
2.74532e-05
2.4457e-05
2.25371e-05
2.1292e-05
2.04646e-05
1.98952e-05
1.94869e-05
1.9181e-05
1.89422e-05
1.87488e-05
1.85875e-05
1.84501e-05
1.83317e-05
1.82295e-05
1.81426e-05
1.80711e-05
1.80164e-05
1.79813e-05
1.797e-05
1.79887e-05
1.80462e-05
1.81552e-05
1.83349e-05
1.86135e-05
1.90384e-05
1.96806e-05
2.07076e-05
2.23169e-05
2.56583e-05
3.13763e-05
3.48532e-05
3.07123e-05
2.78357e-05
2.57305e-05
2.41374e-05
2.2918e-05
2.20431e-05
2.18558e-05
2.48888e-05
4.06515e-05
8.02542e-05
0.000134737
0.000184786
0.000220495
0.000241401
0.000250581
0.000251291
0.000246072
0.000236702
0.000224356
0.000209537
0.000190341
0.000163969
0.000134609
0.000106233
8.16309e-05
6.21097e-05
4.7705e-05
3.76714e-05
3.0977e-05
2.66372e-05
2.38646e-05
2.20935e-05
2.09464e-05
2.01831e-05
1.96558e-05
1.92752e-05
1.89878e-05
1.87612e-05
1.85759e-05
1.84198e-05
1.82855e-05
1.81686e-05
1.80668e-05
1.7979e-05
1.79056e-05
1.7848e-05
1.78088e-05
1.77921e-05
1.78037e-05
1.78518e-05
1.79485e-05
1.81113e-05
1.83665e-05
1.87575e-05
1.93483e-05
2.02894e-05
2.17517e-05
2.47656e-05
2.9901e-05
3.48518e-05
3.07154e-05
2.78455e-05
2.57475e-05
2.416e-05
2.2942e-05
2.20537e-05
2.17612e-05
2.40729e-05
3.67605e-05
7.04463e-05
0.000119868
0.000167872
0.000203816
0.000225917
0.000236437
0.000238325
0.00023407
0.000225492
0.000213824
0.000199649
0.000181169
0.00015591
0.000127847
0.00010079
7.742e-05
5.89685e-05
4.54324e-05
3.60617e-05
2.98475e-05
2.58411e-05
2.32927e-05
2.16694e-05
2.06184e-05
1.99175e-05
1.94309e-05
1.9077e-05
1.88071e-05
1.85922e-05
1.84146e-05
1.82634e-05
1.81321e-05
1.80167e-05
1.79151e-05
1.78265e-05
1.77514e-05
1.76911e-05
1.76482e-05
1.76265e-05
1.76316e-05
1.76712e-05
1.77567e-05
1.79045e-05
1.81389e-05
1.84998e-05
1.90454e-05
1.99115e-05
2.12456e-05
2.39707e-05
2.85751e-05
3.48505e-05
3.07183e-05
2.7855e-05
2.57637e-05
2.41817e-05
2.29655e-05
2.20661e-05
2.16864e-05
2.34089e-05
3.35196e-05
6.17921e-05
0.00010598
0.000151367
0.000187011
0.000209975
0.000221689
0.000224726
0.000221467
0.000213736
0.000202808
0.000189333
0.000171629
0.000147539
0.000120841
9.51785e-05
7.31108e-05
5.57848e-05
4.31542e-05
3.44668e-05
2.87413e-05
2.507e-05
2.27443e-05
2.1266e-05
2.03086e-05
1.96679e-05
1.92202e-05
1.88917e-05
1.86385e-05
1.84346e-05
1.82643e-05
1.81177e-05
1.79892e-05
1.78751e-05
1.77738e-05
1.76845e-05
1.76078e-05
1.7545e-05
1.74986e-05
1.74724e-05
1.74715e-05
1.75034e-05
1.75787e-05
1.7713e-05
1.79287e-05
1.8263e-05
1.87689e-05
1.95693e-05
2.07919e-05
2.32636e-05
2.7389e-05
3.48494e-05
3.07211e-05
2.7864e-05
2.57793e-05
2.42027e-05
2.29884e-05
2.20801e-05
2.16283e-05
2.2872e-05
3.08462e-05
5.42621e-05
9.31879e-05
0.000135479
0.000170306
0.000193776
0.000206499
0.000210623
0.000208366
0.000201519
0.000191379
0.000178654
0.00016178
0.000138914
0.000113644
8.94453e-05
6.87423e-05
5.25885e-05
4.08916e-05
3.29006e-05
2.76669e-05
2.43286e-05
2.22218e-05
2.08846e-05
2.00173e-05
1.94342e-05
1.90235e-05
1.87189e-05
1.84815e-05
1.82879e-05
1.81243e-05
1.79821e-05
1.78562e-05
1.77434e-05
1.76423e-05
1.75524e-05
1.74742e-05
1.74091e-05
1.73595e-05
1.7329e-05
1.73226e-05
1.73474e-05
1.74135e-05
1.75356e-05
1.77347e-05
1.80452e-05
1.85161e-05
1.9259e-05
2.03845e-05
2.26349e-05
2.63323e-05
3.48483e-05
3.07238e-05
2.78726e-05
2.57942e-05
2.42228e-05
2.30108e-05
2.20951e-05
2.15842e-05
2.24406e-05
2.86606e-05
4.7801e-05
8.15736e-05
0.000120392
0.000153915
0.000177519
0.000191038
0.000196154
0.000194877
0.000188932
0.000179614
0.000167681
0.000151689
0.000130097
0.000106314
8.36402e-05
6.43553e-05
4.94101e-05
3.86657e-05
3.13764e-05
2.66322e-05
2.36215e-05
2.17274e-05
2.05261e-05
1.97448e-05
1.92162e-05
1.88404e-05
1.85583e-05
1.83355e-05
1.81516e-05
1.79943e-05
1.78562e-05
1.77326e-05
1.76211e-05
1.75202e-05
1.74297e-05
1.735e-05
1.72828e-05
1.72302e-05
1.71957e-05
1.71843e-05
1.72026e-05
1.72603e-05
1.73713e-05
1.75554e-05
1.78448e-05
1.82847e-05
1.89771e-05
2.00184e-05
2.2076e-05
2.53941e-05
3.48474e-05
3.07264e-05
2.78808e-05
2.58084e-05
2.42421e-05
2.30326e-05
2.21111e-05
2.15518e-05
2.20966e-05
2.68892e-05
4.2333e-05
7.11821e-05
0.000106264
0.000138043
0.000161403
0.000175476
0.00018146
0.000181117
0.000176072
0.000167598
0.000156489
0.000141422
0.000121151
9.89094e-05
7.78154e-05
5.99916e-05
4.62805e-05
3.64972e-05
2.99071e-05
2.56446e-05
2.29523e-05
2.1263e-05
2.01911e-05
1.94912e-05
1.90139e-05
1.86706e-05
1.84094e-05
1.82002e-05
1.80253e-05
1.78738e-05
1.77395e-05
1.76182e-05
1.75078e-05
1.74071e-05
1.7316e-05
1.7235e-05
1.71657e-05
1.71103e-05
1.70723e-05
1.70561e-05
1.70685e-05
1.71185e-05
1.72193e-05
1.73898e-05
1.76603e-05
1.80728e-05
1.87209e-05
1.9689e-05
2.15791e-05
2.45638e-05
3.48465e-05
3.07288e-05
2.78886e-05
2.58219e-05
2.42606e-05
2.30537e-05
2.21277e-05
2.15292e-05
2.18244e-05
2.54652e-05
3.77671e-05
6.2024e-05
9.32212e-05
0.000122876
0.000145625
0.000159991
0.000166692
0.00016721
0.000163044
0.000155421
0.000145158
0.000131056
0.000112148
9.14949e-05
7.20256e-05
5.56941e-05
4.323e-05
3.44059e-05
2.85045e-05
2.47105e-05
2.23245e-05
2.08301e-05
1.98803e-05
1.92566e-05
1.88269e-05
1.85137e-05
1.82718e-05
1.80752e-05
1.79085e-05
1.77625e-05
1.76317e-05
1.75126e-05
1.74032e-05
1.73028e-05
1.72111e-05
1.71289e-05
1.70577e-05
1.69998e-05
1.69583e-05
1.69378e-05
1.69446e-05
1.69875e-05
1.70791e-05
1.72374e-05
1.74909e-05
1.78789e-05
1.84881e-05
1.93925e-05
2.11375e-05
2.3831e-05
3.48457e-05
3.07312e-05
2.78959e-05
2.58347e-05
2.42783e-05
2.30742e-05
2.21448e-05
2.15146e-05
2.16111e-05
2.43297e-05
3.40034e-05
5.40765e-05
8.13584e-05
0.000108581
0.000130371
0.000144759
0.000152002
0.000153288
0.000149959
0.000143181
0.000133775
0.000120669
0.000103161
8.41378e-05
6.63274e-05
5.1506e-05
4.02883e-05
3.24102e-05
2.71791e-05
2.38355e-05
2.17406e-05
2.04296e-05
1.95939e-05
1.90407e-05
1.8655e-05
1.83694e-05
1.81452e-05
1.79601e-05
1.78011e-05
1.76601e-05
1.75326e-05
1.74155e-05
1.73073e-05
1.72071e-05
1.7115e-05
1.70317e-05
1.69588e-05
1.68984e-05
1.68537e-05
1.68292e-05
1.68308e-05
1.68672e-05
1.69504e-05
1.70976e-05
1.73358e-05
1.77021e-05
1.8277e-05
1.91261e-05
2.07455e-05
2.31863e-05
3.4845e-05
3.07333e-05
2.79029e-05
2.58469e-05
2.42952e-05
2.30939e-05
2.21622e-05
2.15065e-05
2.14456e-05
2.34316e-05
3.09391e-05
4.72867e-05
7.07338e-05
9.53001e-05
0.000115817
0.000129954
0.00013755
0.000139489
0.000136939
0.000130985
0.000122436
0.000110349
9.42716e-05
7.69101e-05
6.07793e-05
4.74698e-05
3.74834e-05
3.05268e-05
2.594e-05
2.3024e-05
2.12026e-05
2.00623e-05
1.93318e-05
1.88434e-05
1.84977e-05
1.82373e-05
1.80293e-05
1.78547e-05
1.77027e-05
1.75666e-05
1.74422e-05
1.73272e-05
1.72201e-05
1.71202e-05
1.70278e-05
1.69436e-05
1.68691e-05
1.68065e-05
1.67589e-05
1.67306e-05
1.67275e-05
1.67579e-05
1.68333e-05
1.69704e-05
1.71948e-05
1.75418e-05
1.80864e-05
1.88876e-05
2.03984e-05
2.2621e-05
3.48443e-05
3.07354e-05
2.79094e-05
2.58585e-05
2.43113e-05
2.3113e-05
2.21797e-05
2.15037e-05
2.13189e-05
2.27271e-05
2.84735e-05
4.15767e-05
6.137e-05
8.31451e-05
0.000102121
0.000115746
0.000123496
0.000125956
0.000124111
0.000118946
0.000111243
0.000100193
8.55684e-05
6.98877e-05
5.54403e-05
4.36267e-05
3.48411e-05
2.87703e-05
2.47946e-05
2.22793e-05
2.07116e-05
1.97282e-05
1.90937e-05
1.86641e-05
1.83546e-05
1.8117e-05
1.79236e-05
1.77588e-05
1.76134e-05
1.74819e-05
1.73607e-05
1.72478e-05
1.7142e-05
1.70427e-05
1.69501e-05
1.68652e-05
1.67893e-05
1.67247e-05
1.66744e-05
1.66427e-05
1.66352e-05
1.66601e-05
1.67285e-05
1.68564e-05
1.70684e-05
1.73982e-05
1.79161e-05
1.86756e-05
2.00928e-05
2.21282e-05
3.48437e-05
3.07373e-05
2.79156e-05
2.58694e-05
2.43267e-05
2.31313e-05
2.21971e-05
2.15052e-05
2.12233e-05
2.21793e-05
2.65117e-05
3.6849e-05
5.32542e-05
7.21957e-05
8.94195e-05
0.000102293
0.000109996
0.000112837
0.000111609
0.000107187
0.00010031
9.03055e-05
7.71456e-05
6.31479e-05
5.03675e-05
4.00145e-05
3.23837e-05
2.71523e-05
2.37482e-05
2.16035e-05
2.0268e-05
1.94271e-05
1.88792e-05
1.85023e-05
1.82253e-05
1.80081e-05
1.78281e-05
1.76723e-05
1.75333e-05
1.74063e-05
1.72885e-05
1.7178e-05
1.70737e-05
1.69752e-05
1.68828e-05
1.67974e-05
1.67204e-05
1.66541e-05
1.66014e-05
1.65666e-05
1.65553e-05
1.65751e-05
1.66371e-05
1.67567e-05
1.69577e-05
1.72722e-05
1.77668e-05
1.84903e-05
1.9827e-05
2.17024e-05
3.48432e-05
3.07391e-05
2.79214e-05
2.58797e-05
2.43412e-05
2.31489e-05
2.22145e-05
2.151e-05
2.11526e-05
2.17571e-05
2.49677e-05
3.29939e-05
4.634e-05
6.24963e-05
7.78245e-05
8.97389e-05
9.72028e-05
0.000100278
9.95687e-05
9.58324e-05
8.97565e-05
8.0797e-05
6.90983e-05
5.67661e-05
4.56142e-05
3.66663e-05
3.0129e-05
2.56814e-05
2.28041e-05
2.09973e-05
1.98715e-05
1.91583e-05
1.86875e-05
1.83574e-05
1.81093e-05
1.79105e-05
1.77426e-05
1.75954e-05
1.74626e-05
1.73405e-05
1.72263e-05
1.71186e-05
1.70163e-05
1.69192e-05
1.68274e-05
1.67419e-05
1.66643e-05
1.65966e-05
1.6542e-05
1.65045e-05
1.64896e-05
1.6505e-05
1.65614e-05
1.66737e-05
1.68649e-05
1.7166e-05
1.76404e-05
1.83331e-05
1.96008e-05
2.13402e-05
3.48427e-05
3.07407e-05
2.79268e-05
2.58894e-05
2.4355e-05
2.31657e-05
2.22316e-05
2.15175e-05
2.11016e-05
2.14351e-05
2.37652e-05
2.98966e-05
4.05521e-05
5.40546e-05
6.7415e-05
7.82054e-05
8.52565e-05
8.84225e-05
8.81282e-05
8.50122e-05
7.97018e-05
7.17768e-05
6.15192e-05
5.08123e-05
4.12267e-05
3.36085e-05
2.80902e-05
2.43625e-05
2.19634e-05
2.04601e-05
1.95209e-05
1.89206e-05
1.85177e-05
1.82287e-05
1.80061e-05
1.78238e-05
1.76673e-05
1.75284e-05
1.74022e-05
1.72853e-05
1.71755e-05
1.70713e-05
1.69718e-05
1.68767e-05
1.67862e-05
1.67013e-05
1.66235e-05
1.65551e-05
1.6499e-05
1.64594e-05
1.64416e-05
1.64533e-05
1.65048e-05
1.66108e-05
1.67937e-05
1.70836e-05
1.75408e-05
1.82076e-05
1.9417e-05
2.10416e-05
3.48422e-05
3.07423e-05
2.79318e-05
2.58986e-05
2.4368e-05
2.31817e-05
2.22483e-05
2.1527e-05
2.10663e-05
2.11922e-05
2.28386e-05
2.7443e-05
3.57916e-05
4.68417e-05
5.82353e-05
6.77882e-05
7.42792e-05
7.74009e-05
7.74184e-05
7.48521e-05
7.02645e-05
6.33511e-05
5.44947e-05
4.5348e-05
3.72423e-05
3.08601e-05
2.62746e-05
2.31973e-05
2.1225e-05
1.999e-05
1.92146e-05
1.87126e-05
1.83686e-05
1.81154e-05
1.79154e-05
1.77482e-05
1.76025e-05
1.74722e-05
1.73531e-05
1.72424e-05
1.7138e-05
1.70385e-05
1.69428e-05
1.68507e-05
1.67625e-05
1.66791e-05
1.66021e-05
1.65337e-05
1.64769e-05
1.6436e-05
1.64162e-05
1.64251e-05
1.64728e-05
1.6574e-05
1.67503e-05
1.70313e-05
1.74747e-05
1.81209e-05
1.92818e-05
2.08103e-05
3.48418e-05
3.07437e-05
2.79365e-05
2.59071e-05
2.43803e-05
2.3197e-05
2.22647e-05
2.1538e-05
2.10431e-05
2.10114e-05
2.21323e-05
2.55258e-05
3.19438e-05
4.07952e-05
5.02924e-05
5.855e-05
6.43681e-05
6.73278e-05
6.75584e-05
6.54695e-05
6.15556e-05
5.5617e-05
4.80993e-05
4.04218e-05
3.3687e-05
2.84315e-05
2.4684e-05
2.21835e-05
2.05858e-05
1.95841e-05
1.895e-05
1.85324e-05
1.82391e-05
1.80169e-05
1.78369e-05
1.76837e-05
1.7549e-05
1.74279e-05
1.7317e-05
1.7214e-05
1.71167e-05
1.70234e-05
1.69333e-05
1.68459e-05
1.67614e-05
1.66808e-05
1.66058e-05
1.65386e-05
1.64824e-05
1.64412e-05
1.64207e-05
1.64282e-05
1.64738e-05
1.6572e-05
1.67442e-05
1.70193e-05
1.74532e-05
1.80845e-05
1.92071e-05
2.06568e-05
3.48414e-05
3.07449e-05
2.79409e-05
2.59151e-05
2.43919e-05
2.32116e-05
2.22805e-05
2.155e-05
2.10293e-05
2.08789e-05
2.16e-05
2.40474e-05
2.88859e-05
3.58239e-05
4.35554e-05
5.05166e-05
5.55893e-05
5.82925e-05
5.86475e-05
5.69646e-05
5.36701e-05
4.86547e-05
4.23901e-05
3.60662e-05
3.05738e-05
2.63239e-05
2.33142e-05
2.13156e-05
2.00408e-05
1.92383e-05
1.87243e-05
1.83782e-05
1.81278e-05
1.79325e-05
1.77706e-05
1.7631e-05
1.75078e-05
1.73973e-05
1.72967e-05
1.72035e-05
1.71156e-05
1.70311e-05
1.69489e-05
1.68683e-05
1.67898e-05
1.67141e-05
1.6643e-05
1.65788e-05
1.6525e-05
1.64856e-05
1.64663e-05
1.64745e-05
1.65205e-05
1.66187e-05
1.67903e-05
1.70641e-05
1.74943e-05
1.81182e-05
1.92137e-05
2.06007e-05
3.48411e-05
3.07461e-05
2.79449e-05
2.59225e-05
2.44027e-05
2.32254e-05
2.22959e-05
2.15628e-05
2.10228e-05
2.07836e-05
2.12036e-05
2.29223e-05
2.64957e-05
3.18152e-05
3.79581e-05
4.3675e-05
4.79723e-05
5.03518e-05
5.07569e-05
4.94124e-05
4.66787e-05
4.25198e-05
3.74011e-05
3.22945e-05
2.79018e-05
2.45294e-05
2.21556e-05
2.05852e-05
1.95832e-05
1.8948e-05
1.85341e-05
1.82477e-05
1.80337e-05
1.78618e-05
1.77168e-05
1.75912e-05
1.7481e-05
1.73833e-05
1.72957e-05
1.72156e-05
1.71405e-05
1.70683e-05
1.69974e-05
1.69272e-05
1.68577e-05
1.679e-05
1.67257e-05
1.66676e-05
1.6619e-05
1.65843e-05
1.65694e-05
1.6582e-05
1.66325e-05
1.67355e-05
1.69124e-05
1.71918e-05
1.76271e-05
1.82543e-05
1.9336e-05
2.06765e-05
3.48407e-05
3.07471e-05
2.79485e-05
2.59294e-05
2.44128e-05
2.32384e-05
2.23106e-05
2.1576e-05
2.10218e-05
2.07169e-05
2.09123e-05
2.20771e-05
2.46567e-05
2.86439e-05
3.34048e-05
3.7974e-05
4.15069e-05
4.3525e-05
4.39224e-05
4.28546e-05
4.06201e-05
3.72376e-05
3.31397e-05
2.90996e-05
2.56563e-05
2.30318e-05
2.11941e-05
1.99811e-05
1.92052e-05
1.87077e-05
1.83761e-05
1.8139e-05
1.79556e-05
1.78048e-05
1.76764e-05
1.7566e-05
1.74712e-05
1.73898e-05
1.73194e-05
1.7257e-05
1.71996e-05
1.71446e-05
1.70901e-05
1.70351e-05
1.69795e-05
1.69243e-05
1.68715e-05
1.68239e-05
1.67853e-05
1.67604e-05
1.67554e-05
1.67784e-05
1.68404e-05
1.69564e-05
1.71481e-05
1.74449e-05
1.78989e-05
1.85455e-05
1.96307e-05
2.0942e-05
3.48404e-05
3.0748e-05
2.79519e-05
2.59357e-05
2.44223e-05
2.32506e-05
2.23248e-05
2.15894e-05
2.10248e-05
2.06717e-05
2.07015e-05
2.14509e-05
2.32639e-05
2.61816e-05
2.97781e-05
3.33289e-05
3.61439e-05
3.77911e-05
3.81409e-05
3.72954e-05
3.54965e-05
3.2799e-05
2.95857e-05
2.6455e-05
2.38102e-05
2.18077e-05
2.04114e-05
1.94906e-05
1.88981e-05
1.85119e-05
1.82468e-05
1.805e-05
1.78929e-05
1.77616e-05
1.76506e-05
1.7558e-05
1.74825e-05
1.74224e-05
1.7375e-05
1.73368e-05
1.73041e-05
1.72736e-05
1.72427e-05
1.721e-05
1.71754e-05
1.714e-05
1.71058e-05
1.70762e-05
1.70553e-05
1.70486e-05
1.70628e-05
1.71069e-05
1.71925e-05
1.73355e-05
1.75586e-05
1.78919e-05
1.83866e-05
1.90765e-05
2.01876e-05
2.14892e-05
3.48402e-05
3.07488e-05
2.79549e-05
2.59415e-05
2.4431e-05
2.32621e-05
2.23382e-05
2.16027e-05
2.10308e-05
2.06427e-05
2.05517e-05
2.09934e-05
2.2225e-05
2.43041e-05
2.69489e-05
2.96287e-05
3.17992e-05
3.30908e-05
3.33696e-05
3.26994e-05
3.12719e-05
2.91621e-05
2.66936e-05
2.4317e-05
2.23264e-05
2.08283e-05
1.97872e-05
1.90997e-05
1.86529e-05
1.83549e-05
1.81427e-05
1.79792e-05
1.78452e-05
1.77333e-05
1.76419e-05
1.7571e-05
1.75205e-05
1.74888e-05
1.74727e-05
1.74679e-05
1.74696e-05
1.74737e-05
1.74769e-05
1.74773e-05
1.74746e-05
1.74699e-05
1.74659e-05
1.74664e-05
1.74763e-05
1.75022e-05
1.75518e-05
1.76353e-05
1.77657e-05
1.79602e-05
1.82425e-05
1.86435e-05
1.92121e-05
1.99791e-05
2.11431e-05
2.24551e-05
3.48399e-05
3.07495e-05
2.79576e-05
2.59469e-05
2.44391e-05
2.32728e-05
2.2351e-05
2.16159e-05
2.10389e-05
2.06257e-05
2.04475e-05
2.06644e-05
2.14623e-05
2.28977e-05
2.47863e-05
2.67467e-05
2.83626e-05
2.93319e-05
2.95308e-05
2.89968e-05
2.78786e-05
2.62585e-05
2.43989e-05
2.26301e-05
2.11612e-05
2.00618e-05
1.92996e-05
1.87941e-05
1.84606e-05
1.82312e-05
1.8061e-05
1.79251e-05
1.78127e-05
1.77217e-05
1.76536e-05
1.76106e-05
1.75932e-05
1.75997e-05
1.76263e-05
1.76677e-05
1.77177e-05
1.77712e-05
1.78237e-05
1.78731e-05
1.79188e-05
1.79624e-05
1.8007e-05
1.80577e-05
1.81207e-05
1.82039e-05
1.83172e-05
1.84722e-05
1.86837e-05
1.89703e-05
1.93561e-05
1.98711e-05
2.05584e-05
2.14417e-05
2.26824e-05
2.40091e-05
3.48397e-05
3.075e-05
2.796e-05
2.59517e-05
2.44466e-05
2.32828e-05
2.2363e-05
2.16287e-05
2.10484e-05
2.06175e-05
2.03771e-05
2.0432e-05
2.09114e-05
2.18628e-05
2.31659e-05
2.4551e-05
2.5708e-05
2.63998e-05
2.65203e-05
2.60905e-05
2.5224e-05
2.4e-05
2.26238e-05
2.13314e-05
2.02674e-05
1.94753e-05
1.89267e-05
1.85601e-05
1.83127e-05
1.81359e-05
1.7999e-05
1.78871e-05
1.77964e-05
1.77295e-05
1.76909e-05
1.76844e-05
1.77113e-05
1.77698e-05
1.7855e-05
1.79602e-05
1.80782e-05
1.8202e-05
1.83266e-05
1.8449e-05
1.85689e-05
1.86884e-05
1.8812e-05
1.89463e-05
1.91e-05
1.92832e-05
1.9508e-05
1.97883e-05
2.014e-05
2.05812e-05
2.11331e-05
2.18199e-05
2.26716e-05
2.36983e-05
2.50195e-05
2.63254e-05
3.48395e-05
3.07505e-05
2.79621e-05
2.5956e-05
2.44534e-05
2.32921e-05
2.23744e-05
2.16411e-05
2.10588e-05
2.06155e-05
2.03315e-05
2.02712e-05
2.05205e-05
2.11149e-05
2.19755e-05
2.2914e-05
2.37049e-05
2.41683e-05
2.42187e-05
2.38678e-05
2.32006e-05
2.2288e-05
2.12848e-05
2.03558e-05
1.95979e-05
1.90368e-05
1.86478e-05
1.83846e-05
1.82015e-05
1.80647e-05
1.79548e-05
1.78653e-05
1.77986e-05
1.77612e-05
1.77609e-05
1.78031e-05
1.78898e-05
1.80188e-05
1.81844e-05
1.83786e-05
1.85922e-05
1.88172e-05
1.90473e-05
1.92794e-05
1.95135e-05
1.97531e-05
2.00051e-05
2.02786e-05
2.05855e-05
2.09389e-05
2.13531e-05
2.1842e-05
2.24191e-05
2.30958e-05
2.38823e-05
2.47884e-05
2.58227e-05
2.69763e-05
2.83378e-05
2.95236e-05
3.48393e-05
3.07508e-05
2.79639e-05
2.59599e-05
2.44596e-05
2.33006e-05
2.2385e-05
2.1653e-05
2.10697e-05
2.06181e-05
2.03037e-05
2.01627e-05
2.02484e-05
2.05845e-05
2.11182e-05
2.17194e-05
2.22277e-05
2.25106e-05
2.25028e-05
2.22109e-05
2.16977e-05
2.10229e-05
2.02999e-05
1.96408e-05
1.91087e-05
1.87168e-05
1.84443e-05
1.82563e-05
1.81203e-05
1.8014e-05
1.79273e-05
1.78609e-05
1.78226e-05
1.78233e-05
1.78736e-05
1.79811e-05
1.81485e-05
1.83737e-05
1.865e-05
1.8968e-05
1.93172e-05
1.96881e-05
2.00738e-05
2.04713e-05
2.08822e-05
2.13122e-05
2.17716e-05
2.22733e-05
2.28324e-05
2.34637e-05
2.41794e-05
2.49867e-05
2.5886e-05
2.68709e-05
2.79292e-05
2.90494e-05
3.0219e-05
3.14125e-05
3.27246e-05
3.36232e-05
3.48392e-05
3.0751e-05
2.79654e-05
2.59633e-05
2.44651e-05
2.33083e-05
2.23948e-05
2.16642e-05
2.10807e-05
2.06236e-05
2.02886e-05
2.0092e-05
2.00635e-05
2.0216e-05
2.05135e-05
2.08666e-05
2.11631e-05
2.13086e-05
2.12551e-05
2.10069e-05
2.06099e-05
2.01119e-05
1.9594e-05
1.91304e-05
1.87605e-05
1.84895e-05
1.82997e-05
1.81651e-05
1.80633e-05
1.79812e-05
1.79165e-05
1.78763e-05
1.78739e-05
1.79247e-05
1.80428e-05
1.82379e-05
1.85145e-05
1.88707e-05
1.92996e-05
1.97909e-05
2.03329e-05
2.09154e-05
2.15315e-05
2.21792e-05
2.28625e-05
2.35909e-05
2.43784e-05
2.52407e-05
2.61926e-05
2.72425e-05
2.83892e-05
2.96176e-05
3.09008e-05
3.22031e-05
3.34879e-05
3.47277e-05
3.59039e-05
3.69851e-05
3.80909e-05
3.85319e-05
3.4839e-05
3.07511e-05
2.79666e-05
2.59662e-05
2.447e-05
2.33154e-05
2.24038e-05
2.16748e-05
2.10916e-05
2.06311e-05
2.02824e-05
2.00481e-05
1.99412e-05
1.9966e-05
2.00964e-05
2.02714e-05
2.04139e-05
2.04582e-05
2.03707e-05
2.01546e-05
1.9843e-05
1.94733e-05
1.91017e-05
1.87761e-05
1.85199e-05
1.8333e-05
1.82003e-05
1.8103e-05
1.80264e-05
1.79649e-05
1.79235e-05
1.79157e-05
1.79604e-05
1.8078e-05
1.82868e-05
1.85998e-05
1.9024e-05
1.95591e-05
2.01991e-05
2.09337e-05
2.17511e-05
2.26409e-05
2.35971e-05
2.46198e-05
2.5716e-05
2.68978e-05
2.81799e-05
2.95733e-05
3.10794e-05
3.26831e-05
3.43502e-05
3.60282e-05
3.76559e-05
3.91739e-05
4.05357e-05
4.17179e-05
4.27186e-05
4.35105e-05
4.42383e-05
4.4083e-05
3.48389e-05
3.0751e-05
2.79675e-05
2.59686e-05
2.44744e-05
2.33217e-05
2.24121e-05
2.16847e-05
2.11021e-05
2.06398e-05
2.02822e-05
2.0023e-05
1.98634e-05
1.98011e-05
1.9816e-05
1.98663e-05
1.98998e-05
1.98719e-05
1.97601e-05
1.95674e-05
1.93174e-05
1.90385e-05
1.87687e-05
1.85381e-05
1.83594e-05
1.82292e-05
1.81351e-05
1.80635e-05
1.80064e-05
1.79651e-05
1.79515e-05
1.79858e-05
1.80933e-05
1.83003e-05
1.86303e-05
1.91018e-05
1.97258e-05
2.05061e-05
2.14392e-05
2.25162e-05
2.37263e-05
2.50595e-05
2.6511e-05
2.80818e-05
2.97788e-05
3.16094e-05
3.35762e-05
3.56662e-05
3.78456e-05
4.00547e-05
4.22149e-05
4.42386e-05
4.60458e-05
4.75771e-05
4.88016e-05
4.97193e-05
5.03614e-05
5.07057e-05
5.09318e-05
5.00723e-05
3.48388e-05
3.07508e-05
2.79681e-05
2.59706e-05
2.44781e-05
2.33273e-05
2.24195e-05
2.16938e-05
2.11122e-05
2.0649e-05
2.02859e-05
2.00106e-05
1.98164e-05
1.96961e-05
1.96331e-05
1.95982e-05
1.95567e-05
1.9479e-05
1.93508e-05
1.91749e-05
1.89685e-05
1.87522e-05
1.85516e-05
1.83846e-05
1.8257e-05
1.8164e-05
1.80953e-05
1.80419e-05
1.80019e-05
1.79834e-05
1.80056e-05
1.80962e-05
1.82878e-05
1.86142e-05
1.91065e-05
1.97909e-05
2.06867e-05
2.1804e-05
2.31445e-05
2.47018e-05
2.64661e-05
2.84269e-05
3.05767e-05
3.29103e-05
3.54213e-05
3.80937e-05
4.08932e-05
4.37584e-05
4.66029e-05
4.93203e-05
5.18014e-05
5.39492e-05
5.56949e-05
5.70037e-05
5.78779e-05
5.8349e-05
5.84873e-05
5.82689e-05
5.79167e-05
5.62901e-05
3.48387e-05
3.07505e-05
2.79684e-05
2.59722e-05
2.44812e-05
2.33321e-05
2.24262e-05
2.17021e-05
2.11216e-05
2.06584e-05
2.02921e-05
2.00068e-05
1.97905e-05
1.96326e-05
1.95183e-05
1.9427e-05
1.93353e-05
1.92245e-05
1.90857e-05
1.89219e-05
1.87455e-05
1.85715e-05
1.84165e-05
1.82908e-05
1.8196e-05
1.81265e-05
1.80744e-05
1.80352e-05
1.8013e-05
1.80236e-05
1.8094e-05
1.82604e-05
1.85646e-05
1.90501e-05
1.97596e-05
2.07318e-05
2.19984e-05
2.35796e-05
2.54832e-05
2.77051e-05
3.02327e-05
3.30477e-05
3.61274e-05
3.94407e-05
4.29431e-05
4.65666e-05
5.02179e-05
5.37788e-05
5.71198e-05
6.01136e-05
6.26536e-05
6.4664e-05
6.61087e-05
6.69896e-05
6.7346e-05
6.72394e-05
6.67783e-05
6.5927e-05
6.49616e-05
6.25443e-05
3.48386e-05
3.07501e-05
2.79684e-05
2.59732e-05
2.44837e-05
2.33363e-05
2.24321e-05
2.17096e-05
2.11304e-05
2.06676e-05
2.02997e-05
2.00085e-05
1.97786e-05
1.95971e-05
1.94502e-05
1.93226e-05
1.91986e-05
1.90664e-05
1.89213e-05
1.87661e-05
1.86101e-05
1.84639e-05
1.83382e-05
1.82384e-05
1.81637e-05
1.81086e-05
1.8068e-05
1.80422e-05
1.80423e-05
1.80922e-05
1.82283e-05
1.8497e-05
1.89512e-05
1.9649e-05
2.06505e-05
2.20138e-05
2.37872e-05
2.60025e-05
2.8672e-05
3.17868e-05
3.53203e-05
3.9227e-05
4.34429e-05
4.78809e-05
5.24299e-05
5.69546e-05
6.13056e-05
6.53306e-05
6.88921e-05
7.18774e-05
7.42103e-05
7.58529e-05
7.68081e-05
7.71136e-05
7.6842e-05
7.6079e-05
7.49678e-05
7.34496e-05
7.18665e-05
6.86705e-05
3.48386e-05
3.07495e-05
2.79681e-05
2.59739e-05
2.44856e-05
2.33397e-05
2.24372e-05
2.17163e-05
2.11384e-05
2.06763e-05
2.03079e-05
2.00135e-05
1.97758e-05
1.958e-05
1.94132e-05
1.92632e-05
1.91192e-05
1.8974e-05
1.88255e-05
1.86765e-05
1.85339e-05
1.84055e-05
1.82979e-05
1.82137e-05
1.81508e-05
1.81047e-05
1.80737e-05
1.8064e-05
1.80947e-05
1.81995e-05
1.84253e-05
1.88305e-05
1.94846e-05
2.04672e-05
2.1865e-05
2.37611e-05
2.62224e-05
2.92882e-05
3.29652e-05
3.72232e-05
4.19956e-05
4.71776e-05
5.26308e-05
5.81867e-05
6.36618e-05
6.88694e-05
7.36384e-05
7.78221e-05
8.131e-05
8.40275e-05
8.59392e-05
8.70463e-05
8.73866e-05
8.70268e-05
8.60684e-05
8.46135e-05
8.2826e-05
8.06248e-05
7.84663e-05
7.45305e-05
3.48385e-05
3.07488e-05
2.79675e-05
2.5974e-05
2.4487e-05
2.33425e-05
2.24414e-05
2.17221e-05
2.11455e-05
2.06843e-05
2.03162e-05
2.00204e-05
1.97784e-05
1.95748e-05
1.93965e-05
1.92334e-05
1.90777e-05
1.89251e-05
1.87751e-05
1.86305e-05
1.84968e-05
1.83794e-05
1.82826e-05
1.82072e-05
1.81509e-05
1.81114e-05
1.80913e-05
1.81043e-05
1.81792e-05
1.83604e-05
1.8707e-05
1.92942e-05
2.02161e-05
2.15857e-05
2.35244e-05
2.6142e-05
2.95172e-05
3.36831e-05
3.86182e-05
4.42394e-05
5.04031e-05
5.69108e-05
6.35302e-05
7.00168e-05
7.61431e-05
8.17136e-05
8.65772e-05
9.06255e-05
9.37925e-05
9.60471e-05
9.73913e-05
9.7858e-05
9.75134e-05
9.64452e-05
9.47743e-05
9.26197e-05
9.01602e-05
8.73074e-05
8.4623e-05
8.00034e-05
3.48385e-05
3.0748e-05
2.79665e-05
2.59737e-05
2.44877e-05
2.33445e-05
2.24449e-05
2.1727e-05
2.11518e-05
2.06916e-05
2.0324e-05
2.0028e-05
1.97843e-05
1.95766e-05
1.93924e-05
1.92222e-05
1.90603e-05
1.89041e-05
1.87538e-05
1.86125e-05
1.84844e-05
1.83736e-05
1.82828e-05
1.82121e-05
1.816e-05
1.81274e-05
1.81233e-05
1.81707e-05
1.83093e-05
1.85951e-05
1.91032e-05
1.99341e-05
2.12213e-05
2.31228e-05
2.57965e-05
2.93688e-05
3.39113e-05
3.94226e-05
4.58166e-05
5.29165e-05
6.04683e-05
6.81677e-05
7.57049e-05
8.27993e-05
8.92275e-05
9.48274e-05
9.94959e-05
0.000103175
0.000105845
0.000107511
0.000108202
0.000107973
0.000106898
0.000105106
0.00010274
9.99226e-05
9.68389e-05
9.33765e-05
9.02125e-05
8.49746e-05
3.48385e-05
3.0747e-05
2.79653e-05
2.59729e-05
2.44878e-05
2.33457e-05
2.24475e-05
2.1731e-05
2.11571e-05
2.06981e-05
2.03313e-05
2.00357e-05
1.97916e-05
1.95826e-05
1.93957e-05
1.92225e-05
1.90578e-05
1.89002e-05
1.87505e-05
1.86115e-05
1.84871e-05
1.838e-05
1.82922e-05
1.82241e-05
1.81762e-05
1.81543e-05
1.81763e-05
1.82759e-05
1.85041e-05
1.89306e-05
1.96547e-05
2.08199e-05
2.26156e-05
2.52478e-05
2.88962e-05
3.36784e-05
3.96252e-05
4.66592e-05
5.45873e-05
6.31077e-05
7.18525e-05
8.04394e-05
8.85301e-05
9.58598e-05
0.00010225
0.000107596
0.00011185
0.000115002
0.000117066
0.000118071
0.000118058
0.000117093
0.000115309
0.000112838
0.000109826
0.000106394
0.000102736
9.871e-05
9.5108e-05
8.9326e-05
3.48385e-05
3.07458e-05
2.79637e-05
2.59717e-05
2.44873e-05
2.33463e-05
2.24492e-05
2.17341e-05
2.11614e-05
2.07035e-05
2.03377e-05
2.00429e-05
1.97994e-05
1.95904e-05
1.94031e-05
1.92291e-05
1.90639e-05
1.89063e-05
1.87575e-05
1.86204e-05
1.84982e-05
1.83931e-05
1.8307e-05
1.82412e-05
1.82002e-05
1.81978e-05
1.82623e-05
1.84387e-05
1.8789e-05
1.94033e-05
2.04249e-05
2.20641e-05
2.45721e-05
2.81828e-05
3.3064e-05
3.92833e-05
4.67855e-05
5.53743e-05
6.47224e-05
7.44089e-05
8.39898e-05
9.30621e-05
0.000101314
0.000108535
0.000114612
0.000119498
0.000123193
0.000125723
0.000127122
0.000127419
0.000126682
0.000125028
0.000122589
0.000119497
0.000115896
0.000111902
0.000107716
0.000103174
9.91686e-05
9.29244e-05
3.48386e-05
3.07445e-05
2.79618e-05
2.59699e-05
2.44861e-05
2.33461e-05
2.24502e-05
2.17362e-05
2.11647e-05
2.0708e-05
2.03432e-05
2.00494e-05
1.98069e-05
1.95988e-05
1.94123e-05
1.92389e-05
1.90743e-05
1.89176e-05
1.87701e-05
1.86343e-05
1.85135e-05
1.84096e-05
1.83249e-05
1.82637e-05
1.82372e-05
1.82698e-05
1.84009e-05
1.86844e-05
1.91968e-05
2.00699e-05
2.15235e-05
2.3847e-05
2.73274e-05
3.21803e-05
3.8512e-05
4.6292e-05
5.53363e-05
6.53086e-05
7.57624e-05
8.62064e-05
9.61851e-05
0.000105332
0.000113397
0.00012024
0.000125808
0.000130104
0.000133161
0.000135021
0.000135716
0.000135301
0.000133895
0.000131613
0.000128581
0.000124929
0.000120797
0.000116294
0.000111626
0.00010661
0.000102226
9.56116e-05
3.48386e-05
3.0743e-05
2.79595e-05
2.59676e-05
2.44843e-05
2.33451e-05
2.24502e-05
2.17374e-05
2.1167e-05
2.07113e-05
2.03476e-05
2.00549e-05
1.98137e-05
1.9607e-05
1.94218e-05
1.92498e-05
1.90866e-05
1.89312e-05
1.8785e-05
1.86504e-05
1.85307e-05
1.84278e-05
1.83464e-05
1.82964e-05
1.82996e-05
1.83918e-05
1.86197e-05
1.90443e-05
1.97778e-05
2.10372e-05
2.31426e-05
2.6429e-05
3.11564e-05
3.74616e-05
4.53379e-05
5.46162e-05
6.49706e-05
7.59504e-05
8.70491e-05
9.77756e-05
0.000107721
0.00011659
0.000124204
0.000130484
0.000135426
0.000139063
0.000141442
0.000142604
0.000142595
0.00014153
0.000139518
0.000136672
0.000133111
0.000128958
0.000124348
0.000119384
0.000114272
0.000108822
0.000104072
9.71925e-05
3.48387e-05
3.07413e-05
2.79568e-05
2.59647e-05
2.44818e-05
2.33432e-05
2.24492e-05
2.17375e-05
2.11682e-05
2.07135e-05
2.03508e-05
2.00592e-05
1.98193e-05
1.96142e-05
1.94309e-05
1.92606e-05
1.90991e-05
1.89453e-05
1.88005e-05
1.86672e-05
1.85486e-05
1.84486e-05
1.83768e-05
1.83535e-05
1.8413e-05
1.85968e-05
1.89511e-05
1.95627e-05
2.06367e-05
2.2516e-05
2.55793e-05
3.01212e-05
3.62992e-05
4.41175e-05
5.34211e-05
6.38993e-05
7.51222e-05
8.65942e-05
9.7825e-05
0.000108383
0.000117936
0.000126264
0.00013325
0.000138861
0.000143118
0.000146066
0.000147751
0.000148209
0.000147558
0.000145903
0.000143348
0.000139997
0.000135963
0.000131361
0.00012632
0.000120935
0.000115411
0.000109563
0.000104448
9.74245e-05
3.48387e-05
3.07392e-05
2.79535e-05
2.5961e-05
2.44782e-05
2.33402e-05
2.24471e-05
2.17363e-05
2.11682e-05
2.07145e-05
2.03529e-05
2.00625e-05
1.98241e-05
1.96207e-05
1.94393e-05
1.92711e-05
1.91116e-05
1.89597e-05
1.88167e-05
1.86852e-05
1.85697e-05
1.84793e-05
1.84341e-05
1.84681e-05
1.86203e-05
1.89227e-05
1.94344e-05
2.03438e-05
2.20135e-05
2.48597e-05
2.91995e-05
3.51924e-05
4.28398e-05
5.19876e-05
6.23438e-05
7.35085e-05
8.50278e-05
9.64413e-05
0.000107332
0.000117354
0.000126253
0.00013387
0.000140129
0.00014502
0.00014857
0.000150813
0.000151792
0.000151606
0.000150368
0.000148178
0.00014513
0.000141323
0.000136861
0.000131852
0.000126417
0.000120646
0.000114733
0.000108521
0.000103032
9.60078e-05
3.48386e-05
3.07365e-05
2.7949e-05
2.59556e-05
2.44728e-05
2.33354e-05
2.24434e-05
2.17342e-05
2.11675e-05
2.07154e-05
2.03553e-05
2.00664e-05
1.98297e-05
1.96283e-05
1.94492e-05
1.92836e-05
1.91269e-05
1.89781e-05
1.88386e-05
1.87122e-05
1.8608e-05
1.85479e-05
1.85672e-05
1.87029e-05
1.89722e-05
1.94058e-05
2.01787e-05
2.16783e-05
2.43506e-05
2.85141e-05
3.43088e-05
4.17113e-05
5.05582e-05
6.05686e-05
7.13836e-05
8.26044e-05
9.38335e-05
0.000104698
0.000114875
0.000124099
0.000132177
0.000138986
0.000144471
0.000148623
0.000151454
0.00015298
0.000153291
0.000152506
0.000150726
0.000148039
0.000144534
0.000140304
0.000135446
0.00013006
0.00012426
0.00011813
0.000111852
0.000105315
9.94403e-05
9.25808e-05
3.4838e-05
3.07318e-05
2.79411e-05
2.59462e-05
2.44634e-05
2.33276e-05
2.24386e-05
2.17331e-05
2.11705e-05
2.0722e-05
2.03651e-05
2.00792e-05
1.98455e-05
1.96474e-05
1.94722e-05
1.93113e-05
1.91605e-05
1.90195e-05
1.88912e-05
1.87825e-05
1.87179e-05
1.87388e-05
1.88776e-05
1.9131e-05
1.95026e-05
2.01736e-05
2.15702e-05
2.41517e-05
2.82056e-05
3.38215e-05
4.09334e-05
4.93558e-05
5.88199e-05
6.90088e-05
7.95944e-05
9.02558e-05
0.000100694
0.000110636
0.000119838
0.000128096
0.000135254
0.000141206
0.000145894
0.000149294
0.000151381
0.000152204
0.000151885
0.000150529
0.000148226
0.000145061
0.000141118
0.000136483
0.000131248
0.000125509
0.00011937
0.000112915
0.000106302
9.94967e-05
9.32351e-05
8.67292e-05
3.48346e-05
3.072e-05
2.79224e-05
2.59247e-05
2.44441e-05
2.33157e-05
2.24381e-05
2.17462e-05
2.11971e-05
2.07607e-05
2.04137e-05
2.01361e-05
1.991e-05
1.972e-05
1.95544e-05
1.94059e-05
1.9272e-05
1.91553e-05
1.90633e-05
1.90143e-05
1.90588e-05
1.9221e-05
1.94638e-05
1.97787e-05
2.04006e-05
2.18064e-05
2.44248e-05
2.84615e-05
3.39263e-05
4.06964e-05
4.85655e-05
5.72813e-05
6.65807e-05
7.621e-05
8.5936e-05
9.55423e-05
0.000104825
0.00011359
0.000121651
0.000128841
0.000135018
0.000140076
0.000143942
0.000146555
0.000147871
0.000148008
0.000147067
0.000145142
0.000142318
0.000138676
0.000134299
0.00012927
0.000123679
0.000117617
0.000111179
0.000104455
9.75709e-05
9.05912e-05
8.39808e-05
7.80284e-05
3.48199e-05
3.0681e-05
2.78659e-05
2.58646e-05
2.43973e-05
2.32985e-05
2.24625e-05
2.18172e-05
2.13123e-05
2.0913e-05
2.05949e-05
2.03396e-05
2.01322e-05
1.9961e-05
1.98176e-05
1.96988e-05
1.96067e-05
1.9551e-05
1.95512e-05
1.96466e-05
1.9841e-05
2.00557e-05
2.03393e-05
2.10429e-05
2.26464e-05
2.54573e-05
2.95493e-05
3.48384e-05
4.1154e-05
4.82863e-05
5.60205e-05
6.41584e-05
7.25279e-05
8.09797e-05
8.93785e-05
9.7593e-05
0.000105486
0.000112914
0.000119723
0.000125764
0.000130897
0.000135009
0.000137995
0.000139737
0.000140274
0.000139709
0.000138126
0.000135615
0.000132258
0.00012814
0.000123341
0.000117948
0.000112049
0.000105732
9.9089e-05
9.22135e-05
8.51951e-05
7.8213e-05
7.13846e-05
6.61645e-05
3.47533e-05
3.05325e-05
2.76669e-05
2.56633e-05
2.42443e-05
2.32359e-05
2.25158e-05
2.19903e-05
2.159e-05
2.12689e-05
2.1002e-05
2.07765e-05
2.05864e-05
2.04283e-05
2.03015e-05
2.02099e-05
2.01646e-05
2.01887e-05
2.03244e-05
2.06272e-05
2.09389e-05
2.1447e-05
2.25539e-05
2.45915e-05
2.76787e-05
3.17617e-05
3.66961e-05
4.23048e-05
4.84139e-05
5.48724e-05
6.15593e-05
6.83805e-05
7.52592e-05
8.21272e-05
8.89119e-05
9.55321e-05
0.000101886
0.000107858
0.000113309
0.0001181
0.000122089
0.000125153
0.000127143
0.000127936
0.000127645
0.000126338
0.000124088
0.000120984
0.000117111
0.000112558
0.000107411
0.000101759
9.56902e-05
8.92958e-05
8.26605e-05
7.58875e-05
6.90252e-05
6.23561e-05
5.5639e-05
5.12502e-05
3.44304e-05
2.9913e-05
2.68931e-05
2.48806e-05
2.35707e-05
2.27501e-05
2.22518e-05
2.19387e-05
2.17094e-05
2.15016e-05
2.12917e-05
2.10795e-05
2.08775e-05
2.07028e-05
2.05766e-05
2.05296e-05
2.06095e-05
2.08948e-05
2.15065e-05
2.25155e-05
2.382e-05
2.56541e-05
2.81501e-05
3.13035e-05
3.5023e-05
3.9184e-05
4.36659e-05
4.83694e-05
5.32219e-05
5.81745e-05
6.31943e-05
6.82577e-05
7.33389e-05
7.84083e-05
8.34184e-05
8.83096e-05
9.29943e-05
9.73717e-05
0.000101313
0.000104691
0.000107373
0.000109227
0.00011004
0.000109834
0.000108671
0.000106613
0.000103735
0.000100127
9.58789e-05
9.10853e-05
8.5836e-05
8.02256e-05
7.43423e-05
6.82791e-05
6.21158e-05
5.59584e-05
4.9826e-05
4.4031e-05
3.81222e-05
3.45175e-05
3.27524e-05
2.73098e-05
2.39954e-05
2.20966e-05
2.11573e-05
2.08592e-05
2.09463e-05
2.12012e-05
2.14628e-05
2.16398e-05
2.17124e-05
2.17082e-05
2.16817e-05
2.17e-05
2.18375e-05
2.2182e-05
2.28374e-05
2.39318e-05
2.55895e-05
2.76873e-05
2.997e-05
3.24492e-05
3.51024e-05
3.78868e-05
4.07611e-05
4.36916e-05
4.66585e-05
4.96531e-05
5.26753e-05
5.57305e-05
5.88216e-05
6.19491e-05
6.50992e-05
6.82507e-05
7.13585e-05
7.43704e-05
7.72051e-05
7.97799e-05
8.19854e-05
8.37267e-05
8.4899e-05
8.53658e-05
8.49426e-05
8.3751e-05
8.18155e-05
7.92038e-05
7.59925e-05
7.22733e-05
6.81331e-05
6.36658e-05
5.89587e-05
5.41026e-05
4.91802e-05
4.42758e-05
3.94581e-05
3.4813e-05
3.03568e-05
2.6277e-05
2.22454e-05
1.93571e-05
2.52274e-05
1.96441e-05
1.75352e-05
1.7064e-05
1.74887e-05
1.83916e-05
1.94742e-05
2.05131e-05
2.13776e-05
2.20233e-05
2.24822e-05
2.28286e-05
2.31571e-05
2.35664e-05
2.41489e-05
2.49937e-05
2.61787e-05
2.77677e-05
2.97489e-05
3.17666e-05
3.36013e-05
3.52564e-05
3.675e-05
3.81016e-05
3.93414e-05
4.0496e-05
4.15952e-05
4.26647e-05
4.37283e-05
4.48049e-05
4.59012e-05
4.70178e-05
4.81344e-05
4.92292e-05
5.0256e-05
5.11786e-05
5.19377e-05
5.24961e-05
5.27943e-05
5.28045e-05
5.24808e-05
5.16563e-05
5.03989e-05
4.87323e-05
4.67078e-05
4.43893e-05
4.18347e-05
3.91072e-05
3.62649e-05
3.33691e-05
3.04754e-05
2.76385e-05
2.49049e-05
2.23174e-05
1.99089e-05
1.77059e-05
1.57327e-05
1.39582e-05
1.24233e-05
1.05235e-05
1.49896e-05
1.54541e-05
1.55755e-05
1.56217e-05
1.5689e-05
1.58224e-05
1.60504e-05
1.63932e-05
1.68664e-05
1.74757e-05
1.82158e-05
1.90687e-05
2.00076e-05
2.09981e-05
2.20009e-05
2.29748e-05
2.38776e-05
2.46696e-05
2.53116e-05
2.57682e-05
2.59957e-05
2.6004e-05
2.57973e-05
2.53819e-05
2.47707e-05
2.39859e-05
2.30582e-05
2.2025e-05
2.09276e-05
1.98085e-05
1.87078e-05
1.76605e-05
1.66934e-05
1.58241e-05
1.506e-05
1.44004e-05
1.38382e-05
1.33631e-05
1.29631e-05
1.26267e-05
1.23434e-05
1.21005e-05
1.18935e-05
1.1732e-05
1.16019e-05
1.14918e-05
1.13973e-05
1.13176e-05
1.12516e-05
1.11992e-05
1.11596e-05
1.1132e-05
1.11151e-05
1.11076e-05
1.11064e-05
1.11144e-05
1.11143e-05
1.11567e-05
1.10747e-05
1.14582e-05
)
;

boundaryField
{
    inlet
    {
        type            calculated;
        value           uniform 4.12857e-05;
    }
    outlet
    {
        type            calculated;
        value           nonuniform List<scalar> 
100
(
1.10648e-05
7.54366e-06
1.29166e-05
2.65088e-05
4.42948e-05
6.19082e-05
7.75075e-05
9.06996e-05
0.000101587
0.000110386
0.000117311
0.000122554
0.000126287
0.000128674
0.000129879
0.000130068
0.000129409
0.000128067
0.000126193
0.000123923
0.000121368
0.000118619
0.000115742
0.000112781
0.000109766
0.000106712
0.000103628
0.000100514
9.73697e-05
9.41933e-05
9.09832e-05
8.77394e-05
8.44636e-05
8.116e-05
7.7835e-05
7.44975e-05
7.11589e-05
6.78325e-05
6.45337e-05
6.12794e-05
5.80873e-05
5.49757e-05
5.19626e-05
4.9065e-05
4.62985e-05
4.36766e-05
4.12101e-05
3.89069e-05
3.67718e-05
3.48064e-05
3.30093e-05
3.13763e-05
2.9901e-05
2.85751e-05
2.7389e-05
2.63323e-05
2.53941e-05
2.45638e-05
2.3831e-05
2.31863e-05
2.2621e-05
2.21282e-05
2.17024e-05
2.13402e-05
2.10416e-05
2.08103e-05
2.06568e-05
2.06007e-05
2.06765e-05
2.0942e-05
2.14892e-05
2.24551e-05
2.40091e-05
2.63254e-05
2.95236e-05
3.36232e-05
3.85319e-05
4.4083e-05
5.00723e-05
5.62901e-05
6.25443e-05
6.86705e-05
7.45305e-05
8.00034e-05
8.49746e-05
8.9326e-05
9.29244e-05
9.56116e-05
9.71925e-05
9.74245e-05
9.60078e-05
9.25808e-05
8.67292e-05
7.80284e-05
6.61645e-05
5.12502e-05
3.45175e-05
1.93571e-05
1.05235e-05
1.14582e-05
)
;
    }
    fixedWalls
    {
        type            nutkWallFunction;
        Cmu             0.09;
        kappa           0.41;
        E               9.8;
        value           nonuniform List<scalar> 
120
(
5.19124e-07
5.94105e-07
6.14694e-07
6.24006e-07
6.38347e-07
6.65128e-07
7.08903e-07
7.72227e-07
8.56371e-07
9.60482e-07
1.08217e-06
1.21733e-06
1.36095e-06
1.50733e-06
1.6504e-06
1.78423e-06
1.90292e-06
2.00121e-06
2.07409e-06
2.11614e-06
2.12598e-06
2.10476e-06
2.05341e-06
1.97358e-06
1.86796e-06
1.74043e-06
1.59587e-06
1.43984e-06
1.27821e-06
1.11672e-06
9.6055e-07
8.13953e-07
6.79906e-07
5.60092e-07
4.54915e-07
3.63875e-07
2.85769e-07
2.19149e-07
1.6238e-07
1.13957e-07
7.23332e-08
3.65037e-08
5.18488e-09
0
0
0
0
0
0
0
0
0
0
0
0
0
0
0
0
0
2.81311e-07
0
0
0
0
0
0
0
0
0
0
0
0
0
0
0
1.47086e-07
5.38351e-07
8.03345e-07
9.75854e-07
1.07176e-06
1.10109e-06
1.07312e-06
9.97945e-07
8.85588e-07
7.56566e-07
6.1868e-07
4.77602e-07
3.37805e-07
2.03134e-07
7.78368e-08
0
0
0
0
0
0
0
0
0
0
0
0
0
0
0
0
0
0
0
0
0
0
0
0
0
0
0
0
0
)
;
    }
    frontAndBack
    {
        type            empty;
    }
}


// ************************************************************************* //
