/*--------------------------------*- C++ -*----------------------------------*\
| =========                 |                                                 |
| \\      /  F ield         | OpenFOAM: The Open Source CFD Toolbox           |
|  \\    /   O peration     | Version:  2.4.0                                 |
|   \\  /    A nd           | Web:      www.OpenFOAM.org                      |
|    \\/     M anipulation  |                                                 |
\*---------------------------------------------------------------------------*/
FoamFile
{
    version     2.0;
    format      ascii;
    class       volScalarField;
    location    "1.27";
    object      p;
}
// * * * * * * * * * * * * * * * * * * * * * * * * * * * * * * * * * * * * * //

dimensions      [0 2 -2 0 0 0 0];

internalField   nonuniform List<scalar> 
6000
(
0.292147
0.286733
0.284239
0.283371
0.282488
0.281399
0.280315
0.279312
0.278369
0.277463
0.276588
0.275745
0.274934
0.274151
0.273391
0.27265
0.271927
0.271219
0.270523
0.269837
0.269161
0.268492
0.26783
0.267174
0.266524
0.265879
0.265241
0.264609
0.263985
0.263369
0.262764
0.262172
0.261596
0.261038
0.260505
0.260002
0.259536
0.259117
0.258756
0.258469
0.258275
0.258196
0.258265
0.258518
0.259004
0.259783
0.260933
0.262547
0.264747
0.267679
0.271527
0.27651
0.282892
0.290969
0.301083
0.313475
0.328552
0.345561
0.366156
0.380857
0.288207
0.285948
0.284192
0.283367
0.282554
0.281538
0.280485
0.279487
0.278537
0.277619
0.276729
0.275872
0.275047
0.274251
0.273479
0.27273
0.271998
0.271283
0.270581
0.26989
0.269208
0.268535
0.267869
0.267209
0.266556
0.265908
0.265267
0.264633
0.264006
0.263389
0.262782
0.262189
0.261611
0.261052
0.260518
0.260014
0.259546
0.259126
0.258764
0.258475
0.258278
0.258197
0.258261
0.25851
0.25899
0.259763
0.260903
0.262506
0.264692
0.267606
0.27143
0.276384
0.282731
0.290764
0.300828
0.313172
0.328229
0.34524
0.366136
0.38069
0.288055
0.286443
0.284505
0.283396
0.282519
0.281501
0.280437
0.279432
0.278485
0.277574
0.276693
0.275844
0.275026
0.274237
0.273471
0.272726
0.271999
0.271287
0.270588
0.269899
0.26922
0.268549
0.267885
0.267227
0.266575
0.265929
0.265289
0.264655
0.264029
0.263412
0.262805
0.262211
0.261632
0.261072
0.260536
0.26003
0.25956
0.259137
0.258771
0.258478
0.258277
0.25819
0.258247
0.258487
0.258956
0.259714
0.260836
0.262417
0.264573
0.267449
0.271224
0.276112
0.282371
0.290286
0.300191
0.312322
0.327099
0.343755
0.364295
0.378205
0.287403
0.286006
0.284264
0.283191
0.282374
0.281424
0.280404
0.279426
0.278501
0.277605
0.276732
0.275887
0.275069
0.274278
0.273509
0.27276
0.272028
0.271311
0.270607
0.269915
0.269232
0.268558
0.26789
0.26723
0.266576
0.265929
0.265288
0.264653
0.264027
0.26341
0.262803
0.262209
0.26163
0.261071
0.260534
0.260027
0.259557
0.259131
0.258762
0.258465
0.258257
0.258162
0.258209
0.258435
0.258886
0.259622
0.260715
0.262257
0.264365
0.267178
0.270871
0.275652
0.281771
0.289501
0.299159
0.310962
0.325291
0.341374
0.361064
0.374078
0.286845
0.285761
0.284262
0.283188
0.282351
0.281419
0.280415
0.279441
0.278518
0.277623
0.276751
0.275905
0.275087
0.274294
0.273524
0.272774
0.272041
0.271323
0.270619
0.269925
0.269242
0.268566
0.267899
0.267238
0.266583
0.265935
0.265293
0.264658
0.264031
0.263412
0.262804
0.262209
0.261628
0.261067
0.260528
0.260018
0.259543
0.259113
0.258739
0.258435
0.258218
0.258112
0.258144
0.258351
0.258779
0.259484
0.260538
0.262031
0.264074
0.266803
0.270388
0.275028
0.280961
0.288449
0.297785
0.309169
0.322936
0.338322
0.35694
0.369054
0.286377
0.285522
0.284196
0.28312
0.282269
0.281366
0.280389
0.279431
0.278517
0.277631
0.276765
0.275922
0.275106
0.274314
0.273544
0.272793
0.272059
0.271339
0.270633
0.269938
0.269253
0.268576
0.267907
0.267245
0.266589
0.26594
0.265297
0.264661
0.264033
0.263413
0.262804
0.262207
0.261625
0.261062
0.260521
0.260008
0.259529
0.259094
0.258713
0.258401
0.258173
0.258053
0.258068
0.258253
0.258651
0.259319
0.260326
0.261757
0.263721
0.266348
0.2698
0.274267
0.279974
0.287165
0.296111
0.306988
0.320085
0.334658
0.352057
0.363348
0.285973
0.28528
0.284104
0.283055
0.282205
0.281327
0.280377
0.279432
0.278525
0.277644
0.276782
0.275942
0.275126
0.274334
0.273563
0.27281
0.272074
0.271353
0.270646
0.269949
0.269262
0.268584
0.267914
0.267251
0.266594
0.265944
0.2653
0.264663
0.264034
0.263414
0.262803
0.262205
0.261622
0.261056
0.260512
0.259995
0.259513
0.259072
0.258684
0.258361
0.258122
0.257987
0.257982
0.258142
0.258508
0.259135
0.260088
0.261451
0.263326
0.265839
0.269141
0.273414
0.278865
0.28572
0.294224
0.304522
0.316854
0.330501
0.346557
0.357102
0.28562
0.285047
0.284004
0.282994
0.282146
0.281287
0.280361
0.279428
0.278528
0.277653
0.276795
0.275958
0.275143
0.274351
0.273579
0.272826
0.272089
0.271367
0.270658
0.26996
0.269272
0.268592
0.267921
0.267256
0.266599
0.265948
0.265303
0.264665
0.264035
0.263414
0.262802
0.262202
0.261617
0.261049
0.260502
0.259981
0.259493
0.259046
0.25865
0.258317
0.258065
0.257912
0.257886
0.258018
0.25835
0.258931
0.259826
0.261114
0.262893
0.265282
0.268423
0.272486
0.277665
0.284162
0.292194
0.301876
0.313388
0.326042
0.340669
0.350494
0.28531
0.284826
0.283898
0.282933
0.28209
0.281247
0.280342
0.279424
0.27853
0.277661
0.276808
0.275973
0.27516
0.274368
0.273595
0.272841
0.272103
0.27138
0.270669
0.26997
0.26928
0.2686
0.267927
0.267262
0.266603
0.265951
0.265306
0.264667
0.264036
0.263413
0.2628
0.262199
0.261611
0.26104
0.26049
0.259965
0.259472
0.259018
0.258613
0.258269
0.258002
0.257831
0.257781
0.257883
0.258176
0.258709
0.259541
0.260748
0.262424
0.264679
0.267649
0.27149
0.27638
0.282504
0.290048
0.299098
0.309777
0.321422
0.334605
0.343659
0.285036
0.284621
0.28379
0.282872
0.282037
0.281208
0.280323
0.279419
0.278532
0.277668
0.276819
0.275987
0.275174
0.274383
0.27361
0.272855
0.272116
0.271391
0.27068
0.269979
0.269289
0.268607
0.267933
0.267267
0.266607
0.265954
0.265308
0.264668
0.264036
0.263412
0.262797
0.262194
0.261604
0.26103
0.260477
0.259947
0.259448
0.258987
0.258572
0.258216
0.257933
0.257743
0.257668
0.257738
0.257989
0.258469
0.259234
0.260355
0.26192
0.264033
0.266821
0.270428
0.275017
0.280753
0.287797
0.296208
0.306055
0.316707
0.328489
0.336681
0.284793
0.284431
0.283682
0.28281
0.281988
0.28117
0.280304
0.279413
0.278534
0.277674
0.276829
0.275999
0.275188
0.274397
0.273624
0.272868
0.272128
0.271403
0.27069
0.269988
0.269296
0.268614
0.267939
0.267272
0.266611
0.265957
0.26531
0.264669
0.264036
0.26341
0.262794
0.262189
0.261596
0.26102
0.260462
0.259927
0.259422
0.258953
0.258528
0.258159
0.25786
0.257648
0.257546
0.257581
0.257789
0.258212
0.258906
0.259935
0.261383
0.263347
0.265943
0.269306
0.273582
0.278917
0.285449
0.293215
0.302236
0.311919
0.32237
0.329627
0.284577
0.284257
0.283577
0.282749
0.281941
0.281135
0.280284
0.279406
0.278534
0.277679
0.276838
0.27601
0.275201
0.27441
0.273637
0.27288
0.27214
0.271413
0.270699
0.269996
0.269303
0.26862
0.267944
0.267276
0.266614
0.265959
0.265311
0.264669
0.264035
0.263408
0.26279
0.262183
0.261588
0.261008
0.260446
0.259906
0.259394
0.258916
0.25848
0.258097
0.257781
0.257546
0.257416
0.257415
0.257576
0.25794
0.258558
0.259491
0.260816
0.262623
0.265019
0.268127
0.272078
0.277002
0.283013
0.29013
0.298334
0.307068
0.316266
0.322559
0.284385
0.284098
0.283475
0.282689
0.281897
0.281101
0.280265
0.279399
0.278534
0.277684
0.276846
0.276021
0.275212
0.274421
0.273648
0.272892
0.27215
0.271422
0.270707
0.270004
0.26931
0.268625
0.267949
0.267279
0.266617
0.265961
0.265312
0.264669
0.264033
0.263405
0.262785
0.262176
0.261578
0.260995
0.260428
0.259883
0.259364
0.258877
0.25843
0.258032
0.257697
0.257439
0.257278
0.257239
0.257351
0.257653
0.258191
0.259024
0.26022
0.261863
0.264052
0.266895
0.270512
0.275015
0.280497
0.286961
0.294357
0.302163
0.310185
0.315522
0.284214
0.283954
0.28338
0.282632
0.281856
0.28107
0.280246
0.279392
0.278534
0.277687
0.276852
0.27603
0.275222
0.274432
0.273659
0.272902
0.272159
0.271431
0.270715
0.27001
0.269316
0.26863
0.267953
0.267283
0.266619
0.265963
0.265312
0.264668
0.264031
0.263402
0.26278
0.262168
0.261568
0.26098
0.26041
0.259859
0.259332
0.258835
0.258376
0.257964
0.257609
0.257326
0.257134
0.257054
0.257115
0.257352
0.257808
0.258535
0.259597
0.261071
0.263044
0.265615
0.268889
0.272962
0.277909
0.283718
0.290316
0.297213
0.304132
0.308545
0.284063
0.283824
0.28329
0.282577
0.281817
0.281041
0.280229
0.279384
0.278533
0.277691
0.276858
0.276038
0.275232
0.274442
0.273669
0.272911
0.272168
0.271439
0.270722
0.270017
0.269321
0.268635
0.267956
0.267286
0.266621
0.265964
0.265312
0.264667
0.264029
0.263398
0.262774
0.26216
0.261556
0.260965
0.26039
0.259833
0.259298
0.258792
0.25832
0.257891
0.257516
0.257208
0.256982
0.256861
0.256869
0.257038
0.257408
0.258026
0.25895
0.260248
0.261999
0.26429
0.267213
0.270848
0.275254
0.280408
0.286218
0.292227
0.298106
0.301641
0.283929
0.283708
0.283208
0.282525
0.281782
0.281015
0.280212
0.279377
0.278532
0.277693
0.276864
0.276045
0.27524
0.274451
0.273677
0.272919
0.272176
0.271446
0.270728
0.270022
0.269326
0.268639
0.26796
0.267288
0.266623
0.265964
0.265312
0.264666
0.264026
0.263393
0.262768
0.262151
0.261544
0.260949
0.260369
0.259805
0.259263
0.258746
0.258261
0.257816
0.25742
0.257085
0.256825
0.25666
0.256613
0.256713
0.256994
0.257499
0.25828
0.259397
0.26092
0.262925
0.265489
0.26868
0.272541
0.277039
0.28207
0.287211
0.292109
0.294814
0.283811
0.283605
0.283133
0.282477
0.281749
0.280991
0.280197
0.27937
0.278531
0.277695
0.276868
0.276052
0.275248
0.274458
0.273685
0.272927
0.272183
0.271452
0.270734
0.270027
0.26933
0.268642
0.267962
0.26729
0.266624
0.265965
0.265311
0.264664
0.264023
0.263388
0.262761
0.262141
0.261531
0.260932
0.260347
0.259777
0.259226
0.258699
0.2582
0.257738
0.25732
0.256957
0.256663
0.256453
0.256349
0.256376
0.256566
0.256955
0.257589
0.258521
0.259811
0.261523
0.263723
0.266464
0.269776
0.273617
0.277879
0.28217
0.286138
0.288058
0.283709
0.283514
0.283066
0.282434
0.28172
0.280969
0.280183
0.279363
0.27853
0.277697
0.276872
0.276057
0.275254
0.274465
0.273692
0.272933
0.272189
0.271458
0.270739
0.270031
0.269334
0.268645
0.267965
0.267291
0.266625
0.265964
0.26531
0.264662
0.264019
0.263383
0.262753
0.262131
0.261518
0.260915
0.260324
0.259747
0.259188
0.258649
0.258137
0.257657
0.257217
0.256826
0.256495
0.25624
0.256077
0.256031
0.256126
0.256397
0.256881
0.257624
0.258675
0.260089
0.261919
0.264205
0.266964
0.270149
0.273649
0.277108
0.280188
0.281367
0.283622
0.283436
0.283008
0.282395
0.281694
0.28095
0.28017
0.279357
0.278528
0.277699
0.276876
0.276062
0.27526
0.274471
0.273698
0.272939
0.272194
0.271463
0.270743
0.270035
0.269337
0.268648
0.267966
0.267292
0.266625
0.265964
0.265308
0.264659
0.264015
0.263377
0.262745
0.26212
0.261504
0.260896
0.2603
0.259716
0.259148
0.258599
0.258072
0.257574
0.257111
0.256691
0.256323
0.25602
0.255799
0.255676
0.255676
0.255825
0.256157
0.256706
0.257516
0.258627
0.260082
0.261908
0.264111
0.266641
0.269386
0.272027
0.274256
0.27473
0.283548
0.28337
0.282957
0.282361
0.281671
0.280934
0.280159
0.279352
0.278527
0.2777
0.276878
0.276066
0.275264
0.274476
0.273703
0.272944
0.272199
0.271467
0.270747
0.270038
0.269339
0.268649
0.267968
0.267293
0.266625
0.265963
0.265307
0.264656
0.26401
0.26337
0.262737
0.262109
0.261489
0.260877
0.260275
0.259684
0.259107
0.258547
0.258006
0.257489
0.257003
0.256552
0.256147
0.255797
0.255514
0.255315
0.255217
0.255243
0.255418
0.255772
0.256336
0.257142
0.258217
0.25958
0.261225
0.263097
0.265093
0.266927
0.268334
0.268135
0.283487
0.283315
0.282915
0.282333
0.281652
0.28092
0.28015
0.279347
0.278526
0.277701
0.276881
0.276069
0.275268
0.27448
0.273707
0.272948
0.272202
0.27147
0.27075
0.270041
0.269341
0.268651
0.267968
0.267293
0.266624
0.265961
0.265304
0.264652
0.264005
0.263364
0.262728
0.262098
0.261474
0.260858
0.26025
0.259652
0.259066
0.258493
0.257938
0.257402
0.256892
0.256411
0.255968
0.255569
0.255225
0.254947
0.25475
0.254651
0.254669
0.254824
0.25514
0.255636
0.256329
0.257225
0.258309
0.259524
0.260774
0.26181
0.262417
0.261569
0.283439
0.283271
0.282881
0.28231
0.281636
0.280909
0.280143
0.279343
0.278525
0.277701
0.276882
0.276072
0.275271
0.274484
0.27371
0.272951
0.272205
0.271473
0.270752
0.270042
0.269343
0.268652
0.267969
0.267293
0.266623
0.26596
0.265302
0.264648
0.264
0.263357
0.262718
0.262085
0.261458
0.260837
0.260224
0.259619
0.259023
0.258439
0.257868
0.257314
0.25678
0.256268
0.255786
0.255338
0.254931
0.254574
0.254278
0.254052
0.253911
0.253866
0.25393
0.254114
0.254423
0.254848
0.255369
0.255925
0.25643
0.256674
0.256496
0.255015
0.283403
0.283239
0.282856
0.282292
0.281625
0.280901
0.280137
0.279341
0.278524
0.277702
0.276884
0.276073
0.275273
0.274486
0.273712
0.272953
0.272207
0.271474
0.270753
0.270043
0.269343
0.268652
0.267969
0.267292
0.266622
0.265958
0.265299
0.264644
0.263995
0.263349
0.262709
0.262073
0.261442
0.260817
0.260197
0.259585
0.25898
0.258384
0.257798
0.257225
0.256666
0.256124
0.255602
0.255104
0.254634
0.254198
0.253801
0.253448
0.253146
0.252899
0.252711
0.252581
0.252502
0.252456
0.252411
0.252306
0.252065
0.251518
0.250564
0.24846
0.283379
0.283217
0.282839
0.282281
0.281617
0.280895
0.280133
0.279339
0.278523
0.277702
0.276885
0.276075
0.275275
0.274488
0.273714
0.272954
0.272209
0.271475
0.270754
0.270044
0.269344
0.268652
0.267968
0.267291
0.26662
0.265955
0.265295
0.26464
0.263989
0.263342
0.262699
0.26206
0.261426
0.260796
0.26017
0.25955
0.258936
0.258328
0.257727
0.257134
0.256551
0.255978
0.255417
0.254869
0.254336
0.253819
0.25332
0.25284
0.252376
0.251927
0.251486
0.251041
0.250573
0.250053
0.249439
0.248671
0.247681
0.24634
0.244611
0.241886
0.283367
0.283207
0.28283
0.282275
0.281613
0.280893
0.280132
0.279338
0.278523
0.277702
0.276885
0.276075
0.275275
0.274488
0.273715
0.272955
0.272209
0.271476
0.270754
0.270044
0.269343
0.268651
0.267967
0.26729
0.266618
0.265952
0.265291
0.264635
0.263982
0.263334
0.262689
0.262047
0.261409
0.260774
0.260143
0.259516
0.258892
0.258272
0.257656
0.257043
0.256435
0.255831
0.25523
0.254632
0.254036
0.253439
0.252838
0.25223
0.251605
0.250953
0.250258
0.249498
0.24864
0.247644
0.24646
0.245023
0.24328
0.241138
0.238628
0.235276
0.283367
0.283207
0.28283
0.282275
0.281613
0.280893
0.280132
0.279337
0.278523
0.277702
0.276885
0.276075
0.275275
0.274488
0.273714
0.272955
0.272209
0.271475
0.270754
0.270043
0.269342
0.26865
0.267965
0.267288
0.266616
0.265949
0.265288
0.26463
0.263976
0.263325
0.262678
0.262034
0.261392
0.260753
0.260116
0.259481
0.258847
0.258215
0.257584
0.256952
0.256319
0.255684
0.255044
0.254396
0.253736
0.253059
0.252357
0.25162
0.250834
0.24998
0.249031
0.247955
0.246708
0.245235
0.243478
0.241368
0.238863
0.235909
0.232605
0.228613
0.283379
0.283217
0.282839
0.282281
0.281617
0.280895
0.280133
0.279338
0.278523
0.277702
0.276884
0.276074
0.275274
0.274487
0.273713
0.272954
0.272208
0.271474
0.270753
0.270042
0.269341
0.268648
0.267964
0.267285
0.266613
0.265946
0.265283
0.264625
0.263969
0.263317
0.262667
0.26202
0.261375
0.260731
0.260088
0.259445
0.258803
0.258158
0.257512
0.256861
0.256204
0.255537
0.254858
0.25416
0.253437
0.252679
0.251877
0.251012
0.250066
0.24901
0.247809
0.246418
0.244781
0.242832
0.240498
0.237711
0.234434
0.23065
0.226531
0.221877
0.283403
0.283239
0.282856
0.282292
0.281624
0.280901
0.280137
0.27934
0.278524
0.277702
0.276883
0.276073
0.275273
0.274485
0.273711
0.272952
0.272206
0.271472
0.270751
0.27004
0.269339
0.268646
0.267961
0.267283
0.26661
0.265942
0.265279
0.264619
0.263962
0.263308
0.262657
0.262006
0.261357
0.260709
0.26006
0.25941
0.258758
0.258102
0.25744
0.25677
0.256088
0.255391
0.254672
0.253925
0.253139
0.252303
0.251399
0.250408
0.249302
0.248046
0.246594
0.24489
0.242865
0.240438
0.237527
0.234055
0.229993
0.22536
0.220396
0.215049
0.283439
0.283271
0.282881
0.28231
0.281636
0.280909
0.280143
0.279343
0.278524
0.277701
0.276882
0.276071
0.27527
0.274482
0.273709
0.272949
0.272203
0.27147
0.270748
0.270037
0.269336
0.268644
0.267958
0.26728
0.266606
0.265938
0.265274
0.264613
0.263955
0.2633
0.262646
0.261993
0.26134
0.260687
0.260032
0.259375
0.258714
0.258046
0.257369
0.25668
0.255974
0.255246
0.254489
0.253692
0.252844
0.251929
0.250927
0.249811
0.248547
0.247092
0.245391
0.243376
0.240964
0.238062
0.23457
0.230406
0.225544
0.220036
0.21419
0.208108
0.283487
0.283315
0.282915
0.282333
0.281652
0.28092
0.28015
0.279347
0.278525
0.2777
0.27688
0.276068
0.275267
0.274479
0.273705
0.272945
0.272199
0.271466
0.270745
0.270034
0.269333
0.26864
0.267955
0.267276
0.266603
0.265934
0.265269
0.264607
0.263948
0.263291
0.262634
0.261979
0.261323
0.260665
0.260005
0.25934
0.258669
0.25799
0.257298
0.25659
0.255861
0.255103
0.254307
0.253462
0.252553
0.251561
0.25046
0.249221
0.247801
0.24615
0.244204
0.24188
0.239085
0.235707
0.231633
0.22677
0.221089
0.214675
0.207899
0.201031
0.283548
0.28337
0.282957
0.282361
0.281671
0.280934
0.280159
0.279352
0.278527
0.277699
0.276878
0.276065
0.275263
0.274474
0.273701
0.272941
0.272195
0.271462
0.270741
0.27003
0.269329
0.268637
0.267951
0.267272
0.266599
0.265929
0.265264
0.264601
0.26394
0.263281
0.262623
0.261965
0.261305
0.260643
0.259977
0.259306
0.258626
0.257935
0.257229
0.256502
0.255749
0.254961
0.254128
0.253236
0.252266
0.251198
0.250001
0.24864
0.247067
0.245224
0.243034
0.240407
0.237231
0.23338
0.228723
0.223152
0.216633
0.209276
0.201513
0.193796
0.283621
0.283436
0.283007
0.282395
0.281693
0.28095
0.28017
0.279357
0.278528
0.277698
0.276875
0.276061
0.275258
0.274469
0.273695
0.272936
0.27219
0.271457
0.270736
0.270026
0.269325
0.268633
0.267947
0.267268
0.266594
0.265924
0.265258
0.264595
0.263933
0.263272
0.262612
0.261951
0.261288
0.260622
0.25995
0.259272
0.258583
0.25788
0.25716
0.256415
0.255639
0.254823
0.253953
0.253013
0.251985
0.250842
0.249551
0.248071
0.246348
0.244315
0.241887
0.23896
0.235408
0.231087
0.225846
0.219559
0.21218
0.203839
0.195019
0.186378
0.283709
0.283514
0.283066
0.282434
0.281719
0.280969
0.280182
0.279363
0.278529
0.277696
0.276871
0.276056
0.275252
0.274463
0.273689
0.272929
0.272184
0.271452
0.270731
0.270021
0.269321
0.268628
0.267943
0.267264
0.266589
0.265919
0.265252
0.264588
0.263925
0.263263
0.262601
0.261937
0.261271
0.2606
0.259923
0.259238
0.25854
0.257827
0.257093
0.25633
0.255532
0.254687
0.253781
0.252796
0.25171
0.250495
0.249112
0.247515
0.245645
0.243427
0.240766
0.237544
0.233621
0.228834
0.22301
0.215999
0.207736
0.198365
0.188407
0.17875
0.283811
0.283604
0.283133
0.282477
0.281749
0.28099
0.280196
0.279369
0.27853
0.277694
0.276867
0.27605
0.275245
0.274456
0.273682
0.272922
0.272177
0.271445
0.270725
0.270016
0.269315
0.268623
0.267938
0.267259
0.266584
0.265914
0.265246
0.264581
0.263917
0.263254
0.26259
0.261923
0.261254
0.260579
0.259897
0.259205
0.258499
0.257775
0.257027
0.256247
0.255427
0.254554
0.253614
0.252585
0.251443
0.250156
0.248684
0.246974
0.244961
0.242562
0.239673
0.236164
0.231877
0.226629
0.220223
0.21248
0.203307
0.192854
0.181663
0.170885
0.283929
0.283708
0.283208
0.282525
0.281781
0.281014
0.280211
0.279376
0.278531
0.277692
0.276862
0.276043
0.275238
0.274448
0.273674
0.272915
0.27217
0.271438
0.270718
0.270009
0.26931
0.268618
0.267933
0.267254
0.266579
0.265908
0.26524
0.264574
0.263909
0.263244
0.262578
0.26191
0.261237
0.260558
0.259871
0.259173
0.258459
0.257724
0.256963
0.256167
0.255325
0.254426
0.253451
0.25238
0.251184
0.249828
0.248269
0.246449
0.244298
0.241724
0.238613
0.234823
0.23018
0.224478
0.217492
0.209011
0.198901
0.187311
0.174776
0.162753
0.284062
0.283824
0.28329
0.282577
0.281817
0.281041
0.280228
0.279384
0.278532
0.277689
0.276857
0.276036
0.275229
0.274439
0.273665
0.272906
0.272161
0.27143
0.270711
0.270003
0.269303
0.268612
0.267927
0.267248
0.266573
0.265903
0.265234
0.264568
0.263902
0.263235
0.262567
0.261896
0.261221
0.260538
0.259846
0.259141
0.258419
0.257675
0.256901
0.256088
0.255227
0.254302
0.253294
0.252181
0.250933
0.249512
0.247868
0.245943
0.243658
0.240915
0.237589
0.233527
0.228535
0.222388
0.214826
0.205602
0.19453
0.181741
0.167736
0.154323
0.284214
0.283954
0.283379
0.282631
0.281855
0.28107
0.280246
0.279391
0.278533
0.277686
0.276851
0.276028
0.27522
0.274429
0.273655
0.272896
0.272152
0.271422
0.270703
0.269995
0.269296
0.268605
0.267921
0.267242
0.266568
0.265896
0.265228
0.26456
0.263894
0.263226
0.262556
0.261883
0.261205
0.260518
0.259822
0.259111
0.258381
0.257627
0.256841
0.256013
0.255132
0.254182
0.253143
0.251991
0.250692
0.249207
0.247484
0.245457
0.243043
0.240137
0.236605
0.232279
0.22695
0.220366
0.212236
0.202266
0.190205
0.176154
0.160532
0.145562
0.284385
0.284098
0.283475
0.282689
0.281896
0.281101
0.280264
0.279398
0.278533
0.277682
0.276844
0.276018
0.275209
0.274418
0.273644
0.272885
0.272142
0.271412
0.270695
0.269987
0.269289
0.268599
0.267915
0.267236
0.266562
0.26589
0.265221
0.264553
0.263886
0.263217
0.262546
0.26187
0.261189
0.260499
0.259798
0.259081
0.258344
0.257581
0.256783
0.255941
0.255041
0.254067
0.252999
0.251808
0.250462
0.248916
0.247116
0.244992
0.242455
0.239393
0.235663
0.231083
0.225428
0.218421
0.209731
0.199016
0.185941
0.170562
0.153158
0.136438
0.284577
0.284257
0.283576
0.282749
0.28194
0.281134
0.280283
0.279405
0.278533
0.277678
0.276836
0.276008
0.275198
0.274406
0.273632
0.272874
0.272131
0.271402
0.270685
0.269979
0.269281
0.268591
0.267908
0.26723
0.266555
0.265884
0.265215
0.264546
0.263878
0.263208
0.262535
0.261858
0.261174
0.260481
0.259775
0.259053
0.258309
0.257537
0.256728
0.255871
0.254954
0.253958
0.252861
0.251635
0.250243
0.24864
0.246766
0.24455
0.241896
0.238685
0.234766
0.229945
0.223976
0.216559
0.207321
0.195865
0.181754
0.164981
0.145607
0.126916
0.284793
0.284431
0.283682
0.28281
0.281987
0.28117
0.280303
0.279412
0.278533
0.277672
0.276827
0.275997
0.275185
0.274393
0.273619
0.272862
0.27212
0.271391
0.270675
0.26997
0.269273
0.268584
0.267901
0.267223
0.266549
0.265877
0.265208
0.264539
0.26387
0.263199
0.262525
0.261845
0.261159
0.260463
0.259753
0.259026
0.258275
0.257495
0.256675
0.255806
0.254871
0.253854
0.25273
0.25147
0.250036
0.248378
0.246436
0.244132
0.241368
0.238017
0.233918
0.228867
0.2226
0.214789
0.205019
0.19283
0.177667
0.159432
0.13788
0.116961
0.285036
0.284621
0.28379
0.282871
0.282037
0.281207
0.280322
0.279418
0.278531
0.277666
0.276817
0.275984
0.275171
0.274378
0.273605
0.272848
0.272107
0.27138
0.270665
0.26996
0.269264
0.268576
0.267893
0.267216
0.266542
0.265871
0.265201
0.264532
0.263862
0.26319
0.262514
0.261833
0.261145
0.260445
0.259732
0.259
0.258243
0.257455
0.256626
0.255743
0.254793
0.253756
0.252608
0.251316
0.249841
0.248133
0.246126
0.24374
0.240872
0.237389
0.233122
0.227854
0.221305
0.213119
0.202836
0.189928
0.173702
0.153944
0.129983
0.106537
0.28531
0.284826
0.283898
0.282933
0.28209
0.281246
0.280341
0.279423
0.278529
0.277659
0.276806
0.27597
0.275156
0.274363
0.27359
0.272834
0.272094
0.271367
0.270653
0.26995
0.269255
0.268567
0.267885
0.267208
0.266535
0.265864
0.265194
0.264525
0.263854
0.263181
0.262504
0.261822
0.261131
0.260429
0.259712
0.258975
0.258213
0.257418
0.256579
0.255685
0.25472
0.253665
0.252493
0.251172
0.24966
0.247904
0.245837
0.243375
0.24041
0.236805
0.232381
0.226911
0.220096
0.211556
0.200784
0.187179
0.169888
0.148553
0.121932
0.0956097
0.28562
0.285046
0.284003
0.282994
0.282146
0.281287
0.28036
0.279427
0.278526
0.277651
0.276793
0.275955
0.27514
0.274346
0.273573
0.272818
0.272079
0.271354
0.270641
0.269939
0.269245
0.268558
0.267877
0.267201
0.266528
0.265857
0.265187
0.264517
0.263846
0.263173
0.262495
0.261811
0.261118
0.260413
0.259693
0.258952
0.258185
0.257382
0.256535
0.255631
0.254653
0.25358
0.252387
0.251039
0.249493
0.247693
0.24557
0.243038
0.239984
0.236266
0.231697
0.22604
0.21898
0.21011
0.198876
0.184603
0.16626
0.143304
0.113757
0.0841447
0.285973
0.28528
0.284104
0.283054
0.282204
0.281327
0.280377
0.279431
0.278523
0.277642
0.27678
0.275939
0.275122
0.274329
0.273556
0.272802
0.272064
0.27134
0.270629
0.269928
0.269235
0.268549
0.267869
0.267193
0.26652
0.26585
0.26518
0.26451
0.263839
0.263164
0.262486
0.2618
0.261106
0.260399
0.259676
0.258931
0.258158
0.25735
0.256495
0.255581
0.25459
0.253503
0.25229
0.250917
0.24934
0.2475
0.245327
0.242731
0.239596
0.235774
0.231074
0.225246
0.217962
0.20879
0.197129
0.182227
0.162859
0.138258
0.105519
0.0721091
0.286376
0.285521
0.284195
0.283119
0.282269
0.281365
0.280389
0.27943
0.278516
0.277629
0.276762
0.275919
0.275102
0.274309
0.273538
0.272785
0.272048
0.271326
0.270616
0.269916
0.269224
0.26854
0.26786
0.267185
0.266513
0.265843
0.265173
0.264503
0.263831
0.263157
0.262477
0.26179
0.261094
0.260385
0.259659
0.258911
0.258134
0.25732
0.256459
0.255535
0.254534
0.253432
0.252202
0.250807
0.249202
0.247327
0.245108
0.242455
0.239248
0.235334
0.230516
0.224535
0.21705
0.207604
0.195556
0.180074
0.159733
0.133488
0.0973092
0.0594885
0.286845
0.285761
0.284261
0.283188
0.282351
0.281419
0.280414
0.27944
0.278516
0.277622
0.276749
0.275902
0.275083
0.274289
0.273518
0.272766
0.27203
0.27131
0.270601
0.269903
0.269213
0.268529
0.267851
0.267177
0.266505
0.265836
0.265166
0.264496
0.263824
0.263149
0.262469
0.261781
0.261083
0.260372
0.259644
0.258893
0.258112
0.257293
0.256425
0.255494
0.254483
0.253369
0.252124
0.25071
0.24908
0.247174
0.244915
0.242212
0.238941
0.234946
0.230024
0.22391
0.216248
0.206563
0.194173
0.178171
0.156933
0.12908
0.0892605
0.0462542
0.287402
0.286006
0.284264
0.283191
0.282373
0.281424
0.280403
0.279425
0.278499
0.277603
0.27673
0.275884
0.275065
0.274273
0.273502
0.272751
0.272017
0.271297
0.270589
0.269892
0.269202
0.26852
0.267842
0.267168
0.266497
0.265827
0.265158
0.264488
0.263816
0.263141
0.26246
0.261772
0.261073
0.260361
0.259631
0.258877
0.258094
0.257271
0.256397
0.25546
0.25444
0.253315
0.252057
0.250627
0.248977
0.247045
0.244752
0.242005
0.238681
0.234619
0.229612
0.223387
0.215579
0.205697
0.193022
0.176582
0.15457
0.125219
0.0816783
0.0323006
0.288055
0.286442
0.284505
0.283395
0.282518
0.2815
0.280436
0.279431
0.278484
0.277572
0.276691
0.275841
0.275022
0.274231
0.273464
0.272717
0.271988
0.271272
0.270569
0.269876
0.26919
0.268511
0.267836
0.267164
0.266495
0.265826
0.265157
0.264487
0.263815
0.263138
0.262456
0.261766
0.261065
0.26035
0.259617
0.25886
0.258072
0.257245
0.256366
0.255423
0.254396
0.253262
0.251994
0.250551
0.248885
0.246932
0.244618
0.241842
0.238479
0.23437
0.229302
0.222998
0.215087
0.205061
0.192178
0.175412
0.15281
0.122205
0.0751677
0.0174437
0.288207
0.285948
0.284192
0.283366
0.282553
0.281537
0.280484
0.279486
0.278536
0.277617
0.276727
0.275869
0.275043
0.274245
0.273473
0.272721
0.271987
0.271268
0.270562
0.269866
0.269178
0.268496
0.267819
0.267145
0.266474
0.265804
0.265134
0.264463
0.26379
0.263113
0.26243
0.261739
0.261038
0.260323
0.25959
0.258832
0.258044
0.257215
0.256335
0.255389
0.254359
0.253222
0.25195
0.250501
0.248827
0.246864
0.244536
0.241743
0.238359
0.234223
0.22912
0.222772
0.214799
0.204689
0.191683
0.174717
0.151755
0.120268
0.0705488
0.00200612
0.292146
0.286732
0.284238
0.283371
0.282487
0.281398
0.280314
0.279311
0.278368
0.277461
0.276585
0.275742
0.27493
0.274145
0.273384
0.272642
0.271916
0.271204
0.270504
0.269813
0.26913
0.268453
0.26778
0.26711
0.266442
0.265774
0.265107
0.264438
0.263767
0.263091
0.26241
0.26172
0.26102
0.260305
0.259572
0.258814
0.258025
0.257196
0.256314
0.255367
0.254335
0.253196
0.251922
0.250476
0.248805
0.246841
0.24451
0.241713
0.238324
0.234181
0.229069
0.222709
0.21472
0.204585
0.191541
0.174506
0.15141
0.119563
0.0684028
-0.00851033
0.437275
0.35802
0.298889
0.269366
0.248686
0.229176
0.212828
0.201108
0.193095
0.187418
0.183441
0.180847
0.179556
0.179567
0.181014
0.184443
0.190469
0.202199
0.202025
0.176179
0.15852
0.14965
0.142255
0.133358
0.122804
0.110187
0.0939683
0.0715006
0.0386387
-0.0129312
-0.101837
-0.286073
-0.715861
-0.758397
-0.341204
-0.372744
-0.320471
-0.289546
-0.244956
-0.202646
-0.161319
-0.124673
-0.0935272
-0.068334
-0.0487068
-0.0338609
-0.0228979
-0.0149515
-0.00926929
-0.005245
-0.00241361
-0.000430271
0.00095368
0.0019137
0.0025668
0.00299646
0.00322397
0.00334306
0.00307689
0.00284437
0.432784
0.351931
0.293702
0.266149
0.24628
0.227156
0.211248
0.199954
0.192239
0.186832
0.18307
0.180613
0.179436
0.179541
0.181077
0.184595
0.190625
0.200392
0.198335
0.174002
0.157061
0.148599
0.141313
0.132348
0.121666
0.108829
0.092208
0.0690552
0.0350184
-0.0185906
-0.110662
-0.287345
-0.610758
-0.683863
-0.360368
-0.373718
-0.325122
-0.294342
-0.250386
-0.208222
-0.166738
-0.129697
-0.0979852
-0.0721551
-0.0519011
-0.0364849
-0.025029
-0.0166716
-0.0106553
-0.00636408
-0.00332151
-0.00117203
0.000342408
0.00140536
0.00214004
0.00263696
0.00291744
0.00309344
0.00281893
0.00281812
0.425314
0.347418
0.290845
0.264441
0.244954
0.226092
0.210507
0.199481
0.191964
0.186671
0.182854
0.180466
0.17935
0.179501
0.181067
0.184544
0.190138
0.198075
0.195281
0.17313
0.156681
0.148239
0.140924
0.131914
0.121181
0.108249
0.0914437
0.0679736
0.0334038
-0.0208716
-0.112491
-0.272334
-0.528309
-0.610699
-0.373623
-0.371756
-0.326284
-0.296563
-0.253361
-0.211603
-0.170286
-0.133122
-0.101142
-0.0749455
-0.0542995
-0.0385081
-0.0267155
-0.0180686
-0.0118105
-0.00732086
-0.00411749
-0.00183855
-0.000220195
0.00092642
0.00172848
0.00228172
0.00260585
0.00283257
0.00254944
0.00280835
0.416075
0.342807
0.287563
0.261908
0.242944
0.224504
0.209304
0.198585
0.191274
0.1861
0.182485
0.180224
0.179179
0.179371
0.180937
0.184286
0.189342
0.195696
0.192234
0.171829
0.155907
0.14754
0.140302
0.131344
0.120622
0.107648
0.0907251
0.0670373
0.0321577
-0.0222491
-0.111317
-0.256657
-0.460262
-0.551729
-0.381351
-0.367969
-0.326877
-0.29766
-0.255692
-0.214213
-0.173074
-0.135822
-0.103646
-0.0771713
-0.0562223
-0.0401391
-0.0280836
-0.0192098
-0.0127614
-0.00811507
-0.00478412
-0.00240187
-0.000700005
0.000514376
0.00137152
0.00197135
0.00233211
0.00260341
0.00232645
0.00278345
0.405597
0.337686
0.284026
0.259056
0.240751
0.22285
0.208086
0.197705
0.190643
0.185666
0.182178
0.179973
0.17898
0.179192
0.180722
0.183872
0.188349
0.193266
0.189212
0.170455
0.155209
0.146932
0.13977
0.130884
0.120203
0.107235
0.0902759
0.0665155
0.0316197
-0.0222229
-0.107394
-0.238803
-0.398195
-0.495495
-0.381285
-0.361626
-0.326135
-0.297607
-0.257264
-0.216231
-0.175371
-0.138098
-0.105783
-0.0790827
-0.0578783
-0.0415452
-0.0292628
-0.0201925
-0.0135791
-0.00879698
-0.00535543
-0.00288366
-0.00110943
0.000163762
0.00106896
0.00170951
0.00210351
0.0024129
0.00216474
0.00273826
0.394283
0.332055
0.280303
0.255911
0.238298
0.221021
0.206741
0.196724
0.189925
0.185134
0.181772
0.179667
0.178731
0.178952
0.180414
0.183316
0.187191
0.190815
0.186276
0.16906
0.154531
0.146326
0.13924
0.130465
0.119874
0.106973
0.0900663
0.0663831
0.0317613
-0.0209293
-0.101395
-0.219349
-0.342919
-0.437876
-0.371892
-0.352
-0.322975
-0.296034
-0.257784
-0.217556
-0.177185
-0.140025
-0.10766
-0.0808023
-0.0593912
-0.0428432
-0.0303588
-0.0211095
-0.0143433
-0.00943386
-0.00588779
-0.00333085
-0.0014874
-0.000157706
0.000793999
0.00147384
0.00190132
0.00224426
0.00204539
0.00265999
0.382473
0.326018
0.27644
0.252536
0.235618
0.219042
0.205293
0.195662
0.189143
0.184554
0.181339
0.17933
0.178443
0.178655
0.180021
0.182636
0.185904
0.188379
0.183452
0.167652
0.15385
0.145725
0.138729
0.130107
0.119652
0.106873
0.0901036
0.0666422
0.0325614
-0.0184992
-0.0937898
-0.198811
-0.294285
-0.382118
-0.355099
-0.33884
-0.316343
-0.292365
-0.256942
-0.217949
-0.17839
-0.141555
-0.109275
-0.082353
-0.0607988
-0.0440781
-0.0314185
-0.0220064
-0.0150964
-0.0100641
-0.00641527
-0.00377336
-0.00186002
-0.000472738
0.000526812
0.00124695
0.00170999
0.00208337
0.00194879
0.00254057
0.37057
0.319702
0.272467
0.249006
0.232773
0.216951
0.203769
0.194538
0.188311
0.183935
0.180871
0.178958
0.178111
0.178303
0.179551
0.181853
0.184527
0.185993
0.180757
0.166236
0.153159
0.145136
0.138245
0.129806
0.119529
0.106924
0.0903718
0.067267
0.0339635
-0.0150894
-0.0849406
-0.177739
-0.251116
-0.330682
-0.333774
-0.322668
-0.305888
-0.286059
-0.254288
-0.217163
-0.17882
-0.14261
-0.110603
-0.0837375
-0.0621184
-0.0452744
-0.0324694
-0.0229105
-0.0158642
-0.0107113
-0.00695883
-0.00422957
-0.00224328
-0.000795232
0.000255298
0.00101827
0.00151999
0.0019218
0.0018609
0.00237837
0.35898
0.313221
0.268398
0.245383
0.229816
0.214779
0.202191
0.193371
0.187442
0.183286
0.180377
0.178558
0.177747
0.177906
0.179019
0.180996
0.183099
0.183689
0.178212
0.164826
0.152457
0.144564
0.137792
0.129562
0.119501
0.10712
0.0908606
0.0682406
0.0359274
-0.0108084
-0.0750942
-0.156476
-0.212362
-0.283731
-0.309829
-0.304407
-0.292171
-0.276923
-0.249554
-0.214998
-0.178301
-0.143087
-0.111607
-0.0849555
-0.0633663
-0.0464552
-0.0335363
-0.0238461
-0.0166688
-0.0113947
-0.00753506
-0.00471352
-0.00264901
-0.0011351
-2.88697e-05
0.000780834
0.00132514
0.00175469
0.00177157
0.00217699
0.347987
0.306651
0.26423
0.2417
0.226784
0.212548
0.200572
0.19217
0.186546
0.182615
0.179862
0.178134
0.177354
0.177472
0.178436
0.180085
0.181647
0.181483
0.17583
0.163434
0.151748
0.144013
0.137376
0.129377
0.119567
0.10746
0.0915701
0.0695591
0.0384317
-0.00573691
-0.0644414
-0.135259
-0.177236
-0.240739
-0.284393
-0.284961
-0.276288
-0.265313
-0.242685
-0.211341
-0.176745
-0.142898
-0.112239
-0.0859981
-0.0645568
-0.0476444
-0.0346451
-0.0248378
-0.0175321
-0.0121331
-0.00815964
-0.00523815
-0.00308772
-0.00150085
-0.000332571
0.000529133
0.0011208
0.00157893
0.00167285
0.00194412
0.3377
0.300039
0.259956
0.237974
0.223696
0.210267
0.19892
0.190943
0.185627
0.181925
0.17933
0.17769
0.176935
0.177002
0.177809
0.179134
0.180186
0.17938
0.173607
0.16207
0.151034
0.143486
0.137003
0.129257
0.119733
0.107949
0.0925048
0.0712225
0.041456
4.65926e-05
-0.0531458
-0.114256
-0.145117
-0.201308
-0.258255
-0.265
-0.259331
-0.252017
-0.23396
-0.206228
-0.174182
-0.142052
-0.112482
-0.0868578
-0.0656988
-0.0488614
-0.0358191
-0.0259081
-0.018474
-0.0129434
-0.00884655
-0.00581481
-0.00356859
-0.0018998
-0.000661623
0.000258649
0.000903221
0.00139252
0.00155854
0.00169101
0.328088
0.293418
0.255573
0.234207
0.220567
0.207947
0.19724
0.189694
0.184689
0.18122
0.178781
0.177227
0.176491
0.1765
0.177143
0.178149
0.178726
0.177374
0.171528
0.160738
0.150319
0.142986
0.136676
0.129205
0.120002
0.108591
0.0936673
0.073227
0.0449749
0.00646413
-0.0413455
-0.0935827
-0.115511
-0.165116
-0.231958
-0.244907
-0.242064
-0.237889
-0.223972
-0.199907
-0.170676
-0.140603
-0.112381
-0.0875603
-0.0668097
-0.0501226
-0.0370753
-0.0270734
-0.019509
-0.0138374
-0.00960496
-0.00645056
-0.00409706
-0.00233624
-0.00101944
-3.32729e-05
0.00067014
0.00119479
0.00142467
0.00143215
0.319056
0.286811
0.251079
0.230399
0.217404
0.205594
0.195535
0.188426
0.183736
0.180501
0.178218
0.176747
0.176023
0.175968
0.176442
0.177138
0.177274
0.175459
0.169577
0.159442
0.149608
0.142512
0.136399
0.129226
0.120378
0.109389
0.0950586
0.0755658
0.0489598
0.0134424
-0.0291559
-0.0733177
-0.0880256
-0.131805
-0.205825
-0.224833
-0.22487
-0.223534
-0.213359
-0.192819
-0.166452
-0.138582
-0.111912
-0.0880784
-0.0678701
-0.0514169
-0.0384098
-0.0283353
-0.0206414
-0.01482
-0.0104388
-0.00714773
-0.00467405
-0.00281008
-0.00140543
-0.00034576
0.000422368
0.000987639
0.00127135
0.00118506
0.310498
0.280232
0.246476
0.226547
0.214216
0.203214
0.193808
0.187142
0.18277
0.17977
0.177643
0.17625
0.175534
0.175408
0.175711
0.176107
0.175836
0.173625
0.167737
0.158183
0.148901
0.142067
0.136175
0.129321
0.120861
0.110345
0.0966777
0.0782295
0.0533813
0.0209134
-0.016674
-0.0535131
-0.0623439
-0.101009
-0.180044
-0.20482
-0.207874
-0.20924
-0.202526
-0.185363
-0.161809
-0.136146
-0.111093
-0.088335
-0.0687594
-0.0526196
-0.0397148
-0.0296121
-0.0218168
-0.0158596
-0.011333
-0.00790126
-0.00529905
-0.0033219
-0.00181954
-0.000677604
0.000162103
0.000774805
0.0011042
0.000967698
0.302321
0.273687
0.241768
0.222648
0.211007
0.200813
0.192064
0.185845
0.181795
0.179031
0.177057
0.175738
0.175025
0.174823
0.174953
0.175059
0.174413
0.171866
0.165994
0.156961
0.148202
0.141651
0.136006
0.129494
0.121454
0.111458
0.0985227
0.0812077
0.0582092
0.0288146
-0.00398102
-0.0341996
-0.0382081
-0.0723986
-0.154745
-0.184878
-0.191081
-0.195092
-0.191643
-0.177732
-0.156932
-0.133454
-0.110029
-0.0883744
-0.0694675
-0.0536771
-0.0409078
-0.0308069
-0.0229366
-0.0168663
-0.012213
-0.00865487
-0.00593386
-0.00384878
-0.00225006
-0.00102421
-0.000109637
0.000556504
0.000929797
0.000787334
0.294452
0.267177
0.236957
0.218703
0.207785
0.198398
0.190306
0.184538
0.180812
0.178285
0.176461
0.175212
0.174497
0.174216
0.174172
0.174001
0.17301
0.170173
0.164336
0.155774
0.147512
0.141266
0.135893
0.129746
0.122158
0.112729
0.10059
0.084488
0.0634136
0.0370887
0.0088548
-0.0153923
-0.0154127
-0.0456945
-0.130025
-0.165025
-0.174459
-0.181092
-0.180751
-0.169983
-0.151882
-0.130564
-0.108768
-0.0882355
-0.070027
-0.0546167
-0.0420099
-0.0319328
-0.0240041
-0.0178329
-0.0130615
-0.00938348
-0.00654883
-0.00436026
-0.00266898
-0.0013622
-0.000374805
0.000345389
0.000765904
0.000641379
0.286829
0.260694
0.232049
0.214711
0.204554
0.195975
0.188538
0.183225
0.179827
0.177536
0.175858
0.174675
0.173953
0.173589
0.173372
0.172935
0.171626
0.168542
0.162752
0.15462
0.146835
0.140912
0.135838
0.13008
0.122974
0.114158
0.102876
0.0880575
0.0689649
0.0456838
0.0217768
0.00290633
0.00621905
-0.0206598
-0.105955
-0.145289
-0.157976
-0.167217
-0.169855
-0.162128
-0.146676
-0.127494
-0.107323
-0.0879305
-0.070448
-0.055448
-0.0430313
-0.0330008
-0.0250319
-0.0187732
-0.0138932
-0.0101016
-0.00715735
-0.00486749
-0.00308463
-0.00169693
-0.000636119
0.000140823
0.000616467
0.000518559
0.279404
0.254229
0.227047
0.210675
0.201321
0.193549
0.186764
0.181908
0.17884
0.176784
0.17525
0.174127
0.173394
0.172944
0.172556
0.171864
0.170263
0.166966
0.161234
0.153499
0.146172
0.140591
0.135843
0.130496
0.123904
0.115743
0.105375
0.0919022
0.0748341
0.0545526
0.034738
0.0207026
0.0268272
0.00291171
-0.0825761
-0.125707
-0.141612
-0.153446
-0.15895
-0.154169
-0.141317
-0.124249
-0.105702
-0.087465
-0.0707346
-0.0561737
-0.0439739
-0.0340127
-0.0260216
-0.0196888
-0.0147099
-0.0108114
-0.00776187
-0.00537355
-0.00350074
-0.00203272
-0.000898326
-6.1999e-05
0.000474882
0.000409519
0.272134
0.24777
0.221953
0.206598
0.198092
0.191127
0.184987
0.180592
0.177857
0.176033
0.174637
0.173571
0.172823
0.172284
0.171726
0.170791
0.16892
0.16544
0.159774
0.152407
0.145524
0.140306
0.135909
0.130996
0.124945
0.117482
0.108081
0.0960076
0.0809934
0.0636528
0.0476999
0.0380085
0.0465232
0.025204
-0.0599087
-0.106319
-0.125362
-0.139766
-0.148035
-0.146107
-0.135809
-0.120834
-0.10391
-0.0868434
-0.0708897
-0.0567958
-0.0448387
-0.034969
-0.0269731
-0.0205796
-0.0155114
-0.0115127
-0.00836246
-0.0058786
-0.00391759
-0.00236996
-0.00116192
-0.000263938
0.000338853
0.000311352
0.264981
0.241303
0.216769
0.202484
0.194873
0.188714
0.183212
0.17928
0.17688
0.175285
0.174021
0.173007
0.17224
0.171611
0.170886
0.169717
0.167598
0.163958
0.158363
0.151342
0.144893
0.140056
0.136038
0.131581
0.126099
0.119373
0.110987
0.100359
0.0874163
0.0729462
0.0606311
0.0548397
0.0654035
0.046379
-0.0379543
-0.0871644
-0.109227
-0.126174
-0.137115
-0.137949
-0.130157
-0.117256
-0.101953
-0.086071
-0.0709171
-0.0573163
-0.0456269
-0.0358698
-0.0278864
-0.0214452
-0.0162972
-0.012205
-0.00895862
-0.00638221
-0.00433485
-0.00270846
-0.0014268
-0.000465306
0.000207127
0.000222026
0.257912
0.234811
0.211499
0.198338
0.19167
0.186315
0.181443
0.177974
0.175911
0.174543
0.173405
0.172437
0.171649
0.170927
0.170037
0.168646
0.166296
0.162515
0.156995
0.150302
0.144281
0.139845
0.13623
0.132251
0.127364
0.121412
0.114086
0.104941
0.0940773
0.0823989
0.0735065
0.0712139
0.0835497
0.0665777
-0.0167009
-0.0682752
-0.0932158
-0.11267
-0.1262
-0.129709
-0.124371
-0.113524
-0.0998402
-0.0851539
-0.0708209
-0.0577376
-0.0463394
-0.0367155
-0.0287611
-0.022285
-0.0170667
-0.0128877
-0.00954978
-0.00688391
-0.00475216
-0.00304799
-0.0016929
-0.000666376
7.86719e-05
0.000139899
0.250895
0.228278
0.206141
0.194168
0.18849
0.183936
0.179683
0.17668
0.174955
0.173808
0.172789
0.171863
0.17105
0.170234
0.169182
0.167577
0.165012
0.161108
0.155663
0.149283
0.143687
0.139673
0.136487
0.133005
0.128738
0.123597
0.117369
0.10974
0.100952
0.0919808
0.0863059
0.0871497
0.101031
0.0859228
0.00387405
-0.0496779
-0.0773375
-0.0992588
-0.115302
-0.1214
-0.118466
-0.109651
-0.0975806
-0.0840994
-0.0706058
-0.0580625
-0.0469777
-0.0375064
-0.0295971
-0.0230985
-0.0178192
-0.0135601
-0.0101353
-0.0073832
-0.00516915
-0.00338833
-0.00196013
-0.000867392
-4.73815e-05
6.36452e-05
0.243902
0.221685
0.200697
0.18998
0.18534
0.181581
0.177936
0.1754
0.174015
0.173082
0.172176
0.171287
0.170446
0.169535
0.168323
0.166512
0.163745
0.15973
0.154363
0.148283
0.143114
0.139543
0.136808
0.133843
0.130221
0.125921
0.120829
0.114739
0.10802
0.101665
0.0990139
0.102665
0.117907
0.104523
0.0238002
-0.0313913
-0.061602
-0.0859446
-0.104433
-0.113039
-0.112457
-0.105649
-0.0951847
-0.0829159
-0.0702775
-0.0582944
-0.0475435
-0.0382432
-0.0303942
-0.0238854
-0.0185542
-0.0142216
-0.0107148
-0.00787959
-0.00558542
-0.00372924
-0.00222843
-0.00106859
-0.000171773
-7.84063e-06
0.236903
0.215012
0.195167
0.185784
0.182227
0.179255
0.176206
0.174139
0.173093
0.172368
0.171566
0.170709
0.169838
0.168831
0.167461
0.165451
0.162494
0.158378
0.153087
0.147299
0.142561
0.139455
0.137196
0.134764
0.131808
0.128382
0.124457
0.119925
0.115258
0.111429
0.111619
0.117777
0.134229
0.122474
0.0431118
-0.0134268
-0.0460174
-0.0727323
-0.0936041
-0.104643
-0.106358
-0.10153
-0.0926629
-0.0816117
-0.0698419
-0.0584368
-0.0480386
-0.0389266
-0.0311527
-0.0246454
-0.0192712
-0.0148717
-0.0112875
-0.00837263
-0.00600062
-0.0040705
-0.00249775
-0.0012702
-0.000295138
-7.54913e-05
0.22987
0.20824
0.189553
0.181591
0.179159
0.176961
0.174496
0.172901
0.172193
0.171667
0.170962
0.170132
0.169227
0.168123
0.166597
0.164396
0.161257
0.157048
0.151831
0.146329
0.14203
0.139413
0.137649
0.135767
0.133498
0.130973
0.128243
0.125284
0.122647
0.121251
0.124112
0.132502
0.150039
0.139862
0.0618451
0.00421026
-0.0305903
-0.0596262
-0.0828253
-0.0962248
-0.100185
-0.0973095
-0.0900274
-0.0801943
-0.0693046
-0.0584937
-0.0484654
-0.0395579
-0.0318729
-0.0253783
-0.0199698
-0.01551
-0.0118531
-0.00886189
-0.00641442
-0.00441191
-0.00276806
-0.00147245
-0.000418037
-0.000140104
0.222774
0.201347
0.183856
0.177413
0.176145
0.174703
0.172811
0.171689
0.171318
0.170981
0.170363
0.169557
0.168616
0.167413
0.165733
0.163345
0.160032
0.155734
0.150589
0.145368
0.141522
0.139417
0.138167
0.13685
0.135287
0.13369
0.13218
0.130801
0.13017
0.131114
0.136487
0.146854
0.165376
0.156764
0.0800367
0.0215204
-0.0153252
-0.0466298
-0.0721051
-0.0877987
-0.0939512
-0.0929993
-0.0872885
-0.0786722
-0.0686719
-0.0584693
-0.0488263
-0.0401382
-0.0325553
-0.0260841
-0.0206499
-0.016136
-0.0124111
-0.00934699
-0.00682649
-0.00475326
-0.00303931
-0.00167557
-0.000540978
-0.000202364
0.215584
0.19431
0.178079
0.173264
0.173191
0.172484
0.171154
0.17051
0.17047
0.170311
0.169773
0.168986
0.168007
0.166703
0.16487
0.1623
0.158818
0.154433
0.149354
0.144415
0.141038
0.13947
0.138752
0.138011
0.137172
0.136527
0.136257
0.136464
0.137811
0.141002
0.148739
0.160844
0.180271
0.173249
0.0977219
0.0385088
-0.000224728
-0.0337462
-0.0614504
-0.0793766
-0.0876713
-0.0886119
-0.0844571
-0.0770547
-0.0679504
-0.0583678
-0.0491242
-0.0406692
-0.0332006
-0.0267631
-0.0213112
-0.0167495
-0.0129613
-0.00982757
-0.00723654
-0.00509437
-0.00331151
-0.00187978
-0.000664435
-0.000262865
0.208269
0.187104
0.172229
0.169162
0.170307
0.170306
0.169529
0.169367
0.169653
0.169659
0.169192
0.16842
0.167399
0.165994
0.164009
0.16126
0.157612
0.153139
0.148121
0.143466
0.140579
0.139573
0.139401
0.139247
0.13915
0.139478
0.140466
0.14226
0.145553
0.150904
0.160867
0.17448
0.194752
0.189382
0.114933
0.0551848
0.0147104
-0.0209781
-0.0508673
-0.0709692
-0.0813575
-0.0841591
-0.0815438
-0.0753502
-0.0671461
-0.0581936
-0.0493617
-0.0411524
-0.0338097
-0.0274156
-0.0219538
-0.0173503
-0.0135032
-0.0103033
-0.00764429
-0.00543506
-0.00358462
-0.00208531
-0.000788865
-0.000322131
0.200792
0.179704
0.166313
0.165124
0.167499
0.168172
0.167941
0.168265
0.168869
0.169026
0.168621
0.16786
0.166796
0.165288
0.163151
0.160224
0.156411
0.151849
0.146885
0.142518
0.140146
0.139729
0.140115
0.140555
0.141215
0.142537
0.144798
0.148175
0.153384
0.160807
0.172868
0.187767
0.208845
0.205226
0.131698
0.0715612
0.0294809
-0.00832791
-0.040361
-0.0625863
-0.0750218
-0.0796527
-0.0785588
-0.0735671
-0.0662656
-0.0579514
-0.049542
-0.0415899
-0.0343835
-0.028042
-0.0225776
-0.0179381
-0.0140367
-0.010774
-0.00804948
-0.00577514
-0.00385863
-0.00229237
-0.000914722
-0.000380634
0.193116
0.172083
0.160342
0.16117
0.164774
0.166083
0.166395
0.167209
0.168119
0.168413
0.168062
0.167309
0.166198
0.164584
0.162296
0.159193
0.155214
0.150556
0.145637
0.141568
0.139743
0.13994
0.140892
0.141932
0.143364
0.145698
0.149242
0.1542
0.161291
0.170701
0.184741
0.200704
0.222572
0.220841
0.14804
0.0876534
0.0440886
0.00420183
-0.0299362
-0.0542369
-0.0686757
-0.0751039
-0.0755121
-0.0717137
-0.0653154
-0.0576458
-0.0496682
-0.0419834
-0.0349232
-0.0286427
-0.0231829
-0.018513
-0.0145614
-0.0112392
-0.00845183
-0.00611445
-0.00413353
-0.00250121
-0.00104247
-0.000438818
0.185196
0.164212
0.154333
0.157324
0.162138
0.16404
0.164896
0.166205
0.167407
0.16782
0.167516
0.166767
0.165606
0.163886
0.161446
0.158165
0.154017
0.149256
0.144373
0.140614
0.139371
0.140207
0.14173
0.143374
0.145592
0.148955
0.153791
0.160323
0.169263
0.18058
0.196488
0.213286
0.235949
0.236285
0.163976
0.103479
0.058536
0.0166085
-0.0195974
-0.0459296
-0.06233
-0.0705235
-0.0724136
-0.0697984
-0.064302
-0.0572818
-0.0497438
-0.0423352
-0.03543
-0.0292185
-0.0237699
-0.0190749
-0.0150773
-0.0116988
-0.0088511
-0.00645278
-0.00440927
-0.00271203
-0.00117258
-0.00049712
0.176982
0.156064
0.148307
0.153609
0.159594
0.162045
0.163451
0.165257
0.166733
0.167249
0.166984
0.166236
0.165022
0.163192
0.1606
0.157141
0.152819
0.147943
0.143083
0.139653
0.139035
0.140533
0.142626
0.144877
0.147895
0.1523
0.158435
0.166533
0.177288
0.190437
0.208109
0.2255
0.248983
0.251608
0.179522
0.11906
0.0728256
0.0288892
-0.00934884
-0.0376724
-0.0559954
-0.0659223
-0.0692731
-0.0678296
-0.0632319
-0.0568641
-0.049772
-0.0426475
-0.0359053
-0.02977
-0.0243388
-0.0196237
-0.0155842
-0.0121525
-0.00924702
-0.00678993
-0.00468582
-0.00292505
-0.00130555
-0.000555989
0.168417
0.147608
0.142294
0.150052
0.157146
0.160099
0.162066
0.16437
0.166099
0.1667
0.166468
0.165718
0.164447
0.162505
0.15976
0.156119
0.151617
0.146611
0.14176
0.138684
0.138737
0.140919
0.143578
0.146437
0.150267
0.155727
0.163165
0.17282
0.185358
0.200267
0.219606
0.237331
0.261653
0.26683
0.194694
0.134417
0.0869588
0.0410403
0.000804754
-0.0294737
-0.0496827
-0.0613111
-0.0661003
-0.0658157
-0.0621118
-0.0563977
-0.0497564
-0.0429227
-0.0363504
-0.030298
-0.0248899
-0.0201596
-0.0160819
-0.0126
-0.00963934
-0.00712569
-0.0049631
-0.00314049
-0.0014419
-0.000615915
0.15943
0.138817
0.136329
0.146678
0.154792
0.158203
0.16075
0.163549
0.165504
0.166174
0.165968
0.165213
0.163882
0.161826
0.158925
0.155099
0.150407
0.145254
0.140395
0.137705
0.138485
0.141367
0.144583
0.148049
0.152703
0.159228
0.167971
0.179175
0.193463
0.210072
0.230975
0.248763
0.273898
0.281917
0.209518
0.149578
0.100936
0.0530578
0.0108583
-0.0213421
-0.0434024
-0.0567006
-0.0629051
-0.0637651
-0.0609483
-0.0558876
-0.0497006
-0.043163
-0.0367669
-0.0308033
-0.0254237
-0.0206825
-0.0165703
-0.0130412
-0.0100277
-0.00745978
-0.00524099
-0.00335853
-0.00158217
-0.000677454
0.149941
0.129664
0.130462
0.143516
0.15253
0.15636
0.159512
0.162797
0.164949
0.165671
0.165488
0.164723
0.163328
0.161155
0.158097
0.15408
0.149187
0.143863
0.138978
0.136716
0.138283
0.141878
0.145635
0.149708
0.155199
0.162797
0.172845
0.185588
0.201595
0.219853
0.242205
0.259777
0.285596
0.296743
0.22403
0.164573
0.114756
0.0649376
0.0208062
-0.0132867
-0.0371656
-0.0521018
-0.0596972
-0.0616863
-0.0597483
-0.055339
-0.0496083
-0.0433712
-0.0371563
-0.0312867
-0.0259404
-0.0211924
-0.0170492
-0.0134758
-0.0104119
-0.00779189
-0.00551932
-0.00357933
-0.00172691
-0.00074125
0.139852
0.12013
0.12475
0.140588
0.150354
0.154574
0.15836
0.162118
0.164435
0.165191
0.165027
0.164249
0.162786
0.160493
0.157277
0.153062
0.147954
0.14243
0.137496
0.135719
0.13814
0.142452
0.14673
0.15141
0.157748
0.166425
0.177778
0.19205
0.209751
0.229609
0.253274
0.270354
0.296556
0.311075
0.238276
0.179432
0.128416
0.0766751
0.0306426
-0.00531707
-0.0309836
-0.0475258
-0.0564869
-0.059588
-0.0585189
-0.0547571
-0.0494832
-0.0435495
-0.0375202
-0.0317492
-0.0264404
-0.0216895
-0.0175184
-0.0139034
-0.0107915
-0.00812166
-0.00579783
-0.00380297
-0.00187669
-0.000808054
0.129043
0.1102
0.119265
0.137917
0.148255
0.15285
0.157305
0.161514
0.163959
0.164737
0.164588
0.163793
0.162256
0.159842
0.156464
0.152044
0.146705
0.140945
0.13594
0.134716
0.138063
0.143089
0.147863
0.153149
0.160345
0.170105
0.182759
0.198553
0.217926
0.239326
0.264136
0.280458
0.306542
0.324589
0.252295
0.194178
0.141909
0.0882654
0.0403611
0.0025569
-0.0248679
-0.0429841
-0.0532845
-0.0574789
-0.0572669
-0.0541471
-0.0493291
-0.0437007
-0.03786
-0.0321915
-0.0269241
-0.0221738
-0.0179778
-0.0143236
-0.011166
-0.00844862
-0.00607617
-0.00402947
-0.00203208
-0.000878716
0.117368
0.0998746
0.114094
0.135519
0.14622
0.151199
0.156359
0.160986
0.16352
0.164307
0.164171
0.163354
0.161741
0.159202
0.15566
0.151025
0.145437
0.139397
0.134294
0.133713
0.138062
0.143787
0.149026
0.15492
0.162984
0.173828
0.187781
0.205091
0.226112
0.248967
0.274711
0.290021
0.315315
0.336924
0.266101
0.208812
0.155216
0.0997003
0.0499543
0.010325
-0.0188302
-0.0384883
-0.0501006
-0.0553679
-0.0559995
-0.0535144
-0.0491499
-0.0438272
-0.0381775
-0.0326144
-0.0273917
-0.022645
-0.018427
-0.0147361
-0.0115349
-0.00877222
-0.00635385
-0.00425872
-0.00219366
-0.000954105
0.104648
0.0891735
0.10934
0.1334
0.144236
0.149631
0.155532
0.160533
0.163118
0.163905
0.163779
0.162934
0.161239
0.158575
0.154866
0.150005
0.144148
0.137773
0.132543
0.13272
0.138148
0.144541
0.150213
0.156718
0.165658
0.177586
0.192836
0.211657
0.234282
0.258455
0.284879
0.298949
0.322691
0.347763
0.27966
0.223296
0.168304
0.110963
0.0594103
0.0179752
-0.0128826
-0.0340501
-0.0469458
-0.0532643
-0.0547242
-0.0528646
-0.0489494
-0.0439318
-0.0384743
-0.0330189
-0.0278435
-0.0231032
-0.0188655
-0.0151402
-0.0118975
-0.00909165
-0.00663014
-0.00449035
-0.00236198
-0.00103491
0.0906557
0.0781449
0.105122
0.131556
0.142286
0.148163
0.154834
0.160154
0.16275
0.16353
0.163412
0.162534
0.160754
0.157961
0.154083
0.148984
0.142835
0.136056
0.13067
0.13175
0.138332
0.145348
0.151416
0.15854
0.168363
0.181372
0.197916
0.218229
0.24237
0.267668
0.29449
0.307134
0.328567
0.356876
0.292884
0.237544
0.18111
0.122019
0.0687069
0.0254904
-0.00704005
-0.0296831
-0.043832
-0.0511779
-0.0534485
-0.0522034
-0.0487319
-0.0440171
-0.0387517
-0.0334054
-0.0282794
-0.0235476
-0.0192926
-0.0155349
-0.0122527
-0.00940575
-0.00690389
-0.0047236
-0.00253751
-0.00112142
0.0751058
0.0668745
0.101568
0.129965
0.140359
0.146817
0.154273
0.159844
0.162416
0.163185
0.163071
0.162154
0.160284
0.157362
0.153312
0.147962
0.141495
0.134226
0.128657
0.130823
0.138624
0.146198
0.15263
0.160382
0.171093
0.185176
0.202997
0.224745
0.250258
0.276446
0.303396
0.314492
0.332926
0.36412
0.305644
0.251418
0.193542
0.132809
0.077804
0.0328422
-0.0013243
-0.0254053
-0.0407743
-0.0491207
-0.052182
-0.0515376
-0.0485017
-0.0440858
-0.0390111
-0.0337742
-0.0286988
-0.0239774
-0.0197069
-0.0159187
-0.0125988
-0.0097129
-0.00717352
-0.00495718
-0.0027206
-0.00121372
0.057647
0.0555135
0.0988098
0.128582
0.138445
0.145621
0.153858
0.1596
0.162115
0.162872
0.162758
0.161794
0.159832
0.15678
0.152554
0.146941
0.140128
0.132263
0.126486
0.129966
0.139036
0.147084
0.153848
0.16224
0.173834
0.188969
0.208015
0.231089
0.257792
0.284636
0.31148
0.320969
0.335806
0.369434
0.317786
0.264739
0.205471
0.143244
0.0866361
0.0399839
0.00422985
-0.0212443
-0.0377945
-0.0471098
-0.0509372
-0.050877
-0.0482652
-0.0441421
-0.0392548
-0.0341263
-0.0291018
-0.0243918
-0.0201073
-0.0162904
-0.0129346
-0.0100116
-0.00743756
-0.00518978
-0.00291127
-0.00131252
0.037853
0.0443402
0.0969878
0.127337
0.136551
0.14461
0.153591
0.159415
0.161849
0.162593
0.162473
0.161456
0.159399
0.156217
0.151812
0.145922
0.138733
0.130142
0.124147
0.129217
0.139575
0.147992
0.155062
0.164097
0.17655
0.192677
0.212859
0.237124
0.264831
0.292121
0.318657
0.32653
0.337304
0.372858
0.329142
0.277301
0.216751
0.153204
0.0951099
0.0468467
0.00957039
-0.0172405
-0.0349244
-0.0451698
-0.0497334
-0.0502368
-0.0480332
-0.0441931
-0.0394877
-0.0344646
-0.02949
-0.0247915
-0.0204939
-0.0166494
-0.0132592
-0.010301
-0.0076949
-0.00542027
-0.00310899
-0.00141975
0.0151341
0.0337942
0.0962589
0.126153
0.134704
0.143824
0.153473
0.159283
0.161617
0.162351
0.16222
0.161142
0.158987
0.155675
0.151089
0.144908
0.137309
0.127848
0.121656
0.128627
0.140244
0.148902
0.156246
0.165911
0.179166
0.196205
0.217421
0.242744
0.271284
0.298818
0.324852
0.331135
0.337593
0.374586
0.339537
0.288894
0.227228
0.162558
0.103118
0.0533489
0.0146353
-0.0134422
-0.0322018
-0.0433292
-0.0485925
-0.0496336
-0.0478175
-0.0442468
-0.0397145
-0.0347922
-0.029865
-0.0251774
-0.0208671
-0.016996
-0.0135726
-0.0105808
-0.00794493
-0.00564799
-0.00331297
-0.00153818
-0.0113766
0.0243815
0.096716
0.124962
0.132966
0.143309
0.153506
0.159204
0.161427
0.162149
0.161997
0.160852
0.158599
0.155158
0.150391
0.143911
0.13586
0.12538
0.119083
0.128252
0.141026
0.149779
0.157369
0.167635
0.181625
0.19949
0.221637
0.247891
0.27709
0.30466
0.329993
0.334745
0.336927
0.374998
0.348803
0.299347
0.236795
0.171208
0.110576
0.0594272
0.0193767
-0.00988671
-0.0296565
-0.0416113
-0.0475275
-0.0490779
-0.047628
-0.0443106
-0.0399406
-0.0351127
-0.0302292
-0.0255508
-0.0212275
-0.0173306
-0.0138751
-0.0108509
-0.00818737
-0.00587249
-0.00352293
-0.00166947
-0.0424284
0.0166658
0.0982268
0.123669
0.131414
0.143078
0.153672
0.159185
0.161293
0.161999
0.161805
0.160585
0.158233
0.154666
0.149724
0.14295
0.134401
0.122786
0.116549
0.128144
0.141899
0.150607
0.158419
0.169245
0.183896
0.202501
0.225478
0.252536
0.282209
0.309589
0.334012
0.337333
0.33573
0.374629
0.356826
0.308596
0.245439
0.179136
0.117475
0.06508
0.0237967
-0.0065725
-0.0272897
-0.0400301
-0.0465166
-0.048555
-0.047459
-0.0443844
-0.0401683
-0.0354296
-0.0305865
-0.025915
-0.0215776
-0.0176546
-0.0141675
-0.0111118
-0.00842223
-0.00609359
-0.00374083
-0.00181218
-0.0774825
0.0119354
0.100494
0.122231
0.130213
0.14314
0.153913
0.159186
0.161184
0.16186
0.16162
0.160328
0.15789
0.154217
0.14912
0.142077
0.132979
0.120143
0.114161
0.128331
0.142818
0.151373
0.159394
0.170729
0.185962
0.205219
0.22892
0.256636
0.286559
0.313507
0.336843
0.338901
0.334492
0.374119
0.36364
0.316725
0.25325
0.18641
0.123869
0.0703608
0.0279444
-0.00345824
-0.0250677
-0.0385749
-0.0457817
-0.0481129
-0.0473326
-0.0444783
-0.0404019
-0.0357465
-0.0309418
-0.0262764
-0.021924
-0.0179739
-0.0144548
-0.0113675
-0.00865215
-0.00631237
-0.00397311
-0.00196227
-0.115663
0.0128481
0.103281
0.120613
0.129635
0.143611
0.154219
0.159198
0.161099
0.161753
0.161477
0.160127
0.157616
0.153852
0.148616
0.141327
0.131647
0.117368
0.111917
0.12881
0.143704
0.152037
0.160273
0.172055
0.187774
0.207574
0.231853
0.260024
0.289931
0.316256
0.338455
0.339538
0.333656
0.374152
0.369597
0.324074
0.260468
0.193174
0.129855
0.0753482
0.0319101
-0.000423271
-0.0228206
-0.0369078
-0.0446776
-0.0476576
-0.0472082
-0.044573
-0.0406291
-0.0360497
-0.0312834
-0.0266293
-0.0222678
-0.0182955
-0.0147475
-0.0116305
-0.00889035
-0.0065386
-0.0042349
-0.0021295
-0.163194
0.020088
0.106085
0.118127
0.12904
0.144072
0.15448
0.159263
0.161115
0.161745
0.161424
0.160012
0.15743
0.153585
0.148237
0.140743
0.130483
0.1152
0.109994
0.129762
0.144552
0.152507
0.160949
0.173109
0.189219
0.209454
0.234172
0.262598
0.292261
0.317905
0.339017
0.339598
0.333368
0.375043
0.375399
0.331298
0.267425
0.199393
0.135058
0.0793888
0.0348368
0.00154447
-0.0216603
-0.0363868
-0.0442766
-0.0474491
-0.0472365
-0.0447741
-0.0409277
-0.0363728
-0.0316007
-0.0269299
-0.0225454
-0.0185469
-0.0149721
-0.0118302
-0.00907011
-0.00671424
-0.00442996
-0.00225048
-0.230685
0.0291247
0.110668
0.117847
0.130154
0.145496
0.155376
0.159734
0.161378
0.161892
0.161473
0.159965
0.157282
0.153307
0.147792
0.140053
0.128991
0.111435
0.107528
0.130955
0.145773
0.153323
0.162
0.174589
0.19112
0.211757
0.236769
0.26519
0.294341
0.319234
0.33912
0.34005
0.335698
0.376122
0.381197
0.339838
0.276751
0.208484
0.143305
0.0863883
0.0404351
0.00579563
-0.0185734
-0.0343147
-0.0432264
-0.0469785
-0.0471796
-0.0450013
-0.0413861
-0.0369569
-0.0322291
-0.0275519
-0.0231304
-0.0190787
-0.0154442
-0.0122448
-0.00943114
-0.00705461
-0.00488199
-0.00240062
)
;

boundaryField
{
    inlet
    {
        type            zeroGradient;
    }
    outlet
    {
        type            fixedValue;
        value           uniform 0;
    }
    fixedWalls
    {
        type            zeroGradient;
    }
    defaultFaces
    {
        type            empty;
    }
}


// ************************************************************************* //
