/*--------------------------------*- C++ -*----------------------------------*\
| =========                 |                                                 |
| \\      /  F ield         | OpenFOAM: The Open Source CFD Toolbox           |
|  \\    /   O peration     | Version:  2.4.0                                 |
|   \\  /    A nd           | Web:      www.OpenFOAM.org                      |
|    \\/     M anipulation  |                                                 |
\*---------------------------------------------------------------------------*/
FoamFile
{
    version     2.0;
    format      ascii;
    class       volScalarField;
    location    "6.26";
    object      p;
}
// * * * * * * * * * * * * * * * * * * * * * * * * * * * * * * * * * * * * * //

dimensions      [0 2 -2 0 0 0 0];

internalField   nonuniform List<scalar> 
6000
(
0.0496011
0.278768
0.275719
0.299048
0.304487
0.312166
0.315203
0.318817
0.320752
0.322831
0.32422
0.325618
0.326723
0.327815
0.32879
0.329769
0.330721
0.331704
0.332719
0.333798
0.334956
0.336219
0.337607
0.339146
0.340859
0.342771
0.344907
0.34729
0.349944
0.352888
0.35614
0.359713
0.363609
0.367829
0.372359
0.377173
0.382231
0.387478
0.392837
0.398223
0.403508
0.408584
0.413277
0.417493
0.420836
0.42331
0.424434
0.424486
0.422295
0.419073
0.411793
0.404611
0.388902
0.378105
0.346245
0.336283
0.267537
0.277353
0.110292
0.202897
0.0646203
0.276983
0.275762
0.298899
0.304404
0.31208
0.315146
0.318764
0.320714
0.322796
0.324194
0.325596
0.326706
0.3278
0.328779
0.32976
0.330714
0.331699
0.332715
0.333795
0.334954
0.336218
0.337607
0.339146
0.34086
0.342773
0.34491
0.347294
0.349948
0.352894
0.356147
0.359721
0.363621
0.367843
0.372373
0.377187
0.382245
0.38749
0.392846
0.398226
0.403501
0.408565
0.413242
0.417445
0.420783
0.423245
0.424355
0.424381
0.422164
0.418896
0.411582
0.404318
0.388576
0.377628
0.345777
0.335491
0.266973
0.275949
0.109653
0.20024
0.0784647
0.274907
0.275859
0.298782
0.304332
0.312013
0.315096
0.318722
0.320681
0.322768
0.32417
0.325576
0.32669
0.327787
0.328768
0.329751
0.330707
0.331693
0.33271
0.333792
0.334952
0.336216
0.337606
0.339146
0.34086
0.342773
0.34491
0.347294
0.349949
0.352895
0.356149
0.359724
0.363623
0.367846
0.372376
0.37719
0.382245
0.387487
0.392836
0.398206
0.403468
0.408514
0.413168
0.417348
0.42068
0.423133
0.42423
0.424237
0.421997
0.418693
0.411344
0.404018
0.388235
0.377172
0.345301
0.334767
0.266323
0.27469
0.108801
0.197894
0.0899329
0.27273
0.275998
0.298691
0.304278
0.311958
0.315055
0.318686
0.320651
0.322743
0.32415
0.325559
0.326675
0.327774
0.328758
0.329742
0.3307
0.331687
0.332705
0.333787
0.334948
0.336212
0.337602
0.339142
0.340856
0.342769
0.344905
0.347289
0.349944
0.352889
0.356143
0.359717
0.363616
0.367836
0.372364
0.377175
0.382225
0.38746
0.392799
0.398155
0.403398
0.408421
0.413048
0.417195
0.420512
0.422957
0.424043
0.424038
0.421778
0.41845
0.411069
0.403698
0.387872
0.376722
0.34481
0.334088
0.265662
0.273557
0.107916
0.195958
0.0999196
0.270557
0.27616
0.298623
0.304241
0.311912
0.315019
0.318653
0.320625
0.32272
0.32413
0.325542
0.326661
0.327762
0.328748
0.329733
0.330692
0.33168
0.332699
0.333781
0.334942
0.336206
0.337596
0.339135
0.340849
0.342761
0.344896
0.347279
0.349932
0.352876
0.356128
0.359699
0.363595
0.367811
0.372334
0.377138
0.382179
0.387402
0.392726
0.398064
0.403286
0.408285
0.412884
0.41699
0.420276
0.422704
0.423774
0.423754
0.421476
0.418128
0.410718
0.403312
0.387443
0.376225
0.344265
0.333393
0.264955
0.27246
0.107006
0.194276
0.108989
0.268457
0.276329
0.29858
0.304219
0.311873
0.31499
0.318625
0.320601
0.322699
0.324112
0.325526
0.326647
0.327751
0.328737
0.329724
0.330683
0.331672
0.332691
0.333774
0.334934
0.336199
0.337587
0.339126
0.340838
0.342749
0.344883
0.347263
0.349914
0.352855
0.356103
0.35967
0.36356
0.36777
0.372284
0.377078
0.382106
0.387315
0.392622
0.39794
0.403141
0.408118
0.412689
0.416752
0.419993
0.422391
0.423432
0.423388
0.421082
0.417709
0.410266
0.402828
0.386915
0.375642
0.343625
0.332634
0.264162
0.271346
0.106039
0.192742
0.117312
0.26647
0.276502
0.298555
0.304211
0.311843
0.314967
0.3186
0.320581
0.322679
0.324096
0.325512
0.326634
0.327739
0.328727
0.329714
0.330674
0.331663
0.332683
0.333765
0.334925
0.336189
0.337577
0.339114
0.340825
0.342734
0.344865
0.347243
0.349891
0.352827
0.35607
0.359631
0.363513
0.367714
0.372218
0.376999
0.382014
0.387207
0.392496
0.397797
0.402979
0.407936
0.412482
0.416503
0.419689
0.422044
0.423044
0.422962
0.420615
0.417207
0.40972
0.402245
0.386277
0.374956
0.34287
0.331786
0.263252
0.270182
0.104972
0.191299
0.124975
0.264619
0.276675
0.298533
0.304227
0.31182
0.31495
0.318579
0.320563
0.322662
0.324081
0.325498
0.326622
0.327728
0.328716
0.329704
0.330665
0.331654
0.332673
0.333756
0.334915
0.336178
0.337565
0.339101
0.34081
0.342717
0.344845
0.34722
0.349862
0.352794
0.35603
0.359583
0.363457
0.367648
0.372141
0.376909
0.38191
0.387088
0.392363
0.397647
0.402812
0.407753
0.412276
0.416255
0.419385
0.42169
0.422639
0.422507
0.420108
0.416651
0.409107
0.401584
0.385549
0.374175
0.342005
0.330841
0.262215
0.268949
0.103786
0.189905
0.132078
0.262916
0.276848
0.298519
0.304255
0.311806
0.314939
0.318562
0.320549
0.322647
0.324068
0.325485
0.326611
0.327717
0.328706
0.329695
0.330655
0.331645
0.332664
0.333746
0.334905
0.336167
0.337552
0.339087
0.340793
0.342697
0.344822
0.347192
0.34983
0.352755
0.355985
0.35953
0.363395
0.367576
0.372058
0.376815
0.381804
0.386969
0.39223
0.3975
0.402651
0.407576
0.412076
0.416015
0.419091
0.421344
0.422238
0.42205
0.419589
0.416073
0.408461
0.400877
0.384761
0.373326
0.341052
0.329812
0.261064
0.267642
0.102479
0.188532
0.138719
0.261367
0.277018
0.298509
0.304294
0.3118
0.314935
0.31855
0.320537
0.322635
0.324056
0.325474
0.3266
0.327707
0.328696
0.329685
0.330646
0.331635
0.332654
0.333736
0.334894
0.336155
0.337539
0.339071
0.340775
0.342676
0.344797
0.347163
0.349795
0.352714
0.355937
0.359474
0.363331
0.367503
0.371975
0.376722
0.3817
0.386854
0.392102
0.397361
0.402499
0.407408
0.411886
0.415787
0.418812
0.421013
0.42185
0.421602
0.419076
0.415494
0.407805
0.400152
0.383944
0.372436
0.340044
0.328724
0.259826
0.266274
0.101067
0.187171
0.144975
0.259975
0.277179
0.298497
0.304343
0.311802
0.314937
0.318541
0.320529
0.322624
0.324047
0.325464
0.326591
0.327698
0.328687
0.329676
0.330637
0.331626
0.332644
0.333725
0.334883
0.336142
0.337525
0.339054
0.340756
0.342653
0.34477
0.347131
0.349757
0.352671
0.355887
0.359417
0.363266
0.36743
0.371894
0.376632
0.381601
0.386745
0.391983
0.39723
0.402356
0.40725
0.411705
0.415572
0.41855
0.420701
0.421481
0.421173
0.418579
0.414927
0.407158
0.399428
0.383121
0.371532
0.339011
0.327602
0.258535
0.264868
0.0995819
0.185828
0.150909
0.258744
0.277328
0.298481
0.304402
0.31181
0.314946
0.318537
0.320525
0.322617
0.324039
0.325456
0.326582
0.327689
0.328679
0.329668
0.330628
0.331617
0.332635
0.333715
0.334871
0.33613
0.33751
0.339037
0.340735
0.342628
0.344741
0.347097
0.349719
0.352627
0.355837
0.359361
0.363203
0.36736
0.371817
0.376547
0.381508
0.386643
0.391872
0.397109
0.402224
0.407103
0.411535
0.415369
0.418304
0.420407
0.421133
0.420764
0.418103
0.414379
0.406529
0.398717
0.382309
0.37063
0.337973
0.326469
0.25722
0.263444
0.0980571
0.184515
0.156567
0.257673
0.277464
0.298459
0.304467
0.311824
0.314961
0.318536
0.320523
0.322611
0.324033
0.325449
0.326576
0.327683
0.328672
0.32966
0.330621
0.331609
0.332626
0.333706
0.33486
0.336117
0.337494
0.339019
0.340713
0.342603
0.344712
0.347063
0.34968
0.352583
0.355787
0.359305
0.363142
0.367293
0.371743
0.376467
0.381421
0.386549
0.39177
0.396997
0.4021
0.406964
0.411375
0.415178
0.418073
0.420131
0.420804
0.420376
0.417649
0.413853
0.405922
0.398026
0.381515
0.369742
0.336949
0.325342
0.255906
0.262024
0.0965259
0.183245
0.161987
0.256762
0.277584
0.298427
0.304538
0.311843
0.314982
0.31854
0.320526
0.322609
0.32403
0.325445
0.326571
0.327677
0.328666
0.329654
0.330614
0.331602
0.332618
0.333696
0.334849
0.336103
0.337478
0.339
0.340691
0.342578
0.344682
0.34703
0.349642
0.35254
0.355739
0.359252
0.363083
0.367229
0.371674
0.376393
0.38134
0.386462
0.391675
0.396894
0.401986
0.406835
0.411224
0.414998
0.417857
0.419871
0.420494
0.420008
0.417218
0.41335
0.405339
0.397358
0.380747
0.368876
0.335948
0.324232
0.25461
0.26062
0.095016
0.182027
0.167198
0.25601
0.277691
0.298385
0.304611
0.311866
0.315009
0.318548
0.320532
0.322609
0.32403
0.325443
0.326569
0.327674
0.328663
0.32965
0.330609
0.331596
0.332611
0.333687
0.334839
0.336091
0.337463
0.338982
0.34067
0.342553
0.344653
0.346997
0.349605
0.352498
0.355693
0.359201
0.363028
0.367169
0.37161
0.376323
0.381266
0.386381
0.391588
0.396798
0.401879
0.406714
0.411082
0.414828
0.417654
0.419627
0.420201
0.41966
0.416807
0.412869
0.404781
0.396714
0.380006
0.368034
0.334976
0.323145
0.253346
0.259244
0.0935489
0.180865
0.172221
0.255414
0.277786
0.29833
0.304686
0.311892
0.315041
0.31856
0.320541
0.322612
0.324032
0.325443
0.326568
0.327673
0.328661
0.329647
0.330605
0.331591
0.332605
0.33368
0.334829
0.336079
0.337448
0.338964
0.340649
0.342528
0.344625
0.346965
0.349569
0.352458
0.355649
0.359154
0.362976
0.367114
0.37155
0.376259
0.381197
0.386307
0.391507
0.39671
0.40178
0.4066
0.410947
0.414667
0.417462
0.419395
0.419924
0.419328
0.416416
0.412409
0.404246
0.396094
0.379293
0.367219
0.334038
0.322087
0.252122
0.257902
0.09214
0.179761
0.177075
0.25497
0.277875
0.298263
0.304759
0.31192
0.315078
0.318576
0.320554
0.322618
0.324036
0.325445
0.32657
0.327673
0.328661
0.329646
0.330603
0.331587
0.3326
0.333673
0.33482
0.336068
0.337435
0.338947
0.340629
0.342505
0.344599
0.346935
0.349535
0.352421
0.355608
0.359109
0.362928
0.367062
0.371495
0.376201
0.381134
0.386239
0.391433
0.396628
0.401688
0.406492
0.41082
0.414515
0.41728
0.419176
0.419661
0.419012
0.416042
0.411968
0.403733
0.395497
0.378608
0.36643
0.333135
0.321058
0.250944
0.256598
0.0908
0.178712
0.181771
0.254672
0.277961
0.298183
0.304829
0.311949
0.31512
0.318595
0.320571
0.322627
0.324044
0.32545
0.326574
0.327676
0.328663
0.329647
0.330603
0.331586
0.332597
0.333668
0.334813
0.336058
0.337423
0.338932
0.340611
0.342484
0.344575
0.346907
0.349504
0.352387
0.355571
0.359068
0.362885
0.367016
0.371446
0.376148
0.381077
0.386178
0.391366
0.396552
0.401602
0.406391
0.410699
0.414369
0.417107
0.418966
0.419409
0.41871
0.415685
0.411543
0.403241
0.394922
0.377949
0.365667
0.332267
0.32006
0.249814
0.255333
0.0895355
0.177714
0.186321
0.254515
0.278052
0.298091
0.304894
0.311978
0.315166
0.318618
0.320592
0.322639
0.324054
0.325457
0.326581
0.327682
0.328668
0.329651
0.330605
0.331587
0.332596
0.333665
0.334808
0.336051
0.337413
0.33892
0.340596
0.342466
0.344553
0.346882
0.349477
0.352356
0.355537
0.359032
0.362845
0.366974
0.371401
0.3761
0.381026
0.386122
0.391304
0.396483
0.401522
0.406296
0.410584
0.414231
0.416941
0.418766
0.419168
0.418419
0.415341
0.411135
0.402768
0.394366
0.377316
0.364928
0.331435
0.319092
0.248736
0.254108
0.0883503
0.176764
0.190734
0.25449
0.278152
0.297989
0.304951
0.312005
0.315216
0.318644
0.320616
0.322653
0.324066
0.325467
0.32659
0.32769
0.328675
0.329657
0.33061
0.33159
0.332597
0.333665
0.334806
0.336046
0.337405
0.33891
0.340583
0.34245
0.344534
0.346861
0.349452
0.352329
0.355507
0.359
0.362811
0.366937
0.371362
0.376058
0.380981
0.386072
0.391249
0.396419
0.401447
0.406206
0.410474
0.414098
0.416783
0.418573
0.418936
0.418138
0.415009
0.410739
0.402311
0.393828
0.376707
0.364214
0.330637
0.318154
0.247708
0.252922
0.087246
0.175856
0.195016
0.25459
0.278266
0.29788
0.305001
0.31203
0.315269
0.318673
0.320644
0.322671
0.324082
0.32548
0.326602
0.327701
0.328685
0.329666
0.330618
0.331596
0.332602
0.333667
0.334806
0.336044
0.337401
0.338902
0.340573
0.342438
0.344519
0.346843
0.349432
0.352306
0.355482
0.358973
0.362782
0.366906
0.371328
0.376022
0.380941
0.386028
0.391199
0.396361
0.401378
0.406122
0.41037
0.41397
0.41663
0.418387
0.418711
0.417866
0.414688
0.410356
0.401869
0.393306
0.37612
0.36352
0.329872
0.317245
0.246732
0.251774
0.0862227
0.174985
0.199173
0.254808
0.2784
0.297767
0.305041
0.312051
0.315324
0.318705
0.320676
0.322691
0.324101
0.325495
0.326617
0.327715
0.328698
0.329677
0.330628
0.331605
0.332609
0.333673
0.334809
0.336045
0.3374
0.338899
0.340567
0.342429
0.344509
0.34683
0.349416
0.352288
0.355462
0.358951
0.362758
0.36688
0.3713
0.375991
0.380907
0.38599
0.391154
0.396308
0.401314
0.406042
0.41027
0.413848
0.416482
0.418206
0.418493
0.417601
0.414376
0.409983
0.401441
0.392799
0.375554
0.362848
0.329139
0.316363
0.245805
0.250663
0.0852797
0.174146
0.203213
0.255135
0.278558
0.297655
0.305072
0.312068
0.315381
0.318739
0.320712
0.322715
0.324123
0.325513
0.326635
0.327732
0.328714
0.329692
0.330642
0.331617
0.332619
0.333682
0.334816
0.33605
0.337402
0.338899
0.340565
0.342425
0.344502
0.346822
0.349406
0.352275
0.355448
0.358934
0.36274
0.36686
0.371279
0.375967
0.38088
0.385958
0.391116
0.396261
0.401255
0.405966
0.410175
0.413729
0.416339
0.41803
0.418281
0.417342
0.414072
0.409618
0.401026
0.392305
0.375006
0.362194
0.328436
0.315507
0.244928
0.249587
0.0844153
0.173333
0.207139
0.255564
0.278742
0.297547
0.305095
0.31208
0.315439
0.318777
0.320752
0.322742
0.324148
0.325534
0.326655
0.327751
0.328734
0.329711
0.330659
0.331633
0.332634
0.333694
0.334827
0.336059
0.337409
0.338904
0.340568
0.342426
0.344501
0.346818
0.349401
0.352268
0.355439
0.358924
0.362729
0.366847
0.371264
0.37595
0.380859
0.385932
0.391084
0.396219
0.401201
0.405896
0.410084
0.413615
0.4162
0.417858
0.418073
0.417089
0.413774
0.409262
0.40062
0.391823
0.374476
0.361557
0.327762
0.314675
0.244099
0.248545
0.0836274
0.172542
0.210956
0.256086
0.278954
0.297446
0.30511
0.312086
0.315497
0.318816
0.320796
0.322773
0.324177
0.325558
0.326679
0.327774
0.328757
0.329733
0.33068
0.331653
0.332653
0.333711
0.334843
0.336073
0.337421
0.338914
0.340576
0.342432
0.344505
0.346821
0.349401
0.352268
0.355437
0.358921
0.362724
0.366841
0.371256
0.375939
0.380845
0.385913
0.391057
0.396183
0.401151
0.405829
0.409997
0.413504
0.416064
0.41769
0.417869
0.41684
0.413482
0.408912
0.400225
0.391351
0.373963
0.360936
0.327116
0.313867
0.243316
0.247533
0.0829139
0.17177
0.214671
0.256694
0.279197
0.297357
0.30512
0.312088
0.315554
0.318859
0.320844
0.322808
0.32421
0.325586
0.326707
0.327801
0.328783
0.329759
0.330706
0.331677
0.332676
0.333733
0.334863
0.336091
0.337438
0.338929
0.340589
0.342443
0.344515
0.346829
0.349409
0.352274
0.355442
0.358925
0.362726
0.366842
0.371255
0.375936
0.380837
0.3859
0.391037
0.396152
0.401107
0.405767
0.409913
0.413397
0.415932
0.417524
0.417668
0.416595
0.413195
0.408568
0.399837
0.390889
0.373464
0.360331
0.326496
0.31308
0.242579
0.246552
0.0822724
0.171011
0.218286
0.25738
0.27947
0.297282
0.305126
0.312085
0.31561
0.318903
0.320897
0.322848
0.324248
0.325617
0.326738
0.327831
0.328814
0.329789
0.330736
0.331707
0.332704
0.33376
0.334889
0.336116
0.337461
0.33895
0.340609
0.342462
0.344532
0.346845
0.349423
0.352287
0.355454
0.358936
0.362737
0.366851
0.371262
0.375939
0.380837
0.385894
0.391023
0.396127
0.401068
0.405709
0.409834
0.413293
0.415801
0.417361
0.41747
0.416352
0.412912
0.408228
0.399458
0.390435
0.37298
0.359739
0.325902
0.312315
0.241885
0.245598
0.0817003
0.170263
0.221807
0.258138
0.279775
0.297224
0.30513
0.312078
0.315665
0.318949
0.320954
0.322892
0.32429
0.325653
0.326773
0.327865
0.328849
0.329824
0.330771
0.331741
0.332737
0.333792
0.33492
0.336146
0.33749
0.338978
0.340635
0.342487
0.344556
0.346868
0.349445
0.352308
0.355474
0.358955
0.362755
0.366868
0.371277
0.375951
0.380844
0.385895
0.391015
0.396108
0.401033
0.405655
0.409758
0.413191
0.415674
0.4172
0.417274
0.416112
0.412633
0.407892
0.399085
0.389989
0.372509
0.359161
0.325332
0.311569
0.241235
0.244671
0.0811953
0.169522
0.225238
0.258961
0.28011
0.297185
0.305135
0.312069
0.315718
0.318998
0.321016
0.322942
0.324338
0.325694
0.326813
0.327904
0.328888
0.329864
0.330811
0.33178
0.332776
0.333831
0.334957
0.336182
0.337525
0.339013
0.340669
0.342519
0.344587
0.346898
0.349475
0.352337
0.355503
0.358983
0.362782
0.366893
0.3713
0.375971
0.38086
0.385903
0.391014
0.396095
0.401004
0.405606
0.409685
0.413092
0.415548
0.41704
0.417079
0.415873
0.412356
0.40756
0.398718
0.389549
0.37205
0.358594
0.324785
0.310842
0.240626
0.243769
0.080755
0.168786
0.228585
0.259843
0.280474
0.297167
0.305143
0.312058
0.315771
0.319048
0.321082
0.322997
0.324392
0.325741
0.326859
0.327948
0.328933
0.329909
0.330856
0.331826
0.332821
0.333875
0.335001
0.336226
0.337568
0.339055
0.34071
0.342559
0.344627
0.346937
0.349513
0.352376
0.355541
0.359021
0.362818
0.366928
0.371332
0.376
0.380883
0.385919
0.39102
0.396087
0.40098
0.405561
0.409616
0.412996
0.415424
0.416881
0.416886
0.415636
0.412081
0.407231
0.398356
0.389116
0.371603
0.35804
0.324261
0.310133
0.240057
0.242891
0.080377
0.168053
0.231851
0.260778
0.280868
0.297171
0.305156
0.312048
0.315823
0.319101
0.321153
0.323058
0.324453
0.325794
0.326911
0.327997
0.328984
0.32996
0.330908
0.331878
0.332873
0.333927
0.335053
0.336277
0.337618
0.339105
0.340759
0.342608
0.344675
0.346985
0.349561
0.352423
0.355588
0.359068
0.362865
0.366973
0.371374
0.376038
0.380915
0.385943
0.391033
0.396086
0.400961
0.405519
0.409549
0.412902
0.415301
0.416723
0.416693
0.415399
0.411807
0.406904
0.397999
0.388689
0.371167
0.357496
0.323759
0.309441
0.239528
0.242035
0.0800592
0.16732
0.235041
0.261761
0.281288
0.297198
0.305175
0.31204
0.315876
0.319157
0.32123
0.323126
0.324521
0.325854
0.326969
0.328053
0.32904
0.330017
0.330966
0.331937
0.332932
0.333986
0.335112
0.336336
0.337677
0.339163
0.340818
0.342666
0.344733
0.347043
0.349619
0.352481
0.355646
0.359125
0.362921
0.367027
0.371426
0.376085
0.380956
0.385975
0.391054
0.396091
0.400947
0.405482
0.409486
0.41281
0.415179
0.416566
0.416501
0.415162
0.411535
0.406578
0.397646
0.388267
0.370742
0.356963
0.323277
0.308767
0.239037
0.2412
0.0797995
0.166586
0.23816
0.262787
0.281734
0.297247
0.305202
0.312036
0.315929
0.319216
0.321312
0.323202
0.324598
0.325922
0.327035
0.328116
0.329104
0.330081
0.331032
0.332003
0.332999
0.334053
0.335179
0.336403
0.337745
0.339231
0.340885
0.342734
0.344801
0.347111
0.349688
0.35255
0.355715
0.359193
0.362988
0.367093
0.371488
0.376142
0.381006
0.386016
0.391082
0.396103
0.400939
0.405449
0.409426
0.412719
0.415059
0.416409
0.416308
0.414926
0.411264
0.406254
0.397298
0.387849
0.370326
0.35644
0.322817
0.308109
0.238583
0.240387
0.0795958
0.165849
0.241212
0.263852
0.282203
0.297319
0.305239
0.312037
0.315985
0.319279
0.3214
0.323286
0.324683
0.325999
0.32711
0.328187
0.329175
0.330153
0.331105
0.332077
0.333075
0.334129
0.335256
0.33648
0.337822
0.339309
0.340963
0.342812
0.34488
0.347191
0.349767
0.35263
0.355795
0.359273
0.363067
0.367169
0.371561
0.37621
0.381066
0.386065
0.391117
0.396121
0.400935
0.405421
0.409369
0.412631
0.414939
0.416252
0.416116
0.414689
0.410993
0.405931
0.396952
0.387437
0.36992
0.355926
0.322376
0.307467
0.238167
0.239593
0.0794462
0.165108
0.244201
0.264951
0.282695
0.297413
0.305286
0.312044
0.316044
0.319347
0.321495
0.323378
0.324778
0.326087
0.327195
0.328267
0.329255
0.330233
0.331187
0.33216
0.333159
0.334214
0.335342
0.336567
0.33791
0.339397
0.341052
0.342901
0.34497
0.347281
0.349859
0.352722
0.355887
0.359365
0.363158
0.367258
0.371646
0.376289
0.381136
0.386124
0.391161
0.396146
0.400938
0.405396
0.409315
0.412544
0.41482
0.416094
0.415922
0.414451
0.410722
0.405609
0.39661
0.387028
0.369524
0.355423
0.321955
0.30684
0.237786
0.238819
0.0793489
0.164362
0.247133
0.266079
0.283207
0.297528
0.305344
0.312059
0.316107
0.31942
0.321596
0.32348
0.324884
0.326185
0.32729
0.328358
0.329345
0.330323
0.331278
0.332252
0.333253
0.33431
0.335438
0.336664
0.338008
0.339496
0.341152
0.343002
0.345072
0.347385
0.349963
0.352827
0.355993
0.35947
0.363262
0.367359
0.371742
0.376378
0.381217
0.386192
0.391213
0.396178
0.400946
0.405376
0.409263
0.412459
0.414701
0.415936
0.415728
0.414212
0.410451
0.405288
0.396271
0.386624
0.369136
0.354928
0.321554
0.306229
0.23744
0.238063
0.0793021
0.163612
0.25001
0.267235
0.283737
0.297665
0.305414
0.312082
0.316176
0.3195
0.321706
0.323591
0.325001
0.326295
0.327397
0.32846
0.329446
0.330423
0.33138
0.332355
0.333358
0.334416
0.335546
0.336773
0.338119
0.339608
0.341265
0.343116
0.345187
0.347501
0.350081
0.352946
0.356112
0.359589
0.363379
0.367473
0.371851
0.37648
0.381308
0.38627
0.391274
0.396217
0.400959
0.405359
0.409214
0.412375
0.414582
0.415777
0.415532
0.413972
0.410179
0.404966
0.395934
0.386223
0.368757
0.354444
0.321171
0.305634
0.237129
0.237325
0.0793042
0.162855
0.252838
0.268412
0.284284
0.297821
0.305495
0.312114
0.316251
0.319588
0.321824
0.323714
0.32513
0.326419
0.327518
0.328575
0.32956
0.330535
0.331493
0.33247
0.333474
0.334534
0.335666
0.336895
0.338242
0.339732
0.341391
0.343244
0.345316
0.347632
0.350212
0.353078
0.356245
0.359722
0.36351
0.3676
0.371973
0.376594
0.381411
0.386358
0.391344
0.396264
0.400979
0.405347
0.409168
0.412292
0.414463
0.415618
0.415335
0.413731
0.409906
0.404645
0.395599
0.385827
0.368387
0.353968
0.320807
0.305054
0.236851
0.236606
0.0793536
0.162092
0.25562
0.26961
0.284847
0.297997
0.305587
0.312156
0.316333
0.319683
0.321951
0.323848
0.325273
0.326556
0.327653
0.328705
0.329686
0.33066
0.331618
0.332596
0.333603
0.334664
0.335798
0.337029
0.338378
0.339871
0.341531
0.343386
0.34546
0.347777
0.350359
0.353227
0.356393
0.359869
0.363655
0.367742
0.372109
0.376721
0.381526
0.386457
0.391422
0.396318
0.401003
0.405338
0.409124
0.41221
0.414343
0.415456
0.415136
0.413487
0.409632
0.404323
0.395267
0.385434
0.368026
0.353502
0.320462
0.30449
0.236607
0.235904
0.0794488
0.161323
0.258361
0.270824
0.285422
0.29819
0.30569
0.312209
0.316422
0.319787
0.322089
0.323995
0.325429
0.32671
0.327804
0.328849
0.329828
0.330799
0.331758
0.332737
0.333745
0.334809
0.335945
0.337178
0.338529
0.340024
0.341686
0.343543
0.345619
0.347938
0.350522
0.353391
0.356558
0.360033
0.363817
0.367899
0.372259
0.376861
0.381652
0.386566
0.39151
0.396379
0.401034
0.405334
0.409082
0.412128
0.414223
0.415293
0.414935
0.413241
0.409357
0.404001
0.394937
0.385045
0.367672
0.353045
0.320135
0.303941
0.236396
0.23522
0.0795882
0.160548
0.261064
0.272052
0.28601
0.298399
0.305805
0.312271
0.316519
0.3199
0.322236
0.324154
0.325601
0.326879
0.327972
0.329011
0.329986
0.330954
0.331912
0.332892
0.333902
0.334968
0.336107
0.337342
0.338696
0.340193
0.341857
0.343717
0.345795
0.348116
0.350702
0.353572
0.356739
0.360213
0.363994
0.368072
0.372424
0.377015
0.381792
0.386686
0.391607
0.396448
0.40107
0.405333
0.409042
0.412047
0.414101
0.415128
0.414731
0.412993
0.40908
0.403679
0.394608
0.384659
0.367327
0.352598
0.319826
0.303409
0.236217
0.234554
0.0797705
0.159767
0.263733
0.27329
0.286607
0.298625
0.30593
0.312343
0.316624
0.320023
0.322394
0.324327
0.325787
0.327066
0.328157
0.329191
0.330163
0.331127
0.332084
0.333064
0.334076
0.335144
0.336285
0.337523
0.33888
0.340379
0.342046
0.343908
0.345989
0.348312
0.3509
0.353771
0.356938
0.360411
0.364189
0.368261
0.372604
0.377183
0.381944
0.386818
0.391713
0.396524
0.401112
0.405336
0.409005
0.411966
0.413979
0.41496
0.414525
0.412742
0.408801
0.403355
0.394281
0.384277
0.36699
0.35216
0.319535
0.302892
0.23607
0.233906
0.0799941
0.158982
0.266371
0.274537
0.287214
0.298864
0.306065
0.312426
0.316738
0.320155
0.322562
0.324513
0.32599
0.327271
0.328362
0.329391
0.330358
0.331318
0.332274
0.333253
0.334267
0.335337
0.33648
0.337722
0.339081
0.340584
0.342253
0.344118
0.346201
0.348527
0.351117
0.353989
0.357156
0.360628
0.364401
0.368467
0.372801
0.377366
0.38211
0.386961
0.39183
0.396608
0.40116
0.405343
0.408968
0.411885
0.413854
0.41479
0.414315
0.412488
0.40852
0.403031
0.393955
0.383898
0.366661
0.351732
0.319263
0.302391
0.235954
0.233275
0.0802577
0.158191
0.268983
0.275789
0.287827
0.299117
0.30621
0.312518
0.31686
0.320296
0.322742
0.324713
0.326208
0.327494
0.328588
0.329612
0.330575
0.331531
0.332484
0.333463
0.334477
0.335548
0.336695
0.337939
0.339302
0.340807
0.34248
0.344348
0.346434
0.348763
0.351354
0.354227
0.357394
0.360863
0.364633
0.368691
0.373014
0.377565
0.382289
0.387117
0.391956
0.396701
0.401213
0.405353
0.408933
0.411803
0.413728
0.414617
0.414102
0.412231
0.408236
0.402705
0.393631
0.383523
0.366339
0.351315
0.319007
0.301906
0.235869
0.232663
0.0805598
0.157397
0.271571
0.277044
0.288446
0.299383
0.306364
0.31262
0.31699
0.320448
0.322932
0.324927
0.326443
0.327736
0.328834
0.329855
0.330814
0.331765
0.332716
0.333693
0.334707
0.335781
0.33693
0.338177
0.339544
0.341052
0.342728
0.344599
0.346688
0.349019
0.351613
0.354486
0.357653
0.361119
0.364884
0.368934
0.373245
0.37778
0.382483
0.387285
0.392093
0.396801
0.401272
0.405367
0.4089
0.411721
0.413599
0.41444
0.413885
0.411969
0.407949
0.402378
0.393307
0.383151
0.366026
0.350907
0.31877
0.301439
0.235814
0.232069
0.0808989
0.1566
0.27414
0.278301
0.28907
0.29966
0.306527
0.312732
0.317129
0.320608
0.323132
0.325153
0.326694
0.327998
0.329101
0.330121
0.331078
0.332024
0.332971
0.333946
0.334961
0.336035
0.337187
0.338437
0.339807
0.341319
0.342999
0.344873
0.346965
0.349298
0.351894
0.354768
0.357933
0.361397
0.365155
0.369196
0.373494
0.378011
0.382692
0.387465
0.39224
0.396909
0.401337
0.405383
0.408867
0.411637
0.413468
0.41426
0.413663
0.411704
0.407659
0.402049
0.392985
0.382783
0.36572
0.350509
0.318549
0.300989
0.235788
0.231495
0.0812736
0.155801
0.276693
0.279555
0.289697
0.299946
0.306698
0.312852
0.317276
0.320778
0.323343
0.325393
0.326961
0.328279
0.329391
0.330411
0.331365
0.332308
0.333252
0.334224
0.335238
0.336314
0.337467
0.338721
0.340094
0.34161
0.343293
0.345171
0.347266
0.349602
0.352199
0.355073
0.358237
0.361697
0.365448
0.369478
0.373762
0.37826
0.382916
0.387659
0.392398
0.397025
0.401407
0.405403
0.408835
0.411552
0.413333
0.414075
0.413437
0.411434
0.407366
0.401719
0.392663
0.382418
0.365422
0.350123
0.318346
0.300556
0.235792
0.230939
0.0816824
0.155002
0.279233
0.280806
0.290325
0.300243
0.306876
0.312981
0.31743
0.320957
0.323564
0.325646
0.327243
0.328578
0.329701
0.330724
0.331679
0.332618
0.333559
0.334529
0.335541
0.336617
0.337773
0.339029
0.340406
0.341926
0.343613
0.345494
0.347592
0.349931
0.352529
0.355403
0.358565
0.36202
0.365764
0.369782
0.374049
0.378526
0.383155
0.387866
0.392566
0.397149
0.401482
0.405425
0.408803
0.411465
0.413195
0.413886
0.413206
0.411159
0.407069
0.401387
0.392341
0.382057
0.365131
0.349746
0.31816
0.300141
0.235824
0.230404
0.0821235
0.154205
0.281764
0.28205
0.290953
0.300547
0.307061
0.313118
0.317592
0.321145
0.323795
0.32591
0.32754
0.328895
0.330033
0.331062
0.332018
0.332955
0.333893
0.334861
0.335872
0.336948
0.338106
0.339364
0.340745
0.342269
0.34396
0.345844
0.347946
0.350286
0.352886
0.355759
0.358919
0.362368
0.366102
0.370108
0.374357
0.378811
0.383411
0.388086
0.392745
0.397281
0.401562
0.40545
0.408771
0.411376
0.413053
0.413691
0.412969
0.410879
0.406767
0.401052
0.39202
0.381699
0.364847
0.349381
0.31799
0.299744
0.235883
0.22989
0.0825953
0.15341
0.284288
0.283286
0.291581
0.300858
0.307252
0.313263
0.317762
0.321341
0.324034
0.326186
0.32785
0.329229
0.330385
0.331423
0.332384
0.33332
0.334257
0.335222
0.336232
0.337308
0.338467
0.339728
0.341112
0.34264
0.344335
0.346223
0.348328
0.35067
0.35327
0.356143
0.359299
0.362741
0.366466
0.370457
0.374686
0.379114
0.383683
0.388321
0.392935
0.397421
0.401648
0.405477
0.408739
0.411285
0.412907
0.413491
0.412726
0.410594
0.406461
0.400715
0.391698
0.381345
0.36457
0.349026
0.317836
0.299366
0.235968
0.229397
0.0830958
0.152619
0.28681
0.284511
0.292206
0.301176
0.30745
0.313416
0.31794
0.321545
0.324283
0.326472
0.328174
0.32958
0.330757
0.331807
0.332775
0.333714
0.33465
0.335614
0.336623
0.337699
0.338858
0.340122
0.341509
0.343041
0.34474
0.346632
0.348739
0.351084
0.353684
0.356555
0.359707
0.363142
0.366855
0.370829
0.375037
0.379437
0.383972
0.388569
0.393137
0.39757
0.401738
0.405507
0.408706
0.411191
0.412756
0.413286
0.412477
0.410303
0.406151
0.400375
0.391376
0.380993
0.3643
0.348683
0.317697
0.299007
0.236079
0.228926
0.0836231
0.151835
0.289332
0.285723
0.292827
0.3015
0.307652
0.313576
0.318124
0.321758
0.32454
0.326769
0.328509
0.329945
0.331147
0.332213
0.33319
0.334134
0.335073
0.336036
0.337045
0.338121
0.339282
0.340547
0.341937
0.343473
0.345176
0.347071
0.349182
0.351528
0.354128
0.356997
0.360143
0.36357
0.367269
0.371226
0.37541
0.37978
0.384278
0.388832
0.393349
0.397726
0.401834
0.405538
0.408673
0.411094
0.4126
0.413075
0.412222
0.410006
0.405835
0.400032
0.391054
0.380645
0.364036
0.348351
0.317573
0.298667
0.236213
0.228477
0.0841749
0.151059
0.291858
0.286919
0.293443
0.301827
0.307859
0.313743
0.318315
0.321978
0.324805
0.327075
0.328856
0.330325
0.331554
0.332639
0.33363
0.334581
0.335524
0.33649
0.337499
0.338576
0.339738
0.341005
0.342398
0.343937
0.345645
0.347543
0.349656
0.352004
0.354604
0.35747
0.36061
0.364026
0.367711
0.371648
0.375806
0.380143
0.384602
0.389109
0.393573
0.397891
0.401934
0.405571
0.408639
0.410994
0.41244
0.412858
0.411961
0.409704
0.405514
0.399687
0.390731
0.3803
0.363778
0.34803
0.317463
0.298347
0.23637
0.228053
0.0847489
0.150295
0.294392
0.288098
0.294053
0.302158
0.308071
0.313917
0.318514
0.322206
0.325079
0.327391
0.329214
0.330718
0.331976
0.333084
0.334092
0.335054
0.336004
0.336973
0.337986
0.339064
0.340227
0.341497
0.342893
0.344436
0.346147
0.348049
0.350165
0.352513
0.355112
0.357974
0.361107
0.364512
0.368181
0.372095
0.376225
0.380527
0.384943
0.389401
0.393809
0.398063
0.40204
0.405606
0.408604
0.410891
0.412275
0.412635
0.411693
0.409395
0.405189
0.399339
0.390407
0.379959
0.363525
0.34772
0.317367
0.298047
0.236549
0.227653
0.0853424
0.149543
0.296936
0.289256
0.294655
0.302492
0.308286
0.314097
0.318719
0.322441
0.32536
0.327715
0.329582
0.331123
0.332414
0.333547
0.334574
0.335551
0.33651
0.337486
0.338503
0.339584
0.340751
0.342024
0.343423
0.344969
0.346684
0.348589
0.350707
0.353056
0.355654
0.358511
0.361636
0.365028
0.368679
0.372569
0.376668
0.380932
0.385303
0.389707
0.394055
0.398244
0.40215
0.405644
0.408569
0.410785
0.412105
0.412407
0.41142
0.409082
0.40486
0.39899
0.390083
0.379621
0.363278
0.347422
0.317283
0.297767
0.236746
0.227278
0.0859524
0.148808
0.299494
0.290391
0.295249
0.302828
0.308505
0.314283
0.31893
0.322684
0.325648
0.328048
0.32996
0.33154
0.332865
0.334026
0.335076
0.336069
0.337042
0.338027
0.339051
0.340137
0.341308
0.342585
0.343988
0.345538
0.347256
0.349165
0.351285
0.353634
0.356229
0.359081
0.362196
0.365574
0.369205
0.373069
0.377135
0.381358
0.38568
0.390029
0.394314
0.398433
0.402266
0.405684
0.408534
0.410678
0.411932
0.412175
0.411142
0.408765
0.404527
0.398639
0.38976
0.379287
0.363036
0.347135
0.317209
0.297508
0.23696
0.226931
0.0865757
0.148092
0.30207
0.291501
0.295832
0.303165
0.308726
0.314475
0.319148
0.322934
0.325944
0.328389
0.330346
0.331966
0.333328
0.334519
0.335595
0.336609
0.337597
0.338594
0.339627
0.340721
0.341898
0.34318
0.344587
0.346142
0.347864
0.349776
0.351897
0.354247
0.356839
0.359684
0.362789
0.366151
0.36976
0.373595
0.377625
0.381805
0.386076
0.390365
0.394584
0.398631
0.402388
0.405727
0.4085
0.41057
0.411758
0.41194
0.410861
0.408445
0.404193
0.398288
0.389437
0.378959
0.3628
0.34686
0.317147
0.297269
0.237189
0.22661
0.0872087
0.147398
0.304667
0.292582
0.296404
0.303502
0.30895
0.314673
0.319372
0.32319
0.326247
0.328738
0.330741
0.332403
0.333803
0.335027
0.33613
0.337166
0.338173
0.339185
0.34023
0.341334
0.342519
0.343807
0.345221
0.34678
0.348507
0.350422
0.352545
0.354894
0.357482
0.36032
0.363413
0.366758
0.370343
0.374148
0.378139
0.382273
0.386489
0.390716
0.394866
0.398839
0.402516
0.405774
0.408468
0.410462
0.411582
0.411704
0.410579
0.408126
0.403859
0.39794
0.389117
0.378637
0.36257
0.346598
0.317094
0.297052
0.23743
0.226319
0.0878476
0.14673
0.307288
0.293632
0.296963
0.303838
0.309175
0.314876
0.319603
0.323454
0.326557
0.329094
0.331144
0.332849
0.334288
0.335546
0.33668
0.337741
0.338769
0.339799
0.340858
0.341973
0.343168
0.344465
0.345886
0.347452
0.349184
0.351102
0.353227
0.355575
0.358159
0.360989
0.364068
0.367394
0.370954
0.374726
0.378677
0.382761
0.386921
0.391083
0.395161
0.399055
0.402651
0.405827
0.40844
0.410356
0.411408
0.411469
0.410298
0.407808
0.403527
0.397596
0.388803
0.378323
0.362347
0.346351
0.31705
0.296857
0.237681
0.226058
0.0884881
0.146089
0.309938
0.294647
0.297508
0.304173
0.309402
0.315084
0.319839
0.323724
0.326874
0.329458
0.331555
0.333303
0.334783
0.336077
0.337242
0.338331
0.339382
0.340432
0.341508
0.342638
0.343845
0.345152
0.346582
0.348155
0.349893
0.351815
0.353942
0.356288
0.358868
0.361688
0.364754
0.368059
0.371591
0.375328
0.379236
0.383269
0.387369
0.391464
0.395467
0.399281
0.402794
0.405885
0.408415
0.410254
0.411237
0.411238
0.410021
0.407494
0.403201
0.39726
0.388496
0.37802
0.362133
0.346118
0.317016
0.296684
0.237939
0.225827
0.0891255
0.14548
0.31262
0.295625
0.298038
0.304505
0.30963
0.315297
0.320082
0.324002
0.327198
0.329829
0.331974
0.333766
0.335288
0.336619
0.337817
0.338935
0.340012
0.341083
0.342178
0.343324
0.344545
0.345865
0.347305
0.348887
0.350632
0.352559
0.354687
0.357033
0.359607
0.362418
0.365467
0.36875
0.372254
0.375954
0.379817
0.383796
0.387834
0.391859
0.395785
0.399518
0.402945
0.40595
0.408397
0.410158
0.411071
0.411011
0.40975
0.407188
0.402883
0.396934
0.388199
0.377731
0.361931
0.345903
0.316991
0.296534
0.238202
0.225629
0.0897545
0.144903
0.315338
0.296562
0.298551
0.304835
0.309859
0.315515
0.32033
0.324286
0.32753
0.330208
0.332401
0.334238
0.335801
0.33717
0.338403
0.339551
0.340655
0.34175
0.342866
0.344031
0.345268
0.346602
0.348053
0.349645
0.351398
0.35333
0.355461
0.357805
0.360374
0.363174
0.366207
0.369467
0.37294
0.376601
0.380417
0.384341
0.388314
0.392267
0.396115
0.399764
0.403104
0.406022
0.408385
0.410067
0.410911
0.410792
0.409486
0.406892
0.402575
0.39662
0.387915
0.377457
0.361741
0.345707
0.316976
0.296409
0.238468
0.225463
0.0903693
0.144362
0.318095
0.297454
0.299047
0.305161
0.310087
0.315737
0.320585
0.324576
0.327868
0.330594
0.332834
0.334717
0.336323
0.337731
0.338999
0.340179
0.341312
0.342432
0.343571
0.344755
0.34601
0.347359
0.348824
0.350427
0.352188
0.354127
0.35626
0.358603
0.361166
0.363955
0.366971
0.370206
0.373647
0.377268
0.381035
0.384902
0.388809
0.392688
0.396456
0.400019
0.403272
0.406102
0.40838
0.409984
0.410759
0.410581
0.409232
0.406606
0.402281
0.396321
0.387647
0.377202
0.361567
0.345532
0.316973
0.296309
0.238734
0.225331
0.0909644
0.143858
0.320896
0.298297
0.299524
0.305483
0.310316
0.315964
0.320845
0.324874
0.328213
0.330987
0.333275
0.335203
0.336853
0.3383
0.339605
0.340818
0.34198
0.343127
0.34429
0.345496
0.34677
0.348136
0.349615
0.35123
0.353001
0.354946
0.357082
0.359424
0.361981
0.364758
0.367756
0.370966
0.374374
0.377953
0.38167
0.385477
0.389317
0.393121
0.396807
0.400284
0.403448
0.406189
0.408383
0.409908
0.410616
0.410381
0.40899
0.406334
0.402
0.39604
0.387395
0.376967
0.361411
0.345381
0.316982
0.296237
0.239001
0.225233
0.091535
0.143392
0.323745
0.299088
0.299981
0.305799
0.310544
0.316195
0.321111
0.325178
0.328564
0.331387
0.333724
0.335698
0.33739
0.338878
0.34022
0.341467
0.342659
0.343834
0.345022
0.346251
0.347545
0.348929
0.350424
0.352052
0.353833
0.355785
0.357925
0.360265
0.362816
0.365581
0.36856
0.371744
0.375117
0.378654
0.382319
0.386066
0.389837
0.393564
0.397167
0.400557
0.403632
0.406285
0.408394
0.409842
0.410482
0.410191
0.40876
0.406077
0.401736
0.395776
0.387162
0.376754
0.361274
0.345254
0.317007
0.296194
0.23927
0.22517
0.0920782
0.142965
0.326646
0.299821
0.300416
0.30611
0.310771
0.316431
0.321383
0.325488
0.328923
0.331794
0.33418
0.336199
0.337936
0.339464
0.340844
0.342125
0.343349
0.344553
0.345767
0.347019
0.348334
0.349737
0.351249
0.352891
0.354683
0.356643
0.358786
0.361125
0.363669
0.366422
0.369381
0.372538
0.375876
0.379369
0.382981
0.386666
0.390367
0.394017
0.397537
0.400838
0.403824
0.406388
0.408413
0.409784
0.410358
0.410013
0.408544
0.405835
0.401489
0.395533
0.38695
0.376564
0.361157
0.345154
0.317048
0.296181
0.239541
0.225147
0.0925936
0.142578
0.329604
0.300492
0.300829
0.306415
0.310997
0.31667
0.32166
0.325805
0.329289
0.332209
0.334643
0.336709
0.338489
0.340059
0.341476
0.342792
0.344048
0.345281
0.346522
0.347799
0.349137
0.350559
0.352088
0.353745
0.355548
0.357516
0.359662
0.362
0.364538
0.367278
0.370217
0.373347
0.376649
0.380097
0.383655
0.387277
0.390907
0.394478
0.397913
0.401127
0.404022
0.406498
0.40844
0.409735
0.410245
0.409847
0.408341
0.40561
0.40126
0.395309
0.386758
0.376398
0.361063
0.345082
0.317108
0.296202
0.239819
0.225164
0.0930836
0.142232
0.332622
0.301095
0.301219
0.306712
0.311221
0.316914
0.321943
0.326129
0.329662
0.33263
0.335113
0.337225
0.33905
0.340661
0.342116
0.343468
0.344757
0.34602
0.347288
0.34859
0.349951
0.351393
0.35294
0.354612
0.356427
0.358403
0.360553
0.36289
0.365421
0.368147
0.371066
0.374167
0.377433
0.380835
0.384338
0.387897
0.391455
0.394947
0.398297
0.401421
0.404227
0.406615
0.408475
0.409696
0.410142
0.409695
0.408154
0.405401
0.40105
0.395107
0.386588
0.376256
0.36099
0.345037
0.317186
0.296255
0.240106
0.225225
0.0935523
0.141929
0.335707
0.301626
0.301584
0.307003
0.311444
0.317161
0.322232
0.32646
0.330041
0.333059
0.335591
0.33775
0.339619
0.341271
0.342765
0.344152
0.345474
0.346768
0.348064
0.349392
0.350775
0.352239
0.353805
0.355492
0.357319
0.359303
0.361457
0.363793
0.366316
0.369029
0.371927
0.374999
0.378227
0.381582
0.38503
0.388524
0.392009
0.395421
0.398685
0.401721
0.404438
0.406739
0.408517
0.409665
0.410051
0.409555
0.407982
0.405211
0.400859
0.394927
0.38644
0.37614
0.360941
0.345021
0.317286
0.296343
0.240403
0.225331
0.094005
0.14167
0.338862
0.302078
0.301924
0.307285
0.311665
0.317413
0.322527
0.326797
0.330428
0.333496
0.336076
0.338281
0.340195
0.341889
0.343421
0.344845
0.3462
0.347525
0.348849
0.350203
0.351611
0.353096
0.35468
0.356382
0.358222
0.360214
0.362372
0.364707
0.367223
0.369922
0.372798
0.37584
0.379029
0.382337
0.385728
0.389157
0.392568
0.395899
0.399078
0.402025
0.404653
0.406868
0.408567
0.409644
0.40997
0.409429
0.407826
0.405038
0.400688
0.394768
0.386315
0.376047
0.360913
0.345032
0.317406
0.296465
0.240714
0.225483
0.0944474
0.141458
0.342092
0.302444
0.302237
0.307558
0.311884
0.317669
0.322828
0.327141
0.330822
0.333939
0.336568
0.338821
0.340779
0.342514
0.344086
0.345545
0.346935
0.34829
0.349644
0.351024
0.352455
0.353962
0.355565
0.357283
0.359135
0.361136
0.363298
0.365631
0.368139
0.370823
0.373677
0.376689
0.379838
0.383098
0.386431
0.389794
0.393131
0.396381
0.399474
0.402332
0.404872
0.407002
0.408623
0.409631
0.409901
0.409316
0.407685
0.404884
0.400537
0.394631
0.386211
0.375979
0.360909
0.345071
0.317547
0.29662
0.24104
0.225682
0.0948854
0.141294
0.345403
0.302719
0.302522
0.307822
0.3121
0.317928
0.323134
0.327493
0.331224
0.334391
0.337069
0.339368
0.341371
0.343148
0.344759
0.346255
0.347678
0.349064
0.350447
0.351854
0.353309
0.354838
0.35646
0.358194
0.360058
0.362067
0.364232
0.366563
0.369063
0.371732
0.374563
0.377543
0.380652
0.383862
0.387137
0.390432
0.393694
0.396863
0.39987
0.402641
0.405093
0.40714
0.408685
0.409627
0.409843
0.409217
0.40756
0.404747
0.400405
0.394515
0.386129
0.375935
0.360927
0.345136
0.317709
0.296809
0.241382
0.225927
0.0953245
0.141178
0.348801
0.302894
0.30278
0.308077
0.312315
0.318192
0.323447
0.327851
0.331633
0.33485
0.337577
0.339923
0.34197
0.343789
0.345439
0.346972
0.348429
0.349847
0.351259
0.352692
0.354172
0.355722
0.357363
0.359113
0.360989
0.363006
0.365174
0.367502
0.369994
0.372646
0.375453
0.378401
0.381469
0.384628
0.387843
0.39107
0.394257
0.397344
0.400265
0.402949
0.405315
0.407281
0.408752
0.40963
0.409795
0.409131
0.407452
0.404629
0.400293
0.394421
0.386069
0.375915
0.360967
0.345228
0.317892
0.297031
0.241742
0.226218
0.0957693
0.141111
0.35229
0.302961
0.303008
0.308321
0.312527
0.31846
0.323765
0.328216
0.332049
0.335316
0.338092
0.340486
0.342578
0.344439
0.346128
0.347697
0.349188
0.350638
0.352078
0.353538
0.355043
0.356614
0.358274
0.360039
0.361927
0.363952
0.366123
0.368447
0.370928
0.373564
0.376346
0.37926
0.382285
0.385393
0.388547
0.391705
0.394815
0.39782
0.400657
0.403254
0.405537
0.407424
0.408823
0.409641
0.409758
0.409059
0.407358
0.404529
0.4002
0.394347
0.386029
0.375917
0.361028
0.345346
0.318096
0.297284
0.242121
0.226554
0.0962243
0.141092
0.355876
0.302913
0.303206
0.308554
0.312737
0.318732
0.324089
0.328588
0.332473
0.335791
0.338616
0.341056
0.343193
0.345096
0.346824
0.34843
0.349955
0.351436
0.352906
0.354392
0.355921
0.357514
0.359191
0.360972
0.362871
0.364902
0.367075
0.369395
0.371865
0.374483
0.377238
0.380117
0.383098
0.386153
0.389245
0.392333
0.395367
0.398291
0.401043
0.403556
0.405757
0.407567
0.408899
0.409658
0.40973
0.408999
0.40728
0.404445
0.400126
0.394294
0.38601
0.375942
0.361111
0.345488
0.318322
0.297569
0.242521
0.226935
0.0966934
0.141122
0.359566
0.302739
0.303374
0.308777
0.312944
0.319009
0.32442
0.328967
0.332905
0.336273
0.339147
0.341634
0.343816
0.34576
0.347528
0.34917
0.350729
0.352241
0.35374
0.355252
0.356805
0.358419
0.360114
0.361909
0.363819
0.365856
0.368029
0.370344
0.372801
0.375399
0.378126
0.380968
0.383904
0.386904
0.389934
0.392952
0.395909
0.398751
0.40142
0.403851
0.405972
0.407709
0.408976
0.409682
0.409711
0.408951
0.407216
0.404378
0.40007
0.39426
0.386011
0.375988
0.361214
0.345654
0.318568
0.297883
0.242941
0.22736
0.0971805
0.141201
0.363365
0.30243
0.303512
0.308987
0.31315
0.31929
0.324756
0.329354
0.333344
0.336763
0.339686
0.34222
0.344446
0.346432
0.348239
0.349917
0.351509
0.353052
0.354579
0.356118
0.357693
0.359327
0.36104
0.362849
0.364768
0.366809
0.368981
0.371289
0.373733
0.376309
0.379006
0.38181
0.384699
0.387643
0.390609
0.393556
0.396437
0.399199
0.401787
0.404137
0.406182
0.407849
0.409055
0.40971
0.409701
0.408914
0.407166
0.404328
0.400031
0.394245
0.386032
0.376054
0.361338
0.345844
0.318835
0.298227
0.243384
0.227828
0.0976888
0.141328
0.36728
0.301975
0.303619
0.309186
0.313353
0.319575
0.325099
0.329747
0.333791
0.33726
0.340232
0.342813
0.345082
0.34711
0.348955
0.350669
0.352294
0.353868
0.355423
0.356987
0.358584
0.360238
0.361967
0.363787
0.365714
0.367759
0.369928
0.372227
0.374655
0.377208
0.379874
0.382638
0.385477
0.388365
0.391267
0.394142
0.396947
0.399632
0.40214
0.404413
0.406385
0.407986
0.409134
0.409742
0.409698
0.408888
0.407129
0.404293
0.400009
0.394249
0.386071
0.376141
0.361481
0.346057
0.319124
0.298599
0.24385
0.22834
0.0982214
0.141503
0.371318
0.301362
0.303695
0.309372
0.313555
0.319866
0.325447
0.330148
0.334244
0.337764
0.340784
0.343411
0.345725
0.347793
0.349676
0.351425
0.353083
0.354686
0.356268
0.357856
0.359475
0.361146
0.36289
0.364721
0.366655
0.3687
0.370865
0.373153
0.375564
0.37809
0.380723
0.383445
0.386234
0.389064
0.391901
0.394707
0.397437
0.400044
0.402476
0.404675
0.406578
0.408117
0.409213
0.409778
0.409702
0.408872
0.407105
0.404272
0.400003
0.394269
0.386128
0.376248
0.361644
0.346291
0.319433
0.299
0.244339
0.228893
0.0987813
0.141728
0.375485
0.300578
0.30374
0.309544
0.313754
0.320161
0.325801
0.330555
0.334704
0.338274
0.341342
0.344014
0.346371
0.348479
0.350399
0.352182
0.353871
0.355504
0.357111
0.358722
0.36036
0.362049
0.363805
0.365646
0.367583
0.369628
0.371787
0.374061
0.376451
0.37895
0.381547
0.384226
0.386964
0.389736
0.392508
0.395244
0.397902
0.400435
0.402794
0.404923
0.406761
0.408243
0.409289
0.409816
0.409712
0.408865
0.407093
0.404265
0.400013
0.394307
0.386203
0.376373
0.361825
0.346548
0.319763
0.299428
0.244853
0.229489
0.099371
0.142002
0.379788
0.299611
0.303755
0.309703
0.313952
0.32046
0.32616
0.330967
0.335169
0.338788
0.341903
0.34462
0.347018
0.349166
0.351122
0.352938
0.354657
0.356316
0.357948
0.35958
0.361237
0.36294
0.364708
0.366555
0.368495
0.370536
0.372685
0.374945
0.377312
0.379781
0.382341
0.384975
0.387661
0.390374
0.393083
0.39575
0.398338
0.400801
0.40309
0.405154
0.406932
0.408361
0.409363
0.409855
0.409727
0.408867
0.407091
0.404272
0.400037
0.394361
0.386294
0.376516
0.362025
0.346825
0.320114
0.299882
0.245391
0.230127
0.0999926
0.142328
0.384235
0.298445
0.30374
0.309847
0.314148
0.320764
0.326523
0.331383
0.335638
0.339304
0.342466
0.345226
0.347664
0.349849
0.35184
0.353687
0.355435
0.357119
0.358774
0.360425
0.362098
0.363814
0.36559
0.367442
0.369381
0.371416
0.373554
0.375796
0.378138
0.380576
0.383097
0.385685
0.388319
0.390974
0.39362
0.396223
0.398743
0.401139
0.403364
0.405367
0.40709
0.408471
0.409434
0.409896
0.409747
0.408876
0.4071
0.404291
0.400076
0.39443
0.386402
0.376677
0.362243
0.347122
0.320486
0.300363
0.245955
0.230806
0.100648
0.142705
0.388835
0.297064
0.303697
0.309975
0.314343
0.32107
0.326889
0.331802
0.336107
0.339821
0.343026
0.345828
0.348304
0.350525
0.352548
0.354424
0.356198
0.357906
0.359581
0.361249
0.362936
0.364662
0.366444
0.368298
0.370234
0.372261
0.374385
0.376606
0.378923
0.381327
0.383808
0.38635
0.388933
0.391532
0.394118
0.396657
0.399114
0.401448
0.403613
0.405561
0.407234
0.408572
0.409501
0.409937
0.409771
0.408893
0.407119
0.404322
0.400128
0.394514
0.386526
0.376855
0.362479
0.347439
0.320878
0.30087
0.246543
0.231527
0.101339
0.143137
0.393594
0.29545
0.303626
0.310087
0.314535
0.321378
0.327255
0.332221
0.336575
0.340332
0.343579
0.34642
0.348933
0.351186
0.353239
0.355143
0.356941
0.35867
0.360362
0.362046
0.363743
0.365477
0.367263
0.369115
0.371046
0.373063
0.37517
0.37737
0.379658
0.382028
0.384469
0.386966
0.389498
0.392043
0.394571
0.397052
0.399451
0.401727
0.403837
0.405735
0.407364
0.408665
0.409563
0.409977
0.409799
0.408917
0.407147
0.404364
0.400192
0.394612
0.386665
0.37705
0.362732
0.347776
0.32129
0.301403
0.247158
0.232289
0.102064
0.143624
0.398522
0.293588
0.30353
0.310182
0.314725
0.321686
0.327619
0.332635
0.337035
0.340834
0.34412
0.346997
0.349543
0.351827
0.353907
0.355835
0.357655
0.359402
0.36111
0.362805
0.364511
0.366249
0.368036
0.369886
0.371808
0.373812
0.375902
0.378078
0.380337
0.382673
0.385075
0.387527
0.390011
0.392504
0.394979
0.397406
0.39975
0.401974
0.404036
0.405889
0.40748
0.408748
0.409621
0.410018
0.40983
0.408947
0.407184
0.404417
0.400269
0.394724
0.386818
0.377261
0.363002
0.348132
0.321723
0.30196
0.247796
0.233091
0.102825
0.144169
0.403626
0.291459
0.303409
0.310257
0.314911
0.321991
0.327976
0.33304
0.337484
0.34132
0.344642
0.347552
0.350128
0.352439
0.354544
0.356493
0.358331
0.360094
0.361814
0.363518
0.36523
0.366971
0.368756
0.3706
0.372513
0.374503
0.376573
0.378725
0.380955
0.383258
0.385621
0.388031
0.39047
0.392915
0.39534
0.397718
0.400013
0.402191
0.40421
0.406024
0.407581
0.408822
0.409674
0.410058
0.409864
0.408982
0.407229
0.40448
0.400358
0.394849
0.386987
0.377487
0.363289
0.348507
0.322175
0.302542
0.248458
0.233932
0.103617
0.144774
0.408916
0.289046
0.303264
0.310313
0.315091
0.322289
0.328322
0.333431
0.337914
0.341784
0.345138
0.348077
0.350679
0.353014
0.355139
0.357107
0.35896
0.360736
0.362466
0.364177
0.365892
0.367633
0.369415
0.371252
0.373154
0.375128
0.377179
0.379306
0.381508
0.383778
0.386105
0.388476
0.390872
0.393274
0.395655
0.397988
0.40024
0.402377
0.404358
0.406139
0.407669
0.408887
0.409723
0.410097
0.4099
0.409024
0.407283
0.404554
0.400459
0.394988
0.387169
0.377729
0.363593
0.348899
0.322646
0.303146
0.249141
0.23481
0.104437
0.145438
0.414402
0.28633
0.303098
0.310346
0.315262
0.322575
0.32865
0.333801
0.338318
0.342218
0.345599
0.348563
0.351189
0.353543
0.355687
0.35767
0.359536
0.361321
0.363058
0.364773
0.36649
0.36823
0.370007
0.371835
0.373725
0.375683
0.377714
0.379819
0.381994
0.384233
0.386526
0.388861
0.391219
0.393581
0.395923
0.398217
0.400432
0.402534
0.404483
0.406237
0.407743
0.408944
0.409768
0.410136
0.40994
0.409071
0.407344
0.404637
0.400571
0.395139
0.387365
0.377985
0.363912
0.349308
0.323134
0.30377
0.249841
0.23572
0.105277
0.146161
0.420098
0.283296
0.302915
0.310355
0.315422
0.322843
0.328955
0.334143
0.338689
0.342614
0.346019
0.349004
0.351649
0.35402
0.356178
0.358174
0.36005
0.361843
0.363585
0.365303
0.367019
0.368756
0.370527
0.372346
0.374224
0.376166
0.378179
0.380261
0.382411
0.384622
0.386885
0.389187
0.391512
0.393839
0.396146
0.398407
0.40059
0.402662
0.404586
0.406317
0.407805
0.408992
0.409809
0.410175
0.409982
0.409123
0.407412
0.404729
0.400694
0.395301
0.387574
0.378255
0.364245
0.349732
0.323636
0.30441
0.250552
0.236657
0.106131
0.146945
0.426016
0.279932
0.302717
0.310339
0.315566
0.323088
0.32923
0.33445
0.339021
0.342966
0.346391
0.349394
0.352054
0.354439
0.356609
0.358614
0.360498
0.362296
0.364041
0.36576
0.367476
0.369208
0.370973
0.372783
0.374649
0.376577
0.378572
0.380634
0.382761
0.384947
0.387183
0.389457
0.391752
0.39405
0.396328
0.39856
0.400716
0.402765
0.404667
0.40638
0.407855
0.409034
0.409846
0.410213
0.410027
0.40918
0.407488
0.40483
0.400827
0.395475
0.387794
0.378536
0.36459
0.350166
0.324146
0.30506
0.251266
0.237613
0.106988
0.147788
0.432173
0.276233
0.302512
0.310295
0.315691
0.323303
0.329468
0.334716
0.339307
0.34327
0.34671
0.349727
0.352399
0.354796
0.356975
0.358988
0.360877
0.36268
0.364427
0.366146
0.367859
0.369587
0.371346
0.373147
0.375002
0.376916
0.378895
0.38094
0.383047
0.385211
0.387424
0.389673
0.391943
0.394216
0.39647
0.398679
0.400814
0.402843
0.404729
0.40643
0.407896
0.409069
0.409881
0.410252
0.410075
0.409243
0.407571
0.404939
0.400968
0.395658
0.388024
0.378826
0.364941
0.350606
0.324659
0.305712
0.251973
0.238581
0.107841
0.148694
0.438583
0.272212
0.302306
0.310224
0.315793
0.323484
0.329667
0.334939
0.339546
0.343522
0.346975
0.350003
0.352685
0.35509
0.357276
0.359295
0.361188
0.362993
0.364742
0.36646
0.368171
0.369895
0.371647
0.373441
0.375285
0.377188
0.379154
0.381182
0.383272
0.385418
0.387611
0.38984
0.39209
0.394342
0.396576
0.398767
0.400886
0.402901
0.404775
0.406467
0.407927
0.409099
0.409914
0.410291
0.410125
0.40931
0.407659
0.405055
0.401116
0.395847
0.388258
0.379119
0.365293
0.351044
0.325165
0.306359
0.252665
0.239553
0.108684
0.149668
0.445262
0.267905
0.302109
0.310126
0.315869
0.323627
0.329825
0.335117
0.339737
0.343723
0.347186
0.350222
0.352912
0.355323
0.357515
0.359538
0.361434
0.363241
0.36499
0.366707
0.368416
0.370136
0.371883
0.373669
0.375505
0.377398
0.379351
0.381367
0.383442
0.385573
0.38775
0.389963
0.392196
0.394433
0.396652
0.398828
0.400935
0.402939
0.404806
0.406493
0.407952
0.409125
0.409944
0.410331
0.410178
0.40938
0.407751
0.405174
0.401267
0.396037
0.388492
0.379409
0.365638
0.351472
0.325656
0.306994
0.253337
0.240528
0.109519
0.150722
0.452222
0.263381
0.301931
0.310005
0.315918
0.323732
0.329941
0.335251
0.339881
0.343876
0.347346
0.350389
0.353084
0.3555
0.357696
0.359722
0.36162
0.363428
0.365177
0.366893
0.368599
0.370316
0.372058
0.373838
0.375667
0.377551
0.379495
0.3815
0.383564
0.385683
0.387847
0.390047
0.392268
0.394493
0.3967
0.398867
0.400965
0.402963
0.404826
0.406511
0.40797
0.409147
0.409973
0.41037
0.410231
0.40945
0.407843
0.405292
0.401416
0.396222
0.388718
0.379687
0.36597
0.351886
0.326128
0.307615
0.253987
0.241506
0.110349
0.151871
0.459465
0.258759
0.301783
0.309867
0.315942
0.323802
0.33002
0.335345
0.339984
0.343985
0.34746
0.350508
0.353207
0.355627
0.357825
0.359853
0.361753
0.363561
0.365309
0.367024
0.368729
0.370443
0.372181
0.373957
0.37578
0.377658
0.379594
0.381591
0.383646
0.385755
0.38791
0.390101
0.392312
0.394528
0.396728
0.398888
0.40098
0.402975
0.404836
0.406521
0.407983
0.409166
0.41
0.410407
0.410282
0.409518
0.40793
0.405404
0.401556
0.396397
0.388932
0.379952
0.366284
0.352281
0.32658
0.308221
0.254618
0.24249
0.111179
0.153129
0.467003
0.254207
0.301669
0.309717
0.315941
0.323839
0.330067
0.335405
0.34005
0.344056
0.347535
0.350587
0.353289
0.35571
0.357911
0.35994
0.36184
0.363649
0.365397
0.367111
0.368814
0.370526
0.372261
0.374033
0.375852
0.377725
0.379655
0.381646
0.383695
0.385797
0.387945
0.390129
0.392334
0.394544
0.396739
0.398895
0.400985
0.402978
0.404839
0.406526
0.407992
0.40918
0.410022
0.41044
0.410327
0.409579
0.40801
0.405506
0.401685
0.396559
0.389131
0.380201
0.366583
0.352663
0.327018
0.308818
0.255236
0.243482
0.112013
0.154512
0.474928
0.24993
0.301585
0.309559
0.315917
0.323849
0.330086
0.335436
0.340087
0.344097
0.347579
0.350633
0.353336
0.355759
0.357961
0.35999
0.361891
0.3637
0.365448
0.367161
0.368864
0.370573
0.372306
0.374076
0.375892
0.377761
0.379688
0.381674
0.383718
0.385816
0.38796
0.390139
0.39234
0.394547
0.396738
0.398892
0.40098
0.402973
0.404835
0.406525
0.407995
0.40919
0.410039
0.410467
0.410366
0.409633
0.408082
0.4056
0.401805
0.396711
0.389319
0.380439
0.366871
0.353035
0.327446
0.309411
0.255849
0.244487
0.112857
0.156044
0.483409
0.246104
0.301518
0.309397
0.315872
0.323837
0.330085
0.335445
0.340102
0.344114
0.347599
0.350653
0.353358
0.355782
0.357983
0.360013
0.361915
0.363723
0.365471
0.367183
0.368885
0.370594
0.372325
0.374093
0.375907
0.377774
0.379698
0.381682
0.383723
0.385818
0.387959
0.390135
0.392334
0.394538
0.396728
0.398881
0.400969
0.402963
0.404827
0.40652
0.407994
0.409195
0.410052
0.410489
0.410401
0.409682
0.408149
0.405689
0.40192
0.396859
0.389505
0.380676
0.367158
0.353409
0.327876
0.310015
0.256469
0.245532
0.113724
0.157796
0.491999
0.242794
0.30147
0.309233
0.315809
0.323809
0.330069
0.335439
0.340101
0.344116
0.347602
0.350657
0.353362
0.355785
0.357987
0.360017
0.361918
0.363727
0.365474
0.367186
0.368887
0.370595
0.372326
0.374093
0.375905
0.37777
0.379693
0.381675
0.383715
0.385807
0.387946
0.390121
0.392318
0.394521
0.396711
0.398863
0.400953
0.402948
0.404814
0.406511
0.407991
0.409197
0.410063
0.41051
0.410434
0.409731
0.408217
0.405781
0.402039
0.397014
0.389699
0.380926
0.367459
0.353808
0.328326
0.310666
0.257114
0.246681
0.114603
0.159894
0.497721
0.240217
0.301514
0.309092
0.31575
0.323786
0.330054
0.335432
0.340097
0.344113
0.347599
0.350654
0.353359
0.355782
0.357983
0.360012
0.361912
0.36372
0.365466
0.367178
0.368879
0.370587
0.372318
0.374084
0.375895
0.37776
0.379682
0.381662
0.383701
0.385792
0.38793
0.390104
0.3923
0.394502
0.396691
0.398844
0.400935
0.402932
0.404801
0.406501
0.407985
0.409198
0.410072
0.41053
0.410467
0.40978
0.408286
0.405875
0.402162
0.397176
0.389902
0.381192
0.367778
0.35424
0.3288
0.311383
0.257747
0.247956
0.115339
0.162253
)
;

boundaryField
{
    inlet
    {
        type            zeroGradient;
    }
    outlet
    {
        type            fixedValue;
        value           uniform 0;
    }
    fixedWalls
    {
        type            zeroGradient;
    }
    frontAndBack
    {
        type            empty;
    }
}


// ************************************************************************* //
