/*--------------------------------*- C++ -*----------------------------------*\
| =========                 |                                                 |
| \\      /  F ield         | OpenFOAM: The Open Source CFD Toolbox           |
|  \\    /   O peration     | Version:  2.4.0                                 |
|   \\  /    A nd           | Web:      www.OpenFOAM.org                      |
|    \\/     M anipulation  |                                                 |
\*---------------------------------------------------------------------------*/
FoamFile
{
    version     2.0;
    format      ascii;
    class       volScalarField;
    location    "2.7";
    object      p;
}
// * * * * * * * * * * * * * * * * * * * * * * * * * * * * * * * * * * * * * //

dimensions      [0 2 -2 0 0 0 0];

internalField   nonuniform List<scalar> 
5625
(
0.054338
0.235129
0.255948
0.280552
0.289284
0.297435
0.301764
0.305589
0.308105
0.310294
0.311934
0.313368
0.314531
0.315548
0.316387
0.317085
0.317643
0.318134
0.318685
0.319447
0.320518
0.321698
0.322482
0.322224
0.320831
0.318586
0.315656
0.311541
0.304929
0.294388
0.279916
0.264123
0.251555
0.246236
0.25017
0.263036
0.283946
0.311483
0.344766
0.381322
0.41908
0.454064
0.483708
0.505445
0.518432
0.523474
0.521805
0.51516
0.50514
0.493004
0.480142
0.467048
0.454883
0.44345
0.433499
0.424131
0.416353
0.408543
0.40245
0.395514
0.390684
0.38406
0.380046
0.372839
0.368349
0.3587
0.351613
0.3368
0.324261
0.300591
0.278809
0.240378
0.203481
0.13751
0.0746786
0.0823039
0.236065
0.256127
0.280335
0.289119
0.297291
0.301652
0.305498
0.308029
0.310231
0.311879
0.313321
0.31449
0.315511
0.316356
0.317059
0.317622
0.318115
0.318651
0.319382
0.320409
0.32155
0.322327
0.322104
0.32076
0.318561
0.315681
0.31164
0.305294
0.295044
0.280739
0.265012
0.252271
0.246668
0.250331
0.263005
0.283783
0.311219
0.344402
0.380876
0.418583
0.453544
0.483196
0.504961
0.517965
0.523024
0.521354
0.514719
0.504721
0.492623
0.479818
0.466831
0.454729
0.443345
0.433412
0.424058
0.416264
0.408453
0.402325
0.395388
0.390498
0.383878
0.379792
0.372578
0.367983
0.358272
0.351064
0.33616
0.323434
0.299673
0.277641
0.239083
0.201813
0.135595
0.0717493
0.103387
0.236604
0.256406
0.28029
0.289047
0.297204
0.301579
0.30543
0.307974
0.310182
0.311839
0.313285
0.314459
0.315486
0.316335
0.317044
0.317611
0.3181
0.318622
0.319326
0.320317
0.321433
0.322206
0.322015
0.320718
0.318566
0.315751
0.311866
0.305664
0.295571
0.281284
0.265304
0.252194
0.246272
0.249774
0.262392
0.283153
0.310545
0.343731
0.380233
0.418006
0.453051
0.482782
0.504601
0.517627
0.522683
0.521007
0.514373
0.504379
0.49231
0.479533
0.46657
0.454514
0.443169
0.433271
0.423934
0.416156
0.40834
0.402218
0.395262
0.390378
0.383725
0.379634
0.372352
0.367752
0.35797
0.350713
0.335699
0.322895
0.298951
0.276782
0.237944
0.20042
0.133815
0.0693825
0.116962
0.237054
0.256729
0.280296
0.289025
0.297152
0.301529
0.305383
0.307932
0.310145
0.311806
0.313256
0.314433
0.315463
0.316317
0.31703
0.317599
0.318083
0.318586
0.319259
0.320218
0.321319
0.3221
0.321945
0.320691
0.318586
0.31585
0.312101
0.306106
0.296051
0.281475
0.264914
0.251228
0.244975
0.248448
0.261168
0.28202
0.309457
0.3427
0.379289
0.417196
0.452397
0.48227
0.50419
0.517255
0.522306
0.520603
0.513944
0.503921
0.491844
0.479067
0.466166
0.454166
0.442879
0.433039
0.42374
0.415996
0.408191
0.402084
0.395117
0.390236
0.38356
0.379454
0.372142
0.367522
0.357674
0.350364
0.335252
0.322354
0.298273
0.275954
0.236934
0.199151
0.132356
0.067334
0.127254
0.237622
0.257087
0.280333
0.289043
0.297123
0.301497
0.305347
0.307898
0.310114
0.311777
0.31323
0.314411
0.315444
0.316302
0.31702
0.317589
0.318063
0.318543
0.319179
0.320101
0.321189
0.321986
0.321874
0.320667
0.318618
0.315973
0.312393
0.306579
0.296368
0.281141
0.263687
0.24932
0.242828
0.246464
0.259454
0.280492
0.308021
0.341338
0.378034
0.416093
0.451478
0.481521
0.503573
0.516696
0.521755
0.520028
0.513343
0.503289
0.4912
0.478341
0.465596
0.453659
0.442454
0.4327
0.423468
0.415783
0.408006
0.401927
0.394959
0.39009
0.383393
0.37928
0.371938
0.367297
0.357383
0.350019
0.334807
0.321816
0.297596
0.275129
0.235927
0.197897
0.130965
0.0654157
0.136136
0.238259
0.257467
0.280396
0.289092
0.297117
0.301482
0.305323
0.307874
0.310089
0.311754
0.313208
0.314391
0.315428
0.31629
0.317012
0.317581
0.318043
0.318493
0.319084
0.319962
0.321034
0.321854
0.321794
0.320646
0.318665
0.316139
0.312736
0.307042
0.296399
0.280131
0.261557
0.246542
0.239994
0.244001
0.257406
0.278695
0.306326
0.339712
0.376509
0.414716
0.450286
0.480506
0.5027
0.515893
0.520972
0.519234
0.512535
0.502457
0.490358
0.477551
0.464837
0.452975
0.441876
0.43224
0.423109
0.415512
0.407786
0.401754
0.394795
0.389946
0.383232
0.379079
0.371749
0.367087
0.357104
0.349687
0.33437
0.321288
0.296923
0.274317
0.234931
0.196668
0.12965
0.0636315
0.144073
0.238896
0.257855
0.280471
0.289167
0.29713
0.301482
0.30531
0.307858
0.310071
0.311735
0.313191
0.314375
0.315414
0.316282
0.317007
0.317575
0.318022
0.318436
0.318972
0.319796
0.320847
0.321696
0.321705
0.320636
0.318744
0.31636
0.31314
0.307466
0.296059
0.278399
0.258606
0.24309
0.236701
0.241249
0.255155
0.276729
0.304456
0.337889
0.374768
0.413102
0.44884
0.479227
0.501558
0.514825
0.51993
0.518195
0.511493
0.501402
0.4893
0.476549
0.46387
0.4521
0.441132
0.431647
0.422655
0.415181
0.407535
0.401569
0.394632
0.389812
0.383085
0.378953
0.371577
0.366891
0.356836
0.349366
0.333939
0.320768
0.296255
0.273514
0.233949
0.195465
0.128416
0.0619774
0.151273
0.239521
0.258242
0.280547
0.289259
0.29716
0.3015
0.305309
0.307851
0.310059
0.311722
0.313177
0.314362
0.315404
0.316276
0.317006
0.317572
0.318
0.318372
0.318841
0.319597
0.32062
0.321507
0.321607
0.32065
0.31888
0.316675
0.313672
0.3078
0.295319
0.275999
0.255027
0.239217
0.233172
0.238364
0.252818
0.274679
0.302473
0.335926
0.372858
0.411287
0.44717
0.477696
0.500146
0.513481
0.518616
0.516894
0.510199
0.500106
0.488011
0.475299
0.462682
0.451024
0.440213
0.430913
0.4221
0.414786
0.407251
0.401375
0.394476
0.389695
0.38296
0.378858
0.371426
0.366715
0.356583
0.349057
0.333516
0.320256
0.29559
0.272718
0.23298
0.194283
0.127254
0.0604394
0.15795
0.240155
0.258623
0.280616
0.289363
0.297202
0.301531
0.305318
0.307853
0.310054
0.311714
0.313167
0.314352
0.315397
0.316274
0.317008
0.317571
0.317978
0.318302
0.31869
0.319363
0.320348
0.32128
0.321504
0.320705
0.319105
0.317123
0.31433
0.308094
0.294198
0.273071
0.251056
0.235167
0.229588
0.235463
0.250482
0.272608
0.30043
0.333871
0.370821
0.409308
0.445304
0.475928
0.498469
0.511859
0.51702
0.515318
0.50864
0.498553
0.486474
0.473802
0.461265
0.449742
0.439115
0.430032
0.421438
0.414324
0.406936
0.401175
0.394333
0.3896
0.382864
0.378776
0.371299
0.36656
0.356346
0.348761
0.333101
0.319751
0.294931
0.271929
0.232025
0.193121
0.126159
0.0590054
0.16427
0.240822
0.259002
0.280672
0.289471
0.297254
0.301574
0.305338
0.307864
0.310056
0.311711
0.313161
0.314346
0.315393
0.316275
0.317014
0.317575
0.317958
0.318211
0.318519
0.31909
0.320024
0.32101
0.321398
0.320819
0.319457
0.317755
0.315157
0.308369
0.292765
0.269795
0.246925
0.231135
0.226075
0.232629
0.248196
0.270559
0.298366
0.331763
0.368695
0.407207
0.443266
0.473942
0.496535
0.509959
0.515137
0.513459
0.506802
0.496731
0.484676
0.472053
0.459612
0.448247
0.437831
0.429001
0.420665
0.413792
0.406591
0.400973
0.394209
0.389534
0.382803
0.378723
0.371201
0.36643
0.356131
0.348481
0.332698
0.319255
0.294279
0.271146
0.231086
0.191976
0.125123
0.057666
0.170331
0.241545
0.259384
0.280716
0.289577
0.29731
0.301626
0.305366
0.307882
0.310064
0.311714
0.31316
0.314343
0.315392
0.316279
0.317024
0.317583
0.31794
0.318131
0.318329
0.318779
0.319645
0.320694
0.321291
0.321011
0.319973
0.318624
0.316194
0.308661
0.291117
0.266363
0.242833
0.227266
0.222716
0.229913
0.245998
0.268564
0.296318
0.329635
0.366516
0.40502
0.441079
0.471756
0.494353
0.507786
0.512968
0.511314
0.504679
0.494628
0.482602
0.47004
0.457713
0.446533
0.436357
0.427816
0.41978
0.41319
0.406216
0.400771
0.394109
0.389502
0.382783
0.378707
0.371141
0.36633
0.355939
0.348218
0.332309
0.318768
0.293638
0.270371
0.230166
0.190848
0.124142
0.0564128
0.176183
0.242345
0.259781
0.280747
0.289677
0.297366
0.301685
0.305402
0.307908
0.310079
0.311722
0.313163
0.314344
0.315394
0.316286
0.317038
0.317595
0.317925
0.318049
0.318124
0.318429
0.319209
0.320326
0.321183
0.321292
0.320686
0.31977
0.317483
0.309015
0.289371
0.262952
0.238935
0.223653
0.219564
0.227323
0.243919
0.266653
0.294314
0.327521
0.364344
0.402748
0.438769
0.469389
0.491935
0.505346
0.510516
0.50888
0.502264
0.492233
0.48024
0.467749
0.455556
0.444589
0.434689
0.426474
0.41878
0.412516
0.405811
0.400572
0.394038
0.389509
0.38281
0.378731
0.37112
0.366265
0.355776
0.347976
0.331937
0.318293
0.29301
0.269604
0.229266
0.189739
0.123211
0.0552387
0.181846
0.243238
0.260204
0.280771
0.289768
0.297418
0.301748
0.305443
0.307941
0.310099
0.311734
0.31317
0.314348
0.315399
0.316297
0.317056
0.317613
0.317916
0.317965
0.317906
0.318046
0.318718
0.319905
0.321071
0.321669
0.321614
0.321221
0.319046
0.309476
0.287643
0.259708
0.235346
0.220355
0.216655
0.224933
0.24198
0.264848
0.29238
0.325452
0.362184
0.400439
0.436359
0.466861
0.489297
0.502649
0.507785
0.506159
0.499554
0.489539
0.477579
0.46517
0.45313
0.442408
0.432819
0.424973
0.417664
0.411769
0.405378
0.400377
0.393999
0.389561
0.382889
0.3788
0.371037
0.366238
0.355644
0.347757
0.331586
0.317831
0.292397
0.268846
0.228387
0.188648
0.122324
0.0541375
0.187332
0.244232
0.260667
0.280795
0.289849
0.297465
0.301812
0.305489
0.307979
0.310125
0.311753
0.313181
0.314356
0.315407
0.316311
0.317077
0.317635
0.317911
0.317884
0.31768
0.317634
0.318176
0.31943
0.320952
0.322142
0.322765
0.322987
0.320894
0.310084
0.286042
0.256744
0.232145
0.217409
0.214018
0.222742
0.240198
0.263168
0.290541
0.323454
0.360061
0.398121
0.433871
0.464189
0.486454
0.499707
0.504785
0.503155
0.496547
0.486538
0.474607
0.462288
0.450422
0.439978
0.430741
0.423308
0.416429
0.410951
0.404916
0.400191
0.393995
0.389662
0.383026
0.378923
0.371145
0.366253
0.355548
0.347563
0.331259
0.317385
0.291803
0.268099
0.22753
0.187577
0.121479
0.0531039
0.192648
0.24533
0.26118
0.280828
0.289922
0.297503
0.301876
0.305537
0.308022
0.310155
0.311775
0.313196
0.314368
0.315418
0.316327
0.317101
0.317662
0.317913
0.317807
0.317451
0.317202
0.31759
0.318903
0.32082
0.322701
0.324129
0.325056
0.323019
0.310869
0.284659
0.254143
0.229384
0.214838
0.211677
0.220771
0.23859
0.261629
0.28882
0.321546
0.358002
0.395815
0.431326
0.461393
0.483423
0.496535
0.501528
0.499874
0.493242
0.483224
0.471316
0.459093
0.447422
0.437289
0.428447
0.421475
0.415075
0.410059
0.404426
0.400013
0.394032
0.389817
0.383225
0.379107
0.3713
0.36631
0.355491
0.347398
0.330958
0.316956
0.291228
0.267364
0.226697
0.186527
0.120673
0.0521331
0.197798
0.246531
0.261752
0.280879
0.289989
0.297534
0.301936
0.305587
0.308069
0.310191
0.311803
0.313216
0.314383
0.315432
0.316345
0.317128
0.317692
0.31792
0.317736
0.317225
0.316759
0.316972
0.31833
0.320669
0.323327
0.325682
0.327396
0.325396
0.31185
0.283567
0.251964
0.227092
0.212659
0.209656
0.219041
0.237173
0.260245
0.287236
0.319754
0.356028
0.393546
0.428743
0.45849
0.480222
0.493149
0.498027
0.496324
0.489642
0.479592
0.467694
0.455573
0.444117
0.434331
0.42593
0.41947
0.413598
0.409096
0.40391
0.399848
0.39411
0.390029
0.383492
0.379355
0.371501
0.366413
0.355477
0.347265
0.330687
0.316546
0.290676
0.266644
0.225889
0.1855
0.119902
0.0512211
0.202787
0.247828
0.262389
0.280957
0.290054
0.297557
0.301993
0.305636
0.308119
0.31023
0.311834
0.313239
0.314401
0.315448
0.316366
0.317156
0.317725
0.317932
0.317674
0.317007
0.316318
0.316337
0.31772
0.320494
0.323998
0.327385
0.329957
0.327987
0.313031
0.282814
0.250245
0.225286
0.210888
0.207978
0.217583
0.23596
0.259031
0.285806
0.3181
0.354161
0.391331
0.426142
0.455501
0.476871
0.489569
0.494297
0.492514
0.485746
0.475637
0.463734
0.451718
0.440498
0.431096
0.423183
0.417289
0.411998
0.40806
0.403368
0.399697
0.394235
0.390304
0.38383
0.379672
0.37176
0.366571
0.35551
0.347167
0.330447
0.316158
0.290148
0.26594
0.225105
0.184497
0.119165
0.0503643
0.207619
0.249212
0.263093
0.281071
0.290123
0.297575
0.302046
0.305684
0.308171
0.310273
0.311871
0.313267
0.314424
0.315468
0.316388
0.317185
0.31776
0.317949
0.317621
0.316804
0.31589
0.315702
0.317087
0.320292
0.324685
0.329187
0.332677
0.330741
0.314406
0.282429
0.249012
0.223971
0.209542
0.206672
0.216417
0.234965
0.258001
0.284549
0.316604
0.352419
0.389189
0.42354
0.452442
0.47339
0.485812
0.490355
0.488452
0.481557
0.471352
0.459425
0.447515
0.436552
0.427572
0.4202
0.414926
0.410274
0.406952
0.402803
0.399563
0.394408
0.390646
0.384244
0.380062
0.372082
0.366786
0.355595
0.347106
0.330242
0.315794
0.289646
0.265254
0.224348
0.183519
0.11846
0.0495595
0.212301
0.250671
0.263865
0.281228
0.290201
0.297592
0.302096
0.305732
0.308226
0.31032
0.311911
0.313299
0.31445
0.31549
0.316412
0.317214
0.317794
0.317968
0.317578
0.316619
0.315487
0.315086
0.316448
0.320064
0.325361
0.331029
0.33548
0.333596
0.315957
0.282422
0.248275
0.223145
0.208638
0.205748
0.215563
0.234211
0.25717
0.283481
0.315285
0.350821
0.387137
0.420955
0.449332
0.469801
0.481901
0.486216
0.484149
0.477076
0.466736
0.45476
0.442957
0.432272
0.423754
0.416975
0.412379
0.408422
0.405773
0.402216
0.399449
0.394633
0.391058
0.384739
0.380529
0.372472
0.366909
0.355737
0.347087
0.330075
0.315457
0.289172
0.264588
0.223617
0.182569
0.117785
0.0488038
0.216839
0.252194
0.264701
0.281431
0.290295
0.297611
0.302144
0.30578
0.308283
0.31037
0.311957
0.313337
0.314481
0.315516
0.316438
0.317243
0.317827
0.317988
0.317543
0.316457
0.31512
0.314509
0.315825
0.319815
0.326
0.332848
0.338288
0.336484
0.317654
0.282788
0.248034
0.2228
0.20819
0.20525
0.215048
0.233717
0.256553
0.282621
0.314163
0.349382
0.385188
0.418401
0.44619
0.466125
0.477857
0.481899
0.479615
0.472307
0.461783
0.449733
0.438036
0.42765
0.419634
0.413502
0.409645
0.406444
0.404523
0.401609
0.399357
0.394913
0.391545
0.385317
0.381079
0.37294
0.367278
0.355937
0.347112
0.329947
0.315148
0.288727
0.263944
0.222914
0.181646
0.117139
0.0480947
0.221241
0.253771
0.265597
0.281684
0.290409
0.297637
0.302194
0.305828
0.308342
0.310426
0.312008
0.31338
0.314517
0.315546
0.316466
0.317271
0.317858
0.318008
0.317516
0.31632
0.314799
0.313989
0.315241
0.319556
0.326582
0.334581
0.34102
0.339335
0.319459
0.28351
0.248292
0.222927
0.208208
0.205188
0.214895
0.233501
0.256166
0.281985
0.313256
0.348115
0.383356
0.415895
0.443035
0.462384
0.473701
0.477422
0.47486
0.467252
0.456493
0.444341
0.432748
0.422681
0.415209
0.409781
0.406721
0.404338
0.403203
0.400984
0.399291
0.395251
0.392111
0.385984
0.381716
0.373493
0.367711
0.356196
0.347184
0.329861
0.314871
0.288313
0.263324
0.222238
0.180752
0.116522
0.0474299
0.225513
0.255392
0.266549
0.281987
0.290547
0.297674
0.302247
0.305881
0.308407
0.310488
0.312067
0.31343
0.31456
0.315581
0.316498
0.317299
0.317886
0.318025
0.317495
0.316207
0.31453
0.313543
0.314721
0.319301
0.327095
0.336169
0.343595
0.342082
0.321324
0.284609
0.249005
0.223509
0.208695
0.205576
0.215122
0.233579
0.256024
0.281592
0.312578
0.347033
0.38165
0.413451
0.439883
0.4586
0.469456
0.472801
0.469896
0.461917
0.450868
0.438586
0.427094
0.417367
0.410479
0.405809
0.403608
0.402105
0.401816
0.400345
0.399254
0.395652
0.392759
0.386744
0.382445
0.374133
0.368203
0.356516
0.347307
0.329821
0.314627
0.287931
0.262729
0.221592
0.179889
0.115931
0.046807
0.229664
0.257048
0.267549
0.282339
0.290713
0.297727
0.302307
0.305939
0.308478
0.310558
0.312134
0.313489
0.314612
0.315623
0.316534
0.317328
0.317912
0.31804
0.317478
0.31612
0.314316
0.313184
0.314287
0.319072
0.327535
0.337565
0.345936
0.344644
0.323263
0.286004
0.250138
0.224532
0.209647
0.206417
0.215736
0.233961
0.256143
0.281458
0.312145
0.346145
0.380081
0.411083
0.436754
0.454794
0.465144
0.468056
0.464735
0.456312
0.444918
0.432476
0.421082
0.411715
0.405451
0.401592
0.400308
0.399748
0.400362
0.399693
0.39925
0.396118
0.393494
0.3876
0.383269
0.374864
0.368766
0.356903
0.347484
0.329827
0.31442
0.287583
0.262162
0.220975
0.179058
0.115367
0.0462242
0.233701
0.258732
0.268592
0.282738
0.290907
0.297799
0.302378
0.306005
0.308559
0.310638
0.312212
0.31356
0.314674
0.315675
0.316577
0.31736
0.317936
0.318051
0.317465
0.316057
0.31416
0.312918
0.313958
0.318888
0.327904
0.338735
0.347987
0.346968
0.325211
0.287631
0.251666
0.22598
0.211055
0.207707
0.216742
0.234656
0.256537
0.281599
0.311968
0.34546
0.378656
0.408804
0.433665
0.45099
0.460787
0.463205
0.459393
0.45045
0.438658
0.426028
0.41473
0.405739
0.400134
0.397136
0.396826
0.397268
0.398845
0.399032
0.399281
0.396653
0.39432
0.388556
0.384193
0.375688
0.369407
0.357359
0.347717
0.329883
0.31425
0.287271
0.261624
0.220388
0.178259
0.114828
0.0456796
0.237633
0.260439
0.269674
0.283181
0.291131
0.297892
0.302462
0.306084
0.308651
0.310732
0.312305
0.313645
0.314751
0.315739
0.31663
0.317398
0.317961
0.318061
0.317456
0.316017
0.31406
0.31275
0.313744
0.318778
0.328207
0.339676
0.349691
0.349012
0.327099
0.289458
0.253553
0.227829
0.2129
0.209435
0.218134
0.235669
0.25722
0.28203
0.312057
0.344982
0.37738
0.406624
0.430633
0.447208
0.456406
0.458268
0.453891
0.444354
0.432113
0.41927
0.408065
0.399463
0.394548
0.392456
0.393169
0.394672
0.397269
0.398367
0.399353
0.397262
0.39524
0.389616
0.38522
0.37661
0.370132
0.357888
0.348011
0.329991
0.314121
0.286996
0.261116
0.219832
0.177493
0.114314
0.0451714
0.241468
0.262163
0.270787
0.283664
0.291384
0.298008
0.302562
0.306176
0.308758
0.310841
0.312416
0.313748
0.314845
0.315819
0.316697
0.317445
0.317991
0.318073
0.317452
0.316
0.314016
0.312678
0.313652
0.318754
0.328474
0.340414
0.35098
0.35072
0.328871
0.291441
0.25575
0.230054
0.215157
0.211576
0.219899
0.237002
0.258205
0.282763
0.312418
0.344713
0.376259
0.404556
0.427675
0.443469
0.452025
0.453269
0.448253
0.438054
0.42532
0.412242
0.401125
0.392922
0.388722
0.38757
0.38935
0.391967
0.395639
0.397701
0.399468
0.397947
0.396259
0.390785
0.386355
0.377632
0.370944
0.358494
0.348367
0.330152
0.314034
0.286759
0.260642
0.219307
0.176763
0.113825
0.0446982
0.245215
0.2639
0.271929
0.284183
0.291666
0.298148
0.30268
0.306285
0.308881
0.31097
0.312547
0.313873
0.31496
0.31592
0.316781
0.317506
0.31803
0.31809
0.317456
0.316006
0.314026
0.312699
0.313682
0.318827
0.32872
0.340953
0.35187
0.352034
0.330474
0.293517
0.258202
0.232618
0.217798
0.214104
0.222021
0.238655
0.259503
0.283808
0.313054
0.344654
0.375295
0.402608
0.424806
0.439793
0.447666
0.448233
0.442513
0.431592
0.418329
0.404999
0.393964
0.386161
0.382691
0.382505
0.385387
0.389162
0.393961
0.39704
0.399632
0.398714
0.39738
0.392065
0.387601
0.378759
0.371847
0.359179
0.34879
0.33037
0.313992
0.286562
0.260202
0.218815
0.176068
0.11336
0.0442583
0.248882
0.265646
0.273096
0.284734
0.291974
0.298312
0.302817
0.306413
0.309024
0.311121
0.312702
0.314024
0.315102
0.316046
0.316889
0.317587
0.318085
0.31812
0.317474
0.31604
0.314091
0.312812
0.313831
0.319002
0.328965
0.341312
0.352376
0.352913
0.331855
0.295614
0.260845
0.235474
0.220779
0.216983
0.224481
0.240629
0.261127
0.285171
0.313964
0.344802
0.374489
0.40079
0.422043
0.436202
0.443354
0.44319
0.43671
0.42502
0.411202
0.397605
0.386643
0.379236
0.376501
0.377295
0.3813
0.38627
0.392242
0.396388
0.399848
0.399565
0.398606
0.393459
0.38896
0.379992
0.372842
0.35993
0.349283
0.330646
0.313997
0.286407
0.259797
0.218356
0.175409
0.112919
0.0438506
0.252479
0.2674
0.274283
0.285314
0.292306
0.298498
0.302972
0.306559
0.309187
0.311295
0.312884
0.314205
0.315275
0.316203
0.317026
0.317695
0.318163
0.318171
0.317514
0.316106
0.314211
0.313012
0.314095
0.319276
0.329226
0.341519
0.352537
0.353337
0.332967
0.29766
0.263611
0.238567
0.224053
0.220174
0.227258
0.242925
0.263084
0.286857
0.315143
0.345152
0.373843
0.39911
0.4194
0.432715
0.439115
0.438178
0.430897
0.418404
0.404012
0.390136
0.379233
0.372209
0.370205
0.371979
0.377118
0.383308
0.390491
0.395751
0.400121
0.400506
0.399942
0.394971
0.390437
0.381336
0.373934
0.360792
0.349848
0.330982
0.314051
0.286294
0.259431
0.217931
0.174788
0.112501
0.0434736
0.256013
0.269157
0.275487
0.28592
0.29266
0.298707
0.303146
0.306725
0.309371
0.311494
0.313094
0.314417
0.315482
0.316395
0.317199
0.317836
0.318272
0.318251
0.317586
0.316214
0.314393
0.313301
0.314466
0.319645
0.329515
0.341604
0.352399
0.353317
0.333769
0.299591
0.266429
0.241837
0.227567
0.223638
0.230338
0.245548
0.265382
0.288864
0.316581
0.345696
0.373355
0.397573
0.41689
0.429352
0.434976
0.433238
0.425132
0.411818
0.396842
0.382673
0.371812
0.36515
0.363861
0.366603
0.372872
0.380295
0.38872
0.395136
0.400456
0.401538
0.401389
0.396603
0.392033
0.382792
0.375126
0.361752
0.350484
0.331379
0.314155
0.286225
0.259103
0.21754
0.174205
0.112108
0.0431262
0.259493
0.270916
0.276706
0.286548
0.293035
0.298935
0.303339
0.306909
0.309577
0.311719
0.313335
0.314665
0.315727
0.316628
0.317412
0.318018
0.318421
0.318372
0.317701
0.316375
0.314643
0.31368
0.314942
0.320105
0.329835
0.3416
0.352012
0.352903
0.334246
0.301359
0.269237
0.245224
0.23127
0.227344
0.233712
0.248503
0.268026
0.291184
0.318266
0.346425
0.373024
0.396187
0.414528
0.426133
0.43097
0.42842
0.419483
0.405342
0.389777
0.3753
0.364454
0.358125
0.35753
0.361216
0.368597
0.377252
0.386941
0.394551
0.400856
0.402667
0.40295
0.398357
0.393751
0.384362
0.376423
0.362795
0.351193
0.33184
0.314311
0.286201
0.258816
0.217185
0.173661
0.111737
0.0428075
0.262925
0.272674
0.277936
0.287196
0.293429
0.299183
0.303548
0.307112
0.309802
0.311968
0.313606
0.314948
0.316013
0.316904
0.317672
0.318248
0.318619
0.318544
0.317872
0.3166
0.314972
0.314152
0.315521
0.320653
0.33019
0.341536
0.35143
0.352172
0.334412
0.302945
0.271994
0.248683
0.235129
0.231275
0.237381
0.251798
0.271014
0.293805
0.320179
0.347328
0.372848
0.394955
0.412324
0.423079
0.427131
0.423778
0.414023
0.39906
0.3829
0.368093
0.357232
0.351202
0.35127
0.355869
0.364333
0.374204
0.385167
0.394002
0.401328
0.403894
0.404628
0.400235
0.395592
0.386048
0.377823
0.363923
0.351976
0.332364
0.314522
0.286223
0.258571
0.216866
0.173158
0.111391
0.0425163
0.266318
0.27443
0.279176
0.287862
0.293839
0.299448
0.303774
0.307332
0.310047
0.31224
0.313906
0.315266
0.316341
0.317228
0.317982
0.318531
0.318874
0.318777
0.318111
0.316901
0.31539
0.314725
0.316206
0.32129
0.330581
0.341438
0.350708
0.35121
0.334322
0.304368
0.274691
0.252197
0.23913
0.235431
0.241355
0.255439
0.27434
0.296707
0.322299
0.348395
0.372825
0.393883
0.410291
0.42021
0.423495
0.41937
0.408826
0.393052
0.376288
0.361121
0.350205
0.344436
0.345136
0.350609
0.360118
0.371178
0.383416
0.393499
0.401874
0.405223
0.406425
0.402239
0.397557
0.38785
0.379329
0.365139
0.352835
0.332954
0.314787
0.286292
0.258369
0.216584
0.172695
0.111068
0.0422519
0.269678
0.27618
0.280421
0.288542
0.294263
0.299729
0.304015
0.307568
0.31031
0.312535
0.314234
0.315619
0.316709
0.317599
0.318346
0.318874
0.319193
0.319081
0.318428
0.317292
0.315907
0.315405
0.316996
0.322
0.331013
0.341326
0.349902
0.350109
0.33406
0.305679
0.277357
0.255778
0.243287
0.239829
0.245646
0.259425
0.277986
0.299863
0.324604
0.349615
0.372951
0.392973
0.408439
0.417545
0.420102
0.415255
0.403964
0.38739
0.370001
0.354434
0.34342
0.337872
0.339174
0.345481
0.355992
0.368202
0.381702
0.393048
0.402499
0.406655
0.40834
0.404368
0.399645
0.389769
0.380939
0.366445
0.353772
0.33361
0.315108
0.286409
0.258212
0.216339
0.172274
0.110768
0.0420136
0.273012
0.277922
0.28167
0.289235
0.294701
0.300024
0.30427
0.307819
0.31059
0.31285
0.314588
0.316004
0.317117
0.318017
0.318763
0.319277
0.319581
0.319462
0.318834
0.31778
0.316533
0.316196
0.317894
0.322816
0.331491
0.341221
0.349064
0.34895
0.333721
0.306952
0.280048
0.25947
0.247634
0.244493
0.250265
0.263749
0.281928
0.303243
0.327069
0.350975
0.373224
0.392227
0.406776
0.415105
0.416989
0.411492
0.399501
0.382131
0.364083
0.348064
0.336905
0.331542
0.333418
0.340524
0.351991
0.365303
0.380045
0.39266
0.403208
0.408193
0.410375
0.406622
0.401858
0.391804
0.382654
0.367844
0.354787
0.334333
0.315487
0.286575
0.2581
0.216132
0.171895
0.110493
0.0418005
0.276327
0.279655
0.282919
0.289937
0.295149
0.300333
0.304538
0.308085
0.310885
0.313184
0.314964
0.316418
0.317562
0.31848
0.319234
0.319743
0.32004
0.319925
0.319332
0.318373
0.317272
0.317103
0.318901
0.32372
0.332021
0.341142
0.34824
0.347806
0.333398
0.308262
0.282829
0.263322
0.252205
0.249443
0.255209
0.268388
0.286131
0.306811
0.329673
0.352466
0.373638
0.391646
0.405311
0.412908
0.414195
0.408131
0.395487
0.377311
0.358556
0.342024
0.33067
0.32546
0.327893
0.335767
0.348147
0.362508
0.378461
0.392343
0.404003
0.409836
0.412529
0.409001
0.404193
0.393954
0.384474
0.369333
0.355881
0.335122
0.315923
0.28679
0.258035
0.215964
0.171559
0.110242
0.0416123
0.279629
0.281374
0.284166
0.290647
0.295607
0.300654
0.304818
0.308363
0.311194
0.313534
0.315361
0.316859
0.318039
0.318985
0.319755
0.320269
0.32057
0.320472
0.319928
0.319073
0.318127
0.318125
0.320013
0.324711
0.332609
0.341109
0.347472
0.346738
0.333162
0.309673
0.285756
0.267379
0.257026
0.254681
0.260459
0.273306
0.290553
0.310533
0.332395
0.354079
0.374191
0.391228
0.404046
0.410969
0.411753
0.405214
0.391957
0.372948
0.35342
0.336308
0.324712
0.31963
0.322611
0.331234
0.344487
0.359842
0.376968
0.392106
0.404887
0.411586
0.4148
0.411502
0.406648
0.396218
0.386396
0.370914
0.357052
0.335978
0.316417
0.287054
0.258016
0.215836
0.171267
0.110015
0.0414484
0.282926
0.283078
0.285409
0.291361
0.296072
0.300986
0.30511
0.308654
0.311516
0.313899
0.315776
0.317322
0.318546
0.319526
0.320322
0.320853
0.321169
0.3211
0.320618
0.319879
0.319094
0.319256
0.321224
0.325786
0.333263
0.341139
0.346797
0.345798
0.333066
0.311229
0.288864
0.271661
0.262102
0.260191
0.265978
0.278458
0.295151
0.314375
0.335215
0.355804
0.374876
0.390971
0.402984
0.409302
0.409688
0.40277
0.388925
0.369038
0.348659
0.330895
0.319015
0.314045
0.317574
0.326937
0.341033
0.357326
0.375582
0.391958
0.405864
0.41344
0.417186
0.414123
0.409221
0.398593
0.388419
0.372584
0.358302
0.3369
0.31697
0.287369
0.258046
0.215748
0.171019
0.109812
0.0413084
0.286222
0.284764
0.286643
0.292078
0.296543
0.301328
0.305413
0.308956
0.311851
0.314277
0.316207
0.317805
0.319078
0.3201
0.32093
0.321488
0.321832
0.321805
0.321398
0.320784
0.320167
0.320488
0.322526
0.326941
0.333985
0.341251
0.346244
0.345023
0.333144
0.312951
0.292162
0.276162
0.267411
0.265933
0.271714
0.283791
0.29988
0.318307
0.33812
0.357634
0.375686
0.390868
0.40212
0.407914
0.408016
0.400809
0.386386
0.365558
0.344242
0.325758
0.313559
0.308693
0.31278
0.322885
0.337801
0.354981
0.374319
0.391905
0.406935
0.415398
0.419684
0.416859
0.411908
0.401075
0.39054
0.374341
0.359627
0.337887
0.317581
0.287733
0.258124
0.2157
0.170816
0.109635
0.0411921
0.289526
0.286429
0.287866
0.292794
0.297018
0.301678
0.305727
0.30927
0.312198
0.314669
0.316653
0.318306
0.319633
0.320703
0.321575
0.322169
0.322552
0.32258
0.32226
0.32178
0.321334
0.32181
0.323908
0.328169
0.334779
0.341456
0.345837
0.344444
0.333419
0.314847
0.295639
0.280858
0.272913
0.271855
0.277609
0.289254
0.304701
0.322304
0.341096
0.359558
0.376613
0.390908
0.401448
0.406806
0.406743
0.399327
0.384318
0.362472
0.340133
0.320868
0.308323
0.30356
0.308223
0.319079
0.334801
0.352821
0.373193
0.391957
0.408102
0.417457
0.422289
0.419706
0.414703
0.403661
0.392756
0.376184
0.361026
0.338938
0.31825
0.288146
0.25825
0.215692
0.170658
0.109483
0.0410992
0.292844
0.288069
0.289076
0.293507
0.297495
0.302036
0.306049
0.309595
0.312556
0.315073
0.317112
0.318822
0.320207
0.32133
0.322251
0.322891
0.323323
0.323418
0.323196
0.322855
0.322582
0.323207
0.325356
0.329461
0.335644
0.341765
0.345594
0.344082
0.333902
0.316911
0.299273
0.285707
0.278558
0.277898
0.283604
0.294797
0.30958
0.326346
0.344135
0.361569
0.377644
0.391077
0.400956
0.405974
0.405858
0.398304
0.38268
0.359734
0.336294
0.316199
0.303294
0.29864
0.303899
0.315519
0.332039
0.350857
0.372216
0.392118
0.409364
0.419613
0.424995
0.422658
0.417601
0.406345
0.395062
0.378108
0.362495
0.340051
0.318977
0.288609
0.258426
0.215726
0.170546
0.109356
0.0410297
0.296181
0.289682
0.290269
0.294214
0.297973
0.3024
0.306381
0.309931
0.312926
0.315489
0.317585
0.319353
0.320797
0.321978
0.322953
0.323648
0.324138
0.324309
0.324194
0.323997
0.323898
0.324665
0.326856
0.330807
0.336581
0.342182
0.345522
0.343902
0.334593
0.319134
0.303032
0.290665
0.284292
0.284006
0.289647
0.300381
0.314487
0.330418
0.347227
0.363655
0.378765
0.391357
0.400625
0.405403
0.405339
0.397703
0.381423
0.357299
0.332692
0.311737
0.298468
0.293931
0.299805
0.312204
0.329519
0.349099
0.371397
0.392395
0.410723
0.421862
0.427797
0.425707
0.420596
0.409121
0.397453
0.38011
0.364034
0.341225
0.319759
0.289121
0.25865
0.215802
0.170481
0.109256
0.0409838
0.299546
0.291264
0.291443
0.294913
0.298449
0.30277
0.306721
0.310277
0.313306
0.315916
0.318069
0.319897
0.321403
0.322645
0.323679
0.324434
0.32499
0.325246
0.325244
0.325194
0.325267
0.326168
0.328396
0.332198
0.337585
0.342711
0.34563
0.343992
0.335491
0.321496
0.306885
0.295689
0.290065
0.290129
0.295695
0.305971
0.319404
0.334509
0.350363
0.365801
0.379956
0.391724
0.400433
0.40507
0.405151
0.397477
0.380488
0.355121
0.329304
0.307477
0.293851
0.289441
0.295945
0.309132
0.327241
0.347552
0.370743
0.392792
0.412176
0.424199
0.430685
0.428845
0.423678
0.411982
0.399924
0.382185
0.365638
0.342458
0.320596
0.289682
0.258924
0.215919
0.170462
0.109182
0.0409615
0.302944
0.292811
0.292594
0.295602
0.298922
0.303144
0.307068
0.310633
0.313698
0.316356
0.318566
0.320454
0.322024
0.323328
0.324425
0.325246
0.325873
0.326221
0.326337
0.326434
0.326675
0.327704
0.329963
0.333624
0.338652
0.343349
0.345914
0.344304
0.336584
0.323981
0.3108
0.300737
0.295835
0.296227
0.301713
0.311542
0.324313
0.33861
0.353532
0.367991
0.381193
0.392152
0.400355
0.404946
0.405247
0.397566
0.379816
0.353163
0.32612
0.30343
0.289462
0.285188
0.292329
0.306306
0.325205
0.34622
0.37026
0.393312
0.413722
0.426617
0.433653
0.432064
0.42684
0.414922
0.402469
0.384329
0.367305
0.343748
0.321487
0.290289
0.259246
0.216079
0.17049
0.109136
0.0409633
0.306384
0.29432
0.293719
0.296277
0.299391
0.303521
0.307423
0.310999
0.314101
0.316807
0.319076
0.321024
0.322659
0.324027
0.325189
0.32608
0.326784
0.327227
0.327465
0.327709
0.328112
0.329261
0.331547
0.335078
0.339777
0.344094
0.346368
0.344826
0.337859
0.326568
0.314752
0.305778
0.301566
0.302268
0.307676
0.317077
0.329205
0.342714
0.356721
0.370204
0.38245
0.392609
0.400359
0.404994
0.405575
0.397907
0.379347
0.351398
0.323141
0.299616
0.285332
0.281198
0.288971
0.303728
0.323411
0.345103
0.369952
0.393957
0.415359
0.42911
0.436689
0.435352
0.430071
0.41793
0.405079
0.386535
0.36903
0.345091
0.322428
0.290943
0.259616
0.216281
0.170566
0.109117
0.0409894
0.309871
0.295786
0.294816
0.296936
0.299853
0.3039
0.307784
0.311374
0.314515
0.31727
0.319597
0.321607
0.323307
0.324741
0.325971
0.326934
0.327718
0.328261
0.328622
0.329009
0.329569
0.330832
0.333142
0.336553
0.340956
0.34494
0.346982
0.345544
0.339298
0.329242
0.318719
0.310786
0.307235
0.308233
0.313569
0.322565
0.334071
0.346812
0.359913
0.372415
0.383695
0.393064
0.400417
0.40517
0.406077
0.398427
0.37903
0.349809
0.320377
0.296065
0.281493
0.2775
0.285888
0.301402
0.321857
0.344201
0.36982
0.394728
0.417083
0.43167
0.439784
0.438699
0.43336
0.420998
0.407747
0.388797
0.370807
0.346485
0.323419
0.291642
0.260034
0.216524
0.17069
0.109126
0.0410404
0.313413
0.297204
0.29588
0.297576
0.300307
0.30428
0.308151
0.311758
0.314939
0.317744
0.320131
0.322203
0.323968
0.325469
0.326768
0.327807
0.328674
0.329318
0.329801
0.33033
0.33104
0.33241
0.334742
0.338045
0.342185
0.34588
0.347744
0.346442
0.340888
0.331988
0.322685
0.315744
0.312826
0.314109
0.319383
0.327997
0.338904
0.350891
0.363085
0.374594
0.384897
0.393486
0.400495
0.405429
0.406692
0.399056
0.378821
0.348389
0.317848
0.292811
0.277984
0.274129
0.283103
0.299334
0.320542
0.343511
0.369864
0.395624
0.418891
0.434289
0.442926
0.442093
0.436696
0.424115
0.410464
0.391109
0.372633
0.347927
0.324455
0.292384
0.260498
0.21681
0.170861
0.109164
0.041117
0.317017
0.298569
0.296909
0.298196
0.300752
0.304661
0.308523
0.312151
0.315374
0.318231
0.320677
0.322811
0.324643
0.326213
0.327582
0.328698
0.329649
0.330396
0.331002
0.331667
0.332521
0.333991
0.336344
0.33955
0.343458
0.346909
0.348643
0.347504
0.342611
0.334792
0.326639
0.320642
0.318331
0.319891
0.325112
0.333367
0.343695
0.354934
0.366212
0.37671
0.386024
0.393846
0.400567
0.405726
0.40736
0.399721
0.378688
0.347139
0.315579
0.28989
0.274842
0.271118
0.280634
0.297531
0.319463
0.343031
0.370082
0.396643
0.420776
0.436957
0.446103
0.445522
0.440066
0.427271
0.413221
0.393463
0.374501
0.349414
0.325534
0.293168
0.261007
0.217138
0.17108
0.109231
0.0412201
0.32069
0.299875
0.297899
0.298792
0.301186
0.305041
0.3089
0.312552
0.31582
0.318728
0.321236
0.323432
0.325332
0.32697
0.328411
0.329606
0.330643
0.331493
0.33222
0.333018
0.334008
0.335573
0.337949
0.341068
0.344774
0.348021
0.349666
0.348713
0.344453
0.337647
0.330575
0.325475
0.323747
0.325577
0.330753
0.338668
0.348431
0.358918
0.369259
0.378727
0.387044
0.394121
0.400606
0.406017
0.408021
0.400357
0.378606
0.346066
0.313597
0.287335
0.2721
0.268495
0.278502
0.295999
0.318619
0.342753
0.370471
0.397782
0.422733
0.439667
0.449303
0.448971
0.443457
0.430453
0.416008
0.395852
0.376406
0.350944
0.326652
0.293991
0.261562
0.217507
0.171347
0.109328
0.0413505
0.324441
0.301116
0.298847
0.299362
0.301609
0.30542
0.309282
0.312962
0.316275
0.319238
0.321807
0.324067
0.326035
0.327742
0.329256
0.330531
0.331655
0.332609
0.333454
0.334382
0.335502
0.337156
0.339554
0.342604
0.34613
0.349209
0.350804
0.350055
0.346402
0.340543
0.33449
0.330243
0.329073
0.331166
0.336302
0.34389
0.353093
0.362812
0.372193
0.380614
0.387933
0.394295
0.400593
0.406262
0.408615
0.400908
0.378561
0.345184
0.311928
0.285175
0.269785
0.266284
0.276719
0.29474
0.318005
0.342673
0.371026
0.399036
0.424755
0.442406
0.452513
0.452427
0.446856
0.433651
0.418815
0.398267
0.378343
0.352514
0.327804
0.294852
0.262159
0.217918
0.171662
0.109456
0.0415094
0.328276
0.302285
0.299748
0.299904
0.302017
0.305797
0.309669
0.31338
0.316741
0.319759
0.322391
0.324714
0.326751
0.328529
0.330116
0.331473
0.332685
0.333741
0.334705
0.335757
0.337
0.338741
0.34116
0.344147
0.347525
0.350468
0.352046
0.351518
0.348447
0.343478
0.338383
0.334945
0.334312
0.336657
0.341752
0.349018
0.357653
0.36658
0.374975
0.382338
0.388671
0.394358
0.400512
0.406429
0.409087
0.40133
0.378543
0.344505
0.310596
0.283435
0.267917
0.264503
0.275296
0.293758
0.317616
0.342783
0.371741
0.400399
0.426836
0.445167
0.455719
0.455877
0.450249
0.436852
0.42163
0.4007
0.380306
0.35413
0.328985
0.295749
0.262797
0.21837
0.172025
0.109615
0.0416982
0.332204
0.303375
0.300599
0.300416
0.302412
0.306171
0.310059
0.313807
0.317218
0.320292
0.322987
0.325375
0.327481
0.32933
0.330992
0.332431
0.333732
0.334891
0.335971
0.337144
0.338505
0.340327
0.342766
0.345703
0.348958
0.351795
0.353383
0.353088
0.350577
0.346444
0.342253
0.339582
0.339462
0.342045
0.347092
0.354028
0.362077
0.370179
0.377566
0.383875
0.389249
0.394313
0.400356
0.40649
0.409385
0.401591
0.37855
0.344046
0.309622
0.28213
0.266509
0.26316
0.274238
0.293051
0.317447
0.343073
0.372608
0.401865
0.428967
0.447937
0.458909
0.459306
0.453621
0.440042
0.424444
0.403142
0.382291
0.355844
0.330187
0.296678
0.263475
0.218862
0.172436
0.109807
0.0419183
0.336231
0.304376
0.301394
0.300895
0.302791
0.306543
0.310453
0.314241
0.317705
0.320836
0.323596
0.326048
0.328226
0.330146
0.331884
0.333406
0.334796
0.336058
0.337252
0.338542
0.340017
0.34192
0.344375
0.347271
0.350427
0.353183
0.354807
0.354755
0.352783
0.349439
0.346099
0.344155
0.34452
0.34732
0.352302
0.358889
0.366322
0.373566
0.379933
0.385207
0.389665
0.394167
0.400122
0.406425
0.409469
0.401674
0.378581
0.343819
0.309023
0.281272
0.265566
0.262259
0.27354
0.292614
0.317489
0.343533
0.373619
0.403424
0.431138
0.450705
0.462068
0.462698
0.456957
0.44321
0.427243
0.405583
0.384288
0.357576
0.331407
0.297637
0.26419
0.219394
0.172894
0.110032
0.0421714
0.340366
0.30528
0.302131
0.301339
0.303155
0.306911
0.310851
0.314684
0.318202
0.321393
0.324218
0.326736
0.328984
0.330977
0.332791
0.334397
0.335877
0.337241
0.338548
0.339952
0.341535
0.343519
0.345996
0.348852
0.351929
0.35463
0.356309
0.356509
0.355056
0.352456
0.349917
0.348657
0.349475
0.352464
0.357351
0.363559
0.370337
0.376694
0.382047
0.386326
0.389928
0.393939
0.399814
0.40622
0.409309
0.40157
0.378636
0.343837
0.30881
0.280865
0.265084
0.261791
0.273196
0.29244
0.317732
0.344153
0.374764
0.405068
0.43334
0.453459
0.465183
0.466041
0.460244
0.446341
0.430018
0.408013
0.386281
0.359132
0.332647
0.298625
0.264942
0.219966
0.1734
0.110292
0.0424595
0.344618
0.306076
0.302804
0.301745
0.303501
0.307277
0.311252
0.315134
0.31871
0.321961
0.324853
0.327437
0.329757
0.331824
0.333714
0.335405
0.336975
0.338441
0.339859
0.341374
0.343062
0.34512
0.347618
0.35045
0.353464
0.356129
0.357881
0.358338
0.357385
0.355486
0.353698
0.353077
0.35431
0.357448
0.3622
0.367987
0.374073
0.379526
0.383891
0.387232
0.390056
0.39365
0.399442
0.405865
0.408891
0.40128
0.378718
0.344106
0.308989
0.280907
0.265056
0.261744
0.27319
0.292519
0.318165
0.344921
0.376032
0.406784
0.435563
0.456188
0.46824
0.46932
0.463467
0.449424
0.432756
0.410425
0.388262
0.360702
0.333906
0.299638
0.265726
0.220576
0.173952
0.110587
0.0427848
0.348992
0.306754
0.303409
0.302112
0.30383
0.307638
0.311658
0.315593
0.319229
0.322542
0.325501
0.328152
0.330544
0.332685
0.334652
0.336429
0.33809
0.339658
0.341185
0.342808
0.344599
0.346725
0.349247
0.352065
0.355029
0.357674
0.359514
0.360231
0.359758
0.358518
0.35743
0.357397
0.358995
0.362234
0.366801
0.372119
0.377478
0.382029
0.385455
0.387937
0.390075
0.393326
0.399018
0.405359
0.408218
0.400812
0.378828
0.344631
0.309564
0.28139
0.265465
0.262098
0.273505
0.292836
0.318775
0.345823
0.37741
0.408561
0.437794
0.458879
0.471225
0.47252
0.466612
0.452445
0.435447
0.412808
0.390227
0.362304
0.33518
0.300673
0.266542
0.221224
0.174551
0.11092
0.04315
0.353498
0.3073
0.30394
0.302438
0.304141
0.307996
0.312067
0.316061
0.319758
0.323135
0.326162
0.328881
0.331346
0.333561
0.335607
0.33747
0.339221
0.34089
0.342525
0.344252
0.346144
0.34834
0.350882
0.353691
0.356618
0.359259
0.361197
0.362172
0.362156
0.361533
0.361089
0.361587
0.363494
0.366774
0.371096
0.375899
0.38051
0.384186
0.386744
0.38846
0.390015
0.392994
0.398559
0.404707
0.407309
0.40018
0.378966
0.345411
0.31053
0.282303
0.266292
0.262828
0.274117
0.293376
0.319548
0.346847
0.378885
0.410384
0.440022
0.461519
0.474126
0.475627
0.469666
0.455393
0.438079
0.415153
0.39217
0.363915
0.336463
0.301727
0.267387
0.22191
0.175197
0.111292
0.043558
0.358142
0.307701
0.304393
0.30272
0.304435
0.308351
0.31248
0.316537
0.320299
0.323741
0.326837
0.329623
0.332162
0.334452
0.336576
0.338526
0.340366
0.342136
0.343878
0.345707
0.347691
0.349954
0.352521
0.355326
0.358224
0.360871
0.362914
0.364143
0.36456
0.364505
0.364645
0.365609
0.367758
0.371011
0.375029
0.379276
0.38314
0.385991
0.387774
0.388828
0.389907
0.392678
0.398079
0.403919
0.406194
0.399404
0.379134
0.346442
0.311878
0.28363
0.267516
0.263909
0.275002
0.294121
0.320469
0.347979
0.380442
0.41224
0.442234
0.464095
0.476929
0.478629
0.472616
0.458254
0.440642
0.417453
0.394084
0.36552
0.33775
0.302798
0.268259
0.222632
0.175889
0.111706
0.0440121
0.362933
0.30794
0.304761
0.302958
0.30471
0.308702
0.312898
0.317022
0.320851
0.324359
0.327525
0.330379
0.332991
0.335357
0.337558
0.339594
0.341525
0.343393
0.345238
0.34717
0.349234
0.351562
0.354158
0.35696
0.359837
0.362499
0.364649
0.366121
0.36694
0.367401
0.368058
0.369414
0.37173
0.374886
0.378544
0.382212
0.385354
0.387456
0.388568
0.38907
0.389784
0.392402
0.397596
0.403028
0.404918
0.398506
0.379334
0.347714
0.313597
0.285345
0.269111
0.265307
0.276135
0.295055
0.321522
0.349203
0.382064
0.414111
0.444416
0.466592
0.479621
0.481512
0.475449
0.461018
0.443126
0.419698
0.395965
0.367111
0.339035
0.303883
0.269155
0.223391
0.176628
0.112166
0.0445162
0.367888
0.308008
0.305038
0.303149
0.304968
0.30905
0.31332
0.317516
0.321413
0.324988
0.328224
0.331146
0.333832
0.336272
0.33855
0.340672
0.342691
0.344656
0.346602
0.348632
0.350814
0.353157
0.355781
0.358581
0.361442
0.364121
0.366376
0.368077
0.369263
0.370182
0.371282
0.372948
0.375353
0.378345
0.381599
0.384687
0.387158
0.388606
0.389158
0.389219
0.389671
0.39218
0.397129
0.402062
0.40353
0.397517
0.379567
0.349196
0.315665
0.287428
0.271052
0.266956
0.277491
0.296157
0.322689
0.350506
0.383735
0.415982
0.446552
0.468996
0.48219
0.484263
0.478154
0.463674
0.445522
0.42188
0.397805
0.36867
0.340313
0.304978
0.270073
0.224186
0.177414
0.112675
0.0450753
0.373011
0.307922
0.305224
0.303291
0.305209
0.309394
0.313746
0.318018
0.321985
0.325627
0.328932
0.331922
0.33468
0.337194
0.339548
0.341754
0.343858
0.345916
0.34796
0.350076
0.352328
0.354729
0.357375
0.360172
0.363018
0.365716
0.368069
0.369977
0.371487
0.372799
0.374262
0.376156
0.378573
0.381343
0.38417
0.386702
0.388575
0.389475
0.389578
0.389305
0.389592
0.392024
0.396691
0.401058
0.402085
0.396467
0.37982
0.350822
0.318025
0.289884
0.273308
0.268931
0.279043
0.297408
0.323955
0.351871
0.385434
0.417832
0.448629
0.471293
0.484624
0.48687
0.480721
0.46621
0.44782
0.423993
0.3996
0.370167
0.341578
0.306081
0.271012
0.225016
0.178246
0.113237
0.0456933
0.378213
0.307665
0.305324
0.303385
0.305432
0.309736
0.314175
0.318525
0.322563
0.326272
0.329646
0.332702
0.33553
0.338115
0.340542
0.342829
0.345015
0.347161
0.349297
0.351498
0.353806
0.356259
0.35892
0.36171
0.36454
0.367253
0.369692
0.371782
0.373568
0.375204
0.376948
0.378987
0.381348
0.383854
0.386254
0.388278
0.389643
0.390104
0.389863
0.389355
0.389561
0.391938
0.396294
0.400057
0.400641
0.395389
0.380069
0.35257
0.32066
0.29266
0.275851
0.271147
0.280767
0.29879
0.325298
0.35328
0.387142
0.419642
0.450628
0.473469
0.486911
0.489323
0.483141
0.468618
0.450014
0.426027
0.401349
0.371598
0.342822
0.307189
0.27197
0.225882
0.179126
0.113859
0.0463655
0.383598
0.306873
0.305328
0.303429
0.305636
0.310073
0.314606
0.319035
0.323144
0.326918
0.330358
0.333477
0.336372
0.339025
0.341521
0.343883
0.346145
0.348375
0.350591
0.352861
0.355227
0.357721
0.36039
0.363168
0.365978
0.3687
0.37121
0.373451
0.375461
0.37735
0.379295
0.381403
0.383655
0.385877
0.387873
0.389457
0.390412
0.390539
0.390048
0.389392
0.389586
0.391922
0.395949
0.399102
0.39925
0.394315
0.380273
0.354425
0.323515
0.295717
0.27865
0.273561
0.282642
0.300283
0.326694
0.354714
0.388835
0.421391
0.452534
0.475507
0.489042
0.491609
0.485404
0.470888
0.452096
0.427978
0.403046
0.373163
0.344047
0.308299
0.272946
0.226783
0.180054
0.114553
0.0470997
0.389209
0.30612
0.305208
0.303423
0.305822
0.3104
0.315033
0.319543
0.32372
0.327556
0.331058
0.334236
0.337193
0.339908
0.342467
0.344899
0.34723
0.349535
0.351824
0.354145
0.356563
0.359086
0.361755
0.364515
0.367302
0.370025
0.372588
0.374946
0.377128
0.3792
0.381272
0.383387
0.385493
0.387434
0.389071
0.390295
0.390936
0.39082
0.390162
0.389434
0.389666
0.39197
0.395664
0.39823
0.397961
0.393277
0.380432
0.356312
0.326523
0.299008
0.281665
0.276138
0.28464
0.301858
0.328122
0.356158
0.390489
0.423057
0.454329
0.477393
0.491004
0.49372
0.487504
0.473013
0.454061
0.429837
0.404677
0.374809
0.345258
0.30941
0.273938
0.227721
0.18103
0.115325
0.0480526
0.395006
0.305042
0.304953
0.303364
0.306001
0.310714
0.315448
0.32004
0.324281
0.328175
0.331732
0.334963
0.337977
0.340747
0.343362
0.345854
0.348246
0.350613
0.352963
0.355326
0.357784
0.360324
0.362985
0.365722
0.368481
0.371197
0.373794
0.376236
0.378538
0.380732
0.382867
0.384943
0.386887
0.388569
0.389907
0.390853
0.391267
0.390988
0.39023
0.389492
0.389798
0.392075
0.395445
0.39747
0.396813
0.392302
0.380535
0.358154
0.329601
0.302467
0.28485
0.278841
0.286728
0.303487
0.329562
0.357579
0.392078
0.424616
0.455995
0.479113
0.49279
0.495646
0.489434
0.474985
0.455902
0.431599
0.406228
0.376274
0.346456
0.310518
0.274947
0.228694
0.182056
0.116167
0.0490445
0.400982
0.303624
0.304569
0.303254
0.306157
0.311029
0.31584
0.320513
0.324814
0.328758
0.332364
0.335641
0.338702
0.341519
0.344182
0.346724
0.34917
0.351584
0.353974
0.356377
0.358862
0.36141
0.364056
0.366765
0.369492
0.372192
0.374807
0.377301
0.37968
0.38194
0.384091
0.386099
0.387885
0.389346
0.39045
0.391195
0.391454
0.391076
0.390272
0.389569
0.389971
0.392224
0.395293
0.396841
0.395831
0.391412
0.380569
0.35987
0.332648
0.306009
0.288145
0.281628
0.288871
0.305142
0.330993
0.358966
0.393552
0.426043
0.457512
0.480652
0.494389
0.497379
0.49119
0.476798
0.457617
0.433257
0.407696
0.377662
0.347637
0.311621
0.27597
0.229704
0.183131
0.117073
0.0500994
0.407143
0.301874
0.30406
0.303094
0.306289
0.311319
0.31621
0.320944
0.325302
0.32929
0.332936
0.336251
0.33935
0.342206
0.344906
0.347488
0.349973
0.352436
0.354843
0.357276
0.359775
0.362321
0.364948
0.367626
0.370321
0.373
0.375616
0.378137
0.380554
0.382841
0.384975
0.386903
0.388549
0.389835
0.39077
0.391378
0.39154
0.391109
0.390303
0.389667
0.390174
0.392404
0.395203
0.396349
0.395026
0.390621
0.38052
0.36138
0.335547
0.309527
0.291473
0.284448
0.291027
0.306789
0.332379
0.360264
0.394911
0.427314
0.458862
0.481996
0.495793
0.498913
0.492768
0.478447
0.459202
0.434806
0.409079
0.378981
0.348794
0.312716
0.277008
0.230748
0.184255
0.118049
0.0512062
0.4135
0.299776
0.303432
0.302888
0.306394
0.311571
0.316564
0.321317
0.325727
0.329752
0.333429
0.336774
0.339903
0.342787
0.345517
0.34813
0.350634
0.353123
0.355556
0.358007
0.360511
0.363051
0.365655
0.368303
0.370965
0.373619
0.376227
0.378755
0.381182
0.383467
0.385566
0.387416
0.388949
0.390107
0.390929
0.391451
0.391557
0.391109
0.390331
0.389781
0.390393
0.392602
0.395168
0.395988
0.394395
0.389937
0.380382
0.362613
0.338172
0.312888
0.294736
0.287237
0.293148
0.308389
0.333683
0.361447
0.396111
0.428417
0.460026
0.483133
0.496994
0.500242
0.494164
0.479928
0.460653
0.436243
0.410359
0.380226
0.349923
0.313801
0.278058
0.231826
0.185427
0.119102
0.0524225
0.420084
0.297326
0.3027
0.302643
0.306467
0.311777
0.31684
0.321662
0.326074
0.330131
0.333832
0.337199
0.340349
0.343254
0.346004
0.348641
0.351183
0.353657
0.356109
0.358568
0.361071
0.363599
0.366182
0.368801
0.371433
0.374063
0.376656
0.379177
0.381598
0.383864
0.385922
0.387706
0.389155
0.390229
0.390982
0.391455
0.391532
0.391089
0.390359
0.389906
0.390617
0.392804
0.395177
0.395741
0.393937
0.389358
0.380157
0.363514
0.340397
0.315941
0.297811
0.289913
0.295164
0.309894
0.334868
0.362486
0.397134
0.429311
0.460988
0.484053
0.497987
0.501363
0.495377
0.481238
0.461968
0.437566
0.411519
0.381391
0.351018
0.314873
0.279118
0.232934
0.186645
0.120237
0.0537505
0.426963
0.294539
0.301893
0.302366
0.306501
0.311927
0.317051
0.32191
0.326338
0.330418
0.334137
0.33752
0.340684
0.343603
0.346367
0.349014
0.351556
0.354047
0.356507
0.358969
0.361465
0.363982
0.366545
0.36914
0.371747
0.374354
0.37693
0.379437
0.381842
0.384083
0.386103
0.387837
0.389229
0.390254
0.39097
0.391417
0.391482
0.391059
0.390388
0.390034
0.390833
0.393001
0.395217
0.395586
0.393589
0.388879
0.379854
0.36407
0.34212
0.318528
0.300549
0.292366
0.297071
0.311251
0.335895
0.36335
0.397952
0.42997
0.461736
0.484749
0.498769
0.502277
0.496407
0.482377
0.463145
0.438771
0.412721
0.382479
0.352077
0.315928
0.280185
0.234068
0.187908
0.121454
0.0551951
0.434253
0.291467
0.301051
0.302064
0.306485
0.312011
0.317188
0.322076
0.326527
0.330615
0.334346
0.337741
0.340914
0.343842
0.346614
0.349263
0.351809
0.354306
0.356768
0.359228
0.361718
0.364223
0.36677
0.369346
0.371934
0.374522
0.377081
0.379573
0.381959
0.384176
0.386165
0.387864
0.389223
0.390223
0.390925
0.39136
0.391422
0.391024
0.390415
0.390156
0.391034
0.393185
0.395276
0.3955
0.393345
0.388494
0.379508
0.364291
0.343284
0.320512
0.302796
0.294457
0.298729
0.31241
0.336722
0.364007
0.398539
0.430491
0.462159
0.485223
0.499343
0.50299
0.497262
0.483351
0.464187
0.439848
0.413797
0.383501
0.353096
0.316962
0.281254
0.235222
0.189204
0.122801
0.0567685
0.442146
0.288221
0.300219
0.30174
0.306413
0.312026
0.31725
0.322167
0.326641
0.33073
0.334471
0.337874
0.341053
0.343985
0.346763
0.349421
0.351958
0.354456
0.356917
0.359373
0.361856
0.364352
0.366888
0.36945
0.372024
0.374599
0.377144
0.379621
0.38199
0.384188
0.386155
0.387832
0.389175
0.390166
0.390866
0.391298
0.391359
0.390987
0.390437
0.390264
0.391212
0.39335
0.395345
0.395463
0.393189
0.388197
0.379154
0.364244
0.343904
0.321819
0.304419
0.296048
0.300001
0.313306
0.337298
0.36443
0.398878
0.430764
0.462372
0.485491
0.49973
0.503523
0.497958
0.484175
0.465104
0.440797
0.414788
0.384463
0.354073
0.317972
0.282317
0.236388
0.190512
0.124227
0.0584749
0.450938
0.284943
0.299397
0.30138
0.30628
0.311978
0.317247
0.322191
0.32668
0.330777
0.334526
0.337936
0.341119
0.344054
0.346833
0.349485
0.352027
0.354524
0.356982
0.359435
0.361912
0.364402
0.366929
0.369483
0.372049
0.374615
0.37715
0.379616
0.381972
0.384155
0.386107
0.387772
0.389108
0.390101
0.390806
0.391238
0.391301
0.390949
0.390449
0.390351
0.391363
0.393499
0.395426
0.395468
0.393106
0.387989
0.378834
0.364023
0.344071
0.322463
0.30535
0.297037
0.30081
0.313715
0.337593
0.364614
0.398977
0.430823
0.462407
0.4856
0.49998
0.503929
0.498522
0.484867
0.465905
0.44164
0.415701
0.38536
0.354995
0.318944
0.283349
0.237537
0.191927
0.125701
0.0603087
0.460798
0.281534
0.298472
0.300935
0.306072
0.31187
0.317195
0.322174
0.326678
0.330793
0.334541
0.337955
0.341139
0.344077
0.34686
0.349509
0.352045
0.354539
0.356993
0.359443
0.361914
0.364399
0.366922
0.36947
0.372031
0.374592
0.37712
0.379579
0.381925
0.384098
0.386041
0.387701
0.389037
0.390035
0.390749
0.391186
0.391249
0.390907
0.390444
0.390411
0.391492
0.393652
0.395545
0.395532
0.393104
0.38788
0.378596
0.363742
0.343918
0.32252
0.305581
0.297369
0.301115
0.31398
0.337639
0.364595
0.398879
0.430739
0.462351
0.485666
0.500228
0.504333
0.49905
0.485481
0.466592
0.442462
0.416524
0.38622
0.35592
0.319924
0.284485
0.238805
0.19333
0.127331
0.0625184
0.469971
0.277515
0.297441
0.300421
0.305777
0.311691
0.31708
0.322096
0.326619
0.330749
0.334513
0.337935
0.341123
0.344059
0.346839
0.349488
0.352025
0.354515
0.356965
0.359411
0.361877
0.364359
0.366879
0.369424
0.371983
0.374542
0.377068
0.379522
0.381863
0.384031
0.385971
0.387629
0.388968
0.389974
0.390698
0.391141
0.391202
0.390861
0.390418
0.390438
0.391599
0.393822
0.395726
0.395692
0.393229
0.387918
0.378561
0.363512
0.343558
0.322138
0.305264
0.29708
0.300807
0.313617
0.337173
0.364131
0.398569
0.430557
0.462363
0.485883
0.500633
0.504866
0.499783
0.486358
0.467593
0.443394
0.417492
0.387243
0.356995
0.32106
0.2857
0.240127
0.194888
0.129104
0.0649485
)
;

boundaryField
{
    inlet
    {
        type            zeroGradient;
    }
    outlet
    {
        type            fixedValue;
        value           uniform 0;
    }
    fixedWalls
    {
        type            zeroGradient;
    }
    frontAndBack
    {
        type            empty;
    }
}


// ************************************************************************* //
