/*--------------------------------*- C++ -*----------------------------------*\
| =========                 |                                                 |
| \\      /  F ield         | OpenFOAM: The Open Source CFD Toolbox           |
|  \\    /   O peration     | Version:  2.4.0                                 |
|   \\  /    A nd           | Web:      www.OpenFOAM.org                      |
|    \\/     M anipulation  |                                                 |
\*---------------------------------------------------------------------------*/
FoamFile
{
    version     2.0;
    format      ascii;
    class       volScalarField;
    location    "4.43";
    object      k;
}
// * * * * * * * * * * * * * * * * * * * * * * * * * * * * * * * * * * * * * //

dimensions      [0 2 -2 0 0 0 0];

internalField   nonuniform List<scalar> 
6000
(
0.0117122
0.00656281
0.00175515
0.000444775
0.000122516
0.000318677
0.000249781
0.000400243
0.00046969
0.000642582
0.000804736
0.00100411
0.00118247
0.00135238
0.00148496
0.00158085
0.0016127
0.00155264
0.00140257
0.00135148
0.00167721
0.00234254
0.00310884
0.00381668
0.00442583
0.00495258
0.00541489
0.00582557
0.00619187
0.00651877
0.00680964
0.00706811
0.00729583
0.00749053
0.00765563
0.00779382
0.00790716
0.00799778
0.0080677
0.00811935
0.00815455
0.00817618
0.00818484
0.00818451
0.00817216
0.00815442
0.00812242
0.00808019
0.0082284
0.00855316
0.00885167
0.00925056
0.00954483
0.0100424
0.0102858
0.0110123
0.0111747
0.0125211
0.0125603
0.0159338
0.0120372
0.011712
0.00208937
0.000676019
0.00013716
0.000280723
0.000380524
0.000542939
0.000730629
0.00099164
0.00127822
0.00160789
0.00192891
0.0022512
0.00254344
0.00279269
0.00294515
0.0029328
0.00274754
0.0026958
0.00327121
0.00443296
0.00580786
0.00713579
0.00831346
0.00935054
0.0102721
0.0110981
0.0118406
0.0125079
0.0131061
0.0136415
0.014112
0.0145209
0.0148745
0.0151787
0.0154388
0.0156606
0.01585
0.0160138
0.0161583
0.0162912
0.0164177
0.0165467
0.0166792
0.0168255
0.0169803
0.0171481
0.0173533
0.0175864
0.0177688
0.0179373
0.0179733
0.0180124
0.0178184
0.0177585
0.0173396
0.0173608
0.0169029
0.017779
0.0115679
0.0151658
0.00288264
0.000648043
0.000187613
0.00033407
0.000483408
0.000682064
0.000929207
0.00125952
0.001629
0.00204656
0.00245319
0.00285129
0.00320768
0.00350729
0.00369535
0.00369418
0.00350606
0.00349862
0.00425491
0.00572986
0.00744946
0.00909979
0.0105703
0.0118715
0.0130313
0.0140722
0.0150085
0.0158499
0.0166037
0.0172764
0.0178676
0.0183814
0.0188246
0.0192041
0.0195264
0.0197988
0.0200287
0.0202247
0.0203948
0.0205486
0.0206937
0.0208404
0.0209925
0.0211604
0.0213439
0.0215432
0.0217715
0.0220048
0.0221902
0.0223237
0.022331
0.0222677
0.0220044
0.0217476
0.021241
0.020959
0.0204395
0.0208566
0.0114636
0.0160712
0.00401155
0.0005325
0.000236341
0.00038552
0.000562093
0.000792446
0.00108297
0.00146715
0.00189932
0.00238056
0.00284692
0.00329419
0.00369028
0.00402038
0.00423191
0.00424493
0.00407325
0.00412018
0.00501154
0.00669813
0.00864551
0.0105131
0.0121863
0.0136729
0.0150013
0.0161948
0.0172688
0.018234
0.0190982
0.0198681
0.0205443
0.0211316
0.0216368
0.0220673
0.0224306
0.0227346
0.0229879
0.0232
0.0233803
0.0235396
0.0236871
0.0238342
0.0239871
0.024156
0.0243455
0.0245517
0.0247864
0.0250139
0.0251988
0.025307
0.0252992
0.0251705
0.0248749
0.0244954
0.023962
0.0234939
0.0230582
0.0231782
0.0113762
0.0157664
0.00532548
0.000483533
0.000280851
0.000430413
0.000627575
0.000885372
0.0012115
0.00164037
0.00212415
0.00265721
0.00317173
0.00365808
0.00408542
0.00443987
0.00467209
0.00470343
0.00455793
0.00465759
0.00565043
0.00749231
0.00961236
0.0116509
0.0134874
0.0151254
0.0165922
0.0179117
0.0190997
0.0201676
0.0211238
0.0219742
0.0227208
0.0233687
0.0239248
0.0243968
0.0247925
0.0251208
0.0253906
0.0256125
0.0257969
0.0259555
0.0260987
0.0262391
0.0263848
0.0265461
0.0267321
0.0269339
0.0271648
0.0273803
0.0275576
0.0276406
0.0276162
0.0274331
0.0271106
0.0266342
0.0260839
0.0254704
0.0251056
0.024994
0.0113033
0.0149415
0.00672838
0.000609224
0.000323597
0.000470457
0.000684986
0.000966964
0.00132375
0.00179111
0.00231953
0.00289754
0.0034541
0.00397486
0.00443001
0.00480671
0.00505945
0.00511289
0.00499918
0.00514747
0.00621592
0.00817519
0.0104344
0.012617
0.0145947
0.0163653
0.0179542
0.0193852
0.0206747
0.0218342
0.0228726
0.0237951
0.0246047
0.0253068
0.0259082
0.0264168
0.0268408
0.0271895
0.0274725
0.0277008
0.0278857
0.0280399
0.0281749
0.028304
0.0284373
0.0285855
0.028761
0.0289513
0.0291708
0.0293689
0.0295326
0.0295887
0.0295444
0.029312
0.0289626
0.0284036
0.0278365
0.0271014
0.0267874
0.0264767
0.0112435
0.0139419
0.00776342
0.00114127
0.00037285
0.000507579
0.000737157
0.00104061
0.00142442
0.00192562
0.00249376
0.00311223
0.00370725
0.0042602
0.00474192
0.00514067
0.00541495
0.00549396
0.00541582
0.00560812
0.00673126
0.00877896
0.0111532
0.0134617
0.0155658
0.0174569
0.0191577
0.0206915
0.0220747
0.0233192
0.0244341
0.0254238
0.0262923
0.0270449
0.0276885
0.0282311
0.0286811
0.029048
0.029342
0.0295747
0.0297579
0.0299051
0.0300288
0.0301432
0.0302602
0.0303909
0.0305502
0.030723
0.0309247
0.031101
0.0312454
0.0312726
0.0312049
0.0309262
0.0305481
0.0299162
0.0293301
0.0284901
0.0282093
0.0277207
0.0111887
0.0129396
0.00846414
0.00207555
0.000449492
0.000543912
0.000786028
0.00110849
0.00151634
0.00204766
0.00265176
0.00330747
0.00393873
0.0045229
0.00503118
0.00545289
0.00575044
0.00585833
0.00581847
0.00605034
0.00721069
0.00932289
0.0117928
0.014213
0.0164328
0.0184357
0.0202413
0.0218719
0.0233439
0.0246692
0.0258568
0.0269109
0.0278357
0.0286367
0.0293207
0.0298956
0.0303702
0.0307541
0.0310578
0.0312933
0.0314732
0.0316113
0.0317214
0.0318183
0.0319154
0.0320248
0.0321628
0.0323131
0.0324916
0.0326415
0.0327619
0.0327578
0.0326631
0.0323396
0.0319309
0.0312331
0.0306255
0.0296935
0.0294308
0.0287809
0.011136
0.0120145
0.00888021
0.00320053
0.000598794
0.000582457
0.000833278
0.00117224
0.0016015
0.00215974
0.00279671
0.0034872
0.00415325
0.0047684
0.00530396
0.00575031
0.00607333
0.00621329
0.00621384
0.00648121
0.00766391
0.00981986
0.0123688
0.0148888
0.0172154
0.0193233
0.0212284
0.0229515
0.0245088
0.0259119
0.0271698
0.0282863
0.0292659
0.030114
0.0308373
0.0314437
0.0319421
0.0323421
0.0326546
0.032892
0.0330671
0.0331946
0.0332889
0.0333657
0.03344
0.0335246
0.0336365
0.0337598
0.0339099
0.0340295
0.034121
0.0340832
0.0339579
0.0335904
0.0331492
0.0323909
0.0317595
0.0307456
0.0304889
0.0296915
0.0110858
0.0111981
0.00905968
0.00433842
0.000909124
0.000628392
0.000880715
0.00123334
0.00168146
0.00226374
0.00293088
0.00365414
0.00435395
0.00500028
0.00556435
0.00603755
0.00638857
0.00656372
0.00660643
0.00690566
0.00809796
0.0102792
0.0128918
0.0155009
0.0179268
0.020134
0.0221342
0.0239465
0.0255863
0.0270652
0.0283917
0.0295693
0.0306026
0.031497
0.032259
0.0328965
0.0334181
0.0338337
0.0341545
0.0343928
0.0345621
0.0346775
0.0347543
0.0348087
0.0348575
0.0349138
0.0349955
0.0350874
0.0352044
0.0352896
0.0353479
0.0352736
0.0351146
0.0347033
0.0342277
0.0334131
0.0327557
0.0316686
0.0314078
0.0304755
0.0110393
0.0104971
0.00905241
0.00534349
0.00148661
0.000691702
0.000930686
0.00129329
0.00175761
0.00236122
0.00305606
0.00381031
0.00454311
0.00522104
0.0058151
0.00631779
0.00669959
0.00691301
0.00699934
0.00732728
0.00851829
0.0107082
0.0133702
0.0160583
0.0185761
0.0208777
0.0229693
0.0248678
0.0265881
0.0281411
0.0295349
0.0307726
0.031859
0.0327993
0.0335996
0.0342677
0.0348124
0.0352434
0.0355718
0.0358105
0.0359731
0.0360752
0.0361327
0.0361627
0.0361833
0.0362081
0.0362558
0.0363122
0.0363917
0.0364386
0.0364595
0.036346
0.03615
0.0356947
0.0351829
0.0343155
0.0336305
0.0324775
0.0322043
0.0311488
0.010997
0.00990553
0.00890699
0.00615991
0.00223668
0.000791821
0.000986669
0.00135387
0.00183133
0.00245357
0.00317371
0.00395732
0.00472243
0.00543248
0.00605815
0.00659299
0.00700878
0.00726352
0.00739481
0.00774874
0.00892921
0.0111127
0.0138103
0.0165675
0.0191705
0.0215615
0.023741
0.0257234
0.0275222
0.029148
0.030608
0.0319052
0.0330442
0.0340299
0.0348684
0.0355671
0.0361346
0.0365807
0.0369166
0.0371551
0.0373102
0.0373979
0.0374347
0.0374383
0.0374282
0.0374186
0.0374286
0.0374455
0.0374835
0.0374882
0.0374678
0.0373121
0.0370762
0.0365763
0.0360268
0.0351095
0.0343954
0.033183
0.0328907
0.0317233
0.010959
0.00941214
0.00866721
0.0067679
0.0030669
0.000968135
0.00105431
0.00141738
0.00190414
0.00254219
0.00328522
0.00409655
0.00489328
0.00563597
0.00629492
0.00686451
0.00731783
0.00761694
0.00779441
0.00817208
0.00933426
0.0114976
0.0142176
0.017034
0.0197154
0.0221911
0.0244552
0.0265189
0.0283946
0.030092
0.0316171
0.0329732
0.0341645
0.0351955
0.036072
0.0368012
0.0373916
0.0378527
0.0381957
0.0384336
0.0385806
0.0386528
0.0386675
0.038643
0.0386
0.038553
0.038522
0.0384957
0.0384881
0.038447
0.0383814
0.0381806
0.0379018
0.0373566
0.036768
0.0358033
0.035059
0.033793
0.0334762
0.0322078
0.010925
0.00900398
0.0083699
0.00717262
0.00387957
0.00130117
0.00114334
0.00148697
0.00197785
0.00262859
0.0033919
0.00422927
0.00505684
0.00583261
0.00652643
0.00713344
0.00762789
0.00797439
0.00819928
0.00859887
0.00973637
0.0118673
0.0145967
0.0174625
0.0202152
0.0227708
0.025116
0.0272588
0.0292095
0.0309772
0.0325667
0.0339812
0.0352243
0.0363005
0.037215
0.0379747
0.0385879
0.039064
0.039414
0.0396509
0.0397891
0.039845
0.0398364
0.039782
0.039704
0.0396169
0.0395417
0.0394687
0.0394119
0.0393213
0.0392067
0.038958
0.0386335
0.0380422
0.037413
0.0364031
0.0356278
0.0343135
0.0339681
0.0326094
0.010895
0.00866832
0.00804427
0.00739369
0.00463076
0.00182124
0.00127023
0.00156729
0.00205473
0.00271445
0.00349518
0.00435675
0.00521421
0.00602333
0.00675345
0.0074005
0.00793969
0.00833659
0.00861019
0.00903035
0.0101381
0.0122256
0.0149519
0.017857
0.0206737
0.0233041
0.0257271
0.0279463
0.0299704
0.0318072
0.0334601
0.0349324
0.0362271
0.0373482
0.0383007
0.0390909
0.0397269
0.0402179
0.0405748
0.0408105
0.0409394
0.0409781
0.0409449
0.0408593
0.0407442
0.0406147
0.0404922
0.0403691
0.0402595
0.0401159
0.0399489
0.0396493
0.0392765
0.038638
0.0379671
0.0369137
0.036107
0.0347492
0.0343722
0.0329336
0.0108685
0.00839354
0.00771224
0.00745831
0.00528531
0.00249335
0.00146269
0.00166531
0.00213777
0.00280183
0.0035966
0.00448032
0.00536648
0.00620898
0.00697662
0.00766615
0.00825367
0.00870394
0.00902764
0.00946749
0.0105414
0.012576
0.0152871
0.0182212
0.0210944
0.0237944
0.0262912
0.0285844
0.0306799
0.0325843
0.0342998
0.0358293
0.0371752
0.0383411
0.0393314
0.0401522
0.040811
0.0413169
0.0416806
0.0419147
0.0420338
0.0420546
0.0419959
0.0418778
0.0417237
0.0415492
0.0413768
0.0412004
0.0410347
0.0408347
0.0406118
0.0402585
0.0398346
0.0391479
0.0384342
0.0373392
0.0365006
0.0351039
0.0346933
0.033185
0.0108452
0.0081694
0.00738938
0.00739682
0.005818
0.00324141
0.00176809
0.00179182
0.0022311
0.00289327
0.00369796
0.00460144
0.00551479
0.00639041
0.00719647
0.00793069
0.00857002
0.00907657
0.00945194
0.00991111
0.0109484
0.0129216
0.0156058
0.0185586
0.0214804
0.0242443
0.0268111
0.0291752
0.0313403
0.0333107
0.0350877
0.0366737
0.0380704
0.0392808
0.0403088
0.0411601
0.0418417
0.0423625
0.0427329
0.0429653
0.0430742
0.0430765
0.0429914
0.0428394
0.0426446
0.0424231
0.042198
0.0419654
0.0417403
0.0414806
0.0411986
0.0407889
0.0403114
0.0395754
0.0388178
0.0376826
0.0368121
0.0353809
0.0349354
0.0333674
0.0108249
0.00798712
0.00708599
0.00723965
0.0062151
0.00399585
0.00221529
0.00196326
0.00234051
0.00299203
0.00380142
0.00472178
0.0056604
0.00656854
0.00741354
0.00819429
0.00888876
0.00945441
0.00988323
0.0103619
0.0113606
0.0132653
0.0159116
0.0188725
0.0218348
0.0246565
0.0272889
0.029721
0.0319532
0.0339881
0.0358254
0.0374672
0.0389141
0.0401687
0.0412342
0.0421159
0.0428203
0.043356
0.0437329
0.0439633
0.0440617
0.0440449
0.0439327
0.0437457
0.0435086
0.043238
0.0429579
0.0426662
0.0423787
0.0420563
0.041712
0.041243
0.0407096
0.039923
0.0391206
0.0379467
0.0370445
0.0355829
0.0351019
0.0334841
0.0108072
0.0078393
0.0068082
0.00701517
0.00647385
0.00470316
0.00279087
0.00220382
0.00247431
0.00310242
0.00390965
0.0048433
0.00580475
0.00674438
0.00762839
0.00845706
0.00920951
0.00983722
0.0103215
0.0108203
0.0117795
0.01361
0.0162078
0.0191662
0.0221602
0.0250335
0.0277269
0.0302235
0.0325205
0.0346178
0.0365141
0.0382107
0.0397072
0.0410055
0.0421083
0.0430203
0.0437474
0.0442979
0.0446813
0.0449096
0.0449972
0.0449609
0.0448208
0.0445978
0.0443169
0.0439954
0.043658
0.0433046
0.0429519
0.0425638
0.0421541
0.0416232
0.0410314
0.0401932
0.0393452
0.0381339
0.0372002
0.0357123
0.0351959
0.033538
0.0107918
0.00771975
0.00655903
0.00674837
0.00660072
0.00532357
0.0034486
0.00254444
0.00264445
0.00323021
0.00402599
0.00496838
0.00594955
0.00691912
0.00784171
0.00871915
0.00953158
0.0102246
0.0107665
0.0112868
0.0122065
0.013958
0.0164977
0.0194429
0.0224597
0.0253776
0.028127
0.0306844
0.0330435
0.0352011
0.037155
0.0389053
0.0404505
0.0417921
0.0429317
0.0438738
0.0446236
0.0451888
0.0455786
0.0458046
0.0458811
0.045825
0.0456566
0.0453966
0.0450706
0.0446964
0.0442996
0.0438821
0.0434615
0.0430048
0.0425269
0.0419315
0.0412791
0.0403881
0.0394936
0.0382462
0.0372815
0.0357712
0.0352201
0.0335316
0.0107784
0.00762334
0.00633926
0.00646009
0.00660927
0.00582986
0.00413878
0.00300402
0.00286786
0.00338319
0.00415474
0.0050999
0.00609683
0.00709418
0.00805432
0.00898077
0.0098547
0.0106162
0.0112182
0.0117619
0.0126428
0.0143119
0.0167844
0.0197058
0.0227361
0.0256915
0.0284914
0.0311055
0.0335236
0.0357393
0.0377489
0.0395516
0.0411446
0.0425288
0.043705
0.0446769
0.0454491
0.0460289
0.0464248
0.0466485
0.0467139
0.0466378
0.0464404
0.0461427
0.0457703
0.0453419
0.0448838
0.0443998
0.0439089
0.0433809
0.042832
0.0421696
0.0414545
0.0405095
0.039568
0.0382855
0.0372905
0.0357616
0.0351771
0.033467
0.0107668
0.00754584
0.00614812
0.00616688
0.00651785
0.00620612
0.00481473
0.003574
0.00316761
0.00357178
0.0043015
0.00524144
0.00624903
0.00727127
0.00826726
0.00924229
0.0101786
0.0110115
0.011676
0.0122457
0.0130894
0.0146738
0.017071
0.0199582
0.0229923
0.0259774
0.028822
0.0314884
0.0339621
0.0362333
0.0382967
0.0401504
0.0417901
0.0432162
0.0444282
0.0454296
0.0462239
0.046818
0.0472202
0.0474415
0.0474959
0.0473995
0.0471727
0.0468364
0.0464166
0.0459326
0.0454115
0.044859
0.0442954
0.0436935
0.0430711
0.0423392
0.0415593
0.0405592
0.0395699
0.0382537
0.0372291
0.0356853
0.0350689
0.0333464
0.0107568
0.00748378
0.00598391
0.00588116
0.00634729
0.00644673
0.00543563
0.00422176
0.00356551
0.00380967
0.00447358
0.00539743
0.00640915
0.00745245
0.00848185
0.00950424
0.010503
0.0114094
0.0121394
0.0127384
0.0135474
0.0150459
0.0173605
0.0202032
0.0232312
0.026238
0.029121
0.0318348
0.0343603
0.0366842
0.0387992
0.0407024
0.0423874
0.0438545
0.0451016
0.0461317
0.0469479
0.0475563
0.0479648
0.0481839
0.0482271
0.0481103
0.0478537
0.0474782
0.04701
0.0464692
0.0458834
0.0452605
0.044622
0.0439439
0.0432453
0.0424418
0.041595
0.0405388
0.0395012
0.0381523
0.0370991
0.0355442
0.0348978
0.0331715
0.0107481
0.00743429
0.00584435
0.0056116
0.00611895
0.00655499
0.00596815
0.00490438
0.00406821
0.00411485
0.00468052
0.00557343
0.00658083
0.00764023
0.00869972
0.00976742
0.010828
0.011809
0.0126079
0.01324
0.0140178
0.0154303
0.017656
0.0204441
0.0234559
0.0264757
0.0293904
0.0321464
0.0347197
0.0370932
0.0392573
0.0412081
0.042937
0.0444434
0.045725
0.0467834
0.0476212
0.048244
0.0486588
0.0488757
0.0489076
0.0487702
0.0484835
0.0480683
0.0475509
0.046952
0.0463003
0.0456051
0.0448897
0.0441332
0.0433562
0.0424787
0.0415632
0.0404498
0.0393635
0.037983
0.0369022
0.0353398
0.0346658
0.0329441
0.0107405
0.00739505
0.00572689
0.00536378
0.0058531
0.0065417
0.00638747
0.00557741
0.00466313
0.00450306
0.00493602
0.00577634
0.00676856
0.00783761
0.00892291
0.0100329
0.0111537
0.0122099
0.0130808
0.0137504
0.0145012
0.0158287
0.0179602
0.0206841
0.0236693
0.0266933
0.0296325
0.0324251
0.0350415
0.0374612
0.0396718
0.0416671
0.0434385
0.0449832
0.0462985
0.0473848
0.0482441
0.048881
0.0493021
0.0495168
0.0495374
0.0493794
0.0490623
0.0486069
0.0480396
0.0473817
0.0466626
0.0458936
0.0450995
0.0442624
0.0434048
0.0424513
0.0414654
0.0402937
0.0391583
0.0377474
0.0366401
0.0350738
0.0343747
0.0326659
0.010734
0.00736415
0.00562895
0.00514071
0.00556773
0.00642324
0.00667795
0.00619974
0.0053219
0.00498197
0.00525311
0.00601613
0.00697884
0.00804821
0.00915387
0.0103022
0.0114804
0.0126114
0.013557
0.0142693
0.0149983
0.0162431
0.0182762
0.0209265
0.0238746
0.0268934
0.0298496
0.0326726
0.0353269
0.0377885
0.0400425
0.0420805
0.0438926
0.0454745
0.0468225
0.0479361
0.0488165
0.0494674
0.0498947
0.0501071
0.0501166
0.0499378
0.0495901
0.0490941
0.0484763
0.0477586
0.0469711
0.0461268
0.0452522
0.0443326
0.0433924
0.0423609
0.0413028
0.040072
0.0388871
0.037447
0.0363145
0.0347479
0.0340265
0.0323383
0.0107283
0.00734001
0.00554802
0.00494346
0.00527786
0.00621966
0.00683333
0.00673602
0.00600646
0.00554789
0.00564357
0.00630229
0.00721869
0.0082783
0.00939585
0.010577
0.0118087
0.0130132
0.0140358
0.014796
0.0155094
0.0166751
0.0186066
0.0211746
0.024075
0.0270784
0.0300427
0.0328897
0.0355767
0.0380763
0.0403707
0.0424489
0.0442998
0.0459175
0.0472974
0.0484376
0.0493386
0.0500032
0.0504366
0.0506468
0.050645
0.0504454
0.050067
0.0495301
0.0488613
0.048083
0.047226
0.0463053
0.0453487
0.0443448
0.04332
0.0422088
0.0410769
0.0397862
0.0385515
0.0370833
0.0359269
0.0343635
0.0336228
0.031963
0.0107234
0.00732137
0.00548176
0.00477173
0.00499528
0.00595263
0.00685624
0.00715824
0.0066753
0.00618375
0.00611487
0.00664478
0.00749542
0.00853287
0.00965445
0.0108604
0.0121398
0.0134149
0.014516
0.0153298
0.0160346
0.0171261
0.0189541
0.0214297
0.0242718
0.0272501
0.0302143
0.0330783
0.0357927
0.038326
0.0406574
0.0427731
0.0446608
0.0463128
0.0477232
0.0488893
0.0498104
0.0504884
0.0509278
0.0511356
0.0511225
0.0509021
0.0504929
0.0499149
0.0491947
0.0483553
0.047428
0.0464296
0.0453897
0.0442999
0.0431887
0.041996
0.0407889
0.0394375
0.038153
0.0366579
0.0354791
0.0339224
0.0331655
0.0315412
0.0107191
0.00730718
0.00542804
0.00462422
0.00472857
0.00564364
0.00675724
0.00744677
0.00728798
0.00686072
0.00666631
0.00705246
0.00781689
0.00881755
0.0099336
0.0111572
0.0124758
0.0138165
0.0149965
0.0158693
0.0165737
0.0175969
0.0193181
0.0216939
0.024468
0.0274113
0.0303668
0.0332406
0.0359766
0.038539
0.0409037
0.0430541
0.0449763
0.0466607
0.0481005
0.0492914
0.050232
0.050923
0.0513681
0.0515736
0.0515492
0.051308
0.0508679
0.0502487
0.0494768
0.0485757
0.0475774
0.0465005
0.045376
0.0441989
0.0429997
0.041724
0.0404404
0.0390276
0.0376932
0.0361723
0.0349726
0.0334261
0.0326562
0.0310745
0.0107153
0.00729658
0.00538495
0.00449907
0.0044834
0.00531254
0.00655316
0.00759117
0.0078082
0.00754231
0.0072864
0.00753071
0.00819077
0.00913835
0.0102376
0.0114703
0.0128208
0.014219
0.015476
0.0164131
0.0171259
0.0180857
0.0196998
0.0219694
0.0246661
0.0275646
0.0305026
0.0333786
0.0361302
0.0387167
0.0411106
0.0432926
0.0452468
0.0469618
0.0484294
0.0496442
0.0506034
0.0513071
0.0517576
0.0519606
0.0519249
0.0516629
0.0511919
0.0505314
0.0497076
0.0487445
0.0476747
0.0465184
0.0453082
0.0440425
0.042754
0.0413937
0.0400324
0.0385578
0.0371735
0.0356282
0.0344091
0.0328763
0.0320967
0.0305642
0.0107121
0.00728887
0.00535081
0.0043941
0.00426296
0.00497642
0.00626517
0.00759039
0.00820597
0.00818876
0.00795254
0.00807863
0.00862319
0.00950127
0.010571
0.0118029
0.0131769
0.0146251
0.0159547
0.0169588
0.0176884
0.0185921
0.0201
0.0222584
0.0248686
0.0277126
0.030624
0.0334945
0.036255
0.0388604
0.0412794
0.0434895
0.0454729
0.0472165
0.0487103
0.0499477
0.0509248
0.0516405
0.0520962
0.0522965
0.0522496
0.0519669
0.051465
0.0507632
0.0498874
0.0488621
0.0477203
0.0464838
0.0451872
0.0438316
0.0424525
0.0410065
0.0395665
0.0380295
0.0365955
0.0350271
0.0337904
0.0322746
0.0314887
0.0300117
0.0107092
0.00728346
0.00532417
0.00430702
0.00406849
0.00464904
0.00591661
0.00745236
0.00845929
0.00876094
0.00863308
0.00868677
0.00911692
0.00991149
0.0109383
0.0121583
0.0135461
0.0150358
0.0164322
0.017505
0.0182596
0.0191152
0.0205196
0.0225624
0.0250779
0.0278578
0.0307334
0.0335902
0.036353
0.0389716
0.041411
0.0436457
0.0456554
0.0474252
0.0489434
0.0502022
0.0511962
0.0519233
0.0523839
0.0525814
0.0525231
0.0522197
0.0516871
0.0509441
0.0500163
0.0489285
0.0477144
0.0463974
0.0450134
0.0435672
0.0420963
0.0405636
0.039044
0.0374443
0.0359609
0.0343707
0.0331182
0.0316227
0.030834
0.0294184
0.0107068
0.0072799
0.00530375
0.00423556
0.00389973
0.00434061
0.0055309
0.00719292
0.00855541
0.00922323
0.00929067
0.00933614
0.00966929
0.0103722
0.0113432
0.0125395
0.0139306
0.0154519
0.0169085
0.01805
0.0188372
0.0196539
0.0209585
0.022883
0.0252962
0.0280025
0.0308331
0.0336678
0.0364257
0.0390517
0.0415067
0.043762
0.0457949
0.0475883
0.0491291
0.0504077
0.0514177
0.0521555
0.0526205
0.052815
0.0527454
0.0524214
0.0518582
0.0510741
0.0500943
0.0489441
0.0476575
0.0462595
0.0447877
0.0432499
0.0416863
0.040066
0.0384661
0.0368037
0.0352712
0.0336607
0.0323943
0.0309224
0.0301342
0.0287858
0.0107046
0.00727778
0.00528847
0.00417758
0.0037554
0.00405795
0.00512976
0.00683404
0.0084916
0.00954601
0.00988591
0.00999903
0.0102704
0.0108833
0.0117883
0.012949
0.0143322
0.0158744
0.017383
0.0185919
0.0194188
0.0202062
0.0214165
0.0232211
0.0255251
0.0281488
0.0309251
0.0337291
0.0364749
0.0391021
0.0415675
0.0438391
0.0458919
0.0477063
0.0492676
0.0505646
0.0515894
0.0523371
0.052806
0.0529974
0.0529164
0.0525719
0.0519783
0.0511532
0.0501216
0.048909
0.0475498
0.0460706
0.0445106
0.0428807
0.0412237
0.0395149
0.0378343
0.0361092
0.0345283
0.032899
0.0316205
0.0301755
0.0293913
0.0281153
0.0107027
0.00727679
0.00527741
0.00413112
0.00363361
0.00380491
0.00473181
0.00640163
0.00827518
0.00970757
0.0103806
0.0106412
0.0109022
0.0114394
0.0122737
0.0133883
0.014752
0.0163039
0.0178553
0.0191288
0.0200013
0.0207698
0.0218926
0.0235773
0.0257663
0.0282988
0.0310113
0.0337761
0.036502
0.0391239
0.0415944
0.043878
0.045947
0.0477797
0.0493592
0.0506728
0.0517112
0.052468
0.0529404
0.0531283
0.0530359
0.052671
0.0520472
0.0511813
0.0500983
0.0488234
0.0473917
0.0458312
0.0441827
0.0424602
0.0407092
0.0389117
0.03715
0.0353624
0.0337338
0.0320873
0.0307988
0.0293838
0.0286071
0.0274083
0.010701
0.00727668
0.00526978
0.0040944
0.00353208
0.00358291
0.0043518
0.00592307
0.0079228
0.00969576
0.0107406
0.0112249
0.0115389
0.0120291
0.0127958
0.0138569
0.0151905
0.0167406
0.0183246
0.0196584
0.0205814
0.0213413
0.0223849
0.0239513
0.0260208
0.0284539
0.0310935
0.0338103
0.0365085
0.0391184
0.0415883
0.0438793
0.0459608
0.0478086
0.0494041
0.0507325
0.0517831
0.0525482
0.0530235
0.0532077
0.0531038
0.0527187
0.0520648
0.0511586
0.0500242
0.0486874
0.0471834
0.0455417
0.0438045
0.0419893
0.040144
0.0382573
0.0364146
0.0345649
0.0328896
0.0312277
0.0299312
0.0285493
0.0277834
0.0266664
0.0106995
0.00727723
0.0052649
0.00406586
0.00344844
0.00339152
0.00400026
0.00542481
0.00745885
0.00950911
0.0109379
0.0117116
0.0121486
0.0126341
0.0133467
0.0143517
0.0156465
0.0171835
0.0187896
0.0201779
0.021155
0.0219167
0.0228908
0.0243422
0.0262888
0.0286154
0.0311732
0.0338331
0.0364957
0.0390866
0.0415501
0.0438436
0.0459336
0.0477935
0.0494023
0.0507437
0.0518052
0.0525776
0.0530551
0.0532353
0.05312
0.0527147
0.0520311
0.0510848
0.0498996
0.0485011
0.0469252
0.0452024
0.0433767
0.0414686
0.039529
0.0375532
0.0356295
0.0337186
0.0319976
0.0303221
0.0290197
0.0276741
0.0269223
0.0258913
0.0106983
0.00727828
0.00526224
0.00404413
0.00338034
0.00322905
0.00368374
0.00493033
0.00691304
0.00915717
0.0109535
0.0120654
0.0126951
0.0132292
0.0139127
0.0148663
0.0161166
0.0176307
0.0192481
0.0206842
0.0217173
0.022491
0.0234064
0.0247481
0.0265702
0.0287839
0.0312513
0.0338457
0.0364645
0.0390294
0.0414805
0.0437715
0.0458658
0.0477344
0.0493541
0.0507065
0.0517773
0.0525559
0.0530351
0.053211
0.0530841
0.0526588
0.0519458
0.0509599
0.0497242
0.0482646
0.0466171
0.0448137
0.0428997
0.040899
0.0388651
0.0368004
0.0347964
0.032825
0.0310598
0.0293726
0.0280667
0.0267602
0.0260258
0.0250844
0.0106971
0.0072797
0.0052613
0.00402801
0.00332558
0.00309302
0.00340531
0.00445868
0.00631763
0.00865997
0.0107785
0.0122551
0.013141
0.0137839
0.0144743
0.0153897
0.0165949
0.0180784
0.0196968
0.0211732
0.0222632
0.0230582
0.0239266
0.0251658
0.0268636
0.0289591
0.0313285
0.0338488
0.0364158
0.0389475
0.0413799
0.0436632
0.0457577
0.0476316
0.0492593
0.0506206
0.0516992
0.052483
0.0529632
0.0531344
0.0529959
0.0525509
0.0518087
0.0507837
0.0494982
0.0479779
0.0462594
0.0443758
0.042374
0.040281
0.0381533
0.0360002
0.0339167
0.0318861
0.0300784
0.0283816
0.0270745
0.0258098
0.0250961
0.0242476
0.0106961
0.00728137
0.00526171
0.00401649
0.00328213
0.00298056
0.00316526
0.00402376
0.00570436
0.00804644
0.0104155
0.0122571
0.0134503
0.0142638
0.0150064
0.0159062
0.017072
0.0185206
0.0201313
0.0216401
0.0227863
0.0236113
0.0244453
0.0255908
0.0271665
0.0291401
0.0314045
0.0338427
0.03635
0.0388411
0.0412486
0.043519
0.0456092
0.0474848
0.0491179
0.0504858
0.0515708
0.0523586
0.052839
0.0530053
0.0528551
0.0523905
0.0516197
0.050556
0.0492212
0.0476411
0.0458522
0.0438892
0.0418001
0.0396155
0.0373945
0.0351539
0.032992
0.0309039
0.0290555
0.0273514
0.0260455
0.0248255
0.0241355
0.0233828
0.0106952
0.00728321
0.00526314
0.00400868
0.00324817
0.00288868
0.00296189
0.00363425
0.00510172
0.00735178
0.00987951
0.0120574
0.0135908
0.014633
0.0154792
0.0163951
0.0175344
0.0189485
0.0205451
0.0220788
0.0232795
0.0241422
0.0249547
0.0260174
0.0274754
0.029325
0.0314786
0.0338272
0.0362669
0.0387104
0.0410867
0.0433387
0.0454203
0.047294
0.0489295
0.050302
0.0513915
0.0521823
0.0526623
0.0528232
0.0526614
0.0521774
0.0513784
0.0502766
0.0488933
0.047254
0.0453957
0.0433539
0.0411785
0.038903
0.0365898
0.0342628
0.032024
0.0298803
0.0279935
0.0262846
0.0249825
0.0238097
0.0231463
0.0224919
0.0106945
0.00728516
0.00526533
0.00400386
0.00322212
0.00281449
0.00279221
0.00329414
0.00453286
0.00661415
0.0091969
0.0116536
0.0135369
0.0148565
0.0158601
0.0168311
0.0179648
0.0193505
0.0209295
0.0224816
0.0237346
0.0246417
0.0254457
0.026438
0.0277851
0.0295106
0.031549
0.0338012
0.0361661
0.038555
0.0408938
0.0431221
0.0451905
0.0470587
0.0486937
0.0500685
0.051161
0.0519535
0.0524324
0.0525877
0.0524142
0.0519111
0.0510843
0.0499452
0.0485141
0.0468166
0.0448897
0.0427703
0.0405095
0.0381443
0.0357401
0.0333283
0.0310146
0.0288176
0.0268949
0.0251839
0.0238881
0.022765
0.0221313
0.021577
0.0106938
0.00728717
0.00526808
0.00400139
0.00320259
0.00275531
0.00265255
0.0030036
0.00401439
0.00587088
0.00840369
0.0110563
0.0132723
0.014903
0.0161148
0.0171853
0.0183414
0.0197111
0.0212735
0.0228394
0.0241421
0.0250994
0.0259078
0.0268434
0.0280882
0.0296922
0.0316126
0.0337629
0.0360464
0.0383739
0.0406691
0.0428684
0.0449192
0.0467783
0.0484099
0.0497847
0.0508785
0.0516717
0.0521487
0.0522981
0.052113
0.0515912
0.0507372
0.0495614
0.0480835
0.0463287
0.0443344
0.0421384
0.0397935
0.03734
0.0348463
0.0323517
0.0299655
0.0277181
0.0257626
0.0240522
0.0227656
0.0216945
0.0210931
0.0206403
0.0106932
0.00728919
0.0052712
0.00400076
0.00318838
0.00270871
0.00253902
0.00276007
0.00355616
0.005155
0.00754235
0.0102892
0.0127916
0.014747
0.0162106
0.0174266
0.0186392
0.0200116
0.0215632
0.0231408
0.0244912
0.0255035
0.026329
0.0272227
0.0283763
0.0298636
0.0316654
0.0337095
0.0359056
0.0381656
0.0404114
0.0425765
0.0446054
0.0464518
0.0480772
0.0494498
0.0505433
0.0513361
0.0518107
0.0519538
0.0517571
0.0512169
0.0503364
0.0491248
0.047601
0.0457902
0.0437296
0.0414586
0.039031
0.0364908
0.0339097
0.0313346
0.0288788
0.0265841
0.0245993
0.0228927
0.0216181
0.0206013
0.0200347
0.0196844
0.0106927
0.0072912
0.00527458
0.00400155
0.00317846
0.00267255
0.00244779
0.00255926
0.00316191
0.00449255
0.00665768
0.0093881
0.0121031
0.0143719
0.0161179
0.0175231
0.0188303
0.0202302
0.021782
0.0233726
0.0247694
0.0258411
0.0266959
0.0275634
0.0286387
0.0300169
0.0317017
0.0336371
0.035741
0.037928
0.0401189
0.0422451
0.0442478
0.046078
0.0476944
0.0490628
0.0501545
0.0509457
0.0514172
0.051554
0.0513459
0.0507877
0.0498813
0.0486348
0.0470664
0.0452007
0.0430753
0.0407307
0.0382223
0.0355973
0.0329311
0.0302784
0.0277565
0.0254186
0.0234082
0.0217089
0.0204493
0.0194886
0.0189595
0.0187118
0.0106922
0.00729318
0.0052781
0.0040034
0.00317199
0.00264498
0.00237533
0.00239602
0.00283052
0.00390105
0.00579221
0.00839856
0.011229
0.0137722
0.0158132
0.0174447
0.0188854
0.0203422
0.0219105
0.023519
0.0249628
0.0260982
0.0269939
0.0278514
0.0288632
0.0301423
0.0317141
0.0335401
0.0355486
0.037658
0.0397893
0.0418719
0.0438446
0.0456553
0.0472602
0.0486223
0.0497107
0.0504995
0.0509674
0.0510977
0.0508784
0.0503029
0.0493714
0.048091
0.0464791
0.04456
0.0423715
0.0399551
0.0373677
0.0346603
0.0319118
0.0291849
0.026601
0.0242242
0.0221929
0.0205045
0.0192631
0.0183603
0.0178708
0.0177255
0.0106918
0.0072951
0.00528169
0.00400603
0.00316823
0.00262439
0.00231845
0.00226498
0.00255748
0.00338942
0.00498186
0.0073714
0.0102057
0.012956
0.0152819
0.0171651
0.0187758
0.0203216
0.021927
0.0235626
0.025056
0.0262594
0.0272071
0.0280708
0.0290358
0.0302281
0.0316936
0.033412
0.0353233
0.0373515
0.0394192
0.0414543
0.0433934
0.0451818
0.0467727
0.0481267
0.0492105
0.0499961
0.0504601
0.0505838
0.0503537
0.0497614
0.0488057
0.0474927
0.0458387
0.0438677
0.0416178
0.0391317
0.0364677
0.0336805
0.0308529
0.0280559
0.0254147
0.0230043
0.020957
0.0192835
0.0180636
0.0172203
0.0167727
0.0167288
0.0106915
0.00729696
0.00528528
0.00400922
0.00316659
0.00260945
0.00227439
0.002161
0.00233631
0.00295902
0.00425289
0.00635755
0.00908145
0.0119462
0.0145207
0.0166643
0.0184749
0.0201417
0.0218083
0.023484
0.0250318
0.0263081
0.0273185
0.0282048
0.0291407
0.030261
0.0316295
0.0332443
0.0350586
0.0370037
0.0390046
0.0409891
0.0428916
0.044655
0.0462299
0.0475742
0.0486524
0.049434
0.0498938
0.0500111
0.0497706
0.0491623
0.0481836
0.0468391
0.0451445
0.0431235
0.0408142
0.0382605
0.0355225
0.0326587
0.0297557
0.0268933
0.0242004
0.0217621
0.0197046
0.0180505
0.0168557
0.0160731
0.0156693
0.015725
0.0106912
0.00729874
0.00528882
0.00401279
0.00316658
0.00259902
0.00224077
0.00207942
0.00215973
0.00260553
0.00362049
0.00540234
0.00791253
0.0107814
0.0135401
0.0159315
0.0179606
0.0197774
0.0215308
0.0232624
0.0248722
0.026227
0.0273105
0.0282354
0.0291608
0.0302257
0.0315092
0.033027
0.0347467
0.0366084
0.0385407
0.0404721
0.0423357
0.044072
0.0456291
0.0469626
0.0480342
0.0488114
0.049267
0.0493782
0.0491279
0.0485045
0.0475039
0.0461295
0.044396
0.0423269
0.0399604
0.0373417
0.0345327
0.0315957
0.0286217
0.0256992
0.022961
0.0205016
0.0184403
0.0168103
0.0156444
0.0149236
0.0145653
0.0147183
0.0106909
0.00730045
0.00529228
0.00401659
0.00316779
0.00259214
0.00221555
0.00201612
0.00202053
0.00232105
0.00308932
0.00454065
0.00675734
0.00951363
0.0123664
0.0149679
0.0172181
0.0192069
0.0210716
0.022877
0.0245583
0.0259982
0.0271646
0.0281438
0.029078
0.0301058
0.0313186
0.0327487
0.0343785
0.0361581
0.0380215
0.0398985
0.0417216
0.0434293
0.0449675
0.0462891
0.0473537
0.0481264
0.0485778
0.0486835
0.0484242
0.0477868
0.0467656
0.0453629
0.0435924
0.0414773
0.0390561
0.0363753
0.0334985
0.0304923
0.0274525
0.024476
0.0216998
0.019227
0.0171692
0.0155686
0.0144354
0.0137771
0.013466
0.0137129
0.0106906
0.00730208
0.00529564
0.00402051
0.00316991
0.00258805
0.00219707
0.00196762
0.00191203
0.00209594
0.00265552
0.00379399
0.00566953
0.00820474
0.0110426
0.0137894
0.0162427
0.0184139
0.0204104
0.0223076
0.0240712
0.0256034
0.0268624
0.0279109
0.0288733
0.0298833
0.0310418
0.0323961
0.0339432
0.0356444
0.0374401
0.0392626
0.0410445
0.042723
0.0442415
0.0455509
0.0466083
0.0473766
0.0478244
0.0479251
0.0476579
0.0470078
0.0459676
0.0445384
0.042733
0.0405744
0.0381012
0.0353614
0.0324205
0.0293497
0.0262496
0.0232263
0.0204205
0.0179428
0.0158966
0.0143312
0.0132351
0.0126399
0.0123773
0.0127139
0.0106904
0.00730363
0.00529888
0.00402449
0.00317269
0.0025861
0.00218391
0.00193095
0.00182839
0.00192033
0.00230957
0.00317018
0.00469149
0.00692008
0.00962609
0.0124283
0.0150425
0.0173907
0.0195316
0.021536
0.0233932
0.0250251
0.0263859
0.0275176
0.0285273
0.0295398
0.0306623
0.0319548
0.0334289
0.0350574
0.0367884
0.0385578
0.0402991
0.0419483
0.0434473
0.0447446
0.045795
0.0465595
0.0470044
0.0471012
0.0468274
0.046166
0.0451086
0.043655
0.041817
0.0396175
0.0370954
0.0343001
0.0312993
0.028169
0.0250151
0.021953
0.0191271
0.0166543
0.0146289
0.013105
0.0120507
0.0115185
0.0113057
0.0117268
0.0106902
0.00730509
0.00530198
0.00402844
0.00317591
0.00258578
0.00217492
0.00190367
0.00176461
0.00178501
0.00203904
0.00266544
0.00384978
0.00572028
0.00818545
0.0109346
0.0136414
0.0161407
0.0184265
0.0205485
0.0225086
0.0242471
0.0257177
0.0269457
0.0280209
0.0290564
0.0301623
0.0314093
0.0328223
0.0343861
0.0360573
0.0377766
0.0394789
0.0411
0.0425803
0.0438662
0.0449106
0.0456722
0.0461153
0.0462096
0.0459306
0.0452599
0.0441873
0.0427115
0.0408436
0.0386061
0.0360384
0.0331915
0.0301355
0.0269514
0.0237512
0.0206595
0.0178241
0.0153671
0.0133727
0.0118974
0.0108899
0.0104207
0.0102587
0.0107579
0.0106901
0.00730647
0.00530494
0.00403232
0.00317942
0.00258669
0.00216918
0.00188379
0.00171655
0.00168188
0.00183087
0.00226796
0.00315401
0.00465313
0.00679251
0.00937347
0.012081
0.0146818
0.0170966
0.0193375
0.0214061
0.023256
0.0248429
0.0261781
0.0273357
0.0284143
0.029524
0.0307433
0.0321093
0.0336186
0.035237
0.0369107
0.0385771
0.0401723
0.0416356
0.0429117
0.0439515
0.0447116
0.0451545
0.045248
0.0449657
0.0442876
0.0432022
0.0417069
0.0398118
0.0375396
0.03493
0.0320359
0.0289298
0.0256986
0.0224604
0.0193495
0.0165167
0.0140878
0.0121357
0.0107167
0.00976168
0.00935497
0.00924488
0.00981446
0.0106899
0.00730777
0.00530775
0.0040361
0.00318311
0.00258849
0.00216592
0.00186968
0.00168082
0.00160411
0.00167281
0.00196184
0.00259898
0.00374758
0.00551307
0.00782084
0.0104207
0.0130488
0.0155564
0.0179045
0.0200799
0.0220424
0.0237492
0.0252002
0.0264549
0.0275959
0.0287298
0.0299405
0.0312753
0.0327422
0.0343166
0.035951
0.0375861
0.0391588
0.0406077
0.0418763
0.0429136
0.0436743
0.0441191
0.0442138
0.0439304
0.0432475
0.0421518
0.0406398
0.0387209
0.0364176
0.0337702
0.0308336
0.0276834
0.0244123
0.0211456
0.0180272
0.0152106
0.0128235
0.0109264
0.00957223
0.00867592
0.00833109
0.0082738
0.00890495
0.0106898
0.00730899
0.00531041
0.00403975
0.00318687
0.00259093
0.00216455
0.00186002
0.00165468
0.0015461
0.00155417
0.00173025
0.00216936
0.00301206
0.00439702
0.00635437
0.00873561
0.0112956
0.0138366
0.016263
0.0185331
0.020603
0.022429
0.0240009
0.0253639
0.0265849
0.027763
0.0289847
0.0303054
0.0317439
0.033285
0.034888
0.0364977
0.0380525
0.0394909
0.0407552
0.0417927
0.0425567
0.0430058
0.0431044
0.0428226
0.0421375
0.0410346
0.0395091
0.0375699
0.0352394
0.0325588
0.0295851
0.0263973
0.0230947
0.0198101
0.0166975
0.0139124
0.0115821
0.009754
0.00847425
0.00764375
0.0073601
0.00735664
0.00804182
0.0106897
0.00731013
0.00531293
0.00404326
0.00319064
0.0025938
0.00216458
0.00185377
0.00163593
0.00150336
0.00146607
0.00155758
0.00184482
0.0024373
0.00347134
0.00504202
0.00710933
0.00949414
0.0119865
0.0144417
0.01678
0.0189429
0.020881
0.0225739
0.0240514
0.0253681
0.026609
0.0278609
0.0291855
0.0306107
0.0321306
0.0337118
0.0353035
0.0368463
0.0382789
0.0395429
0.0405843
0.0413548
0.0418115
0.0419169
0.0416398
0.0409558
0.0398489
0.0383136
0.036358
0.0340048
0.0312961
0.0282912
0.025073
0.0217482
0.0184579
0.0153659
0.0126292
0.0103725
0.00862879
0.00743411
0.0066776
0.00645464
0.00650626
0.00723628
0.0106896
0.00731119
0.00531529
0.0040466
0.00319435
0.00259696
0.00216566
0.00185011
0.00162283
0.00147228
0.00140133
0.00143038
0.00160437
0.00200249
0.00273874
0.00393063
0.00562302
0.00773006
0.010075
0.0124876
0.0148495
0.0170784
0.0191127
0.0209195
0.0225114
0.023936
0.0252558
0.0265561
0.0279024
0.0293303
0.0308423
0.0324124
0.0339948
0.0355325
0.0369653
0.038234
0.0392837
0.0400647
0.0405326
0.0406485
0.0403797
0.0397003
0.0385933
0.0370522
0.0350845
0.0327135
0.0299821
0.0269526
0.0237123
0.0203758
0.0170935
0.0140388
0.0113692
0.00920448
0.00756194
0.00646425
0.00579131
0.0056292
0.00573764
0.0065016
0.0106895
0.00731218
0.00531751
0.00404977
0.00319797
0.00260029
0.00216747
0.00184838
0.00161403
0.00145008
0.00135429
0.00133767
0.00142891
0.00168196
0.00218226
0.00303884
0.0043413
0.00609312
0.0081883
0.0104681
0.0127887
0.0150402
0.0171426
0.0190474
0.0207488
0.0222848
0.0236955
0.0250602
0.0264453
0.0278917
0.0294097
0.0309805
0.0325632
0.034104
0.0355436
0.0368229
0.0378862
0.0386824
0.0391658
0.0392963
0.0390398
0.0383691
0.0372662
0.0357237
0.0337488
0.0313652
0.0286174
0.0255707
0.0223174
0.0189812
0.0157222
0.0127234
0.0101416
0.00808859
0.00656547
0.0055781
0.00500002
0.00490028
0.00506815
0.00585341
0.0106894
0.0073131
0.00531958
0.00405278
0.00320147
0.00260368
0.00216981
0.0018481
0.00160846
0.00143456
0.00132054
0.00127081
0.00130246
0.00145037
0.00177358
0.00235786
0.00329998
0.00466224
0.00642153
0.00846965
0.0106648
0.0128768
0.015004
0.0169787
0.018775
0.0204178
0.0219258
0.0233674
0.0248061
0.0262863
0.0278242
0.0294076
0.031001
0.0325537
0.0340077
0.0353043
0.0363869
0.0372037
0.0377076
0.0378574
0.0376177
0.0369603
0.0358661
0.0343271
0.0323503
0.0299602
0.0272027
0.0241469
0.020891
0.0175685
0.0143502
0.011428
0.00895635
0.00703632
0.00565197
0.0047897
0.00431974
0.00428623
0.00451736
0.00530987
0.0106893
0.00731395
0.00532151
0.00405561
0.00320483
0.00260707
0.00217248
0.00184886
0.0016053
0.00142405
0.0012967
0.00122311
0.00121232
0.00128561
0.00148121
0.00185938
0.00250119
0.00348914
0.00486454
0.00659148
0.00856584
0.0106575
0.0127481
0.0147494
0.0166134
0.0183474
0.0199518
0.0214774
0.0229814
0.0245084
0.0260792
0.0276871
0.0293017
0.0308754
0.032352
0.0336731
0.0347816
0.0356248
0.0361548
0.0363291
0.0361113
0.0354722
0.0343919
0.0328618
0.030889
0.0284987
0.0257391
0.0226834
0.0194365
0.0161428
0.0129847
0.010162
0.00782458
0.00605972
0.0048342
0.00411296
0.0037659
0.0038057
0.00410524
0.00489064
0.0106893
0.00731473
0.00532331
0.00405826
0.00320803
0.0026104
0.00217536
0.00185036
0.00160392
0.00141726
0.00128021
0.00118949
0.00114871
0.00116984
0.00127617
0.00150655
0.00191898
0.00258765
0.00358256
0.004932
0.00659516
0.00847314
0.0104475
0.0124142
0.0143033
0.0160971
0.0177886
0.019398
0.0209736
0.0225573
0.0241718
0.025815
0.0274605
0.0290644
0.0305719
0.031925
0.0330663
0.0339424
0.0345045
0.034709
0.0345186
0.0339034
0.0328425
0.0313272
0.0293648
0.0269816
0.0242282
0.0211828
0.017958
0.0147103
0.0116342
0.00893575
0.00675809
0.00517105
0.00412424
0.00356011
0.00335049
0.00347357
0.0038471
0.0046135
0.0106892
0.00731545
0.00532497
0.00406074
0.00321106
0.00261364
0.00217834
0.00185237
0.00160382
0.00141321
0.00126912
0.00116616
0.0011043
0.00108935
0.00113451
0.00126302
0.00151194
0.0019352
0.00259997
0.00356733
0.00485843
0.00643193
0.00819722
0.0100498
0.0119029
0.0137106
0.0154648
0.017147
0.018793
0.020438
0.0221038
0.0237906
0.0254758
0.027118
0.0286643
0.0300568
0.0312381
0.0321538
0.0327542
0.032995
0.0328381
0.0322526
0.0312174
0.0297234
0.0277783
0.02541
0.0226721
0.0196484
0.0164605
0.0132782
0.0103084
0.00776107
0.00576926
0.00438219
0.00353231
0.0031392
0.00307797
0.00329459
0.00374632
0.00448798
0.0106891
0.00731611
0.00532651
0.00406306
0.00321392
0.00261676
0.00218135
0.00185471
0.00160465
0.00141116
0.00126198
0.0011503
0.00107368
0.00103396
0.00103776
0.00109799
0.00123618
0.00148617
0.00189708
0.00253011
0.00344043
0.00464638
0.00611128
0.00775657
0.00949385
0.0112569
0.0130263
0.0147557
0.0164605
0.0181639
0.0198831
0.0216183
0.0233492
0.0250364
0.0266282
0.0280672
0.0292952
0.0302571
0.0309024
0.031186
0.0310688
0.0305195
0.0295164
0.0280507
0.0261305
0.0237858
0.0210737
0.0180845
0.0149502
0.0118553
0.00901847
0.00665064
0.00487059
0.00370376
0.00306503
0.00285149
0.00294252
0.00325936
0.00379021
0.00450909
0.0106891
0.0073167
0.00532792
0.0040652
0.0032166
0.00261974
0.00218431
0.00185725
0.00160611
0.00141054
0.00125771
0.00113982
0.00105291
0.000996238
0.000972357
0.00098763
0.00105348
0.00118875
0.00142331
0.00180141
0.00237912
0.00320809
0.00430894
0.00565488
0.00718228
0.00882127
0.0105385
0.0122724
0.0140104
0.0157589
0.0175261
0.0193091
0.0210876
0.0228236
0.0244659
0.0259568
0.0272376
0.0282521
0.0289488
0.0292814
0.0292105
0.0287041
0.0277402
0.0263102
0.0244232
0.0221117
0.0194368
0.0164965
0.0134349
0.010452
0.00777727
0.00561799
0.004074
0.00314385
0.00272384
0.00269051
0.00292974
0.00334746
0.00395434
0.00465716
0.0106891
0.00731724
0.00532921
0.00406719
0.0032191
0.00262255
0.0021872
0.00185988
0.001608
0.00141095
0.00125549
0.00113322
0.00103913
0.000970897
0.000928566
0.000914579
0.000934241
0.000996888
0.00111819
0.00132378
0.0016528
0.00215668
0.00288664
0.00387054
0.00509553
0.00651574
0.00808984
0.00976671
0.0114949
0.013261
0.01506
0.0168822
0.0187048
0.020489
0.0221835
0.0237299
0.025068
0.0261405
0.0268943
0.0272824
0.0272643
0.0268076
0.0258902
0.0245039
0.0226592
0.0203911
0.0177661
0.0148912
0.0119239
0.00908049
0.00659904
0.00467691
0.00338992
0.00270677
0.00250433
0.00264405
0.0030216
0.00353527
0.00421142
0.00490454
0.010689
0.00731772
0.00533039
0.00406902
0.00322143
0.00262521
0.00218998
0.00186252
0.00161015
0.00141206
0.00125474
0.00112937
0.00103029
0.000954182
0.000899584
0.000866657
0.000857223
0.000875182
0.000927599
0.00102686
0.00119407
0.00146299
0.00188123
0.00250235
0.00336515
0.00447427
0.00580644
0.00733721
0.00898887
0.0107261
0.0125263
0.0143682
0.0162228
0.0180486
0.0197926
0.0213945
0.0227922
0.0239264
0.0247423
0.0251915
0.0252326
0.0248325
0.0239692
0.022635
0.020842
0.018629
0.0160681
0.013277
0.0104286
0.00775528
0.00549934
0.0038408
0.00282622
0.00239201
0.00239748
0.00269784
0.00320098
0.00380155
0.00453737
0.00522341
0.010689
0.00731814
0.00533145
0.0040707
0.00322358
0.00262769
0.00219262
0.00186513
0.00161244
0.00141363
0.00125501
0.00112746
0.00102492
0.000943453
0.000880702
0.000835534
0.000807873
0.000798736
0.000810614
0.000848412
0.000921277
0.00104568
0.00124999
0.0015786
0.0020887
0.00283259
0.00383603
0.00511092
0.00659435
0.00823326
0.00998469
0.0118117
0.0136751
0.0155274
0.0173115
0.0189641
0.0204202
0.0216174
0.0224986
0.0230136
0.0231195
0.0227828
0.0219811
0.0207079
0.0189771
0.0168316
0.0143509
0.0116647
0.00896298
0.00649297
0.00449448
0.0031216
0.00238699
0.00219425
0.00239195
0.00283844
0.00345329
0.00412881
0.00491267
0.00559006
0.010689
0.00731851
0.00533241
0.00407223
0.00322556
0.00263
0.00219512
0.00186765
0.00161477
0.00141549
0.00125596
0.0011269
0.00102197
0.000936858
0.000868687
0.000815599
0.000776519
0.000751026
0.000739401
0.00074294
0.000764667
0.000810761
0.000893364
0.00103561
0.00127823
0.00168172
0.00231315
0.00323454
0.00444233
0.00588904
0.00751834
0.00927629
0.0111097
0.0129615
0.0147676
0.0164596
0.0179677
0.0192256
0.0201728
0.0207564
0.0209319
0.0206646
0.0199323
0.018729
0.0170715
0.0150074
0.0126249
0.0100677
0.00754404
0.00531233
0.00360072
0.00252866
0.00207169
0.00210463
0.00247638
0.00305419
0.00376603
0.00450238
0.00532145
0.00598556
0.0106889
0.00731883
0.00533326
0.00407361
0.00322738
0.00263213
0.00219745
0.00187006
0.00161709
0.0014175
0.00125736
0.00112725
0.00102068
0.000933101
0.000861324
0.0008031
0.000756843
0.000721446
0.000696211
0.000680888
0.000675891
0.000682785
0.000705378
0.000752112
0.000840939
0.00100768
0.00131396
0.00184639
0.00268483
0.00382989
0.00523866
0.00684913
0.00859375
0.010402
0.0121999
0.0139105
0.0154575
0.0167688
0.017779
0.0184317
0.0186797
0.018487
0.0178311
0.0167071
0.0151347
0.0131673
0.0109034
0.00850292
0.00619199
0.00423375
0.00283296
0.00206737
0.00187497
0.00211268
0.00264053
0.00333488
0.00412777
0.00490918
0.00575026
0.00639491
0.0106889
0.00731909
0.00533401
0.00407486
0.00322904
0.0026341
0.00219963
0.00187234
0.00161935
0.00141957
0.00125902
0.00112821
0.00102052
0.00093127
0.000857096
0.000795534
0.000744741
0.000703304
0.000670122
0.00064436
0.000625473
0.000613341
0.0006086
0.000613422
0.000633301
0.000681216
0.000786525
0.00100899
0.00145716
0.00220992
0.00328593
0.00464565
0.00621787
0.00791922
0.00966217
0.0113584
0.0129218
0.014272
0.0153372
0.0160557
0.0163769
0.0162625
0.0156893
0.0146538
0.0131791
0.0113255
0.00920375
0.00699136
0.00493051
0.00327817
0.00220326
0.00173792
0.00178773
0.002208
0.00287536
0.00367088
0.00452733
0.005337
0.00618724
0.00680597
0.0106889
0.00731931
0.00533466
0.00407597
0.00323054
0.0026359
0.00220163
0.00187447
0.00162151
0.00142163
0.00126083
0.00112954
0.0010211
0.000930729
0.000854964
0.000791226
0.000737552
0.000692397
0.000654513
0.000622876
0.00059665
0.000575208
0.000558215
0.000545842
0.000539257
0.000541793
0.000562044
0.000622042
0.000783898
0.00114811
0.00181149
0.00280845
0.00410104
0.00560729
0.00722785
0.00886003
0.0104046
0.01177
0.0128752
0.0136513
0.0140427
0.014008
0.0135229
0.012585
0.0112213
0.00950073
0.00754796
0.00555911
0.00378629
0.00246529
0.00171901
0.00153458
0.00179888
0.00238118
0.00317259
0.00405244
0.00495336
0.00577417
0.00662177
0.00720871
0.0106889
0.00731947
0.00533521
0.00407696
0.00323189
0.00263753
0.00220348
0.00187645
0.00162354
0.00142363
0.00126268
0.00113109
0.00102215
0.000931029
0.000854212
0.000789057
0.000733543
0.000686077
0.000645369
0.000610353
0.000580136
0.000553983
0.000531325
0.000511814
0.000495441
0.000482801
0.000475774
0.000479547
0.000512654
0.000624873
0.000912003
0.00148279
0.00238682
0.00358816
0.00499446
0.00649201
0.00796601
0.00931012
0.0104308
0.0112495
0.0117034
0.0117467
0.0113532
0.0105214
0.00928327
0.00771741
0.00596453
0.00423782
0.00278753
0.00181117
0.00138083
0.00144643
0.00189716
0.002624
0.00352398
0.00446913
0.00539423
0.00620957
0.00704261
0.00759467
0.0106888
0.00731958
0.00533566
0.00407781
0.00323309
0.00263901
0.00220516
0.00187827
0.00162544
0.00142554
0.00126451
0.00113273
0.00102347
0.000931858
0.00085435
0.000788274
0.000731581
0.000682666
0.000640236
0.00060323
0.00057077
0.000542121
0.000516689
0.00049402
0.000473825
0.000456031
0.000440911
0.00042944
0.000425506
0.000441733
0.000516197
0.000734518
0.00120985
0.00200476
0.00308675
0.00435553
0.00568626
0.006956
0.00805526
0.00889228
0.00939448
0.00950973
0.00920882
0.00849116
0.00739413
0.00600786
0.00448992
0.00306429
0.00196095
0.00132518
0.00118087
0.00145948
0.00207243
0.00292905
0.00392072
0.00490975
0.00583827
0.00663279
0.00744061
0.00795693
0.0106888
0.00731965
0.00533602
0.00407854
0.00323415
0.00264032
0.00220667
0.00187993
0.0016272
0.00142733
0.00126627
0.00113439
0.00102492
0.000932998
0.000855041
0.000788367
0.000730919
0.000681089
0.000637594
0.000599392
0.000565627
0.000535593
0.00050871
0.000484516
0.000462662
0.000442915
0.000425172
0.00040952
0.000396692
0.00038903
0.000394689
0.000441201
0.000599303
0.000977113
0.00164577
0.0025784
0.00367121
0.00479305
0.00581747
0.00663624
0.00716375
0.00733904
0.00712848
0.00653198
0.00559317
0.00441496
0.00316966
0.00207784
0.00132723
0.00100618
0.00110323
0.00155932
0.00231627
0.0032891
0.00435293
0.0053624
0.006274
0.00703425
0.00780922
0.00828992
0.0106888
0.00731966
0.00533629
0.00407915
0.00323506
0.00264149
0.00220803
0.00188144
0.00162881
0.001429
0.00126794
0.00113601
0.00102642
0.000934299
0.000856054
0.000788996
0.000731064
0.000680654
0.000636494
0.000597558
0.000563012
0.000532173
0.000504481
0.000479482
0.000456817
0.000436208
0.000417457
0.000400445
0.000385245
0.000372214
0.000362682
0.000361711
0.00038771
0.000493686
0.000772981
0.00129883
0.00205272
0.00293358
0.00381019
0.00455829
0.00507643
0.005292
0.00516512
0.00469558
0.00393388
0.00299508
0.00205722
0.00131402
0.000894741
0.00083901
0.00112745
0.00173345
0.00262182
0.00369641
0.00480954
0.00581482
0.0066905
0.00740545
0.00814246
0.00858917
0.0106888
0.00731962
0.00533646
0.00407963
0.00323584
0.00264251
0.00220924
0.00188279
0.00163027
0.00143053
0.0012695
0.00113755
0.0010279
0.000935658
0.000857233
0.000789931
0.00073169
0.000680912
0.000636331
0.000596938
0.000561912
0.000530587
0.000502418
0.000476959
0.000453849
0.0004328
0.00041358
0.000396014
0.000380012
0.000365545
0.000352753
0.000342349
0.000337226
0.000348395
0.000410544
0.000593791
0.000964613
0.00151522
0.00215564
0.00276282
0.00322229
0.00344814
0.00339242
0.00305392
0.00248903
0.00181879
0.0012065
0.000793627
0.000651463
0.000796028
0.00123329
0.00197251
0.00298326
0.00414208
0.00527836
0.00625476
0.0070777
0.00773719
0.00843518
0.0088511
0.0106888
0.00731952
0.00533654
0.00408
0.00323648
0.00264338
0.00221029
0.00188399
0.00163157
0.00143191
0.00127093
0.00113899
0.00102931
0.000937006
0.000858473
0.000791018
0.000732583
0.00068157
0.000636724
0.00059704
0.000561713
0.000530085
0.00050162
0.000475879
0.000452503
0.000431196
0.000411718
0.000393873
0.00037752
0.000362543
0.000348871
0.000336527
0.000325835
0.00031824
0.000319345
0.000347704
0.000445679
0.000662024
0.000998476
0.00138689
0.00172447
0.00191873
0.00191403
0.00170646
0.00135248
0.000961372
0.000652983
0.000507191
0.000561076
0.000845141
0.00140491
0.00227062
0.00339478
0.00461564
0.0057464
0.00667044
0.00742667
0.00802396
0.00868346
0.00907308
0.0106888
0.00731938
0.00533652
0.00408025
0.00323699
0.0026441
0.0022112
0.00188504
0.00163273
0.00143315
0.00127222
0.00114031
0.00103064
0.000938298
0.000859704
0.000792158
0.000733601
0.000682441
0.000637424
0.000597556
0.000562035
0.000530212
0.000501557
0.000475634
0.000452084
0.000430612
0.000410972
0.000392959
0.000376414
0.000361198
0.000347196
0.000334321
0.000322534
0.000311933
0.000303098
0.000298299
0.000304915
0.000340798
0.000429644
0.000574371
0.00073605
0.000850635
0.000867033
0.000776512
0.000620079
0.000467831
0.000381691
0.000402831
0.000573945
0.000959458
0.00163308
0.00262447
0.00384952
0.00510495
0.00620034
0.00705097
0.00772973
0.00826162
0.00888445
0.00925325
0.0106888
0.00731918
0.00533642
0.00408038
0.00323737
0.00264469
0.00221196
0.00188594
0.00163374
0.00143424
0.00127338
0.00114151
0.00103185
0.000939504
0.000860882
0.000793284
0.000734654
0.000683401
0.000638277
0.000598289
0.000562642
0.000530691
0.000501908
0.000475862
0.000452194
0.000430607
0.000410855
0.000392729
0.000376061
0.000360705
0.000346537
0.000333451
0.000321357
0.000310187
0.000299927
0.000290731
0.000283257
0.000279466
0.000283606
0.000300832
0.000329871
0.000356695
0.000362492
0.000341202
0.000307076
0.000285528
0.000304828
0.00040422
0.000647702
0.00112341
0.00191507
0.00303174
0.00433859
0.00559638
0.00662709
0.00738665
0.00798061
0.0084469
0.00903622
0.0093905
0.0106888
0.00731892
0.00533621
0.0040804
0.00323761
0.00264514
0.00221258
0.00188669
0.00163461
0.00143519
0.0012744
0.00114257
0.00103294
0.000940607
0.000861977
0.000794353
0.000735682
0.000684373
0.00063918
0.000599116
0.000563385
0.000531348
0.000502478
0.000476346
0.000452593
0.000430924
0.000411089
0.00039288
0.000376126
0.000360676
0.000346406
0.000333206
0.000320979
0.00030964
0.000299115
0.000289345
0.000280323
0.000272144
0.000265095
0.000259614
0.000255822
0.000252772
0.000248801
0.000243982
0.000242892
0.00025716
0.000311346
0.000453051
0.000760305
0.00133331
0.00225249
0.00348903
0.00485051
0.00607531
0.00701433
0.00766925
0.0081745
0.00857759
0.00913774
0.00948439
0.0106888
0.0073186
0.00533591
0.0040803
0.00323773
0.00264545
0.00221305
0.0018873
0.00163533
0.001436
0.00127528
0.0011435
0.00103391
0.000941595
0.000862971
0.00079534
0.000736648
0.000685307
0.000640073
0.000599959
0.000564173
0.000532077
0.000503147
0.000476952
0.000453138
0.000431406
0.000411509
0.000393238
0.000376418
0.000360901
0.00034656
0.000333286
0.000320982
0.000309563
0.000298949
0.000289069
0.000279858
0.000271266
0.000263263
0.000255847
0.000249031
0.000242882
0.000237797
0.000235418
0.000240811
0.000267096
0.00034386
0.000527845
0.000908554
0.00159357
0.00264802
0.00398999
0.00537117
0.00652684
0.00735099
0.00789213
0.00830802
0.00865254
0.00918881
0.00953505
0.0106888
0.00731821
0.00533552
0.00408008
0.00323771
0.00264562
0.00221339
0.00188777
0.00163591
0.00143667
0.00127602
0.0011443
0.00103475
0.000942463
0.000863855
0.000796228
0.00073753
0.000686173
0.000640915
0.00060077
0.000564949
0.000532812
0.000503839
0.0004776
0.000453739
0.000431961
0.000412015
0.000393696
0.000376826
0.000361257
0.000346864
0.000333537
0.000321182
0.000309712
0.000299052
0.000289129
0.000279878
0.00027124
0.000263168
0.000255639
0.00024869
0.000242551
0.000238049
0.000237755
0.000248698
0.000288032
0.000392519
0.00062925
0.00109908
0.00191176
0.0031023
0.00452423
0.00588438
0.00693652
0.00762758
0.00805034
0.00837923
0.0086717
0.00918998
0.00954315
0.0106888
0.00731777
0.00533502
0.00407973
0.00323756
0.00264566
0.00221359
0.0018881
0.00163635
0.0014372
0.00127662
0.00114497
0.00103546
0.000943208
0.000864623
0.000797009
0.000738315
0.000686953
0.000641684
0.000601521
0.000565676
0.000533513
0.00050451
0.000478238
0.000454343
0.000432529
0.000412547
0.000394189
0.000377281
0.000361673
0.000347241
0.000333875
0.000321483
0.000309978
0.000299287
0.000289339
0.00028007
0.000271424
0.000263358
0.000255865
0.000249044
0.000243312
0.000240029
0.000243047
0.000262179
0.000319883
0.000461446
0.000765226
0.00134214
0.0022949
0.00361159
0.0050772
0.00637279
0.00729108
0.00783646
0.00814065
0.00838756
0.00863602
0.00914251
0.00950977
0.0106888
0.00731725
0.00533442
0.00407927
0.00323728
0.00264556
0.00221364
0.00188829
0.00163665
0.0014376
0.00127709
0.0011455
0.00103604
0.000943828
0.000865272
0.000797677
0.000738994
0.000687636
0.000642364
0.000602193
0.000566335
0.000534155
0.000505131
0.000478837
0.000454917
0.000433076
0.000413066
0.00039468
0.000377742
0.000362105
0.000347643
0.000334249
0.000321829
0.0003103
0.000299588
0.000289623
0.000280345
0.000271702
0.000263663
0.000256263
0.000249723
0.000244801
0.000243711
0.000252209
0.000283907
0.00036785
0.000558962
0.000947072
0.00164906
0.00274681
0.00416657
0.00563087
0.006819
0.00757893
0.00797199
0.00816146
0.00833375
0.00854738
0.00904826
0.00943636
0.0106888
0.00731666
0.00533371
0.00407869
0.00323687
0.00264532
0.00221356
0.00188834
0.00163681
0.00143786
0.00127743
0.0011459
0.00103649
0.000944324
0.000865801
0.000798231
0.000739564
0.000688217
0.000642948
0.000602776
0.000566913
0.000534724
0.000505688
0.000479379
0.000455441
0.000433581
0.000413551
0.000395143
0.000378184
0.000362524
0.000348041
0.000334627
0.000322188
0.000310643
0.000299918
0.000289946
0.00028067
0.000272051
0.00026409
0.000256914
0.00025099
0.00024769
0.000250595
0.000268238
0.000319231
0.00044039
0.000696888
0.00118858
0.00203002
0.00326583
0.00475214
0.00616491
0.00720647
0.00779056
0.00803054
0.00811283
0.00821988
0.00840853
0.00890961
0.00932463
0.0106888
0.00731599
0.0053329
0.00407797
0.00323632
0.00264494
0.00221334
0.00188826
0.00163684
0.00143798
0.00127763
0.00114617
0.00103682
0.000944697
0.00086621
0.000798669
0.000740024
0.000688692
0.000643434
0.000603266
0.000567404
0.000535212
0.00050617
0.000479853
0.000455905
0.000434032
0.000413988
0.000395567
0.000378592
0.000362919
0.000348422
0.000334995
0.000322546
0.000310994
0.000300267
0.000290305
0.000281063
0.000272531
0.000264796
0.000258188
0.000253662
0.000253655
0.000263886
0.000296765
0.000377099
0.000550185
0.000890878
0.00150459
0.00249118
0.00384322
0.00534815
0.00665805
0.00752035
0.00791878
0.00801053
0.00799636
0.00804963
0.00822301
0.00872929
0.00917643
0.0106889
0.00731523
0.00533197
0.00407712
0.00323563
0.00264442
0.00221297
0.00188802
0.00163673
0.00143796
0.0012777
0.00114631
0.00103702
0.000944946
0.0008665
0.000798991
0.000740373
0.000689062
0.000643818
0.000603661
0.000567806
0.000535617
0.000506575
0.000480256
0.000456304
0.000434426
0.000414376
0.000395948
0.000378967
0.000363288
0.000348788
0.000335361
0.000322918
0.00031138
0.000300685
0.000290787
0.000281681
0.000273445
0.000266366
0.000261218
0.000259872
0.000266547
0.000290118
0.000348024
0.000471984
0.000715309
0.00115967
0.00190792
0.00303164
0.00446271
0.0059307
0.00708937
0.00774803
0.00795888
0.00791242
0.00781518
0.00782732
0.0079949
0.00851027
0.00899363
0.0106889
0.00731439
0.00533091
0.00407614
0.00323479
0.00264375
0.00221246
0.00188765
0.00163647
0.00143781
0.00127764
0.00114632
0.00103709
0.000945072
0.000866671
0.000799201
0.000740613
0.000689328
0.000644105
0.000603965
0.000568123
0.000535944
0.000506911
0.000480598
0.000456652
0.000434779
0.000414735
0.000396314
0.000379345
0.000363684
0.00034921
0.000335821
0.000323434
0.000311986
0.000301442
0.000291811
0.0002832
0.000275921
0.000270722
0.000269268
0.000275053
0.000295036
0.000342318
0.000439986
0.000626003
0.000959037
0.0015218
0.00240494
0.00364138
0.00510128
0.00647381
0.00743934
0.00787964
0.0079087
0.00773869
0.00757381
0.00755814
0.00772876
0.00825561
0.00877802
0.0106889
0.00731344
0.00532973
0.00407501
0.0032338
0.00264292
0.00221179
0.00188712
0.00163607
0.00143752
0.00127743
0.0011462
0.00103704
0.000945081
0.000866732
0.000799307
0.00074076
0.000689509
0.000644317
0.000604205
0.00056839
0.000536237
0.000507231
0.000480946
0.000457032
0.000435197
0.000415196
0.000396836
0.000379947
0.000364393
0.000350062
0.000336867
0.000324755
0.00031371
0.000303789
0.000295171
0.00028827
0.00028395
0.000283926
0.000291471
0.000312611
0.000357955
0.000445163
0.000601843
0.000869064
0.00130582
0.00198955
0.0029917
0.00430095
0.00573062
0.00695081
0.00769071
0.00790833
0.00776873
0.00749376
0.0072782
0.00724804
0.00742938
0.00796822
0.00853113
0.0106889
0.00731237
0.0053284
0.0040737
0.00323262
0.00264191
0.00221094
0.00188643
0.00163551
0.00143708
0.00127711
0.00114597
0.0010369
0.000945015
0.000866738
0.000799381
0.000740897
0.00068971
0.000644584
0.000604541
0.000568801
0.000536734
0.000507828
0.000481663
0.000457894
0.000436234
0.000416455
0.000398397
0.000381909
0.000366876
0.000353223
0.000340919
0.000330004
0.000320625
0.000313108
0.000308079
0.000306669
0.000310862
0.000324053
0.000351899
0.0004035
0.000492812
0.000640076
0.00087349
0.00123236
0.00177212
0.00256261
0.00365249
0.00498272
0.00631879
0.00733576
0.00782928
0.00783061
0.00754215
0.007184
0.00693679
0.00690348
0.00710161
0.00765068
0.00825404
0.0106889
0.00731112
0.00532682
0.00407212
0.00323117
0.00264065
0.00220988
0.00188556
0.00163483
0.00143657
0.00127676
0.00114578
0.00103686
0.000945133
0.000867009
0.000799811
0.0007415
0.000690503
0.000645593
0.000605803
0.000570365
0.000538663
0.000510204
0.000484591
0.000461505
0.000440692
0.000422034
0.000405458
0.00039088
0.000378261
0.000367626
0.000359109
0.000353011
0.000349893
0.000350704
0.000356975
0.00037109
0.000396675
0.000439114
0.000506152
0.000608491
0.00076028
0.000979866
0.00129197
0.0017329
0.00235659
0.00322593
0.00436121
0.00565244
0.00683181
0.00760479
0.00784471
0.00764661
0.00723484
0.00681754
0.00655731
0.00653091
0.00674998
0.00730493
0.00794718
0.0106888
0.00730949
0.00532476
0.00407003
0.00322926
0.00263903
0.00220862
0.00188469
0.00163435
0.0014365
0.00127711
0.00114656
0.00103809
0.00094684
0.000869243
0.000802634
0.000744997
0.000694786
0.000650811
0.00061215
0.00057809
0.000548087
0.000521736
0.000498743
0.000478914
0.000462151
0.000448894
0.000439107
0.000432835
0.000430163
0.00043128
0.00043658
0.000446776
0.000463033
0.000487108
0.0005215
0.000569613
0.000635935
0.000726197
0.000847508
0.00100857
0.00122032
0.00149787
0.00186484
0.0023599
0.00303894
0.003953
0.00508366
0.0062708
0.00723536
0.00773749
0.00773116
0.00736025
0.00685532
0.006404
0.00614801
0.00613643
0.00637836
0.00693196
0.00760998
0.0106882
0.0073068
0.00532143
0.00406677
0.00322657
0.00263723
0.00220793
0.00188524
0.00163626
0.00143986
0.001282
0.0011531
0.00104643
0.000957165
0.0008818
0.000817747
0.000763087
0.000716399
0.000676646
0.000643101
0.000615288
0.000592952
0.000576024
0.000564588
0.000558842
0.00055958
0.000567603
0.000582707
0.000604604
0.000632984
0.000667643
0.000708648
0.000756497
0.000812225
0.000877461
0.000954419
0.00104588
0.00115521
0.00128647
0.00144475
0.001637
0.00187361
0.00217155
0.00255921
0.00308064
0.00378893
0.00471054
0.00577894
0.00679494
0.00749687
0.00771839
0.00748788
0.00697926
0.00641441
0.00595398
0.00571703
0.00572519
0.00598946
0.00653132
0.0072404
0.010686
0.00730102
0.00531493
0.00406147
0.00322394
0.00263834
0.00221351
0.00189583
0.00165229
0.00146175
0.00131022
0.00118817
0.00108901
0.0010081
0.000942149
0.000888857
0.000846657
0.000814555
0.000792017
0.00077889
0.000775328
0.000781715
0.000798552
0.000826322
0.000865284
0.0009169
0.000979245
0.00105038
0.0011281
0.00121022
0.00129492
0.00138104
0.00146826
0.00155712
0.00164887
0.00174546
0.00184942
0.00196403
0.00209361
0.00224422
0.00242476
0.0026491
0.00293916
0.00332848
0.00386139
0.00457604
0.00546053
0.00640026
0.00718072
0.00758793
0.00753824
0.00711946
0.00651481
0.00592451
0.00547803
0.00527142
0.0053006
0.00558419
0.00610054
0.00683438
0.0106783
0.00728731
0.00530315
0.0040578
0.003233
0.00266331
0.00225661
0.00195875
0.00173645
0.00156854
0.00144112
0.00134491
0.00127364
0.00122308
0.00119046
0.00117403
0.00117282
0.00118642
0.00121478
0.00125803
0.00131629
0.0013894
0.00147672
0.00157684
0.00168748
0.00180596
0.00192717
0.00204694
0.00216174
0.00226904
0.00236749
0.00245699
0.00253853
0.00261393
0.00268562
0.00275655
0.00283033
0.00291155
0.00300626
0.00312284
0.00327334
0.00347545
0.00375486
0.00414554
0.00468174
0.00537244
0.00616015
0.00689688
0.00738622
0.00748692
0.00719491
0.0066354
0.00598024
0.00539806
0.00498505
0.00481582
0.00486357
0.00516117
0.00563469
0.00638571
0.0106576
0.00726349
0.00530222
0.00409798
0.00332601
0.00281633
0.00247397
0.00224315
0.00208965
0.00199175
0.00193531
0.00191096
0.0019124
0.00193545
0.00197731
0.00203609
0.00211042
0.00219912
0.00230096
0.00241443
0.00253757
0.0026679
0.00280242
0.00293765
0.0030698
0.00319375
0.00330708
0.00340761
0.00349415
0.00356656
0.00362569
0.00367316
0.00371108
0.00374189
0.00376849
0.00379445
0.00382441
0.00386448
0.00392278
0.00401016
0.00414144
0.00433652
0.00462035
0.00501808
0.00554008
0.00615484
0.00676518
0.00721993
0.00737715
0.00718155
0.0066931
0.00604802
0.00538822
0.00484464
0.00448007
0.00435163
0.00441265
0.0047177
0.00513016
0.00588969
0.0106405
0.00730716
0.00547418
0.00442952
0.00382735
0.00348652
0.00330596
0.00322638
0.00321162
0.00323896
0.00329381
0.0033667
0.00345151
0.00354433
0.00364266
0.00374486
0.00384969
0.00395609
0.00406291
0.00416887
0.00427249
0.00437213
0.00446598
0.00455222
0.00462895
0.00469334
0.00474484
0.00478302
0.00480842
0.00482223
0.00482609
0.00482186
0.00481159
0.00479778
0.00478389
0.00477476
0.00477681
0.00479809
0.00484858
0.00494054
0.00508887
0.00531017
0.00561869
0.00601622
0.00647527
0.00692326
0.00724788
0.00733735
0.00713551
0.0066705
0.00604121
0.00536718
0.00474553
0.00426777
0.00396545
0.00388241
0.00395585
0.00426553
0.0046162
0.00538169
0.0110805
0.00822924
0.00679568
0.00605662
0.005695
0.00554459
0.0055098
0.00553418
0.00558501
0.00564407
0.00570206
0.00575495
0.0058017
0.00584274
0.00587905
0.00591163
0.00594122
0.00596821
0.00599261
0.00601411
0.00603211
0.00604583
0.0060544
0.00605684
0.0060526
0.00604108
0.0060217
0.00599531
0.00596302
0.00592641
0.00588747
0.0058488
0.00581402
0.00578802
0.00577683
0.00578716
0.005826
0.00590037
0.00601738
0.00618395
0.00640552
0.00668241
0.00700258
0.0073308
0.00760039
0.00772028
0.00760838
0.00723749
0.0066542
0.0059513
0.0052385
0.00459101
0.00405549
0.00367556
0.00347156
0.00346939
0.00360255
0.00395005
0.00437463
0.00522285
0.0173521
0.0154562
0.0135195
0.0119684
0.0107947
0.00991849
0.00926712
0.00878161
0.00841556
0.00813457
0.00791411
0.00773681
0.00759022
0.00746539
0.00735582
0.00725681
0.00716493
0.00707777
0.00699373
0.0069119
0.00683187
0.00675364
0.00667753
0.00660413
0.00653425
0.00646889
0.00640902
0.00635575
0.0063103
0.00627354
0.00624586
0.00622675
0.00621462
0.00620683
0.00620003
0.00619044
0.00617408
0.00614684
0.00610459
0.00604338
0.00595999
0.00585224
0.0057189
0.00555801
0.00536444
0.00512963
0.00484676
0.00452002
0.00416593
0.00381322
0.00352033
0.00336642
0.00331484
0.00341857
0.00363127
0.00409716
0.00458063
0.00565192
0.0063335
0.00879175
)
;

boundaryField
{
    inlet
    {
        type            fixedValue;
        value           uniform 0.017;
    }
    outlet
    {
        type            zeroGradient;
    }
    fixedWalls
    {
        type            kqRWallFunction;
        value           nonuniform List<scalar> 
120
(
0.0173521
0.0154562
0.0135195
0.0119684
0.0107947
0.00991849
0.00926712
0.00878161
0.00841556
0.00813457
0.00791411
0.00773681
0.00759022
0.00746539
0.00735582
0.00725681
0.00716493
0.00707777
0.00699373
0.0069119
0.00683187
0.00675364
0.00667753
0.00660413
0.00653425
0.00646889
0.00640902
0.00635575
0.0063103
0.00627354
0.00624586
0.00622675
0.00621462
0.00620683
0.00620003
0.00619044
0.00617408
0.00614684
0.00610459
0.00604338
0.00595999
0.00585224
0.0057189
0.00555801
0.00536444
0.00512963
0.00484676
0.00452002
0.00416593
0.00381322
0.00352033
0.00336642
0.00331484
0.00341857
0.00363127
0.00409716
0.00458063
0.00565192
0.0063335
0.00879175
0.0117122
0.00656281
0.00175515
0.000444775
0.000122516
0.000318677
0.000249781
0.000400243
0.00046969
0.000642582
0.000804736
0.00100411
0.00118247
0.00135238
0.00148496
0.00158085
0.0016127
0.00155264
0.00140257
0.00135148
0.00167721
0.00234254
0.00310884
0.00381668
0.00442583
0.00495258
0.00541489
0.00582557
0.00619187
0.00651877
0.00680964
0.00706811
0.00729583
0.00749053
0.00765563
0.00779382
0.00790716
0.00799778
0.0080677
0.00811935
0.00815455
0.00817618
0.00818484
0.00818451
0.00817216
0.00815442
0.00812242
0.00808019
0.0082284
0.00855316
0.00885167
0.00925056
0.00954483
0.0100424
0.0102858
0.0110123
0.0111747
0.0125211
0.0125603
0.0159338
)
;
    }
    frontAndBack
    {
        type            empty;
    }
}


// ************************************************************************* //
