/*--------------------------------*- C++ -*----------------------------------*\
| =========                 |                                                 |
| \\      /  F ield         | OpenFOAM: The Open Source CFD Toolbox           |
|  \\    /   O peration     | Version:  2.4.0                                 |
|   \\  /    A nd           | Web:      www.OpenFOAM.org                      |
|    \\/     M anipulation  |                                                 |
\*---------------------------------------------------------------------------*/
FoamFile
{
    version     2.0;
    format      ascii;
    class       volScalarField;
    location    "0.31";
    object      k;
}
// * * * * * * * * * * * * * * * * * * * * * * * * * * * * * * * * * * * * * //

dimensions      [0 2 -2 0 0 0 0];

internalField   nonuniform List<scalar> 
6000
(
0.00510096
0.0064528
0.00771273
0.00881071
0.00970929
0.0103996
0.0108936
0.0112168
0.0114015
0.0114816
0.0114891
0.0114515
0.0113908
0.0113222
0.011255
0.0111935
0.0111385
0.0110896
0.0110459
0.011007
0.010973
0.0109444
0.0109214
0.0109039
0.0108913
0.0108828
0.0108774
0.0108741
0.0108721
0.0108708
0.0108698
0.0108689
0.0108678
0.0108666
0.010865
0.010863
0.0108605
0.0108572
0.010853
0.0108476
0.0108407
0.0108317
0.0108201
0.0108052
0.0107859
0.0107611
0.0107291
0.0106877
0.0106342
0.0105651
0.0104757
0.0103596
0.0102087
0.0100114
0.0097522
0.00940735
0.00894586
0.00830783
0.00747296
0.00614324
0.0035494
0.00344486
0.00340547
0.00341521
0.0034581
0.00352096
0.00359547
0.00367682
0.00376186
0.00384807
0.00393296
0.00401382
0.00408777
0.00415214
0.00420477
0.00424423
0.00426972
0.00428099
0.00427821
0.00426218
0.0042346
0.00419822
0.00415666
0.00411391
0.00407359
0.00403837
0.00400967
0.00398774
0.00397192
0.00396108
0.00395399
0.00394956
0.00394692
0.00394549
0.00394489
0.00394493
0.0039455
0.00394657
0.00394816
0.00395037
0.0039533
0.00395715
0.00396216
0.00396865
0.00397707
0.00398799
0.00400216
0.0040206
0.00404465
0.00407615
0.00411762
0.00417267
0.00424656
0.00434734
0.00448801
0.00469045
0.00499481
0.00547106
0.00625744
0.00819028
0.00348321
0.00325647
0.00306424
0.00290015
0.00275845
0.00263394
0.00252272
0.00242234
0.00233136
0.00224901
0.00217484
0.00210856
0.00204993
0.00199866
0.00195437
0.00191654
0.00188447
0.00185734
0.00183427
0.00181433
0.0017966
0.0017803
0.00176481
0.00174987
0.00173553
0.00172209
0.00170999
0.00169958
0.00169105
0.0016844
0.00167941
0.00167581
0.00167328
0.00167157
0.00167045
0.00166978
0.00166945
0.0016694
0.00166958
0.00166998
0.00167062
0.00167152
0.00167274
0.00167435
0.00167648
0.00167927
0.00168297
0.00168788
0.00169444
0.00170331
0.00171546
0.00173239
0.0017565
0.00179177
0.00184528
0.00193006
0.00207311
0.00232364
0.00282214
0.00385648
0.00347969
0.00324256
0.00303442
0.00285067
0.00268757
0.00254189
0.00241082
0.00229204
0.00218365
0.00208413
0.00199229
0.00190726
0.00182839
0.00175528
0.0016877
0.00162558
0.00156893
0.0015178
0.00147226
0.0014323
0.0013978
0.0013685
0.00134397
0.00132367
0.00130703
0.00129348
0.00128255
0.00127382
0.00126695
0.00126163
0.0012576
0.00125459
0.0012524
0.00125084
0.00124976
0.00124902
0.00124856
0.00124829
0.00124817
0.00124817
0.00124828
0.00124848
0.0012488
0.00124923
0.00124981
0.00125059
0.00125161
0.00125296
0.00125477
0.0012572
0.00126052
0.00126514
0.00127173
0.00128145
0.00129645
0.00132094
0.00136455
0.00144781
0.00164207
0.0020734
0.00347951
0.00324163
0.00303199
0.00284603
0.00268015
0.00253139
0.00239731
0.00227586
0.00216532
0.00206426
0.00197148
0.00188602
0.00180707
0.00173404
0.00166649
0.00160412
0.00154679
0.00149442
0.00144703
0.00140463
0.00136724
0.00133479
0.0013071
0.00128391
0.00126483
0.00124938
0.00123708
0.00122742
0.00121994
0.00121423
0.00120994
0.00120676
0.00120444
0.00120277
0.0012016
0.00120078
0.00120023
0.00119986
0.00119963
0.00119948
0.00119941
0.00119938
0.00119939
0.00119943
0.00119951
0.00119962
0.00119979
0.00120002
0.00120035
0.00120084
0.00120155
0.00120262
0.00120427
0.0012069
0.00121122
0.00121862
0.00123211
0.00125902
0.00132318
0.00149221
0.0034795
0.00324152
0.00303169
0.00284547
0.00267924
0.00253008
0.00239558
0.00227376
0.00216294
0.00206175
0.00196902
0.0018838
0.00180529
0.00173288
0.00166608
0.00160457
0.00154811
0.00149659
0.00144992
0.00140809
0.00137102
0.00133863
0.00131077
0.00128718
0.00126757
0.00125153
0.00123865
0.00122848
0.00122058
0.00121454
0.00121
0.00120663
0.00120418
0.00120243
0.00120118
0.00120032
0.00119973
0.00119933
0.00119907
0.00119889
0.00119878
0.00119871
0.00119866
0.00119864
0.00119862
0.00119862
0.00119863
0.00119867
0.00119874
0.00119887
0.0011991
0.00119952
0.00120024
0.00120151
0.0012037
0.00120755
0.00121432
0.00122718
0.00125223
0.0013237
0.00347949
0.00324148
0.00303159
0.00284531
0.00267901
0.00252978
0.00239521
0.00227332
0.00216246
0.00206126
0.00196857
0.00188343
0.00180508
0.00173288
0.00166636
0.00160518
0.00154911
0.00149799
0.00145175
0.0014103
0.00137358
0.00134146
0.00131376
0.00129026
0.00127063
0.00125451
0.00124151
0.00123119
0.00122315
0.00121699
0.00121235
0.00120891
0.0012064
0.0012046
0.00120334
0.00120245
0.00120185
0.00120144
0.00120117
0.001201
0.00120088
0.00120081
0.00120076
0.00120073
0.00120072
0.00120071
0.00120072
0.00120076
0.00120082
0.00120095
0.00120117
0.00120156
0.00120225
0.00120344
0.00120547
0.00120895
0.00121483
0.00122515
0.00124144
0.00128159
0.00347949
0.00324145
0.00303152
0.0028452
0.00267887
0.0025296
0.002395
0.00227308
0.0021622
0.00206098
0.00196829
0.00188317
0.00180484
0.00173269
0.00166625
0.00160517
0.00154921
0.00149823
0.00145212
0.00141082
0.00137424
0.00134224
0.00131466
0.00129122
0.00127164
0.00125554
0.00124253
0.00123219
0.00122413
0.00121794
0.00121327
0.00120981
0.00120729
0.00120548
0.0012042
0.00120331
0.00120271
0.0012023
0.00120203
0.00120185
0.00120174
0.00120167
0.00120162
0.0012016
0.00120159
0.0012016
0.00120162
0.00120167
0.00120176
0.00120191
0.00120217
0.00120262
0.00120337
0.00120464
0.00120678
0.00121038
0.00121636
0.00122652
0.00124167
0.00127281
0.00347949
0.00324143
0.00303147
0.00284512
0.00267876
0.00252946
0.00239483
0.00227289
0.00216198
0.00206075
0.00196805
0.00188292
0.00180459
0.00173245
0.00166603
0.00160496
0.00154904
0.00149809
0.00145203
0.00141078
0.00137425
0.00134231
0.00131477
0.00129137
0.00127182
0.00125575
0.00124275
0.00123243
0.00122437
0.00121818
0.00121351
0.00121005
0.00120752
0.00120571
0.00120443
0.00120355
0.00120294
0.00120253
0.00120226
0.00120208
0.00120197
0.0012019
0.00120186
0.00120184
0.00120184
0.00120185
0.00120188
0.00120194
0.00120203
0.0012022
0.00120248
0.00120296
0.00120374
0.00120506
0.00120726
0.00121092
0.00121696
0.00122707
0.0012422
0.0012703
0.00347949
0.00324142
0.00303143
0.00284505
0.00267866
0.00252934
0.00239469
0.00227273
0.00216181
0.00206056
0.00196784
0.0018827
0.00180437
0.00173223
0.0016658
0.00160474
0.00154883
0.0014979
0.00145186
0.00141063
0.00137412
0.0013422
0.00131469
0.00129132
0.00127179
0.00125574
0.00124276
0.00123245
0.0012244
0.00121822
0.00121355
0.00121009
0.00120757
0.00120576
0.00120448
0.0012036
0.00120299
0.00120258
0.00120231
0.00120214
0.00120202
0.00120195
0.00120191
0.0012019
0.00120189
0.00120191
0.00120194
0.001202
0.0012021
0.00120227
0.00120256
0.00120304
0.00120384
0.00120516
0.00120736
0.001211
0.00121696
0.00122683
0.00124169
0.00126778
0.00347949
0.00324141
0.0030314
0.002845
0.00267859
0.00252924
0.00239457
0.00227259
0.00216165
0.00206039
0.00196766
0.00188251
0.00180417
0.00173203
0.0016656
0.00160454
0.00154863
0.00149771
0.00145168
0.00141047
0.00137398
0.00134208
0.00131458
0.00129123
0.00127172
0.00125568
0.00124272
0.00123242
0.00122438
0.00121821
0.00121355
0.0012101
0.00120758
0.00120577
0.00120449
0.0012036
0.001203
0.00120259
0.00120232
0.00120215
0.00120203
0.00120196
0.00120192
0.00120191
0.0012019
0.00120192
0.00120195
0.00120201
0.00120211
0.00120229
0.00120258
0.00120306
0.00120385
0.00120517
0.00120734
0.00121092
0.00121673
0.00122621
0.00124049
0.00126455
0.00347949
0.0032414
0.00303137
0.00284495
0.00267852
0.00252916
0.00239447
0.00227247
0.00216152
0.00206025
0.00196751
0.00188235
0.001804
0.00173185
0.00166542
0.00160437
0.00154846
0.00149755
0.00145153
0.00141032
0.00137385
0.00134196
0.00131448
0.00129115
0.00127165
0.00125563
0.00124268
0.00123239
0.00122436
0.00121819
0.00121354
0.00121009
0.00120757
0.00120577
0.00120449
0.0012036
0.001203
0.00120259
0.00120232
0.00120215
0.00120204
0.00120197
0.00120193
0.00120191
0.0012019
0.00120192
0.00120195
0.00120201
0.00120211
0.00120229
0.00120258
0.00120306
0.00120385
0.00120515
0.00120729
0.00121079
0.00121642
0.00122548
0.00123903
0.00126102
0.00347949
0.00324139
0.00303135
0.00284491
0.00267847
0.00252909
0.00239438
0.00227237
0.00216141
0.00206012
0.00196737
0.00188221
0.00180386
0.0017317
0.00166527
0.00160422
0.00154831
0.0014974
0.00145139
0.0014102
0.00137373
0.00134186
0.00131439
0.00129108
0.00127159
0.00125558
0.00124264
0.00123237
0.00122434
0.00121818
0.00121353
0.00121008
0.00120757
0.00120576
0.00120449
0.0012036
0.001203
0.00120259
0.00120232
0.00120215
0.00120204
0.00120197
0.00120193
0.00120191
0.00120191
0.00120192
0.00120195
0.00120201
0.00120212
0.00120229
0.00120258
0.00120305
0.00120384
0.00120513
0.00120724
0.00121066
0.00121611
0.00122474
0.00123754
0.00125757
0.00347948
0.00324138
0.00303134
0.00284488
0.00267842
0.00252902
0.0023943
0.00227228
0.00216131
0.00206001
0.00196725
0.00188208
0.00180373
0.00173157
0.00166513
0.00160408
0.00154818
0.00149728
0.00145127
0.00141009
0.00137363
0.00134177
0.00131431
0.00129101
0.00127154
0.00125554
0.00124261
0.00123234
0.00122432
0.00121817
0.00121352
0.00121008
0.00120756
0.00120576
0.00120449
0.0012036
0.001203
0.00120259
0.00120232
0.00120215
0.00120204
0.00120197
0.00120193
0.00120191
0.00120191
0.00120192
0.00120195
0.00120201
0.00120212
0.00120229
0.00120258
0.00120305
0.00120383
0.00120511
0.00120718
0.00121053
0.00121581
0.00122405
0.00123612
0.00125439
0.00347948
0.00324138
0.00303132
0.00284485
0.00267838
0.00252897
0.00239424
0.00227221
0.00216122
0.00205992
0.00196715
0.00188197
0.00180361
0.00173145
0.00166502
0.00160397
0.00154807
0.00149717
0.00145117
0.00140999
0.00137354
0.00134169
0.00131425
0.00129095
0.00127149
0.0012555
0.00124258
0.00123232
0.00122431
0.00121816
0.00121352
0.00121007
0.00120756
0.00120576
0.00120449
0.0012036
0.001203
0.00120259
0.00120232
0.00120215
0.00120204
0.00120197
0.00120193
0.00120191
0.00120191
0.00120192
0.00120195
0.00120201
0.00120212
0.00120229
0.00120257
0.00120305
0.00120382
0.00120508
0.00120713
0.0012104
0.00121553
0.00122342
0.00123483
0.00125156
0.00347948
0.00324138
0.00303131
0.00284483
0.00267835
0.00252893
0.00239419
0.00227214
0.00216115
0.00205984
0.00196706
0.00188188
0.00180351
0.00173135
0.00166492
0.00160387
0.00154797
0.00149707
0.00145108
0.00140991
0.00137347
0.00134163
0.00131419
0.0012909
0.00127145
0.00125547
0.00124256
0.0012323
0.00122429
0.00121815
0.00121351
0.00121007
0.00120756
0.00120576
0.00120448
0.0012036
0.001203
0.00120259
0.00120232
0.00120215
0.00120204
0.00120197
0.00120193
0.00120191
0.00120191
0.00120192
0.00120195
0.00120201
0.00120212
0.00120229
0.00120257
0.00120304
0.00120381
0.00120506
0.00120708
0.00121029
0.00121527
0.00122285
0.00123366
0.00124908
0.00347948
0.00324137
0.0030313
0.00284481
0.00267832
0.00252889
0.00239414
0.00227208
0.00216108
0.00205976
0.00196699
0.0018818
0.00180343
0.00173126
0.00166483
0.00160378
0.00154788
0.00149699
0.001451
0.00140984
0.0013734
0.00134157
0.00131414
0.00129086
0.00127142
0.00125544
0.00124254
0.00123229
0.00122428
0.00121814
0.0012135
0.00121006
0.00120756
0.00120576
0.00120448
0.0012036
0.001203
0.00120259
0.00120232
0.00120215
0.00120204
0.00120197
0.00120193
0.00120191
0.00120191
0.00120192
0.00120195
0.00120201
0.00120212
0.00120229
0.00120257
0.00120304
0.0012038
0.00120504
0.00120704
0.00121018
0.00121504
0.00122234
0.00123263
0.00124694
0.00347948
0.00324137
0.00303129
0.0028448
0.00267829
0.00252886
0.0023941
0.00227204
0.00216103
0.0020597
0.00196692
0.00188173
0.00180336
0.00173119
0.00166475
0.0016037
0.00154781
0.00149692
0.00145094
0.00140978
0.00137335
0.00134152
0.0013141
0.00129082
0.00127139
0.00125542
0.00124252
0.00123227
0.00122427
0.00121813
0.0012135
0.00121006
0.00120755
0.00120575
0.00120448
0.0012036
0.001203
0.00120259
0.00120232
0.00120215
0.00120204
0.00120197
0.00120193
0.00120191
0.00120191
0.00120192
0.00120195
0.00120201
0.00120212
0.00120229
0.00120257
0.00120304
0.0012038
0.00120503
0.00120699
0.00121009
0.00121483
0.00122189
0.00123172
0.0012451
0.00347948
0.00324137
0.00303129
0.00284479
0.00267827
0.00252883
0.00239406
0.002272
0.00216098
0.00205965
0.00196686
0.00188167
0.00180329
0.00173112
0.00166469
0.00160364
0.00154775
0.00149686
0.00145088
0.00140972
0.0013733
0.00134148
0.00131406
0.00129079
0.00127136
0.0012554
0.0012425
0.00123226
0.00122426
0.00121813
0.00121349
0.00121006
0.00120755
0.00120575
0.00120448
0.0012036
0.001203
0.00120259
0.00120232
0.00120215
0.00120204
0.00120197
0.00120193
0.00120191
0.00120191
0.00120192
0.00120195
0.00120201
0.00120212
0.00120229
0.00120257
0.00120303
0.00120379
0.00120501
0.00120696
0.00121001
0.00121465
0.00122149
0.00123094
0.00124353
0.00347948
0.00324137
0.00303128
0.00284478
0.00267826
0.00252881
0.00239404
0.00227196
0.00216094
0.00205961
0.00196682
0.00188162
0.00180324
0.00173107
0.00166463
0.00160359
0.0015477
0.00149681
0.00145083
0.00140968
0.00137326
0.00134144
0.00131403
0.00129077
0.00127134
0.00125538
0.00124249
0.00123225
0.00122426
0.00121812
0.00121349
0.00121006
0.00120755
0.00120575
0.00120448
0.0012036
0.001203
0.00120259
0.00120232
0.00120215
0.00120204
0.00120197
0.00120193
0.00120191
0.00120191
0.00120192
0.00120195
0.00120201
0.00120212
0.00120229
0.00120257
0.00120303
0.00120378
0.001205
0.00120693
0.00120994
0.00121449
0.00122115
0.00123027
0.00124221
0.00347948
0.00324137
0.00303128
0.00284477
0.00267824
0.00252879
0.00239401
0.00227193
0.00216091
0.00205957
0.00196678
0.00188158
0.0018032
0.00173103
0.00166459
0.00160354
0.00154765
0.00149677
0.00145079
0.00140964
0.00137323
0.00134141
0.001314
0.00129075
0.00127132
0.00125537
0.00124248
0.00123224
0.00122425
0.00121812
0.00121349
0.00121005
0.00120755
0.00120575
0.00120448
0.0012036
0.001203
0.00120259
0.00120232
0.00120215
0.00120204
0.00120197
0.00120193
0.00120191
0.00120191
0.00120192
0.00120195
0.00120201
0.00120212
0.00120229
0.00120257
0.00120303
0.00120378
0.00120499
0.0012069
0.00120988
0.00121436
0.00122087
0.00122971
0.00124111
0.00347948
0.00324137
0.00303128
0.00284476
0.00267823
0.00252878
0.00239399
0.00227191
0.00216089
0.00205955
0.00196675
0.00188155
0.00180317
0.00173099
0.00166455
0.00160351
0.00154762
0.00149674
0.00145076
0.00140961
0.0013732
0.00134139
0.00131398
0.00129073
0.00127131
0.00125536
0.00124247
0.00123224
0.00122424
0.00121811
0.00121349
0.00121005
0.00120755
0.00120575
0.00120448
0.0012036
0.001203
0.00120259
0.00120232
0.00120215
0.00120204
0.00120197
0.00120193
0.00120191
0.00120191
0.00120192
0.00120195
0.00120201
0.00120212
0.00120229
0.00120257
0.00120303
0.00120377
0.00120498
0.00120688
0.00120983
0.00121425
0.00122064
0.00122925
0.00124022
0.00347948
0.00324137
0.00303127
0.00284476
0.00267823
0.00252877
0.00239398
0.0022719
0.00216087
0.00205953
0.00196673
0.00188152
0.00180314
0.00173097
0.00166453
0.00160348
0.00154759
0.00149671
0.00145074
0.00140959
0.00137318
0.00134137
0.00131397
0.00129072
0.0012713
0.00125535
0.00124246
0.00123223
0.00122424
0.00121811
0.00121348
0.00121005
0.00120755
0.00120575
0.00120448
0.0012036
0.001203
0.00120259
0.00120232
0.00120215
0.00120204
0.00120197
0.00120193
0.00120191
0.00120191
0.00120192
0.00120195
0.00120201
0.00120212
0.00120229
0.00120257
0.00120303
0.00120377
0.00120497
0.00120686
0.00120979
0.00121417
0.00122046
0.00122889
0.00123952
0.00347948
0.00324137
0.00303127
0.00284475
0.00267822
0.00252876
0.00239397
0.00227189
0.00216086
0.00205951
0.00196671
0.00188151
0.00180312
0.00173095
0.00166451
0.00160347
0.00154758
0.0014967
0.00145072
0.00140958
0.00137317
0.00134136
0.00131396
0.00129071
0.00127129
0.00125534
0.00124246
0.00123223
0.00122424
0.00121811
0.00121348
0.00121005
0.00120755
0.00120575
0.00120448
0.0012036
0.001203
0.00120259
0.00120232
0.00120215
0.00120204
0.00120197
0.00120193
0.00120191
0.00120191
0.00120192
0.00120195
0.00120201
0.00120212
0.00120229
0.00120257
0.00120302
0.00120377
0.00120496
0.00120685
0.00120976
0.00121411
0.00122034
0.00122864
0.001239
0.00347948
0.00324137
0.00303127
0.00284475
0.00267822
0.00252876
0.00239397
0.00227188
0.00216085
0.00205951
0.00196671
0.0018815
0.00180312
0.00173094
0.0016645
0.00160346
0.00154757
0.00149669
0.00145072
0.00140957
0.00137316
0.00134135
0.00131395
0.0012907
0.00127129
0.00125534
0.00124246
0.00123223
0.00122424
0.00121811
0.00121348
0.00121005
0.00120755
0.00120575
0.00120448
0.0012036
0.001203
0.00120259
0.00120232
0.00120215
0.00120204
0.00120197
0.00120193
0.00120191
0.00120191
0.00120192
0.00120195
0.00120201
0.00120212
0.00120229
0.00120257
0.00120302
0.00120377
0.00120496
0.00120684
0.00120974
0.00121408
0.00122026
0.00122848
0.00123867
0.00347948
0.00324137
0.00303127
0.00284475
0.00267822
0.00252876
0.00239397
0.00227188
0.00216085
0.00205951
0.00196671
0.0018815
0.00180312
0.00173094
0.0016645
0.00160346
0.00154757
0.00149669
0.00145072
0.00140957
0.00137316
0.00134135
0.00131395
0.0012907
0.00127129
0.00125534
0.00124246
0.00123222
0.00122424
0.00121811
0.00121348
0.00121005
0.00120755
0.00120575
0.00120448
0.0012036
0.001203
0.00120259
0.00120232
0.00120215
0.00120204
0.00120197
0.00120193
0.00120191
0.00120191
0.00120192
0.00120195
0.00120201
0.00120211
0.00120229
0.00120257
0.00120302
0.00120377
0.00120496
0.00120684
0.00120974
0.00121407
0.00122024
0.00122841
0.0012385
0.00347948
0.00324137
0.00303127
0.00284475
0.00267822
0.00252876
0.00239397
0.00227189
0.00216086
0.00205951
0.00196671
0.00188151
0.00180312
0.00173095
0.00166451
0.00160347
0.00154758
0.0014967
0.00145072
0.00140958
0.00137317
0.00134136
0.00131396
0.00129071
0.00127129
0.00125534
0.00124246
0.00123223
0.00122424
0.00121811
0.00121348
0.00121005
0.00120755
0.00120575
0.00120448
0.0012036
0.001203
0.00120259
0.00120232
0.00120215
0.00120204
0.00120197
0.00120193
0.00120191
0.00120191
0.00120192
0.00120195
0.00120201
0.00120211
0.00120229
0.00120257
0.00120302
0.00120377
0.00120496
0.00120684
0.00120975
0.00121409
0.00122027
0.00122845
0.00123851
0.00347948
0.00324137
0.00303127
0.00284476
0.00267823
0.00252877
0.00239398
0.0022719
0.00216087
0.00205953
0.00196673
0.00188152
0.00180314
0.00173097
0.00166453
0.00160348
0.00154759
0.00149671
0.00145074
0.00140959
0.00137318
0.00134137
0.00131397
0.00129072
0.0012713
0.00125535
0.00124246
0.00123223
0.00122424
0.00121811
0.00121348
0.00121005
0.00120755
0.00120575
0.00120448
0.0012036
0.001203
0.00120259
0.00120232
0.00120215
0.00120204
0.00120197
0.00120193
0.00120191
0.00120191
0.00120192
0.00120195
0.00120201
0.00120211
0.00120229
0.00120257
0.00120302
0.00120377
0.00120496
0.00120685
0.00120977
0.00121413
0.00122035
0.00122858
0.00123869
0.00347948
0.00324137
0.00303128
0.00284476
0.00267823
0.00252878
0.00239399
0.00227191
0.00216089
0.00205955
0.00196675
0.00188155
0.00180317
0.00173099
0.00166455
0.00160351
0.00154762
0.00149674
0.00145076
0.00140962
0.0013732
0.00134139
0.00131398
0.00129073
0.00127131
0.00125536
0.00124247
0.00123223
0.00122424
0.00121811
0.00121348
0.00121005
0.00120755
0.00120575
0.00120448
0.0012036
0.001203
0.00120259
0.00120232
0.00120215
0.00120204
0.00120197
0.00120193
0.00120191
0.00120191
0.00120192
0.00120195
0.00120201
0.00120211
0.00120228
0.00120257
0.00120302
0.00120377
0.00120496
0.00120686
0.0012098
0.00121419
0.00122048
0.00122881
0.00123905
0.00347948
0.00324137
0.00303128
0.00284477
0.00267824
0.00252879
0.00239401
0.00227193
0.00216091
0.00205957
0.00196678
0.00188158
0.0018032
0.00173103
0.00166459
0.00160354
0.00154765
0.00149677
0.00145079
0.00140964
0.00137323
0.00134141
0.001314
0.00129075
0.00127132
0.00125537
0.00124248
0.00123224
0.00122425
0.00121811
0.00121348
0.00121005
0.00120755
0.00120575
0.00120448
0.0012036
0.001203
0.00120259
0.00120232
0.00120215
0.00120204
0.00120197
0.00120193
0.00120191
0.00120191
0.00120192
0.00120195
0.00120201
0.00120211
0.00120228
0.00120257
0.00120302
0.00120377
0.00120497
0.00120688
0.00120984
0.00121429
0.00122067
0.00122915
0.00123961
0.00347948
0.00324137
0.00303128
0.00284478
0.00267826
0.00252881
0.00239404
0.00227196
0.00216094
0.00205961
0.00196682
0.00188162
0.00180324
0.00173107
0.00166463
0.00160359
0.0015477
0.00149681
0.00145083
0.00140968
0.00137326
0.00134144
0.00131403
0.00129077
0.00127134
0.00125538
0.00124249
0.00123225
0.00122425
0.00121812
0.00121349
0.00121005
0.00120755
0.00120575
0.00120448
0.0012036
0.001203
0.00120259
0.00120232
0.00120215
0.00120204
0.00120197
0.00120193
0.00120191
0.00120191
0.00120192
0.00120195
0.00120201
0.00120211
0.00120228
0.00120257
0.00120302
0.00120377
0.00120498
0.0012069
0.00120989
0.00121441
0.00122092
0.0012296
0.00124037
0.00347948
0.00324137
0.00303129
0.00284479
0.00267827
0.00252883
0.00239406
0.002272
0.00216098
0.00205965
0.00196686
0.00188167
0.00180329
0.00173112
0.00166469
0.00160364
0.00154775
0.00149686
0.00145088
0.00140972
0.0013733
0.00134148
0.00131406
0.00129079
0.00127136
0.0012554
0.0012425
0.00123226
0.00122426
0.00121812
0.00121349
0.00121005
0.00120755
0.00120575
0.00120448
0.0012036
0.001203
0.00120259
0.00120232
0.00120215
0.00120204
0.00120197
0.00120193
0.00120191
0.00120191
0.00120192
0.00120195
0.00120201
0.00120211
0.00120228
0.00120257
0.00120303
0.00120378
0.00120499
0.00120692
0.00120996
0.00121455
0.00122123
0.00123017
0.00124136
0.00347948
0.00324137
0.00303129
0.0028448
0.00267829
0.00252886
0.0023941
0.00227204
0.00216103
0.0020597
0.00196692
0.00188173
0.00180336
0.00173119
0.00166475
0.0016037
0.00154781
0.00149692
0.00145094
0.00140978
0.00137335
0.00134152
0.0013141
0.00129082
0.00127139
0.00125542
0.00124252
0.00123227
0.00122427
0.00121813
0.00121349
0.00121006
0.00120755
0.00120575
0.00120448
0.0012036
0.001203
0.00120259
0.00120232
0.00120215
0.00120204
0.00120197
0.00120193
0.00120191
0.00120191
0.00120192
0.00120195
0.00120201
0.00120211
0.00120228
0.00120257
0.00120303
0.00120378
0.001205
0.00120696
0.00121003
0.00121473
0.0012216
0.00123086
0.00124261
0.00347948
0.00324137
0.0030313
0.00284481
0.00267832
0.00252889
0.00239414
0.00227208
0.00216108
0.00205977
0.00196699
0.0018818
0.00180343
0.00173126
0.00166483
0.00160378
0.00154789
0.00149699
0.001451
0.00140984
0.0013734
0.00134157
0.00131414
0.00129086
0.00127142
0.00125544
0.00124253
0.00123228
0.00122428
0.00121813
0.0012135
0.00121006
0.00120755
0.00120575
0.00120448
0.0012036
0.001203
0.00120259
0.00120232
0.00120215
0.00120204
0.00120197
0.00120193
0.00120191
0.00120191
0.00120192
0.00120195
0.00120201
0.00120211
0.00120228
0.00120257
0.00120303
0.00120378
0.00120501
0.00120699
0.00121012
0.00121493
0.00122205
0.00123169
0.00124414
0.00347948
0.00324138
0.00303131
0.00284483
0.00267835
0.00252893
0.00239419
0.00227214
0.00216115
0.00205984
0.00196706
0.00188188
0.00180351
0.00173135
0.00166492
0.00160387
0.00154797
0.00149707
0.00145108
0.00140991
0.00137347
0.00134163
0.00131419
0.0012909
0.00127145
0.00125547
0.00124256
0.0012323
0.00122429
0.00121814
0.0012135
0.00121006
0.00120755
0.00120575
0.00120448
0.0012036
0.001203
0.00120259
0.00120232
0.00120215
0.00120204
0.00120197
0.00120193
0.00120191
0.00120191
0.00120192
0.00120195
0.00120201
0.00120211
0.00120228
0.00120257
0.00120303
0.00120379
0.00120503
0.00120703
0.00121022
0.00121516
0.00122256
0.00123267
0.00124601
0.00347948
0.00324138
0.00303132
0.00284485
0.00267838
0.00252897
0.00239424
0.00227221
0.00216122
0.00205992
0.00196715
0.00188197
0.00180361
0.00173145
0.00166502
0.00160397
0.00154807
0.00149717
0.00145117
0.00140999
0.00137355
0.00134169
0.00131425
0.00129095
0.00127149
0.0012555
0.00124258
0.00123232
0.0012243
0.00121815
0.00121351
0.00121007
0.00120756
0.00120576
0.00120448
0.0012036
0.001203
0.00120259
0.00120232
0.00120215
0.00120204
0.00120197
0.00120193
0.00120191
0.00120191
0.00120192
0.00120195
0.00120201
0.00120211
0.00120228
0.00120257
0.00120303
0.0012038
0.00120505
0.00120707
0.00121033
0.00121541
0.00122316
0.00123381
0.00124828
0.00347948
0.00324138
0.00303134
0.00284488
0.00267842
0.00252902
0.0023943
0.00227228
0.00216131
0.00206001
0.00196725
0.00188208
0.00180373
0.00173157
0.00166513
0.00160408
0.00154818
0.00149728
0.00145127
0.00141009
0.00137363
0.00134177
0.00131431
0.00129101
0.00127154
0.00125554
0.00124261
0.00123234
0.00122432
0.00121816
0.00121352
0.00121007
0.00120756
0.00120576
0.00120448
0.0012036
0.001203
0.00120259
0.00120232
0.00120215
0.00120204
0.00120197
0.00120193
0.00120191
0.00120191
0.00120192
0.00120195
0.00120201
0.00120211
0.00120228
0.00120257
0.00120303
0.0012038
0.00120506
0.00120712
0.00121045
0.0012157
0.00122383
0.00123513
0.00125102
0.00347949
0.00324139
0.00303135
0.00284491
0.00267847
0.00252909
0.00239438
0.00227237
0.00216141
0.00206012
0.00196737
0.00188221
0.00180386
0.0017317
0.00166527
0.00160422
0.00154831
0.0014974
0.00145139
0.0014102
0.00137373
0.00134186
0.00131439
0.00129107
0.00127159
0.00125558
0.00124264
0.00123236
0.00122434
0.00121817
0.00121353
0.00121008
0.00120756
0.00120576
0.00120449
0.0012036
0.001203
0.00120259
0.00120232
0.00120215
0.00120204
0.00120197
0.00120193
0.00120191
0.00120191
0.00120192
0.00120195
0.00120201
0.00120211
0.00120228
0.00120257
0.00120304
0.00120381
0.00120508
0.00120717
0.00121058
0.00121602
0.0012246
0.00123665
0.00125435
0.00347949
0.0032414
0.00303137
0.00284495
0.00267852
0.00252916
0.00239447
0.00227247
0.00216152
0.00206025
0.00196751
0.00188235
0.001804
0.00173185
0.00166542
0.00160437
0.00154846
0.00149755
0.00145153
0.00141032
0.00137385
0.00134196
0.00131448
0.00129115
0.00127165
0.00125563
0.00124268
0.00123239
0.00122435
0.00121819
0.00121354
0.00121008
0.00120757
0.00120576
0.00120449
0.0012036
0.001203
0.00120259
0.00120232
0.00120215
0.00120204
0.00120197
0.00120193
0.00120191
0.00120191
0.00120192
0.00120195
0.00120201
0.00120211
0.00120228
0.00120257
0.00120304
0.00120381
0.0012051
0.00120722
0.00121072
0.00121636
0.00122547
0.00123838
0.00125842
0.00347949
0.00324141
0.0030314
0.002845
0.00267859
0.00252924
0.00239457
0.00227259
0.00216165
0.00206039
0.00196766
0.00188251
0.00180417
0.00173203
0.0016656
0.00160455
0.00154863
0.00149771
0.00145168
0.00141047
0.00137398
0.00134208
0.00131458
0.00129123
0.00127172
0.00125568
0.00124272
0.00123242
0.00122438
0.0012182
0.00121354
0.00121009
0.00120757
0.00120576
0.00120449
0.0012036
0.001203
0.00120259
0.00120232
0.00120215
0.00120203
0.00120197
0.00120193
0.00120191
0.0012019
0.00120192
0.00120195
0.00120201
0.00120211
0.00120228
0.00120257
0.00120304
0.00120382
0.00120512
0.00120727
0.00121086
0.00121673
0.00122645
0.00124037
0.00126343
0.00347949
0.00324142
0.00303143
0.00284505
0.00267866
0.00252934
0.00239469
0.00227273
0.00216181
0.00206056
0.00196784
0.0018827
0.00180437
0.00173223
0.0016658
0.00160474
0.00154883
0.0014979
0.00145186
0.00141063
0.00137412
0.0013422
0.00131469
0.00129132
0.00127179
0.00125573
0.00124276
0.00123244
0.00122439
0.00121821
0.00121355
0.00121009
0.00120757
0.00120576
0.00120448
0.00120359
0.00120299
0.00120258
0.00120231
0.00120214
0.00120203
0.00120196
0.00120192
0.0012019
0.0012019
0.00120191
0.00120194
0.001202
0.0012021
0.00120227
0.00120256
0.00120303
0.00120382
0.00120513
0.00120731
0.001211
0.00121712
0.00122753
0.00124265
0.00126967
0.00347949
0.00324143
0.00303147
0.00284512
0.00267876
0.00252946
0.00239483
0.00227289
0.00216199
0.00206075
0.00196805
0.00188292
0.0018046
0.00173245
0.00166603
0.00160497
0.00154904
0.00149809
0.00145203
0.00141078
0.00137425
0.00134231
0.00131477
0.00129138
0.00127182
0.00125575
0.00124275
0.00123243
0.00122436
0.00121817
0.00121351
0.00121005
0.00120752
0.00120571
0.00120443
0.00120355
0.00120294
0.00120253
0.00120226
0.00120209
0.00120198
0.00120191
0.00120187
0.00120185
0.00120185
0.00120186
0.00120189
0.00120195
0.00120206
0.00120223
0.00120251
0.00120299
0.00120378
0.0012051
0.00120732
0.00121111
0.0012175
0.00122871
0.00124524
0.00127755
0.00347949
0.00324145
0.00303152
0.0028452
0.00267887
0.0025296
0.002395
0.00227308
0.0021622
0.00206098
0.00196829
0.00188317
0.00180484
0.0017327
0.00166625
0.00160517
0.00154921
0.00149823
0.00145212
0.00141083
0.00137424
0.00134225
0.00131466
0.00129123
0.00127165
0.00125554
0.00124253
0.0012322
0.00122413
0.00121794
0.00121328
0.00120982
0.0012073
0.00120549
0.00120421
0.00120332
0.00120272
0.00120231
0.00120204
0.00120187
0.00120176
0.00120169
0.00120165
0.00120163
0.00120163
0.00120164
0.00120167
0.00120174
0.00120184
0.00120201
0.0012023
0.00120278
0.00120357
0.00120491
0.00120717
0.00121106
0.00121775
0.00122985
0.00124811
0.00128763
0.00347949
0.00324148
0.00303159
0.00284531
0.00267901
0.00252978
0.00239521
0.00227332
0.00216246
0.00206126
0.00196857
0.00188343
0.00180508
0.00173288
0.00166636
0.00160519
0.00154911
0.001498
0.00145176
0.00141031
0.00137359
0.00134148
0.00131379
0.00129028
0.00127066
0.00125454
0.00124153
0.00123122
0.00122318
0.00121702
0.00121238
0.00120894
0.00120643
0.00120463
0.00120337
0.00120249
0.00120189
0.00120148
0.00120121
0.00120104
0.00120093
0.00120086
0.00120082
0.00120081
0.0012008
0.00120082
0.00120085
0.00120091
0.00120102
0.00120119
0.00120148
0.00120197
0.00120277
0.00120412
0.00120643
0.00121042
0.00121744
0.00123052
0.00125094
0.00130043
0.0034795
0.00324152
0.00303169
0.00284547
0.00267924
0.00253008
0.00239558
0.00227376
0.00216294
0.00206175
0.00196903
0.0018838
0.0018053
0.00173288
0.00166609
0.00160458
0.00154812
0.0014966
0.00144995
0.00140812
0.00137106
0.00133868
0.00131082
0.00128725
0.00126764
0.00125161
0.00123873
0.00122855
0.00122065
0.00121461
0.00121007
0.0012067
0.00120425
0.0012025
0.00120126
0.00120039
0.0011998
0.00119941
0.00119914
0.00119897
0.00119886
0.0011988
0.00119876
0.00119874
0.00119873
0.00119874
0.00119877
0.00119883
0.00119892
0.00119909
0.00119936
0.00119983
0.00120061
0.00120195
0.00120424
0.00120826
0.00121553
0.00122948
0.00125257
0.00131544
0.00347951
0.00324163
0.00303199
0.00284603
0.00268015
0.00253139
0.00239731
0.00227586
0.00216532
0.00206426
0.00197149
0.00188602
0.00180707
0.00173405
0.0016665
0.00160414
0.00154681
0.00149446
0.00144707
0.00140469
0.00136732
0.00133488
0.00130721
0.00128403
0.00126495
0.0012495
0.0012372
0.00122753
0.00122005
0.00121434
0.00121004
0.00120686
0.00120453
0.00120286
0.00120167
0.00120084
0.00120027
0.00119989
0.00119963
0.00119945
0.00119933
0.00119924
0.00119918
0.00119913
0.00119909
0.00119905
0.00119901
0.00119898
0.00119897
0.001199
0.0011991
0.00119935
0.00119985
0.00120082
0.00120267
0.00120611
0.00121285
0.00122638
0.00125163
0.00132936
0.00347969
0.00324256
0.00303442
0.00285067
0.00268757
0.00254189
0.00241082
0.00229204
0.00218365
0.00208413
0.00199229
0.00190726
0.00182838
0.00175527
0.0016877
0.00162558
0.00156894
0.00151782
0.00147229
0.00143234
0.00139786
0.00136857
0.00134404
0.00132375
0.00130711
0.00129356
0.00128262
0.00127388
0.00126699
0.00126165
0.0012576
0.00125459
0.00125236
0.00125075
0.00124959
0.00124876
0.00124818
0.00124776
0.00124744
0.0012472
0.00124698
0.00124678
0.00124656
0.00124631
0.00124601
0.00124563
0.00124517
0.0012446
0.00124389
0.00124303
0.001242
0.0012408
0.00123946
0.00123808
0.00123692
0.00123641
0.0012381
0.00124433
0.00126352
0.00134416
0.00348321
0.00325647
0.00306424
0.00290015
0.00275845
0.00263394
0.00252272
0.00242233
0.00233136
0.002249
0.00217483
0.00210854
0.0020499
0.00199862
0.00195433
0.00191648
0.0018844
0.00185726
0.00183418
0.00181422
0.00179649
0.00178018
0.00176469
0.00174975
0.00173541
0.00172197
0.00170986
0.00169943
0.00169086
0.00168415
0.00167913
0.00167543
0.00167273
0.00167079
0.00166937
0.00166833
0.00166752
0.00166685
0.00166624
0.00166562
0.00166495
0.00166415
0.00166317
0.00166195
0.0016604
0.00165843
0.00165592
0.00165272
0.00164866
0.00164351
0.00163702
0.00162886
0.00161865
0.00160597
0.0015903
0.00157101
0.00154762
0.00151831
0.00148584
0.00148718
0.0035494
0.00344486
0.00340547
0.00341521
0.0034581
0.00352096
0.00359547
0.00367682
0.00376186
0.00384807
0.00393299
0.00401387
0.00408787
0.0041523
0.004205
0.00424454
0.00427012
0.00428147
0.00427876
0.00426279
0.00423525
0.00419889
0.00415733
0.00411455
0.00407417
0.00403887
0.00401006
0.00398799
0.00397201
0.00396096
0.0039535
0.00394859
0.00394537
0.00394321
0.00394166
0.00394046
0.00393942
0.00393841
0.00393732
0.00393606
0.00393453
0.00393261
0.00393018
0.00392707
0.0039231
0.00391801
0.00391149
0.00390314
0.00389246
0.00387883
0.00386144
0.00383927
0.00381099
0.00377483
0.00372831
0.00366765
0.00358675
0.00346929
0.00328828
0.00296351
0.00510096
0.0064528
0.00771273
0.00881071
0.00970929
0.0103996
0.0108936
0.0112169
0.0114015
0.0114817
0.0114891
0.0114516
0.0113909
0.0113223
0.0112552
0.0111937
0.0111389
0.0110901
0.0110464
0.0110076
0.0109738
0.0109453
0.0109225
0.0109051
0.0108928
0.0108846
0.0108795
0.0108766
0.0108751
0.0108743
0.010874
0.0108741
0.0108743
0.0108748
0.0108755
0.0108763
0.0108775
0.010879
0.010881
0.0108836
0.0108869
0.0108911
0.0108966
0.0109037
0.0109128
0.0109246
0.0109396
0.010959
0.0109839
0.0110159
0.0110569
0.0111094
0.0111766
0.0112626
0.0113712
0.0115124
0.0116721
0.011937
0.0118907
0.0126085
0.00591595
0.0064377
0.00728822
0.00820008
0.00909174
0.00992909
0.0106724
0.0112922
0.0117427
0.0120166
0.0121392
0.0121451
0.0120701
0.0119428
0.0117768
0.0115682
0.0112358
0.0108998
0.010619
0.0107856
0.0110675
0.0113619
0.0116336
0.0118763
0.012094
0.0122953
0.0124956
0.0127191
0.0129907
0.0133878
0.0135761
0.0137613
0.017059
0.014632
0.0182357
0.0160218
0.017689
0.015854
0.0144309
0.013176
0.0122642
0.0116634
0.0112977
0.0111101
0.0110632
0.01113
0.0112866
0.0115065
0.0117567
0.0119984
0.0121917
0.0123034
0.0123344
0.0123235
0.0122959
0.0122608
0.0122193
0.0121618
0.0121012
0.0118842
0.00745655
0.00616895
0.005187
0.00460405
0.00427768
0.00409748
0.00400505
0.00396887
0.00399137
0.00405156
0.00413637
0.00423417
0.00433649
0.00443929
0.00454709
0.00468663
0.00493556
0.00510016
0.00501019
0.00491339
0.00480795
0.00473471
0.0046875
0.00465172
0.00461797
0.00457897
0.00452573
0.00444532
0.00431897
0.0041011
0.00371601
0.00304186
0.00519831
0.0109568
0.0527608
0.0440864
0.0496163
0.0403272
0.0323789
0.0259038
0.0209996
0.0173839
0.0146804
0.0125858
0.0109042
0.009525
0.0083931
0.00748445
0.00678795
0.00629165
0.00597377
0.0057978
0.00570945
0.0056469
0.00558615
0.00552893
0.00548561
0.00547279
0.00550664
0.00573283
0.00318601
0.00272214
0.00237258
0.0021406
0.00198617
0.00187928
0.0018039
0.00175177
0.00171723
0.00170258
0.00170022
0.00170681
0.00172127
0.00174372
0.00177598
0.00182847
0.00192977
0.00195252
0.00191218
0.00188421
0.00185757
0.00183743
0.00182186
0.00180763
0.00179268
0.0017753
0.00175322
0.00172368
0.00168262
0.00163044
0.00157214
0.00171448
0.00270761
0.00665479
0.0364622
0.0500868
0.0539787
0.0437296
0.0331515
0.0250521
0.0193018
0.0152432
0.0122908
0.0100447
0.00826525
0.00682156
0.00564624
0.00470375
0.00397002
0.00342055
0.00302525
0.00274907
0.00255948
0.00243203
0.00234314
0.00227646
0.00222518
0.00218759
0.00216943
0.00218953
0.00178972
0.00162621
0.00151567
0.00144376
0.00139578
0.00136245
0.00133886
0.00132216
0.00131038
0.00130325
0.0012996
0.00129783
0.00129729
0.0012981
0.00130116
0.00130974
0.00133267
0.00133326
0.00131893
0.00130442
0.00129101
0.00128023
0.0012716
0.0012645
0.00125857
0.00125354
0.00124927
0.00124615
0.00124651
0.00126054
0.00132745
0.00158615
0.00222934
0.00455353
0.0189673
0.0311306
0.0381793
0.0313668
0.0225387
0.0160216
0.0117412
0.00892654
0.0069939
0.00559443
0.00453729
0.0037215
0.00309118
0.00261051
0.00225162
0.00198966
0.00180165
0.00166755
0.00157169
0.001503
0.00145403
0.00141835
0.00139131
0.00137048
0.00135672
0.0013515
0.00143273
0.00139293
0.00136306
0.00134161
0.00132548
0.00131269
0.00130233
0.00129388
0.00128689
0.00128094
0.00127578
0.00127089
0.00126595
0.00126086
0.00125587
0.00125183
0.00125116
0.00124783
0.00124211
0.00123438
0.00122658
0.00121981
0.00121416
0.00120963
0.00120627
0.00120422
0.00120391
0.00120669
0.00121648
0.00124713
0.00133434
0.00157855
0.00209275
0.00348315
0.0100051
0.0149272
0.0161308
0.0130749
0.00921308
0.0064257
0.00468381
0.00360771
0.00292081
0.00246366
0.0021486
0.0019263
0.00176699
0.00165108
0.00156496
0.00149903
0.00144655
0.00140304
0.00136578
0.00133352
0.00130586
0.00128266
0.00126352
0.00124794
0.00123577
0.00122689
0.00134795
0.00135237
0.00134724
0.00133994
0.0013321
0.00132408
0.00131628
0.00130891
0.00130199
0.00129539
0.00128884
0.00128217
0.00127524
0.00126802
0.00126063
0.00125341
0.00124725
0.00124217
0.00123723
0.00123112
0.00122499
0.00121957
0.00121504
0.00121148
0.00120894
0.00120762
0.00120806
0.00121184
0.00122327
0.00125625
0.00134109
0.00154802
0.00199156
0.00288156
0.00591159
0.00754271
0.00635563
0.00487872
0.00360189
0.00274986
0.00222828
0.00191308
0.00172165
0.00160525
0.00153475
0.00149183
0.00146439
0.00144441
0.00142678
0.00140853
0.00138835
0.00136608
0.00134239
0.00131845
0.00129549
0.00127459
0.00125642
0.00124125
0.00122901
0.00121939
0.00132796
0.00134533
0.0013468
0.0013432
0.00133772
0.00133113
0.00132405
0.00131684
0.00130967
0.00130252
0.00129522
0.00128769
0.00127989
0.00127187
0.00126377
0.00125589
0.00124881
0.00124305
0.0012377
0.00123194
0.0012264
0.0012216
0.00121768
0.00121465
0.00121256
0.00121158
0.00121229
0.00121637
0.00122817
0.0012608
0.00134076
0.00151421
0.00190437
0.00251383
0.00399051
0.00454668
0.00375742
0.00296023
0.00238675
0.00201819
0.0017887
0.00164675
0.00156
0.00150847
0.00147905
0.00146251
0.00145209
0.00144293
0.00143183
0.00141704
0.00139812
0.0013757
0.00135117
0.00132617
0.00130224
0.0012805
0.00126163
0.00124592
0.00123331
0.00122349
0.0013196
0.00133929
0.00134215
0.00133944
0.0013347
0.00132864
0.00132189
0.00131486
0.00130772
0.0013005
0.00129312
0.00128553
0.00127771
0.00126974
0.00126178
0.00125414
0.00124733
0.00124152
0.00123605
0.00123061
0.00122552
0.00122118
0.00121767
0.00121499
0.00121317
0.0012124
0.00121328
0.00121754
0.00122957
0.00126146
0.00133695
0.00148521
0.00182707
0.00227385
0.00303324
0.00324974
0.00283714
0.0023999
0.00207373
0.00185391
0.00171133
0.00162065
0.00156422
0.00153005
0.00150962
0.00149655
0.00148597
0.00147433
0.00145934
0.00143995
0.00141627
0.00138942
0.00136111
0.00133318
0.00130715
0.00128402
0.00126429
0.00124808
0.00123522
0.00122537
0.00131169
0.00133055
0.00133357
0.00133118
0.00132684
0.00132115
0.00131472
0.00130798
0.0013011
0.00129413
0.00128702
0.00127974
0.00127229
0.00126475
0.00125729
0.00125022
0.00124395
0.00123842
0.00123319
0.00122819
0.00122358
0.00121966
0.00121652
0.00121413
0.00121254
0.00121196
0.00121304
0.00121753
0.00122982
0.00126104
0.00133251
0.00146229
0.00175811
0.00210923
0.00252639
0.00262473
0.00240349
0.00214545
0.00193957
0.00179374
0.0016959
0.00163205
0.00159107
0.00156476
0.00154698
0.00153298
0.0015191
0.00150272
0.00148231
0.00145745
0.00142875
0.00139768
0.00136611
0.00133585
0.0013083
0.00128428
0.0012641
0.00124773
0.0012349
0.00122518
0.00130331
0.00132068
0.00132374
0.00132165
0.00131767
0.00131236
0.00130629
0.0012999
0.00129338
0.00128676
0.00128004
0.00127319
0.00126623
0.00125924
0.00125237
0.0012459
0.00124018
0.00123505
0.00123021
0.00122568
0.00122153
0.00121801
0.00121518
0.00121304
0.00121166
0.00121125
0.00121251
0.00121724
0.00122977
0.00126036
0.00132819
0.00144421
0.00169877
0.00199209
0.00224258
0.0022945
0.00216824
0.00200617
0.00186945
0.0017686
0.00169853
0.00165089
0.00161837
0.00159528
0.00157713
0.00156039
0.00154232
0.00152104
0.00149562
0.00146615
0.00143362
0.00139966
0.00136614
0.00133471
0.00130658
0.00128237
0.00126227
0.00124612
0.00123355
0.00122412
0.00129517
0.00131113
0.0013143
0.00131257
0.00130896
0.00130404
0.00129834
0.00129232
0.00128616
0.00127992
0.00127359
0.00126718
0.0012607
0.00125423
0.0012479
0.00124197
0.00123673
0.00123201
0.00122757
0.00122348
0.00121974
0.00121655
0.00121399
0.00121206
0.00121085
0.0012106
0.00121203
0.00121698
0.00122972
0.00125971
0.00132422
0.00142978
0.00164929
0.00190611
0.00207516
0.00210845
0.00203278
0.00192573
0.00183248
0.00176029
0.00170745
0.00166907
0.00164047
0.00161772
0.0015976
0.00157745
0.00155526
0.00152969
0.00150029
0.00146751
0.00143252
0.00139702
0.00136272
0.0013311
0.00130313
0.0012793
0.00125966
0.00124399
0.00123187
0.00122282
0.00128778
0.00130257
0.00130591
0.00130456
0.00130133
0.00129677
0.00129143
0.00128576
0.00127994
0.00127405
0.00126808
0.00126206
0.001256
0.00124998
0.00124413
0.00123866
0.00123382
0.00122945
0.00122537
0.00122165
0.00121825
0.00121535
0.001213
0.00121125
0.00121017
0.00121006
0.00121165
0.00121679
0.0012297
0.00125915
0.00132065
0.00141812
0.00160848
0.00184092
0.00197121
0.00199883
0.00195296
0.00188154
0.00181461
0.00175979
0.00171694
0.00168328
0.00165586
0.00163198
0.00160929
0.00158582
0.00156005
0.0015311
0.00149884
0.00146393
0.00142764
0.00139159
0.00135735
0.00132617
0.00129884
0.00127572
0.00125677
0.00124173
0.00123014
0.00122153
0.00128133
0.00129516
0.00129871
0.00129774
0.00129485
0.00129063
0.00128561
0.00128025
0.00127474
0.00126914
0.0012635
0.00125781
0.00125211
0.00124647
0.00124102
0.00123592
0.00123141
0.00122734
0.00122357
0.00122015
0.00121703
0.00121436
0.00121219
0.00121057
0.00120962
0.00120962
0.00121135
0.00121667
0.00122973
0.00125869
0.00131749
0.00140856
0.00157603
0.00179006
0.00190315
0.00193173
0.00190528
0.00185653
0.00180631
0.00176199
0.00172463
0.00169295
0.00166519
0.00163953
0.00161423
0.00158782
0.00155917
0.00152771
0.00149353
0.00145743
0.00142067
0.00138475
0.00135107
0.00132069
0.00129425
0.00127201
0.00125386
0.00123951
0.0012285
0.00122033
0.00127582
0.00128888
0.00129264
0.00129201
0.00128944
0.0012855
0.00128077
0.00127568
0.00127043
0.0012651
0.00125972
0.00125432
0.00124892
0.0012436
0.00123847
0.00123369
0.00122944
0.00122562
0.0012221
0.00121893
0.00121603
0.00121354
0.00121152
0.00121002
0.00120915
0.00120925
0.00121111
0.00121661
0.00122979
0.00125831
0.00131473
0.00140062
0.00154972
0.00174913
0.0018558
0.00188873
0.00187599
0.00184203
0.00180248
0.00176432
0.00172967
0.00169837
0.0016695
0.00164186
0.00161419
0.00158534
0.00155448
0.00152127
0.00148595
0.00144934
0.00141267
0.0013773
0.00134448
0.00131509
0.00128967
0.00126837
0.00125106
0.00123741
0.00122696
0.00121923
0.00127116
0.0012836
0.00128756
0.00128725
0.00128494
0.00128126
0.00127677
0.00127191
0.00126688
0.00126177
0.00125662
0.00125145
0.00124631
0.00124125
0.00123638
0.00123186
0.00122783
0.00122421
0.00122089
0.00121792
0.0012152
0.00121286
0.00121096
0.00120955
0.00120877
0.00120896
0.00121093
0.00121659
0.00122989
0.00125802
0.00131235
0.00139403
0.00152844
0.00171524
0.00182051
0.00185919
0.00185674
0.00183272
0.00179997
0.0017653
0.00173171
0.00169992
0.00166966
0.00164016
0.00161047
0.00157971
0.00154727
0.00151295
0.00147707
0.00144046
0.00140427
0.00136972
0.00133792
0.00130962
0.00128525
0.0012649
0.00124842
0.00123546
0.00122555
0.00121824
0.00126724
0.00127918
0.00128335
0.00128332
0.00128124
0.00127778
0.00127349
0.00126882
0.00126398
0.00125905
0.00125409
0.00124912
0.00124418
0.00123934
0.00123469
0.00123037
0.00122652
0.00122307
0.00121991
0.00121709
0.00121452
0.0012123
0.00121049
0.00120915
0.00120844
0.00120871
0.0012108
0.00121661
0.00123002
0.00125783
0.00131035
0.00138859
0.0015112
0.00168654
0.00179225
0.00183688
0.00184241
0.00182525
0.00179676
0.00176398
0.0017306
0.00169802
0.00166642
0.00163533
0.00160406
0.00157191
0.00153843
0.00150351
0.00146754
0.00143129
0.00139583
0.00136227
0.00133157
0.00130439
0.00128107
0.00126166
0.00124597
0.00123366
0.00122427
0.00121734
0.00126395
0.00127552
0.00127987
0.0012801
0.00127822
0.00127493
0.00127082
0.00126631
0.00126162
0.00125685
0.00125204
0.00124723
0.00124246
0.00123779
0.00123332
0.00122917
0.00122546
0.00122213
0.00121911
0.00121642
0.00121396
0.00121183
0.00121009
0.00120882
0.00120816
0.0012085
0.0012107
0.00121667
0.00123019
0.00125773
0.00130869
0.00138413
0.00149724
0.00166186
0.00176821
0.00181819
0.00182997
0.00181769
0.00179194
0.00176021
0.00172666
0.00169326
0.0016605
0.00162816
0.00159572
0.00156264
0.00152857
0.00149349
0.00145776
0.00142213
0.00138758
0.0013551
0.00132554
0.00129946
0.00127716
0.00125865
0.00124371
0.00123201
0.0012231
0.00121653
0.00126123
0.00127251
0.00127705
0.0012775
0.00127578
0.00127265
0.00126868
0.0012643
0.00125974
0.00125509
0.0012504
0.00124572
0.00124108
0.00123656
0.00123223
0.0012282
0.0012246
0.00122138
0.00121847
0.00121588
0.00121351
0.00121145
0.00120976
0.00120853
0.00120793
0.00120834
0.00121065
0.00121677
0.00123041
0.00125773
0.00130738
0.00138054
0.00148601
0.00164048
0.00174686
0.00180119
0.00181778
0.00180906
0.00178519
0.00175407
0.00172026
0.00168616
0.00165252
0.00161928
0.00158608
0.00155247
0.00151819
0.00148325
0.00144803
0.0014132
0.00137967
0.00134831
0.00131988
0.00129489
0.00127356
0.00125589
0.00124166
0.00123052
0.00122205
0.00121581
0.00125898
0.00127008
0.00127479
0.00127545
0.00127387
0.00127085
0.001267
0.00126273
0.00125827
0.00125371
0.00124912
0.00124454
0.00124001
0.00123559
0.00123137
0.00122745
0.00122394
0.00122079
0.00121796
0.00121544
0.00121314
0.00121114
0.00120949
0.0012083
0.00120774
0.00120821
0.00121063
0.0012169
0.00123067
0.00125783
0.00130639
0.00137773
0.00147707
0.00162197
0.00172749
0.00178494
0.00180514
0.00179904
0.00177655
0.00174578
0.00171184
0.00167728
0.00164307
0.00160929
0.00157566
0.00154185
0.00150766
0.00147311
0.00143857
0.00140466
0.00137219
0.00134195
0.00131463
0.00129067
0.00127026
0.00125338
0.00123979
0.00122917
0.0012211
0.00121516
0.00125716
0.00126815
0.00127305
0.00127388
0.00127241
0.0012695
0.00126574
0.00126155
0.00125716
0.00125268
0.00124816
0.00124365
0.00123921
0.00123487
0.00123073
0.00122689
0.00122343
0.00122034
0.00121757
0.00121511
0.00121286
0.00121089
0.00120928
0.00120811
0.00120759
0.00120812
0.00121064
0.00121707
0.00123098
0.00125804
0.00130571
0.00137563
0.00147009
0.00160603
0.00170979
0.00176917
0.00179191
0.00178774
0.00176633
0.0017359
0.00170198
0.00166721
0.00163271
0.00159866
0.00156491
0.00153117
0.00149728
0.00146329
0.00142954
0.0013966
0.0013652
0.00133607
0.00130981
0.00128682
0.00126727
0.0012511
0.00123812
0.00122797
0.00122026
0.00121458
0.00125572
0.00126669
0.00127177
0.00127277
0.00127139
0.00126855
0.00126486
0.00126073
0.00125639
0.00125196
0.00124749
0.00124304
0.00123865
0.00123437
0.00123029
0.00122649
0.00122307
0.00122002
0.00121729
0.00121486
0.00121264
0.0012107
0.00120911
0.00120796
0.00120747
0.00120807
0.00121069
0.00121728
0.00123134
0.00125837
0.00130534
0.00137419
0.00146481
0.00159248
0.00169372
0.0017539
0.00177828
0.0017755
0.00175498
0.00172498
0.00169122
0.00165645
0.00162189
0.00158783
0.00155418
0.0015207
0.00148728
0.00145396
0.00142106
0.00138911
0.00135876
0.00133068
0.00130542
0.00128333
0.00126456
0.00124906
0.00123661
0.00122689
0.0012195
0.00121407
0.00125463
0.00126565
0.00127093
0.00127206
0.00127076
0.00126797
0.00126433
0.00126024
0.00125594
0.00125153
0.00124709
0.00124267
0.00123831
0.00123407
0.00123002
0.00122625
0.00122284
0.00121981
0.00121711
0.0012147
0.0012125
0.00121056
0.00120898
0.00120785
0.00120739
0.00120805
0.00121078
0.00121753
0.00123176
0.0012588
0.00130525
0.00137335
0.00146104
0.00158117
0.00167931
0.00173936
0.00176459
0.00176276
0.00174298
0.00171348
0.00168001
0.00164541
0.00161101
0.00157715
0.00154377
0.0015107
0.00147784
0.00144524
0.00141321
0.00138222
0.00135288
0.00132579
0.00130145
0.00128018
0.00126213
0.00124724
0.00123528
0.00122593
0.00121884
0.00121361
0.00125387
0.00126502
0.0012705
0.00127176
0.0012705
0.00126775
0.00126414
0.00126007
0.00125577
0.00125137
0.00124695
0.00124254
0.00123819
0.00123396
0.00122992
0.00122615
0.00122274
0.00121971
0.00121702
0.00121462
0.00121241
0.00121048
0.0012089
0.00120778
0.00120735
0.00120806
0.00121091
0.00121783
0.00123224
0.00125936
0.00130544
0.00137308
0.00145862
0.00157196
0.00166667
0.0017258
0.00175125
0.00174998
0.00173082
0.00170185
0.00166876
0.0016345
0.00160043
0.0015669
0.00153392
0.00150134
0.00146909
0.00143723
0.00140604
0.00137597
0.00134757
0.00132138
0.00129789
0.00127738
0.00125998
0.00124562
0.00123409
0.00122509
0.00121826
0.00121322
0.00125342
0.00126478
0.00127047
0.00127184
0.00127061
0.00126788
0.00126427
0.0012602
0.0012559
0.00125149
0.00124705
0.00124263
0.00123828
0.00123403
0.00122998
0.00122619
0.00122276
0.00121971
0.00121702
0.00121461
0.00121239
0.00121045
0.00120886
0.00120775
0.00120734
0.00120811
0.00121107
0.00121818
0.00123279
0.00126004
0.0013059
0.00137336
0.00145742
0.00156478
0.00165587
0.00171351
0.00173863
0.00173761
0.00171895
0.00169052
0.00165785
0.00162408
0.00159043
0.00155733
0.00152481
0.00149276
0.00146113
0.00142999
0.0013996
0.00137037
0.00134283
0.00131747
0.00129473
0.0012749
0.00125807
0.0012442
0.00123306
0.00122436
0.00121775
0.00121288
0.00125328
0.00126493
0.00127084
0.0012723
0.00127109
0.00126835
0.00126473
0.00126064
0.00125631
0.00125186
0.00124739
0.00124295
0.00123856
0.00123429
0.0012302
0.00122638
0.0012229
0.00121982
0.00121711
0.00121468
0.00121244
0.00121047
0.00120887
0.00120776
0.00120737
0.0012082
0.00121128
0.00121857
0.00123341
0.00126084
0.00130663
0.00137415
0.00145737
0.00155952
0.001647
0.00170272
0.00172708
0.00172605
0.00170774
0.00167984
0.00164771
0.00161443
0.00158125
0.00154861
0.00151657
0.00148505
0.00145402
0.00142355
0.00139389
0.00136543
0.00133865
0.00131403
0.00129196
0.00127273
0.00125641
0.00124296
0.00123216
0.00122372
0.00121731
0.00121258
0.00125345
0.00126547
0.00127162
0.00127315
0.00127193
0.00126916
0.00126552
0.00126138
0.001257
0.00125251
0.00124799
0.00124349
0.00123905
0.00123472
0.00123058
0.0012267
0.00122316
0.00122003
0.00121729
0.00121482
0.00121254
0.00121054
0.00120893
0.00120781
0.00120744
0.00120833
0.00121153
0.00121902
0.0012341
0.00126178
0.00130763
0.00137543
0.0014584
0.00155611
0.00164012
0.00169365
0.00171691
0.00171561
0.00169754
0.0016701
0.00163851
0.00160574
0.00157304
0.00154088
0.00150931
0.00147829
0.00144781
0.00141794
0.00138893
0.00136114
0.00133503
0.00131105
0.00128957
0.00127085
0.00125499
0.0012419
0.00123139
0.00122318
0.00121694
0.00121234
0.00125394
0.00126641
0.00127281
0.00127439
0.00127315
0.00127034
0.00126664
0.00126244
0.00125799
0.00125343
0.00124883
0.00124426
0.00123975
0.00123535
0.00123112
0.00122716
0.00122354
0.00122035
0.00121756
0.00121504
0.00121271
0.00121067
0.00120903
0.0012079
0.00120755
0.0012085
0.00121182
0.00121952
0.00123487
0.00126285
0.00130888
0.00137717
0.00146044
0.00155452
0.00163528
0.00168645
0.00170837
0.00170659
0.00168862
0.00166157
0.00163048
0.00159819
0.00156596
0.00153424
0.00150311
0.00147254
0.00144253
0.00141317
0.00138471
0.0013575
0.00133195
0.00130852
0.00128754
0.00126927
0.00125378
0.001241
0.00123075
0.00122273
0.00121664
0.00121213
0.00125476
0.00126778
0.00127444
0.00127606
0.00127476
0.0012719
0.00126812
0.00126383
0.00125929
0.00125463
0.00124994
0.00124528
0.00124067
0.00123617
0.00123184
0.00122778
0.00122405
0.00122078
0.00121793
0.00121534
0.00121295
0.00121086
0.00120918
0.00120804
0.0012077
0.00120871
0.00121216
0.00122007
0.00123571
0.00126406
0.00131038
0.00137934
0.00146345
0.00155468
0.00163253
0.00168127
0.00170166
0.00169923
0.0016812
0.00165445
0.00162379
0.00159193
0.00156012
0.00152879
0.00149803
0.00146783
0.00143821
0.00140927
0.00138125
0.0013545
0.00132942
0.00130643
0.00128587
0.00126797
0.00125279
0.00124027
0.00123022
0.00122237
0.00121639
0.00121197
0.00125594
0.00126961
0.00127654
0.00127817
0.0012768
0.00127385
0.00126998
0.00126558
0.00126091
0.00125614
0.00125134
0.00124656
0.00124183
0.0012372
0.00123274
0.00122855
0.0012247
0.00122133
0.0012184
0.00121574
0.00121327
0.00121112
0.00120939
0.00120823
0.0012079
0.00120897
0.00121256
0.00122069
0.00123665
0.00126542
0.00131214
0.00138189
0.00146739
0.00155658
0.00163189
0.00167823
0.00169696
0.00169371
0.0016755
0.00164892
0.0016186
0.0015871
0.00155564
0.00152462
0.00149415
0.00146422
0.00143487
0.00140624
0.00137855
0.00135214
0.00132743
0.00130479
0.00128455
0.00126694
0.00125201
0.0012397
0.00122982
0.00122209
0.0012162
0.00121184
0.00125751
0.00127194
0.00127914
0.00128075
0.0012793
0.00127623
0.00127223
0.00126769
0.00126289
0.00125798
0.00125304
0.00124811
0.00124324
0.00123846
0.00123385
0.0012295
0.0012255
0.001222
0.00121898
0.00121623
0.00121367
0.00121144
0.00120966
0.00120847
0.00120814
0.00120928
0.001213
0.00122137
0.00123766
0.00126693
0.00131412
0.00138474
0.0014722
0.00156019
0.00163343
0.00167745
0.00169441
0.00169021
0.00167167
0.00164514
0.00161505
0.00158382
0.0015526
0.0015218
0.0014915
0.00146173
0.00143255
0.0014041
0.00137662
0.00135045
0.00132598
0.00130358
0.00128359
0.00126619
0.00125144
0.00123929
0.00122952
0.00122189
0.00121607
0.00121176
0.00125952
0.00127482
0.0012823
0.00128386
0.00128228
0.00127908
0.00127493
0.00127022
0.00126525
0.00126017
0.00125506
0.00124997
0.00124492
0.00123996
0.00123517
0.00123063
0.00122646
0.00122282
0.00121969
0.00121683
0.00121416
0.00121184
0.00121
0.00120877
0.00120844
0.00120964
0.0012135
0.00122212
0.00123878
0.0012686
0.00131632
0.00138779
0.00147779
0.00156551
0.00163718
0.00167901
0.00169417
0.0016889
0.00166988
0.00164326
0.00161326
0.00158219
0.0015511
0.00152039
0.00149015
0.00146042
0.00143128
0.00140288
0.00137548
0.00134941
0.00132508
0.00130283
0.00128298
0.00126571
0.00125109
0.00123903
0.00122934
0.00122177
0.00121599
0.00121172
0.00126201
0.00127832
0.00128606
0.00128754
0.0012858
0.00128244
0.00127809
0.00127319
0.00126802
0.00126275
0.00125745
0.00125216
0.00124691
0.00124174
0.00123673
0.00123198
0.0012276
0.0012238
0.00122054
0.00121754
0.00121476
0.00121233
0.00121041
0.00120913
0.0012088
0.00121005
0.00121405
0.00122294
0.00123999
0.00127044
0.00131871
0.00139088
0.00148403
0.00157251
0.00164322
0.00168305
0.00169637
0.00168991
0.00167028
0.00164342
0.00161338
0.00158233
0.00155124
0.0015205
0.00149018
0.00146035
0.0014311
0.00140261
0.00137515
0.00134907
0.00132475
0.00130253
0.00128273
0.00126552
0.00125095
0.00123893
0.00122928
0.00122173
0.00121598
0.00121171
0.00126508
0.00128252
0.0012905
0.00129184
0.00128991
0.00128634
0.00128177
0.00127664
0.00127125
0.00126576
0.00126024
0.00125472
0.00124923
0.00124381
0.00123855
0.00123356
0.00122895
0.00122495
0.00122154
0.00121839
0.00121546
0.00121292
0.0012109
0.00120956
0.00120922
0.00121053
0.00121468
0.00122383
0.0012413
0.00127245
0.00132124
0.00139377
0.00149073
0.00158117
0.00165158
0.00168966
0.00170116
0.00169342
0.00167304
0.00164579
0.00161555
0.00158437
0.00155314
0.00152221
0.00149168
0.0014616
0.00143209
0.00140336
0.00137569
0.00134945
0.00132501
0.00130272
0.00128287
0.00126563
0.00125103
0.00123901
0.00122934
0.00122178
0.00121602
0.00121175
0.0012688
0.00128751
0.00129567
0.00129681
0.00129465
0.00129082
0.00128599
0.0012806
0.00127496
0.00126922
0.00126345
0.00125767
0.00125192
0.00124622
0.00124068
0.0012354
0.00123051
0.00122629
0.00122272
0.0012194
0.00121631
0.00121362
0.00121149
0.00121008
0.00120971
0.00121107
0.00121537
0.00122481
0.00124273
0.00127463
0.0013238
0.00139613
0.00149754
0.00159139
0.00166233
0.00169897
0.00170869
0.00169959
0.00167833
0.00165053
0.00161993
0.00158847
0.00155694
0.00152567
0.00149475
0.00146425
0.00143432
0.00140518
0.00137716
0.0013506
0.00132591
0.00130342
0.00128341
0.00126604
0.00125136
0.00123925
0.00122953
0.00122193
0.00121613
0.00121182
0.00127328
0.00129337
0.00130165
0.0013025
0.00130003
0.00129591
0.00129077
0.00128508
0.00127916
0.00127316
0.00126712
0.00126106
0.00125501
0.001249
0.00124314
0.00123753
0.00123234
0.00122787
0.0012241
0.00122058
0.0012173
0.00121445
0.00121219
0.00121068
0.00121029
0.00121169
0.00121614
0.00122588
0.00124429
0.00127697
0.00132623
0.00139751
0.00150397
0.001603
0.00167547
0.00171109
0.00171913
0.00170861
0.00168634
0.00165784
0.00162672
0.0015948
0.00156281
0.00153103
0.00149955
0.00146845
0.0014379
0.00140818
0.00137961
0.00135259
0.00132749
0.00130466
0.00128438
0.0012668
0.00125193
0.00123969
0.00122986
0.00122216
0.0012163
0.00121195
0.00127865
0.00130021
0.00130846
0.00130892
0.00130607
0.00130158
0.00129608
0.00129007
0.00128386
0.00127757
0.00127125
0.00126489
0.00125852
0.00125218
0.00124596
0.00123999
0.00123445
0.0012297
0.00122571
0.00122197
0.00121846
0.00121542
0.00121301
0.00121139
0.00121095
0.0012124
0.00121699
0.00122705
0.00124596
0.00127942
0.00132828
0.00139739
0.00150925
0.00161569
0.00169093
0.00172609
0.00173262
0.00172067
0.00169729
0.00166794
0.00163614
0.00160359
0.00157095
0.00153848
0.00150624
0.00147434
0.00144298
0.00141247
0.00138317
0.00135549
0.00132982
0.00130651
0.00128583
0.00126791
0.00125278
0.00124032
0.00123032
0.00122251
0.00121655
0.00121212
0.00128504
0.00130809
0.00131611
0.00131602
0.00131268
0.00130773
0.00130182
0.00129547
0.00128896
0.00128239
0.00127579
0.00126914
0.00126245
0.00125576
0.00124916
0.0012428
0.00123687
0.00123181
0.00122758
0.00122358
0.00121983
0.00121657
0.00121397
0.00121222
0.00121173
0.0012132
0.00121794
0.00122832
0.00124774
0.00128189
0.00132953
0.0013953
0.00151232
0.00162887
0.00170846
0.00174395
0.00174926
0.00173594
0.0017114
0.00168108
0.00164844
0.0016151
0.00158163
0.00154826
0.00151505
0.00148213
0.00144974
0.00141821
0.00138796
0.00135941
0.00133298
0.00130903
0.0012878
0.00126944
0.00125394
0.00124118
0.00123096
0.00122296
0.00121687
0.00121235
0.00129263
0.00131706
0.00132452
0.00132365
0.00131964
0.00131413
0.00130776
0.00130105
0.00129425
0.00128744
0.00128059
0.00127368
0.00126671
0.00125969
0.00125271
0.00124596
0.00123963
0.00123423
0.00122972
0.00122544
0.00122141
0.0012179
0.00121509
0.0012132
0.00121262
0.00121411
0.001219
0.0012297
0.00124958
0.00128416
0.00132937
0.00139131
0.00151187
0.00164159
0.00172751
0.00176443
0.00176903
0.00175451
0.00172882
0.00169747
0.00166386
0.00162957
0.0015951
0.00156064
0.00152624
0.00149206
0.00145837
0.00142557
0.00139412
0.00136449
0.00133709
0.0013123
0.00129037
0.00127141
0.00125543
0.0012423
0.00123177
0.00122355
0.0012173
0.00121266
0.00130154
0.00132704
0.00133347
0.00133149
0.00132657
0.00132032
0.00131341
0.00130634
0.00129931
0.00129231
0.00128531
0.00127826
0.00127109
0.00126382
0.00125653
0.00124941
0.00124269
0.00123694
0.00123215
0.00122756
0.00122323
0.00121945
0.0012164
0.00121433
0.00121366
0.00121515
0.00122016
0.00123113
0.00125133
0.00128583
0.00132708
0.00138714
0.00150688
0.00165244
0.00174702
0.0017869
0.0017916
0.00177626
0.00174958
0.00171722
0.00168259
0.00164723
0.0016116
0.00157586
0.00154005
0.00150436
0.00146911
0.00143478
0.00140186
0.00137087
0.00134228
0.00131644
0.00129361
0.00127391
0.00125733
0.00124371
0.00123281
0.00122431
0.00121785
0.00121305
0.00131191
0.00133783
0.00134254
0.00133894
0.00133274
0.00132553
0.00131799
0.00131056
0.00130334
0.00129629
0.00128932
0.00128231
0.00127514
0.0012678
0.00126036
0.00125298
0.00124594
0.0012399
0.00123482
0.00122992
0.00122528
0.0012212
0.00121789
0.00121562
0.00121482
0.00121626
0.00122134
0.00123246
0.00125264
0.00128619
0.00132234
0.00138863
0.00149831
0.00165991
0.00176528
0.00181008
0.00181608
0.00180062
0.00177333
0.00174014
0.00170454
0.00166809
0.00163123
0.00159405
0.00155664
0.00151921
0.00148216
0.001446
0.00141133
0.00137872
0.00134866
0.00132155
0.00129763
0.00127701
0.00125968
0.00124547
0.00123411
0.00122527
0.00121855
0.00121357
0.00132382
0.00134906
0.00135109
0.00134515
0.0013371
0.00132855
0.0013202
0.00131236
0.00130503
0.0012981
0.00129142
0.00128475
0.00127793
0.00127086
0.00126357
0.0012562
0.00124907
0.00124288
0.00123755
0.00123238
0.00122745
0.00122308
0.00121949
0.00121697
0.00121599
0.00121731
0.00122231
0.0012333
0.00125282
0.00128423
0.00131702
0.00141066
0.00149298
0.00166359
0.00178008
0.00183177
0.00184066
0.00182614
0.00179895
0.00176537
0.00172906
0.00169166
0.00165361
0.00161498
0.00157587
0.00153655
0.00149749
0.00145928
0.00142261
0.00138811
0.00135634
0.0013277
0.00130248
0.00128077
0.00126254
0.00124762
0.00123571
0.00122645
0.00121943
0.00121424
0.00133744
0.0013604
0.00135847
0.00134909
0.00133827
0.00132773
0.00131815
0.00130966
0.00130218
0.00129555
0.00128948
0.00128362
0.00127767
0.00127144
0.00126487
0.00125806
0.00125132
0.00124531
0.00123988
0.00123457
0.00122942
0.00122476
0.00122088
0.00121807
0.00121681
0.00121784
0.00122247
0.00123278
0.00125077
0.00127938
0.00131969
0.00148635
0.00151284
0.00166802
0.00179016
0.00184916
0.00186236
0.0018501
0.00182403
0.00179081
0.00175434
0.00171638
0.00167744
0.00163756
0.00159687
0.00155571
0.00151461
0.00147426
0.00143544
0.00139888
0.00136518
0.00133482
0.00130809
0.00128511
0.00126584
0.00125009
0.00123754
0.0012278
0.00122043
0.00121499
0.00135354
0.00137225
0.00136472
0.00135019
0.00133499
0.00132113
0.00130931
0.00129949
0.00129158
0.00128528
0.00128017
0.0012757
0.0012714
0.00126689
0.00126196
0.00125664
0.0012512
0.00124607
0.00124089
0.00123565
0.00123039
0.00122548
0.00122126
0.00121806
0.00121633
0.00121675
0.00122053
0.0012295
0.00124568
0.00127479
0.00135574
0.00168481
0.00160901
0.00169092
0.00179955
0.00186085
0.0018778
0.00186856
0.00184461
0.00181268
0.00177687
0.00173908
0.00169989
0.00165931
0.00161753
0.00157492
0.00153207
0.00148977
0.00144887
0.00141022
0.00137451
0.0013423
0.00131393
0.00128955
0.00126913
0.00125246
0.00123921
0.00122894
0.00122118
0.00121547
0.00137498
0.00138775
0.00137268
0.00135043
0.00132791
0.00130797
0.00129159
0.00127895
0.00126984
0.00126374
0.00125992
0.00125757
0.00125591
0.00125427
0.00125223
0.00124965
0.00124677
0.00124349
0.00123925
0.00123435
0.00122901
0.00122378
0.00121906
0.00121524
0.00121274
0.00121221
0.00121487
0.00122284
0.00124097
0.00128827
0.0014872
0.00214646
0.00188836
0.0017781
0.00182704
0.00187272
0.00188683
0.00187859
0.00185655
0.00182642
0.001792
0.00175532
0.0017168
0.00167641
0.00163435
0.00159102
0.00154705
0.00150327
0.00146063
0.00142009
0.00138247
0.00134843
0.00131842
0.00129263
0.00127106
0.00125349
0.00123956
0.00122879
0.00122067
0.00121471
0.00141163
0.00141924
0.00139589
0.00136285
0.0013274
0.0012957
0.00127061
0.00125247
0.00124066
0.00123415
0.00123168
0.0012319
0.00123353
0.00123547
0.00123699
0.00123776
0.00123803
0.00123715
0.00123532
0.00123073
0.00122496
0.00121896
0.00121328
0.00120846
0.00120509
0.00120418
0.0012079
0.00122118
0.00125974
0.00138127
0.00185291
0.00314959
0.00259882
0.00204074
0.0019285
0.00191286
0.00190309
0.00188598
0.00186126
0.00183093
0.00179728
0.00176158
0.00172417
0.0016847
0.00164315
0.00159984
0.00155541
0.00151075
0.00146689
0.00142492
0.0013858
0.00135032
0.00131903
0.00129221
0.00126983
0.00125168
0.00123732
0.00122625
0.00121793
0.00121185
0.00149728
0.00151114
0.00149128
0.00144725
0.00138502
0.00132932
0.00128934
0.00126312
0.00124777
0.0012403
0.00123797
0.00123844
0.00123994
0.00124124
0.00124165
0.00124102
0.00123973
0.00123845
0.0012441
0.0012384
0.00123042
0.00122211
0.00121446
0.00120888
0.00120718
0.00121231
0.00123048
0.00127689
0.00139678
0.00172997
0.0027486
0.00519078
0.0043861
0.00275473
0.00225314
0.00206879
0.00198112
0.00192697
0.00188417
0.00184473
0.00180638
0.00176775
0.00172827
0.00168745
0.00164498
0.00160096
0.00155593
0.00151077
0.00146655
0.00142438
0.00138532
0.0013502
0.00131952
0.00129344
0.00127184
0.00125436
0.00124054
0.0012298
0.00122177
0.00121561
0.00174657
0.00182529
0.00190439
0.0018937
0.00179926
0.00175125
0.0017373
0.00173417
0.0017252
0.00170276
0.00166605
0.00161833
0.00156465
0.00151004
0.00145842
0.00141192
0.00136995
0.00134686
0.00137283
0.00135543
0.00133728
0.00132251
0.00131322
0.00131437
0.00133185
0.00137414
0.00145833
0.00162468
0.00197793
0.00278493
0.00473695
0.00883156
0.0085096
0.00443407
0.00311572
0.00254962
0.00226004
0.00209363
0.00198621
0.00190842
0.00184652
0.00179347
0.00174708
0.00170329
0.00166011
0.00161705
0.00157459
0.00153374
0.00149571
0.00146159
0.00143207
0.00140724
0.0013866
0.00136936
0.00135481
0.00134251
0.00133214
0.00132334
0.00131646
0.0013085
0.00255638
0.0030431
0.00386717
0.00443101
0.00487927
0.00522455
0.00536887
0.00530327
0.00506928
0.00472438
0.00432036
0.00389804
0.00348817
0.00311239
0.00278364
0.00250391
0.00226071
0.00212438
0.00216211
0.00210367
0.00207446
0.0020701
0.00209045
0.00214562
0.00224608
0.00240822
0.00266875
0.0031109
0.00392001
0.00548574
0.00847476
0.0134618
0.0144614
0.00700243
0.00469762
0.00360746
0.00299845
0.00262898
0.00238897
0.00222347
0.00210477
0.00202293
0.00197188
0.00193952
0.00191878
0.00190681
0.00190321
0.00190856
0.00192313
0.0019457
0.00197307
0.00200066
0.00202396
0.00204011
0.0020486
0.00205085
0.00204869
0.00204348
0.00203704
0.00201199
0.00535664
0.00809985
0.012593
0.0158051
0.0165813
0.0158796
0.0145852
0.0131398
0.0117522
0.0104982
0.00938962
0.00841736
0.0075715
0.00684645
0.00623726
0.00572851
0.0052625
0.00507771
0.00528256
0.00541376
0.00557507
0.00571748
0.00585079
0.00600193
0.00619556
0.00646576
0.00687388
0.007533
0.00864789
0.0104528
0.0126133
0.0146422
0.0168782
0.00870347
0.00620471
0.00488698
0.00414711
0.00374283
0.00353955
0.00346155
0.00347735
0.00361636
0.00380609
0.0040114
0.00421481
0.00441163
0.00460165
0.00478414
0.00495475
0.00510488
0.00522422
0.00530518
0.00534663
0.00535457
0.00533946
0.00531229
0.00528217
0.00525076
0.00522646
0.0050973
0.0133939
0.011484
0.00960081
0.00931361
0.00983612
0.0102371
0.0104511
0.0105675
0.0106487
0.0107291
0.0108295
0.0109622
0.011132
0.0113357
0.0115669
0.0117981
0.0120543
0.0124908
0.0125404
0.0122486
0.0118639
0.0115285
0.0112475
0.0109701
0.0106383
0.0101927
0.00956591
0.00868247
0.00749235
0.0060286
0.00462012
0.00503327
0.00755146
0.00564901
0.00583969
0.00663752
0.00777161
0.00907936
0.0104589
0.0117939
0.0129549
0.0137412
0.0141532
0.0142558
0.0141454
0.013917
0.0136445
0.0133761
0.0131375
0.0129381
0.0127778
0.0126522
0.0125559
0.012484
0.0124324
0.0123978
0.0123752
0.0123687
0.0123217
0.0123465
)
;

boundaryField
{
    inlet
    {
        type            fixedValue;
        value           uniform 0.00375;
    }
    outlet
    {
        type            zeroGradient;
    }
    fixedWalls
    {
        type            kqRWallFunction;
        value           nonuniform List<scalar> 
240
(
0.00510096
0.0064528
0.00771273
0.00881071
0.00970929
0.0103996
0.0108936
0.0112168
0.0114015
0.0114816
0.0114891
0.0114515
0.0113908
0.0113222
0.011255
0.0111935
0.0111385
0.0110896
0.0110459
0.011007
0.010973
0.0109444
0.0109214
0.0109039
0.0108913
0.0108828
0.0108774
0.0108741
0.0108721
0.0108708
0.0108698
0.0108689
0.0108678
0.0108666
0.010865
0.010863
0.0108605
0.0108572
0.010853
0.0108476
0.0108407
0.0108317
0.0108201
0.0108052
0.0107859
0.0107611
0.0107291
0.0106877
0.0106342
0.0105651
0.0104757
0.0103596
0.0102087
0.0100114
0.0097522
0.00940735
0.00894586
0.00830783
0.00747296
0.00614324
0.00591595
0.0064377
0.00728822
0.00820008
0.00909174
0.00992909
0.0106724
0.0112922
0.0117427
0.0120166
0.0121392
0.0121451
0.0120701
0.0119428
0.0117768
0.0115682
0.0112358
0.0108998
0.010619
0.0107856
0.0110675
0.0113619
0.0116336
0.0118763
0.012094
0.0122953
0.0124956
0.0127191
0.0129907
0.0133878
0.0135761
0.0137613
0.017059
0.014632
0.0182357
0.0160218
0.017689
0.015854
0.0144309
0.013176
0.0122642
0.0116634
0.0112977
0.0111101
0.0110632
0.01113
0.0112866
0.0115065
0.0117567
0.0119984
0.0121917
0.0123034
0.0123344
0.0123235
0.0122959
0.0122608
0.0122193
0.0121618
0.0121012
0.0118842
0.00510096
0.0064528
0.00771273
0.00881071
0.00970929
0.0103996
0.0108936
0.0112169
0.0114015
0.0114817
0.0114891
0.0114516
0.0113909
0.0113223
0.0112552
0.0111937
0.0111389
0.0110901
0.0110464
0.0110076
0.0109738
0.0109453
0.0109225
0.0109051
0.0108928
0.0108846
0.0108795
0.0108766
0.0108751
0.0108743
0.010874
0.0108741
0.0108743
0.0108748
0.0108755
0.0108763
0.0108775
0.010879
0.010881
0.0108836
0.0108869
0.0108911
0.0108966
0.0109037
0.0109128
0.0109246
0.0109396
0.010959
0.0109839
0.0110159
0.0110569
0.0111094
0.0111766
0.0112626
0.0113712
0.0115124
0.0116721
0.011937
0.0118907
0.0126085
0.0133939
0.011484
0.00960081
0.00931361
0.00983612
0.0102371
0.0104511
0.0105675
0.0106487
0.0107291
0.0108295
0.0109622
0.011132
0.0113357
0.0115669
0.0117981
0.0120543
0.0124908
0.0125404
0.0122486
0.0118639
0.0115285
0.0112475
0.0109701
0.0106383
0.0101927
0.00956591
0.00868247
0.00749235
0.0060286
0.00462012
0.00503327
0.00755146
0.00564901
0.00583969
0.00663752
0.00777161
0.00907936
0.0104589
0.0117939
0.0129549
0.0137412
0.0141532
0.0142558
0.0141454
0.013917
0.0136445
0.0133761
0.0131375
0.0129381
0.0127778
0.0126522
0.0125559
0.012484
0.0124324
0.0123978
0.0123752
0.0123687
0.0123217
0.0123465
)
;
    }
    defaultFaces
    {
        type            empty;
    }
}


// ************************************************************************* //
