/*--------------------------------*- C++ -*----------------------------------*\
| =========                 |                                                 |
| \\      /  F ield         | OpenFOAM: The Open Source CFD Toolbox           |
|  \\    /   O peration     | Version:  2.4.0                                 |
|   \\  /    A nd           | Web:      www.OpenFOAM.org                      |
|    \\/     M anipulation  |                                                 |
\*---------------------------------------------------------------------------*/
FoamFile
{
    version     2.0;
    format      ascii;
    class       volScalarField;
    location    "2.17";
    object      p;
}
// * * * * * * * * * * * * * * * * * * * * * * * * * * * * * * * * * * * * * //

dimensions      [0 2 -2 0 0 0 0];

internalField   nonuniform List<scalar> 
6000
(
0.233193
0.227779
0.225285
0.224418
0.223535
0.222445
0.221361
0.220359
0.219416
0.21851
0.217634
0.216792
0.215981
0.215197
0.214437
0.213697
0.212974
0.212265
0.211569
0.210884
0.210207
0.209538
0.208876
0.20822
0.20757
0.206925
0.206286
0.205654
0.20503
0.204414
0.203808
0.203216
0.202638
0.20208
0.201546
0.201041
0.200573
0.200151
0.199786
0.199495
0.199294
0.199209
0.199268
0.199509
0.199981
0.200741
0.201867
0.203451
0.205613
0.208498
0.212285
0.217194
0.223484
0.23145
0.241433
0.253678
0.268599
0.285476
0.305976
0.320777
0.229254
0.226995
0.225238
0.224413
0.2236
0.222584
0.221531
0.220533
0.219584
0.218665
0.217776
0.216918
0.216093
0.215297
0.214526
0.213776
0.213045
0.212329
0.211627
0.210936
0.210254
0.209581
0.208915
0.208255
0.207602
0.206954
0.206313
0.205678
0.205051
0.204434
0.203827
0.203232
0.202653
0.202094
0.201558
0.201052
0.200583
0.20016
0.199794
0.1995
0.199298
0.199209
0.199265
0.199502
0.199967
0.200721
0.201838
0.203411
0.205559
0.208425
0.21219
0.21707
0.223325
0.231248
0.241181
0.253377
0.268276
0.285148
0.305941
0.320567
0.229102
0.227489
0.225552
0.224442
0.223565
0.222547
0.221484
0.220479
0.219532
0.218621
0.21774
0.21689
0.216073
0.215283
0.214517
0.213772
0.213045
0.212333
0.211634
0.210946
0.210266
0.209595
0.208931
0.208273
0.207621
0.206975
0.206334
0.205701
0.205074
0.204457
0.203849
0.203254
0.202675
0.202114
0.201577
0.201069
0.200597
0.200171
0.199802
0.199504
0.199297
0.199203
0.199251
0.199479
0.199934
0.200673
0.201772
0.203323
0.205442
0.208271
0.211987
0.216802
0.222971
0.230777
0.240554
0.252539
0.26716
0.283675
0.304101
0.318043
0.228449
0.227053
0.225311
0.224238
0.22342
0.222471
0.221451
0.220473
0.219547
0.218651
0.217779
0.216933
0.216116
0.215324
0.214555
0.213806
0.213074
0.212357
0.211654
0.210961
0.210278
0.209604
0.208937
0.208276
0.207622
0.206974
0.206333
0.205699
0.205072
0.204454
0.203847
0.203252
0.202673
0.202112
0.201575
0.201066
0.200593
0.200165
0.199793
0.199491
0.199278
0.199176
0.199214
0.199429
0.199865
0.200583
0.201653
0.203166
0.205237
0.208004
0.211639
0.216349
0.22238
0.230004
0.239536
0.251197
0.265374
0.281317
0.300885
0.313893
0.227892
0.226808
0.225308
0.224235
0.223398
0.222466
0.221461
0.220488
0.219564
0.21867
0.217798
0.216952
0.216133
0.215341
0.214571
0.21382
0.213087
0.21237
0.211665
0.210972
0.210288
0.209613
0.208945
0.208284
0.207629
0.206981
0.206339
0.205703
0.205076
0.204457
0.203849
0.203252
0.202671
0.202109
0.201569
0.201057
0.20058
0.200148
0.19977
0.199461
0.199239
0.199126
0.19915
0.199346
0.19976
0.200447
0.201479
0.202943
0.20495
0.207635
0.211163
0.215734
0.221582
0.228966
0.238182
0.249428
0.263048
0.278295
0.296784
0.30886
0.227423
0.226568
0.225242
0.224166
0.223316
0.222412
0.221436
0.220478
0.219563
0.218677
0.217811
0.216969
0.216153
0.215361
0.21459
0.213839
0.213105
0.212386
0.211679
0.210984
0.210299
0.209622
0.208953
0.208291
0.207635
0.206985
0.206342
0.205706
0.205078
0.204458
0.203848
0.203251
0.202668
0.202104
0.201562
0.201047
0.200566
0.200129
0.199745
0.199428
0.199195
0.199068
0.199075
0.199249
0.199634
0.200284
0.201269
0.202673
0.204602
0.207185
0.210583
0.214983
0.220608
0.2277
0.23653
0.247275
0.260229
0.274665
0.29193
0.303157
0.227019
0.226327
0.225151
0.224101
0.223251
0.222374
0.221424
0.220479
0.219571
0.21869
0.217828
0.216988
0.216173
0.21538
0.214609
0.213857
0.213121
0.2124
0.211692
0.210995
0.210308
0.20963
0.20896
0.208297
0.20764
0.206989
0.206346
0.205709
0.205079
0.204459
0.203848
0.203249
0.202665
0.202098
0.201553
0.201035
0.20055
0.200107
0.199715
0.199389
0.199145
0.199003
0.19899
0.199139
0.199492
0.200102
0.201035
0.202371
0.204212
0.206683
0.209934
0.214142
0.219515
0.226276
0.234669
0.244842
0.257036
0.27055
0.286467
0.29693
0.226667
0.226093
0.22505
0.224041
0.223193
0.222334
0.221407
0.220475
0.219574
0.218699
0.217842
0.217004
0.21619
0.215397
0.214626
0.213872
0.213135
0.212413
0.211704
0.211006
0.210318
0.209639
0.208967
0.208303
0.207645
0.206994
0.206349
0.205711
0.205081
0.204459
0.203847
0.203246
0.20266
0.202091
0.201543
0.201021
0.200531
0.200082
0.199682
0.199346
0.199088
0.19893
0.198895
0.199017
0.199336
0.199901
0.200776
0.202039
0.203786
0.206134
0.209226
0.213228
0.218331
0.224739
0.232666
0.24223
0.253612
0.266136
0.280624
0.290354
0.226357
0.225873
0.224945
0.22398
0.223137
0.222293
0.221389
0.22047
0.219577
0.218707
0.217854
0.217019
0.216206
0.215414
0.214642
0.213888
0.213149
0.212426
0.211715
0.211016
0.210327
0.209646
0.208974
0.208308
0.207649
0.206997
0.206351
0.205713
0.205081
0.204458
0.203845
0.203243
0.202654
0.202083
0.201531
0.201005
0.20051
0.200054
0.199646
0.199298
0.199026
0.198849
0.198792
0.198884
0.199165
0.199682
0.200495
0.201678
0.203323
0.20554
0.208462
0.212245
0.217065
0.223104
0.230549
0.239488
0.250044
0.261566
0.274613
0.28356
0.226083
0.225667
0.224836
0.223918
0.223084
0.222254
0.221369
0.220465
0.219579
0.218714
0.217865
0.217033
0.216221
0.215429
0.214657
0.213902
0.213162
0.212438
0.211726
0.211025
0.210335
0.209653
0.20898
0.208313
0.207653
0.207
0.206354
0.205714
0.205081
0.204457
0.203842
0.203238
0.202648
0.202073
0.201518
0.200987
0.200486
0.200023
0.199605
0.199246
0.198959
0.198762
0.19868
0.198741
0.198981
0.199445
0.200192
0.20129
0.202826
0.204903
0.207646
0.211198
0.215721
0.221377
0.228328
0.236635
0.246367
0.256902
0.268553
0.276633
0.22584
0.225478
0.224729
0.223857
0.223034
0.222217
0.22135
0.220459
0.21958
0.21872
0.217875
0.217046
0.216235
0.215443
0.21467
0.213915
0.213175
0.212449
0.211736
0.211034
0.210343
0.20966
0.208985
0.208318
0.207657
0.207003
0.206355
0.205715
0.205081
0.204455
0.203839
0.203233
0.20264
0.202062
0.201504
0.200968
0.200461
0.199989
0.199562
0.199189
0.198886
0.198669
0.19856
0.198586
0.198783
0.199192
0.199868
0.200876
0.202296
0.204226
0.20678
0.210091
0.214304
0.219566
0.226011
0.23368
0.242594
0.252167
0.262493
0.269638
0.225624
0.225304
0.224623
0.223796
0.222987
0.222181
0.221331
0.220452
0.219581
0.218726
0.217884
0.217057
0.216247
0.215456
0.214683
0.213927
0.213186
0.212459
0.211745
0.211042
0.21035
0.209666
0.20899
0.208322
0.20766
0.207005
0.206357
0.205715
0.20508
0.204453
0.203835
0.203227
0.202631
0.202051
0.201488
0.200947
0.200433
0.199953
0.199515
0.199129
0.198808
0.198569
0.198431
0.198422
0.198573
0.198924
0.199525
0.200438
0.201737
0.203512
0.205869
0.208928
0.212822
0.217677
0.223608
0.230634
0.238739
0.24737
0.256452
0.262634
0.225431
0.225145
0.224522
0.223736
0.222943
0.222148
0.221311
0.220445
0.219581
0.21873
0.217892
0.217067
0.216259
0.215468
0.214695
0.213938
0.213196
0.212469
0.211754
0.21105
0.210356
0.209672
0.208995
0.208326
0.207663
0.207007
0.206358
0.205715
0.205079
0.20445
0.20383
0.20322
0.202622
0.202038
0.201471
0.200924
0.200404
0.199915
0.199465
0.199065
0.198725
0.198463
0.198296
0.198249
0.198351
0.198641
0.199164
0.199977
0.201149
0.202763
0.204915
0.207713
0.211277
0.215716
0.221125
0.227506
0.234811
0.242521
0.250436
0.255668
0.225261
0.225
0.224426
0.223678
0.222902
0.222116
0.221293
0.220438
0.21958
0.218734
0.217899
0.217076
0.216269
0.215479
0.214705
0.213948
0.213206
0.212477
0.211761
0.211057
0.210362
0.209677
0.208999
0.208329
0.207666
0.207009
0.206358
0.205714
0.205077
0.204447
0.203825
0.203213
0.202612
0.202024
0.201452
0.2009
0.200372
0.199874
0.199412
0.198997
0.198638
0.198351
0.198153
0.198066
0.198118
0.198344
0.198785
0.199495
0.200535
0.201981
0.20392
0.206451
0.209676
0.213691
0.218571
0.224305
0.23082
0.237629
0.244449
0.248767
0.225109
0.22487
0.224337
0.223623
0.222864
0.222088
0.221275
0.220431
0.21958
0.218737
0.217905
0.217084
0.216278
0.215488
0.214715
0.213957
0.213214
0.212485
0.211768
0.211063
0.210368
0.209681
0.209003
0.208332
0.207668
0.20701
0.206358
0.205713
0.205074
0.204443
0.203819
0.203205
0.2026
0.202009
0.201432
0.200874
0.200339
0.199831
0.199357
0.198926
0.198547
0.198235
0.198004
0.197876
0.197876
0.198035
0.198391
0.198993
0.199896
0.201169
0.20289
0.205144
0.208022
0.211605
0.215952
0.221038
0.226773
0.232703
0.238494
0.241943
0.224975
0.224754
0.224254
0.223572
0.222828
0.222061
0.221258
0.220423
0.219579
0.21874
0.21791
0.217092
0.216287
0.215497
0.214724
0.213966
0.213222
0.212492
0.211775
0.211069
0.210372
0.209685
0.209006
0.208334
0.207669
0.20701
0.206358
0.205712
0.205072
0.204439
0.203813
0.203196
0.202589
0.201993
0.201412
0.200847
0.200304
0.199786
0.199299
0.198852
0.198452
0.198113
0.197849
0.197678
0.197624
0.197713
0.197982
0.198473
0.199236
0.20033
0.201826
0.203797
0.206322
0.209467
0.213274
0.217712
0.222677
0.227748
0.232569
0.235198
0.224858
0.224651
0.22418
0.223524
0.222796
0.222037
0.221243
0.220416
0.219577
0.218742
0.217915
0.217098
0.216294
0.215505
0.214731
0.213973
0.213229
0.212499
0.211781
0.211074
0.210377
0.209689
0.209009
0.208336
0.20767
0.207011
0.206357
0.20571
0.205068
0.204434
0.203806
0.203186
0.202576
0.201977
0.20139
0.200819
0.200267
0.199739
0.199239
0.198774
0.198354
0.197987
0.197689
0.197474
0.197363
0.197382
0.197561
0.197937
0.198555
0.199467
0.200732
0.202415
0.20458
0.20728
0.210546
0.214335
0.21854
0.222771
0.226671
0.228529
0.224756
0.224561
0.224113
0.22348
0.222766
0.222016
0.221229
0.22041
0.219576
0.218744
0.217919
0.217103
0.2163
0.215512
0.214738
0.21398
0.213235
0.212504
0.211785
0.211078
0.21038
0.209691
0.209011
0.208338
0.207671
0.207011
0.206356
0.205707
0.205065
0.204428
0.203799
0.203176
0.202563
0.201959
0.201367
0.20079
0.20023
0.19969
0.199177
0.198695
0.198252
0.197858
0.197523
0.197263
0.197095
0.197041
0.197127
0.197386
0.197856
0.198581
0.199612
0.201001
0.202801
0.205052
0.207771
0.210913
0.214365
0.217773
0.220798
0.221927
0.224668
0.224483
0.224054
0.223441
0.22274
0.221997
0.221217
0.220404
0.219575
0.218745
0.217922
0.217108
0.216306
0.215518
0.214744
0.213985
0.213241
0.212509
0.21179
0.211081
0.210383
0.209694
0.209013
0.208339
0.207671
0.20701
0.206355
0.205705
0.205061
0.204423
0.203791
0.203166
0.202549
0.201941
0.201344
0.20076
0.200191
0.19964
0.199113
0.198613
0.198148
0.197724
0.197353
0.197047
0.19682
0.196691
0.196683
0.196823
0.197141
0.197676
0.198468
0.199559
0.200989
0.202786
0.204957
0.207451
0.210158
0.212759
0.214944
0.215382
0.224594
0.224416
0.224003
0.223408
0.222717
0.22198
0.221206
0.220398
0.219573
0.218746
0.217925
0.217112
0.216311
0.215523
0.214749
0.21399
0.213245
0.212513
0.211793
0.211085
0.210386
0.209696
0.209014
0.208339
0.207671
0.207009
0.206353
0.205702
0.205056
0.204416
0.203782
0.203155
0.202534
0.201922
0.20132
0.200728
0.20015
0.199589
0.199047
0.198529
0.198041
0.197588
0.19718
0.196826
0.196539
0.196335
0.19623
0.196248
0.196414
0.196755
0.197305
0.198093
0.199149
0.200489
0.202109
0.203955
0.205922
0.207727
0.209102
0.208881
0.224533
0.224361
0.223961
0.223379
0.222698
0.221967
0.221197
0.220394
0.219572
0.218747
0.217927
0.217115
0.216315
0.215527
0.214753
0.213994
0.213249
0.212516
0.211796
0.211087
0.210388
0.209697
0.209015
0.208339
0.207671
0.207008
0.20635
0.205698
0.205051
0.20441
0.203774
0.203143
0.202519
0.201903
0.201295
0.200696
0.200109
0.199536
0.19898
0.198443
0.197931
0.197449
0.197003
0.196601
0.196254
0.195972
0.19577
0.195665
0.195674
0.19582
0.196125
0.196608
0.197287
0.198166
0.199233
0.20043
0.201661
0.20268
0.203267
0.20241
0.224485
0.224318
0.223928
0.223356
0.222683
0.221956
0.221189
0.22039
0.219571
0.218748
0.217929
0.217118
0.216318
0.21553
0.214757
0.213997
0.213252
0.212519
0.211798
0.211089
0.210389
0.209698
0.209015
0.208339
0.20767
0.207006
0.206348
0.205695
0.205046
0.204403
0.203764
0.203131
0.202504
0.201883
0.201269
0.200663
0.200067
0.199483
0.198911
0.198356
0.197821
0.197308
0.196824
0.196373
0.195964
0.195604
0.195304
0.195074
0.194926
0.194875
0.194932
0.195107
0.195406
0.195822
0.196333
0.19688
0.197376
0.197614
0.19743
0.195954
0.224449
0.224285
0.223902
0.223339
0.222671
0.221947
0.221184
0.220387
0.21957
0.218748
0.21793
0.21712
0.21632
0.215532
0.214759
0.213999
0.213254
0.212521
0.2118
0.21109
0.21039
0.209698
0.209015
0.208339
0.207668
0.207004
0.206345
0.20569
0.205041
0.204396
0.203755
0.203119
0.202488
0.201862
0.201243
0.20063
0.200025
0.199428
0.198842
0.198268
0.197708
0.197165
0.196642
0.196143
0.195672
0.195233
0.194833
0.194477
0.194172
0.193921
0.193729
0.193595
0.193512
0.193463
0.193415
0.19331
0.193072
0.19253
0.191583
0.189499
0.224426
0.224264
0.223885
0.223327
0.222663
0.221942
0.22118
0.220385
0.21957
0.218749
0.217931
0.217121
0.216321
0.215534
0.21476
0.214001
0.213255
0.212522
0.211801
0.21109
0.21039
0.209698
0.209014
0.208338
0.207667
0.207002
0.206342
0.205686
0.205035
0.204388
0.203745
0.203106
0.202472
0.201842
0.201216
0.200596
0.199981
0.199373
0.198772
0.198179
0.197595
0.197021
0.196459
0.195911
0.195377
0.194859
0.194359
0.193877
0.193413
0.192963
0.192521
0.192076
0.191609
0.191092
0.190484
0.189725
0.188748
0.187426
0.185717
0.183026
0.224414
0.224253
0.223877
0.223321
0.222659
0.221939
0.221178
0.220384
0.219569
0.218749
0.217931
0.217122
0.216322
0.215535
0.214761
0.214001
0.213255
0.212522
0.211801
0.21109
0.21039
0.209698
0.209013
0.208336
0.207665
0.206999
0.206338
0.205681
0.205029
0.20438
0.203735
0.203093
0.202455
0.201821
0.201189
0.200562
0.199938
0.199318
0.198701
0.198089
0.197481
0.196877
0.196276
0.195678
0.195081
0.194484
0.193884
0.193276
0.192652
0.192002
0.19131
0.190554
0.189703
0.188717
0.187546
0.186128
0.184409
0.182298
0.179822
0.17652
0.224414
0.224253
0.223877
0.223321
0.222659
0.221939
0.221178
0.220384
0.219569
0.218749
0.217931
0.217121
0.216322
0.215534
0.214761
0.214001
0.213255
0.212522
0.2118
0.21109
0.210389
0.209696
0.209012
0.208334
0.207662
0.206996
0.206334
0.205676
0.205022
0.204372
0.203725
0.20308
0.202438
0.201799
0.201162
0.200527
0.199894
0.199262
0.198631
0.197999
0.197367
0.196732
0.196092
0.195444
0.194785
0.194109
0.193409
0.192674
0.191891
0.191042
0.1901
0.189032
0.187797
0.186341
0.184605
0.182524
0.180054
0.177144
0.173889
0.169963
0.224425
0.224264
0.223885
0.223327
0.222663
0.221942
0.22118
0.220385
0.21957
0.218748
0.217931
0.217121
0.216321
0.215533
0.21476
0.214
0.213254
0.212521
0.211799
0.211088
0.210387
0.209695
0.20901
0.208332
0.20766
0.206992
0.20633
0.205671
0.205016
0.204364
0.203714
0.203067
0.202421
0.201778
0.201135
0.200492
0.19985
0.199206
0.19856
0.197909
0.197253
0.196587
0.195908
0.195211
0.19449
0.193735
0.192935
0.192075
0.191134
0.190085
0.188894
0.187516
0.185897
0.18397
0.181666
0.178917
0.175687
0.171962
0.167907
0.163335
0.224449
0.224285
0.223902
0.223339
0.222671
0.221947
0.221183
0.220387
0.21957
0.218748
0.21793
0.217119
0.216319
0.215532
0.214758
0.213998
0.213252
0.212519
0.211797
0.211086
0.210385
0.209693
0.209008
0.208329
0.207656
0.206989
0.206325
0.205666
0.205009
0.204355
0.203703
0.203053
0.202404
0.201756
0.201107
0.200458
0.199806
0.19915
0.198489
0.19782
0.197139
0.196443
0.195725
0.19498
0.194196
0.193363
0.192465
0.191479
0.190381
0.189135
0.187696
0.186009
0.184007
0.18161
0.178737
0.175313
0.17131
0.166749
0.161866
0.156617
0.224485
0.224318
0.223927
0.223356
0.222683
0.221955
0.221189
0.22039
0.219571
0.218747
0.217928
0.217117
0.216317
0.215529
0.214755
0.213995
0.213249
0.212516
0.211795
0.211084
0.210383
0.20969
0.209005
0.208326
0.207653
0.206985
0.206321
0.20566
0.205002
0.204346
0.203692
0.20304
0.202387
0.201734
0.20108
0.200423
0.199762
0.199095
0.198419
0.19773
0.197026
0.196299
0.195544
0.19475
0.193906
0.192995
0.191998
0.19089
0.189636
0.188194
0.186509
0.184516
0.182132
0.179266
0.175821
0.171715
0.166925
0.161503
0.155754
0.149788
0.224533
0.224361
0.223961
0.223379
0.222698
0.221966
0.221196
0.220393
0.219572
0.218747
0.217926
0.217115
0.216313
0.215525
0.214751
0.213992
0.213246
0.212513
0.211791
0.211081
0.21038
0.209687
0.209002
0.208323
0.207649
0.20698
0.206316
0.205654
0.204995
0.204338
0.203681
0.203026
0.20237
0.201713
0.201053
0.200389
0.199718
0.19904
0.198349
0.197642
0.196914
0.196158
0.195365
0.194523
0.193618
0.192631
0.191538
0.190308
0.1889
0.187265
0.185338
0.18304
0.180278
0.176943
0.172925
0.16813
0.162534
0.156222
0.14956
0.142827
0.224594
0.224416
0.224003
0.223408
0.222717
0.22198
0.221205
0.220398
0.219573
0.218746
0.217924
0.217111
0.216309
0.215521
0.214747
0.213987
0.213242
0.212509
0.211787
0.211077
0.210376
0.209683
0.208998
0.208319
0.207645
0.206976
0.20631
0.205648
0.204987
0.204329
0.20367
0.203012
0.202353
0.201691
0.201026
0.200355
0.199675
0.198985
0.19828
0.197555
0.196804
0.196019
0.195188
0.1943
0.193336
0.192274
0.191085
0.189735
0.188176
0.18635
0.184184
0.181587
0.17845
0.174648
0.170055
0.164563
0.158142
0.150903
0.143272
0.13571
0.224668
0.224482
0.224054
0.223441
0.22274
0.221996
0.221216
0.220403
0.219574
0.218744
0.217921
0.217107
0.216304
0.215516
0.214742
0.213982
0.213236
0.212504
0.211783
0.211073
0.210372
0.209679
0.208994
0.208315
0.207641
0.206971
0.206305
0.205641
0.20498
0.204319
0.203659
0.202998
0.202336
0.20167
0.200999
0.200321
0.199633
0.198932
0.198212
0.19747
0.196696
0.195882
0.195015
0.194081
0.193058
0.191923
0.190641
0.189173
0.187466
0.185454
0.183053
0.18016
0.176652
0.172387
0.167218
0.161021
0.153753
0.145547
0.136878
0.128413
0.224756
0.224561
0.224113
0.22348
0.222766
0.222015
0.221229
0.220409
0.219575
0.218743
0.217918
0.217102
0.216299
0.215509
0.214735
0.213976
0.213231
0.212498
0.211778
0.211068
0.210367
0.209675
0.208989
0.20831
0.207636
0.206966
0.206299
0.205635
0.204972
0.20431
0.203648
0.202985
0.202319
0.201649
0.200972
0.200288
0.199591
0.198879
0.198146
0.197386
0.19659
0.195748
0.194846
0.193866
0.192787
0.19158
0.190208
0.188625
0.186773
0.184578
0.181947
0.178764
0.17489
0.170166
0.164422
0.157512
0.149373
0.140154
0.130367
0.120909
0.224858
0.224651
0.224179
0.223524
0.222795
0.222037
0.221242
0.220416
0.219577
0.218741
0.217914
0.217096
0.216292
0.215502
0.214728
0.213969
0.213224
0.212492
0.211772
0.211062
0.210362
0.20967
0.208985
0.208305
0.207631
0.206961
0.206293
0.205628
0.204964
0.204301
0.203637
0.202971
0.202302
0.201628
0.200947
0.200255
0.19955
0.198827
0.198081
0.197304
0.196486
0.195617
0.194681
0.193658
0.192523
0.191246
0.189785
0.188091
0.186098
0.183725
0.180869
0.177402
0.173169
0.167991
0.161673
0.154042
0.145008
0.134725
0.123727
0.113172
0.224975
0.224754
0.224254
0.223571
0.222828
0.222061
0.221258
0.220423
0.219578
0.218739
0.217909
0.21709
0.216284
0.215494
0.21472
0.213961
0.213216
0.212485
0.211765
0.211056
0.210356
0.209664
0.208979
0.2083
0.207626
0.206955
0.206287
0.205621
0.204957
0.204292
0.203626
0.202958
0.202286
0.201607
0.200921
0.200223
0.19951
0.198777
0.198018
0.197224
0.196386
0.19549
0.19452
0.193455
0.192267
0.190922
0.189376
0.187574
0.185444
0.182898
0.179823
0.17608
0.171495
0.16587
0.15898
0.150622
0.140667
0.129264
0.116946
0.105173
0.225109
0.22487
0.224336
0.223623
0.222863
0.222087
0.221274
0.22043
0.219579
0.218736
0.217903
0.217083
0.216276
0.215485
0.214711
0.213952
0.213208
0.212477
0.211758
0.211049
0.21035
0.209658
0.208974
0.208295
0.20762
0.206949
0.206281
0.205615
0.204949
0.204283
0.203615
0.202945
0.202269
0.201587
0.200896
0.200192
0.199471
0.198728
0.197956
0.197147
0.196289
0.195367
0.194365
0.19326
0.19202
0.19061
0.188981
0.187074
0.184813
0.1821
0.178813
0.174801
0.169874
0.163808
0.156352
0.147262
0.136358
0.123778
0.110013
0.0968801
0.22526
0.225
0.224426
0.223678
0.222902
0.222116
0.221292
0.220437
0.219579
0.218733
0.217897
0.217074
0.216266
0.215475
0.214701
0.213943
0.213199
0.212468
0.21175
0.211042
0.210343
0.209652
0.208968
0.208289
0.207614
0.206943
0.206275
0.205608
0.204941
0.204274
0.203604
0.202932
0.202253
0.201568
0.200872
0.200162
0.199434
0.198681
0.197897
0.197072
0.196195
0.195249
0.194216
0.193071
0.191783
0.19031
0.188602
0.186594
0.184206
0.181332
0.177842
0.17357
0.168309
0.161815
0.153797
0.143973
0.132095
0.118273
0.102919
0.0882621
0.225431
0.225144
0.224522
0.223736
0.222943
0.222147
0.221311
0.220445
0.21958
0.218729
0.21789
0.217065
0.216256
0.215464
0.21469
0.213932
0.213189
0.212459
0.211741
0.211034
0.210336
0.209645
0.208961
0.208283
0.207608
0.206937
0.206268
0.205601
0.204933
0.204264
0.203594
0.202919
0.202238
0.201549
0.200849
0.200133
0.199398
0.198636
0.19784
0.197001
0.196105
0.195136
0.194074
0.192891
0.191555
0.190023
0.188239
0.186136
0.183626
0.180599
0.176913
0.17239
0.166809
0.159896
0.151327
0.140768
0.127892
0.112763
0.0956561
0.079286
0.225623
0.225303
0.224623
0.223795
0.222987
0.222181
0.22133
0.220452
0.21958
0.218724
0.217882
0.217055
0.216244
0.215452
0.214678
0.21392
0.213178
0.212449
0.211732
0.211025
0.210328
0.209638
0.208955
0.208276
0.207602
0.206931
0.206262
0.205593
0.204925
0.204255
0.203583
0.202906
0.202223
0.201531
0.200826
0.200105
0.199363
0.198592
0.197786
0.196933
0.196019
0.195028
0.193938
0.19272
0.191339
0.18975
0.187894
0.1857
0.183074
0.179901
0.176028
0.171267
0.165377
0.158059
0.148951
0.137661
0.123765
0.107264
0.0882191
0.0699176
0.225839
0.225477
0.224728
0.223856
0.223034
0.222216
0.221349
0.220458
0.219579
0.218719
0.217873
0.217043
0.216231
0.215439
0.214665
0.213908
0.213166
0.212438
0.211722
0.211016
0.21032
0.20963
0.208947
0.20827
0.207596
0.206924
0.206255
0.205586
0.204917
0.204247
0.203573
0.202894
0.202208
0.201513
0.200804
0.200078
0.199329
0.198551
0.197734
0.196868
0.195938
0.194926
0.193809
0.192558
0.191135
0.189492
0.187568
0.185287
0.182553
0.179241
0.175192
0.170204
0.164019
0.156313
0.14668
0.134669
0.119735
0.101796
0.0806075
0.0601223
0.226082
0.225667
0.224836
0.223918
0.223083
0.222254
0.221369
0.220464
0.219578
0.218713
0.217863
0.21703
0.216217
0.215425
0.214651
0.213895
0.213153
0.212426
0.211711
0.211007
0.210311
0.209622
0.20894
0.208262
0.207589
0.206918
0.206248
0.205579
0.204909
0.204238
0.203563
0.202882
0.202194
0.201496
0.200783
0.200053
0.199298
0.198512
0.197685
0.196806
0.195861
0.194829
0.193688
0.192406
0.190943
0.189249
0.187262
0.184901
0.182064
0.178622
0.174407
0.169205
0.162741
0.154666
0.144527
0.131807
0.115826
0.0963878
0.0728273
0.0498654
0.226356
0.225872
0.224944
0.223979
0.223136
0.222293
0.221388
0.220469
0.219576
0.218706
0.217852
0.217017
0.216202
0.21541
0.214636
0.21388
0.21314
0.212414
0.2117
0.210996
0.210301
0.209614
0.208932
0.208255
0.207582
0.206911
0.206241
0.205572
0.204902
0.204229
0.203553
0.202871
0.202181
0.20148
0.200764
0.200028
0.199268
0.198475
0.197639
0.196749
0.195789
0.194739
0.193575
0.192264
0.190764
0.189024
0.186977
0.18454
0.181608
0.178045
0.173675
0.168274
0.161549
0.153124
0.142502
0.129096
0.112066
0.0910741
0.0648942
0.039113
0.226666
0.226093
0.22505
0.22404
0.223192
0.222333
0.221406
0.220474
0.219573
0.218697
0.217839
0.217001
0.216186
0.215393
0.21462
0.213865
0.213126
0.212401
0.211688
0.210985
0.210292
0.209605
0.208924
0.208248
0.207575
0.206904
0.206234
0.205565
0.204894
0.204221
0.203543
0.20286
0.202168
0.201464
0.200745
0.200006
0.19924
0.19844
0.197596
0.196695
0.195722
0.194655
0.19347
0.192132
0.190599
0.188815
0.186713
0.184208
0.181188
0.177513
0.173
0.167414
0.160447
0.151697
0.140621
0.126555
0.108488
0.0858998
0.0568389
0.0278301
0.227019
0.226326
0.22515
0.224101
0.223251
0.222373
0.221423
0.220478
0.21957
0.218688
0.217826
0.216985
0.216169
0.215376
0.214603
0.213849
0.213111
0.212387
0.211675
0.210974
0.210281
0.209596
0.208916
0.20824
0.207567
0.206897
0.206227
0.205558
0.204886
0.204213
0.203534
0.202849
0.202155
0.201449
0.200727
0.199984
0.199214
0.198408
0.197556
0.196646
0.19566
0.194579
0.193374
0.192012
0.190448
0.188625
0.186474
0.183905
0.180805
0.177028
0.172386
0.166632
0.159443
0.150394
0.138897
0.124211
0.105134
0.0809248
0.04872
0.0159852
0.227423
0.226568
0.225242
0.224166
0.223315
0.222411
0.221435
0.220477
0.219562
0.218675
0.217809
0.216966
0.216149
0.215356
0.214584
0.213831
0.213095
0.212372
0.211662
0.210963
0.210271
0.209586
0.208907
0.208232
0.20756
0.20689
0.206221
0.205551
0.204879
0.204205
0.203525
0.202839
0.202144
0.201436
0.200711
0.199965
0.19919
0.198378
0.19752
0.196601
0.195604
0.194509
0.193287
0.191904
0.190312
0.188455
0.186258
0.183633
0.180461
0.176594
0.171834
0.16593
0.158542
0.149225
0.137345
0.122086
0.102049
0.0762202
0.0406285
0.0035635
0.227891
0.226807
0.225308
0.224234
0.223397
0.222465
0.22146
0.220487
0.219563
0.218668
0.217795
0.216949
0.21613
0.215336
0.214564
0.213812
0.213077
0.212356
0.211648
0.210949
0.210259
0.209576
0.208898
0.208224
0.207552
0.206883
0.206214
0.205544
0.204872
0.204197
0.203517
0.20283
0.202133
0.201423
0.200696
0.199947
0.199168
0.198352
0.197487
0.19656
0.195554
0.194447
0.19321
0.191807
0.190192
0.188304
0.186067
0.183393
0.180159
0.176211
0.171349
0.165313
0.157751
0.148197
0.135979
0.120208
0.0992862
0.0718727
0.0326949
-0.0094646
0.228449
0.227053
0.22531
0.224237
0.22342
0.22247
0.22145
0.220472
0.219546
0.218649
0.217776
0.21693
0.216112
0.215319
0.214549
0.213798
0.213063
0.212344
0.211636
0.210938
0.210249
0.209566
0.208889
0.208215
0.207544
0.206875
0.206206
0.205536
0.204864
0.204189
0.203509
0.202821
0.202123
0.201412
0.200683
0.199931
0.19915
0.198329
0.197459
0.196526
0.195512
0.194394
0.193144
0.191725
0.190089
0.188176
0.185906
0.183189
0.179902
0.175888
0.170942
0.164796
0.157091
0.147342
0.134843
0.11864
0.096955
0.0680648
0.0252238
-0.0232024
0.229102
0.227489
0.225551
0.224442
0.223565
0.222547
0.221483
0.220477
0.21953
0.218619
0.217737
0.216887
0.216069
0.215278
0.214511
0.213764
0.213034
0.212319
0.211616
0.210922
0.210237
0.209557
0.208882
0.208211
0.207542
0.206873
0.206205
0.205535
0.204863
0.204187
0.203505
0.202815
0.202115
0.201402
0.20067
0.199914
0.199129
0.198304
0.197429
0.196489
0.195468
0.194341
0.193081
0.19165
0.189998
0.188064
0.185773
0.183027
0.179703
0.175642
0.170636
0.164412
0.156604
0.146714
0.134011
0.117486
0.0952199
0.0650944
0.018813
-0.0378253
0.229254
0.226994
0.225238
0.224413
0.223599
0.222583
0.22153
0.220532
0.219582
0.218663
0.217773
0.216915
0.216089
0.215292
0.214519
0.213767
0.213034
0.212315
0.211609
0.210912
0.210224
0.209542
0.208866
0.208192
0.207521
0.206851
0.206181
0.205511
0.204838
0.204161
0.203479
0.202789
0.202088
0.201374
0.200642
0.199886
0.1991
0.198274
0.197397
0.196456
0.195431
0.194302
0.193038
0.191601
0.189942
0.187997
0.185693
0.182929
0.179584
0.175496
0.170457
0.164189
0.156321
0.146347
0.133523
0.1168
0.0941798
0.0631856
0.0142687
-0.053009
0.233193
0.227779
0.225285
0.224417
0.223534
0.222445
0.22136
0.220357
0.219414
0.218508
0.217632
0.216789
0.215977
0.215192
0.21443
0.213688
0.212962
0.212251
0.211551
0.21086
0.210177
0.209499
0.208826
0.208156
0.207489
0.206822
0.206154
0.205486
0.204815
0.204139
0.203458
0.20277
0.20207
0.201356
0.200624
0.199868
0.199081
0.198255
0.197377
0.196434
0.195408
0.194276
0.19301
0.191576
0.18992
0.187974
0.185667
0.1829
0.179549
0.175455
0.170406
0.164127
0.156243
0.146245
0.133382
0.116592
0.0938403
0.0624911
0.0121596
-0.0633438
0.377353
0.295792
0.235871
0.20715
0.187845
0.169984
0.155546
0.145873
0.139829
0.136025
0.133674
0.132492
0.132305
0.132971
0.134454
0.136847
0.140502
0.14601
0.154061
0.147509
0.127827
0.101693
0.0716771
0.037755
-0.000447021
-0.0432862
-0.0914508
-0.146021
-0.208261
-0.279006
-0.356188
-0.433771
-0.501916
-0.53619
-0.523116
-0.464229
-0.38005
-0.298202
-0.224787
-0.155716
-0.0954247
-0.0474085
-0.00947564
0.0146892
0.0165345
0.014822
0.0147243
0.0141716
0.0125555
0.0107481
0.00920609
0.00788763
0.00671316
0.00567651
0.00478235
0.00401564
0.00338299
0.0028401
0.00256955
0.00141958
0.372711
0.289808
0.230949
0.204241
0.185739
0.168234
0.154171
0.144819
0.139036
0.135451
0.133181
0.132052
0.131896
0.132574
0.13406
0.136447
0.140077
0.14525
0.151363
0.14375
0.123435
0.0971053
0.0672238
0.0336914
-0.00381737
-0.0455569
-0.0920786
-0.144268
-0.202832
-0.267098
-0.334514
-0.398296
-0.452708
-0.484565
-0.480283
-0.43826
-0.374002
-0.304701
-0.233497
-0.163928
-0.102559
-0.0529012
-0.0137004
0.0117263
0.0148325
0.0138241
0.0139623
0.013609
0.0121872
0.010496
0.00901542
0.00774027
0.00660026
0.00558881
0.0047124
0.00395737
0.003334
0.0027872
0.00251171
0.00138971
0.365103
0.285438
0.228312
0.202733
0.184583
0.167304
0.153518
0.144402
0.138756
0.135039
0.132788
0.131665
0.131492
0.132138
0.133576
0.135894
0.139359
0.143941
0.148708
0.140711
0.120567
0.0945118
0.0650107
0.0320098
-0.0047317
-0.0453539
-0.0902444
-0.140004
-0.194901
-0.253998
-0.314854
-0.372347
-0.423528
-0.452736
-0.447258
-0.413452
-0.360049
-0.298864
-0.233311
-0.166319
-0.105069
-0.0554182
-0.0162249
0.00968323
0.0134566
0.0129468
0.0133059
0.0131149
0.0118409
0.0102389
0.0088089
0.00757269
0.0064647
0.00547705
0.00461787
0.00387462
0.00326046
0.00271185
0.00243293
0.00138668
0.35576
0.280984
0.225263
0.200425
0.182779
0.165884
0.152422
0.143524
0.137957
0.134422
0.132244
0.131133
0.130941
0.131545
0.132917
0.135122
0.138336
0.142279
0.145693
0.137245
0.117165
0.091335
0.0622546
0.0299181
-0.00584851
-0.0450795
-0.0880013
-0.13496
-0.185905
-0.239654
-0.293669
-0.343162
-0.385217
-0.410055
-0.409768
-0.385184
-0.341788
-0.288883
-0.230851
-0.168544
-0.108412
-0.0581512
-0.0184221
0.00797693
0.0122668
0.0122013
0.0127834
0.0127316
0.011582
0.0100557
0.00866544
0.0074581
0.00637365
0.00540293
0.00455513
0.00381859
0.00320869
0.00265528
0.00237803
0.0013563
0.345218
0.276036
0.221977
0.19781
0.180795
0.164393
0.151299
0.142659
0.13728
0.133825
0.131659
0.130543
0.130317
0.130861
0.132137
0.134187
0.137086
0.14036
0.14251
0.133627
0.113709
0.0882342
0.0597079
0.0281843
-0.00644049
-0.0440929
-0.084841
-0.128805
-0.17567
-0.224073
-0.271495
-0.313768
-0.349605
-0.372835
-0.374596
-0.35695
-0.322902
-0.278353
-0.227202
-0.169941
-0.111764
-0.0611108
-0.0207216
0.00617721
0.0110011
0.0113814
0.0122248
0.0123419
0.0113316
0.00989044
0.00854496
0.00736837
0.00630792
0.00535367
0.004516
0.00378446
0.0031764
0.00261605
0.00234616
0.00130063
0.333872
0.270591
0.218515
0.19491
0.178554
0.162725
0.150042
0.14168
0.136471
0.133106
0.130985
0.129871
0.12961
0.13008
0.131239
0.133097
0.135636
0.138229
0.139203
0.129928
0.110245
0.0852022
0.05731
0.026702
-0.00665357
-0.0425812
-0.081002
-0.12184
-0.164577
-0.207754
-0.249004
-0.28492
-0.315358
-0.336215
-0.339966
-0.328747
-0.303595
-0.267163
-0.222209
-0.16989
-0.114631
-0.0644284
-0.0235289
0.00393285
0.00950526
0.0103639
0.0115056
0.0118492
0.0110182
0.0096875
0.0084032
0.00726829
0.00623941
0.00530674
0.0044823
0.00375754
0.00315161
0.00258419
0.00232332
0.00122088
0.32206
0.264747
0.214915
0.191779
0.176085
0.160904
0.148675
0.140607
0.135582
0.132325
0.130252
0.129137
0.128829
0.129211
0.130232
0.131866
0.134009
0.135923
0.135813
0.126191
0.106799
0.0822533
0.0550693
0.0254733
-0.00649751
-0.040576
-0.0765536
-0.114194
-0.152835
-0.191006
-0.226582
-0.256881
-0.282576
-0.301247
-0.306668
-0.30091
-0.283617
-0.254896
-0.216096
-0.168671
-0.116814
-0.0679094
-0.0269636
0.000975897
0.0076217
0.00906
0.0105417
0.0111852
0.0105946
0.00941366
0.00821469
0.00713691
0.00615036
0.00524697
0.00444102
0.00372669
0.00312463
0.00255144
0.00229518
0.00112205
0.310184
0.258626
0.211202
0.18849
0.173445
0.158964
0.147225
0.139464
0.134632
0.131491
0.129467
0.128345
0.127984
0.128267
0.129131
0.130512
0.132234
0.133482
0.132378
0.122451
0.10339
0.079398
0.0529888
0.0244866
-0.00600656
-0.0381453
-0.0716116
-0.106045
-0.140696
-0.174147
-0.204555
-0.229906
-0.251487
-0.26822
-0.275054
-0.273841
-0.263298
-0.241741
-0.209161
-0.16668
-0.118326
-0.0711918
-0.0308104
-0.00262637
0.00527703
0.00741064
0.00927156
0.0102837
0.0100094
0.00903647
0.00796043
0.0069625
0.00603238
0.0051673
0.00438567
0.00368579
0.0030896
0.00251272
0.00225017
0.00101394
0.298644
0.252338
0.207385
0.185101
0.170689
0.156939
0.145715
0.138271
0.133638
0.130618
0.128646
0.127516
0.127096
0.12727
0.127959
0.129068
0.130353
0.130954
0.128945
0.118747
0.100041
0.0766492
0.0510702
0.0237267
-0.00521959
-0.035359
-0.0662851
-0.0975465
-0.128352
-0.157381
-0.183097
-0.204083
-0.222092
-0.237086
-0.245065
-0.247668
-0.242991
-0.228014
-0.201525
-0.16404
-0.119252
-0.0740911
-0.0345139
-0.00647745
0.00266319
0.00554003
0.00777616
0.00916235
0.00923841
0.00851747
0.00760438
0.00671873
0.00586997
0.00506047
0.0043135
0.00363374
0.00304551
0.00246688
0.00218112
0.000911272
0.287721
0.245955
0.20346
0.181646
0.167849
0.154847
0.144157
0.137039
0.132612
0.129717
0.127798
0.126659
0.126175
0.126232
0.126736
0.127558
0.128403
0.128383
0.125558
0.115119
0.0967797
0.0740221
0.0493164
0.0231806
-0.00416886
-0.0322713
-0.0606515
-0.0887959
-0.11591
-0.140803
-0.162251
-0.179373
-0.194266
-0.207684
-0.216577
-0.222411
-0.222875
-0.213907
-0.193241
-0.160751
-0.119643
-0.076614
-0.0380198
-0.01026
-8.59983e-06
0.00361662
0.00622276
0.00795632
0.00837316
0.00790761
0.00716306
0.00639667
0.00564023
0.00490081
0.0042035
0.0035569
0.00298588
0.00241242
0.00208679
0.000833897
0.277514
0.239523
0.19942
0.17814
0.164949
0.152699
0.14256
0.135774
0.131557
0.128792
0.126928
0.125778
0.125227
0.12516
0.12547
0.125999
0.126407
0.125795
0.122245
0.111596
0.093629
0.0715297
0.0477325
0.0228438
-0.00287008
-0.0289098
-0.05475
-0.0798412
-0.103418
-0.124446
-0.14201
-0.155701
-0.167861
-0.179851
-0.189467
-0.198054
-0.203026
-0.199543
-0.1844
-0.156836
-0.119512
-0.0787814
-0.0412901
-0.013855
-0.00267528
0.00167696
0.00465986
0.00672091
0.00746954
0.00726414
0.00669285
0.00604571
0.00537921
0.00470754
0.00405874
0.00344615
0.00289533
0.00233355
0.00195702
0.000788168
0.26799
0.233075
0.195261
0.174587
0.162
0.150506
0.140928
0.134482
0.130479
0.127846
0.126038
0.124875
0.124252
0.124057
0.124166
0.124397
0.124377
0.123206
0.119014
0.108189
0.0905983
0.0691783
0.0463216
0.022715
-0.00133074
-0.0252895
-0.0486033
-0.070712
-0.0909068
-0.108326
-0.122356
-0.132995
-0.14275
-0.153441
-0.16362
-0.174549
-0.18348
-0.18501
-0.175104
-0.152361
-0.118876
-0.0805867
-0.0443066
-0.0172468
-0.00531846
-0.000274648
0.00309258
0.00546457
0.00653386
0.00659212
0.00620096
0.00567755
0.00510418
0.0045031
0.0039045
0.00332601
0.00279391
0.00224371
0.00181002
0.000765979
0.25905
0.226636
0.190984
0.170986
0.159012
0.148273
0.139266
0.133165
0.12938
0.126881
0.125129
0.123951
0.123254
0.122924
0.122827
0.122758
0.12232
0.120625
0.115865
0.104897
0.087689
0.0669679
0.0450826
0.0227913
0.000442279
-0.0214228
-0.0422311
-0.0614339
-0.0784023
-0.0924591
-0.103272
-0.11119
-0.118819
-0.128325
-0.138928
-0.151848
-0.164255
-0.17037
-0.165436
-0.147392
-0.117759
-0.0820272
-0.0470678
-0.0204414
-0.00791575
-0.00222718
0.00152634
0.0041954
0.00557287
0.00589567
0.00569014
0.00529418
0.00481636
0.00428838
0.00374252
0.00320047
0.00268927
0.00215401
0.00167674
0.00075269
0.250588
0.22022
0.186591
0.167336
0.155992
0.146008
0.137576
0.131827
0.128263
0.125901
0.124203
0.123008
0.122231
0.121763
0.121456
0.121086
0.120242
0.118055
0.112796
0.101718
0.0848988
0.0648959
0.0440128
0.0230686
0.00244172
-0.0173221
-0.0356516
-0.0520298
-0.0659262
-0.0768524
-0.0847384
-0.0902247
-0.0959667
-0.104386
-0.115294
-0.129899
-0.14536
-0.155666
-0.155448
-0.141981
-0.116197
-0.0831132
-0.0495787
-0.0234433
-0.0104459
-0.00416901
-3.434e-05
0.00292003
0.00459258
0.00517834
0.0051626
0.00489738
0.00451721
0.00406446
0.00357346
0.0030698
0.0025815
0.00206427
0.00155867
0.00073224
0.242511
0.213835
0.182085
0.163634
0.152947
0.143715
0.135863
0.13047
0.127132
0.124907
0.123263
0.122046
0.121187
0.120575
0.120054
0.119385
0.118148
0.115502
0.1098
0.098645
0.0822238
0.0629588
0.0431086
0.0235424
0.00466023
-0.0129993
-0.028882
-0.0425205
-0.0534971
-0.0615121
-0.0667334
-0.0700437
-0.0741036
-0.0815221
-0.09263
-0.108657
-0.126799
-0.140931
-0.145181
-0.136171
-0.114222
-0.0838607
-0.0518448
-0.0262546
-0.0128932
-0.00608953
-0.00158522
0.00164388
0.00359836
0.00444344
0.00462025
0.0044886
0.00420792
0.0038322
0.00339801
0.00293452
0.0024711
0.00197454
0.00145323
0.000705363
0.234743
0.20748
0.177472
0.159881
0.149884
0.141403
0.13413
0.129098
0.125988
0.1239
0.122308
0.121067
0.120122
0.119363
0.118625
0.117657
0.116042
0.112967
0.106875
0.0956726
0.0796599
0.0611527
0.0423664
0.0242081
0.00709046
-0.00846601
-0.0219384
-0.0329249
-0.041131
-0.0464415
-0.0492368
-0.0505956
-0.0531494
-0.0596395
-0.0708571
-0.0880759
-0.108571
-0.126191
-0.134667
-0.129995
-0.111864
-0.0842859
-0.0538725
-0.0288788
-0.0152474
-0.00797957
-0.00312266
0.000370804
0.00259444
0.00369373
0.00406462
0.0040689
0.00388932
0.00359223
0.00321656
0.0027949
0.00235836
0.00188465
0.001358
0.000674516
0.227225
0.201149
0.172755
0.156079
0.146809
0.139077
0.132381
0.127713
0.124835
0.122885
0.121341
0.120072
0.119037
0.118127
0.11717
0.115908
0.113928
0.110452
0.104016
0.0927951
0.0772029
0.059474
0.0417825
0.0250613
0.0097251
-0.00373349
-0.0148362
-0.0232603
-0.0288416
-0.0316416
-0.0322277
-0.0318329
-0.0330322
-0.0386562
-0.0499031
-0.0681123
-0.0906693
-0.11147
-0.123939
-0.123484
-0.109148
-0.0844045
-0.0556695
-0.0313215
-0.0175023
-0.00983118
-0.00464342
-0.000896506
0.00158415
0.0029316
0.00349701
0.00363916
0.00356211
0.00334504
0.00302946
0.00265116
0.00224339
0.00179437
0.00127091
0.000641519
0.219907
0.194835
0.167939
0.152229
0.143729
0.136743
0.130619
0.12632
0.123676
0.121863
0.120364
0.119063
0.117934
0.116871
0.115692
0.114139
0.111808
0.10796
0.10122
0.0900072
0.0748483
0.057919
0.0413533
0.0260972
0.0125569
0.00118728
-0.00758986
-0.0135423
-0.0166403
-0.0171121
-0.015686
-0.0137122
-0.013688
-0.0184986
-0.0297031
-0.0487247
-0.0730864
-0.0967857
-0.113023
-0.116662
-0.106096
-0.0842319
-0.0572451
-0.0335904
-0.0196542
-0.0116376
-0.00614446
-0.00215599
0.000570214
0.00215925
0.00291864
0.00320012
0.0032269
0.00309107
0.00283698
0.00250344
0.00212621
0.00170349
0.00119024
0.000607531
0.212745
0.188523
0.163029
0.148335
0.140648
0.134407
0.12885
0.124921
0.122515
0.120835
0.119377
0.118041
0.116815
0.115594
0.114194
0.112353
0.109685
0.10549
0.0984819
0.0873033
0.0725917
0.0564842
0.0410753
0.0273112
0.0155786
0.00628569
-0.000212981
-0.00378505
-0.0045367
-0.00285102
0.000408294
0.00380632
0.00494068
0.000898977
-0.0101984
-0.0298743
-0.055811
-0.0821523
-0.101945
-0.109556
-0.102729
-0.0837832
-0.0586096
-0.0356938
-0.0217016
-0.0133929
-0.00762271
-0.00340587
-0.000445042
0.0013787
0.0023307
0.00275251
0.00288424
0.00283076
0.0026394
0.00235189
0.00200685
0.00161181
0.00111454
0.000573271
0.205703
0.182202
0.158026
0.144403
0.137574
0.132075
0.127076
0.12352
0.121354
0.119805
0.118382
0.117007
0.11568
0.1143
0.112677
0.110553
0.107561
0.103042
0.095799
0.0846778
0.0704285
0.0551658
0.0409451
0.0286986
0.018783
0.0115516
0.00728177
0.00599871
0.00746114
0.0111445
0.0160741
0.0207592
0.0229054
0.0195953
0.00866391
-0.0115244
-0.0388305
-0.0675792
-0.090726
-0.102188
-0.0990667
-0.083074
-0.0597742
-0.0376405
-0.0236443
-0.0150925
-0.00907507
-0.00464445
-0.00145956
0.000591928
0.00173443
0.00229707
0.0025347
0.00256453
0.00243701
0.00219665
0.00188528
0.00151915
0.00104259
0.000539167
0.198747
0.175855
0.152934
0.140438
0.134513
0.129752
0.125301
0.122121
0.120196
0.118775
0.117382
0.115962
0.114532
0.112989
0.111143
0.108742
0.105438
0.100616
0.0931673
0.0821254
0.068354
0.0539602
0.0409591
0.0302548
0.0221633
0.0169751
0.0148826
0.0157976
0.0193467
0.0248781
0.0313296
0.0371798
0.0402524
0.037643
0.0269319
0.00635905
-0.022131
-0.0530727
-0.0793838
-0.0945793
-0.09513
-0.08212
-0.0607506
-0.0394396
-0.0254836
-0.0167324
-0.0104984
-0.00587009
-0.0024715
-0.000199208
0.00113108
0.00183455
0.00217882
0.0022928
0.00223008
0.00203788
0.00176151
0.00142534
0.000973393
0.000505437
0.191845
0.169466
0.147754
0.136447
0.131472
0.127444
0.12353
0.120726
0.119045
0.117746
0.116376
0.114908
0.113371
0.111664
0.109595
0.10692
0.103317
0.0982128
0.090583
0.0796402
0.0663632
0.0528638
0.0411139
0.0319753
0.0257125
0.0225469
0.0225784
0.0256014
0.0311146
0.0383543
0.0461922
0.0530989
0.0570234
0.0550892
0.0446489
0.023808
-0.00569797
-0.0386363
-0.067934
-0.0867497
-0.0909375
-0.0809375
-0.0615513
-0.0411006
-0.0272216
-0.0183096
-0.0118899
-0.00708116
-0.00347919
-0.000992917
0.000521939
0.00136573
0.00181718
0.00201602
0.00201892
0.00187574
0.00163552
0.00133024
0.000906088
0.00047215
0.184968
0.163017
0.142487
0.132438
0.128458
0.125153
0.121765
0.119341
0.117903
0.116721
0.115367
0.113846
0.112199
0.110325
0.108033
0.10509
0.101199
0.0958299
0.0880419
0.0772167
0.0644513
0.0518729
0.0414061
0.0338553
0.029424
0.0282581
0.0303592
0.0354011
0.0427607
0.0515776
0.0606783
0.0685443
0.0732555
0.071976
0.0618543
0.0408521
0.0104838
-0.0242707
-0.0563886
-0.0787165
-0.0865073
-0.0795427
-0.0621896
-0.0426334
-0.0288616
-0.0198222
-0.0132467
-0.00827611
-0.0044811
-0.00178751
-9.17149e-05
0.000891425
0.00145035
0.00173465
0.00180385
0.00171041
0.00150732
0.00123369
0.00083996
0.000439263
0.178087
0.15649
0.137135
0.128422
0.125478
0.122886
0.120012
0.117968
0.116774
0.115701
0.114357
0.112778
0.111019
0.108975
0.10646
0.103253
0.0990843
0.0934663
0.0855397
0.0748489
0.062613
0.0509841
0.0418326
0.0358906
0.0332912
0.0341003
0.0382154
0.0451885
0.0542817
0.0645531
0.0748034
0.0835417
0.0889826
0.0883414
0.0785836
0.0575191
0.0264297
-0.00997437
-0.0447572
-0.0704947
-0.0818566
-0.0779523
-0.0626796
-0.0440483
-0.0304079
-0.0212687
-0.0145665
-0.00945347
-0.00547587
-0.00258142
-0.000708619
0.000412457
0.00107894
0.00144914
0.00158521
0.0015421
0.00137694
0.00113557
0.000774396
0.000406647
0.171173
0.149864
0.1317
0.124409
0.122541
0.120646
0.118273
0.116612
0.115661
0.114688
0.113345
0.111705
0.10983
0.107615
0.104877
0.101411
0.0969732
0.0911204
0.083072
0.0725307
0.0608431
0.0501937
0.0423902
0.0380766
0.0373078
0.0400655
0.0461385
0.0549566
0.065675
0.077286
0.088582
0.0981142
0.104235
0.104219
0.0948688
0.0738346
0.0421551
0.0042561
-0.0330463
-0.0620972
-0.0770013
-0.0761826
-0.0630359
-0.0453567
-0.0318652
-0.0226488
-0.0158472
-0.0106119
-0.00646228
-0.00337318
-0.00132754
-7.03466e-05
0.000703522
0.00115998
0.00136333
0.00137101
0.00124442
0.00103576
0.000708863
0.000374105
0.164198
0.143119
0.126185
0.120413
0.119655
0.118436
0.116552
0.115278
0.114566
0.113683
0.112333
0.110628
0.108634
0.106246
0.103286
0.0995637
0.0948658
0.0887901
0.0806341
0.0702557
0.0591364
0.0494984
0.0430759
0.0404092
0.041468
0.0461462
0.0541205
0.064699
0.0769389
0.0897816
0.102028
0.112283
0.119039
0.119639
0.110739
0.089822
0.0576754
0.0184258
-0.0212604
-0.0535347
-0.0719558
-0.0742502
-0.0632744
-0.0465706
-0.0332393
-0.0239625
-0.0170873
-0.0117503
-0.00743921
-0.00416145
-0.00194731
-0.00055616
0.000324713
0.000867622
0.00113857
0.00119737
0.00110982
0.000934149
0.000642887
0.000341382
0.157132
0.136232
0.120595
0.116449
0.116826
0.116259
0.114854
0.113969
0.113492
0.112689
0.111324
0.109548
0.107433
0.104869
0.101686
0.0977127
0.0927616
0.0864732
0.0782207
0.0680171
0.0574873
0.0488949
0.0438868
0.0428841
0.0457658
0.0523354
0.0621542
0.0744101
0.0880719
0.102045
0.115153
0.126066
0.133418
0.134627
0.126218
0.105502
0.0730051
0.032541
-0.00940139
-0.0448155
-0.0667334
-0.0721712
-0.0634114
-0.0477029
-0.0345365
-0.0252106
-0.0182854
-0.0128677
-0.0084057
-0.00494499
-0.0025668
-0.00104416
-5.68891e-05
0.000572553
0.000911298
0.00102142
0.000973195
0.000830632
0.00057604
0.000308167
0.149942
0.12918
0.114936
0.112532
0.114062
0.114117
0.113183
0.112691
0.112441
0.111705
0.110317
0.108467
0.106228
0.103486
0.100081
0.0958585
0.0906601
0.084167
0.0758266
0.0658081
0.0558904
0.0483803
0.0448202
0.0454973
0.0501957
0.0586266
0.0702329
0.084085
0.0990732
0.11408
0.127968
0.139481
0.147393
0.149205
0.141327
0.120893
0.0881577
0.046609
0.00253092
-0.0359457
-0.0613454
-0.0699614
-0.0634641
-0.0487676
-0.0357639
-0.0263943
-0.0194409
-0.0139633
-0.00936088
-0.00572267
-0.00318495
-0.00153355
-0.000440676
0.00027525
0.000681874
0.000843426
0.000834658
0.000725117
0.000507923
0.000274091
0.142593
0.121938
0.109217
0.108681
0.111371
0.112013
0.111543
0.111448
0.111417
0.110734
0.109314
0.107387
0.10502
0.102097
0.0984697
0.0940014
0.0885604
0.0818687
0.0734459
0.0636211
0.0543403
0.0479518
0.0458736
0.048245
0.0547526
0.0650135
0.0783506
0.0937193
0.109942
0.125893
0.140484
0.15254
0.160981
0.163392
0.156084
0.136009
0.103145
0.0606373
0.0145384
-0.0269295
-0.055802
-0.0676361
-0.0634504
-0.0497799
-0.036929
-0.0275151
-0.0205531
-0.0150366
-0.010304
-0.00649348
-0.00380078
-0.00202354
-0.000826036
-2.38033e-05
0.000450682
0.000663656
0.000694321
0.000617525
0.000438155
0.000238713
0.135048
0.11448
0.10345
0.104917
0.108758
0.109948
0.10994
0.110245
0.110421
0.109775
0.108317
0.106309
0.10381
0.100704
0.096854
0.0921418
0.0864614
0.079575
0.0710723
0.0614485
0.0528316
0.0476067
0.0470447
0.0511233
0.0594313
0.0714906
0.0865016
0.103309
0.120677
0.137486
0.152708
0.165258
0.174198
0.177205
0.170504
0.150861
0.117975
0.0746326
0.026624
-0.0177687
-0.0501112
-0.0652102
-0.0633892
-0.0507561
-0.0380402
-0.0285751
-0.021622
-0.0160872
-0.0112343
-0.00725645
-0.00441336
-0.00251335
-0.00121236
-0.000324119
0.00021811
0.000482402
0.000552328
0.000507791
0.000366369
0.000201504
0.127263
0.10678
0.0976535
0.101261
0.106229
0.107924
0.108379
0.109087
0.109455
0.108831
0.107326
0.105233
0.102599
0.099308
0.0952345
0.0902798
0.0843618
0.0772824
0.068699
0.059282
0.0513589
0.0473429
0.0483313
0.0541286
0.0642271
0.0780525
0.0946807
0.11285
0.131278
0.148862
0.164649
0.177645
0.187059
0.190658
0.184599
0.165458
0.132655
0.0886001
0.0387913
-0.00846363
-0.0442796
-0.062698
-0.0632999
-0.0517137
-0.0391063
-0.0295765
-0.0226479
-0.017115
-0.0121512
-0.00801073
-0.00502186
-0.00300223
-0.00159901
-0.000625201
-1.54439e-05
0.000299978
0.000408851
0.000395872
0.000292208
0.000161814
0.119187
0.0988095
0.0918499
0.097739
0.103787
0.105942
0.106866
0.107979
0.10852
0.107901
0.106342
0.104161
0.101389
0.0979093
0.0936118
0.0884154
0.0822602
0.0749871
0.0663186
0.057113
0.0499172
0.0471585
0.0497312
0.0572574
0.0691355
0.0846941
0.102883
0.122338
0.141744
0.160026
0.176314
0.189713
0.199576
0.203763
0.19838
0.179807
0.14719
0.102544
0.0510436
0.000986662
-0.0383122
-0.0601129
-0.0632028
-0.0526718
-0.0401368
-0.0305217
-0.0236314
-0.01812
-0.0130542
-0.00875549
-0.00562548
-0.00348943
-0.00198536
-0.00092654
-0.000249564
0.000116721
0.000264092
0.000281751
0.000215322
0.000118839
0.110764
0.0905417
0.0860688
0.0943745
0.101434
0.104003
0.105409
0.106925
0.107616
0.106986
0.105368
0.103095
0.10018
0.0965091
0.0919866
0.0865484
0.0801548
0.0726852
0.063923
0.0549323
0.0485016
0.0470522
0.0512425
0.0605061
0.0741522
0.0914105
0.111103
0.131771
0.152074
0.170982
0.187713
0.201467
0.211749
0.216517
0.211844
0.193909
0.161582
0.116465
0.0633835
0.0105838
-0.0322125
-0.0574678
-0.0631191
-0.0536511
-0.0411416
-0.0314133
-0.0245733
-0.0191024
-0.0139424
-0.00948996
-0.00622347
-0.00397421
-0.00237074
-0.0012276
-0.000483814
-6.70036e-05
0.000118293
0.000165447
0.000135373
7.15903e-05
0.101926
0.0819504
0.0803483
0.0911935
0.0991692
0.10211
0.104015
0.105929
0.106746
0.106087
0.104404
0.102035
0.0989732
0.095108
0.0903595
0.0846789
0.0780439
0.0703723
0.0615034
0.0527302
0.0471076
0.0470228
0.0528633
0.0638713
0.079273
0.0981971
0.119337
0.141146
0.162272
0.181733
0.198844
0.212896
0.223552
0.228881
0.224957
0.207744
0.175825
0.130367
0.0758131
0.0203296
-0.025983
-0.0547749
-0.0630706
-0.0546739
-0.042131
-0.032254
-0.025475
-0.0200624
-0.0148152
-0.0102133
-0.00681511
-0.00445578
-0.00275443
-0.00152782
-0.000717728
-0.000250793
-2.82589e-05
4.70266e-05
5.20378e-05
1.89771e-05
0.0925909
0.0730119
0.0747363
0.0882213
0.0969895
0.100265
0.102693
0.104995
0.105908
0.105205
0.103452
0.100983
0.0977694
0.0937071
0.0887312
0.0828066
0.0759256
0.0680438
0.0590497
0.0504966
0.0457313
0.0470697
0.0545918
0.0673497
0.0844938
0.10505
0.127582
0.150463
0.172335
0.192274
0.209685
0.223951
0.234909
0.24076
0.237623
0.221245
0.189891
0.144241
0.0883342
0.0302263
-0.0196258
-0.0520459
-0.0630802
-0.0557648
-0.0431157
-0.0330463
-0.0263378
-0.021
-0.0156717
-0.0109247
-0.00739958
-0.00493327
-0.00313563
-0.00182653
-0.000950753
-0.000434157
-0.000175179
-7.3344e-05
-3.50098e-05
-3.97847e-05
0.0826627
0.0637074
0.0692918
0.0854812
0.0948887
0.0984735
0.101453
0.104127
0.105101
0.10434
0.102513
0.09994
0.0965694
0.0923071
0.0871022
0.0809312
0.0737979
0.0656947
0.0565512
0.048221
0.0443694
0.0471927
0.0564261
0.0709379
0.0898111
0.111965
0.135836
0.159719
0.182255
0.202573
0.22017
0.234526
0.245682
0.251996
0.249677
0.234277
0.2037
0.15806
0.100942
0.0402754
-0.0131424
-0.0492926
-0.0631721
-0.05695
-0.0441059
-0.0337929
-0.0271636
-0.0219151
-0.0165103
-0.0116228
-0.00797584
-0.00540549
-0.00351323
-0.00212279
-0.00118206
-0.000616329
-0.000321792
-0.000195199
-0.000126177
-0.000104248
0.0720233
0.0540263
0.0640867
0.082993
0.0928578
0.0967409
0.100304
0.103326
0.104327
0.103493
0.101589
0.0989065
0.0953741
0.0909089
0.0854733
0.0790528
0.0716588
0.0633201
0.0539953
0.0458924
0.0430193
0.0473921
0.0583641
0.0746327
0.0952219
0.118941
0.144096
0.168902
0.191995
0.212554
0.230176
0.244465
0.255691
0.26239
0.260904
0.246636
0.217101
0.171744
0.113613
0.0504742
-0.00653509
-0.0465274
-0.063372
-0.0582586
-0.0451111
-0.0344954
-0.0279538
-0.0228069
-0.017329
-0.0123059
-0.00854206
-0.00587055
-0.00388546
-0.00241507
-0.00141031
-0.000796104
-0.000467057
-0.000317691
-0.000222268
-0.000172123
0.060529
0.0439714
0.0592066
0.0807705
0.090885
0.095077
0.0992582
0.102592
0.103582
0.102665
0.100681
0.0978836
0.0941843
0.0895136
0.0838451
0.0771712
0.0695064
0.0609143
0.0513683
0.0434995
0.0416795
0.0476682
0.0604041
0.0784317
0.100725
0.125977
0.15235
0.177974
0.201472
0.222083
0.239536
0.253586
0.264748
0.271748
0.27109
0.258092
0.229876
0.185143
0.126277
0.0608036
0.000190488
-0.0437635
-0.0637077
-0.0597232
-0.0461401
-0.0351545
-0.0287085
-0.0236731
-0.0181244
-0.012971
-0.00909543
-0.00632575
-0.00425005
-0.00270157
-0.00163406
-0.000972278
-0.000609948
-0.000439815
-0.000324239
-0.00024012
0.0480019
0.0335658
0.0547526
0.0788186
0.0889566
0.0934944
0.0983244
0.101925
0.102867
0.101857
0.099791
0.0968721
0.0930008
0.088122
0.0822185
0.0752864
0.0673388
0.0584715
0.0486539
0.0410309
0.0403497
0.0480221
0.0625443
0.0823337
0.10632
0.133061
0.16056
0.186849
0.21055
0.230993
0.248078
0.26173
0.272703
0.279919
0.28007
0.268443
0.241798
0.198053
0.138808
0.0712123
0.00701905
-0.0410157
-0.0642082
-0.061379
-0.0472027
-0.0357708
-0.0294266
-0.0245103
-0.0188932
-0.0136154
-0.00963323
-0.00676867
-0.00460513
-0.00298076
-0.00185192
-0.00114349
-0.000749097
-0.000560004
-0.000431711
-0.000305492
0.0342188
0.0228608
0.0508408
0.0771306
0.0870585
0.0920098
0.0975122
0.101323
0.102181
0.101072
0.0989193
0.0958727
0.0918244
0.086735
0.0805941
0.0733984
0.065154
0.0559856
0.0458338
0.0384755
0.0390312
0.0484554
0.0647841
0.0863374
0.111995
0.140155
0.168642
0.195394
0.219064
0.239123
0.255667
0.268789
0.279462
0.286818
0.287751
0.277566
0.252686
0.210267
0.151039
0.0816099
0.0139184
-0.0382998
-0.0649006
-0.0632621
-0.0483135
-0.0363495
-0.0301078
-0.0253159
-0.019634
-0.0142376
-0.0101533
-0.00719697
-0.00494858
-0.00325065
-0.00206199
-0.00130794
-0.000882796
-0.000676455
-0.000543098
-0.000367346
0.0188972
0.0119451
0.0475964
0.0756838
0.0851796
0.0906449
0.0968295
0.100782
0.101521
0.10031
0.0980674
0.0948859
0.0906559
0.0853539
0.0789731
0.0715074
0.0629505
0.05345
0.0428868
0.0358234
0.0377278
0.0489711
0.0671229
0.0904343
0.117718
0.147182
0.176467
0.20345
0.226865
0.246355
0.262218
0.274702
0.284988
0.292427
0.294125
0.285426
0.262448
0.221636
0.16281
0.0918874
0.0208433
-0.0356294
-0.0658046
-0.0654031
-0.0494954
-0.0369027
-0.0307535
-0.0260887
-0.0203461
-0.0148362
-0.010653
-0.00760816
-0.00527835
-0.00350953
-0.00226281
-0.00146435
-0.00100986
-0.00078789
-0.000656515
-0.000426437
0.00169128
0.000972986
0.0451458
0.0744321
0.0833145
0.089427
0.0962823
0.100298
0.100889
0.0995742
0.0972364
0.0939126
0.0894967
0.08398
0.0773569
0.0696144
0.060728
0.0508587
0.03979
0.0330679
0.0364476
0.0495736
0.0695546
0.0945956
0.123418
0.154022
0.18389
0.210881
0.233848
0.252617
0.267681
0.279451
0.289302
0.296803
0.299258
0.292066
0.271079
0.232096
0.17402
0.101956
0.0277542
-0.033007
-0.0669233
-0.067822
-0.0507738
-0.0374436
-0.0313637
-0.0268271
-0.0210296
-0.0154105
-0.0111308
-0.00800088
-0.00559345
-0.00375657
-0.00245366
-0.00161202
-0.00112951
-0.00089339
-0.000770071
-0.000484232
-0.0178197
-0.00977638
0.0436224
0.0733052
0.0814687
0.0883885
0.0958733
0.0998658
0.100286
0.098868
0.0964286
0.0929547
0.0883491
0.0826163
0.0757485
0.067722
0.0584878
0.0482073
0.0365229
0.0302113
0.0352071
0.050267
0.0720582
0.0987624
0.128993
0.160551
0.190792
0.217596
0.239947
0.25786
0.272035
0.283063
0.292488
0.300068
0.303277
0.297585
0.278637
0.241656
0.184636
0.111776
0.0346389
-0.0304142
-0.0682391
-0.0705279
-0.0521699
-0.037981
-0.0319373
-0.0275309
-0.0216862
-0.0159612
-0.0115865
-0.00837474
-0.00589356
-0.00399144
-0.00263413
-0.00175049
-0.00124112
-0.000992198
-0.000882151
-0.000542185
-0.0402168
-0.0198657
0.0431735
0.072229
0.0796728
0.0875691
0.0956024
0.0994805
0.0997158
0.0981963
0.0956481
0.0920165
0.0872184
0.0812686
0.0741541
0.0658364
0.0562359
0.0454956
0.033078
0.027278
0.0340364
0.0510527
0.0745965
0.102859
0.134344
0.166669
0.197094
0.22353
0.245106
0.26205
0.275301
0.285633
0.29469
0.302395
0.30634
0.302116
0.285219
0.250376
0.194684
0.121357
0.0415186
-0.0278121
-0.0697227
-0.0735322
-0.0537011
-0.0385195
-0.0324725
-0.0282007
-0.0223185
-0.0164898
-0.0120204
-0.00872973
-0.00617863
-0.00421401
-0.00280405
-0.0018795
-0.00134417
-0.00108368
-0.000991718
-0.000601219
-0.0663517
-0.0287921
0.0438816
0.071135
0.0779897
0.0870117
0.0954706
0.0991424
0.0991844
0.0975641
0.0948993
0.0911048
0.086114
0.079949
0.0725894
0.0639778
0.0539972
0.0427406
0.0294881
0.0243373
0.0329857
0.0519337
0.0771339
0.106824
0.139402
0.172317
0.202736
0.228619
0.249271
0.26519
0.277569
0.287322
0.296102
0.303973
0.308623
0.305806
0.290945
0.258342
0.204224
0.130746
0.048441
-0.0251501
-0.0713469
-0.0768614
-0.0553872
-0.0390624
-0.0329658
-0.0288353
-0.0229286
-0.0169985
-0.0124336
-0.00906629
-0.00644889
-0.00442449
-0.00296357
-0.00199907
-0.00143843
-0.00116738
-0.00109864
-0.000661322
-0.0969535
-0.0359978
0.04561
0.0699356
0.0764946
0.0867311
0.0954672
0.0988635
0.098709
0.096984
0.0941932
0.0902326
0.0850529
0.0786808
0.0710861
0.0621893
0.0518274
0.0399928
0.0258443
0.0215051
0.0321148
0.0529103
0.0796461
0.11063
0.144143
0.177459
0.207661
0.232794
0.252423
0.267358
0.279005
0.288337
0.296948
0.304995
0.310301
0.308816
0.295952
0.265669
0.213345
0.140017
0.0554806
-0.0223596
-0.0730784
-0.0805484
-0.0572567
-0.0396282
-0.0334213
-0.0294337
-0.0235186
-0.0174912
-0.0128295
-0.00938697
-0.00670621
-0.00462441
-0.00311399
-0.0021103
-0.00152455
-0.00124346
-0.00120428
-0.000721453
-0.131478
-0.0402268
0.0480612
0.0685898
0.0753348
0.0867234
0.0955328
0.0986165
0.09828
0.0964489
0.0935329
0.0894179
0.084069
0.0775123
0.0697053
0.0605433
0.0498085
0.0373316
0.0222394
0.0188623
0.0314325
0.0539425
0.0820881
0.114243
0.148523
0.182015
0.211764
0.235998
0.254616
0.268721
0.27983
0.288898
0.297414
0.305646
0.311562
0.311332
0.300421
0.272507
0.222163
0.149258
0.06271
-0.0193748
-0.07488
-0.0845999
-0.059318
-0.0402624
-0.0338754
-0.0300108
-0.0240961
-0.0179749
-0.0132152
-0.00969787
-0.00695549
-0.00481768
-0.00325851
-0.00221575
-0.00160432
-0.00131264
-0.00131158
-0.000780158
-0.169048
-0.0389031
0.0509939
0.067085
0.0747696
0.0870941
0.0956469
0.0984016
0.0979115
0.095992
0.092972
0.0887269
0.0832288
0.0765027
0.0684961
0.0590799
0.047976
0.0347889
0.0186647
0.016412
0.0309223
0.0549746
0.0843359
0.117464
0.152277
0.185704
0.214841
0.238189
0.25597
0.269482
0.280255
0.289199
0.297686
0.306117
0.31262
0.313605
0.304623
0.279122
0.230891
0.158604
0.0701942
-0.016168
-0.0767474
-0.088955
-0.0613962
-0.0409397
-0.0343801
-0.0306146
-0.0246904
-0.0184658
-0.0136012
-0.0100082
-0.00720546
-0.00501222
-0.00340403
-0.00232121
-0.00168222
-0.00137694
-0.00142567
-0.000840031
-0.215745
-0.0313905
0.0538732
0.0647481
0.0742858
0.0874782
0.0957839
0.0982956
0.0976984
0.0956919
0.0925692
0.0882119
0.0825953
0.0757382
0.0675784
0.0579624
0.0465461
0.0327031
0.0157444
0.0144789
0.0307459
0.0561043
0.0863549
0.120112
0.155162
0.188342
0.216863
0.239497
0.256699
0.269853
0.280441
0.289315
0.297929
0.306573
0.313661
0.315863
0.308859
0.285865
0.239834
0.168142
0.0776607
-0.0133069
-0.0793873
-0.0941495
-0.0630613
-0.0409646
-0.0344263
-0.0309405
-0.0251229
-0.018835
-0.0138778
-0.0102248
-0.00738063
-0.00514861
-0.0035046
-0.00239229
-0.00173163
-0.00141862
-0.00151112
-0.000898136
-0.282019
-0.0221874
0.0583227
0.0644206
0.0752754
0.0887152
0.0964676
0.0985278
0.0976859
0.0955207
0.0922163
0.087659
0.081836
0.074757
0.0663456
0.0564206
0.0445449
0.0296381
0.0112729
0.0121355
0.0306777
0.0577939
0.0893379
0.123724
0.158756
0.191391
0.219116
0.241005
0.257671
0.270508
0.280927
0.289715
0.298249
0.306995
0.314563
0.318
0.313323
0.293741
0.25139
0.181908
0.0901604
-0.00638075
-0.0803798
-0.101566
-0.0677572
-0.0431202
-0.0355371
-0.031849
-0.0260287
-0.019631
-0.0144965
-0.0106962
-0.00774588
-0.00542683
-0.00370686
-0.00253118
-0.00182154
-0.00146368
-0.00163668
-0.000856709
)
;

boundaryField
{
    inlet
    {
        type            zeroGradient;
    }
    outlet
    {
        type            fixedValue;
        value           uniform 0;
    }
    fixedWalls
    {
        type            zeroGradient;
    }
    defaultFaces
    {
        type            empty;
    }
}


// ************************************************************************* //
