/*--------------------------------*- C++ -*----------------------------------*\
| =========                 |                                                 |
| \\      /  F ield         | OpenFOAM: The Open Source CFD Toolbox           |
|  \\    /   O peration     | Version:  2.4.0                                 |
|   \\  /    A nd           | Web:      www.OpenFOAM.org                      |
|    \\/     M anipulation  |                                                 |
\*---------------------------------------------------------------------------*/
FoamFile
{
    version     2.0;
    format      ascii;
    class       volScalarField;
    location    "4.3";
    object      nut;
}
// * * * * * * * * * * * * * * * * * * * * * * * * * * * * * * * * * * * * * //

dimensions      [0 2 -1 0 0 0 0];

internalField   nonuniform List<scalar> 
6000
(
4.70151e-05
1.44412e-05
4.24862e-06
8.77672e-06
7.789e-06
8.927e-06
8.56868e-06
8.94255e-06
8.81873e-06
9.02821e-06
9.06857e-06
9.29979e-06
9.51579e-06
9.8764e-06
1.02933e-05
1.08214e-05
1.14125e-05
1.20808e-05
1.28072e-05
1.36016e-05
1.44603e-05
1.53843e-05
1.63634e-05
1.73833e-05
1.84235e-05
1.94628e-05
2.0479e-05
2.14504e-05
2.23554e-05
2.31729e-05
2.38816e-05
2.44598e-05
2.48858e-05
2.5137e-05
2.51879e-05
2.5015e-05
2.45949e-05
2.39043e-05
2.29246e-05
2.16429e-05
2.00691e-05
1.82422e-05
1.62452e-05
1.58994e-05
1.79098e-05
1.99825e-05
2.20175e-05
2.40529e-05
2.58783e-05
2.76807e-05
2.90442e-05
3.05531e-05
3.12447e-05
3.26456e-05
3.23905e-05
3.42409e-05
3.24749e-05
3.59278e-05
3.17475e-05
3.809e-05
2.94897e-05
9.50702e-06
3.16633e-06
7.01505e-06
6.32289e-06
7.01741e-06
6.77591e-06
7.01017e-06
6.9391e-06
7.08756e-06
7.14512e-06
7.33704e-06
7.54153e-06
7.85626e-06
8.23068e-06
8.69539e-06
9.22284e-06
9.82006e-06
1.04779e-05
1.12019e-05
1.19902e-05
1.28407e-05
1.37437e-05
1.46859e-05
1.5651e-05
1.66231e-05
1.75878e-05
1.8533e-05
1.94491e-05
2.0329e-05
2.11687e-05
2.19672e-05
2.27279e-05
2.34585e-05
2.41701e-05
2.48886e-05
2.56577e-05
2.6551e-05
2.7692e-05
2.92945e-05
3.17216e-05
3.5569e-05
4.14534e-05
4.22768e-05
3.60212e-05
3.14379e-05
2.83713e-05
2.63613e-05
2.50986e-05
2.43348e-05
2.38328e-05
2.36114e-05
2.33076e-05
2.33735e-05
2.29168e-05
2.33553e-05
2.23705e-05
2.36449e-05
2.16204e-05
2.42426e-05
2.14309e-05
8.16008e-06
2.81446e-06
5.88993e-06
5.32685e-06
5.68268e-06
5.49868e-06
5.6338e-06
5.59723e-06
5.71381e-06
5.79938e-06
5.99383e-06
6.23276e-06
6.57613e-06
7.00133e-06
7.52666e-06
8.14272e-06
8.8567e-06
9.67112e-06
1.05936e-05
1.16273e-05
1.27706e-05
1.40148e-05
1.53466e-05
1.6751e-05
1.82139e-05
1.97251e-05
2.12793e-05
2.28774e-05
2.45273e-05
2.62453e-05
2.80585e-05
3.00086e-05
3.21544e-05
3.4557e-05
3.73389e-05
4.06745e-05
4.48311e-05
5.02201e-05
5.74979e-05
6.76632e-05
8.21223e-05
0.00010143
0.000103416
8.3063e-05
6.60569e-05
5.32204e-05
4.3596e-05
3.66557e-05
3.14515e-05
2.7726e-05
2.48276e-05
2.27372e-05
2.10415e-05
1.97561e-05
1.87828e-05
1.78028e-05
1.74878e-05
1.63813e-05
1.68032e-05
1.78746e-05
7.96934e-06
2.98826e-06
5.26083e-06
4.70414e-06
4.76827e-06
4.59505e-06
4.65246e-06
4.63813e-06
4.74428e-06
4.87209e-06
5.10892e-06
5.43283e-06
5.88409e-06
6.46547e-06
7.19468e-06
8.08433e-06
9.1523e-06
1.04211e-05
1.1911e-05
1.36395e-05
1.56131e-05
1.78302e-05
2.02804e-05
2.29512e-05
2.58306e-05
2.8913e-05
3.22014e-05
3.57106e-05
3.94693e-05
4.35237e-05
4.79429e-05
5.28283e-05
5.82856e-05
6.44282e-05
7.15163e-05
7.98751e-05
8.99718e-05
0.000102468
0.000118323
0.000138796
0.000165282
0.000196417
0.000198371
0.00016514
0.000133604
0.000107192
8.55631e-05
6.87072e-05
5.52864e-05
4.52083e-05
3.70863e-05
3.12037e-05
2.62161e-05
2.28351e-05
1.96571e-05
1.77515e-05
1.56898e-05
1.45704e-05
1.33856e-05
1.67546e-05
8.4451e-06
3.53564e-06
5.03924e-06
4.40631e-06
4.18565e-06
3.98104e-06
3.96843e-06
3.96764e-06
4.08122e-06
4.27106e-06
4.59554e-06
5.06957e-06
5.73014e-06
6.61063e-06
7.74347e-06
9.17573e-06
1.09531e-05
1.31344e-05
1.57696e-05
1.89048e-05
2.25667e-05
2.67683e-05
3.15072e-05
3.67741e-05
4.25573e-05
4.88515e-05
5.56623e-05
6.30107e-05
7.0936e-05
7.95001e-05
8.8796e-05
9.897e-05
0.000109987
0.000122051
0.000135464
0.000150573
0.000167858
0.000187956
0.000211734
0.000240197
0.000274193
0.00031001
0.000310998
0.000271455
0.000229652
0.000191259
0.000157041
0.000128025
0.000103231
8.3234e-05
6.638e-05
5.34839e-05
4.24314e-05
3.46319e-05
2.74344e-05
2.3078e-05
1.83146e-05
1.61252e-05
1.32575e-05
1.71085e-05
9.39791e-06
4.39222e-06
5.14759e-06
4.41121e-06
3.89013e-06
3.61097e-06
3.52498e-06
3.53087e-06
3.66887e-06
3.94858e-06
4.41859e-06
5.13391e-06
6.14683e-06
7.53543e-06
9.36816e-06
1.1747e-05
1.47673e-05
1.85422e-05
2.31648e-05
2.87168e-05
3.52472e-05
4.27804e-05
5.13136e-05
6.08264e-05
7.12873e-05
8.26648e-05
9.4934e-05
0.000108082
0.00012211
0.000137039
0.000152918
0.000169794
0.000187394
0.00020598
0.000225781
0.000247045
0.000270131
0.000295511
0.000323835
0.000355808
0.000391771
0.000426541
0.000426423
0.000386311
0.000340117
0.000294553
0.000251153
0.000211642
0.000175658
0.000144481
0.000116808
9.41046e-05
7.41391e-05
5.89823e-05
4.52507e-05
3.61229e-05
2.69215e-05
2.20803e-05
1.68831e-05
1.83893e-05
1.07092e-05
5.51704e-06
5.50574e-06
4.69606e-06
3.86637e-06
3.46647e-06
3.29411e-06
3.30035e-06
3.48103e-06
3.8895e-06
4.58351e-06
5.67009e-06
7.23992e-06
9.43669e-06
1.23889e-05
1.6273e-05
2.12477e-05
2.74813e-05
3.51001e-05
4.42023e-05
5.48366e-05
6.70144e-05
8.07054e-05
9.58453e-05
0.000112344
0.000130101
0.000149012
0.000168979
0.000189913
0.000211739
0.000234418
0.000257708
0.000281274
0.000305363
0.000330105
0.000355639
0.000382203
0.000410123
0.000439879
0.000472002
0.000506372
0.000537401
0.00053643
0.000498936
0.000452619
0.000404324
0.000355961
0.00030948
0.000264993
0.000224122
0.000186152
0.000152949
0.000122816
9.81782e-05
7.58695e-05
5.94501e-05
4.38714e-05
3.42292e-05
2.57066e-05
2.02058e-05
1.22753e-05
6.86692e-06
6.06127e-06
5.20666e-06
4.11218e-06
3.54806e-06
3.26924e-06
3.26934e-06
3.51406e-06
4.10452e-06
5.129e-06
6.76582e-06
9.16919e-06
1.25681e-05
1.71665e-05
2.32171e-05
3.09291e-05
4.04932e-05
5.20276e-05
6.56045e-05
8.1238e-05
9.88975e-05
0.000118498
0.000139901
0.000162929
0.000187379
0.000213039
0.000239704
0.000267179
0.000295283
0.000323894
0.000352373
0.000380594
0.000408703
0.000436753
0.000464802
0.000493002
0.000521577
0.000550899
0.00058139
0.000612508
0.000639045
0.000637508
0.000603907
0.000559843
0.000511765
0.000461705
0.000411567
0.000361737
0.000313862
0.000267737
0.000225289
0.000185611
0.000151073
0.000119501
9.41178e-05
7.0851e-05
5.42863e-05
4.15059e-05
2.2247e-05
1.39955e-05
8.38985e-06
6.80682e-06
5.86079e-06
4.61369e-06
3.86349e-06
3.45838e-06
3.44642e-06
3.78127e-06
4.62312e-06
6.11534e-06
8.52892e-06
1.21011e-05
1.71513e-05
2.39527e-05
3.28053e-05
4.39247e-05
5.74669e-05
7.34923e-05
9.20117e-05
0.000112986
0.000136334
0.000161904
0.000189474
0.000218768
0.000249475
0.000281278
0.000313871
0.000346963
0.00038029
0.000413575
0.000446032
0.000477665
0.000508542
0.00053866
0.000568021
0.000596715
0.000624898
0.000652871
0.000680936
0.000708333
0.000730498
0.000728583
0.000699067
0.00065831
0.000612094
0.000562426
0.000511053
0.000458493
0.000406255
0.000354473
0.000304929
0.000257416
0.000213997
0.000173743
0.000139063
0.000107783
8.29748e-05
6.53849e-05
2.42783e-05
1.57759e-05
1.00268e-05
7.74519e-06
6.60067e-06
5.32068e-06
4.4083e-06
3.87268e-06
3.84712e-06
4.30391e-06
5.48025e-06
7.6003e-06
1.10428e-05
1.61321e-05
2.32601e-05
3.27361e-05
4.48548e-05
5.97825e-05
7.75904e-05
9.82545e-05
0.000121719
0.000147899
0.000176667
0.00020781
0.000241026
0.000275942
0.000312153
0.000349248
0.000386838
0.000424559
0.000462083
0.000498932
0.000534385
0.000568481
0.00060123
0.000632585
0.000662509
0.000691049
0.000718315
0.000744559
0.000769927
0.000793694
0.000811918
0.000809702
0.000783929
0.00074674
0.000703152
0.000655056
0.000604018
0.000550592
0.00049611
0.000440878
0.000386468
0.00033314
0.000282601
0.000234987
0.000191808
0.000152996
0.00011967
9.71997e-05
2.61484e-05
1.75359e-05
1.17169e-05
8.86261e-06
7.42007e-06
6.15294e-06
5.14595e-06
4.50763e-06
4.47855e-06
5.09465e-06
6.69279e-06
9.60148e-06
1.43088e-05
2.12117e-05
3.07348e-05
4.31769e-05
5.87726e-05
7.75989e-05
9.96222e-05
0.00012474
0.000152848
0.000183832
0.000217527
0.000253667
0.000291869
0.000331681
0.000372612
0.000414175
0.000455916
0.000497411
0.000538298
0.000577846
0.000615563
0.000651442
0.000685446
0.000717495
0.000747522
0.000775548
0.000801648
0.000826027
0.000848717
0.000869138
0.000883914
0.00088138
0.000858785
0.000824994
0.000784259
0.000738307
0.000688531
0.000635468
0.000580281
0.000523326
0.000465983
0.000408735
0.00035301
0.000299635
0.000249417
0.000204031
0.000162846
0.000135723
2.77811e-05
1.92132e-05
1.34029e-05
1.01258e-05
8.34163e-06
7.04675e-06
6.01084e-06
5.3262e-06
5.31992e-06
6.1352e-06
8.2309e-06
1.20585e-05
1.82035e-05
2.7108e-05
3.91833e-05
5.4674e-05
7.37178e-05
9.62901e-05
0.000122262
0.000151476
0.000183801
0.000219104
0.00025719
0.000297739
0.000340298
0.000384338
0.000429298
0.000474627
0.00051982
0.000564406
0.000607959
0.000649612
0.000689059
0.000726233
0.00076106
0.000793439
0.000823279
0.000850583
0.000875406
0.000897887
0.000918056
0.000935449
0.000947223
0.000944295
0.000924249
0.000893473
0.000855506
0.00081189
0.000763864
0.000711919
0.000657078
0.00059967
0.000540923
0.000481359
0.000422233
0.000364685
0.000309123
0.000258341
0.000210542
0.00017914
2.91563e-05
2.07654e-05
1.50359e-05
1.14892e-05
9.38028e-06
7.98623e-06
6.94179e-06
6.26418e-06
6.31439e-06
7.36221e-06
1.00018e-05
1.48199e-05
2.24816e-05
3.3445e-05
4.80704e-05
6.65194e-05
8.88184e-05
0.00011485
0.000144413
0.00017732
0.000213426
0.000252586
0.000294571
0.000339007
0.000385373
0.000433076
0.000481493
0.00053002
0.000578108
0.000625249
0.000670918
0.000714249
0.000755025
0.000793135
0.000828476
0.000860928
0.000890387
0.000916841
0.000940331
0.000960945
0.000978776
0.000993437
0.00100257
0.000999145
0.000981039
0.000952807
0.000917356
0.000876039
0.000829966
0.000779567
0.000725754
0.000668787
0.000609783
0.000549179
0.000488162
0.000427873
0.000368618
0.000313665
0.000260745
0.000225502
3.02873e-05
2.21683e-05
1.6578e-05
1.29026e-05
1.05319e-05
8.98829e-06
7.91213e-06
7.26123e-06
7.38739e-06
8.67913e-06
1.1865e-05
1.7672e-05
2.68296e-05
3.97921e-05
5.68448e-05
7.80539e-05
0.000103335
0.000132497
0.000165286
0.000201503
0.000240998
0.000283609
0.000329069
0.000376952
0.000426668
0.000477568
0.000528976
0.000580241
0.000630782
0.000680058
0.00072742
0.000772096
0.000813894
0.000852668
0.000888287
0.000920622
0.000949558
0.000975079
0.000997196
0.00101601
0.00103167
0.00104385
0.00105064
0.00104658
0.00102986
0.00100369
0.000970425
0.000931246
0.000887148
0.000838504
0.000786137
0.000730217
0.000671786
0.000611126
0.000549423
0.000487613
0.000426134
0.000368176
0.000311631
0.000273012
3.12037e-05
2.34129e-05
1.80027e-05
1.43172e-05
1.17752e-05
1.0072e-05
8.92841e-06
8.28861e-06
8.48058e-06
9.99272e-06
1.36761e-05
2.03979e-05
3.09451e-05
4.57598e-05
6.50434e-05
8.87639e-05
0.000116734
0.000148703
0.000184384
0.000223575
0.000266119
0.000311833
0.000360412
0.000411371
0.000464059
0.000517772
0.000571789
0.00062542
0.000678054
0.000729129
0.00077785
0.000823608
0.000866185
0.000905403
0.000941116
0.000973185
0.00100149
0.001026
0.00104673
0.00106383
0.00107745
0.00108735
0.001092
0.00108719
0.00107138
0.0010468
0.00101537
0.000978103
0.000935898
0.000889075
0.000838386
0.000783912
0.000726636
0.000666655
0.000605201
0.000542875
0.000480399
0.000420496
0.000361684
0.000320164
3.19396e-05
2.45009e-05
1.92949e-05
1.56897e-05
1.30775e-05
1.12429e-05
1.00092e-05
9.35068e-06
9.57229e-06
1.12472e-05
1.53325e-05
2.28339e-05
3.45994e-05
5.10622e-05
7.23415e-05
9.83101e-05
0.000128683
0.000163164
0.000201442
0.000243311
0.000288611
0.000337132
0.000388522
0.000442245
0.000497584
0.000553788
0.000610098
0.000665784
0.000720215
0.000772787
0.000822626
0.000869247
0.000912403
0.000951888
0.000987542
0.00101922
0.0010468
0.00107024
0.00108959
0.00110502
0.00111671
0.00112449
0.00112716
0.00112149
0.00110618
0.00108277
0.00105282
0.00101722
0.000976768
0.000931745
0.000882845
0.000830063
0.00077434
0.000715581
0.000655078
0.000593047
0.000530567
0.000469645
0.000409728
0.000365788
3.25279e-05
2.54417e-05
2.04488e-05
1.69855e-05
1.44003e-05
1.2491e-05
1.11693e-05
1.04679e-05
1.06731e-05
1.24334e-05
1.67937e-05
2.48965e-05
3.7664e-05
5.55352e-05
7.85558e-05
0.00010651
0.000139017
0.000175745
0.000216355
0.000260644
0.000308439
0.000359502
0.000413436
0.00046965
0.000527364
0.000585785
0.000644117
0.000701594
0.00075757
0.000811377
0.000862142
0.000909444
0.000953009
0.00099261
0.00102807
0.00105926
0.00108602
0.00110835
0.00112632
0.00114013
0.00114998
0.00115577
0.00115657
0.00114993
0.00113476
0.00111216
0.00108338
0.00104918
0.00101032
0.000967022
0.000919941
0.000868996
0.000815087
0.000757943
0.000698913
0.000637816
0.000576116
0.000514969
0.000454904
0.000409022
3.29975e-05
2.62485e-05
2.14658e-05
1.81791e-05
1.57041e-05
1.37937e-05
1.24116e-05
1.16585e-05
1.18124e-05
1.35756e-05
1.80732e-05
2.65776e-05
4.01045e-05
5.91224e-05
8.362e-05
0.000113302
0.000147691
0.000186421
0.000229125
0.000275595
0.000325647
0.000379012
0.000435248
0.000493708
0.000553554
0.000613947
0.000674064
0.000733103
0.000790408
0.00084523
0.000896752
0.000944575
0.000988402
0.00102799
0.00106315
0.00109374
0.00111961
0.00114079
0.00115739
0.00116962
0.00117768
0.00118157
0.00118059
0.00117288
0.00115758
0.00113545
0.00110755
0.00107453
0.00103708
0.000995415
0.000950134
0.000901098
0.000849169
0.000793919
0.000736744
0.000677083
0.000616768
0.000556066
0.000496624
0.000449271
3.33723e-05
2.69365e-05
2.23531e-05
1.92551e-05
1.69522e-05
1.51198e-05
1.37259e-05
1.29319e-05
1.30224e-05
1.47135e-05
1.92177e-05
2.79225e-05
4.19559e-05
6.18475e-05
8.7552e-05
0.000118707
0.000154736
0.000195241
0.000239815
0.000288243
0.000340328
0.000395769
0.000454078
0.00051456
0.000576313
0.000638459
0.000700148
0.000760543
0.000818983
0.000874632
0.00092676
0.000974962
0.00101892
0.00105837
0.00109313
0.00112301
0.00114794
0.00116796
0.00118319
0.00119385
0.00120017
0.00120223
0.00119953
0.00119068
0.00117501
0.0011531
0.00112582
0.00109375
0.00105756
0.00101741
0.000973878
0.00092678
0.00087693
0.000823769
0.000768722
0.000710887
0.000652424
0.000592724
0.000534515
0.000486152
3.3672e-05
2.75211e-05
2.31211e-05
2.02064e-05
1.81139e-05
1.64333e-05
1.50913e-05
1.4286e-05
1.43201e-05
1.58994e-05
2.0287e-05
2.90051e-05
4.32964e-05
6.37865e-05
9.04241e-05
0.000122799
0.000160233
0.000202294
0.000248523
0.000298695
0.000352595
0.000409892
0.000470057
0.000532348
0.000595797
0.000659491
0.000722556
0.000784118
0.000843505
0.000899828
0.000952425
0.00100088
0.00104485
0.00108406
0.00111829
0.00114741
0.00117136
0.00119019
0.00120404
0.00121314
0.00121777
0.00121805
0.00121367
0.00120361
0.00118739
0.00116546
0.00113858
0.00110729
0.00107219
0.00103345
0.000991608
0.000946445
0.000898731
0.000847793
0.00079507
0.00073936
0.000683101
0.000624868
0.000568371
0.000519444
3.3912e-05
2.80168e-05
2.3782e-05
2.10334e-05
1.91663e-05
1.76975e-05
1.64779e-05
1.57079e-05
1.57086e-05
1.71774e-05
2.13458e-05
2.99096e-05
4.42259e-05
6.50445e-05
9.23414e-05
0.000125684
0.000164288
0.000207691
0.000255367
0.000307073
0.000362574
0.000421511
0.000483318
0.00054721
0.000612154
0.000677201
0.000741456
0.000804006
0.000864166
0.000921029
0.000973967
0.00102255
0.00106643
0.00110527
0.0011389
0.00116721
0.00119014
0.00120775
0.00122021
0.00122776
0.00123071
0.00122926
0.00122323
0.00121191
0.00119499
0.00117286
0.0011462
0.00111551
0.00108137
0.00104394
0.00100373
0.000960481
0.000914928
0.000866307
0.000816044
0.000762691
0.000708902
0.000652518
0.000598108
0.000549042
3.41047e-05
2.84368e-05
2.43488e-05
2.1742e-05
2.00948e-05
1.88786e-05
1.78502e-05
1.71745e-05
1.71802e-05
1.85566e-05
2.24836e-05
3.07189e-05
4.48507e-05
6.57404e-05
9.34258e-05
0.000127484
0.000167023
0.000211555
0.00026047
0.000313502
0.000370393
0.000430756
0.000493992
0.00055928
0.000625521
0.000691731
0.000756998
0.000820365
0.000881139
0.000938413
0.000991572
0.00104018
0.00108381
0.00112221
0.00115518
0.00118262
0.00120449
0.00122087
0.00123192
0.00123793
0.00123923
0.00123608
0.00122842
0.0012158
0.00119806
0.00117559
0.00114899
0.00111876
0.00108546
0.00104925
0.0010106
0.000969252
0.000925867
0.000879624
0.000831917
0.0007811
0.00072998
0.000675761
0.000623729
0.00057493
3.42598e-05
2.87926e-05
2.48343e-05
2.23419e-05
2.08932e-05
1.99482e-05
1.91703e-05
1.86545e-05
1.87169e-05
2.00341e-05
2.37334e-05
3.15592e-05
4.52753e-05
6.59968e-05
9.38066e-05
0.000128329
0.000168566
0.000214013
0.000263963
0.000318114
0.000376183
0.000437757
0.000502209
0.00056869
0.00063603
0.000703212
0.000769316
0.000833334
0.000894576
0.000952137
0.00100539
0.00105387
0.00109719
0.00113507
0.00116732
0.00119385
0.00121462
0.00122973
0.00123937
0.00124384
0.0012435
0.00123867
0.00122941
0.00121546
0.00119682
0.00117388
0.00114723
0.00111735
0.00108479
0.00104971
0.00101258
0.000973089
0.000931872
0.00088805
0.000842966
0.000794822
0.000746519
0.000694727
0.000645301
0.000597153
3.43849e-05
2.90944e-05
2.52503e-05
2.28454e-05
2.15624e-05
2.08856e-05
2.0401e-05
2.01102e-05
2.02906e-05
2.15956e-05
2.5099e-05
3.25084e-05
4.56554e-05
6.59332e-05
9.36144e-05
0.000128351
0.000169046
0.000215196
0.000265973
0.000321037
0.000380074
0.000442645
0.000508098
0.000575565
0.000643804
0.000711769
0.000778535
0.000843035
0.000904614
0.000962307
0.00101553
0.00106379
0.00110671
0.001144
0.00117548
0.00120105
0.0012207
0.00123452
0.00124273
0.00124566
0.00124369
0.0012372
0.00122635
0.00121106
0.00119145
0.00116794
0.00114114
0.00111151
0.00107962
0.00104562
0.00100994
0.000972299
0.000933245
0.000891875
0.00084946
0.000804095
0.000758722
0.000709572
0.000662932
0.000615795
3.4486e-05
2.93505e-05
2.56075e-05
2.32654e-05
2.21096e-05
2.16787e-05
2.15094e-05
2.15011e-05
2.18654e-05
2.32161e-05
2.65711e-05
3.35821e-05
4.6114e-05
6.57415e-05
9.29775e-05
0.000127683
0.000168595
0.000215231
0.000266627
0.0003224
0.000382195
0.000445548
0.000511786
0.000580031
0.000648969
0.000717521
0.000784774
0.000849585
0.000911312
0.000969025
0.00102211
0.00107007
0.00111252
0.00114916
0.00117981
0.00120438
0.00122286
0.00123537
0.00124214
0.00124352
0.00123994
0.00123181
0.00121939
0.00120274
0.00118212
0.00115798
0.00113095
0.0011015
0.00107021
0.00103723
0.00100298
0.00096716
0.000930264
0.000891369
0.000851658
0.000809158
0.000766796
0.000720469
0.000676756
0.000630968
3.45679e-05
2.9568e-05
2.5915e-05
2.36151e-05
2.25462e-05
2.23238e-05
2.24696e-05
2.27863e-05
2.33991e-05
2.48608e-05
2.81273e-05
3.47793e-05
4.66833e-05
6.55577e-05
9.21481e-05
0.000126455
0.000167342
0.000214246
0.000266051
0.000322329
0.000382675
0.000446598
0.000513404
0.000582216
0.000651645
0.000720581
0.000788075
0.000853047
0.000914796
0.000972413
0.00102526
0.00107284
0.00111474
0.00115066
0.00118043
0.00120396
0.00122124
0.00123242
0.00123774
0.00123757
0.00123238
0.00122262
0.00120864
0.00119064
0.00116897
0.00114416
0.00111683
0.00108752
0.00105677
0.00102479
0.000991935
0.000957927
0.000923188
0.000886787
0.000849807
0.000810239
0.000770953
0.0007276
0.000686925
0.000642802
3.46343e-05
2.97531e-05
2.61809e-05
2.39066e-05
2.28861e-05
2.2825e-05
2.3264e-05
2.39287e-05
2.48461e-05
2.64869e-05
2.97339e-05
3.60833e-05
4.73758e-05
6.54322e-05
9.12184e-05
0.000124904
0.000165513
0.000212374
0.000264369
0.000320948
0.000381641
0.000445922
0.000513079
0.000582198
0.000651887
0.000721003
0.000788557
0.000853544
0.000915184
0.00097259
0.00102511
0.00107221
0.00111348
0.00114863
0.00117747
0.0011999
0.00121595
0.00122577
0.00122963
0.00122791
0.00122112
0.00120975
0.00119423
0.00117488
0.00115215
0.00112663
0.00109898
0.00106976
0.00103953
0.0010085
0.000977035
0.000944834
0.000912254
0.000878366
0.00084414
0.000807561
0.000771398
0.000731147
0.000693602
0.000651438
3.46882e-05
2.99107e-05
2.64117e-05
2.41511e-05
2.31448e-05
2.31929e-05
2.38849e-05
2.48977e-05
2.6161e-05
2.80457e-05
3.13468e-05
3.74634e-05
4.81854e-05
6.53946e-05
9.02549e-05
0.000123125
0.000163211
0.000209788
0.000261734
0.000318386
0.000379198
0.000443608
0.000510885
0.000580085
0.000649817
0.000718903
0.00078635
0.000851194
0.000912593
0.00096967
0.00102175
0.00106828
0.00110886
0.00114317
0.00117101
0.00119232
0.00120711
0.00121556
0.00121793
0.00121466
0.00120627
0.00119331
0.00117627
0.00115558
0.00113179
0.00110553
0.00107754
0.00104839
0.00101866
0.000988584
0.00095849
0.000928097
0.000897683
0.000866328
0.000834876
0.000801334
0.000768334
0.000731292
0.000696953
0.000657021
3.47321e-05
3.00451e-05
2.6613e-05
2.4358e-05
2.33377e-05
2.34428e-05
2.43337e-05
2.56718e-05
2.73022e-05
2.94855e-05
3.29142e-05
3.88762e-05
4.90885e-05
6.5454e-05
8.93043e-05
0.000121193
0.000160531
0.000206589
0.000258247
0.000314744
0.000375453
0.000439767
0.000506938
0.000575997
0.000645552
0.000714401
0.000781576
0.000846117
0.000907138
0.000963765
0.0010153
0.00106118
0.00110098
0.00113438
0.00116119
0.00118132
0.00119482
0.00120186
0.00120275
0.00119792
0.00118794
0.0011734
0.00115487
0.00113285
0.001108
0.00108101
0.00105267
0.00102358
0.00099434
0.00096521
0.000936494
0.000907918
0.000879683
0.000850881
0.000822224
0.000791762
0.000761956
0.000728217
0.000697146
0.0006597
3.47677e-05
3.01597e-05
2.67891e-05
2.45353e-05
2.34794e-05
2.35927e-05
2.46206e-05
2.62403e-05
2.82353e-05
3.07558e-05
3.4379e-05
4.02679e-05
5.00454e-05
6.5599e-05
8.83916e-05
0.000119166
0.000157555
0.000202866
0.000254004
0.000310119
0.000370506
0.000434506
0.00050135
0.00057005
0.000639213
0.000707613
0.000774357
0.000838436
0.000898938
0.000954988
0.00100587
0.001051
0.00108994
0.00112237
0.00114808
0.001167
0.00117918
0.0011848
0.00118418
0.0011778
0.00116623
0.00115013
0.00113012
0.00110681
0.00108091
0.0010532
0.0010245
0.000995478
0.000966736
0.000938562
0.000911233
0.000884489
0.000858448
0.000832224
0.000806382
0.000779038
0.000752453
0.000722099
0.000694348
0.000659623
3.47966e-05
3.02576e-05
2.69437e-05
2.46894e-05
2.35828e-05
2.36621e-05
2.47622e-05
2.66032e-05
2.89361e-05
3.18111e-05
3.56828e-05
4.15772e-05
5.10032e-05
6.57996e-05
8.75208e-05
0.000117084
0.000154347
0.0001987
0.00024909
0.000304601
0.000364451
0.000427925
0.00049423
0.00056236
0.000630915
0.000698685
0.000764818
0.00082827
0.000888109
0.000943453
0.000993566
0.00103785
0.00107586
0.00110724
0.0011318
0.00114946
0.00116028
0.00116446
0.00116233
0.00115438
0.00114124
0.0011236
0.00110214
0.00107756
0.00105063
0.00102223
0.000993192
0.000964246
0.000936015
0.00090881
0.000882887
0.000857993
0.000834168
0.000810546
0.000787542
0.000763349
0.00074001
0.000713109
0.000688727
0.000656939
3.48202e-05
3.03412e-05
2.708e-05
2.48252e-05
2.36591e-05
2.36701e-05
2.47799e-05
2.67711e-05
2.93926e-05
3.26144e-05
3.67701e-05
4.27391e-05
5.18991e-05
6.60091e-05
8.6675e-05
0.000114963
0.000150956
0.000194157
0.000243582
0.000298272
0.000357374
0.000420118
0.00048568
0.000553035
0.000620773
0.000687738
0.000753081
0.000815742
0.00087477
0.000929276
0.000978505
0.00102185
0.00105882
0.00108909
0.00111245
0.00112881
0.00113823
0.00114094
0.00113728
0.00112778
0.00111308
0.00109392
0.00107104
0.00104522
0.0010173
0.000988224
0.00095888
0.000930036
0.00090234
0.000876128
0.000851634
0.000828614
0.000807027
0.000786032
0.000765888
0.00074488
0.000724805
0.00070142
0.000680446
0.000651793
3.48393e-05
3.04126e-05
2.72002e-05
2.49466e-05
2.37172e-05
2.36345e-05
2.46977e-05
2.67634e-05
2.96056e-05
3.31412e-05
3.75925e-05
4.36895e-05
5.26638e-05
6.61679e-05
8.58187e-05
0.000112802
0.000147411
0.000189291
0.000237546
0.000291206
0.000349356
0.000411172
0.000475794
0.000542179
0.000608892
0.000674891
0.000739269
0.000800973
0.00085904
0.000912572
0.000960798
0.00100309
0.00103895
0.00106803
0.00109012
0.00110513
0.00111313
0.00111435
0.00110916
0.0010981
0.00108185
0.00106119
0.00103693
0.0010099
0.000981045
0.00095133
0.000921715
0.000893009
0.000865881
0.000840691
0.000817653
0.000796535
0.000777211
0.000758868
0.000741605
0.000723808
0.000707018
0.000687199
0.00066967
0.000644332
3.48548e-05
3.04738e-05
2.73065e-05
2.50563e-05
2.37643e-05
2.3571e-05
2.45404e-05
2.66057e-05
2.95883e-05
3.33807e-05
3.81132e-05
4.43701e-05
5.32273e-05
6.62076e-05
8.49011e-05
0.000110578
0.000143723
0.000184136
0.000231036
0.000283464
0.000340466
0.000401162
0.000464658
0.000529885
0.000595397
0.000660256
0.000723497
0.000784082
0.000841036
0.000893457
0.000940558
0.000981691
0.00101635
0.00104417
0.00106492
0.00107853
0.00108508
0.00108478
0.00107805
0.00106544
0.00104766
0.00102553
0.000999929
0.00097175
0.000941994
0.000911696
0.000881858
0.000853334
0.000826814
0.000802683
0.000781133
0.000761943
0.000744908
0.00072924
0.000714877
0.000700315
0.000686823
0.000670615
0.000656563
0.000634702
3.48674e-05
3.05261e-05
2.74005e-05
2.51565e-05
2.38056e-05
2.34928e-05
2.43315e-05
2.63279e-05
2.93646e-05
3.33376e-05
3.83099e-05
4.4733e-05
5.35232e-05
6.60562e-05
8.38602e-05
0.000108253
0.000139882
0.000178712
0.00022409
0.0002751
0.000330764
0.000390157
0.000452349
0.00051624
0.000580394
0.000643939
0.000705878
0.000765183
0.000820875
0.000872046
0.000917896
0.000957762
0.000991122
0.0010176
0.00103696
0.00104912
0.00105417
0.00105235
0.00104406
0.00102991
0.00101062
0.000987066
0.000960167
0.000930892
0.0009003
0.00086948
0.00083948
0.000811194
0.000785332
0.000762301
0.000742274
0.00072504
0.000710314
0.00069734
0.000685893
0.000674583
0.000664401
0.000651837
0.000641289
0.000623048
3.48776e-05
3.0571e-05
2.74839e-05
2.52485e-05
2.38447e-05
2.34102e-05
2.40925e-05
2.59612e-05
2.89666e-05
3.30307e-05
3.81773e-05
4.4745e-05
5.3495e-05
6.5644e-05
8.26282e-05
0.000105776
0.000135866
0.000173022
0.000216735
0.000266154
0.000320301
0.000378215
0.000438933
0.000501318
0.000563969
0.000626037
0.000686515
0.000744384
0.000798666
0.00084845
0.000892925
0.000931414
0.000963379
0.000988431
0.00100633
0.001017
0.00102052
0.00101715
0.00100732
0.000991628
0.000970863
0.000945923
0.000917785
0.000887483
0.000856128
0.000824863
0.000794773
0.000766792
0.000741645
0.00071976
0.000701291
0.000686038
0.000673641
0.000663373
0.00065485
0.000646801
0.000639934
0.000631038
0.000624014
0.000609519
3.48859e-05
3.06095e-05
2.75577e-05
2.53334e-05
2.38838e-05
2.33311e-05
2.38415e-05
2.55361e-05
2.84312e-05
3.24914e-05
3.77277e-05
4.43912e-05
5.31006e-05
6.49094e-05
8.11378e-05
0.00010309
0.000131639
0.000167056
0.000208983
0.000256654
0.000309115
0.000365384
0.000424465
0.000485182
0.000546195
0.000606636
0.000665502
0.000721787
0.000774517
0.000822778
0.000865754
0.000902754
0.000933229
0.000956779
0.000973158
0.000982285
0.000984248
0.000979311
0.000967926
0.000950726
0.000928519
0.000902247
0.000872942
0.000841692
0.000809663
0.000778043
0.000747953
0.000720355
0.000695989
0.000675302
0.000658426
0.000645175
0.000635118
0.000627558
0.000621959
0.000617169
0.000613613
0.000608396
0.00060491
0.000594264
3.48925e-05
3.06426e-05
2.76233e-05
2.54119e-05
2.39243e-05
2.32607e-05
2.35935e-05
2.50805e-05
2.77978e-05
3.17605e-05
3.69896e-05
4.36765e-05
5.23167e-05
6.38051e-05
7.93286e-05
0.000100135
0.000127157
0.000160794
0.000200836
0.000246621
0.000297239
0.000351702
0.000408994
0.000467889
0.000527139
0.000585812
0.000642925
0.000697485
0.000748525
0.000795133
0.000836488
0.000871892
0.000900782
0.00092275
0.000937544
0.000945082
0.000945457
0.000938947
0.000926021
0.000907337
0.000883736
0.000856201
0.000825811
0.000793712
0.000761116
0.000729251
0.000699264
0.000672143
0.000648635
0.0006292
0.000613951
0.000602716
0.000594998
0.000590136
0.000587447
0.000585899
0.000585641
0.000584099
0.000584154
0.000577438
3.48979e-05
3.06712e-05
2.76814e-05
2.54845e-05
2.39666e-05
2.32024e-05
2.33593e-05
2.46184e-05
2.71045e-05
3.08845e-05
3.60054e-05
4.26256e-05
5.1142e-05
6.23026e-05
7.71532e-05
9.68598e-05
0.000122377
0.00015421
0.000192288
0.000236066
0.000284697
0.000337204
0.000392559
0.00044951
0.000506856
0.000563631
0.000618859
0.000671562
0.000720782
0.000765612
0.000805231
0.000838932
0.000866145
0.000886455
0.000899604
0.000905512
0.000904277
0.00089619
0.00088174
0.000861613
0.00083668
0.000807964
0.000776594
0.000743765
0.00071073
0.00067875
0.00064899
0.000622456
0.000599892
0.000581768
0.000568178
0.000558962
0.000553571
0.000551377
0.000551567
0.000553225
0.000556234
0.000558345
0.000561932
0.000559201
3.49021e-05
3.06958e-05
2.7733e-05
2.55517e-05
2.40107e-05
2.31577e-05
2.31469e-05
2.41694e-05
2.63863e-05
2.99117e-05
3.48273e-05
4.1281e-05
4.95976e-05
6.03967e-05
7.45837e-05
9.32233e-05
0.000117261
0.000147277
0.000183331
0.000224997
0.000271508
0.000321918
0.000375195
0.000430082
0.000485395
0.000540149
0.000593371
0.000644095
0.000691374
0.000734309
0.000772081
0.000803979
0.000829428
0.000848007
0.000859457
0.000863699
0.000860839
0.000851182
0.000835239
0.000813722
0.000787536
0.000757745
0.000725521
0.000692106
0.000658788
0.000626848
0.000597465
0.000571644
0.000550123
0.000533371
0.000521466
0.00051426
0.000511163
0.000511586
0.000514599
0.000519403
0.000525629
0.000531347
0.000538441
0.000539722
3.49056e-05
3.07171e-05
2.7779e-05
2.56138e-05
2.40563e-05
2.31269e-05
2.29609e-05
2.37484e-05
2.56736e-05
2.88889e-05
3.35132e-05
3.96996e-05
4.7726e-05
5.81069e-05
7.16154e-05
8.92047e-05
0.000111783
0.000139978
0.000173959
0.000213424
0.000257695
0.000305871
0.000356935
0.00040964
0.000462801
0.000515418
0.000566521
0.000615154
0.000660381
0.000701313
0.000737134
0.000767136
0.000790741
0.000807524
0.000817228
0.000819776
0.000815286
0.000804079
0.000786688
0.000763855
0.000736519
0.000705783
0.000672861
0.000639035
0.00060562
0.00057391
0.000545077
0.000520119
0.000499751
0.000484436
0.000474234
0.000469011
0.000468152
0.000471109
0.000476862
0.00048472
0.000494086
0.000503337
0.000513892
0.000519177
3.49083e-05
3.07357e-05
2.78199e-05
2.5671e-05
2.41029e-05
2.31094e-05
2.28034e-05
2.33654e-05
2.49904e-05
2.78584e-05
3.21215e-05
3.79476e-05
4.55882e-05
5.54771e-05
6.82702e-05
8.48068e-05
0.000105936
0.000132308
0.000164179
0.000201364
0.000243283
0.000289099
0.000337819
0.000388222
0.000439114
0.000489486
0.000538366
0.000584805
0.000627879
0.000666709
0.000700487
0.000728509
0.000750198
0.00076513
0.00077305
0.00077389
0.000767779
0.000755058
0.000736284
0.000712233
0.000683878
0.00065236
0.000618932
0.000584908
0.000551621
0.000520363
0.000492286
0.000468362
0.000449273
0.000435461
0.00042697
0.000423683
0.000424974
0.000430347
0.000438716
0.000449498
0.000461895
0.000474568
0.000488512
0.000497754
3.49104e-05
3.07518e-05
2.78564e-05
2.57239e-05
2.41498e-05
2.31038e-05
2.26747e-05
2.30267e-05
2.43551e-05
2.68559e-05
3.07075e-05
3.6095e-05
4.32583e-05
5.25729e-05
6.45968e-05
8.00601e-05
9.97404e-05
0.000124283
0.000154012
0.000188847
0.000228313
0.000271646
0.000317892
0.000365875
0.000414386
0.000462408
0.000508966
0.000553116
0.000593945
0.000630586
0.000662239
0.000688208
0.000707921
0.000720958
0.000727071
0.000726202
0.000718498
0.00070432
0.000684256
0.000659115
0.000629906
0.000597808
0.000564108
0.000530145
0.000497255
0.000466712
0.000439632
0.000416938
0.000399266
0.000387024
0.000380239
0.000378813
0.000382131
0.000389756
0.000400574
0.000414101
0.000429378
0.00044532
0.000462546
0.000475662
3.49122e-05
3.0766e-05
2.7889e-05
2.57725e-05
2.41965e-05
2.31088e-05
2.25735e-05
2.2735e-05
2.37797e-05
2.59096e-05
2.93196e-05
3.421e-05
4.08171e-05
4.94766e-05
6.06678e-05
7.50228e-05
9.3241e-05
0.000115944
0.000143503
0.000175926
0.000212844
0.000253576
0.000297221
0.000342662
0.000388678
0.000434247
0.000478389
0.000520164
0.000558666
0.00059304
0.000622499
0.000646355
0.000664045
0.000675159
0.000679458
0.0006769
0.000667652
0.000652103
0.000630873
0.000604807
0.000574953
0.000542525
0.000508838
0.000475245
0.00044307
0.00041355
0.000387743
0.000366502
0.000350396
0.000339789
0.000334688
0.000335017
0.000340196
0.000349859
0.000362902
0.00037894
0.000396895
0.000415898
0.00043626
0.000453149
3.49135e-05
3.07786e-05
2.79184e-05
2.58173e-05
2.42426e-05
2.31224e-05
2.24976e-05
2.24899e-05
2.32713e-05
2.50397e-05
2.79975e-05
3.23543e-05
3.83458e-05
4.62798e-05
5.65752e-05
6.97793e-05
8.6514e-05
0.000107364
0.000132724
0.00016268
0.000196962
0.000234979
0.000275897
0.00031867
0.000362074
0.000405086
0.00044672
0.000486038
0.00052214
0.000554181
0.000581389
0.000603086
0.000618724
0.000627904
0.000630404
0.000626202
0.00061549
0.000598689
0.000576457
0.000549677
0.000519437
0.000486984
0.000453654
0.000420797
0.000389708
0.000361564
0.000337339
0.000317794
0.000303411
0.000294496
0.000291036
0.00029298
0.000299809
0.000311238
0.000326223
0.000344473
0.000364843
0.000386638
0.000409943
0.000430452
3.49145e-05
3.07897e-05
2.79448e-05
2.58585e-05
2.42875e-05
2.3143e-05
2.24442e-05
2.22895e-05
2.28321e-05
2.4259e-05
2.67709e-05
3.058e-05
3.59194e-05
4.30762e-05
5.24225e-05
6.44345e-05
7.96616e-05
9.86433e-05
0.000121781
0.000149222
0.000180786
0.000215979
0.000254043
0.000294018
0.000334691
0.000375038
0.000414074
0.000450855
0.000484491
0.000514144
0.000539057
0.000558567
0.000572142
0.0005794
0.000580142
0.00057437
0.000562309
0.000544418
0.000521394
0.000494166
0.000463861
0.000431752
0.000399183
0.000367488
0.000337907
0.000311531
0.000289222
0.000271625
0.000259121
0.000251942
0.000250059
0.000253444
0.000261664
0.00027453
0.000291107
0.000311202
0.000333658
0.000357904
0.000383903
0.000407824
3.49154e-05
3.07997e-05
2.79687e-05
2.58965e-05
2.43309e-05
2.31689e-05
2.24101e-05
2.21301e-05
2.2461e-05
2.35736e-05
2.56598e-05
2.89272e-05
3.36023e-05
3.99539e-05
4.83158e-05
5.91057e-05
7.28069e-05
8.99101e-05
0.00011081
0.000135697
0.000164474
0.000196742
0.000231829
0.000268872
0.000306686
0.000344258
0.000380601
0.00041477
0.000445878
0.000473099
0.000495687
0.000513
0.000524523
0.000529899
0.000528955
0.000521725
0.000508473
0.000489702
0.000466157
0.000438811
0.000408826
0.000377497
0.000346158
0.000316102
0.000288488
0.000264291
0.000244239
0.000228836
0.00021835
0.000212932
0.000212536
0.00021716
0.000226474
0.000240401
0.000258161
0.000279664
0.000303807
0.00033014
0.000358515
0.000385537
3.4916e-05
3.08087e-05
2.79904e-05
2.59315e-05
2.43727e-05
2.31989e-05
2.23922e-05
2.20074e-05
2.21544e-05
2.29844e-05
2.46752e-05
2.74235e-05
3.14448e-05
3.69886e-05
4.43553e-05
5.39125e-05
6.60844e-05
8.1312e-05
9.99725e-05
0.000122284
0.000148221
0.000177477
0.000209472
0.000243447
0.000278273
0.000312954
0.000346506
0.000377987
0.000406512
0.000431265
0.000451516
0.00046664
0.000476149
0.000479713
0.000477192
0.000468662
0.000454429
0.000435049
0.000411316
0.000384249
0.000355041
0.000324991
0.000295403
0.000267498
0.000242324
0.00022071
0.000203226
0.000190228
0.000181864
0.000178203
0.000179183
0.000184826
0.000194921
0.000209504
0.000227994
0.000250415
0.000275776
0.000303776
0.000334148
0.000363878
3.49165e-05
3.08169e-05
2.80103e-05
2.59638e-05
2.44126e-05
2.32315e-05
2.23877e-05
2.19165e-05
2.19066e-05
2.2488e-05
2.38204e-05
2.6085e-05
2.9482e-05
3.42397e-05
4.0627e-05
4.89664e-05
5.96286e-05
7.30053e-05
8.94481e-05
0.000109189
0.000132259
0.000158438
0.000187242
0.000218021
0.00024973
0.000281401
0.000312063
0.000340779
0.00036667
0.000388931
0.000406847
0.000419816
0.000427377
0.000429236
0.000425292
0.000415669
0.000400726
0.000381072
0.000357556
0.000331236
0.000303324
0.000275099
0.000247808
0.000222564
0.00020027
0.000181586
0.000166917
0.000156467
0.000150272
0.000148328
0.00015056
0.000157011
0.000167584
0.000182425
0.000201183
0.000223998
0.000250061
0.000279246
0.000311177
0.000343152
3.49169e-05
3.08244e-05
2.80286e-05
2.59938e-05
2.44507e-05
2.32658e-05
2.23938e-05
2.18528e-05
2.17112e-05
2.2078e-05
2.30924e-05
2.49173e-05
2.77341e-05
3.17482e-05
3.71973e-05
4.43616e-05
5.35621e-05
6.51417e-05
7.94201e-05
9.663e-05
0.000116844
0.000139916
0.000165459
0.000192933
0.000221404
0.000249949
0.000277623
0.000303501
0.000326715
0.00034647
0.000362072
0.000372945
0.000378659
0.000378961
0.0003738
0.000363349
0.00034803
0.000328507
0.000305678
0.000280632
0.000254575
0.000228737
0.000204267
0.000182134
0.000163071
0.000147558
0.000135836
0.000127978
0.000123929
0.000123627
0.000126989
0.000134069
0.000144868
0.000159625
0.00017822
0.00020092
0.000227142
0.000256989
0.000289985
0.000323676
3.49172e-05
3.08314e-05
2.80455e-05
2.60217e-05
2.44868e-05
2.33011e-05
2.24082e-05
2.18116e-05
2.15614e-05
2.1746e-05
2.24841e-05
2.39179e-05
2.62084e-05
2.9537e-05
3.41103e-05
4.01684e-05
4.79848e-05
5.7854e-05
7.00588e-05
8.48205e-05
0.000102236
0.000122223
0.000144482
0.000168578
0.000193714
0.000219034
0.000243631
0.000266606
0.000287107
0.00030436
0.000317691
0.000326556
0.000330563
0.000329505
0.000323383
0.000312433
0.000297134
0.000278208
0.000256589
0.000233372
0.000209726
0.000186792
0.000165578
0.000146881
0.000131248
0.000118989
0.000110206
0.000104871
0.000102874
0.000104114
0.000108505
0.000116097
0.000126959
0.000141388
0.00015948
0.000181612
0.000207507
0.000237444
0.000270964
0.000305781
3.49174e-05
3.08379e-05
2.80614e-05
2.60477e-05
2.45211e-05
2.33365e-05
2.24289e-05
2.17888e-05
2.14503e-05
2.14829e-05
2.19849e-05
2.30778e-05
2.49014e-05
2.76126e-05
3.13881e-05
3.64299e-05
4.29665e-05
5.12444e-05
6.15059e-05
7.39504e-05
8.86847e-05
0.000105671
0.000124686
0.000145389
0.00016714
0.000189167
0.000210622
0.000230647
0.00024842
0.000263194
0.000274326
0.000281305
0.000283785
0.00028161
0.000274842
0.000263775
0.000248947
0.000231121
0.000211247
0.000190392
0.000169644
0.000150009
0.000132324
0.000117198
0.000105001
9.59021e-05
8.99072e-05
8.69323e-05
8.68436e-05
8.95236e-05
9.48822e-05
0.000102948
0.000113816
0.000127803
0.000145174
0.0001664
0.000191572
0.000221016
0.000254498
0.000289805
3.49176e-05
3.08442e-05
2.80763e-05
2.60722e-05
2.45537e-05
2.33718e-05
2.24542e-05
2.17808e-05
2.13716e-05
2.12792e-05
2.15829e-05
2.23842e-05
2.38014e-05
2.59683e-05
2.90332e-05
3.31631e-05
3.8544e-05
4.53766e-05
5.38605e-05
6.41659e-05
7.63945e-05
9.05355e-05
0.000106427
0.000123803
0.00014219
0.000160913
0.000179205
0.00019627
0.000211332
0.000223682
0.000232717
0.000237972
0.000239148
0.000236148
0.00022909
0.000218327
0.00020444
0.000188213
0.000170572
0.000152514
0.000134999
0.000118867
0.000104765
9.31244e-05
8.41744e-05
7.79869e-05
7.45232e-05
7.36871e-05
7.535e-05
7.93897e-05
8.57025e-05
9.42769e-05
0.000105197
0.000118756
0.000135335
0.00015546
0.000179596
0.000208042
0.000240931
0.000276072
3.49177e-05
3.08501e-05
2.80905e-05
2.60953e-05
2.45847e-05
2.34065e-05
2.24827e-05
2.17843e-05
2.13195e-05
2.11258e-05
2.12655e-05
2.18213e-05
2.28915e-05
2.45875e-05
2.70324e-05
3.03614e-05
3.47225e-05
4.02738e-05
4.71726e-05
5.55554e-05
6.55082e-05
7.70313e-05
9.0005e-05
0.000104219
0.000119355
0.000134847
0.000150027
0.000164179
0.000176594
0.00018662
0.000193704
0.000197435
0.00019757
0.000194067
0.000187099
0.000177062
0.000164558
0.000150352
0.000135309
0.000120305
0.000106143
9.34773e-05
8.27807e-05
7.43418e-05
6.82969e-05
6.46763e-05
6.34433e-05
6.45225e-05
6.78036e-05
7.31568e-05
8.04511e-05
8.96196e-05
0.000100705
0.00011395
0.000129792
0.000148808
0.000171675
0.000198728
0.000230531
0.000264862
3.49179e-05
3.08559e-05
2.81041e-05
2.61172e-05
2.46143e-05
2.34405e-05
2.25133e-05
2.17967e-05
2.12886e-05
2.10141e-05
2.10202e-05
2.13726e-05
2.21512e-05
2.34474e-05
2.53612e-05
2.80006e-05
3.14807e-05
3.59219e-05
4.14424e-05
4.8144e-05
5.60909e-05
6.5282e-05
7.56229e-05
8.69406e-05
9.9046e-05
0.000111484
0.000123697
0.000135066
0.000144969
0.000152827
0.000158153
0.000160598
0.000159977
0.000156301
0.000149785
0.000140844
0.000130065
0.000118158
0.000105879
9.39578e-05
8.3023e-05
7.35617e-05
6.59057e-05
6.02516e-05
5.66966e-05
5.52787e-05
5.59966e-05
5.88084e-05
6.36153e-05
7.02676e-05
7.85928e-05
8.84598e-05
9.98519e-05
0.000112949
0.000128201
0.000146187
0.000167699
0.000193112
0.000223431
0.000256374
3.4918e-05
3.08616e-05
2.81172e-05
2.61382e-05
2.46425e-05
2.34735e-05
2.25453e-05
2.18158e-05
2.12748e-05
2.09365e-05
2.08352e-05
2.10215e-05
2.1559e-05
2.25211e-05
2.39878e-05
2.6044e-05
2.87776e-05
3.22772e-05
3.66272e-05
4.18975e-05
4.81286e-05
5.53107e-05
6.33624e-05
7.21337e-05
8.15314e-05
9.12027e-05
0.0001007
0.000109514
0.000117121
0.000123032
0.000126841
0.000128262
0.000127173
0.000123624
0.000117853
0.000110264
0.000101395
9.18612e-05
8.22866e-05
7.32434e-05
6.52043e-05
5.85225e-05
5.34385e-05
5.01081e-05
4.86373e-05
4.91062e-05
5.15598e-05
5.59796e-05
6.22601e-05
7.02173e-05
7.96269e-05
9.029e-05
0.000102125
0.000115246
0.000130096
0.00014718
0.000167367
0.000191038
0.000219609
0.000250692
3.49181e-05
3.08672e-05
2.813e-05
2.61584e-05
2.46696e-05
2.35057e-05
2.25779e-05
2.18397e-05
2.12741e-05
2.08863e-05
2.06998e-05
2.07524e-05
2.10934e-05
2.17805e-05
2.28767e-05
2.44477e-05
2.65596e-05
2.92756e-05
3.26526e-05
3.6734e-05
4.15384e-05
4.70455e-05
5.31798e-05
5.98062e-05
6.68934e-05
7.41747e-05
8.13047e-05
8.78833e-05
9.34928e-05
9.77412e-05
0.000100306
0.000100975
9.96737e-05
9.64827e-05
9.16364e-05
8.55012e-05
7.85368e-05
7.1244e-05
6.41115e-05
5.75706e-05
5.19708e-05
4.75763e-05
4.45842e-05
4.31546e-05
4.34366e-05
4.55632e-05
4.96134e-05
5.55702e-05
6.33028e-05
7.25807e-05
8.312e-05
9.46542e-05
0.000107038
0.000120331
0.000134961
0.000151278
0.000170244
0.000192191
0.00021888
0.000247771
3.49183e-05
3.08729e-05
2.81425e-05
2.6178e-05
2.46958e-05
2.3537e-05
2.26109e-05
2.18672e-05
2.12835e-05
2.0858e-05
2.06048e-05
2.05511e-05
2.0734e-05
2.1198e-05
2.19917e-05
2.31653e-05
2.47672e-05
2.68419e-05
2.94252e-05
3.254e-05
3.61881e-05
4.034e-05
4.49237e-05
4.98173e-05
5.50223e-05
6.03407e-05
6.55145e-05
7.02426e-05
7.42086e-05
7.71162e-05
7.87266e-05
7.88917e-05
7.75787e-05
7.488e-05
7.10077e-05
6.62706e-05
6.1038e-05
5.56985e-05
5.06204e-05
4.61258e-05
4.24803e-05
3.99016e-05
3.85845e-05
3.87273e-05
4.05346e-05
4.41804e-05
4.97535e-05
5.72181e-05
6.64023e-05
7.70187e-05
8.87167e-05
0.000101165
0.000114163
0.000127734
0.000142261
0.00015795
0.00017583
0.000196149
0.000220938
0.000247441
3.49184e-05
3.08785e-05
2.8155e-05
2.61972e-05
2.47212e-05
2.35676e-05
2.26438e-05
2.18971e-05
2.13006e-05
2.08466e-05
2.05419e-05
2.04048e-05
2.04623e-05
2.07477e-05
2.12978e-05
2.21502e-05
2.334e-05
2.48974e-05
2.68435e-05
2.91869e-05
3.19178e-05
3.50013e-05
3.83696e-05
4.1915e-05
4.56522e-05
4.94353e-05
5.30765e-05
5.63575e-05
5.90501e-05
6.0943e-05
6.18706e-05
6.17391e-05
6.05439e-05
5.83761e-05
5.5414e-05
5.1903e-05
4.8127e-05
4.4378e-05
4.09321e-05
3.80356e-05
3.59071e-05
3.4755e-05
3.48036e-05
3.63052e-05
3.95104e-05
4.46107e-05
5.16831e-05
6.06564e-05
7.13037e-05
8.32692e-05
9.61314e-05
0.0001095
0.000123133
0.000137042
0.000151521
0.000166691
0.000183621
0.000202445
0.000225395
0.000249435
3.49186e-05
3.08843e-05
2.81674e-05
2.62161e-05
2.47461e-05
2.35974e-05
2.26766e-05
2.19286e-05
2.13233e-05
2.08483e-05
2.05044e-05
2.03026e-05
2.02618e-05
2.0406e-05
2.07626e-05
2.13588e-05
2.22199e-05
2.33655e-05
2.48071e-05
2.65441e-05
2.85603e-05
3.08192e-05
3.3259e-05
3.57881e-05
3.8423e-05
4.10566e-05
4.35545e-05
4.57635e-05
4.75257e-05
4.8698e-05
4.9173e-05
4.88974e-05
4.78837e-05
4.62132e-05
4.40284e-05
4.15172e-05
3.88929e-05
3.63749e-05
3.41752e-05
3.24959e-05
3.15407e-05
3.15385e-05
3.27622e-05
3.5513e-05
4.00666e-05
4.6611e-05
5.51951e-05
6.56972e-05
7.78197e-05
9.11282e-05
0.00010513
0.000119386
0.000133632
0.000147897
0.000162327
0.00017705
0.000193148
0.000210614
0.000231834
0.000253425
3.49188e-05
3.08902e-05
2.81799e-05
2.62348e-05
2.47705e-05
2.36267e-05
2.27091e-05
2.19612e-05
2.13502e-05
2.08601e-05
2.04867e-05
2.02354e-05
2.01184e-05
2.01524e-05
2.03569e-05
2.07515e-05
2.13535e-05
2.21754e-05
2.32223e-05
2.44886e-05
2.59557e-05
2.75885e-05
2.9333e-05
3.11142e-05
3.29456e-05
3.47488e-05
3.64286e-05
3.78799e-05
3.89969e-05
3.96872e-05
3.98853e-05
3.95654e-05
3.87484e-05
3.7503e-05
3.59404e-05
3.4203e-05
3.24523e-05
3.08582e-05
2.95947e-05
2.88469e-05
2.8831e-05
2.98172e-05
3.21282e-05
3.60973e-05
4.20059e-05
5.00231e-05
6.01549e-05
7.22111e-05
8.58081e-05
0.000100427
0.000115508
0.000130581
0.000145382
0.000159964
0.000174315
0.000188629
0.000203988
0.000220222
0.000239838
0.000259055
3.49191e-05
3.08963e-05
2.81926e-05
2.62536e-05
2.47947e-05
2.36555e-05
2.27414e-05
2.19945e-05
2.13801e-05
2.08793e-05
2.04842e-05
2.01956e-05
2.00202e-05
1.99691e-05
2.00556e-05
2.02931e-05
2.06933e-05
2.12637e-05
2.20052e-05
2.29101e-05
2.39598e-05
2.51231e-05
2.63542e-05
2.75944e-05
2.88525e-05
3.00712e-05
3.11839e-05
3.21191e-05
3.28078e-05
3.31924e-05
3.32357e-05
3.29287e-05
3.22954e-05
3.13932e-05
3.03089e-05
2.91529e-05
2.80526e-05
2.71485e-05
2.65992e-05
2.65969e-05
2.73917e-05
2.93017e-05
3.26883e-05
3.78998e-05
4.52095e-05
5.47539e-05
6.64778e-05
8.01035e-05
9.51488e-05
0.00011101
0.000127075
0.000142861
0.000158131
0.000172919
0.000187166
0.000201085
0.000215772
0.000230881
0.000249019
0.000265967
3.49193e-05
3.09026e-05
2.82055e-05
2.62725e-05
2.48188e-05
2.36842e-05
2.27735e-05
2.20283e-05
2.14122e-05
2.09041e-05
2.04933e-05
2.01769e-05
1.99574e-05
1.98413e-05
1.98372e-05
1.99538e-05
2.01986e-05
2.05754e-05
2.1083e-05
2.1713e-05
2.24486e-05
2.32628e-05
2.41185e-05
2.49712e-05
2.58257e-05
2.664e-05
2.73675e-05
2.79602e-05
2.83737e-05
2.85733e-05
2.85395e-05
2.82734e-05
2.77994e-05
2.7166e-05
2.64437e-05
2.57226e-05
2.51107e-05
2.47369e-05
2.47642e-05
2.5412e-05
2.69752e-05
2.98153e-05
3.43182e-05
4.08348e-05
4.96181e-05
6.0755e-05
7.41076e-05
8.92928e-05
0.000105724
0.000122722
0.000139641
0.000156008
0.000171642
0.00018651
0.000200601
0.000214118
0.000228179
0.000242245
0.000259021
0.000273818
3.49197e-05
3.09093e-05
2.82188e-05
2.62917e-05
2.4843e-05
2.37127e-05
2.28056e-05
2.20624e-05
2.14459e-05
2.09331e-05
2.05112e-05
2.01743e-05
1.99219e-05
1.97568e-05
1.96838e-05
1.97083e-05
1.98345e-05
2.0064e-05
2.03941e-05
2.08169e-05
2.13177e-05
2.18743e-05
2.24572e-05
2.3034e-05
2.36059e-05
2.41426e-05
2.46115e-05
2.49803e-05
2.52209e-05
2.53131e-05
2.52483e-05
2.50336e-05
2.46933e-05
2.42699e-05
2.38245e-05
2.34367e-05
2.32076e-05
2.32703e-05
2.38098e-05
2.50859e-05
2.74391e-05
3.12644e-05
3.69607e-05
4.4871e-05
5.52128e-05
6.80019e-05
8.29952e-05
9.96919e-05
0.000117404
0.000135394
0.000153008
0.000169808
0.000185693
0.000200503
0.000214373
0.000227468
0.000240929
0.000254012
0.000269522
0.00028229
3.492e-05
3.09162e-05
2.82326e-05
2.63112e-05
2.48675e-05
2.37414e-05
2.28377e-05
2.20967e-05
2.14806e-05
2.09651e-05
2.05355e-05
2.01839e-05
1.99072e-05
1.97055e-05
1.95809e-05
1.95359e-05
1.95725e-05
1.96907e-05
1.98874e-05
2.01552e-05
2.04818e-05
2.08494e-05
2.12349e-05
2.16155e-05
2.199e-05
2.23364e-05
2.26321e-05
2.28554e-05
2.29888e-05
2.30214e-05
2.29518e-05
2.27906e-05
2.25624e-05
2.23073e-05
2.20825e-05
2.19653e-05
2.20616e-05
2.25228e-05
2.35695e-05
2.55075e-05
2.87172e-05
3.36165e-05
4.06079e-05
5.00137e-05
6.19956e-05
7.64735e-05
9.30805e-05
0.000111194
0.000130039
0.000148844
0.000166974
0.000184047
0.00020004
0.000214674
0.000228258
0.000240902
0.000253776
0.000265916
0.000280239
0.000291089
3.49205e-05
3.09235e-05
2.82468e-05
2.63313e-05
2.48924e-05
2.37703e-05
2.28699e-05
2.21314e-05
2.15163e-05
2.09994e-05
2.05647e-05
2.02027e-05
1.99083e-05
1.96796e-05
1.95165e-05
1.94196e-05
1.93891e-05
1.94241e-05
1.95212e-05
1.96739e-05
1.9872e-05
2.01015e-05
2.03446e-05
2.05856e-05
2.08219e-05
2.10376e-05
2.12169e-05
2.13458e-05
2.14137e-05
2.1416e-05
2.13562e-05
2.12479e-05
2.11173e-05
2.10047e-05
2.09687e-05
2.10922e-05
2.14969e-05
2.2365e-05
2.3961e-05
2.66348e-05
3.07985e-05
3.68835e-05
4.52851e-05
5.6287e-05
6.99702e-05
8.61345e-05
0.000104278
0.000123663
0.000143453
0.000162871
0.000181328
0.000198516
0.000214442
0.000228815
0.000242055
0.000254216
0.000266502
0.000277721
0.000290914
0.000299948
3.4921e-05
3.09313e-05
2.82616e-05
2.63519e-05
2.49177e-05
2.37995e-05
2.29023e-05
2.21663e-05
2.15525e-05
2.10352e-05
2.05973e-05
2.02281e-05
1.99211e-05
1.96727e-05
1.94812e-05
1.93458e-05
1.92656e-05
1.92388e-05
1.9262e-05
1.93297e-05
1.94335e-05
1.95624e-05
1.97029e-05
1.98444e-05
1.99836e-05
2.01091e-05
2.02102e-05
2.0278e-05
2.03071e-05
2.02977e-05
2.02572e-05
2.02025e-05
2.01626e-05
2.01813e-05
2.03235e-05
2.06861e-05
2.14172e-05
2.27394e-05
2.49629e-05
2.84756e-05
3.37119e-05
4.11075e-05
5.10352e-05
6.37165e-05
7.91245e-05
9.6921e-05
0.000116468
0.000136935
0.00015745
0.000177266
0.000195859
0.000213011
0.000228712
0.000242739
0.000255579
0.000267221
0.000278911
0.000289217
0.000301315
0.000308624
3.49215e-05
3.09395e-05
2.82771e-05
2.63732e-05
2.49436e-05
2.38292e-05
2.2935e-05
2.22015e-05
2.15892e-05
2.1072e-05
2.06322e-05
2.02582e-05
1.99422e-05
1.96796e-05
1.94674e-05
1.93037e-05
1.91867e-05
1.91143e-05
1.90831e-05
1.90883e-05
1.91232e-05
1.91791e-05
1.92457e-05
1.9316e-05
1.93868e-05
1.945e-05
1.94987e-05
1.95279e-05
1.95366e-05
1.95289e-05
1.9516e-05
1.95189e-05
1.95711e-05
1.97234e-05
2.00529e-05
2.06794e-05
2.17868e-05
2.36426e-05
2.6599e-05
3.10735e-05
3.75138e-05
4.63469e-05
5.79021e-05
7.23111e-05
8.94156e-05
0.00010873
0.000129495
0.000150813
0.000171817
0.000191811
0.000210358
0.000227337
0.00024267
0.00025627
0.000268658
0.000279747
0.000290821
0.000300208
0.000311228
0.000316892
3.49222e-05
3.09482e-05
2.82933e-05
2.63952e-05
2.49701e-05
2.38592e-05
2.29679e-05
2.22366e-05
2.16259e-05
2.11092e-05
2.06684e-05
2.02911e-05
1.99688e-05
1.9696e-05
1.94688e-05
1.92844e-05
1.91405e-05
1.90346e-05
1.89635e-05
1.8923e-05
1.89075e-05
1.89104e-05
1.89237e-05
1.89433e-05
1.8966e-05
1.89866e-05
1.90011e-05
1.90084e-05
1.90108e-05
1.90164e-05
1.9041e-05
1.91105e-05
1.92653e-05
1.95673e-05
2.01133e-05
2.10543e-05
2.26166e-05
2.51114e-05
2.89255e-05
3.44969e-05
4.22754e-05
5.2661e-05
6.59136e-05
8.20482e-05
0.000100758
0.000121417
0.000143166
0.000165081
0.000186329
0.000206289
0.00022462
0.000241287
0.000256142
0.000269245
0.000281136
0.000291634
0.000302065
0.000310516
0.000320452
0.00032454
3.49229e-05
3.09574e-05
2.83101e-05
2.64179e-05
2.49971e-05
2.38894e-05
2.30007e-05
2.22714e-05
2.16621e-05
2.1146e-05
2.07047e-05
2.03252e-05
1.99986e-05
1.97184e-05
1.94803e-05
1.92809e-05
1.91173e-05
1.89868e-05
1.88865e-05
1.88125e-05
1.87604e-05
1.8725e-05
1.86998e-05
1.86837e-05
1.86733e-05
1.8666e-05
1.86608e-05
1.86596e-05
1.86687e-05
1.87005e-05
1.87758e-05
1.89272e-05
1.92052e-05
1.96887e-05
2.05017e-05
2.18338e-05
2.39544e-05
2.72127e-05
3.20212e-05
3.88276e-05
4.80686e-05
6.00939e-05
7.50658e-05
9.28605e-05
0.00011302
0.000134793
0.00015726
0.000179505
0.000200757
0.000220486
0.000238451
0.000254648
0.000268961
0.000281511
0.000292863
0.000302731
0.000312482
0.000319966
0.000328796
0.00033137
3.49238e-05
3.09672e-05
2.83276e-05
2.64411e-05
2.50242e-05
2.39194e-05
2.30329e-05
2.23051e-05
2.16969e-05
2.11814e-05
2.07398e-05
2.03588e-05
2.00289e-05
1.97435e-05
1.94974e-05
1.9287e-05
1.9109e-05
1.89606e-05
1.88389e-05
1.87406e-05
1.86621e-05
1.85992e-05
1.85474e-05
1.85066e-05
1.84749e-05
1.84519e-05
1.84396e-05
1.84432e-05
1.84731e-05
1.85466e-05
1.86908e-05
1.89476e-05
1.93822e-05
2.00973e-05
2.12511e-05
2.30745e-05
2.58761e-05
3.0034e-05
3.59765e-05
4.41479e-05
5.49507e-05
6.86578e-05
8.53086e-05
0.000104629
0.00012602
0.000148636
0.000171537
0.000193846
0.000214878
0.000234197
0.000251666
0.000267266
0.000280977
0.000292924
0.000303695
0.00031289
0.000321915
0.00032839
0.000336073
0.000337187
3.49247e-05
3.09774e-05
2.83456e-05
2.64643e-05
2.5051e-05
2.39484e-05
2.30633e-05
2.23366e-05
2.17291e-05
2.12137e-05
2.07717e-05
2.03895e-05
2.00573e-05
1.97679e-05
1.9516e-05
1.92975e-05
1.91091e-05
1.89477e-05
1.88106e-05
1.8695e-05
1.85978e-05
1.85159e-05
1.84469e-05
1.8391e-05
1.83486e-05
1.83217e-05
1.83152e-05
1.83383e-05
1.84058e-05
1.8541e-05
1.87794e-05
1.9176e-05
1.98167e-05
2.08344e-05
2.24258e-05
2.486e-05
2.84769e-05
3.36738e-05
4.08823e-05
5.05257e-05
6.29481e-05
7.83187e-05
9.65371e-05
0.000117181
0.000139535
0.000162698
0.000185744
0.000207865
0.000228473
0.000247229
0.000264095
0.000278991
0.000292045
0.000303346
0.000313494
0.000321967
0.000330208
0.000335622
0.000342096
0.000341802
3.49256e-05
3.0988e-05
2.83636e-05
2.6487e-05
2.50762e-05
2.39749e-05
2.30905e-05
2.2364e-05
2.17564e-05
2.12408e-05
2.07982e-05
2.04148e-05
2.00807e-05
1.97884e-05
1.95323e-05
1.93081e-05
1.91122e-05
1.89417e-05
1.87941e-05
1.86667e-05
1.85574e-05
1.8464e-05
1.83859e-05
1.83246e-05
1.82825e-05
1.82645e-05
1.82789e-05
1.83391e-05
1.84654e-05
1.86889e-05
1.90567e-05
1.9642e-05
2.05575e-05
2.1971e-05
2.41156e-05
2.72921e-05
3.18615e-05
3.82292e-05
4.68146e-05
5.79981e-05
7.20397e-05
8.89847e-05
0.000108588
0.000130296
0.000153311
0.000176715
0.000199629
0.000221332
0.000241338
0.000259399
0.000275557
0.000289679
0.000302029
0.000312641
0.000322119
0.000329815
0.000337202
0.00034149
0.000346676
0.000345022
3.49265e-05
3.09986e-05
2.83809e-05
2.65078e-05
2.50982e-05
2.39969e-05
2.31117e-05
2.23844e-05
2.17759e-05
2.12594e-05
2.08159e-05
2.04314e-05
2.00958e-05
1.98015e-05
1.95426e-05
1.93147e-05
1.91142e-05
1.89382e-05
1.87844e-05
1.86507e-05
1.85355e-05
1.84382e-05
1.836e-05
1.8304e-05
1.82751e-05
1.82813e-05
1.83349e-05
1.84543e-05
1.86671e-05
1.90147e-05
1.95606e-05
2.04018e-05
2.1682e-05
2.36029e-05
2.64284e-05
3.04812e-05
3.61327e-05
4.37823e-05
5.38183e-05
6.65543e-05
8.21446e-05
0.000100501
0.000121242
0.000143714
0.000167071
0.000190418
0.000212945
0.000234028
0.00025328
0.000270537
0.000285879
0.000299188
0.000310795
0.000320675
0.00032943
0.000336285
0.000342731
0.000345818
0.00034962
0.000346655
3.49272e-05
3.10086e-05
2.83963e-05
2.65247e-05
2.51142e-05
2.40108e-05
2.31232e-05
2.23936e-05
2.17833e-05
2.12654e-05
2.08208e-05
2.04355e-05
2.00992e-05
1.9804e-05
1.95441e-05
1.93148e-05
1.91128e-05
1.89352e-05
1.87801e-05
1.86461e-05
1.85323e-05
1.84399e-05
1.83724e-05
1.8335e-05
1.83352e-05
1.83848e-05
1.85007e-05
1.87081e-05
1.9044e-05
1.95648e-05
2.03549e-05
2.1539e-05
2.32918e-05
2.58435e-05
2.94795e-05
3.45338e-05
4.13759e-05
5.03823e-05
6.18889e-05
7.61212e-05
9.31148e-05
0.000112651
0.000134236
0.000157148
0.000180533
0.000203544
0.000225457
0.000245746
0.00026412
0.000280486
0.000294927
0.000307385
0.000318208
0.000327309
0.00033528
0.000341217
0.000346623
0.000348422
0.000350728
0.000346502
3.49274e-05
3.1017e-05
2.84077e-05
2.65345e-05
2.51199e-05
2.40117e-05
2.31196e-05
2.23863e-05
2.17733e-05
2.12538e-05
2.08085e-05
2.04232e-05
2.00875e-05
1.97935e-05
1.95351e-05
1.93079e-05
1.91085e-05
1.89345e-05
1.87844e-05
1.86576e-05
1.85546e-05
1.84787e-05
1.84359e-05
1.84337e-05
1.84832e-05
1.86005e-05
1.88087e-05
1.91419e-05
1.96507e-05
2.04103e-05
2.15297e-05
2.3161e-05
2.55048e-05
2.88112e-05
3.33771e-05
3.95364e-05
4.76415e-05
5.80273e-05
7.09573e-05
8.65548e-05
0.000104736
0.000125167
0.000147274
0.000170299
0.000193415
0.000215841
0.000236946
0.000256298
0.000273691
0.000289093
0.00030257
0.000314136
0.000324134
0.0003324
0.000339511
0.000344442
0.000348692
0.000349108
0.000349791
0.00034436
3.49267e-05
3.10222e-05
2.84115e-05
2.65321e-05
2.51091e-05
2.39924e-05
2.30934e-05
2.23551e-05
2.17392e-05
2.12187e-05
2.07741e-05
2.0391e-05
2.00588e-05
1.97694e-05
1.95168e-05
1.92968e-05
1.91061e-05
1.8943e-05
1.88066e-05
1.86973e-05
1.86174e-05
1.85734e-05
1.85734e-05
1.86281e-05
1.87527e-05
1.89691e-05
1.93091e-05
1.98191e-05
2.05667e-05
2.16486e-05
2.3198e-05
2.53894e-05
2.84413e-05
3.26145e-05
3.82061e-05
4.5537e-05
5.49256e-05
6.66474e-05
8.08796e-05
9.76396e-05
0.000116735
0.000137744
0.000160041
0.00018287
0.000205448
0.000227073
0.000247207
0.000265506
0.000281834
0.000296202
0.000308672
0.000319306
0.000328427
0.000335792
0.000341955
0.000345777
0.000348739
0.00034767
0.000346596
0.000340021
3.49241e-05
3.1021e-05
2.84025e-05
2.65099e-05
2.50726e-05
2.39436e-05
2.30354e-05
2.22916e-05
2.16738e-05
2.11545e-05
2.07139e-05
2.03372e-05
2.00135e-05
1.97346e-05
1.94947e-05
1.92896e-05
1.91166e-05
1.89747e-05
1.8864e-05
1.87864e-05
1.87461e-05
1.87542e-05
1.88204e-05
1.89596e-05
1.91928e-05
1.955e-05
2.00743e-05
2.08276e-05
2.18962e-05
2.33974e-05
2.54834e-05
2.83441e-05
3.22068e-05
3.73327e-05
4.40076e-05
5.25242e-05
6.31519e-05
7.60937e-05
9.14355e-05
0.000109097
0.000128797
0.000150053
0.000172222
0.00019457
0.000216376
0.00023702
0.000256052
0.000273203
0.000288399
0.000301663
0.000313094
0.000322751
0.000330935
0.000337317
0.000342428
0.000345025
0.000346554
0.000343892
0.000340921
0.000333273
3.49181e-05
3.10087e-05
2.83723e-05
2.64569e-05
2.49983e-05
2.38527e-05
2.29342e-05
2.21863e-05
2.157e-05
2.1057e-05
2.06267e-05
2.02637e-05
1.99568e-05
1.96977e-05
1.94806e-05
1.93018e-05
1.91592e-05
1.90528e-05
1.89841e-05
1.89567e-05
1.89784e-05
1.90642e-05
1.92268e-05
1.94866e-05
1.98724e-05
2.04249e-05
2.12008e-05
2.22781e-05
2.37602e-05
2.57801e-05
2.85022e-05
3.21235e-05
3.68706e-05
4.29945e-05
5.07571e-05
6.04097e-05
7.2161e-05
8.61367e-05
0.000102337
0.000120598
0.000140578
0.000161762
0.000183509
0.000205128
0.000225965
0.00024548
0.000263304
0.000279232
0.000293236
0.000305339
0.000315691
0.000324316
0.000331487
0.000336791
0.000340725
0.000341968
0.00034191
0.000337552
0.000332549
0.000323909
3.49061e-05
3.09777e-05
2.83084e-05
2.63578e-05
2.48699e-05
2.37048e-05
2.27772e-05
2.203e-05
2.14225e-05
2.0925e-05
2.05155e-05
2.01779e-05
1.99003e-05
1.96744e-05
1.94945e-05
1.93576e-05
1.92627e-05
1.92108e-05
1.92053e-05
1.92524e-05
1.93658e-05
1.9562e-05
1.98598e-05
2.02869e-05
2.08818e-05
2.16971e-05
2.2803e-05
2.42912e-05
2.62774e-05
2.89039e-05
3.23398e-05
3.67804e-05
4.24425e-05
4.95558e-05
5.83471e-05
6.90166e-05
8.17083e-05
9.64745e-05
0.000113242
0.000131788
0.00015173
0.000172543
0.000193611
0.000214291
0.000233997
0.000252266
0.000268798
0.000283438
0.000296192
0.000307086
0.000316307
0.00032383
0.000329894
0.000334006
0.000336625
0.000336377
0.000334572
0.000328425
0.000321271
0.000311734
3.48834e-05
3.09155e-05
2.81925e-05
2.61917e-05
2.46673e-05
2.34828e-05
2.25522e-05
2.18158e-05
2.123e-05
2.07627e-05
2.039e-05
2.00944e-05
1.98636e-05
1.96891e-05
1.95658e-05
1.94913e-05
1.94661e-05
1.94931e-05
1.95783e-05
1.97316e-05
1.99734e-05
2.03223e-05
2.08048e-05
2.14572e-05
2.2328e-05
2.34806e-05
2.49959e-05
2.69746e-05
2.9539e-05
3.28336e-05
3.70248e-05
4.22979e-05
4.88506e-05
5.68821e-05
6.65763e-05
7.80797e-05
9.14743e-05
0.00010675
0.000123779
0.000142298
0.000161907
0.000182088
0.000202258
0.000221825
0.000240272
0.000257199
0.000272369
0.000285663
0.000297106
0.000306742
0.000314768
0.000321102
0.000325948
0.000328736
0.000329887
0.000328006
0.000324303
0.000316292
0.000306904
0.000296579
3.48426e-05
3.08035e-05
2.79988e-05
2.59316e-05
2.4367e-05
2.31693e-05
2.22489e-05
2.15409e-05
2.0997e-05
2.05812e-05
2.02672e-05
2.0036e-05
1.98747e-05
1.9775e-05
1.97325e-05
1.97463e-05
1.98188e-05
1.99556e-05
2.01663e-05
2.04655e-05
2.08811e-05
2.14343e-05
2.21594e-05
2.3101e-05
2.4316e-05
2.58754e-05
2.78663e-05
3.03933e-05
3.3579e-05
3.75638e-05
4.2504e-05
4.85673e-05
5.59251e-05
6.47405e-05
7.51525e-05
8.72568e-05
0.000101083
0.000116575
0.000133565
0.000151768
0.000170783
0.000190109
0.000209199
0.000227515
0.000244598
0.000260109
0.000273854
0.000285741
0.00029581
0.000304129
0.000310879
0.000315916
0.000319412
0.000320732
0.000320257
0.000316608
0.000310877
0.000300965
0.000289315
0.00027833
3.47708e-05
3.06126e-05
2.76922e-05
2.55448e-05
2.39436e-05
2.27487e-05
2.18618e-05
2.1209e-05
2.0735e-05
2.0399e-05
2.01716e-05
2.00326e-05
1.99686e-05
1.9972e-05
2.00399e-05
2.01735e-05
2.03779e-05
2.06623e-05
2.10406e-05
2.15337e-05
2.21742e-05
2.29872e-05
2.40133e-05
2.53031e-05
2.69189e-05
2.89352e-05
3.14409e-05
3.45389e-05
3.83466e-05
4.29945e-05
4.86226e-05
5.53758e-05
6.33948e-05
7.2806e-05
8.37071e-05
9.6151e-05
0.000110128
0.000125547
0.000142221
0.000159855
0.000178054
0.000196341
0.000214206
0.000231159
0.000246795
0.000260821
0.000273081
0.000283493
0.000292125
0.000299048
0.000304418
0.000308033
0.000310033
0.000309731
0.000307478
0.000301947
0.000294104
0.000282305
0.000268456
0.000256954
3.46478e-05
3.03074e-05
2.7227e-05
2.49942e-05
2.33734e-05
2.22109e-05
2.13925e-05
2.08314e-05
2.04629e-05
2.02408e-05
2.01329e-05
2.0118e-05
2.01834e-05
2.03228e-05
2.05355e-05
2.08254e-05
2.1201e-05
2.16757e-05
2.22679e-05
2.3006e-05
2.392e-05
2.50415e-05
2.6415e-05
2.8094e-05
3.01422e-05
3.2634e-05
3.56552e-05
3.9303e-05
4.36847e-05
4.89161e-05
5.51172e-05
6.24074e-05
7.08976e-05
8.06806e-05
9.182e-05
0.000104336
0.000118192
0.000133277
0.000149391
0.00016624
0.00018344
0.000200539
0.000217062
0.000232561
0.000246677
0.000259155
0.000269864
0.000278718
0.000285841
0.000291272
0.000295139
0.00029719
0.00029754
0.000295471
0.000291309
0.000283825
0.000273861
0.000260269
0.000244412
0.000232558
3.44446e-05
2.98363e-05
2.6559e-05
2.42432e-05
2.2639e-05
2.15544e-05
2.08515e-05
2.04262e-05
2.02039e-05
2.01332e-05
2.01802e-05
2.0324e-05
2.05532e-05
2.08638e-05
2.12577e-05
2.1742e-05
2.23289e-05
2.30352e-05
2.38836e-05
2.49076e-05
2.61313e-05
2.75922e-05
2.93358e-05
3.14154e-05
3.38929e-05
3.68391e-05
4.03332e-05
4.44627e-05
4.9322e-05
5.50093e-05
6.16241e-05
6.92612e-05
7.8005e-05
8.79215e-05
9.90485e-05
0.000111384
0.000124873
0.000139394
0.000154743
0.000170631
0.000186685
0.000202476
0.000217561
0.000231528
0.000244056
0.000254917
0.000263995
0.000271208
0.000276728
0.000280549
0.000282776
0.000283114
0.000281668
0.00027771
0.000271564
0.000262128
0.000250147
0.000234964
0.00021746
0.000205445
3.41139e-05
2.91325e-05
2.56363e-05
2.32669e-05
2.17359e-05
2.07901e-05
2.02576e-05
2.00156e-05
1.99805e-05
2.00978e-05
2.03337e-05
2.06688e-05
2.1094e-05
2.16081e-05
2.22157e-05
2.2927e-05
2.37568e-05
2.47252e-05
2.5857e-05
2.71861e-05
2.87331e-05
3.05366e-05
3.26409e-05
3.50967e-05
3.79615e-05
4.12996e-05
4.51813e-05
4.96824e-05
5.48827e-05
6.08635e-05
6.77048e-05
7.54805e-05
8.42543e-05
9.40718e-05
0.000104953
0.000116883
0.000129794
0.000143561
0.000157978
0.00017276
0.000187549
0.000201933
0.000215496
0.000227858
0.000238725
0.000247892
0.000255244
0.000260724
0.000264528
0.000266608
0.000267056
0.000265545
0.000262189
0.000256278
0.000248163
0.000236886
0.000223155
0.000206719
0.000188145
0.000176192
3.35845e-05
2.81158e-05
2.44136e-05
2.20635e-05
2.06783e-05
1.99422e-05
1.96356e-05
1.96196e-05
1.98056e-05
2.01393e-05
2.05893e-05
2.11392e-05
2.17828e-05
2.25215e-05
2.33624e-05
2.43178e-05
2.54047e-05
2.66444e-05
2.80629e-05
2.96888e-05
3.15415e-05
3.36574e-05
3.6078e-05
3.88493e-05
4.20225e-05
4.56538e-05
4.98034e-05
5.45353e-05
5.99151e-05
6.60092e-05
7.28811e-05
8.05889e-05
8.91805e-05
9.86881e-05
0.00010912
0.000120452
0.000132612
0.000145469
0.000158818
0.00017238
0.000185804
0.000198695
0.000210657
0.000221336
0.000230463
0.000237842
0.000243351
0.000247006
0.000248974
0.000249185
0.000247732
0.000244276
0.000238971
0.000231141
0.000221216
0.000208361
0.00019336
0.000176179
0.000157349
0.000145722
3.27536e-05
2.67042e-05
2.28708e-05
2.06544e-05
1.95081e-05
1.90471e-05
1.90086e-05
1.92448e-05
1.96682e-05
2.02291e-05
2.09008e-05
2.16709e-05
2.25362e-05
2.35005e-05
2.45727e-05
2.57661e-05
2.70984e-05
2.85913e-05
3.02697e-05
3.21535e-05
3.42621e-05
3.66283e-05
3.92889e-05
4.22841e-05
4.56581e-05
4.94582e-05
5.37351e-05
5.85415e-05
6.39313e-05
6.99582e-05
7.66734e-05
8.41232e-05
9.2345e-05
0.000101362
0.000111174
0.000121752
0.00013302
0.000144842
0.000157014
0.000169256
0.000181226
0.00019254
0.00020282
0.000211731
0.000219025
0.00022451
0.000228066
0.000229793
0.000229818
0.000228062
0.000224647
0.000219237
0.000212072
0.00020251
0.000191135
0.000177167
0.000161617
0.000144382
0.000126323
0.000115335
3.14835e-05
2.48421e-05
2.10385e-05
1.91024e-05
1.82885e-05
1.81425e-05
1.83854e-05
1.88703e-05
1.95192e-05
2.02911e-05
2.11661e-05
2.21362e-05
2.32009e-05
2.43656e-05
2.56401e-05
2.70376e-05
2.85753e-05
3.02736e-05
3.21549e-05
3.4229e-05
3.65159e-05
3.90439e-05
4.18442e-05
4.49508e-05
4.84007e-05
5.22332e-05
5.64901e-05
6.12147e-05
6.64513e-05
7.22441e-05
7.86352e-05
8.56626e-05
9.33563e-05
0.000101733
0.000110788
0.000120487
0.000130747
0.000141431
0.00015233
0.000163164
0.000173592
0.000183242
0.000191751
0.000198801
0.00020416
0.00020764
0.000209164
0.000208877
0.0002069
0.000203158
0.000197834
0.000190616
0.000181873
0.000170987
0.000158771
0.000144386
0.000129242
0.000112803
9.66447e-05
8.66513e-05
2.96198e-05
2.25486e-05
1.90215e-05
1.75112e-05
1.70858e-05
1.72519e-05
1.77469e-05
1.84384e-05
1.92662e-05
2.02017e-05
2.12321e-05
2.23534e-05
2.35674e-05
2.48797e-05
2.62999e-05
2.78403e-05
2.95161e-05
3.13454e-05
3.33462e-05
3.55205e-05
3.78879e-05
4.04716e-05
4.32974e-05
4.63931e-05
4.97889e-05
5.3517e-05
5.76119e-05
6.21092e-05
6.70458e-05
7.24586e-05
7.83832e-05
8.48514e-05
9.18878e-05
9.9504e-05
0.00010769
0.000116406
0.000125563
0.000135017
0.000144553
0.000153889
0.000162685
0.000170579
0.000177222
0.000182316
0.000185648
0.000187033
0.000186502
0.000184193
0.000180266
0.000174673
0.000167693
0.000159042
0.000149268
0.000137731
0.000125543
0.000111654
9.80011e-05
8.32854e-05
7.00323e-05
6.13914e-05
2.70558e-05
1.9974e-05
1.70004e-05
1.60066e-05
1.59572e-05
1.63763e-05
1.70442e-05
1.78612e-05
1.87892e-05
1.98123e-05
2.09237e-05
2.21224e-05
2.34105e-05
2.47936e-05
2.62794e-05
2.78784e-05
2.96031e-05
3.14683e-05
3.34865e-05
3.56563e-05
3.79946e-05
4.05196e-05
4.32518e-05
4.62133e-05
4.94286e-05
5.29238e-05
5.6727e-05
6.08679e-05
6.53774e-05
7.02869e-05
7.56266e-05
8.14233e-05
8.76967e-05
9.44529e-05
0.000101676
0.000109319
0.000117285
0.00012542
0.000133503
0.000141248
0.00014832
0.000154366
0.00015906
0.000162129
0.00016339
0.000162677
0.000160181
0.000156002
0.000150384
0.000143321
0.000135222
0.000125814
0.000115848
0.000104595
9.3478e-05
8.11069e-05
6.99349e-05
5.77629e-05
4.80041e-05
4.09881e-05
2.38638e-05
1.74173e-05
1.51953e-05
1.47041e-05
1.49358e-05
1.54913e-05
1.62162e-05
1.70517e-05
1.79813e-05
1.89982e-05
2.00995e-05
2.12847e-05
2.25555e-05
2.39157e-05
2.5371e-05
2.6929e-05
2.85993e-05
3.0393e-05
3.23171e-05
3.43705e-05
3.65654e-05
3.89157e-05
4.14369e-05
4.41464e-05
4.70631e-05
5.02082e-05
5.36044e-05
5.72764e-05
6.12501e-05
6.5552e-05
7.02073e-05
7.5238e-05
8.0658e-05
8.64673e-05
9.26426e-05
9.91265e-05
0.000105814
0.000112542
0.000119082
0.000125149
0.000130418
0.000134557
0.000137271
0.00013833
0.000137596
0.000134992
0.000130814
0.000125184
0.000118442
0.000110627
0.000102269
9.3081e-05
8.39671e-05
7.40629e-05
6.49984e-05
5.50361e-05
4.69251e-05
3.77691e-05
3.14528e-05
2.61461e-05
2.04313e-05
1.52608e-05
1.38051e-05
1.36843e-05
1.40348e-05
1.45784e-05
1.52339e-05
1.59794e-05
1.68122e-05
1.7729e-05
1.8727e-05
1.98048e-05
2.09623e-05
2.22011e-05
2.35246e-05
2.49375e-05
2.64462e-05
2.80583e-05
2.97767e-05
3.16017e-05
3.35414e-05
3.56053e-05
3.78046e-05
4.01521e-05
4.26625e-05
4.53522e-05
4.82393e-05
5.13439e-05
5.46873e-05
5.82909e-05
6.2175e-05
6.63557e-05
7.08407e-05
7.5622e-05
8.06681e-05
8.59117e-05
9.12392e-05
9.64808e-05
0.000101409
0.000105748
0.000109197
0.00011146
0.000112298
0.000111546
0.000109134
0.000105138
9.99044e-05
9.36061e-05
8.66653e-05
7.91341e-05
7.1602e-05
6.37265e-05
5.64421e-05
4.87685e-05
4.23224e-05
3.52096e-05
3.00897e-05
2.38889e-05
2.03561e-05
1.66082e-05
1.74321e-05
1.38497e-05
1.29642e-05
1.29956e-05
1.32793e-05
1.36766e-05
1.41641e-05
1.47398e-05
1.54025e-05
1.61461e-05
1.69654e-05
1.78567e-05
1.88182e-05
1.98492e-05
2.09508e-05
2.21253e-05
2.33761e-05
2.47077e-05
2.6121e-05
2.76175e-05
2.92018e-05
3.08797e-05
3.26588e-05
3.45479e-05
3.65578e-05
3.87007e-05
4.09907e-05
4.34431e-05
4.60746e-05
4.89015e-05
5.19386e-05
5.51957e-05
5.86735e-05
6.23567e-05
6.62058e-05
7.01472e-05
7.40637e-05
7.77888e-05
8.11089e-05
8.37756e-05
8.55337e-05
8.61525e-05
8.54731e-05
8.34174e-05
8.00125e-05
7.5489e-05
7.0183e-05
6.43023e-05
5.82769e-05
5.21205e-05
4.63607e-05
4.06014e-05
3.56422e-05
3.05176e-05
2.65887e-05
2.21302e-05
1.93451e-05
1.55558e-05
1.38644e-05
1.13607e-05
1.55759e-05
1.34238e-05
1.27495e-05
1.26916e-05
1.2764e-05
1.29461e-05
1.323e-05
1.36099e-05
1.40753e-05
1.46143e-05
1.52184e-05
1.58818e-05
1.66007e-05
1.7373e-05
1.81976e-05
1.90748e-05
2.00058e-05
2.09926e-05
2.20352e-05
2.31359e-05
2.42963e-05
2.55195e-05
2.68101e-05
2.81739e-05
2.96181e-05
3.11514e-05
3.27837e-05
3.45263e-05
3.6391e-05
3.83894e-05
4.05308e-05
4.28197e-05
4.52513e-05
4.78057e-05
5.04411e-05
5.30855e-05
5.56306e-05
5.79297e-05
5.98041e-05
6.10583e-05
6.1508e-05
6.10087e-05
5.94957e-05
5.69805e-05
5.3593e-05
4.95902e-05
4.52709e-05
4.08029e-05
3.65187e-05
3.23671e-05
2.87153e-05
2.51857e-05
2.23413e-05
1.94086e-05
1.73538e-05
1.48915e-05
1.35736e-05
1.14739e-05
1.07762e-05
9.19737e-06
1.54242e-05
1.41642e-05
1.32369e-05
1.29023e-05
1.27239e-05
1.27118e-05
1.28253e-05
1.30396e-05
1.33326e-05
1.36869e-05
1.40917e-05
1.45396e-05
1.50254e-05
1.55453e-05
1.60969e-05
1.66789e-05
1.72905e-05
1.79318e-05
1.86026e-05
1.93041e-05
2.00363e-05
2.08005e-05
2.1599e-05
2.2435e-05
2.33131e-05
2.42388e-05
2.52186e-05
2.62601e-05
2.73713e-05
2.85599e-05
2.98314e-05
3.11876e-05
3.26226e-05
3.41183e-05
3.56397e-05
3.71291e-05
3.85034e-05
3.96548e-05
4.04591e-05
4.07903e-05
4.05443e-05
3.96587e-05
3.81396e-05
3.60456e-05
3.35404e-05
3.07986e-05
2.80283e-05
2.53175e-05
2.2856e-05
2.05664e-05
1.86501e-05
1.68394e-05
1.5457e-05
1.40248e-05
1.30929e-05
1.19232e-05
1.13613e-05
1.03813e-05
1.00817e-05
9.25802e-06
1.75624e-05
1.63308e-05
1.46045e-05
1.39369e-05
1.35837e-05
1.34515e-05
1.34637e-05
1.35743e-05
1.37533e-05
1.39813e-05
1.42459e-05
1.45381e-05
1.48514e-05
1.51807e-05
1.55224e-05
1.58737e-05
1.62325e-05
1.65975e-05
1.69675e-05
1.73422e-05
1.77209e-05
1.81036e-05
1.84912e-05
1.88852e-05
1.9288e-05
1.97028e-05
2.01338e-05
2.05859e-05
2.10647e-05
2.15757e-05
2.21234e-05
2.271e-05
2.33329e-05
2.39822e-05
2.46373e-05
2.52639e-05
2.58134e-05
2.62238e-05
2.64275e-05
2.63604e-05
2.59781e-05
2.52648e-05
2.42471e-05
2.29803e-05
2.15728e-05
2.01136e-05
1.871e-05
1.7397e-05
1.62561e-05
1.52399e-05
1.44251e-05
1.3695e-05
1.31554e-05
1.26473e-05
1.22974e-05
1.19691e-05
1.17018e-05
1.15779e-05
1.12483e-05
1.12593e-05
2.31235e-05
2.04906e-05
1.73011e-05
1.64091e-05
1.59894e-05
1.57935e-05
1.57668e-05
1.58358e-05
1.59669e-05
1.61403e-05
1.63408e-05
1.65572e-05
1.67811e-05
1.7006e-05
1.72267e-05
1.74394e-05
1.76406e-05
1.78278e-05
1.79987e-05
1.81517e-05
1.82859e-05
1.84009e-05
1.84966e-05
1.85735e-05
1.8633e-05
1.86774e-05
1.87097e-05
1.87339e-05
1.87549e-05
1.8778e-05
1.88088e-05
1.8852e-05
1.89107e-05
1.89844e-05
1.90673e-05
1.91472e-05
1.92045e-05
1.92134e-05
1.91457e-05
1.89758e-05
1.8688e-05
1.82808e-05
1.77714e-05
1.71915e-05
1.65878e-05
1.60026e-05
1.54759e-05
1.50303e-05
1.46785e-05
1.44303e-05
1.42552e-05
1.41998e-05
1.41351e-05
1.42656e-05
1.41902e-05
1.45588e-05
1.42679e-05
1.50606e-05
1.42669e-05
1.55323e-05
3.47959e-05
2.79654e-05
2.23328e-05
2.141e-05
2.09466e-05
2.06824e-05
2.06557e-05
2.07338e-05
2.08802e-05
2.10724e-05
2.12886e-05
2.15129e-05
2.17336e-05
2.19412e-05
2.21284e-05
2.22889e-05
2.24181e-05
2.25119e-05
2.25664e-05
2.25796e-05
2.255e-05
2.24768e-05
2.23595e-05
2.21986e-05
2.19954e-05
2.17524e-05
2.14732e-05
2.11625e-05
2.08266e-05
2.04729e-05
2.01099e-05
1.97468e-05
1.93927e-05
1.90559e-05
1.87426e-05
1.84561e-05
1.81959e-05
1.79581e-05
1.77361e-05
1.75237e-05
1.73165e-05
1.71156e-05
1.69268e-05
1.6764e-05
1.66401e-05
1.65791e-05
1.65798e-05
1.66771e-05
1.68246e-05
1.71078e-05
1.73648e-05
1.78519e-05
1.81063e-05
1.8857e-05
1.88828e-05
2.00902e-05
1.94661e-05
2.16059e-05
1.97252e-05
2.31819e-05
5.92288e-05
4.18091e-05
3.1773e-05
3.09031e-05
3.02675e-05
2.98565e-05
2.98492e-05
2.99844e-05
3.02189e-05
3.05198e-05
3.08503e-05
3.11848e-05
3.15041e-05
3.17925e-05
3.20377e-05
3.22294e-05
3.23597e-05
3.24218e-05
3.24098e-05
3.23207e-05
3.21518e-05
3.19015e-05
3.15695e-05
3.11566e-05
3.06654e-05
3.01e-05
2.94664e-05
2.87728e-05
2.80295e-05
2.72491e-05
2.64464e-05
2.56378e-05
2.48411e-05
2.40742e-05
2.33548e-05
2.26988e-05
2.21191e-05
2.16256e-05
2.12245e-05
2.09196e-05
2.07114e-05
2.06021e-05
2.05897e-05
2.06816e-05
2.08706e-05
2.11802e-05
2.15752e-05
2.21228e-05
2.27013e-05
2.35124e-05
2.41899e-05
2.53213e-05
2.58897e-05
2.75051e-05
2.75236e-05
3.00652e-05
2.86834e-05
3.31706e-05
2.9166e-05
3.66521e-05
)
;

boundaryField
{
    inlet
    {
        type            calculated;
        value           uniform 4.12857e-05;
    }
    outlet
    {
        type            calculated;
        value           nonuniform List<scalar> 
100
(
3.809e-05
2.42426e-05
1.68032e-05
1.33856e-05
1.32575e-05
1.68831e-05
2.57066e-05
4.15059e-05
6.53849e-05
9.71997e-05
0.000135723
0.00017914
0.000225502
0.000273012
0.000320164
0.000365788
0.000409022
0.000449271
0.000486152
0.000519444
0.000549042
0.00057493
0.000597153
0.000615795
0.000630968
0.000642802
0.000651438
0.000657021
0.0006597
0.000659623
0.000656939
0.000651793
0.000644332
0.000634702
0.000623048
0.000609519
0.000594264
0.000577438
0.000559201
0.000539722
0.000519177
0.000497754
0.000475662
0.000453149
0.000430452
0.000407824
0.000385537
0.000363878
0.000343152
0.000323676
0.000305781
0.000289805
0.000276072
0.000264862
0.000256374
0.000250692
0.000247771
0.000247441
0.000249435
0.000253425
0.000259055
0.000265967
0.000273818
0.00028229
0.000291089
0.000299948
0.000308624
0.000316892
0.00032454
0.00033137
0.000337187
0.000341802
0.000345022
0.000346655
0.000346502
0.00034436
0.000340021
0.000333273
0.000323909
0.000311734
0.000296579
0.00027833
0.000256954
0.000232558
0.000205445
0.000176192
0.000145722
0.000115335
8.66513e-05
6.13914e-05
4.09881e-05
2.61461e-05
1.66082e-05
1.13607e-05
9.19737e-06
9.25802e-06
1.12593e-05
1.55323e-05
2.31819e-05
3.66521e-05
)
;
    }
    fixedWalls
    {
        type            nutkWallFunction;
        Cmu             0.09;
        kappa           0.41;
        E               9.8;
        value           uniform 0;
    }
    frontAndBack
    {
        type            empty;
    }
}


// ************************************************************************* //
