/*--------------------------------*- C++ -*----------------------------------*\
| =========                 |                                                 |
| \\      /  F ield         | OpenFOAM: The Open Source CFD Toolbox           |
|  \\    /   O peration     | Version:  2.4.0                                 |
|   \\  /    A nd           | Web:      www.OpenFOAM.org                      |
|    \\/     M anipulation  |                                                 |
\*---------------------------------------------------------------------------*/
FoamFile
{
    version     2.0;
    format      ascii;
    class       volScalarField;
    location    "0.9";
    object      nut;
}
// * * * * * * * * * * * * * * * * * * * * * * * * * * * * * * * * * * * * * //

dimensions      [0 2 -1 0 0 0 0];

internalField   nonuniform List<scalar> 
6000
(
1.24053e-05
9.9993e-06
5.4268e-06
3.97882e-06
4.99209e-06
5.30869e-06
5.82422e-06
8.97053e-06
1.08389e-05
1.13718e-05
1.07791e-05
9.56152e-06
8.24608e-06
6.98866e-06
5.92238e-06
5.145e-06
4.79055e-06
5.27151e-06
6.19273e-06
7.0426e-06
7.81773e-06
8.50845e-06
9.10561e-06
9.60513e-06
1.00109e-05
1.03342e-05
1.05904e-05
1.07941e-05
1.09571e-05
1.1088e-05
1.11928e-05
1.12764e-05
1.13426e-05
1.13945e-05
1.14349e-05
1.14657e-05
1.14885e-05
1.15046e-05
1.15151e-05
1.15209e-05
1.15225e-05
1.15208e-05
1.15161e-05
1.15089e-05
1.14996e-05
1.14885e-05
1.14759e-05
1.14621e-05
1.14473e-05
1.14319e-05
1.14159e-05
1.14002e-05
1.13843e-05
1.13705e-05
1.1354e-05
1.13498e-05
1.13158e-05
1.13671e-05
1.12088e-05
1.14885e-05
2.33518e-05
3.30265e-05
1.75246e-05
1.2394e-05
1.06911e-05
1.33495e-05
1.2212e-05
9.45261e-06
7.80731e-06
8.49645e-06
1.23695e-05
1.56716e-05
1.76165e-05
1.84416e-05
1.89654e-05
1.90477e-05
1.83109e-05
1.71191e-05
1.62273e-05
1.56411e-05
1.53563e-05
1.53579e-05
1.55821e-05
1.5917e-05
1.62432e-05
1.64803e-05
1.66055e-05
1.66356e-05
1.65978e-05
1.65111e-05
1.63847e-05
1.62235e-05
1.60328e-05
1.58188e-05
1.55879e-05
1.53451e-05
1.50938e-05
1.48361e-05
1.45729e-05
1.43049e-05
1.40321e-05
1.37547e-05
1.34727e-05
1.31865e-05
1.28964e-05
1.26029e-05
1.23066e-05
1.20078e-05
1.17068e-05
1.14038e-05
1.10992e-05
1.07927e-05
1.04853e-05
1.0175e-05
9.86701e-06
9.5445e-06
9.24248e-06
8.86247e-06
8.55509e-06
8.17944e-06
2.89025e-05
4.83198e-05
2.45656e-05
1.64242e-05
1.48613e-05
1.4754e-05
1.08912e-05
8.93109e-06
1.17736e-05
2.21809e-05
3.33302e-05
3.72375e-05
3.71663e-05
3.4919e-05
3.26679e-05
3.10543e-05
2.97644e-05
2.86546e-05
2.76213e-05
2.6521e-05
2.53862e-05
2.43465e-05
2.354e-05
2.30204e-05
2.27303e-05
2.25575e-05
2.24098e-05
2.22458e-05
2.20606e-05
2.18593e-05
2.16435e-05
2.14112e-05
2.11603e-05
2.08912e-05
2.06059e-05
2.03062e-05
1.99929e-05
1.96658e-05
1.93237e-05
1.89652e-05
1.85885e-05
1.81921e-05
1.77745e-05
1.73347e-05
1.68716e-05
1.63846e-05
1.58729e-05
1.53362e-05
1.47745e-05
1.41881e-05
1.35786e-05
1.29488e-05
1.23019e-05
1.16444e-05
1.09722e-05
1.02945e-05
9.58126e-06
8.8763e-06
8.01432e-06
7.2405e-06
3.22059e-05
5.54291e-05
2.7883e-05
1.80142e-05
1.55811e-05
1.34518e-05
1.0767e-05
1.31341e-05
2.34944e-05
3.86429e-05
4.53986e-05
4.68239e-05
4.53207e-05
4.2188e-05
3.927e-05
3.74713e-05
3.65459e-05
3.60397e-05
3.55679e-05
3.48953e-05
3.39394e-05
3.27524e-05
3.14962e-05
3.03594e-05
2.94577e-05
2.8795e-05
2.83081e-05
2.79306e-05
2.76206e-05
2.73555e-05
2.71197e-05
2.69001e-05
2.6686e-05
2.64699e-05
2.62467e-05
2.60127e-05
2.57646e-05
2.54988e-05
2.52114e-05
2.48989e-05
2.45574e-05
2.41836e-05
2.37739e-05
2.33251e-05
2.28339e-05
2.22972e-05
2.1712e-05
2.10751e-05
2.03836e-05
1.96354e-05
1.8829e-05
1.79681e-05
1.70549e-05
1.60997e-05
1.509e-05
1.40629e-05
1.29352e-05
1.19011e-05
1.05171e-05
9.79993e-06
3.39742e-05
5.79926e-05
3.40434e-05
1.92471e-05
1.58823e-05
1.32433e-05
1.34904e-05
2.13507e-05
3.60367e-05
4.67801e-05
5.00042e-05
5.0195e-05
4.81288e-05
4.48613e-05
4.18818e-05
4.0106e-05
3.93952e-05
3.92338e-05
3.91884e-05
3.89991e-05
3.85214e-05
3.77271e-05
3.6706e-05
3.56222e-05
3.46343e-05
3.38293e-05
3.3214e-05
3.2752e-05
3.24015e-05
3.21299e-05
3.19127e-05
3.17315e-05
3.15719e-05
3.14233e-05
3.1278e-05
3.113e-05
3.09741e-05
3.08059e-05
3.06209e-05
3.0415e-05
3.01843e-05
2.99248e-05
2.96323e-05
2.93027e-05
2.89315e-05
2.85138e-05
2.80443e-05
2.75173e-05
2.69269e-05
2.62656e-05
2.55303e-05
2.47198e-05
2.38311e-05
2.28702e-05
2.18192e-05
2.0725e-05
1.94738e-05
1.83699e-05
1.67783e-05
1.65657e-05
3.49268e-05
5.7944e-05
4.12535e-05
1.97513e-05
1.88258e-05
1.55907e-05
1.89429e-05
3.09455e-05
4.4478e-05
5.04625e-05
5.22198e-05
5.17508e-05
4.92008e-05
4.56514e-05
4.24933e-05
4.05835e-05
3.98461e-05
3.97905e-05
3.99735e-05
4.01157e-05
4.00287e-05
3.96266e-05
3.89464e-05
3.81193e-05
3.72994e-05
3.65943e-05
3.60406e-05
3.56253e-05
3.53172e-05
3.50867e-05
3.49105e-05
3.47712e-05
3.46563e-05
3.45567e-05
3.44656e-05
3.43781e-05
3.429e-05
3.41978e-05
3.40981e-05
3.39881e-05
3.38647e-05
3.3725e-05
3.3566e-05
3.33842e-05
3.31761e-05
3.29373e-05
3.26632e-05
3.23479e-05
3.19834e-05
3.15642e-05
3.10858e-05
3.05436e-05
2.99318e-05
2.9251e-05
2.84853e-05
2.76697e-05
2.6717e-05
2.58832e-05
2.47219e-05
2.50827e-05
3.5441e-05
5.64246e-05
4.67797e-05
2.00931e-05
2.48209e-05
2.05024e-05
2.60695e-05
3.94946e-05
4.94989e-05
5.27545e-05
5.3856e-05
5.29127e-05
4.99086e-05
4.593e-05
4.23754e-05
4.01412e-05
3.91998e-05
3.9096e-05
3.93766e-05
3.97417e-05
3.99589e-05
3.98836e-05
3.94989e-05
3.89065e-05
3.82583e-05
3.76768e-05
3.72166e-05
3.68767e-05
3.66322e-05
3.64554e-05
3.6325e-05
3.62256e-05
3.61471e-05
3.60826e-05
3.60275e-05
3.59784e-05
3.59327e-05
3.58883e-05
3.58431e-05
3.57957e-05
3.57444e-05
3.56878e-05
3.56241e-05
3.55516e-05
3.54685e-05
3.53721e-05
3.52598e-05
3.51277e-05
3.49719e-05
3.4789e-05
3.45757e-05
3.43288e-05
3.40446e-05
3.37221e-05
3.33556e-05
3.29619e-05
3.25145e-05
3.21336e-05
3.1758e-05
3.25431e-05
3.57022e-05
5.41463e-05
5.04779e-05
2.39324e-05
3.19531e-05
2.71177e-05
3.36111e-05
4.6225e-05
5.28265e-05
5.46847e-05
5.53565e-05
5.39566e-05
5.05442e-05
4.61782e-05
4.21493e-05
3.94772e-05
3.82223e-05
3.79671e-05
3.82493e-05
3.87571e-05
3.92199e-05
3.94338e-05
3.93206e-05
3.89431e-05
3.84464e-05
3.79682e-05
3.75829e-05
3.73032e-05
3.711e-05
3.69773e-05
3.68842e-05
3.68163e-05
3.6765e-05
3.6725e-05
3.6693e-05
3.6667e-05
3.66455e-05
3.66275e-05
3.6612e-05
3.65985e-05
3.65864e-05
3.65752e-05
3.65646e-05
3.65541e-05
3.65432e-05
3.65315e-05
3.65179e-05
3.65014e-05
3.64821e-05
3.64594e-05
3.64333e-05
3.6404e-05
3.63725e-05
3.63407e-05
3.63147e-05
3.63027e-05
3.63334e-05
3.6409e-05
3.68205e-05
3.7933e-05
3.58127e-05
5.15544e-05
5.26281e-05
2.96707e-05
3.82075e-05
3.44812e-05
4.07933e-05
5.14493e-05
5.54884e-05
5.65662e-05
5.68266e-05
5.48878e-05
5.10413e-05
4.64141e-05
4.19863e-05
3.88669e-05
3.7259e-05
3.67889e-05
3.69977e-05
3.75769e-05
3.82314e-05
3.8705e-05
3.88542e-05
3.86916e-05
3.83459e-05
3.79652e-05
3.7644e-05
3.74111e-05
3.72554e-05
3.71543e-05
3.70876e-05
3.70417e-05
3.70085e-05
3.69838e-05
3.69654e-05
3.69521e-05
3.69433e-05
3.69384e-05
3.69373e-05
3.694e-05
3.69466e-05
3.69573e-05
3.69723e-05
3.69923e-05
3.70177e-05
3.70493e-05
3.70879e-05
3.71344e-05
3.71908e-05
3.72595e-05
3.73438e-05
3.74475e-05
3.75768e-05
3.77384e-05
3.79485e-05
3.82141e-05
3.86062e-05
3.90478e-05
4.00895e-05
4.14655e-05
3.58344e-05
4.8922e-05
5.35077e-05
3.58789e-05
4.1973e-05
4.20062e-05
4.73666e-05
5.5728e-05
5.79765e-05
5.8544e-05
5.83607e-05
5.57431e-05
5.13249e-05
4.65143e-05
4.18405e-05
3.83459e-05
3.64164e-05
3.57021e-05
3.5786e-05
3.6375e-05
3.71667e-05
3.78667e-05
3.8268e-05
3.83248e-05
3.81381e-05
3.78597e-05
3.76021e-05
3.74109e-05
3.72854e-05
3.72077e-05
3.71595e-05
3.71281e-05
3.71064e-05
3.70908e-05
3.70799e-05
3.70732e-05
3.70703e-05
3.70715e-05
3.70769e-05
3.70867e-05
3.71016e-05
3.71219e-05
3.71486e-05
3.71824e-05
3.72245e-05
3.72765e-05
3.73399e-05
3.74174e-05
3.75121e-05
3.76282e-05
3.77711e-05
3.79477e-05
3.81682e-05
3.84436e-05
3.87986e-05
3.92408e-05
3.98751e-05
4.05773e-05
4.20669e-05
4.3647e-05
3.58055e-05
4.6409e-05
5.3386e-05
4.16325e-05
4.18911e-05
4.94017e-05
5.33825e-05
5.9524e-05
6.05427e-05
6.07466e-05
6.00936e-05
5.66322e-05
5.1419e-05
4.63827e-05
4.16112e-05
3.78684e-05
3.56856e-05
3.47313e-05
3.46658e-05
3.52183e-05
3.60961e-05
3.69848e-05
3.76225e-05
3.79004e-05
3.78813e-05
3.77129e-05
3.75227e-05
3.73732e-05
3.72751e-05
3.72166e-05
3.71825e-05
3.71614e-05
3.71471e-05
3.7137e-05
3.71302e-05
3.71266e-05
3.71265e-05
3.71302e-05
3.71383e-05
3.71512e-05
3.71696e-05
3.71941e-05
3.72258e-05
3.72658e-05
3.73155e-05
3.73768e-05
3.7452e-05
3.75442e-05
3.76574e-05
3.77967e-05
3.79691e-05
3.81833e-05
3.84522e-05
3.879e-05
3.92273e-05
3.97746e-05
4.05574e-05
4.14295e-05
4.32063e-05
4.49348e-05
3.57489e-05
4.41018e-05
5.25136e-05
4.6406e-05
4.10888e-05
5.64653e-05
5.90083e-05
6.31579e-05
6.33438e-05
6.33028e-05
6.21628e-05
5.76874e-05
5.1431e-05
4.60062e-05
4.12219e-05
3.73873e-05
3.50167e-05
3.38554e-05
3.36411e-05
3.41291e-05
3.50501e-05
3.60885e-05
3.69415e-05
3.74378e-05
3.75931e-05
3.75426e-05
3.7425e-05
3.73192e-05
3.72483e-05
3.72075e-05
3.71853e-05
3.71723e-05
3.71634e-05
3.71568e-05
3.71523e-05
3.71503e-05
3.71515e-05
3.71563e-05
3.71655e-05
3.71796e-05
3.71994e-05
3.72258e-05
3.72597e-05
3.73025e-05
3.73557e-05
3.74213e-05
3.7502e-05
3.76012e-05
3.77233e-05
3.78739e-05
3.80609e-05
3.82941e-05
3.85879e-05
3.89586e-05
3.94406e-05
4.00472e-05
4.0916e-05
4.18923e-05
4.38412e-05
4.56657e-05
3.56784e-05
4.20388e-05
5.11136e-05
5.00026e-05
4.15112e-05
6.2863e-05
6.44275e-05
6.68449e-05
6.64938e-05
6.63229e-05
6.46665e-05
5.90071e-05
5.14918e-05
4.54505e-05
4.06461e-05
3.68697e-05
3.43617e-05
3.30408e-05
3.26967e-05
3.31105e-05
3.40431e-05
3.51943e-05
3.62379e-05
3.69453e-05
3.72793e-05
3.73538e-05
3.73143e-05
3.72552e-05
3.72127e-05
3.71895e-05
3.71785e-05
3.71727e-05
3.71683e-05
3.71644e-05
3.71614e-05
3.71603e-05
3.7162e-05
3.71673e-05
3.71769e-05
3.71915e-05
3.72119e-05
3.72391e-05
3.7274e-05
3.73181e-05
3.73729e-05
3.74407e-05
3.75241e-05
3.76267e-05
3.77531e-05
3.79094e-05
3.81037e-05
3.83464e-05
3.8653e-05
3.90409e-05
3.95467e-05
4.01859e-05
4.11028e-05
4.21401e-05
4.41845e-05
4.60632e-05
3.56024e-05
4.02292e-05
4.93742e-05
5.24108e-05
4.32558e-05
6.77993e-05
6.97934e-05
7.0731e-05
7.00784e-05
6.98822e-05
6.76434e-05
6.06282e-05
5.17014e-05
4.48244e-05
3.99572e-05
3.62695e-05
3.36871e-05
3.2257e-05
3.18124e-05
3.21565e-05
3.3081e-05
3.43133e-05
3.55209e-05
3.64283e-05
3.69424e-05
3.71482e-05
3.71923e-05
3.71836e-05
3.71711e-05
3.71663e-05
3.71666e-05
3.71677e-05
3.71675e-05
3.71659e-05
3.71643e-05
3.71638e-05
3.71658e-05
3.71712e-05
3.7181e-05
3.71958e-05
3.72165e-05
3.72439e-05
3.72793e-05
3.7324e-05
3.73797e-05
3.74485e-05
3.75332e-05
3.76376e-05
3.77663e-05
3.79255e-05
3.81235e-05
3.83713e-05
3.86845e-05
3.90816e-05
3.96002e-05
4.0257e-05
4.12001e-05
4.22721e-05
4.43642e-05
4.62676e-05
3.55263e-05
3.86639e-05
4.74476e-05
5.37251e-05
4.58091e-05
7.08125e-05
7.52014e-05
7.49173e-05
7.41584e-05
7.40171e-05
7.10775e-05
6.25297e-05
5.21017e-05
4.42342e-05
3.92297e-05
3.55824e-05
3.29761e-05
3.14821e-05
3.09693e-05
3.12576e-05
3.21652e-05
3.3453e-05
3.47982e-05
3.58914e-05
3.65846e-05
3.69266e-05
3.70597e-05
3.71049e-05
3.71247e-05
3.71394e-05
3.71515e-05
3.71598e-05
3.71638e-05
3.71646e-05
3.71641e-05
3.71642e-05
3.71664e-05
3.71719e-05
3.71817e-05
3.71966e-05
3.72174e-05
3.7245e-05
3.72806e-05
3.73256e-05
3.73817e-05
3.7451e-05
3.75365e-05
3.76418e-05
3.77717e-05
3.79325e-05
3.81326e-05
3.83831e-05
3.87e-05
3.91021e-05
3.96277e-05
4.02944e-05
4.12517e-05
4.23428e-05
4.44544e-05
4.6363e-05
3.54529e-05
3.73245e-05
4.54518e-05
5.40936e-05
4.86376e-05
7.21668e-05
8.06463e-05
7.94721e-05
7.87718e-05
7.87293e-05
7.49139e-05
6.46521e-05
5.26808e-05
4.37876e-05
3.85093e-05
3.48299e-05
3.22264e-05
3.07048e-05
3.01532e-05
3.04036e-05
3.12937e-05
3.26184e-05
3.40766e-05
3.53392e-05
3.62076e-05
3.66895e-05
3.69165e-05
3.70196e-05
3.7074e-05
3.71096e-05
3.71343e-05
3.71502e-05
3.71585e-05
3.71618e-05
3.71625e-05
3.71632e-05
3.71656e-05
3.71712e-05
3.7181e-05
3.71959e-05
3.72167e-05
3.72444e-05
3.72801e-05
3.73253e-05
3.73816e-05
3.74512e-05
3.75371e-05
3.7643e-05
3.77736e-05
3.79353e-05
3.81366e-05
3.83887e-05
3.87078e-05
3.91129e-05
3.96425e-05
4.03149e-05
4.12798e-05
4.23814e-05
4.44965e-05
4.63982e-05
3.53842e-05
3.61879e-05
4.34743e-05
5.36855e-05
5.13478e-05
7.24877e-05
8.59156e-05
8.4435e-05
8.39356e-05
8.39955e-05
7.90755e-05
6.69188e-05
5.33921e-05
4.35409e-05
3.78347e-05
3.40451e-05
3.14471e-05
2.99222e-05
2.93555e-05
2.95856e-05
3.04629e-05
3.18122e-05
3.33617e-05
3.47762e-05
3.58136e-05
3.64374e-05
3.6763e-05
3.69276e-05
3.70192e-05
3.70771e-05
3.71154e-05
3.71393e-05
3.71523e-05
3.71582e-05
3.71602e-05
3.71615e-05
3.71642e-05
3.71698e-05
3.71797e-05
3.71945e-05
3.72154e-05
3.72431e-05
3.72789e-05
3.73241e-05
3.73806e-05
3.74505e-05
3.75366e-05
3.76428e-05
3.77739e-05
3.79362e-05
3.81383e-05
3.83914e-05
3.87119e-05
3.91188e-05
3.9651e-05
4.03269e-05
4.1296e-05
4.24032e-05
4.4513e-05
4.64011e-05
3.53209e-05
3.52296e-05
4.15768e-05
5.26707e-05
5.36656e-05
7.23763e-05
9.07266e-05
8.98157e-05
8.96473e-05
8.97742e-05
8.34741e-05
6.92502e-05
5.4179e-05
4.34926e-05
3.72397e-05
3.32627e-05
3.06538e-05
2.91381e-05
2.85728e-05
2.87974e-05
2.96688e-05
3.10356e-05
3.2658e-05
3.42067e-05
3.5405e-05
3.61713e-05
3.65992e-05
3.6829e-05
3.69603e-05
3.70422e-05
3.70949e-05
3.71274e-05
3.71455e-05
3.7154e-05
3.71575e-05
3.71595e-05
3.71625e-05
3.71682e-05
3.71781e-05
3.71929e-05
3.72138e-05
3.72415e-05
3.72774e-05
3.73227e-05
3.73793e-05
3.74493e-05
3.75356e-05
3.76421e-05
3.77735e-05
3.79362e-05
3.81389e-05
3.83928e-05
3.87143e-05
3.91225e-05
3.96564e-05
4.03346e-05
4.1306e-05
4.24161e-05
4.45163e-05
4.63872e-05
3.52634e-05
3.44259e-05
3.98001e-05
5.12083e-05
5.5419e-05
7.22269e-05
9.48278e-05
9.55776e-05
9.58828e-05
9.60077e-05
8.80151e-05
7.15709e-05
5.49915e-05
4.36144e-05
3.67346e-05
3.25106e-05
2.98646e-05
2.83603e-05
2.7806e-05
2.80354e-05
2.89077e-05
3.02885e-05
3.19689e-05
3.36346e-05
3.4984e-05
3.58919e-05
3.64253e-05
3.67238e-05
3.68972e-05
3.70047e-05
3.70728e-05
3.71146e-05
3.7138e-05
3.71496e-05
3.71546e-05
3.71573e-05
3.71606e-05
3.71665e-05
3.71764e-05
3.71913e-05
3.72121e-05
3.72399e-05
3.72758e-05
3.73212e-05
3.73778e-05
3.7448e-05
3.75345e-05
3.76411e-05
3.77728e-05
3.79359e-05
3.8139e-05
3.83935e-05
3.87158e-05
3.91251e-05
3.96603e-05
4.03402e-05
4.13129e-05
4.24244e-05
4.45128e-05
4.6365e-05
3.52117e-05
3.37549e-05
3.81684e-05
4.94398e-05
5.65211e-05
7.2226e-05
9.80608e-05
0.000101584
0.000102589
0.000102616
9.25982e-05
7.38124e-05
5.58674e-05
4.37966e-05
3.63087e-05
3.18059e-05
2.90963e-05
2.75982e-05
2.70583e-05
2.72984e-05
2.81768e-05
2.95702e-05
3.12969e-05
3.30634e-05
3.45533e-05
3.56004e-05
3.62417e-05
3.66119e-05
3.683e-05
3.69646e-05
3.70492e-05
3.71008e-05
3.71299e-05
3.71447e-05
3.71515e-05
3.7155e-05
3.71587e-05
3.71647e-05
3.71746e-05
3.71895e-05
3.72104e-05
3.72382e-05
3.72742e-05
3.73196e-05
3.73763e-05
3.74466e-05
3.75333e-05
3.76401e-05
3.7772e-05
3.79354e-05
3.8139e-05
3.8394e-05
3.87169e-05
3.91271e-05
3.96634e-05
4.03447e-05
4.13181e-05
4.24302e-05
4.45059e-05
4.63389e-05
3.51655e-05
3.31967e-05
3.66934e-05
4.74861e-05
5.69532e-05
7.23928e-05
0.000100386
0.000107603
0.000109664
0.000109481
9.71116e-05
7.59198e-05
5.6793e-05
4.39834e-05
3.59399e-05
3.11549e-05
2.83615e-05
2.68612e-05
2.63345e-05
2.6587e-05
2.74744e-05
2.88796e-05
3.06436e-05
3.24964e-05
3.41153e-05
3.52979e-05
3.60486e-05
3.64935e-05
3.67586e-05
3.6922e-05
3.70241e-05
3.70861e-05
3.71213e-05
3.71396e-05
3.71481e-05
3.71526e-05
3.71566e-05
3.71629e-05
3.71728e-05
3.71878e-05
3.72087e-05
3.72365e-05
3.72725e-05
3.7318e-05
3.73749e-05
3.74452e-05
3.7532e-05
3.76391e-05
3.77712e-05
3.79349e-05
3.81388e-05
3.83943e-05
3.87179e-05
3.91288e-05
3.96661e-05
4.03485e-05
4.13224e-05
4.24346e-05
4.44974e-05
4.63114e-05
3.51246e-05
3.27338e-05
3.53775e-05
4.54468e-05
5.67475e-05
7.26428e-05
0.000101852
0.00011337
0.000116912
0.000116418
0.000101416
7.78525e-05
5.77502e-05
4.41309e-05
3.56018e-05
3.05545e-05
2.76681e-05
2.61569e-05
2.56396e-05
2.59029e-05
2.67995e-05
2.82159e-05
3.00101e-05
3.19362e-05
3.36725e-05
3.49858e-05
3.58465e-05
3.63686e-05
3.66829e-05
3.68767e-05
3.69973e-05
3.70704e-05
3.71122e-05
3.71341e-05
3.71446e-05
3.715e-05
3.71546e-05
3.7161e-05
3.71711e-05
3.7186e-05
3.7207e-05
3.72349e-05
3.72709e-05
3.73165e-05
3.73734e-05
3.74439e-05
3.75308e-05
3.7638e-05
3.77704e-05
3.79343e-05
3.81386e-05
3.83946e-05
3.87187e-05
3.91304e-05
3.96686e-05
4.0352e-05
4.13262e-05
4.24381e-05
4.44883e-05
4.62839e-05
3.50884e-05
3.23513e-05
3.42166e-05
4.34011e-05
5.59717e-05
7.28433e-05
0.000102573
0.000118632
0.000124041
0.000123144
0.000105316
7.97966e-05
5.8556e-05
4.42005e-05
3.52677e-05
2.99964e-05
2.70193e-05
2.5491e-05
2.4978e-05
2.52483e-05
2.61523e-05
2.75782e-05
2.93969e-05
3.13848e-05
3.32271e-05
3.46653e-05
3.56361e-05
3.62375e-05
3.66031e-05
3.68289e-05
3.6969e-05
3.70538e-05
3.71025e-05
3.71282e-05
3.71409e-05
3.71474e-05
3.71524e-05
3.71591e-05
3.71693e-05
3.71843e-05
3.72053e-05
3.72332e-05
3.72693e-05
3.73149e-05
3.73719e-05
3.74425e-05
3.75296e-05
3.7637e-05
3.77695e-05
3.79338e-05
3.81384e-05
3.83948e-05
3.87195e-05
3.91319e-05
3.96709e-05
4.03553e-05
4.13296e-05
4.2441e-05
4.4479e-05
4.62569e-05
3.50566e-05
3.2036e-05
3.32023e-05
4.14091e-05
5.4715e-05
7.28542e-05
0.000102685
0.000123162
0.000130747
0.000129175
0.000108963
8.16101e-05
5.91516e-05
4.41625e-05
3.49147e-05
2.94693e-05
2.64144e-05
2.48667e-05
2.43531e-05
2.46254e-05
2.55331e-05
2.6966e-05
2.88043e-05
3.08441e-05
3.27812e-05
3.43379e-05
3.54177e-05
3.61001e-05
3.65192e-05
3.67784e-05
3.6939e-05
3.70362e-05
3.70922e-05
3.71221e-05
3.7137e-05
3.71446e-05
3.71502e-05
3.71571e-05
3.71674e-05
3.71825e-05
3.72036e-05
3.72316e-05
3.72677e-05
3.73134e-05
3.73705e-05
3.74412e-05
3.75284e-05
3.76359e-05
3.77687e-05
3.79332e-05
3.81382e-05
3.8395e-05
3.87202e-05
3.91333e-05
3.96731e-05
4.03584e-05
4.13327e-05
4.24436e-05
4.44697e-05
4.62308e-05
3.50287e-05
3.17769e-05
3.23237e-05
3.95147e-05
5.30764e-05
7.25535e-05
0.00010232
0.000126787
0.000136761
0.000134416
0.00011218
8.3067e-05
5.95015e-05
4.39958e-05
3.45247e-05
2.89619e-05
2.58502e-05
2.4285e-05
2.37672e-05
2.40362e-05
2.49426e-05
2.63792e-05
2.82324e-05
3.03154e-05
3.23367e-05
3.40051e-05
3.51923e-05
3.5957e-05
3.64312e-05
3.67253e-05
3.69075e-05
3.70177e-05
3.70813e-05
3.71156e-05
3.71329e-05
3.71417e-05
3.7148e-05
3.71552e-05
3.71656e-05
3.71808e-05
3.72019e-05
3.72299e-05
3.72661e-05
3.73119e-05
3.73691e-05
3.74399e-05
3.75272e-05
3.76349e-05
3.77679e-05
3.79327e-05
3.8138e-05
3.83952e-05
3.87209e-05
3.91347e-05
3.96751e-05
4.03613e-05
4.13357e-05
4.24459e-05
4.44607e-05
4.62057e-05
3.50043e-05
3.15647e-05
3.15684e-05
3.77474e-05
5.11565e-05
7.18522e-05
0.000101579
0.000129399
0.000141845
0.00013878
0.000114803
8.40855e-05
5.95797e-05
4.36863e-05
3.40848e-05
2.84643e-05
2.53221e-05
2.37455e-05
2.32212e-05
2.3482e-05
2.43817e-05
2.58175e-05
2.76812e-05
2.97998e-05
3.18955e-05
3.36681e-05
3.49604e-05
3.58082e-05
3.63392e-05
3.66696e-05
3.68743e-05
3.69982e-05
3.70699e-05
3.71088e-05
3.71286e-05
3.71388e-05
3.71457e-05
3.71532e-05
3.71638e-05
3.71791e-05
3.72002e-05
3.72283e-05
3.72646e-05
3.73104e-05
3.73677e-05
3.74386e-05
3.75261e-05
3.76339e-05
3.77671e-05
3.79321e-05
3.81377e-05
3.83953e-05
3.87216e-05
3.91359e-05
3.96771e-05
4.0364e-05
4.13384e-05
4.24479e-05
4.44519e-05
4.61817e-05
3.49829e-05
3.13914e-05
3.09235e-05
3.61252e-05
4.90506e-05
7.07009e-05
0.000100522
0.000130956
0.000145814
0.000142176
0.000116715
8.46172e-05
5.93683e-05
4.3226e-05
3.35873e-05
2.79686e-05
2.48254e-05
2.32462e-05
2.27149e-05
2.29633e-05
2.38509e-05
2.52812e-05
2.71508e-05
2.92981e-05
3.14589e-05
3.33284e-05
3.47228e-05
3.56541e-05
3.62434e-05
3.66114e-05
3.68395e-05
3.69777e-05
3.70578e-05
3.71016e-05
3.71241e-05
3.71357e-05
3.71433e-05
3.71512e-05
3.71619e-05
3.71773e-05
3.71985e-05
3.72267e-05
3.7263e-05
3.7309e-05
3.73663e-05
3.74373e-05
3.75249e-05
3.76329e-05
3.77663e-05
3.79316e-05
3.81375e-05
3.83955e-05
3.87222e-05
3.91371e-05
3.9679e-05
4.03666e-05
4.13409e-05
4.24497e-05
4.44433e-05
4.61589e-05
3.49643e-05
3.12504e-05
3.03766e-05
3.4657e-05
4.68447e-05
6.90895e-05
9.91644e-05
0.000131479
0.000148545
0.00014452
0.000117838
8.46294e-05
5.88576e-05
4.26131e-05
3.30289e-05
2.74696e-05
2.43557e-05
2.27848e-05
2.22476e-05
2.24802e-05
2.33505e-05
2.47701e-05
2.66411e-05
2.88109e-05
3.10283e-05
3.29872e-05
3.44804e-05
3.54951e-05
3.61439e-05
3.65507e-05
3.68032e-05
3.69563e-05
3.70452e-05
3.70941e-05
3.71194e-05
3.71325e-05
3.71409e-05
3.71491e-05
3.71601e-05
3.71756e-05
3.71969e-05
3.72251e-05
3.72615e-05
3.73075e-05
3.7365e-05
3.74361e-05
3.75238e-05
3.7632e-05
3.77655e-05
3.7931e-05
3.81372e-05
3.83956e-05
3.87227e-05
3.91383e-05
3.96808e-05
4.03691e-05
4.13433e-05
4.24513e-05
4.44351e-05
4.61371e-05
3.49481e-05
3.11362e-05
2.99155e-05
3.33441e-05
4.46128e-05
6.7043e-05
9.74914e-05
0.000131037
0.000149985
0.000145753
0.000118124
8.41041e-05
5.80464e-05
4.18509e-05
3.24105e-05
2.69645e-05
2.39093e-05
2.23585e-05
2.18176e-05
2.20323e-05
2.28807e-05
2.42844e-05
2.6152e-05
2.83386e-05
3.06049e-05
3.26457e-05
3.42338e-05
3.53316e-05
3.60409e-05
3.64876e-05
3.67654e-05
3.69339e-05
3.70321e-05
3.70863e-05
3.71145e-05
3.71292e-05
3.71384e-05
3.71471e-05
3.71582e-05
3.71738e-05
3.71952e-05
3.72235e-05
3.726e-05
3.73061e-05
3.73636e-05
3.74349e-05
3.75227e-05
3.7631e-05
3.77648e-05
3.79305e-05
3.8137e-05
3.83957e-05
3.87233e-05
3.91393e-05
3.96825e-05
4.03714e-05
4.13455e-05
4.24527e-05
4.44272e-05
4.61165e-05
3.49339e-05
3.1044e-05
2.95292e-05
3.21829e-05
4.24162e-05
6.46144e-05
9.54674e-05
0.000129725
0.000150146
0.000145856
0.000117559
8.30387e-05
5.69417e-05
4.09476e-05
3.17362e-05
2.64528e-05
2.34834e-05
2.19645e-05
2.14231e-05
2.16184e-05
2.24411e-05
2.38241e-05
2.56836e-05
2.78815e-05
3.01895e-05
3.23052e-05
3.3984e-05
3.5164e-05
3.59344e-05
3.64222e-05
3.6726e-05
3.69106e-05
3.70184e-05
3.70781e-05
3.71095e-05
3.71258e-05
3.71359e-05
3.7145e-05
3.71564e-05
3.71721e-05
3.71936e-05
3.7222e-05
3.72586e-05
3.73047e-05
3.73623e-05
3.74337e-05
3.75217e-05
3.76301e-05
3.7764e-05
3.793e-05
3.81367e-05
3.83957e-05
3.87238e-05
3.91404e-05
3.96841e-05
4.03736e-05
4.13476e-05
4.24539e-05
4.44195e-05
4.60969e-05
3.49215e-05
3.09701e-05
2.92074e-05
3.11657e-05
4.03031e-05
6.18764e-05
9.3053e-05
0.000127647
0.000149098
0.000144854
0.000116152
8.14449e-05
5.55585e-05
3.99159e-05
3.10131e-05
2.5936e-05
2.30763e-05
2.16003e-05
2.10618e-05
2.12374e-05
2.20312e-05
2.3389e-05
2.52356e-05
2.744e-05
2.9783e-05
3.19665e-05
3.37317e-05
3.49926e-05
3.58248e-05
3.63545e-05
3.66851e-05
3.68864e-05
3.70041e-05
3.70696e-05
3.71042e-05
3.71223e-05
3.71333e-05
3.71429e-05
3.71545e-05
3.71704e-05
3.7192e-05
3.72205e-05
3.72571e-05
3.73034e-05
3.73611e-05
3.74325e-05
3.75206e-05
3.76292e-05
3.77633e-05
3.79294e-05
3.81364e-05
3.83958e-05
3.87242e-05
3.91413e-05
3.96856e-05
4.03757e-05
4.13495e-05
4.2455e-05
4.44122e-05
4.60785e-05
3.49107e-05
3.0911e-05
2.89411e-05
3.02827e-05
3.83091e-05
5.8913e-05
9.02185e-05
0.0001249
0.000146955
0.000142812
0.000113939
7.9348e-05
5.39194e-05
3.87723e-05
3.02502e-05
2.54168e-05
2.26869e-05
2.12637e-05
2.07316e-05
2.08875e-05
2.16503e-05
2.29788e-05
2.48081e-05
2.7014e-05
2.93859e-05
3.16307e-05
3.34776e-05
3.4818e-05
3.57123e-05
3.62847e-05
3.66429e-05
3.68613e-05
3.69893e-05
3.70608e-05
3.70988e-05
3.71188e-05
3.71307e-05
3.71407e-05
3.71527e-05
3.71687e-05
3.71904e-05
3.7219e-05
3.72557e-05
3.7302e-05
3.73598e-05
3.74314e-05
3.75196e-05
3.76283e-05
3.77626e-05
3.79289e-05
3.81362e-05
3.83958e-05
3.87247e-05
3.91422e-05
3.9687e-05
4.03777e-05
4.13513e-05
4.2456e-05
4.44053e-05
4.60611e-05
3.49013e-05
3.08643e-05
2.87221e-05
2.95225e-05
3.64591e-05
5.58122e-05
8.69542e-05
0.000121557
0.000143851
0.00013982
0.000110968
7.67844e-05
5.20534e-05
3.75362e-05
2.94584e-05
2.48991e-05
2.2315e-05
2.09524e-05
2.04303e-05
2.05672e-05
2.12973e-05
2.25931e-05
2.44008e-05
2.66037e-05
2.89989e-05
3.12986e-05
3.32226e-05
3.46406e-05
3.5597e-05
3.62128e-05
3.65993e-05
3.68353e-05
3.6974e-05
3.70518e-05
3.70933e-05
3.71151e-05
3.7128e-05
3.71386e-05
3.71508e-05
3.7167e-05
3.71888e-05
3.72175e-05
3.72543e-05
3.73007e-05
3.73586e-05
3.74303e-05
3.75186e-05
3.76275e-05
3.77619e-05
3.79284e-05
3.81359e-05
3.83959e-05
3.87251e-05
3.91431e-05
3.96883e-05
4.03795e-05
4.13529e-05
4.24568e-05
4.43986e-05
4.60447e-05
3.4893e-05
3.08275e-05
2.85432e-05
2.88731e-05
3.47679e-05
5.26589e-05
8.32769e-05
0.000117667
0.000139923
0.000135977
0.000107298
7.37994e-05
4.99954e-05
3.62297e-05
2.86494e-05
2.43875e-05
2.19607e-05
2.06649e-05
2.01557e-05
2.02745e-05
2.0971e-05
2.22313e-05
2.40135e-05
2.6209e-05
2.86223e-05
3.09709e-05
3.29672e-05
3.44608e-05
3.54792e-05
3.61389e-05
3.65543e-05
3.68085e-05
3.69582e-05
3.70424e-05
3.70875e-05
3.71114e-05
3.71253e-05
3.71365e-05
3.7149e-05
3.71654e-05
3.71873e-05
3.7216e-05
3.72529e-05
3.72995e-05
3.73575e-05
3.74292e-05
3.75176e-05
3.76266e-05
3.77612e-05
3.79279e-05
3.81356e-05
3.83959e-05
3.87254e-05
3.91438e-05
3.96895e-05
4.03812e-05
4.13544e-05
4.24576e-05
4.43923e-05
4.60294e-05
3.48858e-05
3.07988e-05
2.83982e-05
2.83226e-05
3.32424e-05
4.95309e-05
7.92314e-05
0.000113258
0.000135285
0.000131373
0.000102987
7.04463e-05
4.77847e-05
3.48764e-05
2.78354e-05
2.38868e-05
2.16245e-05
2.03997e-05
1.99059e-05
2.00078e-05
2.06702e-05
2.18927e-05
2.36458e-05
2.58299e-05
2.82565e-05
3.06483e-05
3.27123e-05
3.42791e-05
3.53591e-05
3.60633e-05
3.65082e-05
3.6781e-05
3.6942e-05
3.70328e-05
3.70816e-05
3.71075e-05
3.71226e-05
3.71343e-05
3.71471e-05
3.71637e-05
3.71857e-05
3.72146e-05
3.72516e-05
3.72982e-05
3.73563e-05
3.74281e-05
3.75167e-05
3.76258e-05
3.77605e-05
3.79274e-05
3.81354e-05
3.83959e-05
3.87257e-05
3.91446e-05
3.96907e-05
4.03828e-05
4.13558e-05
4.24582e-05
4.43863e-05
4.60151e-05
3.48795e-05
3.07768e-05
2.82817e-05
2.78592e-05
3.18829e-05
4.6495e-05
7.4888e-05
0.000108351
0.000130022
0.000126073
9.80911e-05
6.67855e-05
4.54646e-05
3.35008e-05
2.70286e-05
2.34017e-05
2.1307e-05
2.01555e-05
1.9679e-05
1.97652e-05
2.03935e-05
2.15766e-05
2.32975e-05
2.54663e-05
2.79016e-05
3.03315e-05
3.24584e-05
3.40959e-05
3.5237e-05
3.5986e-05
3.64608e-05
3.67526e-05
3.69253e-05
3.70229e-05
3.70756e-05
3.71036e-05
3.71198e-05
3.71322e-05
3.71453e-05
3.71621e-05
3.71842e-05
3.72132e-05
3.72503e-05
3.7297e-05
3.73552e-05
3.74271e-05
3.75158e-05
3.7625e-05
3.77599e-05
3.7927e-05
3.81351e-05
3.83959e-05
3.8726e-05
3.91452e-05
3.96917e-05
4.03842e-05
4.1357e-05
4.24587e-05
4.43807e-05
4.60018e-05
3.4874e-05
3.07601e-05
2.81889e-05
2.74722e-05
3.06846e-05
4.36058e-05
7.03364e-05
0.000102966
0.000124182
0.000120117
9.26714e-05
6.28856e-05
4.30809e-05
3.21274e-05
2.62406e-05
2.29366e-05
2.1009e-05
1.99312e-05
1.94732e-05
1.9545e-05
2.01395e-05
2.12819e-05
2.2968e-05
2.5118e-05
2.75579e-05
3.00208e-05
3.22062e-05
3.39117e-05
3.51132e-05
3.59072e-05
3.64124e-05
3.67236e-05
3.69081e-05
3.70127e-05
3.70695e-05
3.70997e-05
3.7117e-05
3.713e-05
3.71435e-05
3.71605e-05
3.71828e-05
3.72119e-05
3.7249e-05
3.72959e-05
3.73541e-05
3.74261e-05
3.75149e-05
3.76243e-05
3.77593e-05
3.79265e-05
3.81348e-05
3.83958e-05
3.87263e-05
3.91458e-05
3.96927e-05
4.03856e-05
4.13582e-05
4.24592e-05
4.43754e-05
4.59895e-05
3.48692e-05
3.07476e-05
2.81158e-05
2.71513e-05
2.96393e-05
4.09043e-05
6.56785e-05
9.71464e-05
0.000117786
0.000113526
8.67982e-05
5.88235e-05
4.06812e-05
3.07798e-05
2.54817e-05
2.24955e-05
2.07309e-05
1.97258e-05
1.92871e-05
1.93456e-05
1.9907e-05
2.10079e-05
2.26568e-05
2.47849e-05
2.72254e-05
2.97167e-05
3.19561e-05
3.3727e-05
3.49879e-05
3.58269e-05
3.63629e-05
3.66939e-05
3.68906e-05
3.70024e-05
3.70632e-05
3.70956e-05
3.71142e-05
3.71278e-05
3.71417e-05
3.71589e-05
3.71813e-05
3.72105e-05
3.72478e-05
3.72947e-05
3.73531e-05
3.74252e-05
3.75141e-05
3.76235e-05
3.77587e-05
3.79261e-05
3.81346e-05
3.83958e-05
3.87265e-05
3.91464e-05
3.96936e-05
4.03868e-05
4.13592e-05
4.24596e-05
4.43704e-05
4.59782e-05
3.4865e-05
3.07386e-05
2.80589e-05
2.68875e-05
2.8736e-05
3.84187e-05
6.10193e-05
9.09583e-05
0.000110852
0.000106326
8.05633e-05
5.46843e-05
3.83129e-05
2.94797e-05
2.47612e-05
2.20815e-05
2.04732e-05
1.95385e-05
1.91192e-05
1.91654e-05
1.96944e-05
2.07535e-05
2.23635e-05
2.44667e-05
2.69042e-05
2.94195e-05
3.17087e-05
3.35421e-05
3.48614e-05
3.57455e-05
3.63125e-05
3.66636e-05
3.68727e-05
3.69918e-05
3.70568e-05
3.70916e-05
3.71114e-05
3.71257e-05
3.71399e-05
3.71573e-05
3.71799e-05
3.72092e-05
3.72466e-05
3.72936e-05
3.73521e-05
3.74243e-05
3.75133e-05
3.76228e-05
3.77581e-05
3.79256e-05
3.81343e-05
3.83957e-05
3.87267e-05
3.91469e-05
3.96944e-05
4.0388e-05
4.13601e-05
4.24599e-05
4.43658e-05
4.59679e-05
3.48612e-05
3.07324e-05
2.80153e-05
2.66723e-05
2.79626e-05
3.61657e-05
5.64596e-05
8.45008e-05
0.000103417
9.85691e-05
7.40876e-05
5.056e-05
3.60216e-05
2.82464e-05
2.40863e-05
2.16969e-05
2.02362e-05
1.93685e-05
1.89682e-05
1.90029e-05
1.95004e-05
2.05177e-05
2.20873e-05
2.4163e-05
2.65943e-05
2.91297e-05
3.14645e-05
3.33575e-05
3.4734e-05
3.56629e-05
3.62613e-05
3.66327e-05
3.68544e-05
3.6981e-05
3.70503e-05
3.70875e-05
3.71086e-05
3.71236e-05
3.71382e-05
3.71558e-05
3.71786e-05
3.7208e-05
3.72455e-05
3.72926e-05
3.73511e-05
3.74234e-05
3.75125e-05
3.76222e-05
3.77575e-05
3.79252e-05
3.8134e-05
3.83957e-05
3.87269e-05
3.91473e-05
3.96952e-05
4.0389e-05
4.13609e-05
4.24602e-05
4.43615e-05
4.59586e-05
3.4858e-05
3.07282e-05
2.79826e-05
2.64983e-05
2.73062e-05
3.41512e-05
5.20891e-05
7.79e-05
9.55576e-05
9.0367e-05
6.75234e-05
4.65449e-05
3.38484e-05
2.70956e-05
2.34626e-05
2.13436e-05
2.00198e-05
1.92149e-05
1.88328e-05
1.88567e-05
1.93236e-05
2.02994e-05
2.18276e-05
2.38736e-05
2.62956e-05
2.88473e-05
3.12238e-05
3.31735e-05
3.46059e-05
3.55794e-05
3.62093e-05
3.66014e-05
3.68358e-05
3.697e-05
3.70437e-05
3.70833e-05
3.71058e-05
3.71214e-05
3.71364e-05
3.71543e-05
3.71772e-05
3.72068e-05
3.72444e-05
3.72915e-05
3.73502e-05
3.74226e-05
3.75117e-05
3.76215e-05
3.7757e-05
3.79248e-05
3.81338e-05
3.83956e-05
3.8727e-05
3.91477e-05
3.96958e-05
4.03899e-05
4.13617e-05
4.24604e-05
4.43576e-05
4.59502e-05
3.48552e-05
3.07259e-05
2.79587e-05
2.63591e-05
2.67539e-05
3.23728e-05
4.79814e-05
7.13002e-05
8.74034e-05
8.18996e-05
6.10484e-05
4.27293e-05
3.18281e-05
2.60391e-05
2.28938e-05
2.10221e-05
1.98237e-05
1.90768e-05
1.87118e-05
1.87255e-05
1.91629e-05
2.00977e-05
2.15837e-05
2.35982e-05
2.60081e-05
2.85726e-05
3.0987e-05
3.29906e-05
3.44774e-05
3.54952e-05
3.61566e-05
3.65695e-05
3.6817e-05
3.69589e-05
3.70371e-05
3.70791e-05
3.71029e-05
3.71193e-05
3.71347e-05
3.71528e-05
3.71759e-05
3.72056e-05
3.72433e-05
3.72906e-05
3.73493e-05
3.74218e-05
3.7511e-05
3.76209e-05
3.77565e-05
3.79244e-05
3.81335e-05
3.83955e-05
3.87271e-05
3.9148e-05
3.96964e-05
4.03907e-05
4.13623e-05
4.24606e-05
4.4354e-05
4.59428e-05
3.48527e-05
3.07248e-05
2.79418e-05
2.6249e-05
2.6293e-05
3.08215e-05
4.41921e-05
6.48518e-05
7.9138e-05
7.34133e-05
5.48483e-05
3.91917e-05
2.99868e-05
2.50845e-05
2.23813e-05
2.07327e-05
1.96475e-05
1.89535e-05
1.86042e-05
1.8608e-05
1.90169e-05
1.99114e-05
2.1355e-05
2.33362e-05
2.57315e-05
2.83057e-05
3.07545e-05
3.28091e-05
3.43487e-05
3.54104e-05
3.61034e-05
3.65373e-05
3.67979e-05
3.69477e-05
3.70303e-05
3.70749e-05
3.71001e-05
3.71173e-05
3.71331e-05
3.71514e-05
3.71747e-05
3.72045e-05
3.72423e-05
3.72896e-05
3.73484e-05
3.7421e-05
3.75103e-05
3.76203e-05
3.7756e-05
3.7924e-05
3.81333e-05
3.83954e-05
3.87272e-05
3.91483e-05
3.96969e-05
4.03914e-05
4.13628e-05
4.24608e-05
4.43508e-05
4.59364e-05
3.48505e-05
3.07248e-05
2.79305e-05
2.61629e-05
2.59119e-05
2.94832e-05
4.07572e-05
5.86967e-05
7.09835e-05
6.51931e-05
4.90941e-05
3.59922e-05
2.83408e-05
2.4235e-05
2.19253e-05
2.04745e-05
1.94903e-05
1.8844e-05
1.85087e-05
1.8503e-05
1.88846e-05
1.97396e-05
2.11406e-05
2.30874e-05
2.54659e-05
2.80467e-05
3.05266e-05
3.26293e-05
3.42202e-05
3.53251e-05
3.60497e-05
3.65047e-05
3.67786e-05
3.69363e-05
3.70236e-05
3.70707e-05
3.70973e-05
3.71152e-05
3.71314e-05
3.715e-05
3.71734e-05
3.72034e-05
3.72413e-05
3.72887e-05
3.73476e-05
3.74203e-05
3.75097e-05
3.76198e-05
3.77555e-05
3.79236e-05
3.8133e-05
3.83952e-05
3.87272e-05
3.91485e-05
3.96973e-05
4.0392e-05
4.13633e-05
4.24609e-05
4.43479e-05
4.59309e-05
3.48486e-05
3.07255e-05
2.79236e-05
2.60967e-05
2.55995e-05
2.8341e-05
3.76949e-05
5.2957e-05
6.31753e-05
5.75176e-05
4.39184e-05
3.31666e-05
2.68962e-05
2.34897e-05
2.15241e-05
2.02464e-05
1.93513e-05
1.87474e-05
1.84245e-05
1.84094e-05
1.87647e-05
1.95813e-05
2.09399e-05
2.28512e-05
2.52109e-05
2.77956e-05
3.03035e-05
3.24515e-05
3.40921e-05
3.52396e-05
3.59956e-05
3.64718e-05
3.67591e-05
3.69249e-05
3.70168e-05
3.70665e-05
3.70945e-05
3.71132e-05
3.71299e-05
3.71487e-05
3.71723e-05
3.72023e-05
3.72403e-05
3.72879e-05
3.73469e-05
3.74196e-05
3.75091e-05
3.76192e-05
3.77551e-05
3.79233e-05
3.81328e-05
3.83951e-05
3.87272e-05
3.91487e-05
3.96976e-05
4.03925e-05
4.13637e-05
4.2461e-05
4.43454e-05
4.59264e-05
3.48469e-05
3.07269e-05
2.79202e-05
2.60467e-05
2.53458e-05
2.73759e-05
3.50071e-05
4.77252e-05
5.59305e-05
5.06103e-05
3.93995e-05
3.07261e-05
2.56497e-05
2.28447e-05
2.11748e-05
2.00467e-05
1.92291e-05
1.86626e-05
1.83504e-05
1.83261e-05
1.86561e-05
1.94355e-05
2.07522e-05
2.26272e-05
2.49664e-05
2.75526e-05
3.00854e-05
3.2276e-05
3.39645e-05
3.51539e-05
3.59413e-05
3.64387e-05
3.67395e-05
3.69134e-05
3.701e-05
3.70623e-05
3.70917e-05
3.71112e-05
3.71283e-05
3.71474e-05
3.71711e-05
3.72013e-05
3.72394e-05
3.72871e-05
3.73461e-05
3.7419e-05
3.75085e-05
3.76187e-05
3.77547e-05
3.7923e-05
3.81325e-05
3.8395e-05
3.87272e-05
3.91488e-05
3.96979e-05
4.03928e-05
4.13639e-05
4.24611e-05
4.43432e-05
4.59228e-05
3.48454e-05
3.07287e-05
2.79196e-05
2.60098e-05
2.51418e-05
2.65686e-05
3.26824e-05
4.30604e-05
4.94188e-05
4.4606e-05
3.55576e-05
2.86593e-05
2.45904e-05
2.22931e-05
2.08737e-05
1.98731e-05
1.91226e-05
1.85886e-05
1.82855e-05
1.82522e-05
1.8558e-05
1.93014e-05
2.05767e-05
2.2415e-05
2.47321e-05
2.73175e-05
2.98725e-05
3.21032e-05
3.38378e-05
3.50684e-05
3.58868e-05
3.64055e-05
3.67197e-05
3.69019e-05
3.70031e-05
3.70581e-05
3.7089e-05
3.71093e-05
3.71268e-05
3.71462e-05
3.71701e-05
3.72004e-05
3.72386e-05
3.72863e-05
3.73455e-05
3.74184e-05
3.7508e-05
3.76183e-05
3.77543e-05
3.79226e-05
3.81323e-05
3.83948e-05
3.87271e-05
3.91489e-05
3.9698e-05
4.03931e-05
4.13641e-05
4.24611e-05
4.43413e-05
4.59201e-05
3.48442e-05
3.07309e-05
2.7921e-05
2.59834e-05
2.49796e-05
2.58997e-05
3.06998e-05
3.8988e-05
4.37432e-05
3.95426e-05
3.23638e-05
2.69381e-05
2.37022e-05
2.18266e-05
2.06163e-05
1.97234e-05
1.90302e-05
1.85243e-05
1.82288e-05
1.81867e-05
1.84694e-05
1.9178e-05
2.04127e-05
2.22141e-05
2.45079e-05
2.70904e-05
2.9665e-05
3.19332e-05
3.37123e-05
3.49831e-05
3.58323e-05
3.63721e-05
3.67e-05
3.68903e-05
3.69963e-05
3.7054e-05
3.70863e-05
3.71074e-05
3.71253e-05
3.7145e-05
3.7169e-05
3.71995e-05
3.72378e-05
3.72856e-05
3.73448e-05
3.74178e-05
3.75075e-05
3.76179e-05
3.77539e-05
3.79223e-05
3.8132e-05
3.83947e-05
3.8727e-05
3.91489e-05
3.96981e-05
4.03933e-05
4.13643e-05
4.24612e-05
4.43398e-05
4.59184e-05
3.48431e-05
3.07333e-05
2.79239e-05
2.59655e-05
2.48521e-05
2.53511e-05
2.90312e-05
3.55033e-05
3.89343e-05
3.53781e-05
2.97562e-05
2.55246e-05
2.29664e-05
2.14359e-05
2.03982e-05
1.95951e-05
1.89506e-05
1.84687e-05
1.81795e-05
1.81287e-05
1.83894e-05
1.90646e-05
2.02596e-05
2.20239e-05
2.42934e-05
2.68712e-05
2.9463e-05
3.17663e-05
3.3588e-05
3.48981e-05
3.57778e-05
3.63388e-05
3.66802e-05
3.68788e-05
3.69896e-05
3.70499e-05
3.70837e-05
3.71055e-05
3.71239e-05
3.71438e-05
3.71681e-05
3.71986e-05
3.7237e-05
3.72849e-05
3.73442e-05
3.74173e-05
3.75071e-05
3.76175e-05
3.77536e-05
3.79221e-05
3.81318e-05
3.83945e-05
3.87269e-05
3.91488e-05
3.96981e-05
4.03934e-05
4.13643e-05
4.24612e-05
4.43387e-05
4.59174e-05
3.48421e-05
3.07358e-05
2.79281e-05
2.59543e-05
2.47532e-05
2.49055e-05
2.76447e-05
3.25777e-05
3.49606e-05
3.20195e-05
2.76568e-05
2.43775e-05
2.23632e-05
2.11116e-05
2.02145e-05
1.94857e-05
1.88822e-05
1.84209e-05
1.81367e-05
1.80775e-05
1.83172e-05
1.89603e-05
2.01167e-05
2.18441e-05
2.40884e-05
2.66598e-05
2.92666e-05
3.16027e-05
3.34652e-05
3.48137e-05
3.57235e-05
3.63055e-05
3.66604e-05
3.68672e-05
3.69828e-05
3.70458e-05
3.70811e-05
3.71037e-05
3.71226e-05
3.71427e-05
3.71672e-05
3.71978e-05
3.72363e-05
3.72843e-05
3.73437e-05
3.74168e-05
3.75066e-05
3.76171e-05
3.77533e-05
3.79218e-05
3.81316e-05
3.83943e-05
3.87268e-05
3.91487e-05
3.96981e-05
4.03934e-05
4.13643e-05
4.24611e-05
4.43381e-05
4.5917e-05
3.48412e-05
3.07384e-05
2.79331e-05
2.59483e-05
2.46778e-05
2.45474e-05
2.6507e-05
3.01649e-05
3.17461e-05
2.93513e-05
2.59858e-05
2.34565e-05
2.18738e-05
2.08447e-05
2.00607e-05
1.93929e-05
1.88238e-05
1.83799e-05
1.80996e-05
1.80323e-05
1.82521e-05
1.88645e-05
1.99833e-05
2.16742e-05
2.38926e-05
2.64562e-05
2.90759e-05
3.14425e-05
3.33442e-05
3.47301e-05
3.56695e-05
3.62723e-05
3.66407e-05
3.68558e-05
3.69762e-05
3.70418e-05
3.70786e-05
3.7102e-05
3.71213e-05
3.71417e-05
3.71663e-05
3.71971e-05
3.72357e-05
3.72838e-05
3.73432e-05
3.74164e-05
3.75063e-05
3.76168e-05
3.7753e-05
3.79215e-05
3.81314e-05
3.83941e-05
3.87266e-05
3.91486e-05
3.96979e-05
4.03932e-05
4.13641e-05
4.2461e-05
4.4338e-05
4.59169e-05
3.48405e-05
3.0741e-05
2.79387e-05
2.59464e-05
2.46214e-05
2.42628e-05
2.55848e-05
2.82082e-05
2.91913e-05
2.72569e-05
2.4669e-05
2.27247e-05
2.14806e-05
2.06266e-05
1.99325e-05
1.93143e-05
1.87739e-05
1.83448e-05
1.80676e-05
1.79924e-05
1.81933e-05
1.87765e-05
1.98589e-05
2.15137e-05
2.37057e-05
2.62602e-05
2.88909e-05
3.1286e-05
3.32251e-05
3.46473e-05
3.56158e-05
3.62392e-05
3.66212e-05
3.68444e-05
3.69696e-05
3.70379e-05
3.70761e-05
3.71003e-05
3.71201e-05
3.71407e-05
3.71655e-05
3.71964e-05
3.72351e-05
3.72833e-05
3.73428e-05
3.7416e-05
3.7506e-05
3.76165e-05
3.77527e-05
3.79213e-05
3.81312e-05
3.83939e-05
3.87264e-05
3.91484e-05
3.96977e-05
4.0393e-05
4.1364e-05
4.24609e-05
4.43384e-05
4.59171e-05
3.48398e-05
3.07436e-05
2.79447e-05
2.59476e-05
2.45804e-05
2.40393e-05
2.48467e-05
2.66465e-05
2.71908e-05
2.56298e-05
2.36417e-05
2.21495e-05
2.11675e-05
2.04493e-05
1.9826e-05
1.92478e-05
1.87313e-05
1.83147e-05
1.804e-05
1.79572e-05
1.81404e-05
1.86956e-05
1.97429e-05
2.13621e-05
2.35274e-05
2.60718e-05
2.87118e-05
3.11333e-05
3.31081e-05
3.45655e-05
3.55627e-05
3.62065e-05
3.66018e-05
3.68332e-05
3.69631e-05
3.70341e-05
3.70737e-05
3.70987e-05
3.71189e-05
3.71398e-05
3.71647e-05
3.71958e-05
3.72346e-05
3.72828e-05
3.73424e-05
3.74157e-05
3.75057e-05
3.76163e-05
3.77525e-05
3.79211e-05
3.8131e-05
3.83937e-05
3.87262e-05
3.91481e-05
3.96975e-05
4.03927e-05
4.13637e-05
4.24606e-05
4.43393e-05
4.59179e-05
3.48392e-05
3.07462e-05
2.79509e-05
2.59513e-05
2.45517e-05
2.38661e-05
2.42633e-05
2.54189e-05
2.56446e-05
2.43785e-05
2.28489e-05
2.17023e-05
2.09204e-05
2.0306e-05
1.97375e-05
1.91916e-05
1.8695e-05
1.82891e-05
1.80162e-05
1.79262e-05
1.80925e-05
1.86213e-05
1.96347e-05
2.1219e-05
2.33576e-05
2.58907e-05
2.85385e-05
3.09845e-05
3.29933e-05
3.44849e-05
3.55101e-05
3.6174e-05
3.65825e-05
3.68221e-05
3.69567e-05
3.70303e-05
3.70714e-05
3.70972e-05
3.71178e-05
3.7139e-05
3.71641e-05
3.71952e-05
3.72341e-05
3.72824e-05
3.73421e-05
3.74154e-05
3.75054e-05
3.7616e-05
3.77523e-05
3.79209e-05
3.81308e-05
3.83935e-05
3.8726e-05
3.91478e-05
3.96971e-05
4.03923e-05
4.13634e-05
4.24604e-05
4.43406e-05
4.59195e-05
3.48387e-05
3.07488e-05
2.79571e-05
2.59567e-05
2.45327e-05
2.37339e-05
2.38085e-05
2.44681e-05
2.44642e-05
2.34267e-05
2.22443e-05
2.13588e-05
2.07269e-05
2.01903e-05
1.9664e-05
1.91439e-05
1.8664e-05
1.82671e-05
1.79956e-05
1.78989e-05
1.80494e-05
1.8553e-05
1.95338e-05
2.10841e-05
2.31958e-05
2.5717e-05
2.8371e-05
3.08398e-05
3.2881e-05
3.44056e-05
3.54582e-05
3.6142e-05
3.65636e-05
3.68112e-05
3.69504e-05
3.70267e-05
3.70692e-05
3.70957e-05
3.71168e-05
3.71382e-05
3.71635e-05
3.71947e-05
3.72337e-05
3.72821e-05
3.73418e-05
3.74152e-05
3.75052e-05
3.76159e-05
3.77522e-05
3.79208e-05
3.81306e-05
3.83933e-05
3.87257e-05
3.91475e-05
3.96967e-05
4.03918e-05
4.13629e-05
4.24602e-05
4.43423e-05
4.5922e-05
3.48383e-05
3.07512e-05
2.79634e-05
2.59634e-05
2.45214e-05
2.36349e-05
2.34589e-05
2.37425e-05
2.35742e-05
2.27117e-05
2.17895e-05
2.10979e-05
2.05762e-05
2.00969e-05
1.96027e-05
1.91033e-05
1.86373e-05
1.82483e-05
1.79779e-05
1.78748e-05
1.80104e-05
1.84901e-05
1.94397e-05
2.09568e-05
2.30418e-05
2.55503e-05
2.82094e-05
3.06993e-05
3.27712e-05
3.43278e-05
3.54071e-05
3.61104e-05
3.65449e-05
3.68004e-05
3.69443e-05
3.70232e-05
3.70671e-05
3.70944e-05
3.71158e-05
3.71375e-05
3.71629e-05
3.71943e-05
3.72334e-05
3.72818e-05
3.73416e-05
3.7415e-05
3.75051e-05
3.76157e-05
3.7752e-05
3.79206e-05
3.81304e-05
3.83931e-05
3.87254e-05
3.91471e-05
3.96961e-05
4.03911e-05
4.13624e-05
4.24599e-05
4.43443e-05
4.59254e-05
3.48379e-05
3.07536e-05
2.79696e-05
2.5971e-05
2.45161e-05
2.35624e-05
2.31945e-05
2.31971e-05
2.29123e-05
2.21821e-05
2.14525e-05
2.09021e-05
2.04595e-05
2.00214e-05
1.95513e-05
1.90685e-05
1.86144e-05
1.82321e-05
1.79627e-05
1.78535e-05
1.79752e-05
1.84323e-05
1.93519e-05
2.08368e-05
2.28953e-05
2.53907e-05
2.80535e-05
3.0563e-05
3.26642e-05
3.42515e-05
3.53568e-05
3.60793e-05
3.65265e-05
3.67899e-05
3.69384e-05
3.70198e-05
3.7065e-05
3.70931e-05
3.7115e-05
3.71369e-05
3.71624e-05
3.71939e-05
3.72331e-05
3.72816e-05
3.73414e-05
3.74149e-05
3.7505e-05
3.76156e-05
3.77519e-05
3.79205e-05
3.81303e-05
3.83928e-05
3.8725e-05
3.91466e-05
3.96956e-05
4.03904e-05
4.13619e-05
4.24596e-05
4.43467e-05
4.59298e-05
3.48376e-05
3.07558e-05
2.79756e-05
2.59791e-05
2.45153e-05
2.3511e-05
2.2998e-05
2.27938e-05
2.24273e-05
2.17962e-05
2.12065e-05
2.07566e-05
2.0369e-05
1.99598e-05
1.95077e-05
1.90385e-05
1.85944e-05
1.82181e-05
1.79494e-05
1.78347e-05
1.79433e-05
1.83791e-05
1.92701e-05
2.07238e-05
2.2756e-05
2.52378e-05
2.79035e-05
3.04311e-05
3.25601e-05
3.41769e-05
3.53076e-05
3.60488e-05
3.65085e-05
3.67797e-05
3.69326e-05
3.70165e-05
3.70631e-05
3.70919e-05
3.71142e-05
3.71363e-05
3.7162e-05
3.71936e-05
3.72328e-05
3.72814e-05
3.73413e-05
3.74148e-05
3.75049e-05
3.76156e-05
3.77519e-05
3.79204e-05
3.81301e-05
3.83926e-05
3.87247e-05
3.91461e-05
3.96949e-05
4.03896e-05
4.13612e-05
4.24593e-05
4.43494e-05
4.59351e-05
3.48373e-05
3.0758e-05
2.79814e-05
2.59876e-05
2.4518e-05
2.34761e-05
2.2855e-05
2.25008e-05
2.2078e-05
2.15201e-05
2.10301e-05
2.06494e-05
2.02987e-05
1.99092e-05
1.94705e-05
1.90122e-05
1.8577e-05
1.8206e-05
1.79379e-05
1.7818e-05
1.79144e-05
1.833e-05
1.91938e-05
2.06172e-05
2.26237e-05
2.50917e-05
2.77593e-05
3.03035e-05
3.24589e-05
3.41042e-05
3.52595e-05
3.6019e-05
3.6491e-05
3.67697e-05
3.69271e-05
3.70134e-05
3.70613e-05
3.70908e-05
3.71135e-05
3.71358e-05
3.71617e-05
3.71934e-05
3.72327e-05
3.72813e-05
3.73412e-05
3.74147e-05
3.75049e-05
3.76156e-05
3.77518e-05
3.79203e-05
3.81299e-05
3.83923e-05
3.87243e-05
3.91456e-05
3.96942e-05
4.03887e-05
4.13605e-05
4.24589e-05
4.43524e-05
4.59413e-05
3.4837e-05
3.076e-05
2.7987e-05
2.59962e-05
2.45233e-05
2.3454e-05
2.27536e-05
2.22922e-05
2.18314e-05
2.13265e-05
2.09057e-05
2.05709e-05
2.02436e-05
1.9867e-05
1.94383e-05
1.89892e-05
1.85615e-05
1.81954e-05
1.79279e-05
1.78032e-05
1.78882e-05
1.82848e-05
1.91226e-05
2.05169e-05
2.24981e-05
2.4952e-05
2.76207e-05
3.01805e-05
3.23608e-05
3.40334e-05
3.52125e-05
3.59899e-05
3.64739e-05
3.676e-05
3.69217e-05
3.70104e-05
3.70597e-05
3.70899e-05
3.71129e-05
3.71354e-05
3.71614e-05
3.71932e-05
3.72326e-05
3.72813e-05
3.73412e-05
3.74148e-05
3.75049e-05
3.76156e-05
3.77518e-05
3.79203e-05
3.81298e-05
3.83921e-05
3.87239e-05
3.9145e-05
3.96933e-05
4.03877e-05
4.13596e-05
4.24586e-05
4.43558e-05
4.59486e-05
3.48368e-05
3.07619e-05
2.79924e-05
2.60047e-05
2.45303e-05
2.34416e-05
2.26841e-05
2.21473e-05
2.16613e-05
2.11941e-05
2.08196e-05
2.05134e-05
2.01998e-05
1.98313e-05
1.941e-05
1.89686e-05
1.85478e-05
1.8186e-05
1.79191e-05
1.779e-05
1.78643e-05
1.82431e-05
1.90562e-05
2.04224e-05
2.2379e-05
2.48188e-05
2.74879e-05
3.0062e-05
3.22659e-05
3.39646e-05
3.51669e-05
3.59616e-05
3.64573e-05
3.67507e-05
3.69166e-05
3.70076e-05
3.70581e-05
3.7089e-05
3.71123e-05
3.71351e-05
3.71612e-05
3.71931e-05
3.72325e-05
3.72813e-05
3.73413e-05
3.74148e-05
3.7505e-05
3.76157e-05
3.77519e-05
3.79202e-05
3.81297e-05
3.83918e-05
3.87235e-05
3.91443e-05
3.96925e-05
4.03865e-05
4.13587e-05
4.24581e-05
4.43596e-05
4.59568e-05
3.48366e-05
3.07637e-05
2.79974e-05
2.60131e-05
2.45386e-05
2.34365e-05
2.26387e-05
2.20498e-05
2.15474e-05
2.11061e-05
2.07609e-05
2.0471e-05
2.01644e-05
1.98005e-05
1.93849e-05
1.89501e-05
1.85354e-05
1.81776e-05
1.79112e-05
1.77781e-05
1.78426e-05
1.82045e-05
1.89941e-05
2.03335e-05
2.2266e-05
2.46917e-05
2.73607e-05
2.99481e-05
3.21743e-05
3.38981e-05
3.51225e-05
3.59341e-05
3.64412e-05
3.67417e-05
3.69117e-05
3.7005e-05
3.70567e-05
3.70882e-05
3.71119e-05
3.71349e-05
3.71611e-05
3.71931e-05
3.72326e-05
3.72814e-05
3.73414e-05
3.7415e-05
3.75051e-05
3.76158e-05
3.77519e-05
3.79202e-05
3.81296e-05
3.83916e-05
3.8723e-05
3.91436e-05
3.96915e-05
4.03853e-05
4.13577e-05
4.24577e-05
4.43637e-05
4.5966e-05
3.48364e-05
3.07653e-05
2.80022e-05
2.60212e-05
2.45477e-05
2.34367e-05
2.26111e-05
2.19869e-05
2.1474e-05
2.10496e-05
2.07216e-05
2.04394e-05
2.0135e-05
1.97734e-05
1.93622e-05
1.89332e-05
1.8524e-05
1.817e-05
1.79042e-05
1.77674e-05
1.78227e-05
1.81689e-05
1.89363e-05
2.02498e-05
2.2159e-05
2.45708e-05
2.72391e-05
2.98387e-05
3.2086e-05
3.38338e-05
3.50797e-05
3.59076e-05
3.64258e-05
3.67331e-05
3.69071e-05
3.70026e-05
3.70554e-05
3.70875e-05
3.71116e-05
3.71347e-05
3.71611e-05
3.71931e-05
3.72327e-05
3.72815e-05
3.73415e-05
3.74151e-05
3.75053e-05
3.76159e-05
3.7752e-05
3.79202e-05
3.81295e-05
3.83913e-05
3.87225e-05
3.91428e-05
3.96904e-05
4.0384e-05
4.13566e-05
4.24572e-05
4.43681e-05
4.59761e-05
3.48363e-05
3.07669e-05
2.80067e-05
2.6029e-05
2.45571e-05
2.34408e-05
2.25964e-05
2.19488e-05
2.14292e-05
2.10149e-05
2.06955e-05
2.04152e-05
2.011e-05
1.97492e-05
1.93415e-05
1.89176e-05
1.85136e-05
1.81631e-05
1.78979e-05
1.77576e-05
1.78044e-05
1.81358e-05
1.88822e-05
2.01711e-05
2.20578e-05
2.44557e-05
2.71231e-05
2.9734e-05
3.20013e-05
3.37718e-05
3.50383e-05
3.5882e-05
3.64109e-05
3.67249e-05
3.69027e-05
3.70003e-05
3.70543e-05
3.7087e-05
3.71114e-05
3.71347e-05
3.71611e-05
3.71932e-05
3.72328e-05
3.72817e-05
3.73418e-05
3.74154e-05
3.75055e-05
3.76161e-05
3.77521e-05
3.79203e-05
3.81294e-05
3.8391e-05
3.8722e-05
3.9142e-05
3.96893e-05
4.03825e-05
4.13554e-05
4.24566e-05
4.43729e-05
4.59873e-05
3.48361e-05
3.07683e-05
2.80108e-05
2.60364e-05
2.45667e-05
2.34475e-05
2.2591e-05
2.19282e-05
2.1404e-05
2.0995e-05
2.06783e-05
2.0396e-05
2.0088e-05
1.97271e-05
1.93223e-05
1.89032e-05
1.85039e-05
1.81566e-05
1.78921e-05
1.77487e-05
1.77876e-05
1.81052e-05
1.88317e-05
2.00971e-05
2.1962e-05
2.43465e-05
2.70125e-05
2.9634e-05
3.19201e-05
3.37123e-05
3.49986e-05
3.58575e-05
3.63967e-05
3.67171e-05
3.68987e-05
3.69983e-05
3.70534e-05
3.70866e-05
3.71112e-05
3.71347e-05
3.71613e-05
3.71934e-05
3.72331e-05
3.7282e-05
3.73421e-05
3.74157e-05
3.75058e-05
3.76163e-05
3.77523e-05
3.79203e-05
3.81293e-05
3.83907e-05
3.87215e-05
3.91412e-05
3.96881e-05
4.0381e-05
4.1354e-05
4.2456e-05
4.43781e-05
4.59994e-05
3.4836e-05
3.07696e-05
2.80147e-05
2.60435e-05
2.45761e-05
2.34559e-05
2.25919e-05
2.19194e-05
2.13921e-05
2.09848e-05
2.06669e-05
2.03801e-05
2.00683e-05
1.97067e-05
1.93044e-05
1.88896e-05
1.84947e-05
1.81506e-05
1.78866e-05
1.77405e-05
1.77721e-05
1.80768e-05
1.87846e-05
2.00275e-05
2.18716e-05
2.42429e-05
2.69073e-05
2.95387e-05
3.18425e-05
3.36554e-05
3.49605e-05
3.5834e-05
3.63832e-05
3.67098e-05
3.68949e-05
3.69965e-05
3.70525e-05
3.70863e-05
3.71112e-05
3.71348e-05
3.71615e-05
3.71937e-05
3.72334e-05
3.72823e-05
3.73424e-05
3.7416e-05
3.75061e-05
3.76166e-05
3.77525e-05
3.79204e-05
3.81292e-05
3.83904e-05
3.87209e-05
3.91403e-05
3.96869e-05
4.03793e-05
4.13526e-05
4.24553e-05
4.43836e-05
4.60125e-05
3.48359e-05
3.07707e-05
2.80183e-05
2.60501e-05
2.45853e-05
2.34653e-05
2.2597e-05
2.19186e-05
2.13887e-05
2.09806e-05
2.06589e-05
2.03664e-05
2.00502e-05
1.96876e-05
1.92876e-05
1.88767e-05
1.8486e-05
1.81448e-05
1.78815e-05
1.77328e-05
1.77576e-05
1.80503e-05
1.87405e-05
1.99622e-05
2.17862e-05
2.41447e-05
2.68075e-05
2.9448e-05
3.17686e-05
3.3601e-05
3.49242e-05
3.58117e-05
3.63705e-05
3.6703e-05
3.68915e-05
3.69949e-05
3.70519e-05
3.70861e-05
3.71113e-05
3.7135e-05
3.71617e-05
3.7194e-05
3.72338e-05
3.72827e-05
3.73428e-05
3.74164e-05
3.75065e-05
3.76169e-05
3.77527e-05
3.79205e-05
3.81291e-05
3.83902e-05
3.87204e-05
3.91393e-05
3.96855e-05
4.03776e-05
4.13511e-05
4.24545e-05
4.43894e-05
4.60267e-05
3.48358e-05
3.07718e-05
2.80216e-05
2.60562e-05
2.45941e-05
2.3475e-05
2.26046e-05
2.19227e-05
2.13905e-05
2.098e-05
2.0653e-05
2.0354e-05
2.00333e-05
1.96695e-05
1.92716e-05
1.88645e-05
1.84777e-05
1.81392e-05
1.78766e-05
1.77256e-05
1.77442e-05
1.80257e-05
1.86993e-05
1.99009e-05
2.17058e-05
2.4052e-05
2.67129e-05
2.93621e-05
3.16984e-05
3.35494e-05
3.48897e-05
3.57906e-05
3.63585e-05
3.66966e-05
3.68884e-05
3.69935e-05
3.70514e-05
3.70861e-05
3.71115e-05
3.71354e-05
3.71621e-05
3.71944e-05
3.72342e-05
3.72832e-05
3.73433e-05
3.74168e-05
3.75069e-05
3.76172e-05
3.7753e-05
3.79206e-05
3.81291e-05
3.83899e-05
3.87197e-05
3.91383e-05
3.96841e-05
4.03757e-05
4.13494e-05
4.24536e-05
4.43956e-05
4.60419e-05
3.48357e-05
3.07728e-05
2.80246e-05
2.60619e-05
2.46024e-05
2.34849e-05
2.26137e-05
2.19297e-05
2.13954e-05
2.09813e-05
2.06482e-05
2.03425e-05
2.00171e-05
1.96523e-05
1.92563e-05
1.88527e-05
1.84696e-05
1.81338e-05
1.78718e-05
1.77187e-05
1.77316e-05
1.80026e-05
1.86608e-05
1.98434e-05
2.16301e-05
2.39644e-05
2.66236e-05
2.92808e-05
3.1632e-05
3.35006e-05
3.48571e-05
3.57707e-05
3.63473e-05
3.66908e-05
3.68856e-05
3.69924e-05
3.70511e-05
3.70862e-05
3.71118e-05
3.71358e-05
3.71626e-05
3.71949e-05
3.72347e-05
3.72837e-05
3.73438e-05
3.74173e-05
3.75073e-05
3.76176e-05
3.77532e-05
3.79208e-05
3.8129e-05
3.83896e-05
3.87191e-05
3.91373e-05
3.96826e-05
4.03737e-05
4.13476e-05
4.24526e-05
4.44021e-05
4.60581e-05
3.48356e-05
3.07736e-05
2.80273e-05
2.60672e-05
2.46103e-05
2.34945e-05
2.26235e-05
2.19383e-05
2.14017e-05
2.09834e-05
2.06438e-05
2.03314e-05
2.00016e-05
1.96358e-05
1.92416e-05
1.88414e-05
1.84618e-05
1.81284e-05
1.78671e-05
1.77121e-05
1.77197e-05
1.79811e-05
1.86248e-05
1.97894e-05
2.15589e-05
2.3882e-05
2.65395e-05
2.92043e-05
3.15695e-05
3.34545e-05
3.48265e-05
3.57521e-05
3.63369e-05
3.66855e-05
3.68832e-05
3.69915e-05
3.7051e-05
3.70864e-05
3.71122e-05
3.71362e-05
3.71631e-05
3.71955e-05
3.72353e-05
3.72843e-05
3.73444e-05
3.74179e-05
3.75078e-05
3.76181e-05
3.77536e-05
3.79209e-05
3.8129e-05
3.83892e-05
3.87184e-05
3.91362e-05
3.9681e-05
4.03716e-05
4.13457e-05
4.24515e-05
4.44089e-05
4.60754e-05
3.48356e-05
3.07743e-05
2.80298e-05
2.6072e-05
2.46175e-05
2.35036e-05
2.26333e-05
2.19474e-05
2.14085e-05
2.09857e-05
2.06395e-05
2.03205e-05
1.99865e-05
1.96198e-05
1.92274e-05
1.88304e-05
1.8454e-05
1.8123e-05
1.78623e-05
1.77057e-05
1.77084e-05
1.79609e-05
1.85911e-05
1.9739e-05
2.14921e-05
2.38046e-05
2.64604e-05
2.91324e-05
3.15108e-05
3.34114e-05
3.47979e-05
3.57348e-05
3.63274e-05
3.66808e-05
3.68811e-05
3.69908e-05
3.7051e-05
3.70868e-05
3.71127e-05
3.71368e-05
3.71638e-05
3.71961e-05
3.7236e-05
3.72849e-05
3.7345e-05
3.74185e-05
3.75084e-05
3.76185e-05
3.77539e-05
3.79211e-05
3.8129e-05
3.83889e-05
3.87178e-05
3.9135e-05
3.96793e-05
4.03693e-05
4.13436e-05
4.24503e-05
4.44161e-05
4.60938e-05
3.48355e-05
3.07749e-05
2.80319e-05
2.60763e-05
2.46242e-05
2.35123e-05
2.26428e-05
2.19564e-05
2.14152e-05
2.09877e-05
2.0635e-05
2.03097e-05
1.99718e-05
1.96043e-05
1.92136e-05
1.88196e-05
1.84464e-05
1.81176e-05
1.78575e-05
1.76993e-05
1.76977e-05
1.7942e-05
1.85596e-05
1.96917e-05
2.14295e-05
2.3732e-05
2.63864e-05
2.90653e-05
3.14561e-05
3.33712e-05
3.47713e-05
3.57189e-05
3.63188e-05
3.66766e-05
3.68795e-05
3.69904e-05
3.70512e-05
3.70873e-05
3.71133e-05
3.71375e-05
3.71645e-05
3.71969e-05
3.72367e-05
3.72857e-05
3.73457e-05
3.74192e-05
3.7509e-05
3.7619e-05
3.77543e-05
3.79213e-05
3.81289e-05
3.83886e-05
3.8717e-05
3.91338e-05
3.96775e-05
4.0367e-05
4.13414e-05
4.24489e-05
4.44236e-05
4.61132e-05
3.48355e-05
3.07754e-05
2.80338e-05
2.60803e-05
2.46304e-05
2.35202e-05
2.26518e-05
2.19649e-05
2.14213e-05
2.09891e-05
2.06301e-05
2.0299e-05
1.99574e-05
1.95892e-05
1.92002e-05
1.88091e-05
1.84388e-05
1.81121e-05
1.78526e-05
1.7693e-05
1.76874e-05
1.79241e-05
1.85301e-05
1.96476e-05
2.13711e-05
2.36642e-05
2.63174e-05
2.90028e-05
3.14053e-05
3.33341e-05
3.47468e-05
3.57044e-05
3.63111e-05
3.66731e-05
3.68782e-05
3.69903e-05
3.70516e-05
3.70879e-05
3.71141e-05
3.71383e-05
3.71653e-05
3.71977e-05
3.72375e-05
3.72865e-05
3.73465e-05
3.74199e-05
3.75097e-05
3.76196e-05
3.77547e-05
3.79216e-05
3.81289e-05
3.83883e-05
3.87163e-05
3.91325e-05
3.96757e-05
4.03645e-05
4.13391e-05
4.24474e-05
4.44314e-05
4.61337e-05
3.48354e-05
3.07758e-05
2.80355e-05
2.60838e-05
2.46359e-05
2.35275e-05
2.266e-05
2.19727e-05
2.14267e-05
2.09898e-05
2.06248e-05
2.02881e-05
1.99433e-05
1.95745e-05
1.91872e-05
1.87988e-05
1.84313e-05
1.81064e-05
1.78475e-05
1.76867e-05
1.76774e-05
1.79073e-05
1.85026e-05
1.96064e-05
2.13165e-05
2.3601e-05
2.62533e-05
2.89451e-05
3.13585e-05
3.33e-05
3.47245e-05
3.56913e-05
3.63043e-05
3.66701e-05
3.68772e-05
3.69904e-05
3.70522e-05
3.70887e-05
3.71149e-05
3.71392e-05
3.71662e-05
3.71986e-05
3.72384e-05
3.72873e-05
3.73473e-05
3.74207e-05
3.75103e-05
3.76202e-05
3.77552e-05
3.79218e-05
3.81289e-05
3.83879e-05
3.87155e-05
3.91312e-05
3.96737e-05
4.03619e-05
4.13366e-05
4.24457e-05
4.44395e-05
4.61554e-05
3.48354e-05
3.07761e-05
2.80369e-05
2.60869e-05
2.46408e-05
2.35341e-05
2.26674e-05
2.19796e-05
2.14311e-05
2.09897e-05
2.0619e-05
2.02772e-05
1.99293e-05
1.95601e-05
1.91744e-05
1.87887e-05
1.84237e-05
1.81007e-05
1.78423e-05
1.76804e-05
1.76678e-05
1.78913e-05
1.84768e-05
1.95681e-05
2.12659e-05
2.35425e-05
2.61941e-05
2.8892e-05
3.13157e-05
3.32689e-05
3.47044e-05
3.56797e-05
3.62985e-05
3.66677e-05
3.68767e-05
3.69908e-05
3.7053e-05
3.70897e-05
3.71159e-05
3.71402e-05
3.71671e-05
3.71995e-05
3.72393e-05
3.72882e-05
3.73482e-05
3.74215e-05
3.75111e-05
3.76208e-05
3.77556e-05
3.79221e-05
3.81289e-05
3.83876e-05
3.87147e-05
3.91299e-05
3.96717e-05
4.03591e-05
4.13339e-05
4.24438e-05
4.4448e-05
4.61781e-05
3.48354e-05
3.07763e-05
2.8038e-05
2.60895e-05
2.46452e-05
2.35399e-05
2.2674e-05
2.19856e-05
2.14347e-05
2.09889e-05
2.06128e-05
2.02662e-05
1.99155e-05
1.9546e-05
1.91618e-05
1.87786e-05
1.84161e-05
1.80948e-05
1.78369e-05
1.76739e-05
1.76584e-05
1.78763e-05
1.84528e-05
1.95326e-05
2.12191e-05
2.34885e-05
2.61398e-05
2.88436e-05
3.12769e-05
3.3241e-05
3.46865e-05
3.56696e-05
3.62936e-05
3.66659e-05
3.68766e-05
3.69914e-05
3.7054e-05
3.70907e-05
3.7117e-05
3.71413e-05
3.71682e-05
3.72006e-05
3.72403e-05
3.72892e-05
3.73491e-05
3.74224e-05
3.75119e-05
3.76215e-05
3.77562e-05
3.79224e-05
3.81289e-05
3.83872e-05
3.87139e-05
3.91284e-05
3.96696e-05
4.03563e-05
4.13311e-05
4.24417e-05
4.44567e-05
4.6202e-05
3.48354e-05
3.07763e-05
2.80389e-05
2.60918e-05
2.4649e-05
2.35451e-05
2.26798e-05
2.19907e-05
2.14373e-05
2.09873e-05
2.06062e-05
2.02551e-05
1.99019e-05
1.95321e-05
1.91495e-05
1.87687e-05
1.84085e-05
1.80887e-05
1.78312e-05
1.76674e-05
1.76492e-05
1.7862e-05
1.84305e-05
1.94998e-05
2.1176e-05
2.34391e-05
2.60904e-05
2.87999e-05
3.12422e-05
3.32162e-05
3.46708e-05
3.5661e-05
3.62897e-05
3.66648e-05
3.68769e-05
3.69924e-05
3.70551e-05
3.7092e-05
3.71182e-05
3.71424e-05
3.71693e-05
3.72017e-05
3.72414e-05
3.72903e-05
3.73501e-05
3.74233e-05
3.75127e-05
3.76222e-05
3.77567e-05
3.79227e-05
3.8129e-05
3.83869e-05
3.87131e-05
3.9127e-05
3.96674e-05
4.03532e-05
4.13281e-05
4.24393e-05
4.44657e-05
4.6227e-05
3.48353e-05
3.07763e-05
2.80395e-05
2.60937e-05
2.46523e-05
2.35495e-05
2.26846e-05
2.19948e-05
2.1439e-05
2.0985e-05
2.05991e-05
2.0244e-05
1.98884e-05
1.95185e-05
1.91374e-05
1.87588e-05
1.84007e-05
1.80824e-05
1.78254e-05
1.76608e-05
1.76403e-05
1.78486e-05
1.84099e-05
1.94698e-05
2.11367e-05
2.33943e-05
2.6046e-05
2.87611e-05
3.12117e-05
3.31947e-05
3.46574e-05
3.56539e-05
3.62868e-05
3.66643e-05
3.68775e-05
3.69936e-05
3.70565e-05
3.70933e-05
3.71196e-05
3.71437e-05
3.71706e-05
3.72029e-05
3.72426e-05
3.72914e-05
3.73512e-05
3.74243e-05
3.75136e-05
3.76229e-05
3.77573e-05
3.7923e-05
3.8129e-05
3.83865e-05
3.87122e-05
3.91254e-05
3.96651e-05
4.03501e-05
4.13248e-05
4.24366e-05
4.44748e-05
4.6253e-05
3.48353e-05
3.07761e-05
2.80399e-05
2.60952e-05
2.4655e-05
2.35532e-05
2.26887e-05
2.1998e-05
2.14398e-05
2.0982e-05
2.05917e-05
2.02327e-05
1.98751e-05
1.9505e-05
1.91254e-05
1.8749e-05
1.8393e-05
1.80761e-05
1.78195e-05
1.76544e-05
1.76319e-05
1.78363e-05
1.83912e-05
1.94428e-05
2.11016e-05
2.33546e-05
2.6007e-05
2.87273e-05
3.11855e-05
3.31764e-05
3.46464e-05
3.56484e-05
3.62848e-05
3.66643e-05
3.68786e-05
3.6995e-05
3.7058e-05
3.70948e-05
3.7121e-05
3.71451e-05
3.71719e-05
3.72041e-05
3.72438e-05
3.72925e-05
3.73523e-05
3.74253e-05
3.75145e-05
3.76237e-05
3.77579e-05
3.79234e-05
3.8129e-05
3.83861e-05
3.87113e-05
3.91238e-05
3.96627e-05
4.03467e-05
4.13213e-05
4.24336e-05
4.44841e-05
4.628e-05
3.48353e-05
3.07758e-05
2.804e-05
2.60963e-05
2.46572e-05
2.35563e-05
2.2692e-05
2.20004e-05
2.14398e-05
2.09784e-05
2.05839e-05
2.02214e-05
1.98618e-05
1.94918e-05
1.91136e-05
1.87393e-05
1.83854e-05
1.80699e-05
1.7814e-05
1.76485e-05
1.76244e-05
1.78256e-05
1.83749e-05
1.94192e-05
2.10711e-05
2.33204e-05
2.5974e-05
2.86991e-05
3.11638e-05
3.31616e-05
3.46377e-05
3.56444e-05
3.62839e-05
3.6665e-05
3.68801e-05
3.69967e-05
3.70597e-05
3.70965e-05
3.71225e-05
3.71466e-05
3.71733e-05
3.72055e-05
3.72451e-05
3.72938e-05
3.73535e-05
3.74264e-05
3.75155e-05
3.76246e-05
3.77585e-05
3.79238e-05
3.81291e-05
3.83857e-05
3.87103e-05
3.91221e-05
3.96601e-05
4.03431e-05
4.13175e-05
4.243e-05
4.44931e-05
4.63074e-05
3.48353e-05
3.07754e-05
2.80399e-05
2.6097e-05
2.46589e-05
2.35587e-05
2.26944e-05
2.20019e-05
2.1439e-05
2.09742e-05
2.05758e-05
2.021e-05
1.98486e-05
1.94787e-05
1.9102e-05
1.87299e-05
1.83782e-05
1.80644e-05
1.78096e-05
1.76442e-05
1.76192e-05
1.78175e-05
1.83621e-05
1.94002e-05
2.10464e-05
2.3293e-05
2.59479e-05
2.86773e-05
3.11473e-05
3.31505e-05
3.46315e-05
3.5642e-05
3.62839e-05
3.66663e-05
3.68819e-05
3.69986e-05
3.70616e-05
3.70982e-05
3.71242e-05
3.71481e-05
3.71748e-05
3.72069e-05
3.72464e-05
3.72951e-05
3.73547e-05
3.74275e-05
3.75165e-05
3.76254e-05
3.77591e-05
3.79241e-05
3.81291e-05
3.83853e-05
3.87092e-05
3.91203e-05
3.96573e-05
4.03392e-05
4.13131e-05
4.24256e-05
4.45015e-05
4.63348e-05
3.48353e-05
3.07749e-05
2.80395e-05
2.60973e-05
2.46601e-05
2.35605e-05
2.26962e-05
2.20026e-05
2.14375e-05
2.09694e-05
2.05674e-05
2.01985e-05
1.98356e-05
1.94659e-05
1.90908e-05
1.87211e-05
1.83722e-05
1.80611e-05
1.78084e-05
1.76443e-05
1.76188e-05
1.78148e-05
1.83551e-05
1.93878e-05
2.10296e-05
2.32746e-05
2.5931e-05
2.86635e-05
3.11369e-05
3.31437e-05
3.4628e-05
3.56412e-05
3.62848e-05
3.66681e-05
3.6884e-05
3.70008e-05
3.70636e-05
3.71001e-05
3.71259e-05
3.71498e-05
3.71763e-05
3.72084e-05
3.72478e-05
3.72964e-05
3.73559e-05
3.74287e-05
3.75175e-05
3.76262e-05
3.77597e-05
3.79244e-05
3.8129e-05
3.83847e-05
3.8708e-05
3.91182e-05
3.96541e-05
4.03346e-05
4.13078e-05
4.24198e-05
4.45084e-05
4.63608e-05
3.48353e-05
3.07742e-05
2.80389e-05
2.60973e-05
2.46607e-05
2.35616e-05
2.26972e-05
2.20025e-05
2.14353e-05
2.0964e-05
2.05586e-05
2.01869e-05
1.98227e-05
1.94535e-05
1.90805e-05
1.8714e-05
1.83692e-05
1.80629e-05
1.78152e-05
1.76545e-05
1.76297e-05
1.78233e-05
1.8359e-05
1.93867e-05
2.10251e-05
2.32694e-05
2.59269e-05
2.86605e-05
3.11345e-05
3.3142e-05
3.46276e-05
3.56421e-05
3.62866e-05
3.66704e-05
3.68863e-05
3.7003e-05
3.70657e-05
3.7102e-05
3.71277e-05
3.71514e-05
3.71779e-05
3.72099e-05
3.72493e-05
3.72977e-05
3.73572e-05
3.74298e-05
3.75185e-05
3.7627e-05
3.77602e-05
3.79246e-05
3.81287e-05
3.83838e-05
3.87064e-05
3.91155e-05
3.96502e-05
4.0329e-05
4.13009e-05
4.24114e-05
4.45118e-05
4.6383e-05
3.48354e-05
3.07734e-05
2.8038e-05
2.60968e-05
2.46609e-05
2.35621e-05
2.26974e-05
2.20017e-05
2.14323e-05
2.09582e-05
2.05496e-05
2.01754e-05
1.98101e-05
1.9442e-05
1.90721e-05
1.87109e-05
1.83736e-05
1.80774e-05
1.78408e-05
1.76885e-05
1.76657e-05
1.78554e-05
1.83843e-05
1.94059e-05
2.10411e-05
2.32852e-05
2.59425e-05
2.86734e-05
3.11431e-05
3.31471e-05
3.46309e-05
3.56448e-05
3.62892e-05
3.66729e-05
3.68888e-05
3.70052e-05
3.70678e-05
3.71039e-05
3.71294e-05
3.7153e-05
3.71794e-05
3.72113e-05
3.72506e-05
3.7299e-05
3.73583e-05
3.74308e-05
3.75193e-05
3.76276e-05
3.77605e-05
3.79244e-05
3.8128e-05
3.83824e-05
3.87039e-05
3.91117e-05
3.96447e-05
4.03212e-05
4.12907e-05
4.23984e-05
4.45085e-05
4.63969e-05
3.48354e-05
3.07724e-05
2.80368e-05
2.6096e-05
2.46605e-05
2.3562e-05
2.2697e-05
2.20001e-05
2.14287e-05
2.09518e-05
2.05403e-05
2.01639e-05
1.97984e-05
1.94327e-05
1.90686e-05
1.87171e-05
1.83952e-05
1.81211e-05
1.79099e-05
1.77767e-05
1.77581e-05
1.79385e-05
1.84533e-05
1.94637e-05
2.10939e-05
2.33367e-05
2.59901e-05
2.87111e-05
3.11681e-05
3.31616e-05
3.46391e-05
3.56497e-05
3.62925e-05
3.66755e-05
3.68909e-05
3.70071e-05
3.70694e-05
3.71054e-05
3.71309e-05
3.71544e-05
3.71807e-05
3.72125e-05
3.72517e-05
3.73e-05
3.73591e-05
3.74314e-05
3.75196e-05
3.76276e-05
3.77601e-05
3.79234e-05
3.81262e-05
3.83795e-05
3.86997e-05
3.91057e-05
3.96361e-05
4.03091e-05
4.12745e-05
4.23766e-05
4.44919e-05
4.63939e-05
3.48354e-05
3.07713e-05
2.80353e-05
2.60948e-05
2.46597e-05
2.35613e-05
2.26959e-05
2.19979e-05
2.14245e-05
2.0945e-05
2.05307e-05
2.01528e-05
1.97887e-05
1.94288e-05
1.90763e-05
1.87449e-05
1.84559e-05
1.82308e-05
1.80768e-05
1.79862e-05
1.79752e-05
1.81321e-05
1.86136e-05
1.95986e-05
2.12163e-05
2.34524e-05
2.60924e-05
2.8789e-05
3.12182e-05
3.31897e-05
3.46535e-05
3.56567e-05
3.6296e-05
3.66773e-05
3.68921e-05
3.7008e-05
3.70702e-05
3.71061e-05
3.71315e-05
3.7155e-05
3.71812e-05
3.72129e-05
3.7252e-05
3.73001e-05
3.7359e-05
3.7431e-05
3.75188e-05
3.76262e-05
3.7758e-05
3.79204e-05
3.8122e-05
3.83738e-05
3.86918e-05
3.90948e-05
3.96212e-05
4.02885e-05
4.12463e-05
4.23379e-05
4.44497e-05
4.63586e-05
3.48354e-05
3.077e-05
2.80336e-05
2.60932e-05
2.46583e-05
2.35599e-05
2.26941e-05
2.19949e-05
2.14197e-05
2.09377e-05
2.05212e-05
2.01431e-05
1.97842e-05
1.94377e-05
1.911e-05
1.88211e-05
1.86028e-05
1.84843e-05
1.84572e-05
1.84625e-05
1.84674e-05
1.85673e-05
1.89697e-05
1.98937e-05
2.1477e-05
2.3688e-05
2.62904e-05
2.89328e-05
3.13069e-05
3.3237e-05
3.46756e-05
3.56656e-05
3.62986e-05
3.66772e-05
3.68909e-05
3.70066e-05
3.70688e-05
3.71048e-05
3.71302e-05
3.71537e-05
3.71799e-05
3.72115e-05
3.72504e-05
3.72982e-05
3.73567e-05
3.74281e-05
3.75153e-05
3.76217e-05
3.77523e-05
3.79132e-05
3.81127e-05
3.83618e-05
3.86761e-05
3.90741e-05
3.95935e-05
4.0251e-05
4.11946e-05
4.2267e-05
4.43594e-05
4.62632e-05
3.48355e-05
3.07685e-05
2.80316e-05
2.60911e-05
2.46564e-05
2.3558e-05
2.26917e-05
2.19913e-05
2.14142e-05
2.09299e-05
2.05121e-05
2.01376e-05
1.97928e-05
1.94766e-05
1.9202e-05
1.90026e-05
1.89333e-05
1.90405e-05
1.92869e-05
1.95092e-05
1.95612e-05
1.95398e-05
1.9764e-05
2.05442e-05
2.2028e-05
2.41556e-05
2.66563e-05
2.91811e-05
3.14506e-05
3.33084e-05
3.47054e-05
3.56743e-05
3.62975e-05
3.66722e-05
3.68847e-05
3.70002e-05
3.70627e-05
3.70991e-05
3.71248e-05
3.71484e-05
3.71745e-05
3.72059e-05
3.72444e-05
3.72917e-05
3.73494e-05
3.74198e-05
3.75056e-05
3.76104e-05
3.77388e-05
3.78968e-05
3.80925e-05
3.83366e-05
3.86443e-05
3.90332e-05
3.95398e-05
4.01796e-05
4.1097e-05
4.21348e-05
4.41795e-05
4.60586e-05
3.48355e-05
3.07669e-05
2.80292e-05
2.60887e-05
2.46539e-05
2.35554e-05
2.26885e-05
2.1987e-05
2.14081e-05
2.0922e-05
2.05056e-05
2.01435e-05
1.98331e-05
1.9583e-05
1.94198e-05
1.94046e-05
1.96372e-05
2.01998e-05
2.10095e-05
2.1717e-05
2.19359e-05
2.17095e-05
2.15822e-05
2.20452e-05
2.32248e-05
2.50707e-05
2.73021e-05
2.95787e-05
3.16594e-05
3.34003e-05
3.47357e-05
3.56755e-05
3.62865e-05
3.66568e-05
3.68683e-05
3.69842e-05
3.70473e-05
3.70844e-05
3.71105e-05
3.71343e-05
3.71603e-05
3.71912e-05
3.72289e-05
3.72751e-05
3.73313e-05
3.73996e-05
3.74828e-05
3.75842e-05
3.77083e-05
3.78607e-05
3.80492e-05
3.82837e-05
3.85786e-05
3.89504e-05
3.94332e-05
4.00405e-05
4.09099e-05
4.18867e-05
4.38359e-05
4.56609e-05
3.48356e-05
3.0765e-05
2.80265e-05
2.60857e-05
2.46508e-05
2.35521e-05
2.26846e-05
2.19818e-05
2.14014e-05
2.0915e-05
2.05071e-05
2.0179e-05
1.99464e-05
1.98347e-05
1.9896e-05
2.0243e-05
2.10558e-05
2.24802e-05
2.43752e-05
2.61018e-05
2.68222e-05
2.63651e-05
2.56137e-05
2.52527e-05
2.56384e-05
2.67368e-05
2.83318e-05
3.01315e-05
3.19053e-05
3.34811e-05
3.4741e-05
3.56507e-05
3.62515e-05
3.66195e-05
3.68316e-05
3.69489e-05
3.70134e-05
3.70515e-05
3.70781e-05
3.71019e-05
3.71273e-05
3.71571e-05
3.7193e-05
3.72367e-05
3.72896e-05
3.73537e-05
3.74315e-05
3.7526e-05
3.76412e-05
3.77823e-05
3.79563e-05
3.8172e-05
3.84421e-05
3.8781e-05
3.92192e-05
3.97673e-05
4.05507e-05
4.14234e-05
4.32006e-05
4.49297e-05
3.48356e-05
3.07628e-05
2.80232e-05
2.6082e-05
2.46469e-05
2.35478e-05
2.26796e-05
2.19759e-05
2.13946e-05
2.09128e-05
2.05332e-05
2.02866e-05
2.02173e-05
2.03778e-05
2.08673e-05
2.18896e-05
2.37535e-05
2.66973e-05
3.04709e-05
3.39676e-05
3.56717e-05
3.50289e-05
3.30664e-05
3.09654e-05
2.96298e-05
2.92604e-05
2.96954e-05
3.0728e-05
3.20798e-05
3.34678e-05
3.46636e-05
3.55603e-05
3.61637e-05
3.65372e-05
3.67541e-05
3.68749e-05
3.69418e-05
3.6981e-05
3.70078e-05
3.70306e-05
3.70541e-05
3.70808e-05
3.71124e-05
3.71504e-05
3.7196e-05
3.72509e-05
3.73171e-05
3.7397e-05
3.74939e-05
3.7612e-05
3.77566e-05
3.79348e-05
3.81567e-05
3.84333e-05
3.87894e-05
3.92325e-05
3.98676e-05
4.05706e-05
4.20607e-05
4.36415e-05
3.48355e-05
3.07599e-05
2.80189e-05
2.60768e-05
2.46412e-05
2.35418e-05
2.26732e-05
2.19693e-05
2.13906e-05
2.09299e-05
2.06265e-05
2.0555e-05
2.07973e-05
2.14557e-05
2.2724e-05
2.49543e-05
2.86057e-05
3.3903e-05
4.02105e-05
4.574e-05
4.839e-05
4.73563e-05
4.35773e-05
3.89523e-05
3.5053e-05
3.24734e-05
3.12546e-05
3.12284e-05
3.20543e-05
3.32531e-05
3.44196e-05
3.53385e-05
3.59693e-05
3.63626e-05
3.65915e-05
3.6719e-05
3.67889e-05
3.68286e-05
3.68537e-05
3.68728e-05
3.68905e-05
3.69093e-05
3.69307e-05
3.69557e-05
3.69851e-05
3.70199e-05
3.70611e-05
3.71102e-05
3.71692e-05
3.72402e-05
3.73265e-05
3.7432e-05
3.75631e-05
3.77261e-05
3.79376e-05
3.82044e-05
3.85976e-05
3.90402e-05
4.00826e-05
4.14596e-05
3.48348e-05
3.0755e-05
2.80113e-05
2.60675e-05
2.46313e-05
2.3532e-05
2.26649e-05
2.19655e-05
2.14033e-05
2.10109e-05
2.08814e-05
2.11347e-05
2.19159e-05
2.34586e-05
2.61232e-05
3.03714e-05
3.65722e-05
4.45172e-05
5.29289e-05
5.95896e-05
6.2357e-05
6.04795e-05
5.47983e-05
4.77017e-05
4.11571e-05
3.61639e-05
3.30492e-05
3.17542e-05
3.18942e-05
3.28277e-05
3.39479e-05
3.48986e-05
3.55709e-05
3.59944e-05
3.62411e-05
3.63771e-05
3.64492e-05
3.64862e-05
3.65046e-05
3.6513e-05
3.65161e-05
3.65161e-05
3.6514e-05
3.651e-05
3.65041e-05
3.6496e-05
3.64855e-05
3.64721e-05
3.64555e-05
3.64355e-05
3.64119e-05
3.63849e-05
3.63556e-05
3.63258e-05
3.63016e-05
3.62915e-05
3.63236e-05
3.64005e-05
3.68131e-05
3.79267e-05
3.48314e-05
3.0743e-05
2.79929e-05
2.60456e-05
2.46093e-05
2.35142e-05
2.26573e-05
2.19816e-05
2.14853e-05
2.12658e-05
2.14502e-05
2.22205e-05
2.3944e-05
2.70918e-05
3.20121e-05
3.88544e-05
4.74367e-05
5.69893e-05
6.60037e-05
7.24541e-05
7.45375e-05
7.15744e-05
6.44287e-05
5.55029e-05
4.68955e-05
3.99034e-05
3.51095e-05
3.25586e-05
3.18606e-05
3.23237e-05
3.32335e-05
3.41175e-05
3.47825e-05
3.52144e-05
3.54683e-05
3.56059e-05
3.56729e-05
3.5698e-05
3.56978e-05
3.56808e-05
3.56513e-05
3.56109e-05
3.55599e-05
3.54972e-05
3.54213e-05
3.533e-05
3.5221e-05
3.50914e-05
3.49384e-05
3.47587e-05
3.45488e-05
3.43052e-05
3.4024e-05
3.37043e-05
3.33404e-05
3.2949e-05
3.25036e-05
3.21245e-05
3.17503e-05
3.25366e-05
3.48164e-05
3.07039e-05
2.79359e-05
2.59816e-05
2.45518e-05
2.34783e-05
2.26656e-05
2.20778e-05
2.17705e-05
2.18496e-05
2.24665e-05
2.41472e-05
2.76378e-05
3.32202e-05
4.06268e-05
4.93536e-05
5.88248e-05
6.82663e-05
7.64759e-05
8.18543e-05
8.29194e-05
7.90002e-05
7.09895e-05
6.10701e-05
5.1296e-05
4.30979e-05
3.71879e-05
3.36409e-05
3.20615e-05
3.17994e-05
3.21935e-05
3.27642e-05
3.32615e-05
3.3608e-05
3.3815e-05
3.392e-05
3.39561e-05
3.39447e-05
3.39004e-05
3.38302e-05
3.37371e-05
3.36211e-05
3.3481e-05
3.33145e-05
3.31183e-05
3.2888e-05
3.26185e-05
3.23054e-05
3.19437e-05
3.15286e-05
3.10545e-05
3.05166e-05
2.99088e-05
2.92317e-05
2.84694e-05
2.76567e-05
2.67064e-05
2.58746e-05
2.47148e-05
2.50767e-05
3.47496e-05
3.05556e-05
2.77346e-05
2.57687e-05
2.43701e-05
2.33717e-05
2.26936e-05
2.23369e-05
2.23397e-05
2.27561e-05
2.42117e-05
2.77353e-05
3.3667e-05
4.13963e-05
4.9988e-05
5.87869e-05
6.74502e-05
7.55425e-05
8.22072e-05
8.61921e-05
8.62459e-05
8.17168e-05
7.34899e-05
6.34526e-05
5.34963e-05
4.50116e-05
3.8674e-05
3.4501e-05
3.21018e-05
3.09458e-05
3.05354e-05
3.04959e-05
3.05815e-05
3.06656e-05
3.07009e-05
3.06851e-05
3.06259e-05
3.05305e-05
3.04012e-05
3.02388e-05
3.00423e-05
2.981e-05
2.95394e-05
2.92273e-05
2.88699e-05
2.84633e-05
2.80024e-05
2.74804e-05
2.68919e-05
2.62336e-05
2.55023e-05
2.46961e-05
2.38116e-05
2.28543e-05
2.18065e-05
2.07151e-05
1.94661e-05
1.83636e-05
1.67734e-05
1.65614e-05
3.44297e-05
2.99426e-05
2.69627e-05
2.49711e-05
2.36521e-05
2.28201e-05
2.24179e-05
2.24754e-05
2.29067e-05
2.42648e-05
2.75933e-05
3.33106e-05
4.07567e-05
4.87613e-05
5.65084e-05
6.37975e-05
7.06417e-05
7.68055e-05
8.16435e-05
8.41919e-05
8.34035e-05
7.87087e-05
7.09274e-05
6.16095e-05
5.23849e-05
4.44494e-05
3.83235e-05
3.39551e-05
3.10073e-05
2.91005e-05
2.791e-05
2.71743e-05
2.67027e-05
2.63711e-05
2.61062e-05
2.58658e-05
2.56271e-05
2.5377e-05
2.51072e-05
2.48118e-05
2.44859e-05
2.41258e-05
2.37278e-05
2.32887e-05
2.28054e-05
2.22751e-05
2.16943e-05
2.10603e-05
2.03701e-05
1.96217e-05
1.88161e-05
1.79571e-05
1.70461e-05
1.6093e-05
1.50849e-05
1.40592e-05
1.29326e-05
1.18989e-05
1.05156e-05
9.79839e-06
3.27832e-05
2.7376e-05
2.40909e-05
2.21851e-05
2.12012e-05
2.0903e-05
2.12851e-05
2.23532e-05
2.4096e-05
2.72565e-05
3.22686e-05
3.86534e-05
4.5312e-05
5.14044e-05
5.6785e-05
6.1678e-05
6.61944e-05
7.01289e-05
7.2997e-05
7.41283e-05
7.27045e-05
6.83251e-05
6.16356e-05
5.38057e-05
4.61207e-05
3.95046e-05
3.43179e-05
3.0472e-05
2.76785e-05
2.56481e-05
2.41657e-05
2.30766e-05
2.22609e-05
2.16256e-05
2.11033e-05
2.06491e-05
2.02337e-05
1.9838e-05
1.94493e-05
1.90588e-05
1.86597e-05
1.82475e-05
1.78185e-05
1.73702e-05
1.69006e-05
1.64083e-05
1.58922e-05
1.53517e-05
1.47863e-05
1.41966e-05
1.35843e-05
1.29527e-05
1.2305e-05
1.16469e-05
1.09743e-05
1.02963e-05
9.58264e-06
8.87728e-06
8.01505e-06
7.24083e-06
2.52694e-05
1.99331e-05
1.79068e-05
1.74387e-05
1.78524e-05
1.88761e-05
2.04596e-05
2.27016e-05
2.58007e-05
3.0029e-05
3.49464e-05
3.95506e-05
4.30924e-05
4.56193e-05
4.76303e-05
4.94821e-05
5.11917e-05
5.25381e-05
5.32045e-05
5.28364e-05
5.09541e-05
4.74787e-05
4.27268e-05
3.74429e-05
3.24839e-05
2.8406e-05
2.53215e-05
2.30423e-05
2.1315e-05
1.99608e-05
1.88837e-05
1.80254e-05
1.73362e-05
1.67702e-05
1.62902e-05
1.58688e-05
1.54878e-05
1.51346e-05
1.48007e-05
1.44798e-05
1.41671e-05
1.38594e-05
1.35544e-05
1.32506e-05
1.29473e-05
1.26435e-05
1.2339e-05
1.20335e-05
1.17271e-05
1.14197e-05
1.11115e-05
1.0802e-05
1.04922e-05
1.018e-05
9.87065e-06
9.54708e-06
9.24427e-06
8.86365e-06
8.55584e-06
8.17989e-06
1.51046e-05
1.56066e-05
1.58492e-05
1.60854e-05
1.63788e-05
1.67224e-05
1.70807e-05
1.73123e-05
1.72711e-05
1.69578e-05
1.64702e-05
1.59195e-05
1.53702e-05
1.48614e-05
1.44225e-05
1.40575e-05
1.37392e-05
1.34252e-05
1.30824e-05
1.27066e-05
1.23389e-05
1.20418e-05
1.18314e-05
1.17269e-05
1.17026e-05
1.17232e-05
1.17489e-05
1.17547e-05
1.17381e-05
1.17092e-05
1.1679e-05
1.16538e-05
1.16346e-05
1.16202e-05
1.16089e-05
1.15994e-05
1.15909e-05
1.15826e-05
1.15742e-05
1.15653e-05
1.15557e-05
1.15454e-05
1.15341e-05
1.1522e-05
1.1509e-05
1.14951e-05
1.14805e-05
1.14652e-05
1.14493e-05
1.1433e-05
1.14166e-05
1.14005e-05
1.13844e-05
1.13705e-05
1.1354e-05
1.13497e-05
1.13157e-05
1.13671e-05
1.12087e-05
1.14885e-05
)
;

boundaryField
{
    inlet
    {
        type            calculated;
        value           uniform 4.12857e-05;
    }
    outlet
    {
        type            calculated;
        value           nonuniform List<scalar> 
100
(
1.14885e-05
8.17944e-06
7.2405e-06
9.79993e-06
1.65657e-05
2.50827e-05
3.25431e-05
3.7933e-05
4.14655e-05
4.3647e-05
4.49348e-05
4.56657e-05
4.60632e-05
4.62676e-05
4.6363e-05
4.63982e-05
4.64011e-05
4.63872e-05
4.6365e-05
4.63389e-05
4.63114e-05
4.62839e-05
4.62569e-05
4.62308e-05
4.62057e-05
4.61817e-05
4.61589e-05
4.61371e-05
4.61165e-05
4.60969e-05
4.60785e-05
4.60611e-05
4.60447e-05
4.60294e-05
4.60151e-05
4.60018e-05
4.59895e-05
4.59782e-05
4.59679e-05
4.59586e-05
4.59502e-05
4.59428e-05
4.59364e-05
4.59309e-05
4.59264e-05
4.59228e-05
4.59201e-05
4.59184e-05
4.59174e-05
4.5917e-05
4.59169e-05
4.59171e-05
4.59179e-05
4.59195e-05
4.5922e-05
4.59254e-05
4.59298e-05
4.59351e-05
4.59413e-05
4.59486e-05
4.59568e-05
4.5966e-05
4.59761e-05
4.59873e-05
4.59994e-05
4.60125e-05
4.60267e-05
4.60419e-05
4.60581e-05
4.60754e-05
4.60938e-05
4.61132e-05
4.61337e-05
4.61554e-05
4.61781e-05
4.6202e-05
4.6227e-05
4.6253e-05
4.628e-05
4.63074e-05
4.63348e-05
4.63608e-05
4.6383e-05
4.63969e-05
4.63939e-05
4.63586e-05
4.62632e-05
4.60586e-05
4.56609e-05
4.49297e-05
4.36415e-05
4.14596e-05
3.79267e-05
3.25366e-05
2.50767e-05
1.65614e-05
9.79839e-06
7.24083e-06
8.17989e-06
1.14885e-05
)
;
    }
    fixedWalls
    {
        type            nutkWallFunction;
        Cmu             0.09;
        kappa           0.41;
        E               9.8;
        value           nonuniform List<scalar> 
120
(
5.375e-07
6.17942e-07
6.56608e-07
6.94058e-07
7.40271e-07
7.93963e-07
8.49221e-07
8.82554e-07
8.7303e-07
8.21879e-07
7.44615e-07
6.58117e-07
5.72105e-07
4.92504e-07
4.23605e-07
3.6562e-07
3.14029e-07
2.62129e-07
2.04969e-07
1.42484e-07
8.23409e-08
3.41797e-08
7.99336e-10
0
0
0
0
0
0
0
0
0
0
0
0
0
0
0
0
0
0
0
0
0
0
0
0
0
0
0
0
0
0
0
0
0
0
0
0
0
9.7526e-08
0
0
0
0
0
0
0
0
0
0
0
0
0
0
0
0
0
0
0
0
0
0
0
0
0
0
0
0
0
0
0
0
0
0
0
0
0
0
0
0
0
0
0
0
0
0
0
0
0
0
0
0
0
0
0
0
0
0
0
)
;
    }
    frontAndBack
    {
        type            empty;
    }
}


// ************************************************************************* //
