/*--------------------------------*- C++ -*----------------------------------*\
| =========                 |                                                 |
| \\      /  F ield         | OpenFOAM: The Open Source CFD Toolbox           |
|  \\    /   O peration     | Version:  2.4.0                                 |
|   \\  /    A nd           | Web:      www.OpenFOAM.org                      |
|    \\/     M anipulation  |                                                 |
\*---------------------------------------------------------------------------*/
FoamFile
{
    version     2.0;
    format      ascii;
    class       volScalarField;
    location    "3.37";
    object      epsilon;
}
// * * * * * * * * * * * * * * * * * * * * * * * * * * * * * * * * * * * * * //

dimensions      [0 2 -3 0 0 0 0];

internalField   nonuniform List<scalar> 
6000
(
0.995166
0.38187
0.0488311
0.00572263
0.000806313
0.00306428
0.00162171
0.00314445
0.00382258
0.00702075
0.0119403
0.0198264
0.0295418
0.0412833
0.0551347
0.0726889
0.0904686
0.105749
0.0928213
0.0580796
0.0303774
0.0193032
0.047099
0.0919764
0.152044
0.212392
0.260229
0.296131
0.323282
0.344048
0.359743
0.371969
0.381046
0.387416
0.391527
0.393708
0.394128
0.392725
0.389056
0.382284
0.371312
0.363232
0.396928
0.42661
0.451286
0.471061
0.486842
0.499743
0.509806
0.514123
0.508901
0.493489
0.469968
0.446634
0.423369
0.416436
0.408801
0.457623
0.509234
0.739197
0.558276
0.355231
0.0228299
0.00519621
0.000388163
0.00092133
0.000798806
0.00133646
0.002039
0.00374469
0.0064201
0.0100466
0.0142998
0.019166
0.0249454
0.0323977
0.0406608
0.0482136
0.0405232
0.0271942
0.0175773
0.0138884
0.0455795
0.0743571
0.0870527
0.0983869
0.108682
0.116824
0.123101
0.127942
0.131835
0.135563
0.139043
0.142182
0.14514
0.148029
0.1509
0.153706
0.15626
0.158199
0.159028
0.160543
0.167755
0.172169
0.173741
0.172897
0.170424
0.167189
0.163676
0.162446
0.166066
0.17324
0.182879
0.189635
0.191967
0.182474
0.176013
0.162196
0.177339
0.189217
0.416727
0.411569
0.0305894
0.00376669
0.000321993
0.000558018
0.000656625
0.00105441
0.00176389
0.00319305
0.00537131
0.00817988
0.0114181
0.0151032
0.019528
0.0252106
0.0318776
0.0379916
0.0317589
0.0219225
0.0153606
0.015292
0.0495294
0.0646321
0.0684597
0.0748824
0.0810407
0.0858221
0.0894562
0.0923026
0.0947581
0.0972709
0.0997453
0.102202
0.10476
0.107506
0.110487
0.113686
0.116982
0.120111
0.122681
0.12523
0.128208
0.128673
0.126613
0.122461
0.116955
0.11088
0.104865
0.0999035
0.0973603
0.0971315
0.0992507
0.101884
0.104014
0.101094
0.0978386
0.0890547
0.0907742
0.0848411
0.367362
0.406329
0.0519729
0.00234135
0.000320417
0.000466062
0.000626643
0.000996666
0.00171106
0.00305424
0.00505737
0.00758638
0.0104484
0.0136737
0.0175575
0.0225701
0.0286211
0.0340751
0.0286386
0.0198711
0.0147273
0.0180858
0.0517797
0.0597251
0.0617187
0.0671161
0.0721689
0.0759966
0.0788683
0.0811364
0.0831453
0.0852051
0.0872632
0.0893871
0.0916864
0.0942458
0.0971207
0.100315
0.103742
0.107176
0.11027
0.112931
0.114517
0.113704
0.110478
0.10527
0.0988148
0.0918884
0.0851461
0.0791979
0.0748285
0.0720312
0.0708867
0.0706581
0.0708893
0.0690375
0.0668955
0.0609892
0.0600777
0.0532384
0.343014
0.376361
0.0744468
0.00182843
0.000347128
0.000445046
0.000631996
0.000999761
0.00172018
0.00303273
0.00496287
0.00736888
0.0100431
0.0130205
0.0166011
0.0212464
0.0269236
0.0319025
0.0270507
0.018642
0.0144678
0.0211635
0.0527945
0.0569243
0.0587745
0.0640589
0.06882
0.0723578
0.0749792
0.0770394
0.0788537
0.0806729
0.0824848
0.0843805
0.0864673
0.0888328
0.0915408
0.094612
0.0979821
0.10145
0.10469
0.107209
0.108127
0.10672
0.102965
0.0972858
0.0904094
0.0831113
0.0760506
0.0697216
0.0646261
0.0607848
0.0582175
0.0565277
0.0554533
0.0535124
0.0515241
0.0471086
0.0455021
0.0397948
0.329441
0.340289
0.0978064
0.00283245
0.00040776
0.000453358
0.000654081
0.00102604
0.00175232
0.00305568
0.00495636
0.00730443
0.00987195
0.0126913
0.016064
0.0204496
0.0258207
0.0303714
0.0260245
0.0176834
0.0143113
0.024085
0.0530249
0.0551603
0.0574484
0.0629901
0.0678099
0.0713447
0.0739316
0.0759325
0.0776498
0.0793097
0.0809344
0.0826294
0.0845027
0.0866452
0.0891292
0.0919892
0.0951787
0.0985143
0.101682
0.103937
0.104432
0.102683
0.0986567
0.0927589
0.0856998
0.0782438
0.0710413
0.0645374
0.0590951
0.0547431
0.0514591
0.0489768
0.0470951
0.0448903
0.0427788
0.0391387
0.0372978
0.0326561
0.321261
0.305822
0.114983
0.00812852
0.000548444
0.000481106
0.000687695
0.00106372
0.00179466
0.00309815
0.00499136
0.00731513
0.00981953
0.0125276
0.0157372
0.0199046
0.0249854
0.0291158
0.0252411
0.0168291
0.0141804
0.0266734
0.0527527
0.0539643
0.0569431
0.0629328
0.0680017
0.0716901
0.0743565
0.0763724
0.0780374
0.0795712
0.0810252
0.0825155
0.0841521
0.0860295
0.0882274
0.0907929
0.0936949
0.0967658
0.099696
0.101606
0.101765
0.0997847
0.0956214
0.0896571
0.0825721
0.0751057
0.0678876
0.0613323
0.0557255
0.0511026
0.0474186
0.0444694
0.0420755
0.0396253
0.0373389
0.0341112
0.0321694
0.028314
0.315829
0.275736
0.126787
0.0180387
0.000885916
0.000529668
0.000732707
0.00110919
0.00184257
0.00315
0.00504808
0.00736782
0.00983662
0.012462
0.0155331
0.0195
0.0242932
0.028021
0.0245613
0.0160427
0.0140611
0.0288637
0.0521572
0.0531074
0.0568993
0.0634468
0.0688829
0.0728222
0.0756368
0.0777093
0.0793432
0.0807615
0.0820415
0.0833084
0.0846749
0.0862388
0.0880867
0.0902772
0.092794
0.0954842
0.0980375
0.0995377
0.0993825
0.0972214
0.0930029
0.0870807
0.0800939
0.072742
0.0656211
0.0591177
0.0534668
0.048712
0.0447993
0.0415613
0.0388304
0.036183
0.0337341
0.0307309
0.0287333
0.0254361
0.311896
0.250624
0.134
0.030771
0.00170527
0.00060961
0.000792148
0.0011624
0.00189479
0.00320677
0.005117
0.0074465
0.00989967
0.0124634
0.0154132
0.0191904
0.023701
0.0270555
0.0239368
0.0153501
0.0139731
0.0306397
0.0513578
0.0524682
0.0571301
0.0643019
0.0701832
0.0744388
0.077446
0.0795996
0.0812114
0.0825129
0.0836055
0.084623
0.0856814
0.0868818
0.0883169
0.0900566
0.0920983
0.0943044
0.0963618
0.097398
0.0969191
0.0945953
0.090373
0.0845756
0.0777915
0.0706665
0.0637507
0.0573966
0.0518004
0.0470142
0.0429839
0.0395689
0.0366126
0.0338138
0.0312297
0.0283512
0.0263164
0.0234171
0.3089
0.23018
0.137362
0.044517
0.00377883
0.000747367
0.000872274
0.00122555
0.00195186
0.00326668
0.00519325
0.00754274
0.0099965
0.0125166
0.015361
0.0189606
0.0232027
0.0262238
0.0233622
0.0148134
0.0139681
0.0319967
0.0504379
0.051977
0.0575279
0.0653635
0.0717436
0.0763607
0.0795907
0.0818397
0.083431
0.0846076
0.0854942
0.0862332
0.0869446
0.0877325
0.0886958
0.0899151
0.0914011
0.0930318
0.0944942
0.0950198
0.0941917
0.0917043
0.0875086
0.0818984
0.0754049
0.0686083
0.0619998
0.05589
0.0504385
0.0457054
0.0416416
0.0381296
0.0350257
0.0321151
0.0294243
0.0266166
0.0245542
0.0219433
0.306552
0.213781
0.137679
0.057407
0.00844163
0.00100361
0.000983952
0.00130289
0.00201563
0.00332941
0.00527421
0.00765169
0.0101203
0.0126139
0.0153709
0.0188103
0.0228096
0.0255469
0.0228544
0.0145144
0.0141462
0.0329104
0.0494574
0.051591
0.0580256
0.0665467
0.0734619
0.0784722
0.0819453
0.0842976
0.0858654
0.0869053
0.0875647
0.0879954
0.0883218
0.0886518
0.0890896
0.0897267
0.0905869
0.0915642
0.0923548
0.092329
0.0911191
0.0884548
0.0842996
0.0789207
0.0727888
0.0664092
0.060203
0.0544286
0.0492073
0.0446044
0.0405785
0.0370333
0.0338415
0.0308532
0.028082
0.0253164
0.0232336
0.0208357
0.304676
0.200745
0.135756
0.0684535
0.0149513
0.00150462
0.00114579
0.00140121
0.00208927
0.00339572
0.00535857
0.00777027
0.0102668
0.0127516
0.0154419
0.0187457
0.02254
0.0250526
0.0224872
0.0144556
0.0145056
0.0334337
0.0484598
0.0512822
0.0585792
0.0677943
0.075268
0.0806932
0.0844227
0.0868816
0.0884202
0.0893095
0.0897198
0.0898132
0.0897195
0.0895503
0.0894158
0.0894182
0.0895935
0.0898516
0.0899223
0.0893077
0.0876821
0.08482
0.0807055
0.0755846
0.0698674
0.0639782
0.058259
0.0529052
0.0479956
0.0435961
0.0396727
0.03615
0.0329194
0.029884
0.0270564
0.0243186
0.0222215
0.0199844
0.303154
0.190441
0.132332
0.0771389
0.0227302
0.00253882
0.00139064
0.00153093
0.0021776
0.00346742
0.00544585
0.00789635
0.0104329
0.012927
0.0155748
0.0187752
0.0224134
0.024768
0.0223221
0.0146454
0.0149917
0.0336514
0.0474778
0.0510315
0.059158
0.0690655
0.0771113
0.0829652
0.0869591
0.089525
0.0910268
0.0917509
0.0918906
0.0916196
0.0910741
0.0903701
0.0896238
0.0889486
0.0883923
0.0878823
0.087208
0.0859736
0.0839009
0.0808166
0.0767325
0.0718798
0.0666114
0.0612688
0.0561079
0.0512515
0.0467303
0.0426038
0.0388437
0.0353942
0.0321681
0.0291139
0.0262518
0.023536
0.0214308
0.0193179
0.301905
0.182324
0.128025
0.0833307
0.0309132
0.0048179
0.0017791
0.00170819
0.00228766
0.00354757
0.00553637
0.0080283
0.0106157
0.0131377
0.0157701
0.0189056
0.0224462
0.0247161
0.0224044
0.0150875
0.0155574
0.0336429
0.0465356
0.0508252
0.0597403
0.0703302
0.0789535
0.0852435
0.0895058
0.0921766
0.0936333
0.0941775
0.0940266
0.0933668
0.0923419
0.0910734
0.0896837
0.0882982
0.0869758
0.0856707
0.0842423
0.0823667
0.0798217
0.0764908
0.0724192
0.0678302
0.0630254
0.0582661
0.0537189
0.0494255
0.0453631
0.0415754
0.0380361
0.0347076
0.0315256
0.0284792
0.0256031
0.022909
0.020802
0.0187873
0.300872
0.175949
0.123318
0.0871528
0.0389956
0.0086249
0.00242077
0.00195849
0.00242971
0.00364083
0.0056313
0.00816488
0.0108124
0.0133805
0.0160264
0.0191408
0.0226494
0.0249128
0.0227634
0.0157789
0.0161726
0.03348
0.045651
0.0506533
0.0603098
0.0715654
0.0807644
0.087493
0.0920243
0.0947966
0.0961994
0.0965498
0.09609
0.0950201
0.0934929
0.0916364
0.0895798
0.0874612
0.0853503
0.0832484
0.0810678
0.0785407
0.0755072
0.071909
0.0678277
0.0634852
0.0591404
0.0549804
0.0510837
0.0474047
0.0438632
0.0404753
0.0372113
0.0340492
0.0309482
0.0279354
0.0250648
0.0223955
0.0202933
0.0183585
0.300013
0.170953
0.118566
0.0888864
0.0464946
0.0138565
0.00351754
0.00232314
0.00261881
0.0037541
0.005733
0.00830534
0.01102
0.0136511
0.0163397
0.0194803
0.0230269
0.0253653
0.0234145
0.0167147
0.0168253
0.0332263
0.0448378
0.0505086
0.0608545
0.0727529
0.0825202
0.0896851
0.0944836
0.0973527
0.0986931
0.0988371
0.0980524
0.0965546
0.0945069
0.092045
0.0893058
0.086441
0.0835322
0.0806567
0.0777327
0.0745566
0.0710295
0.0671501
0.0630365
0.0589139
0.0550079
0.0514419
0.048212
0.0451826
0.0422139
0.03928
0.036342
0.0333894
0.0304046
0.0274503
0.0246038
0.0219647
0.0198742
0.0180077
0.299295
0.167046
0.114012
0.0888975
0.0529964
0.0200681
0.00546191
0.00287045
0.00287741
0.00389737
0.0058454
0.00844966
0.0112352
0.013944
0.0167034
0.0199183
0.0235752
0.0260722
0.0243622
0.0178926
0.0175217
0.0329371
0.0441059
0.0503857
0.061365
0.0738782
0.0842008
0.0917962
0.0968579
0.0998186
0.101089
0.101015
0.0998922
0.0979523
0.0953707
0.0922919
0.0888621
0.085247
0.081552
0.0779345
0.0742876
0.0704774
0.0664644
0.0622993
0.058134
0.0541989
0.0506957
0.0476976
0.0451291
0.042767
0.0404093
0.0379758
0.0354098
0.0327071
0.0298716
0.0270001
0.0241956
0.0215938
0.0195218
0.0177155
0.298694
0.163999
0.109808
0.0875816
0.0582095
0.0267579
0.00850871
0.00371289
0.0032395
0.00408512
0.00597467
0.00859891
0.011455
0.0142529
0.0171078
0.0204437
0.0242829
0.0270239
0.0256033
0.019315
0.0182842
0.03266
0.0434633
0.0502807
0.0618343
0.0749291
0.0857898
0.0938065
0.0991256
0.102172
0.103365
0.103065
0.101593
0.0992005
0.096076
0.092375
0.0882534
0.0838922
0.0794459
0.0751205
0.0707814
0.0663644
0.0618862
0.057443
0.0532135
0.0494319
0.0462839
0.0438082
0.0418733
0.0401779
0.0384532
0.0365565
0.0344027
0.031987
0.0293324
0.0265668
0.0238218
0.0212653
0.019219
0.0174675
0.298188
0.161629
0.106038
0.0853229
0.061982
0.0334542
0.0126369
0.00503399
0.00375736
0.00433823
0.00613005
0.00875581
0.0116768
0.0145708
0.017541
0.0210408
0.0251316
0.0282037
0.0271289
0.0209895
0.0191493
0.0324363
0.0429163
0.0501913
0.062257
0.0758957
0.0872731
0.095699
0.101268
0.104396
0.105505
0.10497
0.103142
0.10029
0.0966186
0.0922952
0.0874874
0.0823914
0.0772532
0.0722512
0.0672593
0.0622745
0.0573648
0.0526638
0.0483673
0.0447083
0.0418608
0.0398453
0.0384944
0.0374434
0.0363578
0.0350228
0.0333144
0.0312191
0.0287745
0.0261372
0.0234684
0.0209659
0.0189524
0.0172525
0.297761
0.159792
0.102733
0.0824662
0.0642953
0.0397222
0.0175856
0.00710945
0.00451211
0.00468722
0.00632509
0.00892545
0.0118992
0.0148906
0.0179897
0.0216894
0.0260964
0.0295886
0.0289266
0.0229269
0.0201646
0.0323023
0.0424706
0.0501166
0.0626291
0.0767697
0.0886383
0.0974589
0.103271
0.106473
0.107494
0.10672
0.10453
0.101216
0.0969969
0.0920559
0.0865732
0.0807722
0.0750019
0.0693595
0.0637615
0.0582574
0.0529619
0.0480363
0.0436822
0.0401215
0.037518
0.0358878
0.0350513
0.0346011
0.0341427
0.0333813
0.0321433
0.0303969
0.0281889
0.0257011
0.0231245
0.0206851
0.0187115
0.0170615
0.297401
0.158377
0.0998909
0.0793015
0.0652428
0.0451992
0.0230904
0.0101032
0.00562859
0.00517707
0.00657927
0.00911618
0.0121225
0.0152061
0.0184397
0.0223666
0.0271472
0.0311505
0.0309807
0.0251386
0.0213841
0.0322911
0.0421321
0.0500569
0.062948
0.077544
0.089875
0.0990736
0.105118
0.108391
0.109319
0.108303
0.105751
0.101973
0.0972112
0.0916619
0.0855209
0.0790689
0.0727127
0.0664736
0.0603218
0.0543549
0.0487292
0.0436246
0.0392345
0.0357585
0.0333454
0.0320184
0.0316097
0.0316963
0.031834
0.0316439
0.0308918
0.0295176
0.0275697
0.025251
0.0227819
0.0204146
0.018488
0.0168876
0.297095
0.157293
0.0974883
0.0760577
0.0650005
0.049616
0.0288287
0.0140027
0.00729678
0.00587473
0.00692055
0.00934078
0.0123494
0.0155122
0.0188773
0.0230481
0.02825
0.0328565
0.0332725
0.0276336
0.0228637
0.0324348
0.0419077
0.0500146
0.0632123
0.0782128
0.0909737
0.100531
0.106799
0.110137
0.110971
0.109712
0.106797
0.102561
0.0972631
0.0911187
0.0843401
0.0773155
0.0704046
0.0636168
0.0569676
0.0506
0.0447075
0.0394789
0.0350868
0.0316939
0.0294261
0.028319
0.0282391
0.0287803
0.0294638
0.0298271
0.0295663
0.028581
0.0269132
0.0247815
0.022434
0.020148
0.0182753
0.0167251
0.296836
0.156471
0.0954875
0.0729041
0.0637953
0.0528099
0.0344511
0.0186699
0.00968486
0.00687941
0.0073891
0.00961798
0.0125864
0.0158062
0.0192908
0.023707
0.0293676
0.0346693
0.0357794
0.0304161
0.0246561
0.0327663
0.0418058
0.049994
0.0634224
0.0787713
0.0919261
0.101822
0.108302
0.111701
0.112439
0.11094
0.107666
0.102978
0.0971549
0.0904322
0.0830626
0.0755222
0.0680935
0.0608077
0.0537197
0.0470169
0.0409258
0.0356353
0.0312845
0.0279859
0.0258307
0.0248656
0.0250099
0.0259078
0.0270687
0.0279518
0.0281762
0.0275896
0.0262179
0.0242888
0.0220763
0.0198803
0.0180683
0.0165695
0.296616
0.155854
0.0938448
0.0699562
0.0618745
0.0547263
0.0396159
0.0238744
0.0128828
0.00832461
0.00803981
0.00997593
0.0128455
0.0160888
0.0196714
0.0243152
0.0304619
0.0365476
0.0384743
0.0334836
0.0268059
0.0333206
0.0418378
0.0500025
0.0635802
0.0792157
0.0927248
0.102937
0.109618
0.113074
0.113717
0.111981
0.108355
0.103223
0.0968895
0.089608
0.08172
0.073698
0.0657928
0.0580604
0.0505929
0.0436218
0.0374025
0.0321154
0.0278554
0.024673
0.0226123
0.0217237
0.0219885
0.0231354
0.0246886
0.0260422
0.0267338
0.0265482
0.0254841
0.023771
0.0217051
0.0196074
0.0178625
0.016417
0.296427
0.155401
0.0925152
0.0672847
0.0594799
0.0554107
0.0440218
0.0293255
0.0168828
0.0103503
0.00894469
0.0104461
0.0131512
0.0163684
0.0200148
0.0248538
0.0314945
0.0384459
0.0413251
0.0368263
0.0293463
0.0341357
0.0420183
0.0500512
0.0636898
0.0795436
0.0933631
0.103866
0.110737
0.114247
0.114797
0.11283
0.10886
0.103297
0.09647
0.0886719
0.0803219
0.0718509
0.0635125
0.0553848
0.0475968
0.0404239
0.034146
0.0289273
0.0248094
0.0217726
0.0198033
0.0189425
0.0192338
0.0205178
0.0223652
0.0241251
0.025254
0.0254634
0.0247135
0.023227
0.0213181
0.0193266
0.0176548
0.0162647
0.296266
0.155076
0.0914547
0.064925
0.0568291
0.0549914
0.0474356
0.0347028
0.0215659
0.0130829
0.0101984
0.0110714
0.0135245
0.0166689
0.020323
0.0253101
0.0324294
0.0403154
0.0442933
0.0404269
0.0322965
0.0352521
0.0423662
0.0501573
0.0637579
0.0797533
0.0938348
0.104603
0.111651
0.115213
0.115673
0.113483
0.10918
0.103201
0.0959016
0.0876515
0.0788719
0.0699879
0.0612601
0.0527874
0.0447364
0.0374263
0.0311565
0.0260677
0.0221412
0.0192821
0.0174131
0.0165516
0.0167923
0.018105
0.02014
0.0222291
0.0237536
0.0243437
0.0239094
0.0226571
0.0209139
0.0190355
0.0174426
0.0161103
0.296128
0.154852
0.0906228
0.0628858
0.0541039
0.0536551
0.0497115
0.039684
0.026722
0.0165931
0.0119163
0.0119086
0.0139939
0.0170043
0.020622
0.0256788
0.0332345
0.0421047
0.0473343
0.0442604
0.0356607
0.0367103
0.0429058
0.0503457
0.0637945
0.0798447
0.0941345
0.105138
0.112351
0.115962
0.116337
0.113934
0.109312
0.102934
0.0952127
0.0865495
0.077374
0.0681147
0.0590409
0.0502718
0.0420132
0.0346274
0.0284281
0.0235248
0.0198331
0.0171823
0.0154302
0.0145589
0.0146945
0.0159387
0.0180522
0.0203833
0.022251
0.0231991
0.0230762
0.0220627
0.020492
0.0187329
0.0172239
0.0159518
0.296009
0.154707
0.0899826
0.0611577
0.0514452
0.0516214
0.0508001
0.0439715
0.0320782
0.0208581
0.0142217
0.0130314
0.014597
0.0173949
0.0209334
0.0259777
0.0338845
0.0437611
0.0503965
0.0482951
0.0394276
0.0385473
0.0436668
0.0506361
0.0638265
0.079819
0.0942572
0.105467
0.112831
0.116489
0.116785
0.114181
0.109256
0.102517
0.0944112
0.0853687
0.075832
0.0662357
0.0568583
0.0478395
0.0394262
0.0320224
0.0259504
0.0212804
0.0178591
0.0154423
0.0138265
0.0129517
0.0129527
0.0140498
0.0161366
0.0186162
0.0207651
0.0220405
0.0222194
0.0214456
0.0200525
0.0184178
0.0169972
0.0157879
0.295906
0.154625
0.0895019
0.0597194
0.0489534
0.0491172
0.0507457
0.0473179
0.0373274
0.0257491
0.0172207
0.0145303
0.0153823
0.0178675
0.0212722
0.0262508
0.0343634
0.0452328
0.053421
0.0524918
0.0435713
0.0407913
0.0446637
0.0510332
0.0638613
0.0797029
0.0942187
0.105584
0.113082
0.116786
0.11701
0.114222
0.109023
0.101955
0.0935
0.0841123
0.0742495
0.0643542
0.0547141
0.0454902
0.0369721
0.0296042
0.0237099
0.0193132
0.0161893
0.0140251
0.012563
0.0117008
0.0115611
0.0124556
0.0144214
0.0169545
0.0193155
0.0208798
0.0213453
0.020809
0.0195962
0.0180899
0.0167617
0.0156175
0.295817
0.154592
0.0891527
0.0585427
0.0466926
0.0463555
0.0496736
0.049549
0.0421544
0.0310439
0.0209659
0.0165085
0.0164105
0.0184571
0.0216592
0.0265292
0.0346926
0.0464716
0.0563423
0.0568043
0.0480531
0.0434566
0.0459051
0.0515496
0.0639078
0.0795049
0.0940258
0.105499
0.113108
0.116852
0.117014
0.114062
0.108618
0.101253
0.092482
0.0827831
0.0726294
0.0624726
0.052609
0.0432223
0.0346469
0.0273645
0.0216921
0.0176007
0.0147928
0.0128926
0.0115974
0.010767
0.0104981
0.0111595
0.012927
0.0154219
0.017921
0.0197295
0.0204611
0.0201562
0.0191245
0.0177495
0.0165168
0.0154398
0.295739
0.154596
0.088911
0.0575968
0.0446962
0.0435205
0.0477687
0.0505794
0.0462623
0.0364552
0.0254221
0.019069
0.0177555
0.0192074
0.0221216
0.02683
0.0349335
0.047436
0.0590886
0.0611788
0.0528244
0.0465379
0.0474027
0.0521999
0.063977
0.0792353
0.0936869
0.105221
0.112914
0.116693
0.1168
0.113706
0.108044
0.100414
0.0913604
0.0813841
0.0709746
0.0605925
0.050543
0.0410338
0.0324456
0.0252941
0.019882
0.0161205
0.0136401
0.0120092
0.0108886
0.010108
0.00973198
0.0101521
0.0116643
0.0140377
0.0165993
0.018602
0.0195743
0.0194913
0.0186393
0.0173971
0.0162624
0.0152545
0.295671
0.154629
0.0887568
0.0568507
0.0429742
0.0407585
0.0452505
0.0504179
0.0493983
0.0416621
0.0304496
0.0222917
0.0195018
0.0201723
0.0226937
0.0271762
0.0351607
0.0481038
0.0615834
0.0655526
0.0578295
0.0500046
0.0491758
0.0530001
0.064082
0.0789058
0.093212
0.104755
0.112507
0.116312
0.116375
0.113157
0.107306
0.0994421
0.0901383
0.0799184
0.0692874
0.0587153
0.0485154
0.0389219
0.0303631
0.0233842
0.0182649
0.0148517
0.0127049
0.0113435
0.0104009
0.00968391
0.00922581
0.00941395
0.0106355
0.0128163
0.0153666
0.0175097
0.0186928
0.018819
0.0181429
0.0170337
0.0159987
0.0150614
0.295612
0.154684
0.0886731
0.0562745
0.0415198
0.0381758
0.0423464
0.0491634
0.0513779
0.0463393
0.0358118
0.0262033
0.0217376
0.0214148
0.0234174
0.0275966
0.0353924
0.0485355
0.0637486
0.0698528
0.0630088
0.0538149
0.0512401
0.0539673
0.0642377
0.0785301
0.0926128
0.104113
0.111894
0.115717
0.115742
0.112421
0.106406
0.0983401
0.0888191
0.0783889
0.0675701
0.0568417
0.0465254
0.036884
0.0283944
0.0216259
0.016827
0.0137753
0.0119639
0.0108695
0.0101047
0.00946036
0.00894339
0.00891935
0.00983467
0.0117667
0.0142363
0.0164643
0.0178248
0.018144
0.0176379
0.0166607
0.0157261
0.0148607
0.29556
0.154754
0.0886455
0.0558412
0.0403148
0.0358403
0.0392701
0.0469887
0.0521032
0.0501857
0.0412011
0.0307475
0.024541
0.0230062
0.0243419
0.0281263
0.0356527
0.0488192
0.0655069
0.073995
0.0682648
0.0579208
0.0536049
0.0551186
0.0644606
0.0781233
0.0919026
0.103306
0.111084
0.114915
0.114908
0.111503
0.105351
0.0971125
0.0874065
0.0767985
0.0658247
0.0549723
0.044572
0.0349174
0.0265347
0.020011
0.0155553
0.0128743
0.0113976
0.0105658
0.00997643
0.00940971
0.00885241
0.00864033
0.00924952
0.0108927
0.0132197
0.0154768
0.0169782
0.0174716
0.0171275
0.0162798
0.0154455
0.0146527
0.295514
0.154836
0.0886623
0.0555266
0.0393347
0.0337875
0.0362034
0.0441176
0.0515736
0.0529497
0.0462742
0.0357683
0.0279583
0.02502
0.0255232
0.0288059
0.0359731
0.0490334
0.0668247
0.0778826
0.0734955
0.0622727
0.0562718
0.05647
0.0647685
0.0777023
0.0910963
0.102345
0.110089
0.113915
0.113882
0.110409
0.104145
0.0957639
0.0859043
0.0751504
0.0640531
0.0531077
0.042654
0.0330195
0.0247795
0.0185316
0.0144383
0.0121339
0.0109894
0.0104152
0.00999744
0.0095101
0.0089259
0.00854964
0.00886383
0.0101931
0.0123247
0.014557
0.016161
0.016807
0.016615
0.0158928
0.0151578
0.0144379
0.295474
0.154925
0.0887134
0.0553094
0.0385523
0.0320267
0.0332878
0.0407965
0.0498848
0.0544527
0.0506874
0.0410146
0.0319778
0.0275228
0.027022
0.0296816
0.0363908
0.0492042
0.0677542
0.0814067
0.0786243
0.0668256
0.0592333
0.0580353
0.06518
0.0772852
0.0902105
0.101245
0.108919
0.112726
0.11267
0.109146
0.102794
0.0942991
0.0843164
0.0734476
0.0622573
0.0512483
0.0407705
0.0311882
0.0231248
0.0171808
0.0134654
0.0115412
0.0107258
0.0104038
0.0101529
0.00974406
0.00914177
0.00862242
0.0086592
0.00966257
0.0115563
0.0137135
0.0153807
0.0161557
0.0161037
0.0155018
0.0148643
0.0142172
0.295439
0.155018
0.0887907
0.0551716
0.0379399
0.0305487
0.0306207
0.0372671
0.0472169
0.0546083
0.0541297
0.0461638
0.0365067
0.0305584
0.0288984
0.0308031
0.0369469
0.0493654
0.0683873
0.0844456
0.0835721
0.0715351
0.0624722
0.0598244
0.0657133
0.0768913
0.089263
0.100021
0.107587
0.11136
0.111282
0.107721
0.101305
0.0927233
0.0826473
0.0716934
0.0604393
0.0493947
0.0389207
0.0294217
0.021567
0.0159518
0.012627
0.0110854
0.0105958
0.0105205
0.0104305
0.0100969
0.00948162
0.00883666
0.00861665
0.00929291
0.0109169
0.0129531
0.0146443
0.0155232
0.0155974
0.0151093
0.0145665
0.0139913
0.295408
0.155113
0.0888872
0.0550978
0.0374714
0.0293322
0.0282588
0.0337432
0.0438116
0.0534328
0.0563509
0.0508577
0.0413594
0.0341273
0.031204
0.0322207
0.037685
0.0495568
0.0687695
0.0869523
0.088281
0.0763303
0.0659606
0.061842
0.0663857
0.0765404
0.0882732
0.0986918
0.10611
0.109829
0.109728
0.106142
0.0996831
0.0910422
0.0809014
0.0698912
0.0586012
0.0475474
0.037104
0.0277183
0.0201028
0.0148388
0.011915
0.0107573
0.0105903
0.0107561
0.0108194
0.0105554
0.00992918
0.00917277
0.00871751
0.00907354
0.010406
0.0122813
0.0139584
0.0149146
0.0151
0.0147178
0.014266
0.0137614
0.29538
0.155209
0.0889975
0.0550747
0.0371227
0.0283491
0.0262244
0.0303949
0.0399418
0.0510457
0.0571867
0.0547427
0.0462641
0.0381655
0.0339692
0.0339805
0.0386487
0.0498219
0.068941
0.0889194
0.0926775
0.0811407
0.069661
0.0640865
0.0672123
0.0762527
0.0872611
0.0972744
0.104501
0.108146
0.108019
0.10442
0.0979374
0.089262
0.0790836
0.0680445
0.056745
0.0457072
0.03532
0.026077
0.0187293
0.0138362
0.011322
0.0105492
0.0107022
0.0111027
0.0113097
0.0111068
0.0104692
0.00961283
0.0089438
0.00899249
0.0100207
0.0117017
0.0133287
0.014335
0.0146151
0.01433
0.0139647
0.0135288
0.295356
0.155303
0.0891168
0.0550916
0.0368729
0.0275688
0.0245139
0.0273415
0.0358799
0.0476573
0.0565762
0.0575072
0.0508868
0.0425294
0.0371866
0.0361158
0.0398775
0.0502054
0.0689477
0.0903527
0.096686
0.0858969
0.0735272
0.066549
0.068205
0.0760474
0.0862476
0.0957885
0.102779
0.106325
0.106167
0.102563
0.0960757
0.0873893
0.0771991
0.0661569
0.054873
0.0438748
0.0335687
0.0244967
0.0174439
0.0129391
0.0108416
0.0104551
0.0109256
0.011553
0.0118911
0.011738
0.0110864
0.0101399
0.00927829
0.00903696
0.00975646
0.0112167
0.01276
0.0137895
0.0141467
0.0139486
0.0136644
0.0132948
0.295335
0.155395
0.0892415
0.0551391
0.0367034
0.0269608
0.0231059
0.0246525
0.0318688
0.043544
0.0545719
0.0589142
0.0548684
0.0469925
0.0407944
0.0386366
0.0414014
0.0507507
0.0688382
0.0912677
0.100232
0.0905303
0.0775066
0.0692123
0.0693715
0.0759425
0.0852536
0.0942544
0.100961
0.104383
0.104186
0.100583
0.0941067
0.0854311
0.0752532
0.0642324
0.0529874
0.0420511
0.03185
0.0229771
0.0162444
0.0121431
0.0104686
0.0104701
0.0112554
0.0120999
0.0125534
0.012436
0.0117656
0.0107375
0.00970445
0.0091938
0.00960714
0.0108267
0.0122564
0.0132826
0.0136987
0.0135766
0.0133674
0.0130611
0.295316
0.155485
0.0893686
0.0552097
0.0365987
0.0264966
0.0219688
0.0223542
0.0281014
0.0390151
0.0513375
0.0588279
0.0578653
0.051259
0.0446622
0.0415161
0.0432327
0.0514898
0.0686605
0.0916888
0.103244
0.0949711
0.0815416
0.0720512
0.0707139
0.0759537
0.0842993
0.0926926
0.0990672
0.102335
0.102089
0.0984913
0.0920397
0.0833947
0.0732515
0.0622747
0.0510905
0.0402371
0.0301642
0.0215176
0.0151285
0.0114441
0.0101987
0.0105904
0.0116874
0.012736
0.0132857
0.0131872
0.012492
0.0113901
0.0102065
0.00944976
0.00956547
0.010531
0.0118211
0.0128183
0.0132749
0.0132169
0.0130759
0.0128292
0.2953
0.155571
0.0894959
0.0552971
0.0365455
0.0261508
0.0210665
0.0204402
0.0247099
0.0343756
0.0471313
0.0572307
0.0595899
0.0549911
0.0485872
0.0446776
0.0453566
0.0524347
0.0684569
0.0916474
0.105656
0.0991451
0.0855706
0.0750323
0.0722283
0.0760933
0.083404
0.0911238
0.0971158
0.100199
0.0998917
0.0962998
0.0898846
0.0812878
0.0711997
0.0602879
0.0491846
0.0384337
0.028512
0.0201183
0.0140944
0.0108387
0.0100284
0.0108133
0.0122172
0.0134536
0.0140764
0.0139783
0.0132511
0.0120827
0.0107695
0.00979183
0.00962344
0.0103279
0.0114566
0.0124007
0.0128789
0.0128727
0.0127923
0.012601
0.295285
0.155653
0.0896217
0.0553961
0.0365327
0.0259012
0.0203627
0.0188815
0.0217664
0.0298924
0.0422776
0.05423
0.0598449
0.0578474
0.0523023
0.0479849
0.0477209
0.0535791
0.0682594
0.0911792
0.107405
0.10297
0.0895291
0.0781144
0.0739033
0.0763695
0.082585
0.0895679
0.0951267
0.0979932
0.0976081
0.0940212
0.0876515
0.0791184
0.0691036
0.0582758
0.0472718
0.036642
0.0268941
0.0187792
0.0131403
0.010324
0.00995517
0.0111366
0.0128406
0.0142436
0.014914
0.014797
0.0140302
0.0128023
0.0113798
0.0102075
0.00977262
0.0102144
0.0111641
0.0120331
0.0125144
0.012547
0.012519
0.0123785
0.295272
0.155732
0.0897445
0.0555027
0.0365511
0.0257288
0.0198232
0.0176369
0.019291
0.02577
0.0371262
0.050051
0.0585498
0.0595232
0.0554981
0.0512404
0.0502271
0.0548866
0.0680828
0.0903209
0.108439
0.106354
0.0933475
0.0812489
0.0757197
0.076785
0.0818565
0.0880439
0.0931194
0.0957345
0.0952543
0.0916685
0.0853508
0.0768944
0.0669692
0.0562422
0.0453545
0.0348631
0.0253113
0.0175006
0.0122646
0.00989747
0.00997738
0.0115587
0.0135525
0.0150966
0.015787
0.0156324
0.0148189
0.0135378
0.0120254
0.0106851
0.0100045
0.010187
0.0109446
0.0117183
0.0121847
0.0122428
0.0122586
0.0121637
0.295261
0.155807
0.0898636
0.0556135
0.0365929
0.0256178
0.0194177
0.0166604
0.0172651
0.0221392
0.0320103
0.0450129
0.0557559
0.0597905
0.0578549
0.0541939
0.0527254
0.0562836
0.0679181
0.0891042
0.108714
0.109191
0.0969497
0.0843797
0.07765
0.0773364
0.0812294
0.0865685
0.0911121
0.0934407
0.0928457
0.0892547
0.082993
0.0746239
0.064802
0.054191
0.0434344
0.0330982
0.023765
0.0162827
0.011466
0.00955737
0.0100942
0.0120782
0.0143471
0.0160021
0.0166844
0.0164759
0.0156096
0.0142809
0.0126964
0.0112142
0.0103106
0.0102416
0.0107981
0.011459
0.0118932
0.0119634
0.0120138
0.0119589
0.295251
0.155877
0.0899782
0.055726
0.036652
0.0255551
0.0191199
0.0159067
0.0156451
0.0190591
0.0272081
0.039492
0.0516474
0.05853
0.0590816
0.0565618
0.0550172
0.0576547
0.0677258
0.0875507
0.108197
0.111366
0.100248
0.0874431
0.0796576
0.078013
0.0807094
0.085156
0.089122
0.091129
0.0903976
0.0867928
0.0805885
0.0723146
0.0626076
0.0521254
0.0415136
0.0313484
0.0222565
0.0151261
0.0107434
0.00930246
0.0103054
0.0126938
0.0152174
0.0169491
0.0175968
0.0173211
0.016398
0.0150266
0.0133853
0.0117856
0.0106831
0.0103737
0.0107242
0.0112573
0.011643
0.0117117
0.0117874
0.0117662
0.295242
0.155944
0.090088
0.0558383
0.0367233
0.0255298
0.0189078
0.0153342
0.0143753
0.0165297
0.0229173
0.0338729
0.046526
0.0557543
0.058954
0.0580567
0.056866
0.0588432
0.0674303
0.0856651
0.106864
0.112753
0.103142
0.0903661
0.0816964
0.0787957
0.0802968
0.083817
0.0871641
0.0888149
0.0879247
0.0842952
0.0781473
0.0699742
0.060391
0.0500486
0.0395936
0.0296151
0.0207873
0.0140312
0.0100957
0.00913217
0.0106116
0.0134034
0.0161552
0.0179263
0.0185161
0.0181649
0.017183
0.0157729
0.0140872
0.012392
0.0111146
0.0105789
0.0107219
0.0111149
0.011437
0.0114909
0.0115823
0.0115882
0.295234
0.156007
0.0901927
0.0559489
0.0368029
0.0255329
0.0187631
0.0149065
0.0133972
0.0145093
0.0192465
0.0285001
0.0407763
0.0516164
0.0573501
0.0584217
0.0580174
0.0596571
0.0669248
0.0834298
0.104698
0.113226
0.10551
0.0930645
0.0837101
0.0796563
0.079985
0.0825577
0.0852507
0.0865127
0.0854406
0.0817738
0.0756788
0.0676095
0.0581569
0.0479632
0.0376757
0.0278996
0.0193593
0.0129988
0.00952248
0.00904662
0.0110138
0.0142045
0.0171508
0.0189229
0.0194364
0.0190069
0.0179668
0.0165208
0.0147999
0.0130277
0.0115989
0.0108527
0.0107902
0.0110333
0.011278
0.0113041
0.0114014
0.0114275
0.295227
0.156066
0.0902922
0.0560568
0.0368874
0.0255573
0.0186709
0.0145933
0.0126553
0.0129329
0.0162234
0.023638
0.0348167
0.0464004
0.0542764
0.0574671
0.0582263
0.0598836
0.0660682
0.0807996
0.101683
0.11266
0.107212
0.0954395
0.085631
0.0805564
0.0797594
0.0813787
0.0833902
0.0842342
0.0829571
0.0792392
0.0731916
0.0652267
0.0559093
0.0458713
0.035761
0.0262033
0.0179745
0.0120294
0.00902341
0.00904662
0.0115134
0.0150934
0.0181931
0.0199284
0.0203542
0.0198491
0.0187542
0.0172742
0.0155235
0.0136892
0.0121304
0.0111911
0.0109276
0.0110136
0.0111687
0.0111544
0.0112478
0.0112868
0.295221
0.156122
0.0903864
0.0561611
0.0369746
0.0255973
0.0186191
0.0143695
0.012101
0.0117267
0.0138138
0.0194489
0.0290426
0.0404919
0.0498811
0.0551042
0.0572894
0.0593102
0.064699
0.0776974
0.0978053
0.110944
0.108092
0.097375
0.0873785
0.0814464
0.0795964
0.0802742
0.0815871
0.0819881
0.0804844
0.0767006
0.0706931
0.062831
0.0536511
0.0437745
0.0338505
0.0245281
0.016635
0.0111238
0.00859867
0.00913371
0.0121121
0.016065
0.0192699
0.0209339
0.0212682
0.0206962
0.0195522
0.0180388
0.0162602
0.0143745
0.0127051
0.0115901
0.0111327
0.0110568
0.0111116
0.0110449
0.0111247
0.011169
0.295215
0.156174
0.0904755
0.0562613
0.0370624
0.0256481
0.0185979
0.0142149
0.0116931
0.0108192
0.0119452
0.0159936
0.023774
0.0343287
0.0444486
0.0513714
0.0550786
0.0577512
0.0626518
0.074043
0.0930439
0.107986
0.10798
0.098735
0.0888573
0.0822642
0.0794624
0.079231
0.0798402
0.0797796
0.0780296
0.0741651
0.068189
0.0604263
0.0513846
0.0416736
0.0319448
0.0228758
0.0153433
0.0102829
0.00824891
0.00931019
0.0128113
0.0171123
0.0203683
0.0219315
0.022179
0.0215541
0.0203689
0.018822
0.0170141
0.0150833
0.0133196
0.0120466
0.0114041
0.0111638
0.0111093
0.0109786
0.0110354
0.0110772
0.295211
0.156223
0.0905596
0.0563573
0.0371496
0.0257064
0.0185996
0.0141132
0.0113983
0.0101462
0.0105287
0.0132491
0.0192205
0.0283382
0.0383721
0.0464472
0.0515714
0.0550784
0.0597797
0.0697801
0.0874258
0.103729
0.106705
0.0993641
0.0899554
0.0829344
0.0793126
0.078227
0.0781423
0.0776093
0.075597
0.0716375
0.0656834
0.0580151
0.0491108
0.0395688
0.0300445
0.0212489
0.014102
0.00950793
0.00797534
0.00957904
0.0136121
0.0182265
0.0214746
0.0229155
0.0230893
0.0224303
0.0212135
0.0196317
0.0177903
0.0158168
0.0139719
0.0125578
0.0117407
0.0113354
0.0111641
0.0109589
0.0109834
0.0110146
0.295206
0.156268
0.0906387
0.0564487
0.0372351
0.0257693
0.0186181
0.0140516
0.0111899
0.00965408
0.00947466
0.0111375
0.0154718
0.0228757
0.0321025
0.0406442
0.046874
0.0512515
0.0559816
0.0648324
0.0809909
0.0981543
0.104112
0.099091
0.0905436
0.083367
0.0790899
0.0772309
0.0764788
0.0754726
0.0731866
0.0691197
0.0631779
0.0555982
0.0468296
0.0374597
0.0281502
0.0196503
0.0129141
0.00880011
0.0077798
0.00994398
0.0145149
0.0193964
0.0225755
0.0238821
0.0240033
0.0233322
0.0220944
0.020476
0.0185943
0.016577
0.014661
0.0131215
0.0121412
0.0115725
0.0112786
0.010989
0.0109723
0.0109847
0.295202
0.156311
0.090713
0.0565355
0.0373181
0.0258346
0.0186487
0.0140202
0.0110468
0.00929943
0.0087024
0.00955459
0.0125144
0.0181781
0.0260816
0.0343781
0.0412291
0.0463436
0.0512299
0.0591595
0.0737783
0.0912929
0.100076
0.0977375
0.0904756
0.0834569
0.0787244
0.0762005
0.0748272
0.0733589
0.0707942
0.0666103
0.0606718
0.0531745
0.0445394
0.0353451
0.0262629
0.0180833
0.0117824
0.00816111
0.00766482
0.0104093
0.015519
0.0206085
0.0236581
0.0248291
0.0249258
0.0242676
0.0230202
0.0213622
0.0194319
0.0173667
0.0153866
0.0137362
0.012605
0.0118759
0.0114552
0.0110723
0.0110061
0.0109913
0.295199
0.156351
0.0907827
0.0566176
0.0373982
0.0259009
0.0186875
0.014011
0.0109529
0.00904812
0.00814423
0.00839259
0.0102637
0.0143474
0.0206719
0.0281116
0.0350024
0.0405576
0.0455975
0.0527819
0.0658623
0.0832304
0.0945267
0.0951335
0.0895925
0.0830842
0.0781329
0.0750826
0.0731563
0.0712508
0.0684105
0.064104
0.0581613
0.0507408
0.0422376
0.0332236
0.0243838
0.0165521
0.0107103
0.00759297
0.00763368
0.0109799
0.016622
0.0218472
0.0247104
0.0257565
0.0258623
0.0252429
0.0239969
0.0222966
0.0203083
0.0181891
0.0161493
0.0144008
0.0131315
0.0122467
0.0116966
0.0112123
0.0110889
0.0110384
0.295196
0.156388
0.090848
0.0566952
0.037475
0.0259669
0.0187319
0.0140181
0.0108954
0.00887383
0.00774608
0.00755379
0.00860028
0.0113665
0.0161045
0.0222795
0.0286417
0.0342225
0.0392763
0.045806
0.0573711
0.074121
0.0874658
0.0911377
0.087731
0.0821168
0.0772195
0.0738127
0.0714252
0.0691234
0.0660207
0.0615914
0.0556398
0.0482916
0.0399201
0.0310935
0.022515
0.0150617
0.00970144
0.00709822
0.00769048
0.0116608
0.0178192
0.023095
0.0257223
0.0266655
0.0268182
0.0262636
0.0250299
0.0232837
0.0212279
0.0190472
0.01695
0.0151151
0.0137206
0.012686
0.0120056
0.0114127
0.0112251
0.0111302
0.295193
0.156422
0.090909
0.0567682
0.0375483
0.0260318
0.0187796
0.0140367
0.0108649
0.0087565
0.0074661
0.00695671
0.00739904
0.00913644
0.0124616
0.0172136
0.0226071
0.0277641
0.032579
0.0384423
0.0485057
0.0641979
0.0789906
0.0856629
0.0847383
0.0804153
0.0758773
0.0723153
0.0695838
0.0669438
0.0636038
0.0590584
0.0530972
0.0458196
0.037582
0.0289532
0.0206598
0.0136176
0.00875951
0.00667994
0.00784014
0.0124575
0.0191034
0.0243325
0.0266854
0.0275585
0.0277981
0.0273332
0.0261207
0.024326
0.0221939
0.0199438
0.0177901
0.0158789
0.0143724
0.0131952
0.0123852
0.0116775
0.0114193
0.0112714
0.295191
0.156454
0.0909659
0.0568368
0.0376179
0.026095
0.0188291
0.0140634
0.010854
0.00868098
0.0072726
0.00653706
0.00654715
0.00752037
0.00969774
0.0130925
0.0172874
0.0216425
0.0259156
0.0310096
0.039554
0.0537831
0.0693111
0.0787046
0.080492
0.0778424
0.0739922
0.0705053
0.0675728
0.064671
0.061133
0.0564868
0.0505203
0.0433153
0.0352177
0.0268018
0.0188229
0.0122264
0.00788866
0.00634185
0.00808845
0.0133751
0.0204641
0.0255397
0.0275934
0.0284388
0.0288056
0.0284531
0.0272699
0.0254242
0.023208
0.0208812
0.018671
0.0166927
0.0150875
0.013776
0.0128386
0.012011
0.0116768
0.0114671
0.295189
0.156483
0.0910189
0.0569011
0.0376838
0.0261559
0.0188791
0.0140954
0.0108573
0.00863594
0.00714191
0.00624591
0.00595176
0.00637777
0.00768614
0.00993445
0.0129258
0.0162653
0.0197346
0.0239124
0.0308909
0.0432914
0.0587626
0.0703694
0.0749264
0.0742776
0.0714496
0.0682915
0.0653252
0.0622598
0.058576
0.0538535
0.0478928
0.0407677
0.0328213
0.0246397
0.0170108
0.0108955
0.00709338
0.00608834
0.00844208
0.014418
0.0218872
0.026696
0.0284422
0.0293098
0.0298428
0.0296222
0.028475
0.0265767
0.0242709
0.0218612
0.0195945
0.0175575
0.0158668
0.0144303
0.0133693
0.0124177
0.0120031
0.0117225
0.295187
0.15651
0.0910681
0.0569612
0.037746
0.0262142
0.0189288
0.0141309
0.0108705
0.00861293
0.00705658
0.00604695
0.00554087
0.00558504
0.00626915
0.00763581
0.00958692
0.0118981
0.0144318
0.0175806
0.0229519
0.0332194
0.0478091
0.0608988
0.0680616
0.0696366
0.0681446
0.0655815
0.062769
0.0596593
0.0558954
0.0511321
0.0451961
0.0381651
0.030388
0.0224695
0.0152323
0.00963274
0.00637859
0.0059245
0.00890854
0.0155898
0.0233544
0.0277816
0.0292302
0.0301748
0.0309099
0.0308369
0.029731
0.0277799
0.0253814
0.0228848
0.020562
0.0184744
0.0167117
0.0151603
0.0139811
0.0129023
0.0124041
0.0120435
0.295185
0.156535
0.0911136
0.0570173
0.0378044
0.0262698
0.0189774
0.0141683
0.0108905
0.00860569
0.00700381
0.00591367
0.00526083
0.00504315
0.00529532
0.00603026
0.00718176
0.00861403
0.0102514
0.0123721
0.0161671
0.0241076
0.0370277
0.0506835
0.0600324
0.0638953
0.0639967
0.0622893
0.0598311
0.0568124
0.0530498
0.0482932
0.0424105
0.0354957
0.0279143
0.0202966
0.0134986
0.00844677
0.00574961
0.00585614
0.00949612
0.016892
0.0248431
0.028778
0.0299573
0.0310364
0.0320048
0.032091
0.0310308
0.0290287
0.0265376
0.0239524
0.0215749
0.0194447
0.0176238
0.0159686
0.0146781
0.0134702
0.0128861
0.0124361
0.295184
0.156557
0.0911557
0.0570695
0.0378592
0.0263226
0.0190246
0.0142065
0.0109152
0.00860961
0.00697429
0.00582692
0.00507267
0.00467736
0.00463821
0.00494291
0.00553252
0.00631019
0.00722586
0.00846455
0.0108526
0.0164609
0.0270641
0.0402583
0.0511115
0.0571171
0.058968
0.058347
0.0564443
0.053663
0.0499972
0.0453066
0.039516
0.0327498
0.0254004
0.0181306
0.0118233
0.00734653
0.00521225
0.00588981
0.0102138
0.0183236
0.0263269
0.029669
0.0306254
0.0318962
0.0331231
0.0333762
0.0323656
0.0303165
0.0277361
0.0250636
0.0226348
0.0204704
0.0186051
0.016858
0.0154648
0.0141267
0.013456
0.0129069
0.295182
0.156578
0.0911944
0.0571179
0.0379105
0.0263723
0.0190699
0.0142446
0.0109427
0.00862129
0.00696124
0.005773
0.00494861
0.00443348
0.00420103
0.00422256
0.00444194
0.00478191
0.00519903
0.00579822
0.00709407
0.0106214
0.0185415
0.0302679
0.0417179
0.0494761
0.0530849
0.0537184
0.0525558
0.0501613
0.0466979
0.0421441
0.0364956
0.029921
0.0228509
0.015986
0.010222
0.00634119
0.00477267
0.00603276
0.0110713
0.0198803
0.0277754
0.0304414
0.0312374
0.0327542
0.0342582
0.034682
0.0337249
0.0316355
0.028973
0.0262176
0.0237427
0.0215532
0.0196582
0.0178317
0.0163461
0.0148778
0.014121
0.0134625
0.295181
0.156597
0.0912299
0.0571627
0.0379582
0.0264191
0.0191131
0.014282
0.0109717
0.0086382
0.00695974
0.00574214
0.00486906
0.00427322
0.00391367
0.00375273
0.00373818
0.00380704
0.00391971
0.0041246
0.00470282
0.00663458
0.011916
0.0213845
0.0324004
0.041274
0.0464594
0.0484158
0.0481383
0.0462713
0.0431204
0.0387834
0.0333376
0.0270095
0.0202775
0.0138827
0.00871226
0.00543987
0.00443731
0.00629301
0.0120783
0.0215526
0.0291552
0.0310856
0.0317971
0.0336088
0.0354008
0.0359962
0.0350976
0.0329775
0.0302436
0.0274134
0.0249
0.0226953
0.0207857
0.0188934
0.017327
0.0157294
0.0148885
0.0141097
0.29518
0.156614
0.0912623
0.057204
0.0380025
0.0264629
0.019154
0.0143183
0.0110014
0.00865848
0.00696624
0.0057274
0.00482033
0.00417
0.00372713
0.0034499
0.00329099
0.0031995
0.00314138
0.00313332
0.00331149
0.00421406
0.00731617
0.0141671
0.0237788
0.0329365
0.0393057
0.0425181
0.0432039
0.0419801
0.0392477
0.0352127
0.0300399
0.0240244
0.0177004
0.0118464
0.00731222
0.00465145
0.00421269
0.00667935
0.0132448
0.0233258
0.0304313
0.0315959
0.0323086
0.0344562
0.0365401
0.0373057
0.036472
0.0343339
0.0315432
0.0286493
0.0261077
0.0238992
0.021991
0.0200469
0.0184129
0.0166878
0.0157661
0.0148553
0.295179
0.156629
0.0912917
0.0572419
0.0380435
0.0265037
0.0191926
0.0143532
0.011031
0.00868075
0.00697812
0.0057238
0.00479286
0.00410555
0.00360798
0.00325686
0.00300967
0.00282522
0.00267534
0.00256171
0.00254422
0.00288347
0.00448384
0.00888993
0.0164306
0.0249782
0.0319446
0.036185
0.0378179
0.0373087
0.0350855
0.0314372
0.0266145
0.0209873
0.0151503
0.00990805
0.00603987
0.00398416
0.00410527
0.00720153
0.01458
0.025178
0.0315683
0.0319709
0.0327755
0.0352906
0.0376632
0.0385967
0.0378363
0.035696
0.0328666
0.0299236
0.0273669
0.0251674
0.0232775
0.0212963
0.0196094
0.0177589
0.0167613
0.0157059
0.295178
0.156642
0.0913183
0.0572766
0.0380814
0.0265416
0.0192287
0.0143863
0.0110599
0.008704
0.00699348
0.00572781
0.00477996
0.00406741
0.00353374
0.00313549
0.0028342
0.00259578
0.00239684
0.00223246
0.00212639
0.002194
0.00291639
0.00544239
0.0107344
0.017922
0.0247839
0.0296635
0.0321113
0.0323233
0.0306709
0.0274854
0.0230919
0.0179356
0.012669
0.00810195
0.00491167
0.0034452
0.0041213
0.00787036
0.0160919
0.0270796
0.0325323
0.0322128
0.0332009
0.0361042
0.0387561
0.0398552
0.039179
0.0370554
0.0342087
0.0312346
0.0286787
0.0265026
0.024649
0.022646
0.0209219
0.0189487
0.0178811
0.0166673
0.295177
0.156653
0.091342
0.0573081
0.0381161
0.0265767
0.0192624
0.0144176
0.0110878
0.00872745
0.00701093
0.00573687
0.00477696
0.00404703
0.00348935
0.00306082
0.002726
0.00245572
0.00222983
0.00204047
0.00189487
0.00184076
0.00211062
0.00341425
0.00674803
0.0121754
0.0182643
0.0232773
0.0262864
0.0271445
0.0260812
0.0234161
0.0195267
0.0149246
0.0103089
0.00646306
0.00394133
0.00304011
0.004267
0.00869798
0.0177859
0.0289924
0.0332929
0.0323275
0.0335867
0.0368872
0.0398042
0.0410674
0.040489
0.0384037
0.0355645
0.0325803
0.030044
0.0279075
0.0261092
0.0241
0.0223556
0.0202623
0.0191318
0.0177445
0.295176
0.156663
0.0913631
0.0573367
0.0381479
0.026609
0.0192937
0.0144469
0.0111145
0.00875057
0.00702943
0.00574913
0.00478056
0.00403857
0.00346477
0.00301654
0.00266064
0.00237101
0.00212957
0.001927
0.00176286
0.00165508
0.00170936
0.00231496
0.00422091
0.00791001
0.0127677
0.0173895
0.0206095
0.0219511
0.0214394
0.0193235
0.016
0.012028
0.00812984
0.00502314
0.00313852
0.00277232
0.0045488
0.00969812
0.0196635
0.0308698
0.0338249
0.0323236
0.0339332
0.0376283
0.0407925
0.0422202
0.0417558
0.0397331
0.036929
0.0339586
0.0314637
0.0293847
0.027662
0.0256624
0.0239152
0.0217041
0.0205187
0.0189415
0.295176
0.156671
0.0913816
0.0573623
0.0381767
0.0266386
0.0193226
0.0144743
0.0111396
0.00877296
0.00704826
0.00576328
0.00478842
0.00403798
0.00345325
0.00299206
0.00262262
0.00232088
0.00206991
0.00185962
0.00168582
0.00155343
0.00150832
0.0017488
0.00274788
0.00502543
0.00851333
0.012334
0.015383
0.0169726
0.0169148
0.0153385
0.0126198
0.00933487
0.00619242
0.00380653
0.00250766
0.00264276
0.00497404
0.0108863
0.0217203
0.0326574
0.0341102
0.0322121
0.0342391
0.038315
0.0417065
0.0433011
0.0429694
0.0410358
0.0382971
0.0353669
0.0329382
0.0309365
0.0293106
0.0273364
0.0256042
0.0232768
0.0220453
0.0202604
0.295175
0.156678
0.0913975
0.057385
0.0382028
0.0266656
0.0193492
0.0144996
0.0111632
0.00879434
0.00706686
0.00577836
0.00479891
0.00404249
0.00345026
0.0029804
0.0026021
0.0022925
0.00203535
0.00182006
0.00164054
0.00149586
0.00140456
0.00146324
0.00194079
0.00323199
0.00550021
0.00833107
0.0108907
0.0124642
0.0127116
0.0116223
0.0095143
0.00694064
0.00454884
0.00282626
0.00204692
0.00265028
0.00555183
0.0122797
0.0239437
0.034294
0.0341389
0.0320052
0.0345014
0.0389342
0.0425323
0.0442984
0.0441201
0.0423039
0.0396632
0.0368022
0.0344673
0.0325643
0.0310577
0.0291241
0.0274247
0.0249814
0.0237129
0.0217016
0.295175
0.156682
0.0914109
0.057405
0.0382262
0.0266901
0.0193734
0.0145229
0.0111852
0.00881451
0.00708488
0.00579368
0.00481084
0.00405014
0.00345271
0.00297697
0.00259273
0.00227787
0.0020165
0.00179771
0.00161436
0.00146282
0.00134919
0.0013189
0.00151532
0.00219054
0.00353894
0.00542551
0.00732765
0.00865965
0.00904081
0.00834809
0.00681612
0.00493115
0.00323182
0.00208126
0.00174767
0.00279274
0.00629427
0.013897
0.0263106
0.0357146
0.0339105
0.0317154
0.0347153
0.0394729
0.043257
0.0452013
0.0451981
0.0435295
0.0410213
0.0382608
0.0360501
0.0342688
0.0329046
0.0310261
0.0293765
0.0268164
0.0255205
0.0232632
0.295174
0.156686
0.0914219
0.0574224
0.0382469
0.0267121
0.0193955
0.0145443
0.0112054
0.00883336
0.00710203
0.00580878
0.0048234
0.00405961
0.0034585
0.0029787
0.0025904
0.00227191
0.00200753
0.00178613
0.00160001
0.0014442
0.00131909
0.00124496
0.00129518
0.00161518
0.0023525
0.00349091
0.00474242
0.00570966
0.00607506
0.00566694
0.00463497
0.00336106
0.00224568
0.00155539
0.00159529
0.003069
0.0072179
0.0157572
0.0287843
0.036853
0.0334335
0.031355
0.0348747
0.0399186
0.0438692
0.0459992
0.0461938
0.044704
0.0423644
0.0397374
0.0376842
0.0360489
0.0348509
0.0330409
0.0314571
0.0287774
0.0274639
0.0249407
0.295174
0.156687
0.0914304
0.0574371
0.038265
0.0267317
0.0194153
0.0145637
0.011224
0.00885082
0.00711815
0.00582331
0.00483602
0.00406995
0.00346621
0.00298355
0.00259241
0.00227133
0.00200472
0.00178133
0.00159308
0.00143438
0.00130289
0.00120667
0.00118192
0.00130742
0.00167534
0.00230025
0.00303097
0.00363227
0.00389422
0.0036632
0.00302278
0.00223439
0.00156347
0.001219
0.00157187
0.00348132
0.00834501
0.0178776
0.031312
0.0376464
0.0327254
0.0309353
0.0349723
0.0402601
0.0443587
0.0466823
0.0470969
0.045818
0.0436843
0.0412256
0.0393654
0.0379015
0.0368938
0.035164
0.0336604
0.030857
0.0295356
0.0267272
0.295173
0.156687
0.0914366
0.0574492
0.0382807
0.0267489
0.019433
0.0145812
0.0112408
0.00886685
0.00713313
0.00583705
0.00484831
0.00408055
0.00347488
0.00299016
0.00259696
0.00227399
0.00200569
0.00178072
0.00159081
0.00143
0.0012947
0.00118697
0.00112375
0.00114583
0.00130479
0.00161405
0.00199189
0.00230999
0.00245255
0.00231774
0.0019486
0.00149931
0.00113209
0.0010338
0.00166052
0.00403802
0.00970477
0.0202714
0.0338231
0.0380402
0.0318116
0.0304658
0.0350004
0.0404878
0.0447171
0.047241
0.0478965
0.0468611
0.044971
0.0427168
0.0410874
0.0398207
0.0390272
0.0373877
0.0359768
0.0330438
0.0317247
0.0286131
0.295173
0.156686
0.0914404
0.0574588
0.0382939
0.026764
0.0194487
0.0145968
0.0112561
0.00888144
0.00714691
0.00584986
0.00486001
0.00409096
0.00348386
0.00299762
0.00260291
0.0022785
0.00200888
0.00178264
0.00159139
0.001429
0.00129125
0.00117727
0.00109412
0.00106193
0.00110755
0.0012378
0.00140595
0.00154472
0.00159739
0.00151062
0.00130617
0.00106433
0.000885116
0.0009608
0.00185016
0.00475588
0.0113338
0.0229423
0.0362279
0.0379922
0.0307232
0.0299541
0.0349516
0.040594
0.0449374
0.047666
0.048581
0.0478217
0.0462123
0.0442
0.0428411
0.0417977
0.0412418
0.0397002
0.0383925
0.035323
0.0340167
0.0305864
0.295173
0.156683
0.0914418
0.0574659
0.0383047
0.0267767
0.0194623
0.0146106
0.0112697
0.00889458
0.00715944
0.00586166
0.00487094
0.00410091
0.00349273
0.00300534
0.00260947
0.00228395
0.00201328
0.001786
0.00159366
0.00143004
0.00129062
0.00117307
0.00107944
0.00101887
0.00100443
0.00103832
0.0010932
0.00113446
0.00113552
0.00107263
0.000956978
0.000828513
0.000758988
0.00096853
0.00213907
0.0056622
0.0132755
0.0258792
0.0384187
0.0374782
0.0294957
0.0294058
0.0348191
0.0405736
0.045014
0.0479481
0.0491381
0.0486866
0.047394
0.045662
0.0446144
0.0438198
0.0435239
0.0420859
0.0408896
0.037676
0.0363937
0.0326325
0.295173
0.156678
0.0914408
0.0574705
0.0383131
0.0267874
0.019474
0.0146226
0.0112817
0.0089063
0.00717073
0.00587238
0.004881
0.00411022
0.0035012
0.00301292
0.00261615
0.00228975
0.00201821
0.00179007
0.00159685
0.00143226
0.00129164
0.00117195
0.00107268
0.000997233
0.00095129
0.000934775
0.000931802
0.000924784
0.000900984
0.000850456
0.000779079
0.000708725
0.000705546
0.00103795
0.00253682
0.00679652
0.0155786
0.0290485
0.0402739
0.0364948
0.028166
0.0288245
0.0345974
0.0404238
0.0449434
0.0480787
0.0495545
0.0494415
0.0484993
0.0470868
0.0463918
0.0458704
0.0458556
0.0445244
0.0434457
0.0400806
0.0388346
0.0347352
0.295173
0.156671
0.0914374
0.0574726
0.0383192
0.0267958
0.0194837
0.0146329
0.0112921
0.00891662
0.00718076
0.00588202
0.00489013
0.00411877
0.0035091
0.00302012
0.00262264
0.00229552
0.00202327
0.00179442
0.00160046
0.00143509
0.00129359
0.00117254
0.00107014
0.000986838
0.000924439
0.000881862
0.000849941
0.000819709
0.000784724
0.000740688
0.00069086
0.000650759
0.00069554
0.00116306
0.00306516
0.00821221
0.0182926
0.0323852
0.0416649
0.0350623
0.0267704
0.0282122
0.0342832
0.0401443
0.0447236
0.0480498
0.0498172
0.0500707
0.0495091
0.0484557
0.0481543
0.0479289
0.0482142
0.0469913
0.0460346
0.0425119
0.0413159
0.0368766
0.295173
0.156662
0.0914316
0.0574723
0.038323
0.0268021
0.0194915
0.0146415
0.011301
0.00892556
0.00718957
0.00589055
0.00489831
0.00412649
0.00351632
0.00302679
0.00262873
0.00230102
0.00202818
0.00179873
0.00160417
0.00143817
0.00129599
0.00117403
0.00106985
0.000982345
0.000911342
0.000855331
0.000808898
0.000767321
0.000727156
0.000686438
0.000647307
0.000625026
0.000715054
0.00134931
0.00375904
0.00997813
0.0214609
0.0357853
0.0424665
0.0332242
0.0253426
0.0275698
0.0338754
0.0397372
0.0443548
0.0478549
0.0499131
0.0505571
0.0504021
0.0497478
0.0498795
0.0499707
0.0505733
0.0494584
0.0486266
0.0449424
0.0438119
0.0390381
0.295173
0.156652
0.0914234
0.0574695
0.0383244
0.0268064
0.0194974
0.0146484
0.0113084
0.00893314
0.00719714
0.00589799
0.0049055
0.00413336
0.0035228
0.00303283
0.00263431
0.00230611
0.00203277
0.00180283
0.00160777
0.00144126
0.00129856
0.00117596
0.00107071
0.000980927
0.000905404
0.000842459
0.000788676
0.000741383
0.000698638
0.000659539
0.000626058
0.00061724
0.000760501
0.00161252
0.00466879
0.0121798
0.0251087
0.0391
0.0425703
0.0310456
0.0239117
0.0268979
0.0333755
0.039207
0.0438396
0.0474895
0.0498308
0.0508832
0.0511562
0.0509403
0.051542
0.0519681
0.0529024
0.0518941
0.0511895
0.0473431
0.0462961
0.0412009
0.295173
0.156639
0.0914126
0.0574641
0.0383235
0.0268085
0.0195015
0.0146536
0.0113143
0.00893938
0.00720352
0.00590435
0.00491172
0.00413936
0.00352851
0.0030382
0.0026393
0.00231071
0.00203696
0.0018066
0.00161113
0.00144422
0.0013011
0.00117805
0.00107213
0.000981074
0.000903156
0.000836615
0.000779067
0.000728811
0.000684688
0.000646351
0.000616362
0.000621442
0.000835578
0.0019796
0.00586412
0.014919
0.0292264
0.0421351
0.0418994
0.0286082
0.0225016
0.0261977
0.0327876
0.0385603
0.0431834
0.0469483
0.0495641
0.0510318
0.0517487
0.052009
0.0531138
0.0538905
0.0551684
0.054265
0.0536894
0.0496848
0.0487416
0.0433469
0.295173
0.156625
0.0913993
0.0574563
0.0383203
0.0268085
0.0195037
0.0146572
0.0113187
0.0089443
0.0072087
0.00590962
0.00491697
0.00414448
0.00353343
0.00304286
0.00264366
0.00231475
0.00204067
0.00180998
0.00161417
0.00144694
0.0013035
0.00118012
0.00107376
0.000981973
0.000902767
0.000834345
0.000774842
0.000723012
0.000678112
0.000640154
0.000613153
0.000636494
0.000950697
0.00249165
0.00744009
0.0183092
0.0337478
0.0446589
0.0404224
0.0260048
0.0211304
0.0254713
0.0321181
0.0378055
0.0423812
0.0462325
0.0491142
0.050994
0.0521596
0.0529288
0.0545652
0.055706
0.0573366
0.0565364
0.0560925
0.0519388
0.0511227
0.0454598
0.295173
0.156608
0.0913833
0.0574458
0.0383147
0.0268065
0.019504
0.0146591
0.0113216
0.0089479
0.0072127
0.00591384
0.00492126
0.00414873
0.00353756
0.00304681
0.00264739
0.00231823
0.00204388
0.00181292
0.00161685
0.00144937
0.00130569
0.00118206
0.0010754
0.000983183
0.000903268
0.000833845
0.000773306
0.000720616
0.000675258
0.000637593
0.000614387
0.000665006
0.00112461
0.00320955
0.00952476
0.0224627
0.038526
0.0464203
0.0381639
0.0233318
0.0198112
0.0247224
0.031376
0.0369503
0.0414287
0.0453534
0.0484842
0.0507633
0.0523776
0.0536741
0.0558654
0.0573826
0.0593722
0.0586747
0.058366
0.054079
0.0534162
0.0475265
0.295174
0.156589
0.0913646
0.0574327
0.0383067
0.0268023
0.0195025
0.0146594
0.0113231
0.0089502
0.00721553
0.00591699
0.00492458
0.00415211
0.0035409
0.00305004
0.00265047
0.00232112
0.00204658
0.00181541
0.00161915
0.00145147
0.00130761
0.0011838
0.00107695
0.00098446
0.000904142
0.000834172
0.000773067
0.000719886
0.000674256
0.000637077
0.00062007
0.000713962
0.00138832
0.00422307
0.0122871
0.0274659
0.0433134
0.0471779
0.0352091
0.0206828
0.0185532
0.0239571
0.030572
0.0359859
0.0403477
0.0443238
0.0476804
0.0503382
0.0523975
0.0542246
0.0569838
0.0588901
0.0612419
0.0606486
0.0604804
0.0560832
0.0556032
0.0495385
0.295174
0.156567
0.091343
0.0574169
0.0382962
0.0267959
0.019499
0.014658
0.0113231
0.0089512
0.00721719
0.0059191
0.00492696
0.00415462
0.00354345
0.00305256
0.0026529
0.00232343
0.00204875
0.00181744
0.00162104
0.00145323
0.00130925
0.00118531
0.00107833
0.00098567
0.000905115
0.000834835
0.000773405
0.000719929
0.00067417
0.000638118
0.000632424
0.000797126
0.00179222
0.00566474
0.0159415
0.0333369
0.0477543
0.046737
0.0316999
0.0181424
0.0173643
0.0231834
0.0297194
0.034914
0.0391581
0.0431593
0.0467135
0.0497232
0.0522183
0.0545706
0.057891
0.0602017
0.0629163
0.0624314
0.0624117
0.0579355
0.0576709
0.051494
0.295175
0.156543
0.0913186
0.0573983
0.0382832
0.0267873
0.0194936
0.0146549
0.0113217
0.00895088
0.00721768
0.00592015
0.00492838
0.00415628
0.00354523
0.00305437
0.00265469
0.00232516
0.0020504
0.001819
0.00162252
0.00145464
0.00131058
0.00118657
0.00107951
0.000986742
0.000906045
0.000835581
0.000773952
0.000720298
0.000674637
0.000641358
0.000657361
0.000940174
0.00241827
0.00772985
0.0207401
0.0399675
0.0514026
0.0449882
0.0278182
0.0157825
0.0162532
0.0224115
0.0288164
0.033759
0.0378809
0.0418797
0.0455999
0.0489301
0.0518455
0.0547151
0.0585602
0.0612965
0.0643723
0.064004
0.0641438
0.0596286
0.0596158
0.0534009
0.295175
0.156515
0.0912911
0.0573769
0.0382677
0.0267765
0.0194863
0.0146501
0.0113187
0.00894923
0.00721699
0.00592014
0.00492886
0.00415707
0.00354622
0.00305548
0.00265584
0.00232632
0.00205153
0.00182011
0.0016236
0.0014557
0.00131161
0.00118757
0.00108047
0.000987649
0.00090687
0.000836296
0.000774545
0.000720836
0.0006759
0.000649566
0.000708416
0.00119066
0.00340056
0.0107027
0.0269411
0.0470598
0.053769
0.0419393
0.0237466
0.0136611
0.0152328
0.0216536
0.027863
0.0325517
0.0365399
0.0405095
0.044363
0.0479792
0.0512928
0.0546601
0.0589852
0.0621617
0.0655958
0.0653576
0.0656719
0.0611681
0.0614473
0.0552812
0.295176
0.156485
0.0912604
0.0573524
0.0382494
0.0267633
0.0194769
0.0146435
0.0113142
0.00894623
0.0072151
0.00591907
0.00492838
0.00415702
0.00354646
0.00305591
0.00265639
0.00232694
0.00205221
0.00182083
0.00162435
0.00145648
0.00131242
0.0011884
0.0010813
0.000988472
0.000907663
0.000837039
0.000775251
0.000721851
0.000679723
0.000671102
0.000815943
0.00163704
0.00495951
0.0149826
0.0347341
0.054079
0.0543987
0.0377315
0.0196934
0.0118281
0.0143232
0.0209235
0.0268708
0.0313191
0.0351625
0.0390798
0.0430343
0.0469008
0.0505847
0.0544194
0.0591747
0.0627961
0.0665856
0.0664983
0.0670071
0.062577
0.0631937
0.0571776
0.295177
0.156451
0.0912261
0.0573246
0.0382282
0.0267475
0.0194654
0.0146351
0.0113081
0.00894187
0.00721205
0.00591701
0.00492705
0.00415624
0.00354608
0.00305583
0.00265654
0.00232729
0.00205273
0.00182151
0.00162519
0.00145747
0.00131354
0.00118963
0.00108261
0.000989849
0.000909098
0.000838551
0.000777029
0.000725521
0.000693402
0.000730229
0.00104785
0.00244458
0.00745536
0.0210931
0.0441182
0.0602538
0.0529653
0.0326365
0.0160821
0.0103348
0.0135531
0.0202372
0.0258566
0.0300891
0.0337817
0.0376289
0.0416555
0.0457373
0.0497593
0.0540232
0.0591575
0.0632132
0.067359
0.0674536
0.0681837
0.0639043
0.0649112
0.0591649
0.295177
0.156413
0.0911876
0.0572928
0.0382035
0.0267289
0.0194515
0.0146249
0.0113006
0.00893651
0.00720833
0.00591456
0.00492561
0.0041556
0.0035461
0.00305642
0.00265766
0.00232894
0.00205495
0.00182434
0.00162866
0.00146155
0.00131819
0.00119477
0.00108817
0.000995808
0.000915517
0.000845636
0.000785998
0.000743506
0.000745484
0.00089642
0.00155509
0.00392075
0.0114616
0.0296388
0.0547431
0.0646506
0.0493611
0.0270384
0.0129774
0.00919844
0.0129577
0.0195942
0.0248612
0.0288935
0.0324384
0.0362057
0.0402817
0.0445475
0.0488736
0.0535241
0.0589915
0.063447
0.0679598
0.0682822
0.0692696
0.0652383
0.0666997
0.0613699
0.295177
0.156369
0.0911432
0.0572558
0.0381748
0.0267077
0.0194364
0.0146146
0.0112943
0.00893336
0.00720776
0.00591614
0.00492904
0.0041607
0.00355281
0.00306482
0.00266795
0.00234143
0.00207003
0.00184243
0.00165004
0.0014863
0.00134613
0.00122557
0.00112151
0.00103156
0.00095401
0.000888026
0.000838779
0.000834167
0.000942705
0.00136219
0.00266461
0.0066219
0.0178419
0.0411728
0.0657628
0.0663249
0.0437604
0.0214686
0.0104659
0.00841111
0.0125705
0.0190117
0.0239223
0.0277718
0.031185
0.0348746
0.0389869
0.0434135
0.0480125
0.0530073
0.0587673
0.0635719
0.0684722
0.0690912
0.0703867
0.0667315
0.0687315
0.0640097
0.295174
0.156317
0.0910918
0.057215
0.0381469
0.0266922
0.0194321
0.01462
0.011308
0.00895436
0.00723525
0.0059496
0.00496824
0.0042058
0.00360438
0.00312395
0.00273632
0.00242128
0.00216407
0.00195342
0.00178018
0.00163652
0.00151572
0.0014125
0.00132335
0.00124674
0.0011833
0.00113655
0.00113378
0.00125843
0.00164654
0.0026183
0.00503414
0.0114949
0.027799
0.0559444
0.0757643
0.0645308
0.0366418
0.0165791
0.00855674
0.00791941
0.0124011
0.0185239
0.0230794
0.0267775
0.0300945
0.0337255
0.0378771
0.042456
0.0473063
0.0526109
0.058628
0.0637283
0.0690463
0.0700694
0.071748
0.0686492
0.0713095
0.0674711
0.295178
0.156272
0.0910604
0.057211
0.038176
0.0267554
0.0195278
0.0147461
0.0114623
0.00913503
0.00744109
0.00618023
0.00522444
0.00448984
0.00392056
0.00347902
0.00313988
0.00288583
0.00270412
0.00258333
0.00251047
0.00246984
0.0024449
0.00242243
0.00239629
0.00236901
0.0023521
0.00236786
0.00250109
0.00292256
0.00383609
0.00569393
0.00980486
0.0200488
0.0428747
0.0735239
0.0828459
0.0589552
0.0287557
0.0124749
0.00716523
0.00760423
0.012393
0.0181802
0.0223863
0.0259906
0.0292788
0.0328983
0.0371177
0.0418675
0.0469692
0.0525681
0.0588204
0.0641669
0.0699519
0.0715562
0.0737386
0.071477
0.0749953
0.0724952
0.295326
0.156452
0.0913277
0.0575867
0.0386741
0.02738
0.0202768
0.0156151
0.0124467
0.0102311
0.00864693
0.00749675
0.00665676
0.00604909
0.00562577
0.00535868
0.00523236
0.00523722
0.00536174
0.00558384
0.00586467
0.00615113
0.00639001
0.00654663
0.00661638
0.00662493
0.00662281
0.00668701
0.00697873
0.00772739
0.00920205
0.0121028
0.018713
0.0347463
0.0648753
0.092327
0.0849263
0.0499309
0.021024
0.00925195
0.00615288
0.00727666
0.0123626
0.0180365
0.0219354
0.0255501
0.0289359
0.0326415
0.037004
0.0419954
0.047394
0.0533125
0.059808
0.065365
0.0717053
0.07421
0.0771139
0.0761899
0.0809371
0.0806734
0.29693
0.158641
0.0939329
0.0606109
0.0421454
0.0313082
0.0246556
0.0204292
0.0176769
0.0158573
0.0146509
0.013866
0.0133898
0.0131601
0.0131484
0.0133451
0.0137463
0.0143372
0.015076
0.0158812
0.0166366
0.0172187
0.0175391
0.0175757
0.0173761
0.0170398
0.0166952
0.0165109
0.0166974
0.0174952
0.0193665
0.0238055
0.0351143
0.060204
0.0954859
0.109228
0.080362
0.0385705
0.0143516
0.00689814
0.00535874
0.00672801
0.0119579
0.0181013
0.0219264
0.0257493
0.0294857
0.0334881
0.0381687
0.0435859
0.0494275
0.0557823
0.0625967
0.0683585
0.0754318
0.0794938
0.083577
0.08506
0.0918616
0.0960512
0.310907
0.175668
0.112068
0.0796089
0.0620361
0.052102
0.0463003
0.0428206
0.0406785
0.0393198
0.0384309
0.0378416
0.0374719
0.0372976
0.0373221
0.0375519
0.037973
0.0385312
0.0391216
0.0395965
0.039797
0.0396043
0.0389847
0.0380041
0.0368048
0.0355721
0.0344959
0.0338401
0.03381
0.0347917
0.0380725
0.0471156
0.0686381
0.105462
0.135005
0.119828
0.068877
0.0267492
0.00946761
0.00536246
0.00474293
0.00593479
0.010779
0.0181275
0.0228867
0.0274007
0.0320801
0.0369215
0.0423771
0.0487141
0.0554118
0.0625562
0.0699346
0.0759533
0.0841745
0.0914733
0.0979345
0.104801
0.115938
0.132066
0.437713
0.305795
0.231756
0.188437
0.162193
0.145517
0.13422
0.12597
0.119485
0.114074
0.109382
0.105243
0.101591
0.0984008
0.0956516
0.0932996
0.0912635
0.0894214
0.0876232
0.085718
0.0835947
0.0812233
0.0786777
0.0761213
0.0737622
0.0718077
0.0704747
0.0697901
0.0711314
0.0757674
0.0860218
0.106978
0.144018
0.182169
0.177956
0.119615
0.052655
0.0169093
0.00678195
0.0050723
0.00506067
0.00605503
0.00944295
0.0171398
0.0262012
0.0337627
0.0414879
0.0492279
0.0572103
0.0662183
0.0751884
0.0843178
0.093022
0.0993875
0.109965
0.126765
0.140062
0.164877
0.189007
0.256559
1.79467
1.37961
1.04223
0.808349
0.649349
0.539713
0.462561
0.406986
0.365898
0.334719
0.31048
0.291195
0.275467
0.262261
0.250777
0.240399
0.230691
0.221427
0.21262
0.204513
0.197512
0.192058
0.188485
0.186911
0.187206
0.18901
0.191714
0.194787
0.195515
0.190805
0.178478
0.159393
0.140002
0.12603
0.10824
0.0729278
0.0329456
0.0141894
0.0109764
0.0128
0.0160625
0.018363
0.0178039
0.0176045
0.0329716
0.0612801
0.0930658
0.123964
0.151835
0.176996
0.198069
0.217027
0.230796
0.23639
0.254952
0.329376
0.380009
0.530749
0.617825
1.12727
)
;

boundaryField
{
    inlet
    {
        type            fixedValue;
        value           uniform 0.63;
    }
    outlet
    {
        type            zeroGradient;
    }
    fixedWalls
    {
        Cmu             0.09;
        kappa           0.41;
        E               9.8;
        type            epsilonWallFunction;
        value           nonuniform List<scalar> 
120
(
1.79467
1.37961
1.04223
0.808349
0.649349
0.539713
0.462561
0.406986
0.365898
0.334719
0.31048
0.291195
0.275467
0.262261
0.250777
0.240399
0.230691
0.221427
0.21262
0.204513
0.197512
0.192058
0.188485
0.186911
0.187206
0.18901
0.191714
0.194787
0.195515
0.190805
0.178478
0.159393
0.140002
0.12603
0.10824
0.0729278
0.0329456
0.0141894
0.0109764
0.0128
0.0160625
0.018363
0.0178039
0.0176045
0.0329716
0.0612801
0.0930658
0.123964
0.151835
0.176996
0.198069
0.217027
0.230796
0.23639
0.254952
0.329376
0.380009
0.530749
0.617825
1.12727
0.995166
0.38187
0.0488311
0.00572263
0.000806313
0.00306428
0.00162171
0.00314445
0.00382258
0.00702075
0.0119403
0.0198264
0.0295418
0.0412833
0.0551347
0.0726889
0.0904686
0.105749
0.0928213
0.0580796
0.0303774
0.0193032
0.047099
0.0919764
0.152044
0.212392
0.260229
0.296131
0.323282
0.344048
0.359743
0.371969
0.381046
0.387416
0.391527
0.393708
0.394128
0.392725
0.389056
0.382284
0.371312
0.363232
0.396928
0.42661
0.451286
0.471061
0.486842
0.499743
0.509806
0.514123
0.508901
0.493489
0.469968
0.446634
0.423369
0.416436
0.408801
0.457623
0.509234
0.739197
)
;
    }
    frontAndBack
    {
        type            empty;
    }
}


// ************************************************************************* //
