/*--------------------------------*- C++ -*----------------------------------*\
| =========                 |                                                 |
| \\      /  F ield         | OpenFOAM: The Open Source CFD Toolbox           |
|  \\    /   O peration     | Version:  2.4.0                                 |
|   \\  /    A nd           | Web:      www.OpenFOAM.org                      |
|    \\/     M anipulation  |                                                 |
\*---------------------------------------------------------------------------*/
FoamFile
{
    version     2.0;
    format      ascii;
    class       volScalarField;
    location    "4.78";
    object      k;
}
// * * * * * * * * * * * * * * * * * * * * * * * * * * * * * * * * * * * * * //

dimensions      [0 2 -2 0 0 0 0];

internalField   nonuniform List<scalar> 
6000
(
0.0117122
0.00656266
0.00175503
0.00044496
0.000122656
0.000319207
0.000253348
0.000404454
0.000470867
0.000630837
0.000769522
0.000938119
0.00108054
0.00121065
0.00129998
0.00135095
0.00135742
0.00135371
0.00142454
0.00166633
0.00206474
0.00255013
0.00301869
0.00344936
0.00384527
0.00421249
0.00455548
0.00487703
0.0051788
0.00546201
0.00572432
0.00596641
0.00618816
0.00638944
0.00657018
0.00673058
0.00687083
0.00699171
0.00709354
0.00717801
0.00724479
0.00729743
0.00733321
0.00735958
0.00736956
0.00737294
0.0074946
0.00771006
0.00790117
0.00818578
0.00840306
0.00881213
0.00905179
0.00968265
0.00991729
0.0109619
0.0111265
0.0130164
0.0130425
0.0175593
0.0120372
0.0117114
0.0020894
0.000676047
0.000137493
0.00028185
0.00038117
0.000540669
0.000716967
0.00095435
0.00120305
0.00148307
0.0017456
0.00199847
0.00220631
0.00235706
0.00243145
0.00247156
0.00261583
0.00305076
0.00378636
0.00467037
0.00555412
0.00638586
0.00716355
0.00789519
0.00858795
0.00924681
0.00987521
0.0104679
0.0110277
0.0115554
0.0120506
0.0125129
0.0129419
0.0133375
0.0137002
0.0140309
0.0143305
0.0146018
0.0148454
0.0150668
0.0152649
0.0154495
0.0156166
0.0157793
0.0159618
0.0161681
0.0163635
0.0166045
0.0168169
0.0171311
0.0173633
0.0178022
0.0180426
0.0186916
0.0189133
0.0199393
0.0203411
0.0227916
0.011568
0.0151654
0.0028827
0.000648275
0.000188006
0.000335207
0.000483239
0.000677567
0.000909358
0.00120891
0.00152938
0.0018829
0.00221547
0.00252865
0.002786
0.0029742
0.00307831
0.00315058
0.0033612
0.00392955
0.00486202
0.00596449
0.00706565
0.00810515
0.00907909
0.00999607
0.0108643
0.0116896
0.0124759
0.0132192
0.0139219
0.0145844
0.0152064
0.0157871
0.0163261
0.0168234
0.017279
0.0176943
0.0180704
0.0184102
0.0187152
0.0189909
0.0192379
0.0194655
0.0196742
0.0198729
0.0200821
0.0203058
0.0205294
0.0207829
0.0210319
0.0213508
0.0216388
0.0220655
0.0223988
0.0229981
0.0233962
0.0242876
0.0250337
0.0272474
0.0114637
0.016071
0.00401179
0.000532738
0.000236684
0.000386548
0.000561299
0.000786237
0.00105838
0.00140585
0.00178002
0.00218629
0.00256789
0.0029213
0.00321196
0.00342756
0.00355764
0.0036629
0.00393162
0.00459648
0.00565958
0.00690661
0.00815442
0.00933632
0.0104458
0.011491
0.0124806
0.0134209
0.0143161
0.0151633
0.0159645
0.0167198
0.0174287
0.0180904
0.0187044
0.0192703
0.0197883
0.0202597
0.0206857
0.0210692
0.0214124
0.0217207
0.0219962
0.0222472
0.0224779
0.0226929
0.0229153
0.0231465
0.0233855
0.0236435
0.0239152
0.0242336
0.0245608
0.0249768
0.0253827
0.0259479
0.0264892
0.0272952
0.0283622
0.0303705
0.0113762
0.0157664
0.00532572
0.000483591
0.000281072
0.000431178
0.000626049
0.000877398
0.00118264
0.00156976
0.00198808
0.00243738
0.00285899
0.00324556
0.00356462
0.00380545
0.00396128
0.0040994
0.00441784
0.00515587
0.00631508
0.00767145
0.00903353
0.0103284
0.0115462
0.0126945
0.0137818
0.0148148
0.015798
0.016729
0.0176096
0.0184398
0.019219
0.0199462
0.0206206
0.0212418
0.0218099
0.0223259
0.0227912
0.0232088
0.0235811
0.0239135
0.0242092
0.0244759
0.0247204
0.0249441
0.025173
0.0254056
0.0256515
0.0259081
0.0261918
0.0265049
0.0268575
0.0272606
0.0277196
0.0282545
0.0289074
0.0296437
0.0309542
0.032772
0.0113033
0.0149414
0.00672866
0.000608908
0.00032364
0.000470793
0.000682585
0.000957131
0.00129094
0.00171229
0.00216893
0.00265584
0.00311289
0.00352966
0.00387555
0.00414139
0.00432377
0.00449419
0.00485526
0.00564974
0.00688268
0.00832685
0.00978408
0.0111749
0.0124857
0.0137227
0.0148945
0.0160079
0.0170674
0.0180711
0.0190209
0.0199164
0.020757
0.0215413
0.0222685
0.0229379
0.0235495
0.0241041
0.0246032
0.0250496
0.0254461
0.025798
0.0261095
0.0263879
0.0266409
0.0268693
0.0271003
0.0273306
0.0275774
0.0278285
0.0281167
0.028421
0.0287885
0.0291772
0.0296744
0.0301816
0.0309218
0.0315989
0.0330961
0.0347303
0.0112435
0.013942
0.00776366
0.00114052
0.000372669
0.00050732
0.000733736
0.00102884
0.00138794
0.00183958
0.00233057
0.00285165
0.00334162
0.0037874
0.00415997
0.00445156
0.00466152
0.00486358
0.0052613
0.00609929
0.00738943
0.00890605
0.0104453
0.0119205
0.0133142
0.0146308
0.0158786
0.0170644
0.0181928
0.0192623
0.0202747
0.0212296
0.022126
0.0229624
0.0237378
0.0244511
0.0251022
0.0256918
0.0262212
0.0266933
0.0271111
0.0274796
0.0278041
0.0280911
0.0283493
0.0285795
0.0288096
0.0290346
0.0292779
0.0295205
0.0298072
0.0301001
0.0304743
0.0308476
0.0313711
0.0318528
0.0326608
0.0332867
0.0349266
0.0363838
0.0111887
0.0129397
0.00846436
0.00207457
0.000449047
0.00054289
0.000781439
0.00109473
0.00147649
0.00195533
0.00247769
0.0030306
0.00355202
0.00402651
0.00442635
0.0047449
0.00498358
0.00521668
0.00564603
0.00651701
0.00785115
0.00942812
0.0110392
0.0125905
0.0140596
0.0154491
0.0167669
0.0180197
0.0192117
0.0203423
0.0214129
0.0224231
0.0233715
0.0242567
0.025077
0.0258315
0.0265195
0.0271417
0.0276992
0.0281948
0.0286318
0.029015
0.0293504
0.0296436
0.0299046
0.0301345
0.0303613
0.0305788
0.030815
0.0310467
0.031327
0.0316062
0.0319806
0.0323371
0.0328773
0.033335
0.034195
0.0347756
0.0365232
0.0378095
0.011136
0.0120146
0.0088804
0.00319955
0.000598103
0.000580484
0.000827355
0.00115644
0.00155856
0.002062
0.00261336
0.00319637
0.00374837
0.00425175
0.00467987
0.00502687
0.00529551
0.00555918
0.00601592
0.00691111
0.00827816
0.00990529
0.0115799
0.0132003
0.014739
0.0161965
0.0175796
0.0188952
0.0201471
0.0213352
0.0224607
0.0235232
0.024521
0.0254524
0.0263155
0.027109
0.0278321
0.0284851
0.0290692
0.0295868
0.0300414
0.0304379
0.0307826
0.0310801
0.0313423
0.03157
0.0317913
0.0319996
0.0322258
0.0324442
0.0327142
0.0329775
0.0333466
0.0336851
0.034234
0.0346683
0.0355674
0.0361069
0.0379333
0.039055
0.0110858
0.0111982
0.00905985
0.00433757
0.000908356
0.000625229
0.000873263
0.00121543
0.0016357
0.00216142
0.00273978
0.00335151
0.00393354
0.00446629
0.0049239
0.00530103
0.00560097
0.0058949
0.00637547
0.00728744
0.00867778
0.0103461
0.0120768
0.0137605
0.015364
0.0168852
0.0183301
0.0197051
0.0210138
0.0222565
0.0234345
0.0245469
0.025592
0.0265677
0.0274719
0.0283029
0.0290597
0.0297423
0.0303517
0.0308902
0.0313613
0.0317699
0.0321224
0.0324228
0.0326847
0.0329088
0.0331229
0.0333202
0.0335339
0.033737
0.0339933
0.0342386
0.0345976
0.0349167
0.0354674
0.0358786
0.0368055
0.037307
0.0391882
0.0401517
0.0110393
0.0104972
0.00905256
0.00534283
0.00148605
0.00068703
0.000921466
0.00127319
0.00170927
0.00225513
0.00285864
0.00349792
0.00410962
0.00467233
0.0051608
0.00556983
0.0059025
0.00622658
0.00672803
0.00765044
0.00905558
0.0107568
0.0125371
0.0142787
0.0159428
0.017524
0.0190274
0.0204592
0.021822
0.023117
0.0243453
0.0255057
0.0265964
0.0276149
0.0285589
0.0294262
0.0302155
0.0309266
0.0315604
0.0321188
0.0326056
0.0330253
0.033384
0.0336864
0.0339468
0.0341661
0.0343714
0.0345563
0.0347553
0.0349412
0.0351807
0.0354062
0.035751
0.036049
0.0365957
0.0369835
0.0379286
0.038394
0.0403095
0.0411216
0.010997
0.00990559
0.00890712
0.00615941
0.00223643
0.000785248
0.000975378
0.00133145
0.00178063
0.00234447
0.00297137
0.00363712
0.0042782
0.0048715
0.00539221
0.00583498
0.0062019
0.00655624
0.00707618
0.00800366
0.00941598
0.0111426
0.012966
0.0147606
0.0164812
0.0181193
0.0196785
0.0211644
0.0225791
0.0239244
0.0252011
0.0264079
0.0275427
0.0286027
0.0295852
0.0304878
0.0313087
0.0320475
0.0327048
0.0332824
0.033784
0.0342138
0.0345777
0.0348814
0.0351392
0.0353524
0.0355475
0.0357187
0.0359011
0.0360681
0.0362882
0.0364918
0.0368188
0.037094
0.0376315
0.0379953
0.03895
0.0393807
0.0413131
0.0419805
0.010959
0.00941219
0.00866733
0.00676755
0.00306694
0.000959425
0.00104059
0.00139245
0.00185126
0.00243081
0.00307929
0.00377044
0.00444056
0.00506506
0.0056194
0.00609776
0.00650053
0.00688547
0.00742206
0.00835002
0.00976271
0.0115074
0.0133679
0.0152108
0.0169842
0.018676
0.0202882
0.0218259
0.0232906
0.0246843
0.0260077
0.0272594
0.0284369
0.0295372
0.0305572
0.0314941
0.0323458
0.0331115
0.0337916
0.0343877
0.0349034
0.035342
0.0357106
0.0360147
0.0362692
0.0364752
0.036659
0.0368151
0.0369793
0.0371256
0.037324
0.0375039
0.0378098
0.0380605
0.0385841
0.0389231
0.0398799
0.0402765
0.0422109
0.0427406
0.010925
0.00900402
0.00837001
0.00717239
0.00387972
0.00129091
0.00112677
0.00145928
0.00192291
0.00251559
0.00318369
0.00389909
0.00459787
0.00525406
0.00584331
0.0063591
0.00679942
0.00721555
0.00776741
0.00869205
0.0100989
0.0118549
0.0137464
0.0156329
0.0174554
0.019198
0.0208607
0.022448
0.0239606
0.025401
0.0267695
0.0280647
0.0292836
0.0304231
0.0314795
0.0324498
0.0333314
0.0341233
0.0348256
0.0354396
0.0359685
0.0364151
0.0367877
0.0370918
0.037342
0.03754
0.0377112
0.0378511
0.0379956
0.0381198
0.0382943
0.0384487
0.0387306
0.0389551
0.0394606
0.0397735
0.0407257
0.0410886
0.043012
0.0434113
0.010895
0.00866836
0.00804436
0.00739356
0.00463096
0.00181066
0.00125051
0.00153649
0.00199779
0.00260047
0.00328592
0.00402431
0.00475117
0.00543942
0.00606474
0.00661974
0.00709935
0.00754751
0.00811378
0.00903194
0.0104275
0.0121882
0.0141049
0.0160301
0.0178981
0.0196885
0.0213993
0.0230338
0.0245925
0.0260778
0.0274899
0.028827
0.0300862
0.0312636
0.0323555
0.0333583
0.0342692
0.0350865
0.0358103
0.0364415
0.0369824
0.0374367
0.0378129
0.0381163
0.0383615
0.0385506
0.0387083
0.0388309
0.0389543
0.039055
0.0392036
0.0393308
0.0395861
0.0397825
0.0402662
0.0405519
0.0414933
0.0418223
0.043724
0.044
0.0108685
0.00839357
0.00771232
0.00745824
0.00528552
0.00248348
0.00143988
0.001631
0.00207882
0.00268743
0.0033875
0.00414737
0.00490156
0.00562201
0.00628438
0.00688025
0.00740096
0.00788223
0.00846252
0.00937171
0.010751
0.0125102
0.0144462
0.0164055
0.0183151
0.0201502
0.0219065
0.0235862
0.025189
0.0267174
0.0281715
0.0295492
0.0308472
0.0320615
0.0331878
0.0342222
0.0351615
0.0360035
0.0367483
0.0373955
0.0379479
0.0384095
0.0387888
0.039091
0.0393306
0.0395099
0.0396533
0.0397576
0.0398587
0.0399345
0.0400556
0.0401538
0.04038
0.0405467
0.0410052
0.0412621
0.0421874
0.0424823
0.0443528
0.044513
0.0108453
0.00816943
0.00738946
0.00739681
0.0058182
0.00323263
0.00174325
0.00175358
0.00217003
0.00277896
0.00349019
0.0042697
0.00505016
0.00580274
0.00650289
0.00714113
0.00770476
0.00822048
0.00881485
0.00971316
0.0110719
0.0128236
0.0147731
0.0167615
0.0187089
0.0205857
0.0223849
0.0241073
0.0257523
0.0273221
0.0288166
0.0302333
0.0315688
0.0328188
0.0339785
0.0350435
0.0360103
0.0368764
0.0376411
0.0383033
0.0388668
0.0393354
0.0397174
0.0400179
0.0402512
0.04042
0.0405482
0.0406334
0.0407111
0.0407607
0.0408527
0.0409205
0.0411155
0.0412507
0.0416807
0.0419076
0.0428117
0.0430719
0.0449035
0.0449552
0.0108249
0.00798714
0.00708606
0.00723968
0.00621528
0.00398828
0.00218999
0.00192081
0.00227716
0.00287826
0.00359611
0.00439296
0.00519827
0.00598255
0.00672092
0.00740286
0.00801117
0.00856291
0.00917188
0.010058
0.0113922
0.0131308
0.015088
0.0171006
0.0190818
0.020997
0.0228365
0.0245994
0.0262844
0.0278937
0.0294268
0.0308811
0.0322527
0.033537
0.034729
0.0358237
0.0368171
0.0377063
0.0384896
0.0391664
0.0397406
0.0402158
0.0406
0.0408982
0.0411247
0.0412825
0.0413948
0.04146
0.0415133
0.0415357
0.0415972
0.041633
0.0417948
0.0418968
0.0422956
0.0424909
0.0433693
0.0435944
0.0453802
0.0453308
0.0108072
0.00783932
0.00680826
0.00701523
0.00647401
0.00469677
0.00276632
0.0021574
0.00240845
0.00298959
0.00370787
0.00451907
0.00534732
0.00616255
0.00693922
0.00766588
0.00832057
0.00891009
0.00953464
0.0104078
0.0117143
0.0134344
0.0153935
0.0174253
0.0194361
0.0213864
0.0232632
0.0250641
0.026787
0.0284339
0.0300038
0.0314939
0.0329002
0.0342175
0.0354405
0.0365638
0.0375828
0.0384938
0.0392947
0.0399858
0.0405702
0.0410515
0.0414375
0.0417332
0.0419524
0.0420985
0.0421942
0.0422387
0.0422668
0.0422608
0.0422905
0.0422931
0.0424198
0.0424871
0.042852
0.0430143
0.0438629
0.0440522
0.0457865
0.0456435
0.0107918
0.00771976
0.00655909
0.00674844
0.00660087
0.00531825
0.0034254
0.00249506
0.00257586
0.00311865
0.00382882
0.0046504
0.00549905
0.00634398
0.00715862
0.00793071
0.00863334
0.00926255
0.00990406
0.0107642
0.0120402
0.0137366
0.0156919
0.0177376
0.0197738
0.0217556
0.0236668
0.0255032
0.0272617
0.0289441
0.0305489
0.0320731
0.0335124
0.0348613
0.036114
0.0372647
0.0383079
0.0392392
0.0400573
0.040762
0.0413563
0.0418434
0.0422308
0.0425233
0.0427348
0.0428687
0.0429473
0.0429703
0.0429724
0.0429373
0.042934
0.0429021
0.042992
0.0430231
0.0433517
0.0434795
0.0442947
0.0444475
0.0461258
0.0458964
0.0107784
0.00762335
0.0063393
0.00646017
0.00660942
0.00582548
0.00411728
0.00295324
0.00279651
0.00327317
0.00396321
0.00478982
0.0056555
0.00652833
0.00738011
0.00819793
0.00894982
0.00962074
0.010281
0.0111285
0.0123718
0.0140399
0.0159856
0.01804
0.020097
0.0221066
0.0240492
0.0259182
0.0277099
0.0294256
0.0310633
0.0326197
0.0340903
0.0354692
0.0367502
0.0379268
0.0389924
0.0399433
0.0407779
0.0414958
0.0420994
0.0425917
0.04298
0.0432691
0.0434724
0.0435936
0.0436546
0.0436556
0.043631
0.0435658
0.0435286
0.043461
0.0435127
0.0435061
0.0437963
0.0438881
0.0446666
0.0447824
0.0464008
0.0460921
0.0107668
0.00754585
0.00614816
0.00616697
0.00651799
0.00620257
0.00479512
0.0035234
0.00309387
0.00346353
0.00411662
0.00494091
0.00581918
0.00671741
0.00760489
0.00846825
0.00927042
0.00998509
0.0106663
0.011502
0.0127111
0.0143465
0.016277
0.0183346
0.0204078
0.0224412
0.0244118
0.0263106
0.0281329
0.0298796
0.031548
0.0331347
0.0346347
0.036042
0.0373497
0.0385497
0.0396367
0.0406064
0.0414568
0.0421872
0.0427996
0.0432967
0.0436856
0.0439708
0.0441655
0.0442736
0.0443165
0.044295
0.0442431
0.0441471
0.0440751
0.0439707
0.0439829
0.0439374
0.0441871
0.0442417
0.0449803
0.0450585
0.0466139
0.0462332
0.0107568
0.00748379
0.00598395
0.00588124
0.00634744
0.00644387
0.00541801
0.00417267
0.00349009
0.00370338
0.0042963
0.00510812
0.00599309
0.00691334
0.00783441
0.00874252
0.00959559
0.010356
0.0110607
0.0118862
0.0130599
0.0146586
0.0165685
0.0186237
0.0207082
0.0227613
0.0247565
0.0266819
0.0285321
0.0303072
0.032004
0.0336188
0.0351464
0.0365802
0.0379118
0.0391341
0.0402413
0.0412289
0.0420943
0.0428365
0.0434571
0.0439586
0.0443475
0.0446285
0.0448142
0.0449088
0.0449332
0.0448888
0.0448092
0.0446817
0.0445741
0.0444321
0.0444035
0.0443178
0.0445253
0.0445413
0.0452373
0.0452776
0.0467675
0.0463217
0.0107481
0.0074343
0.00584438
0.00561169
0.0061191
0.00655274
0.00595252
0.00485775
0.0039921
0.00401057
0.0045117
0.00529699
0.00618095
0.00711871
0.00807042
0.00902182
0.00992587
0.0107337
0.0114646
0.0122821
0.01342
0.0149786
0.0168623
0.0189095
0.0210002
0.0230687
0.0250847
0.0270336
0.0289087
0.0307097
0.0324324
0.034073
0.035626
0.0370832
0.038437
0.0396801
0.0408064
0.0418108
0.0426905
0.0434437
0.0440719
0.0445772
0.0449658
0.0452421
0.0454185
0.0454993
0.0455049
0.0454372
0.0453293
0.0451699
0.045026
0.0448455
0.0447752
0.0446482
0.0448118
0.0447881
0.0454391
0.045441
0.0468637
0.0463595
0.0107405
0.00739506
0.00572692
0.00536386
0.00585325
0.00653996
0.0063738
0.00553388
0.00458746
0.00440107
0.00477599
0.00551438
0.00638727
0.00733661
0.00831503
0.00930743
0.0102619
0.0111187
0.0118788
0.0126908
0.0137932
0.0153085
0.0171609
0.0191943
0.0212859
0.0233652
0.0253981
0.027367
0.0292638
0.0310879
0.0328339
0.0344978
0.0360728
0.0375514
0.0389258
0.0401883
0.0413323
0.0423525
0.0432453
0.0440088
0.0446439
0.0451524
0.0455402
0.0458115
0.0459783
0.0460451
0.0460316
0.0459402
0.0458039
0.045612
0.0454313
0.0452117
0.0450986
0.0449293
0.0450476
0.0449831
0.045587
0.0455501
0.0469042
0.0463484
0.010734
0.00736415
0.00562897
0.00514078
0.00556788
0.00642194
0.00666617
0.0061597
0.00524775
0.00488243
0.00510272
0.00577058
0.00661758
0.00757072
0.00857077
0.00960091
0.0106044
0.0115113
0.0123035
0.0131133
0.0141812
0.0156505
0.0174665
0.0194804
0.0215674
0.0236526
0.0256982
0.0276835
0.0295988
0.031443
0.033209
0.0348927
0.0364875
0.0379854
0.0393785
0.0406588
0.0418191
0.0428537
0.0437587
0.0445316
0.045173
0.0456841
0.0460707
0.0463367
0.0464936
0.0465459
0.0465132
0.046398
0.0462328
0.0460082
0.0457902
0.0455309
0.0453742
0.0451618
0.0452336
0.0451272
0.0456821
0.0456063
0.046891
0.0462899
0.0107283
0.00734002
0.00554804
0.00494353
0.00527801
0.00621871
0.00682333
0.00669969
0.00593476
0.00545083
0.00550329
0.0060749
0.00688007
0.00782632
0.00884061
0.00990414
0.0109545
0.0119117
0.012739
0.0135503
0.0145853
0.0160068
0.0177815
0.01977
0.0218467
0.0239328
0.0259866
0.0279846
0.0299148
0.0317748
0.0335577
0.0352586
0.0368706
0.0383857
0.0397955
0.0410917
0.0422669
0.0433147
0.0442307
0.045012
0.0456589
0.0461721
0.046557
0.0468172
0.046964
0.0470018
0.0469496
0.0468103
0.0466162
0.0463586
0.046103
0.0458034
0.0456027
0.0453464
0.0453704
0.0452214
0.0457256
0.0456108
0.0468255
0.0461855
0.0107234
0.00732138
0.00548178
0.00477179
0.00499543
0.00595197
0.0068479
0.00712571
0.00660685
0.0060891
0.0059845
0.00643688
0.00718192
0.00810941
0.00912977
0.0102193
0.0113131
0.0123203
0.0131854
0.0140023
0.0150069
0.0163793
0.0181081
0.0200653
0.0221259
0.0242076
0.0262648
0.0282705
0.0302117
0.0320842
0.0338808
0.035596
0.0372227
0.0387525
0.040177
0.0414873
0.0426756
0.0437351
0.0446609
0.0454498
0.0461014
0.046616
0.0469988
0.0472529
0.0473893
0.0474124
0.0473407
0.0471773
0.0469541
0.0466634
0.0463699
0.0460298
0.0457843
0.0454836
0.0454589
0.0452665
0.0457185
0.0455649
0.0467094
0.0460364
0.0107191
0.00730719
0.00542806
0.00462427
0.00472872
0.00564321
0.00675039
0.00741804
0.00722349
0.00676848
0.0065449
0.00686462
0.00753068
0.00842547
0.00944252
0.0105511
0.0116819
0.0127374
0.0136426
0.0144695
0.015447
0.0167698
0.0184483
0.020368
0.0224064
0.0244781
0.0265336
0.0285426
0.0304909
0.0323722
0.0341792
0.0359057
0.0375442
0.0390863
0.0405231
0.0418455
0.0430452
0.0441149
0.0450494
0.0458447
0.0465001
0.0470156
0.0473957
0.0476434
0.0477692
0.0477774
0.0476862
0.0474986
0.0472464
0.0469224
0.0465909
0.04621
0.0459195
0.0455738
0.0454997
0.0452633
0.0456619
0.0454695
0.0465441
0.0458441
0.0107153
0.00729659
0.00538496
0.00449912
0.00448354
0.00531229
0.00654765
0.00756616
0.00774823
0.00745264
0.00717244
0.0073624
0.00793334
0.00878019
0.00978304
0.0109024
0.0120641
0.0131644
0.0141105
0.0149516
0.0159056
0.0171787
0.0188033
0.0206798
0.02269
0.0247459
0.0267944
0.0288022
0.0307533
0.0326397
0.0344536
0.0361881
0.0378356
0.0393873
0.040834
0.0421664
0.0433756
0.0444539
0.0453956
0.0461963
0.0468547
0.0473704
0.0477474
0.0479884
0.0481035
0.0480967
0.0479859
0.0477742
0.047493
0.0471358
0.0467664
0.0463446
0.0460086
0.0456177
0.0454934
0.0452126
0.0455568
0.0453259
0.046331
0.0456095
0.0107121
0.00728887
0.00535082
0.00439414
0.00426309
0.0049763
0.00626082
0.00756893
0.00815094
0.00810206
0.00784432
0.00792813
0.00839498
0.00917899
0.0101556
0.0112762
0.0124615
0.0136021
0.0145889
0.0154478
0.0163823
0.0176067
0.0191743
0.0210025
0.0229784
0.0250127
0.0270489
0.0290506
0.0310001
0.0328876
0.0347046
0.0364438
0.0380972
0.0396557
0.0411098
0.0424498
0.0436666
0.0447519
0.0456994
0.0465044
0.0471649
0.04768
0.0480535
0.0482875
0.0483916
0.0483699
0.0482395
0.0480039
0.0476938
0.0473036
0.0468962
0.0464335
0.0460521
0.0456156
0.0454407
0.0451151
0.0454041
0.0451351
0.0460713
0.0453338
0.0107092
0.00728347
0.00532418
0.00430705
0.0040686
0.00464902
0.00591326
0.00743424
0.00840948
0.00867775
0.00852908
0.00855129
0.00891699
0.00962612
0.010564
0.0116754
0.012876
0.0140513
0.0150776
0.0159575
0.0168766
0.0180538
0.0195624
0.0213375
0.0232732
0.02528
0.0272982
0.0292889
0.0312322
0.0331166
0.0349329
0.0366733
0.0383292
0.0398915
0.0413504
0.0426957
0.043918
0.0450085
0.0459604
0.0467684
0.0474301
0.0479441
0.0483135
0.0485402
0.0486334
0.0485967
0.0484469
0.0481874
0.0478487
0.0474256
0.0469805
0.0464771
0.0460501
0.0455681
0.0453422
0.0449716
0.0452048
0.0448982
0.0457664
0.0450181
0.0107068
0.0072799
0.00530375
0.00423559
0.00389983
0.00434065
0.00552838
0.00717786
0.00851097
0.00914422
0.00918986
0.00921229
0.00949519
0.0101235
0.0110114
0.0121027
0.0133093
0.0145126
0.0155762
0.0164795
0.0173876
0.01852
0.0199682
0.0216858
0.0235756
0.0255491
0.0275437
0.0295181
0.0314504
0.0333273
0.035139
0.0368767
0.0385318
0.0400948
0.0415556
0.0429038
0.0441294
0.0452233
0.0461782
0.046988
0.0476499
0.0481621
0.048527
0.0487462
0.0488282
0.0487766
0.0486076
0.0483246
0.0479576
0.047502
0.0470194
0.0464754
0.0460031
0.0454755
0.0451985
0.0447828
0.0449598
0.0446162
0.0454173
0.0446633
0.0107046
0.00727778
0.00528848
0.00417761
0.00375549
0.00405804
0.00512791
0.00682174
0.00845252
0.00947182
0.00978783
0.00988342
0.0101183
0.0106695
0.0114992
0.0125598
0.0137627
0.0149865
0.0160841
0.0170124
0.0179139
0.0190045
0.0203918
0.0220483
0.0238868
0.025821
0.0277862
0.029739
0.0316554
0.0335203
0.035323
0.0370543
0.038705
0.0402655
0.0417253
0.0430738
0.0443006
0.045396
0.0463521
0.0471625
0.0478238
0.0483334
0.0486934
0.0489049
0.0489758
0.0489094
0.0487215
0.0484152
0.0480203
0.0475325
0.0470129
0.0464287
0.0459113
0.0453383
0.0450101
0.0445494
0.0446699
0.0442901
0.0450254
0.0442703
0.0107027
0.00727679
0.00527741
0.00413114
0.00363369
0.00380502
0.0047305
0.00639177
0.00824135
0.00963878
0.0102853
0.0105309
0.0107675
0.0112572
0.012026
0.0130471
0.0142369
0.015473
0.0166002
0.0175544
0.0184535
0.0195059
0.0208327
0.0224251
0.0242074
0.0260966
0.0280266
0.0299523
0.0318476
0.0336959
0.0354853
0.0372061
0.0388487
0.0404033
0.0418592
0.0432053
0.0444309
0.0455259
0.0464817
0.0472915
0.0479511
0.0484576
0.0488123
0.0490158
0.0490756
0.0489946
0.048788
0.048459
0.0480366
0.0475173
0.0469611
0.0463372
0.045775
0.045157
0.0447777
0.0442722
0.0443361
0.0439209
0.0445916
0.0438401
0.010701
0.00727668
0.00526978
0.00409442
0.00353215
0.00358303
0.0043509
0.00591531
0.00789399
0.00963285
0.0106485
0.0111178
0.0114167
0.0118737
0.012587
0.0135632
0.0147311
0.0159714
0.0171233
0.0181033
0.0190038
0.0200221
0.0212897
0.0228159
0.0245375
0.0263762
0.0282651
0.0301583
0.0320273
0.0338541
0.0356257
0.0373319
0.0389627
0.0405079
0.0419567
0.0432977
0.0445198
0.0456124
0.0465664
0.0473742
0.0480313
0.0485339
0.0488829
0.0490784
0.0491272
0.0490318
0.0488069
0.0484556
0.0480063
0.047456
0.046864
0.0462009
0.0455944
0.0449318
0.0445017
0.0439518
0.0439593
0.0435096
0.0441171
0.0433735
0.0106995
0.00727723
0.00526491
0.00406588
0.0034485
0.00339164
0.00399967
0.00541882
0.00743471
0.00945241
0.0108497
0.0116066
0.0120343
0.0124999
0.0131725
0.0141036
0.0152432
0.0164799
0.017651
0.018656
0.0195614
0.0205503
0.0217609
0.0232196
0.0248767
0.0266597
0.028502
0.030357
0.0321945
0.0339948
0.035744
0.0374313
0.0390463
0.0405787
0.0420172
0.0433504
0.0445666
0.0456547
0.0466053
0.04741
0.0480635
0.0485618
0.0489047
0.0490921
0.0491299
0.0490205
0.0487778
0.0484048
0.0479293
0.0473488
0.0467215
0.0460201
0.0453699
0.0446634
0.0441828
0.043589
0.0435403
0.0430572
0.043603
0.0428714
0.0106983
0.00727828
0.00526224
0.00404414
0.00338039
0.00322917
0.00368337
0.0049258
0.00689316
0.00910683
0.01087
0.0119619
0.0125851
0.0131103
0.0137677
0.0146603
0.0157687
0.0169954
0.0181803
0.0192089
0.0201224
0.0210867
0.0222434
0.0236344
0.0252238
0.0269462
0.0287365
0.0305479
0.0323486
0.0341174
0.0358397
0.0375037
0.039099
0.0406149
0.04204
0.0433625
0.0445704
0.0456521
0.0465975
0.0473979
0.048047
0.0485403
0.048877
0.0490562
0.0490833
0.0489603
0.0487003
0.0483062
0.0478053
0.0471954
0.0465337
0.0457948
0.0451017
0.0443519
0.0438215
0.0431843
0.0430799
0.0425646
0.0430502
0.0423346
0.0106971
0.0072797
0.0052613
0.00402802
0.00332562
0.00309313
0.0034051
0.00445532
0.00630155
0.00861599
0.0107003
0.0121533
0.0130327
0.0136746
0.0143523
0.0152213
0.0163002
0.0175128
0.0187066
0.0197573
0.0206817
0.0216264
0.0227331
0.0240574
0.0255769
0.0272345
0.0289678
0.0307302
0.0324888
0.0342212
0.0359118
0.0375482
0.0391198
0.0406155
0.042024
0.0433329
0.0445301
0.0456034
0.0465422
0.047337
0.047981
0.0484687
0.0487989
0.04897
0.0489867
0.0488505
0.0485739
0.0481596
0.0476342
0.0469957
0.0463007
0.0455251
0.0447901
0.0439979
0.0434183
0.0427387
0.0425791
0.0420328
0.0424598
0.0417639
0.0106961
0.00728137
0.00526171
0.0040165
0.00328216
0.00298065
0.00316516
0.00402132
0.00569159
0.00800866
0.0103434
0.0121577
0.0133421
0.0141593
0.014901
0.0157696
0.016827
0.0180247
0.0192241
0.0202953
0.0212332
0.0221636
0.0232252
0.0244845
0.0259331
0.0275223
0.029194
0.0309024
0.0326138
0.0343048
0.035959
0.0375636
0.0391074
0.0405794
0.0419679
0.0432605
0.0444446
0.0455076
0.0464382
0.0472262
0.0478643
0.0483461
0.0486697
0.0488328
0.0488396
0.0486907
0.0483983
0.0479646
0.0474156
0.0467497
0.0460223
0.0452112
0.0444353
0.0436017
0.0429738
0.0422526
0.0420386
0.0414627
0.0418328
0.0411601
0.0106952
0.00728321
0.00526314
0.00400869
0.0032482
0.00288876
0.00296186
0.00363251
0.00509176
0.00731991
0.00981401
0.0119613
0.0134822
0.0145297
0.0153843
0.0162839
0.0173345
0.0185211
0.0197247
0.0208156
0.0217695
0.0226912
0.0237131
0.0249106
0.0262882
0.0278065
0.0294125
0.0310622
0.0327216
0.0343665
0.0359797
0.037548
0.0390601
0.0405048
0.0418702
0.0431437
0.0443124
0.0453632
0.0462841
0.0470645
0.0476959
0.0481715
0.0484885
0.0486439
0.048641
0.0484803
0.0481728
0.0477208
0.0471493
0.0464571
0.0456986
0.0448533
0.0440375
0.0431638
0.0424885
0.0417268
0.0414593
0.0408552
0.0411702
0.040524
0.0106945
0.00728516
0.00526533
0.00400386
0.00322215
0.00281457
0.00279222
0.00329292
0.00452523
0.00658774
0.0091384
0.011562
0.0134282
0.014752
0.0157703
0.016739
0.0178043
0.0189885
0.0201982
0.0213092
0.0222821
0.0232008
0.0241893
0.0253293
0.0266369
0.0280828
0.02962
0.0312068
0.0328096
0.0344037
0.0359715
0.0374995
0.038976
0.0403898
0.041729
0.0429808
0.0441319
0.0451687
0.0460787
0.0468503
0.0474746
0.0479438
0.0482542
0.0484023
0.0483905
0.0482186
0.0478971
0.0474277
0.046835
0.0461178
0.0453296
0.0444513
0.0435971
0.0426844
0.041963
0.041162
0.040842
0.0402113
0.0404729
0.0398563
0.0106938
0.00728717
0.00526808
0.0040014
0.00320261
0.00275537
0.00265259
0.00300277
0.00400863
0.0058494
0.00835236
0.0109702
0.0131642
0.0147961
0.016026
0.017106
0.0182142
0.0194107
0.0206319
0.0217651
0.0227606
0.0236826
0.0246448
0.0257325
0.0269729
0.0283458
0.0298118
0.0313322
0.0328743
0.0344135
0.0359318
0.0374154
0.0388527
0.0402323
0.0415423
0.0427699
0.0439012
0.0449224
0.0458202
0.0465824
0.047199
0.0476617
0.0479658
0.0481071
0.048087
0.047905
0.0475705
0.0470851
0.0464724
0.0457318
0.0449152
0.0440055
0.0431142
0.0421641
0.0413979
0.0405589
0.0401877
0.039532
0.0397419
0.0391579
0.0106932
0.00728919
0.0052712
0.00400077
0.00318839
0.00270876
0.00253907
0.00275951
0.00355188
0.00513787
0.00749818
0.0102095
0.0126855
0.0146374
0.0161198
0.0173547
0.018539
0.0197677
0.0210101
0.0221704
0.0231932
0.0241253
0.0250691
0.0261112
0.027288
0.0285889
0.0299824
0.0314336
0.0329116
0.0343921
0.035857
0.0372926
0.0386871
0.0400294
0.0413076
0.0425084
0.0436182
0.0446222
0.0455069
0.0462589
0.0468678
0.047324
0.0476222
0.0477572
0.0477299
0.0475387
0.0471925
0.0466925
0.0460613
0.0452987
0.0444553
0.0435159
0.0425892
0.0416032
0.0407935
0.0399182
0.039497
0.038818
0.0389782
0.0384294
0.0106927
0.0072912
0.00527458
0.00400156
0.00317848
0.0026726
0.00244785
0.0025589
0.00315878
0.00447913
0.00662045
0.00931588
0.0120004
0.0142603
0.0160234
0.0174542
0.018751
0.020037
0.0213149
0.0225099
0.0235663
0.0245162
0.0254502
0.0264543
0.0275728
0.0288041
0.0301249
0.0315053
0.0329164
0.0343349
0.0357431
0.0371273
0.038476
0.0397781
0.0410218
0.0421939
0.0432803
0.0442661
0.0451366
0.0458782
0.0464791
0.0469293
0.0472221
0.0473517
0.047318
0.047119
0.0467624
0.0462493
0.0456013
0.0448184
0.04395
0.0429826
0.0420222
0.0410021
0.0401506
0.0392405
0.0387709
0.0380704
0.0381826
0.0376717
0.0106922
0.00729318
0.0052781
0.00400341
0.003172
0.00264501
0.00237538
0.00239579
0.00282826
0.00389072
0.00576148
0.00833439
0.0111314
0.01366
0.0157145
0.0173756
0.0188217
0.0201936
0.0215255
0.0227662
0.0238644
0.0248409
0.0257747
0.0267498
0.0278166
0.028982
0.0302313
0.0315401
0.0328825
0.0342365
0.0355851
0.036915
0.0382151
0.0394745
0.0406816
0.0418232
0.0428849
0.0438514
0.0447073
0.0454382
0.0460314
0.0464759
0.0467641
0.0468894
0.0468506
0.046645
0.0462797
0.0457551
0.045092
0.0442907
0.0433993
0.0424057
0.0414135
0.0403612
0.0394697
0.0385266
0.0380102
0.0372901
0.0373563
0.0368855
0.0106918
0.0072951
0.00528169
0.00400604
0.00316824
0.00262442
0.0023185
0.00226484
0.00255587
0.0033816
0.00495705
0.00731568
0.0101148
0.0128449
0.0151795
0.0170937
0.0187229
0.0202115
0.0216192
0.0229197
0.0240702
0.0250834
0.0260277
0.0269839
0.0280071
0.0291118
0.0302924
0.0315301
0.0328028
0.0340905
0.0353774
0.0366508
0.0379
0.0391147
0.0402834
0.041393
0.0424289
0.0433754
0.0442164
0.0449367
0.0455226
0.0459621
0.0462468
0.0463689
0.0463265
0.046116
0.0457436
0.0452094
0.0445332
0.0437154
0.0428029
0.0417854
0.0407634
0.0396808
0.0387512
0.0377771
0.0372158
0.0364781
0.0365001
0.0360717
0.0106915
0.00729696
0.00528528
0.00400922
0.0031666
0.00260948
0.00227444
0.00216093
0.00233517
0.00295319
0.00423328
0.00631035
0.00899874
0.0118385
0.0144158
0.0165897
0.0184291
0.0200644
0.0215722
0.0229495
0.0241648
0.0252263
0.026193
0.0271416
0.0281307
0.0291816
0.0302975
0.0314659
0.0326692
0.0338899
0.0351136
0.0363287
0.0375254
0.0386937
0.0398227
0.0408993
0.0419088
0.042835
0.0436613
0.0443713
0.0449507
0.0453863
0.0456686
0.0457891
0.0457446
0.045531
0.0451535
0.0446116
0.0439244
0.0430923
0.042161
0.0411217
0.0400721
0.0389615
0.0379959
0.0369929
0.0363884
0.0356353
0.0356151
0.0352309
0.0106912
0.00729874
0.00528882
0.00401279
0.00316658
0.00259904
0.00224081
0.00207938
0.00215894
0.00260125
0.00360532
0.00536338
0.00783921
0.0106793
0.0134347
0.0158539
0.0179193
0.0197276
0.0213602
0.0228334
0.0241282
0.025251
0.026253
0.0272066
0.0281724
0.0291781
0.0302349
0.0313374
0.0324726
0.0336264
0.0347864
0.0359424
0.0370855
0.0382065
0.0392949
0.040338
0.0413209
0.0422269
0.0430388
0.0437395
0.0443134
0.0447464
0.0450279
0.0451484
0.0451038
0.044889
0.0445085
0.0439612
0.0432652
0.0424212
0.0414734
0.0404147
0.0393398
0.0382037
0.0372042
0.0361745
0.0355291
0.0347626
0.0347022
0.0343641
0.0106909
0.00730045
0.00529228
0.00401659
0.0031678
0.00259216
0.00221559
0.00201611
0.00201998
0.00231793
0.00307781
0.00450933
0.00669418
0.00941938
0.0122631
0.0148883
0.0171798
0.0191799
0.0209602
0.0225491
0.0239393
0.0251379
0.0261894
0.0271615
0.0281164
0.0290868
0.0300918
0.031133
0.0322029
0.0332911
0.0343878
0.0354846
0.0365738
0.0376472
0.0386949
0.0397044
0.040661
0.0415474
0.0423459
0.0430384
0.0436082
0.0440403
0.0443229
0.0444455
0.0444028
0.0441892
0.0438079
0.0432576
0.0425553
0.0417019
0.04074
0.0396645
0.0385669
0.0374077
0.0363768
0.0353229
0.0346386
0.033861
0.0337624
0.0334721
0.0106906
0.00730208
0.00529564
0.00402052
0.00316992
0.00258806
0.0021971
0.00196761
0.00191166
0.0020937
0.00264695
0.00376946
0.00561677
0.00812035
0.0109439
0.0137095
0.0162066
0.0184059
0.0203519
0.0220753
0.0235775
0.0248669
0.0259829
0.0269884
0.0279457
0.0288925
0.0298545
0.0308406
0.0318492
0.0328743
0.0339092
0.0349476
0.0359834
0.0370095
0.0380169
0.0389936
0.0399246
0.0407927
0.0415791
0.042265
0.0428327
0.0432659
0.0435517
0.0436787
0.0436404
0.0434304
0.0430509
0.0425003
0.0417943
0.0409342
0.039961
0.0388714
0.0377537
0.036574
0.0355143
0.0344387
0.0337179
0.0329315
0.0327968
0.0325556
0.0106904
0.00730363
0.00529888
0.00402449
0.00317269
0.00258611
0.00218393
0.00193095
0.00182814
0.00191874
0.00230328
0.00315144
0.00464879
0.00684702
0.00953491
0.0123505
0.0150087
0.0173985
0.0195197
0.0213929
0.0230229
0.0244185
0.0256144
0.0266685
0.0276428
0.0285792
0.0295084
0.0304471
0.0313998
0.0323657
0.0333413
0.034323
0.0353067
0.0362868
0.0372551
0.0382002
0.0391072
0.0399585
0.0407348
0.0414162
0.0419841
0.0424208
0.0427125
0.0428464
0.0428152
0.0426116
0.0422367
0.0416885
0.0409817
0.0401178
0.0391362
0.0380354
0.0369005
0.0357032
0.0346173
0.0335227
0.0327679
0.0319753
0.0318064
0.0316157
0.0106902
0.00730509
0.00530198
0.00402844
0.00317591
0.00258579
0.00217494
0.00190369
0.00176444
0.00178388
0.00203449
0.00265145
0.00381632
0.0056593
0.00810417
0.0108614
0.0136106
0.0161618
0.0184555
0.0204875
0.0222581
0.0237741
0.0250651
0.0261837
0.0271903
0.0281303
0.0290386
0.029939
0.0308428
0.0317542
0.0326742
0.0336021
0.034536
0.0354719
0.036403
0.0373185
0.0382036
0.0390405
0.0398091
0.0404887
0.0410594
0.0415027
0.041803
0.041947
0.0419259
0.0417317
0.0413645
0.0408219
0.0401173
0.0392526
0.0382656
0.0371566
0.0360075
0.0347956
0.0336865
0.0325757
0.0317897
0.0309932
0.0307923
0.0306533
0.0106901
0.00730647
0.00530494
0.00403232
0.00317943
0.0025867
0.0021692
0.00188381
0.00171644
0.00168109
0.00182762
0.00225773
0.00312858
0.00460413
0.00672294
0.00930734
0.0120542
0.0147141
0.0171607
0.0193507
0.0212696
0.0229176
0.0243177
0.0255162
0.0265707
0.0275295
0.0284299
0.0293025
0.0301655
0.0310289
0.031898
0.0327758
0.033663
0.0345576
0.0354542
0.0363427
0.0372087
0.0380341
0.0387981
0.0394791
0.040056
0.0405089
0.0408214
0.0409787
0.0409711
0.0407897
0.0404335
0.0398997
0.0392006
0.0383385
0.0373493
0.0362354
0.0350753
0.0338519
0.0327226
0.0315987
0.0307841
0.0299864
0.0297557
0.0296692
0.0106899
0.00730777
0.00530775
0.0040361
0.00318311
0.00258849
0.00216593
0.00186969
0.00168075
0.00160357
0.00167051
0.00195449
0.00258019
0.00370971
0.00545613
0.00776392
0.0103993
0.0130907
0.0156499
0.0179833
0.02005
0.021837
0.0233576
0.0246501
0.0257679
0.026761
0.0276673
0.0285239
0.0293556
0.0301784
0.0310026
0.0318351
0.0326796
0.0335365
0.034402
0.0352669
0.0361173
0.0369346
0.0376977
0.0383838
0.0389706
0.0394371
0.0397655
0.0399399
0.0399495
0.0397844
0.0394429
0.0389214
0.0382314
0.0373752
0.0363874
0.0352719
0.0341041
0.0328727
0.0317264
0.0305924
0.0297523
0.028956
0.0286977
0.0286645
0.0106898
0.00730899
0.00531041
0.00403975
0.00318687
0.00259093
0.00216456
0.00186003
0.00165463
0.00154573
0.00155257
0.00172506
0.00215582
0.00298385
0.00435255
0.00630805
0.00872058
0.0113454
0.0139537
0.0163982
0.0186004
0.0205261
0.0221742
0.0235723
0.0247673
0.0258102
0.0267367
0.02759
0.028401
0.0291919
0.0299782
0.030771
0.0315778
0.0324014
0.0332399
0.0340853
0.034924
0.0357375
0.0365039
0.0371993
0.0378004
0.0382848
0.0386333
0.0388289
0.0388597
0.038715
0.0383919
0.0378866
0.0372093
0.0363628
0.0353799
0.0342665
0.0330945
0.0318584
0.0306986
0.0295579
0.0286953
0.0279033
0.0276196
0.0276403
0.0106897
0.00731013
0.00531293
0.00404326
0.00319064
0.00259381
0.00216459
0.00185378
0.0016359
0.0015031
0.00146496
0.00155395
0.00183528
0.00241699
0.00343824
0.00500663
0.00710114
0.00954992
0.0121212
0.0146231
0.0169332
0.0189869
0.0207626
0.0222737
0.0235577
0.0246643
0.0256256
0.0264887
0.0272906
0.0280591
0.0288154
0.0295753
0.03035
0.0311454
0.0319617
0.0327922
0.033624
0.0344383
0.0352127
0.0359223
0.0365424
0.0370494
0.0374226
0.0376441
0.0377004
0.0375804
0.0372799
0.0367947
0.0361342
0.0353012
0.034327
0.0332195
0.032047
0.03081
0.0296401
0.0284962
0.0276144
0.0268294
0.0265227
0.0265978
0.0106896
0.00731119
0.00531529
0.0040466
0.00319435
0.00259697
0.00216567
0.00185012
0.00162282
0.00147212
0.00140057
0.00142788
0.00159777
0.0019883
0.00271521
0.0039054
0.00562134
0.00778948
0.0102207
0.012704
0.0150752
0.0172322
0.0191264
0.0207514
0.022132
0.0233141
0.0243233
0.0252096
0.0260143
0.026771
0.0275061
0.0282405
0.0289895
0.0297624
0.0305617
0.0313825
0.0322125
0.0330329
0.0338206
0.0345496
0.035194
0.0357287
0.0361317
0.0363838
0.0364705
0.0363797
0.0361062
0.0356455
0.0350058
0.0341905
0.033229
0.0321313
0.0309622
0.029728
0.0285519
0.0274083
0.0265107
0.0257357
0.0254083
0.025538
0.0106895
0.00731218
0.00531751
0.00404978
0.00319798
0.00260029
0.00216748
0.0018484
0.00161403
0.00144997
0.00135377
0.00133598
0.00142442
0.00167231
0.00216622
0.00302216
0.00434492
0.00615324
0.00833766
0.010707
0.013071
0.0152892
0.0172796
0.0190107
0.0204894
0.0217543
0.0228231
0.0237451
0.0245647
0.0253202
0.0260434
0.0267604
0.0274906
0.0282472
0.0290354
0.029852
0.0306856
0.0315177
0.0323242
0.0330784
0.0337526
0.0343206
0.0347589
0.0350469
0.035169
0.0351122
0.0348704
0.0344387
0.0338243
0.0330308
0.0320863
0.0310024
0.0298408
0.0286134
0.0274349
0.0262954
0.0253855
0.0246236
0.0242781
0.0244623
0.0106894
0.0073131
0.00531958
0.00405278
0.00320148
0.00260368
0.00216981
0.00184811
0.00160846
0.00143449
0.00132019
0.00126967
0.00129946
0.00144395
0.00176305
0.00234769
0.00330708
0.0047197
0.00656671
0.00871711
0.0109854
0.0132025
0.0152507
0.0170677
0.0186376
0.019986
0.0211228
0.0220911
0.0229368
0.0237019
0.024423
0.0251308
0.0258497
0.0265964
0.0273794
0.0281975
0.0290404
0.0298898
0.0307211
0.0315062
0.0322163
0.0328234
0.0333027
0.0336321
0.033795
0.0337773
0.0335722
0.0331742
0.0325896
0.0318225
0.0308993
0.0298336
0.0286836
0.0274672
0.0262903
0.0251588
0.0242404
0.0234945
0.0231334
0.0233722
0.0106893
0.00731395
0.00532151
0.00405561
0.00320483
0.00260707
0.00217249
0.00184887
0.00160531
0.00142401
0.00129647
0.00122235
0.00121034
0.00128143
0.00147455
0.00185372
0.00250985
0.00354073
0.00499771
0.00683269
0.00890378
0.0110371
0.0130853
0.0149527
0.0165955
0.0180178
0.0192268
0.0202492
0.0211305
0.0219149
0.0226431
0.0233502
0.024065
0.0248084
0.0255921
0.0264174
0.0272752
0.0281476
0.0290095
0.0298317
0.0305837
0.031236
0.0317621
0.0321388
0.032348
0.0323748
0.0322114
0.0318522
0.0313022
0.0305661
0.0296686
0.0286255
0.0274915
0.0262903
0.0251193
0.0239999
0.0230768
0.0223501
0.0219762
0.022269
0.0106893
0.00731473
0.00532331
0.00405826
0.00320803
0.00261041
0.00217537
0.00185037
0.00160392
0.00141723
0.00128006
0.00118899
0.00114742
0.00116718
0.00127209
0.00150376
0.0019276
0.002631
0.00369714
0.00515234
0.00692759
0.00887953
0.0108501
0.012714
0.0143962
0.0158732
0.0171494
0.018228
0.0191509
0.0199627
0.0207062
0.0214204
0.0221382
0.0228845
0.0236745
0.0245122
0.0253903
0.0262911
0.0271892
0.0280542
0.0288542
0.0295578
0.0301369
0.0305667
0.0308279
0.0309048
0.0307884
0.0304729
0.0299624
0.0292621
0.0283951
0.0273791
0.0262656
0.0250841
0.0239233
0.0228202
0.0218965
0.0211922
0.0208081
0.0211545
0.0106892
0.00731545
0.00532497
0.00406075
0.00321106
0.00261365
0.00217835
0.00185238
0.00160383
0.0014132
0.00126902
0.00116584
0.00110348
0.00108769
0.00113209
0.00126191
0.00151955
0.00196937
0.00269204
0.00375469
0.0051625
0.0068347
0.00863394
0.0104208
0.0120916
0.0135927
0.0149172
0.0160459
0.0170115
0.0178552
0.0186203
0.0193481
0.0200749
0.0208296
0.0216308
0.0224854
0.023388
0.024322
0.0252614
0.0261748
0.0270284
0.0277893
0.0284272
0.0289161
0.029235
0.0293675
0.0293036
0.0290371
0.0285712
0.0279115
0.0270797
0.0260956
0.0250072
0.0238499
0.022704
0.0216213
0.0207012
0.0200226
0.0196313
0.0200304
0.0106891
0.00731611
0.00532651
0.00406306
0.00321392
0.00261677
0.00218135
0.00185472
0.00160466
0.00141115
0.00126192
0.00115009
0.00107316
0.00103294
0.00103639
0.00109777
0.00124236
0.00151161
0.00196622
0.0026776
0.003697
0.00501443
0.00654591
0.00816592
0.00975512
0.0112321
0.0125723
0.0137341
0.0147357
0.0156109
0.0164003
0.0171458
0.0178861
0.0186531
0.019469
0.0203438
0.0212743
0.0222449
0.0232296
0.024196
0.0251085
0.025932
0.0266345
0.0271882
0.0275705
0.0277642
0.0277581
0.0275458
0.0271295
0.0265154
0.0257238
0.0247763
0.0237178
0.0225894
0.0214629
0.0204053
0.019493
0.0188434
0.0184479
0.0188988
0.0106891
0.0073167
0.00532792
0.00406521
0.0032166
0.00261974
0.00218432
0.00185726
0.00160612
0.00141055
0.00125767
0.0011397
0.00105259
0.000995627
0.00097161
0.000987838
0.00105821
0.0012068
0.00147216
0.00190887
0.0025773
0.00351503
0.00470366
0.0060635
0.00748505
0.00887066
0.0101765
0.0113406
0.0123612
0.0132598
0.0140711
0.0148346
0.0155897
0.0163707
0.0172027
0.018099
0.0190588
0.0200678
0.0211004
0.0221229
0.0230982
0.0239891
0.0247613
0.025385
0.0258362
0.0260963
0.0261533
0.0260004
0.025639
0.0250755
0.0243288
0.0234228
0.022399
0.0213043
0.0202023
0.019174
0.0182743
0.0176569
0.0172605
0.0177618
0.0106891
0.00731724
0.00532921
0.00406719
0.0032191
0.00262256
0.00218721
0.00185989
0.00160801
0.00141096
0.00125548
0.00113314
0.00103893
0.00097054
0.000928186
0.000914945
0.000937728
0.00100923
0.00115099
0.00139675
0.00179275
0.00238785
0.00320936
0.00423711
0.00540185
0.00661371
0.00781621
0.00893478
0.00994361
0.0108473
0.01167
0.012446
0.013213
0.014006
0.0148525
0.0157687
0.0167563
0.0178031
0.0188837
0.0199638
0.0210043
0.0219658
0.0228117
0.02351
0.0240348
0.0243665
0.0244917
0.0244033
0.0241015
0.0235936
0.0228969
0.0220372
0.021053
0.0199969
0.0189242
0.0179301
0.0170475
0.0164656
0.0160717
0.0166219
0.010689
0.00731772
0.00533039
0.00406902
0.00322143
0.00262521
0.00218999
0.00186253
0.00161016
0.00141207
0.00125474
0.00112932
0.00103017
0.000953979
0.000899411
0.000867044
0.000859717
0.000883399
0.000948785
0.00107364
0.00128516
0.0016198
0.00211541
0.0027926
0.0036352
0.00458968
0.00560483
0.00661228
0.00756214
0.00843881
0.0092518
0.0100264
0.0107957
0.0115934
0.0124481
0.0133783
0.0143887
0.0154689
0.0165944
0.0177305
0.0188363
0.0198699
0.0207919
0.0215683
0.0221708
0.0225784
0.0227763
0.022757
0.0225198
0.0220722
0.0214303
0.0206218
0.0196822
0.0186696
0.0176313
0.0166761
0.0158155
0.0152726
0.0148846
0.0154818
0.010689
0.00731814
0.00533145
0.0040707
0.00322358
0.00262769
0.00219263
0.00186514
0.00161245
0.00141364
0.00125501
0.00112744
0.00102485
0.000943341
0.000880638
0.00083588
0.000809619
0.000804109
0.000823946
0.000877178
0.000976836
0.00114249
0.00140022
0.00177763
0.00229156
0.0029342
0.00367891
0.00449863
0.00532534
0.00612625
0.00689419
0.00764189
0.00839438
0.00918157
0.0100314
0.010964
0.0119864
0.0130907
0.0142537
0.0154403
0.0166079
0.0177122
0.0187109
0.0195669
0.0202499
0.0207368
0.0210113
0.0210654
0.0208971
0.0205145
0.019932
0.0191795
0.0182895
0.0173253
0.0163267
0.0154151
0.0145816
0.0140808
0.0137027
0.0143446
0.010689
0.00731851
0.00533241
0.00407223
0.00322557
0.00263
0.00219512
0.00186766
0.00161478
0.0014155
0.00125597
0.00112689
0.00102193
0.000936799
0.000868676
0.000815882
0.000777724
0.000754499
0.00074766
0.000760176
0.000797113
0.000866448
0.000979967
0.00115355
0.00140521
0.00174922
0.00219103
0.00274733
0.00337485
0.00403455
0.00470512
0.00538511
0.00608869
0.00683907
0.00766142
0.00857599
0.00959211
0.0107042
0.0118908
0.0131168
0.0143383
0.0155081
0.0165807
0.0175158
0.01828
0.0188482
0.0192024
0.0193332
0.0192378
0.0189243
0.0184058
0.0177139
0.0168783
0.0159674
0.0150139
0.0141507
0.0133495
0.012894
0.0125298
0.0132138
0.0106889
0.00731883
0.00533326
0.00407361
0.00322739
0.00263214
0.00219746
0.00187007
0.0016171
0.00141751
0.00125737
0.00112725
0.00102066
0.00093307
0.000861335
0.000803317
0.000757661
0.000723674
0.000701287
0.000691086
0.000694412
0.000713523
0.000751855
0.000814369
0.000907935
0.00104148
0.00122636
0.00150224
0.00187359
0.00232274
0.00282971
0.00338437
0.0039903
0.00466229
0.00542073
0.00628471
0.00726499
0.00835854
0.00954595
0.0107927
0.0120535
0.0132783
0.0144177
0.0154279
0.0162717
0.0169214
0.0173565
0.0175666
0.0175472
0.0173063
0.0168558
0.0162289
0.0154525
0.0146
0.0136968
0.012887
0.0121233
0.0117164
0.0113704
0.0120935
0.0106889
0.00731909
0.00533401
0.00407486
0.00322904
0.0026341
0.00219963
0.00187234
0.00161936
0.00141958
0.00125903
0.00112821
0.00102051
0.000931254
0.000857112
0.000795691
0.000745289
0.000704726
0.000673233
0.000650373
0.000635974
0.000630061
0.000632792
0.000644398
0.000665178
0.000695658
0.000737407
0.000814713
0.000950707
0.00115912
0.00144504
0.00180863
0.00225241
0.00278605
0.00342565
0.00418882
0.0050876
0.00612175
0.00727449
0.00851231
0.0097887
0.0110505
0.012244
0.0133206
0.0142389
0.0149675
0.0154831
0.0157734
0.0158319
0.0156666
0.0152877
0.0147297
0.0140172
0.0132277
0.0123804
0.0116286
0.0109081
0.0105525
0.0102296
0.0109881
0.0106889
0.00731931
0.00533466
0.00407598
0.00323055
0.0026359
0.00220164
0.00187448
0.00162152
0.00142164
0.00126084
0.00112955
0.00102109
0.000930719
0.000854976
0.000791334
0.000737912
0.000693298
0.000656418
0.00062643
0.000602627
0.000584338
0.000570824
0.000561172
0.000554203
0.000548419
0.000542069
0.000541996
0.000557586
0.000600583
0.000686526
0.000833373
0.0010602
0.00138701
0.00183505
0.00242554
0.00317499
0.00408817
0.0051524
0.00633602
0.00759146
0.00886195
0.0100885
0.0112167
0.0121996
0.0130011
0.0135939
0.0139633
0.0141005
0.0140125
0.0137079
0.0132223
0.0125779
0.0118562
0.0110701
0.0103811
0.00970927
0.00940776
0.00911321
0.00990314
0.0106889
0.00731947
0.00533521
0.00407696
0.00323189
0.00263754
0.00220348
0.00187646
0.00162355
0.00142364
0.00126269
0.00113109
0.00102214
0.000931021
0.000854218
0.000789126
0.000733774
0.000686643
0.000646535
0.000612465
0.000583572
0.00055904
0.000538027
0.000519605
0.000502739
0.000486311
0.000469213
0.000453048
0.000439523
0.000430987
0.000432039
0.000451386
0.000504611
0.000616978
0.000823913
0.00116616
0.00167988
0.00238614
0.00328357
0.004346
0.0055259
0.00676236
0.00798978
0.00914616
0.0101773
0.0110407
0.0117041
0.0121488
0.0123633
0.012353
0.0121245
0.0117141
0.0111418
0.0104921
0.00977253
0.00915085
0.00853354
0.00828854
0.00802828
0.00884475
0.0106888
0.00731958
0.00533566
0.00407781
0.0032331
0.00263901
0.00220516
0.00187828
0.00162545
0.00142555
0.00126452
0.00113274
0.00102346
0.00093185
0.00085435
0.000788313
0.000731723
0.000683017
0.000640948
0.000604493
0.000572771
0.00054498
0.000520355
0.000498142
0.000477598
0.000458042
0.000438927
0.0004207
0.000403592
0.000387834
0.000374001
0.000363406
0.000359193
0.000369062
0.000410949
0.000520653
0.000753451
0.00116852
0.00180204
0.00265145
0.00367776
0.00481798
0.00599876
0.00714826
0.00820245
0.00911042
0.00983276
0.0103457
0.0106335
0.0106993
0.0105474
0.0102141
0.00971712
0.00914348
0.00849569
0.00794552
0.00738856
0.00720209
0.00698315
0.00782053
0.0106888
0.00731965
0.00533602
0.00407854
0.00323415
0.00264033
0.00220668
0.00187994
0.00162721
0.00142734
0.00126628
0.00113439
0.00102492
0.000932988
0.000855034
0.000788384
0.000731001
0.000681302
0.000638028
0.000600153
0.000566812
0.00053725
0.000510787
0.000486802
0.000464739
0.00044413
0.000424628
0.000406326
0.000389186
0.000373146
0.000358206
0.000344464
0.000332243
0.000322522
0.00031831
0.000328846
0.000379597
0.000524543
0.000839429
0.00138212
0.0021567
0.00311556
0.00418238
0.00527437
0.00631483
0.00724121
0.00800456
0.00857377
0.00892751
0.00906554
0.0089889
0.00873325
0.00831427
0.00782007
0.00724896
0.00677405
0.00628341
0.00615717
0.00598845
0.00684
0.0106888
0.00731966
0.00533629
0.00407915
0.00323507
0.00264149
0.00220804
0.00188145
0.00162882
0.00142901
0.00126795
0.00113601
0.00102642
0.000934287
0.000856042
0.000788997
0.000731106
0.000680779
0.000636757
0.000598022
0.000563729
0.000533165
0.000505709
0.000480824
0.000458048
0.000437003
0.000417405
0.000399198
0.000382264
0.000366484
0.000351771
0.000338059
0.00032532
0.000313603
0.000303211
0.000295339
0.000294433
0.000315916
0.000402556
0.000632004
0.00107941
0.001761
0.00262647
0.00359129
0.00456592
0.0054731
0.006251
0.00685836
0.00726624
0.00746914
0.00746421
0.00728529
0.00694587
0.00653369
0.0060437
0.00564711
0.00522911
0.00516469
0.00505877
0.00591609
0.0106888
0.00731962
0.00533646
0.00407963
0.00323584
0.00264251
0.00220925
0.0018828
0.00163028
0.00143053
0.00126951
0.00113755
0.00102789
0.000935644
0.000857217
0.000789921
0.000731706
0.000680981
0.000636491
0.000597226
0.000562361
0.000531209
0.000503188
0.000477808
0.000454654
0.000433387
0.000413742
0.000395589
0.000378777
0.000363167
0.000348646
0.000335117
0.0003225
0.00031073
0.000299781
0.00028974
0.000281133
0.000276224
0.000284074
0.000335078
0.000497559
0.000853227
0.00143057
0.00218276
0.00302204
0.00385784
0.00461276
0.00523195
0.00567617
0.00593238
0.00599257
0.00588729
0.00562759
0.00529889
0.00489365
0.00457757
0.00423968
0.00423971
0.00421667
0.00506838
0.0106888
0.00731952
0.00533654
0.00408
0.00323648
0.00264338
0.0022103
0.001884
0.00163158
0.00143192
0.00127093
0.00113899
0.00102931
0.000936991
0.000858454
0.000791001
0.000732582
0.000681606
0.000636821
0.000597226
0.000562009
0.000530501
0.000502144
0.000476472
0.000453095
0.000431693
0.000412006
0.000393866
0.000377104
0.000361571
0.000347144
0.000333713
0.000321186
0.00030948
0.000298527
0.00028828
0.000278757
0.000270208
0.00026387
0.000265113
0.000294219
0.000404985
0.000674731
0.00114105
0.00176466
0.00246153
0.00314233
0.00373647
0.00419142
0.00448372
0.00459848
0.0045609
0.00437914
0.00413364
0.00381567
0.00358163
0.00333531
0.00340687
0.00350053
0.00432967
0.0106888
0.00731938
0.00533652
0.00408025
0.00323699
0.00264411
0.00221121
0.00188504
0.00163274
0.00143315
0.00127223
0.00114031
0.00103063
0.000938282
0.000859683
0.000792136
0.00073359
0.000682456
0.000637486
0.000597684
0.000562246
0.000530516
0.00050195
0.000476096
0.000452577
0.000431082
0.000411352
0.000393199
0.000376444
0.000360934
0.000346538
0.000333142
0.000320648
0.000308968
0.000298029
0.000287767
0.000278134
0.000269122
0.000260857
0.000254037
0.000251817
0.000266876
0.000337209
0.000527401
0.000878754
0.00136391
0.00190653
0.00242627
0.00285642
0.00316018
0.00331365
0.00333398
0.00322552
0.00306043
0.00283127
0.00268242
0.00255124
0.00271352
0.0029722
0.00375508
0.0106888
0.00731918
0.00533642
0.00408039
0.00323737
0.0026447
0.00221197
0.00188594
0.00163375
0.00143425
0.00127338
0.00114151
0.00103184
0.000939487
0.000860859
0.000793259
0.000734637
0.000683406
0.000638318
0.000598385
0.000562808
0.000530937
0.000502236
0.000476263
0.000452648
0.000431082
0.000411311
0.000393131
0.00037636
0.000360843
0.000346443
0.000333047
0.000320551
0.000308868
0.000297921
0.000287644
0.000277984
0.000268898
0.00026037
0.00025246
0.000245556
0.000241421
0.000247247
0.000286405
0.000405161
0.000642508
0.00098433
0.00137037
0.00172913
0.00201048
0.0021798
0.00224284
0.00219894
0.00210852
0.00197217
0.0019229
0.00195558
0.00224377
0.00269925
0.0034189
0.0106888
0.00731892
0.00533621
0.0040804
0.00323761
0.00264514
0.00221258
0.0018867
0.00163461
0.0014352
0.0012744
0.00114257
0.00103293
0.00094059
0.000861953
0.000794328
0.000735663
0.000684373
0.000639213
0.000599197
0.000563531
0.000531568
0.000502779
0.000476724
0.00045304
0.000431419
0.000411609
0.000393397
0.000376599
0.000361059
0.000346639
0.000333223
0.000320707
0.000309004
0.000298035
0.000287735
0.00027805
0.000268933
0.000260351
0.000252284
0.000244759
0.000237974
0.000232823
0.000232852
0.000249846
0.000310401
0.000443354
0.000647814
0.00088298
0.00109874
0.00125247
0.00133591
0.00134345
0.00132351
0.00130141
0.00139366
0.00164156
0.00207447
0.00269272
0.00334946
0.0106888
0.0073186
0.00533592
0.0040803
0.00323773
0.00264546
0.00221306
0.00188731
0.00163533
0.00143601
0.00127528
0.0011435
0.0010339
0.000941578
0.000862947
0.000795315
0.000736629
0.000685306
0.000640104
0.000600036
0.000564312
0.000532289
0.00050344
0.000477329
0.000453593
0.000431929
0.000412082
0.000393837
0.000377009
0.000361439
0.000346992
0.000333548
0.000321005
0.000309273
0.000298276
0.000287948
0.000278235
0.000269092
0.000260483
0.00025238
0.000244767
0.00023765
0.000231124
0.000225595
0.000222541
0.000226588
0.000248625
0.000303401
0.000394443
0.000505534
0.000607402
0.000684998
0.000735692
0.000801339
0.00093361
0.0011954
0.00162982
0.00217305
0.002882
0.00348981
0.0106888
0.00731821
0.00533552
0.00408008
0.00323771
0.00264563
0.0022134
0.00188778
0.00163591
0.00143668
0.00127602
0.0011443
0.00103474
0.000942445
0.000863832
0.000796204
0.000737513
0.000686174
0.000640948
0.000600849
0.000565089
0.000533026
0.000504136
0.000477985
0.000454211
0.000432512
0.000412633
0.000394356
0.000377498
0.000361898
0.000347421
0.000333947
0.000321374
0.000309612
0.000298585
0.000288229
0.00027849
0.000269324
0.000260696
0.00025258
0.000244955
0.000237813
0.000231166
0.000225084
0.000219794
0.000215965
0.000215303
0.000221375
0.000239319
0.000272991
0.00032197
0.000387973
0.000484087
0.000640476
0.000900548
0.00128028
0.00182217
0.00243075
0.00317967
0.00375046
0.0106888
0.00731777
0.00533502
0.00407974
0.00323757
0.00264567
0.00221359
0.00188811
0.00163635
0.00143721
0.00127662
0.00114496
0.00103545
0.00094319
0.0008646
0.000796986
0.0007383
0.000686957
0.00064172
0.000601605
0.000565823
0.000533735
0.000504817
0.000478637
0.000454835
0.000433107
0.000413201
0.000394896
0.00037801
0.000362382
0.000347876
0.000334373
0.000321771
0.000309981
0.000298928
0.000288548
0.000278789
0.00026961
0.000260978
0.000252869
0.000245271
0.000238185
0.000231637
0.000225704
0.000220572
0.000216661
0.000214871
0.000217004
0.000226399
0.000248546
0.000292287
0.000370766
0.000505893
0.000721656
0.00105578
0.00150934
0.00211764
0.0027672
0.00352898
0.00406614
0.0106888
0.00731725
0.00533442
0.00407928
0.00323729
0.00264557
0.00221365
0.0018883
0.00163666
0.0014376
0.00127709
0.00114549
0.00103603
0.00094381
0.00086525
0.000797656
0.000738982
0.000687645
0.000642406
0.000602284
0.000566491
0.000534388
0.000505452
0.000479253
0.000455429
0.000433679
0.00041375
0.000395422
0.000378511
0.000362858
0.000348327
0.000334799
0.000322173
0.000310361
0.00029929
0.000288899
0.000279139
0.000269973
0.000261373
0.000253326
0.000245834
0.000238926
0.000232675
0.000227248
0.000222983
0.000220557
0.000221283
0.000227584
0.000243816
0.000277178
0.000339494
0.000447146
0.000624963
0.000895911
0.00129454
0.00181102
0.00246884
0.00314335
0.00389932
0.00439975
0.0106888
0.00731666
0.00533372
0.00407869
0.00323688
0.00264533
0.00221357
0.00188835
0.00163682
0.00143786
0.00127743
0.0011459
0.00103648
0.000944307
0.00086578
0.000798212
0.000739556
0.00068823
0.000642998
0.000602876
0.000567079
0.000534969
0.000506023
0.000479811
0.000455972
0.000434206
0.000414259
0.000395913
0.000378982
0.000363309
0.000348758
0.000335212
0.000322572
0.000310754
0.00029969
0.000289324
0.000279615
0.000270535
0.00026207
0.000254227
0.000247042
0.000240602
0.000235084
0.000230829
0.000228474
0.000229185
0.000235054
0.000249661
0.000279017
0.000332355
0.000423828
0.000571425
0.000800673
0.00113157
0.00159282
0.00216372
0.00285562
0.00353881
0.00427236
0.00472999
0.0106888
0.00731599
0.0053329
0.00407797
0.00323632
0.00264495
0.00221334
0.00188826
0.00163685
0.00143798
0.00127763
0.00114617
0.00103681
0.00094468
0.00086619
0.000798652
0.000740019
0.000688711
0.00064349
0.000603375
0.000567581
0.00053547
0.00050652
0.000480301
0.000456453
0.000434677
0.000414717
0.000396357
0.000379413
0.000363728
0.000349169
0.000335624
0.000323
0.000311225
0.000300241
0.000290008
0.000280501
0.000271714
0.000263663
0.000256399
0.000250034
0.000244774
0.000240999
0.000239371
0.00024104
0.000247949
0.00026332
0.000292247
0.000342596
0.000425371
0.000556065
0.000752426
0.00103821
0.00142843
0.00194463
0.00255663
0.00326458
0.00393911
0.00463467
0.00504293
0.0106889
0.00731523
0.00533197
0.00407713
0.00323563
0.00264443
0.00221298
0.00188803
0.00163673
0.00143797
0.0012777
0.0011463
0.00103701
0.000944929
0.000866481
0.000798977
0.000740372
0.000689086
0.000643882
0.00060378
0.000567994
0.000535887
0.000506939
0.000480719
0.000456869
0.000435087
0.000415122
0.000396757
0.000379813
0.000364138
0.000349608
0.000336126
0.000323621
0.000312045
0.000301372
0.000291596
0.000282731
0.000274816
0.000267931
0.000262223
0.000257954
0.00025557
0.00025582
0.00025992
0.000269824
0.000288574
0.000320789
0.000373083
0.000454654
0.000576956
0.000754791
0.0010035
0.00134352
0.00178496
0.00234258
0.00297859
0.003683
0.00433152
0.00497495
0.00532823
0.0106889
0.00731439
0.00533092
0.00407614
0.0032348
0.00264375
0.00221246
0.00188766
0.00163647
0.00143781
0.00127763
0.00114631
0.00103708
0.000945056
0.000866654
0.000799189
0.000740617
0.000689358
0.000644176
0.000604092
0.000568321
0.000536226
0.000507287
0.000481074
0.00045723
0.000435455
0.0004155
0.000397158
0.00038026
0.000364676
0.000350313
0.00033712
0.000325082
0.000314218
0.000304573
0.000296216
0.000289238
0.00028377
0.000280017
0.000278315
0.000279208
0.000283565
0.00029274
0.000308767
0.000334636
0.00037454
0.000434164
0.000520642
0.000642764
0.000810271
0.00103548
0.00133097
0.00171469
0.00219345
0.00277553
0.00341671
0.00409781
0.00470397
0.00528314
0.0055776
0.0106889
0.00731344
0.00532973
0.00407501
0.0032338
0.00264292
0.00221179
0.00188713
0.00163607
0.00143752
0.00127743
0.00114619
0.00103703
0.000945066
0.000866717
0.000799298
0.000740767
0.000689544
0.000644394
0.000604339
0.000568596
0.000536527
0.000507615
0.000481432
0.000457621
0.000435889
0.00041601
0.000397804
0.000381149
0.000365985
0.000352317
0.000340219
0.000329818
0.000321282
0.000314803
0.000310587
0.000308861
0.000309914
0.000314164
0.000322247
0.000335137
0.000354275
0.000381715
0.000420242
0.00047348
0.00054585
0.000642548
0.000769239
0.00093247
0.00113955
0.00140119
0.0017294
0.00214139
0.00264123
0.00322972
0.0038569
0.00449573
0.00504502
0.00555023
0.00578419
0.0106889
0.00731238
0.0053284
0.0040737
0.00323262
0.00264191
0.00221094
0.00188643
0.00163551
0.00143708
0.0012771
0.00114596
0.00103689
0.000945
0.000866724
0.000799373
0.000740906
0.000689747
0.000644662
0.000604675
0.000569004
0.000537019
0.000508204
0.000482141
0.000458484
0.000436971
0.000417475
0.000399922
0.000384347
0.000370903
0.00035986
0.000351583
0.000346497
0.000345047
0.000347654
0.000354709
0.000366592
0.000383735
0.000406717
0.000436366
0.000473862
0.000520804
0.000579234
0.000651591
0.000740648
0.000849377
0.000981065
0.00113941
0.00132964
0.00155893
0.00183906
0.00218333
0.00260803
0.00311303
0.00369002
0.00428447
0.00486364
0.00534404
0.00576831
0.0059424
0.0106889
0.00731113
0.00532683
0.00407213
0.00323118
0.00264065
0.00220988
0.00188556
0.00163483
0.00143657
0.00127676
0.00114578
0.00103685
0.000945118
0.000866994
0.000799801
0.000741503
0.000690527
0.000645649
0.000605901
0.000570515
0.000538876
0.000510495
0.000484986
0.000462056
0.000441655
0.000423987
0.000409328
0.00039816
0.000391155
0.000389128
0.000392964
0.000403518
0.000421516
0.000447478
0.000481683
0.000524192
0.000574923
0.000633761
0.000700687
0.000775882
0.000859796
0.000953185
0.00105712
0.00117307
0.00130299
0.00144971
0.00161734
0.00181244
0.0020443
0.00232665
0.00267339
0.00309763
0.00359283
0.00414071
0.00468461
0.00518896
0.00559143
0.00593071
0.00604787
0.0106888
0.00730949
0.00532476
0.00407003
0.00322927
0.00263904
0.00220862
0.00188469
0.00163435
0.0014365
0.00127711
0.00114655
0.00103808
0.000946821
0.000869218
0.000802601
0.000744955
0.000694731
0.000650737
0.000612048
0.000577953
0.000547921
0.000521575
0.000498691
0.00047922
0.000464141
0.000454453
0.00045125
0.000455864
0.000469758
0.000494351
0.000530815
0.000579851
0.00064151
0.000715089
0.000799154
0.000891704
0.00099046
0.00109322
0.00119818
0.00130422
0.00141104
0.0015192
0.0016301
0.001746
0.00187011
0.00200686
0.00216234
0.00234522
0.00256677
0.00284138
0.00318134
0.00359386
0.00406457
0.00456588
0.00504288
0.00546011
0.00577906
0.00603223
0.00609752
0.0106882
0.0073068
0.00532143
0.00406678
0.00322657
0.00263724
0.00220793
0.00188525
0.00163626
0.00143986
0.001282
0.00115309
0.00104641
0.000957124
0.000881721
0.000817601
0.00076283
0.000715968
0.00067596
0.000642067
0.000613826
0.000591038
0.000573782
0.00056245
0.000557983
0.000564391
0.00058311
0.000615975
0.000664631
0.000730229
0.000813108
0.000912515
0.00102646
0.00115175
0.00128432
0.00141967
0.00155349
0.00168221
0.00180335
0.00191577
0.0020196
0.00211618
0.0022078
0.0022976
0.00238954
0.00248846
0.00260045
0.00273325
0.0028969
0.00310332
0.00336559
0.00369186
0.00408147
0.00451229
0.00494984
0.00534581
0.00566713
0.00590071
0.00606939
0.0060899
0.010686
0.00730102
0.00531493
0.00406147
0.00322395
0.00263835
0.00221351
0.00189583
0.0016523
0.00146176
0.00131022
0.00118816
0.00108896
0.00100797
0.000941846
0.000888242
0.000845517
0.000812595
0.000788877
0.000774183
0.000768749
0.000773234
0.000788742
0.000816851
0.00086148
0.000925788
0.00101031
0.00111484
0.00123813
0.0013777
0.00152992
0.00169019
0.00185338
0.00201427
0.00216812
0.00231101
0.00244019
0.00255417
0.00265275
0.00273691
0.00280868
0.00287098
0.00292745
0.00298243
0.00304095
0.00310894
0.00319351
0.00330323
0.00344837
0.00363981
0.00388712
0.00419234
0.00454607
0.00492051
0.00527793
0.00558199
0.00580258
0.00595286
0.00604114
0.0060261
0.0106783
0.00728732
0.00530315
0.00405781
0.003233
0.00266332
0.00225662
0.00195876
0.00173647
0.00156856
0.00144114
0.00134489
0.0012735
0.00122264
0.00118941
0.00117188
0.00116887
0.00117979
0.00120449
0.00124322
0.00129658
0.00136541
0.00145069
0.00155341
0.00167566
0.00181503
0.00196795
0.00213038
0.00229803
0.00246667
0.00263227
0.00279112
0.00293993
0.00307584
0.00319658
0.00330061
0.0033872
0.00345658
0.00350996
0.00354944
0.00357797
0.00359921
0.00361745
0.00363759
0.0036652
0.00370669
0.00376946
0.0038619
0.00399305
0.00417083
0.00439925
0.0046731
0.00497515
0.00527592
0.00553859
0.00574418
0.00586332
0.00593655
0.00595102
0.00591332
0.0106576
0.00726349
0.00530222
0.00409799
0.00332601
0.00281633
0.00247398
0.00224317
0.00208969
0.00199182
0.00193539
0.00191093
0.00191204
0.0019343
0.00197462
0.00203078
0.00210112
0.00218438
0.00227951
0.00238568
0.00250214
0.00262824
0.00276328
0.00290636
0.00305458
0.00320323
0.00334889
0.00348901
0.00362192
0.00374642
0.00386136
0.00396543
0.00405715
0.00413504
0.00419791
0.00424514
0.00427685
0.00429406
0.00429866
0.00429334
0.00428148
0.00426707
0.00425463
0.00424921
0.00425639
0.00428236
0.00433382
0.00441761
0.00453968
0.00470296
0.00490436
0.00513189
0.00536322
0.00557278
0.00572871
0.00583417
0.00585547
0.00586411
0.00581565
0.00577864
0.0106405
0.00730716
0.00547418
0.00442952
0.00382734
0.00348652
0.00330597
0.00322642
0.00321172
0.00323912
0.00329397
0.00336666
0.00345086
0.00354235
0.00363833
0.00373687
0.00383669
0.00393689
0.00403693
0.00413653
0.00423563
0.00433427
0.0044325
0.00453054
0.00462493
0.00471042
0.00478644
0.00485433
0.00491532
0.00496971
0.00501678
0.00505512
0.00508307
0.0050992
0.00510271
0.00509369
0.00507316
0.00504304
0.00500603
0.00496541
0.00492497
0.0048888
0.00486131
0.00484711
0.00485101
0.00487784
0.004932
0.00501671
0.00513247
0.00527533
0.00543486
0.00559437
0.00573192
0.00583107
0.00587175
0.00587796
0.00581513
0.00578477
0.00570803
0.0057339
0.0110805
0.00822924
0.00679567
0.00605662
0.00569499
0.0055446
0.00550982
0.00553426
0.00558515
0.00564426
0.00570221
0.00575483
0.00580092
0.00584073
0.00587511
0.005905
0.00593127
0.00595468
0.00597582
0.0059952
0.00601324
0.0060302
0.00604622
0.00606103
0.00607399
0.00608629
0.00609989
0.00611409
0.00612623
0.00613287
0.00613062
0.0061168
0.00608986
0.00604966
0.00599744
0.00593574
0.00586805
0.00579853
0.00573157
0.0056716
0.00562276
0.00558886
0.0055732
0.00557853
0.00560684
0.00565896
0.00573403
0.00582834
0.0059348
0.00604104
0.00613269
0.00619014
0.00620642
0.00616502
0.00609975
0.00598241
0.00593507
0.00588546
0.00602752
0.00626876
0.0173521
0.0154562
0.0135196
0.0119685
0.0107948
0.00991859
0.0092672
0.00878163
0.00841547
0.0081343
0.00791363
0.0077362
0.00758973
0.00746554
0.00735748
0.00726122
0.00717368
0.00709262
0.00701637
0.00694358
0.00687308
0.0068037
0.00673427
0.00666391
0.00659024
0.00650959
0.00642177
0.00632832
0.00623138
0.00613311
0.00603552
0.0059405
0.00584981
0.0057651
0.00568793
0.00561964
0.00556133
0.00551374
0.00547721
0.00545162
0.00543644
0.00543077
0.00543341
0.00544302
0.00545818
0.00547767
0.00550042
0.00552599
0.00555382
0.00558543
0.00562035
0.0056676
0.00572427
0.00582941
0.00595032
0.00623926
0.00651973
0.00735331
0.00794191
0.00994386
)
;

boundaryField
{
    inlet
    {
        type            fixedValue;
        value           uniform 0.017;
    }
    outlet
    {
        type            zeroGradient;
    }
    fixedWalls
    {
        type            kqRWallFunction;
        value           nonuniform List<scalar> 
120
(
0.0173521
0.0154562
0.0135196
0.0119685
0.0107948
0.00991859
0.0092672
0.00878163
0.00841547
0.0081343
0.00791363
0.0077362
0.00758973
0.00746554
0.00735748
0.00726122
0.00717368
0.00709262
0.00701637
0.00694358
0.00687308
0.0068037
0.00673427
0.00666391
0.00659024
0.00650959
0.00642177
0.00632832
0.00623138
0.00613311
0.00603552
0.0059405
0.00584981
0.0057651
0.00568793
0.00561964
0.00556133
0.00551374
0.00547721
0.00545162
0.00543644
0.00543077
0.00543341
0.00544302
0.00545818
0.00547767
0.00550042
0.00552599
0.00555382
0.00558543
0.00562035
0.0056676
0.00572427
0.00582941
0.00595032
0.00623926
0.00651973
0.00735331
0.00794191
0.00994386
0.0117122
0.00656266
0.00175503
0.00044496
0.000122656
0.000319207
0.000253348
0.000404454
0.000470867
0.000630837
0.000769522
0.000938119
0.00108054
0.00121065
0.00129998
0.00135095
0.00135742
0.00135371
0.00142454
0.00166633
0.00206474
0.00255013
0.00301869
0.00344936
0.00384527
0.00421249
0.00455548
0.00487703
0.0051788
0.00546201
0.00572432
0.00596641
0.00618816
0.00638944
0.00657018
0.00673058
0.00687083
0.00699171
0.00709354
0.00717801
0.00724479
0.00729743
0.00733321
0.00735958
0.00736956
0.00737294
0.0074946
0.00771006
0.00790117
0.00818578
0.00840306
0.00881213
0.00905179
0.00968265
0.00991729
0.0109619
0.0111265
0.0130164
0.0130425
0.0175593
)
;
    }
    frontAndBack
    {
        type            empty;
    }
}


// ************************************************************************* //
