/*--------------------------------*- C++ -*----------------------------------*\
| =========                 |                                                 |
| \\      /  F ield         | OpenFOAM: The Open Source CFD Toolbox           |
|  \\    /   O peration     | Version:  2.4.0                                 |
|   \\  /    A nd           | Web:      www.OpenFOAM.org                      |
|    \\/     M anipulation  |                                                 |
\*---------------------------------------------------------------------------*/
FoamFile
{
    version     2.0;
    format      ascii;
    class       volScalarField;
    location    "0.37";
    object      k;
}
// * * * * * * * * * * * * * * * * * * * * * * * * * * * * * * * * * * * * * //

dimensions      [0 2 -2 0 0 0 0];

internalField   nonuniform List<scalar> 
6000
(
0.00510096
0.00645279
0.0077127
0.00881058
0.00970891
0.0103986
0.0108912
0.0112113
0.0113901
0.0114598
0.0114505
0.0113884
0.0112951
0.0111877
0.0110781
0.0109741
0.0108796
0.0107955
0.0107208
0.0106541
0.0105938
0.0105391
0.0104897
0.0104455
0.010407
0.0103744
0.0103477
0.0103266
0.0103106
0.0102989
0.0102907
0.010285
0.010281
0.0102779
0.0102753
0.0102727
0.0102697
0.0102662
0.0102617
0.010256
0.0102488
0.0102396
0.0102277
0.0102124
0.0101928
0.0101675
0.0101349
0.0100928
0.0100386
0.00996868
0.00987823
0.00976108
0.00960895
0.0094105
0.00915043
0.00880587
0.00834883
0.00772402
0.00693296
0.00571288
0.0035494
0.00344487
0.00340551
0.00341535
0.0034585
0.00352199
0.00359789
0.00368205
0.0037724
0.0038679
0.00396781
0.00407113
0.00417624
0.0042808
0.00438196
0.00447666
0.00456206
0.00463581
0.00469623
0.00474222
0.00477313
0.00478873
0.00478921
0.00477542
0.00474904
0.00471277
0.00467009
0.00462493
0.00458101
0.00454134
0.00450785
0.0044813
0.00446152
0.00444764
0.0044385
0.00443295
0.00442999
0.00442891
0.00442926
0.00443082
0.00443352
0.00443747
0.00444286
0.00445004
0.00445945
0.00447173
0.00448771
0.00450853
0.00453572
0.00457135
0.00461831
0.00468071
0.00476457
0.00487908
0.00503893
0.00526862
0.00561203
0.00614671
0.00700794
0.00912907
0.00348321
0.00325647
0.00306425
0.00290017
0.00275851
0.00263412
0.00252315
0.00242327
0.00233325
0.00225257
0.0021811
0.00211884
0.00206576
0.00202165
0.00198616
0.00195869
0.00193842
0.0019243
0.00191512
0.0019096
0.00190653
0.00190482
0.00190352
0.00190183
0.00189901
0.0018945
0.00188797
0.00187942
0.00186922
0.00185807
0.00184681
0.00183626
0.00182701
0.00181939
0.00181348
0.00180912
0.00180609
0.00180414
0.00180305
0.00180267
0.0018029
0.00180371
0.00180514
0.00180726
0.0018102
0.00181417
0.00181947
0.00182653
0.00183596
0.00184865
0.00186593
0.00188981
0.00192348
0.00197217
0.00204499
0.0021583
0.00234475
0.00266323
0.00326597
0.00451664
0.00347969
0.00324256
0.00303442
0.00285067
0.00268757
0.0025419
0.00241087
0.00229216
0.0021839
0.0020846
0.00199312
0.00190857
0.00183029
0.00175778
0.00169066
0.00162866
0.00157156
0.00151919
0.00147141
0.00142807
0.00138904
0.00135421
0.00132347
0.00129668
0.00127361
0.00125394
0.00123728
0.00122317
0.0012112
0.00120101
0.00119236
0.00118508
0.00117902
0.0011741
0.00117019
0.00116718
0.00116493
0.00116331
0.00116221
0.00116154
0.00116124
0.00116126
0.00116159
0.00116222
0.0011632
0.00116459
0.00116647
0.00116899
0.00117236
0.00117687
0.00118297
0.00119134
0.00120306
0.00121996
0.00124533
0.00128544
0.00135395
0.00147855
0.00174779
0.0023115
0.00347951
0.00324163
0.00303199
0.00284603
0.00268015
0.00253139
0.00239731
0.00227586
0.00216532
0.00206425
0.00197146
0.00188592
0.00180681
0.00173341
0.00166515
0.00160157
0.00154231
0.00148708
0.00143568
0.001388
0.00134397
0.00130357
0.00126683
0.00123378
0.00120442
0.00117872
0.00115655
0.00113773
0.00112199
0.001109
0.00109841
0.00108988
0.00108308
0.00107771
0.00107353
0.00107031
0.00106787
0.00106605
0.00106473
0.00106378
0.00106314
0.00106273
0.00106252
0.00106245
0.00106253
0.00106275
0.00106312
0.00106367
0.00106445
0.00106555
0.0010671
0.00106934
0.00107262
0.00107759
0.0010854
0.00109825
0.00112093
0.0011644
0.00126406
0.00150005
0.0034795
0.00324152
0.00303169
0.00284547
0.00267924
0.00253007
0.00239558
0.00227374
0.00216292
0.00206169
0.0019689
0.00188353
0.00180474
0.00173181
0.00166414
0.00160122
0.00154264
0.00148808
0.00143731
0.00139015
0.00134649
0.0013063
0.00126955
0.00123625
0.00120638
0.00117992
0.0011568
0.00113689
0.00112
0.00110589
0.00109429
0.00108488
0.00107735
0.00107141
0.00106679
0.00106324
0.00106054
0.00105853
0.00105704
0.00105596
0.00105519
0.00105464
0.00105427
0.00105403
0.00105388
0.00105381
0.0010538
0.00105385
0.00105399
0.00105423
0.00105464
0.0010553
0.00105639
0.0010582
0.00106125
0.00106648
0.00107573
0.00109348
0.00113085
0.00123066
0.00347949
0.00324148
0.00303159
0.00284531
0.00267901
0.00252978
0.0023952
0.00227331
0.00216244
0.0020612
0.00196844
0.00188316
0.00180451
0.00173178
0.00166438
0.00160178
0.00154357
0.00148943
0.00143909
0.0013924
0.00134921
0.00130947
0.00127313
0.00124017
0.00121057
0.00118427
0.0011612
0.00114122
0.00112417
0.00110982
0.00109794
0.00108824
0.00108044
0.00107426
0.00106943
0.00106572
0.0010629
0.00106079
0.00105923
0.00105809
0.00105728
0.0010567
0.00105629
0.00105601
0.00105583
0.00105571
0.00105564
0.00105562
0.00105566
0.00105577
0.00105599
0.00105639
0.0010571
0.00105833
0.00106043
0.00106405
0.0010702
0.00108124
0.00110011
0.00114926
0.00347949
0.00324145
0.00303152
0.0028452
0.00267887
0.0025296
0.00239499
0.00227307
0.00216217
0.00206093
0.00196816
0.0018829
0.00180428
0.00173161
0.00166427
0.00160177
0.00154368
0.00148968
0.00143951
0.00139299
0.00134999
0.00131045
0.00127432
0.00124155
0.00121212
0.00118597
0.00116301
0.0011431
0.00112608
0.00111172
0.00109979
0.00109003
0.00108217
0.00107592
0.00107103
0.00106726
0.0010644
0.00106225
0.00106067
0.00105952
0.00105869
0.00105811
0.0010577
0.00105742
0.00105723
0.00105712
0.00105706
0.00105705
0.00105709
0.00105721
0.00105745
0.00105786
0.00105858
0.00105979
0.00106185
0.00106529
0.00107098
0.00108068
0.00109522
0.00112726
0.00347949
0.00324143
0.00303147
0.00284512
0.00267876
0.00252946
0.00239483
0.00227288
0.00216197
0.0020607
0.00196793
0.00188265
0.00180404
0.00173137
0.00166404
0.00160156
0.0015435
0.00148953
0.00143941
0.00139295
0.00135002
0.00131054
0.00127448
0.00124179
0.00121244
0.00118636
0.00116345
0.00114359
0.0011266
0.00111227
0.00110036
0.0010906
0.00108272
0.00107646
0.00107156
0.00106779
0.00106491
0.00106276
0.00106118
0.00106002
0.00105919
0.0010586
0.0010582
0.00105792
0.00105774
0.00105763
0.00105758
0.00105758
0.00105764
0.00105778
0.00105804
0.00105848
0.00105924
0.00106051
0.00106261
0.0010661
0.00107179
0.00108124
0.00109507
0.00112144
0.00347949
0.00324142
0.00303143
0.00284505
0.00267866
0.00252934
0.00239469
0.00227272
0.00216179
0.00206051
0.00196773
0.00188244
0.00180382
0.00173114
0.00166382
0.00160133
0.00154328
0.00148932
0.00143921
0.00139276
0.00134985
0.0013104
0.00127436
0.0012417
0.00121238
0.00118633
0.00116346
0.00114363
0.00112666
0.00111235
0.00110046
0.00109071
0.00108284
0.00107659
0.00107169
0.00106792
0.00106505
0.0010629
0.00106131
0.00106015
0.00105932
0.00105874
0.00105833
0.00105806
0.00105788
0.00105777
0.00105772
0.00105773
0.0010578
0.00105795
0.00105822
0.00105868
0.00105945
0.00106074
0.00106287
0.00106636
0.00107201
0.00108126
0.00109487
0.00111879
0.00347949
0.00324141
0.0030314
0.002845
0.00267859
0.00252924
0.00239457
0.00227258
0.00216164
0.00206035
0.00196755
0.00188225
0.00180362
0.00173094
0.00166361
0.00160112
0.00154307
0.00148911
0.001439
0.00139256
0.00134966
0.00131022
0.0012742
0.00124156
0.00121225
0.00118622
0.00116337
0.00114356
0.00112661
0.00111232
0.00110043
0.0010907
0.00108285
0.0010766
0.00107171
0.00106794
0.00106507
0.00106292
0.00106134
0.00106018
0.00105935
0.00105877
0.00105836
0.00105809
0.00105791
0.00105781
0.00105776
0.00105777
0.00105784
0.00105799
0.00105826
0.00105873
0.00105951
0.00106079
0.00106291
0.00106636
0.00107189
0.00108084
0.00109407
0.00111617
0.00347949
0.0032414
0.00303137
0.00284495
0.00267852
0.00252916
0.00239447
0.00227247
0.00216151
0.00206021
0.0019674
0.00188209
0.00180345
0.00173076
0.00166343
0.00160094
0.00154288
0.00148893
0.00143882
0.00139238
0.00134949
0.00131006
0.00127404
0.00124141
0.00121212
0.0011861
0.00116326
0.00114347
0.00112654
0.00111226
0.00110039
0.00109067
0.00108282
0.00107659
0.0010717
0.00106793
0.00106507
0.00106292
0.00106134
0.00106019
0.00105936
0.00105878
0.00105837
0.0010581
0.00105792
0.00105781
0.00105777
0.00105778
0.00105785
0.001058
0.00105827
0.00105874
0.00105951
0.00106079
0.00106287
0.00106626
0.00107164
0.00108023
0.0010929
0.00111327
0.00347949
0.00324139
0.00303135
0.00284491
0.00267847
0.00252909
0.00239438
0.00227237
0.00216139
0.00206008
0.00196726
0.00188195
0.0018033
0.00173061
0.00166327
0.00160078
0.00154272
0.00148876
0.00143866
0.00139222
0.00134933
0.00130991
0.00127391
0.00124128
0.001212
0.001186
0.00116317
0.00114339
0.00112647
0.00111221
0.00110035
0.00109063
0.0010828
0.00107657
0.00107169
0.00106792
0.00106506
0.00106292
0.00106134
0.00106018
0.00105936
0.00105878
0.00105837
0.0010581
0.00105792
0.00105782
0.00105777
0.00105778
0.00105785
0.001058
0.00105827
0.00105874
0.00105951
0.00106077
0.00106282
0.00106613
0.00107136
0.00107958
0.00109161
0.0011103
0.00347948
0.00324138
0.00303134
0.00284488
0.00267842
0.00252903
0.00239431
0.00227228
0.0021613
0.00205997
0.00196715
0.00188183
0.00180317
0.00173048
0.00166313
0.00160064
0.00154258
0.00148862
0.00143852
0.00139209
0.0013492
0.00130978
0.00127378
0.00124117
0.0012119
0.0011859
0.00116309
0.00114332
0.00112641
0.00111216
0.00110031
0.0010906
0.00108277
0.00107655
0.00107168
0.00106792
0.00106506
0.00106292
0.00106133
0.00106018
0.00105936
0.00105878
0.00105837
0.0010581
0.00105792
0.00105782
0.00105777
0.00105778
0.00105785
0.001058
0.00105827
0.00105873
0.0010595
0.00106075
0.00106277
0.00106601
0.00107108
0.00107894
0.00109034
0.00110748
0.00347948
0.00324138
0.00303132
0.00284485
0.00267838
0.00252897
0.00239424
0.0022722
0.00216121
0.00205988
0.00196705
0.00188172
0.00180306
0.00173036
0.00166301
0.00160051
0.00154245
0.0014885
0.0014384
0.00139197
0.00134908
0.00130967
0.00127368
0.00124107
0.00121181
0.00118582
0.00116302
0.00114326
0.00112636
0.00111211
0.00110027
0.00109058
0.00108275
0.00107654
0.00107167
0.00106791
0.00106505
0.00106291
0.00106133
0.00106018
0.00105936
0.00105877
0.00105837
0.0010581
0.00105792
0.00105782
0.00105777
0.00105778
0.00105785
0.001058
0.00105827
0.00105873
0.00105949
0.00106072
0.00106272
0.00106589
0.00107081
0.00107835
0.00108915
0.00110492
0.00347948
0.00324138
0.00303131
0.00284483
0.00267835
0.00252893
0.00239419
0.00227214
0.00216114
0.0020598
0.00196696
0.00188163
0.00180296
0.00173026
0.00166291
0.00160041
0.00154235
0.00148839
0.00143829
0.00139186
0.00134898
0.00130957
0.00127359
0.00124099
0.00121173
0.00118575
0.00116295
0.0011432
0.00112631
0.00111208
0.00110024
0.00109056
0.00108274
0.00107652
0.00107166
0.0010679
0.00106505
0.00106291
0.00106133
0.00106018
0.00105936
0.00105877
0.00105837
0.0010581
0.00105792
0.00105782
0.00105777
0.00105778
0.00105785
0.001058
0.00105827
0.00105873
0.00105948
0.0010607
0.00106267
0.00106577
0.00107057
0.00107781
0.00108808
0.00110266
0.00347948
0.00324137
0.0030313
0.00284481
0.00267832
0.00252889
0.00239414
0.00227209
0.00216108
0.00205973
0.00196688
0.00188155
0.00180288
0.00173017
0.00166282
0.00160031
0.00154225
0.0014883
0.0014382
0.00139177
0.00134889
0.00130949
0.00127351
0.00124091
0.00121166
0.00118569
0.0011629
0.00114316
0.00112628
0.00111204
0.00110022
0.00109054
0.00108272
0.00107651
0.00107165
0.0010679
0.00106504
0.00106291
0.00106133
0.00106018
0.00105936
0.00105877
0.00105837
0.0010581
0.00105792
0.00105782
0.00105777
0.00105778
0.00105785
0.001058
0.00105827
0.00105872
0.00105947
0.00106068
0.00106262
0.00106567
0.00107035
0.00107733
0.00108712
0.00110068
0.00347948
0.00324137
0.00303129
0.0028448
0.00267829
0.00252886
0.0023941
0.00227204
0.00216102
0.00205967
0.00196682
0.00188148
0.00180281
0.00173009
0.00166274
0.00160023
0.00154217
0.00148822
0.00143812
0.00139169
0.00134882
0.00130942
0.00127344
0.00124085
0.0012116
0.00118564
0.00116285
0.00114312
0.00112624
0.00111202
0.0011002
0.00109052
0.00108271
0.0010765
0.00107164
0.00106789
0.00106504
0.0010629
0.00106133
0.00106018
0.00105936
0.00105877
0.00105837
0.0010581
0.00105792
0.00105782
0.00105777
0.00105778
0.00105785
0.001058
0.00105827
0.00105872
0.00105946
0.00106067
0.00106258
0.00106558
0.00107015
0.0010769
0.00108628
0.00109897
0.00347948
0.00324137
0.00303129
0.00284479
0.00267827
0.00252883
0.00239407
0.002272
0.00216098
0.00205962
0.00196676
0.00188142
0.00180274
0.00173003
0.00166267
0.00160017
0.0015421
0.00148815
0.00143805
0.00139163
0.00134875
0.00130935
0.00127338
0.00124079
0.00121155
0.00118559
0.00116282
0.00114308
0.00112621
0.00111199
0.00110018
0.0010905
0.0010827
0.00107649
0.00107164
0.00106789
0.00106504
0.0010629
0.00106133
0.00106018
0.00105935
0.00105877
0.00105837
0.0010581
0.00105792
0.00105782
0.00105777
0.00105778
0.00105785
0.001058
0.00105826
0.00105872
0.00105946
0.00106065
0.00106255
0.0010655
0.00106998
0.00107653
0.00108555
0.00109752
0.00347948
0.00324137
0.00303128
0.00284478
0.00267826
0.00252881
0.00239404
0.00227196
0.00216094
0.00205958
0.00196672
0.00188137
0.00180269
0.00172997
0.00166262
0.00160011
0.00154204
0.00148809
0.00143799
0.00139157
0.0013487
0.0013093
0.00127333
0.00124075
0.00121151
0.00118556
0.00116278
0.00114305
0.00112619
0.00111197
0.00110016
0.00109049
0.00108269
0.00107649
0.00107163
0.00106788
0.00106504
0.0010629
0.00106132
0.00106018
0.00105935
0.00105877
0.00105837
0.0010581
0.00105792
0.00105782
0.00105777
0.00105778
0.00105785
0.001058
0.00105826
0.00105871
0.00105945
0.00106064
0.00106251
0.00106543
0.00106983
0.00107622
0.00108492
0.00109629
0.00347948
0.00324137
0.00303128
0.00284477
0.00267825
0.00252879
0.00239402
0.00227194
0.00216091
0.00205954
0.00196668
0.00188133
0.00180265
0.00172993
0.00166257
0.00160006
0.001542
0.00148804
0.00143795
0.00139152
0.00134866
0.00130926
0.00127329
0.00124071
0.00121148
0.00118553
0.00116276
0.00114303
0.00112617
0.00111196
0.00110015
0.00109048
0.00108268
0.00107648
0.00107163
0.00106788
0.00106503
0.0010629
0.00106132
0.00106018
0.00105935
0.00105877
0.00105837
0.0010581
0.00105792
0.00105782
0.00105777
0.00105778
0.00105785
0.001058
0.00105826
0.00105871
0.00105944
0.00106062
0.00106249
0.00106537
0.0010697
0.00107595
0.0010844
0.00109527
0.00347948
0.00324137
0.00303128
0.00284476
0.00267823
0.00252878
0.002394
0.00227192
0.00216088
0.00205952
0.00196665
0.0018813
0.00180261
0.0017299
0.00166253
0.00160003
0.00154196
0.001488
0.00143791
0.00139149
0.00134862
0.00130923
0.00127326
0.00124068
0.00121145
0.0011855
0.00116273
0.00114301
0.00112615
0.00111195
0.00110014
0.00109047
0.00108268
0.00107648
0.00107162
0.00106788
0.00106503
0.0010629
0.00106132
0.00106018
0.00105935
0.00105877
0.00105837
0.0010581
0.00105792
0.00105782
0.00105777
0.00105778
0.00105785
0.001058
0.00105826
0.00105871
0.00105944
0.00106061
0.00106246
0.00106532
0.0010696
0.00107573
0.00108397
0.00109444
0.00347948
0.00324137
0.00303127
0.00284476
0.00267823
0.00252877
0.00239399
0.0022719
0.00216087
0.0020595
0.00196663
0.00188127
0.00180259
0.00172987
0.00166251
0.0016
0.00154193
0.00148798
0.00143788
0.00139146
0.0013486
0.0013092
0.00127324
0.00124066
0.00121143
0.00118548
0.00116272
0.001143
0.00112614
0.00111194
0.00110013
0.00109047
0.00108267
0.00107647
0.00107162
0.00106788
0.00106503
0.0010629
0.00106132
0.00106018
0.00105935
0.00105877
0.00105837
0.0010581
0.00105792
0.00105782
0.00105777
0.00105778
0.00105785
0.001058
0.00105826
0.00105871
0.00105944
0.0010606
0.00106245
0.00106529
0.00106952
0.00107557
0.00108364
0.0010938
0.00347948
0.00324137
0.00303127
0.00284475
0.00267822
0.00252876
0.00239398
0.00227189
0.00216085
0.00205948
0.00196661
0.00188126
0.00180257
0.00172985
0.00166249
0.00159998
0.00154191
0.00148796
0.00143786
0.00139144
0.00134858
0.00130919
0.00127322
0.00124065
0.00121142
0.00118547
0.00116271
0.00114299
0.00112614
0.00111193
0.00110013
0.00109046
0.00108267
0.00107647
0.00107162
0.00106788
0.00106503
0.0010629
0.00106132
0.00106018
0.00105935
0.00105877
0.00105837
0.0010581
0.00105792
0.00105782
0.00105777
0.00105778
0.00105785
0.001058
0.00105826
0.00105871
0.00105943
0.0010606
0.00106243
0.00106526
0.00106946
0.00107545
0.00108341
0.00109333
0.00347948
0.00324137
0.00303127
0.00284475
0.00267822
0.00252876
0.00239397
0.00227189
0.00216085
0.00205948
0.00196661
0.00188125
0.00180257
0.00172984
0.00166248
0.00159997
0.00154191
0.00148795
0.00143785
0.00139144
0.00134857
0.00130918
0.00127321
0.00124064
0.00121141
0.00118547
0.0011627
0.00114299
0.00112613
0.00111193
0.00110013
0.00109046
0.00108267
0.00107647
0.00107162
0.00106788
0.00106503
0.0010629
0.00106132
0.00106018
0.00105935
0.00105877
0.00105837
0.0010581
0.00105792
0.00105782
0.00105777
0.00105778
0.00105785
0.001058
0.00105826
0.0010587
0.00105943
0.00106059
0.00106243
0.00106524
0.00106943
0.00107538
0.00108326
0.00109302
0.00347948
0.00324137
0.00303127
0.00284475
0.00267822
0.00252876
0.00239397
0.00227189
0.00216085
0.00205948
0.00196661
0.00188125
0.00180257
0.00172984
0.00166248
0.00159997
0.00154191
0.00148795
0.00143785
0.00139144
0.00134857
0.00130918
0.00127321
0.00124064
0.00121141
0.00118547
0.0011627
0.00114299
0.00112613
0.00111193
0.00110013
0.00109046
0.00108267
0.00107647
0.00107162
0.00106788
0.00106503
0.0010629
0.00106132
0.00106018
0.00105935
0.00105877
0.00105837
0.0010581
0.00105792
0.00105782
0.00105777
0.00105778
0.00105785
0.001058
0.00105826
0.0010587
0.00105943
0.00106059
0.00106242
0.00106524
0.00106942
0.00107536
0.00108321
0.00109288
0.00347948
0.00324137
0.00303127
0.00284475
0.00267822
0.00252876
0.00239398
0.00227189
0.00216085
0.00205948
0.00196661
0.00188126
0.00180257
0.00172985
0.00166249
0.00159998
0.00154191
0.00148796
0.00143786
0.00139144
0.00134858
0.00130919
0.00127322
0.00124065
0.00121142
0.00118547
0.00116271
0.00114299
0.00112614
0.00111193
0.00110013
0.00109046
0.00108267
0.00107647
0.00107162
0.00106788
0.00106503
0.0010629
0.00106132
0.00106018
0.00105935
0.00105877
0.00105837
0.0010581
0.00105792
0.00105782
0.00105777
0.00105778
0.00105785
0.001058
0.00105826
0.0010587
0.00105943
0.00106059
0.00106243
0.00106525
0.00106944
0.00107539
0.00108325
0.0010929
0.00347948
0.00324137
0.00303127
0.00284476
0.00267823
0.00252877
0.00239399
0.0022719
0.00216087
0.0020595
0.00196663
0.00188127
0.00180259
0.00172987
0.00166251
0.0016
0.00154193
0.00148798
0.00143788
0.00139146
0.0013486
0.0013092
0.00127324
0.00124066
0.00121143
0.00118549
0.00116272
0.001143
0.00112614
0.00111194
0.00110013
0.00109047
0.00108267
0.00107648
0.00107162
0.00106788
0.00106503
0.0010629
0.00106132
0.00106018
0.00105935
0.00105877
0.00105837
0.0010581
0.00105792
0.00105782
0.00105777
0.00105778
0.00105785
0.001058
0.00105826
0.0010587
0.00105943
0.00106059
0.00106243
0.00106526
0.00106948
0.00107547
0.00108338
0.00109309
0.00347948
0.00324137
0.00303128
0.00284476
0.00267823
0.00252878
0.002394
0.00227192
0.00216088
0.00205952
0.00196665
0.0018813
0.00180262
0.0017299
0.00166253
0.00160003
0.00154196
0.00148801
0.00143791
0.00139149
0.00134862
0.00130923
0.00127326
0.00124068
0.00121145
0.0011855
0.00116274
0.00114301
0.00112616
0.00111195
0.00110014
0.00109048
0.00108268
0.00107648
0.00107162
0.00106788
0.00106503
0.0010629
0.00106132
0.00106018
0.00105935
0.00105877
0.00105837
0.0010581
0.00105792
0.00105782
0.00105777
0.00105778
0.00105785
0.00105799
0.00105826
0.0010587
0.00105943
0.0010606
0.00106244
0.00106529
0.00106954
0.0010756
0.00108361
0.00109345
0.00347948
0.00324137
0.00303128
0.00284477
0.00267825
0.00252879
0.00239402
0.00227194
0.00216091
0.00205954
0.00196668
0.00188133
0.00180265
0.00172993
0.00166257
0.00160006
0.001542
0.00148804
0.00143795
0.00139153
0.00134866
0.00130926
0.00127329
0.00124071
0.00121148
0.00118553
0.00116276
0.00114303
0.00112617
0.00111196
0.00110015
0.00109048
0.00108268
0.00107648
0.00107163
0.00106788
0.00106503
0.0010629
0.00106132
0.00106018
0.00105935
0.00105877
0.00105837
0.0010581
0.00105792
0.00105782
0.00105777
0.00105778
0.00105785
0.00105799
0.00105826
0.0010587
0.00105943
0.0010606
0.00106246
0.00106533
0.00106963
0.00107579
0.00108394
0.001094
0.00347948
0.00324137
0.00303128
0.00284478
0.00267826
0.00252881
0.00239404
0.00227196
0.00216094
0.00205958
0.00196672
0.00188137
0.00180269
0.00172997
0.00166262
0.00160011
0.00154204
0.00148809
0.00143799
0.00139157
0.0013487
0.00130931
0.00127333
0.00124075
0.00121152
0.00118556
0.00116279
0.00114306
0.00112619
0.00111198
0.00110017
0.00109049
0.00108269
0.00107649
0.00107163
0.00106788
0.00106504
0.0010629
0.00106133
0.00106018
0.00105936
0.00105877
0.00105837
0.0010581
0.00105792
0.00105782
0.00105777
0.00105778
0.00105785
0.00105799
0.00105826
0.0010587
0.00105943
0.00106061
0.00106248
0.00106539
0.00106975
0.00107603
0.00108438
0.00109474
0.00347948
0.00324137
0.00303129
0.00284479
0.00267827
0.00252883
0.00239407
0.002272
0.00216098
0.00205962
0.00196676
0.00188142
0.00180274
0.00173003
0.00166267
0.00160017
0.0015421
0.00148815
0.00143805
0.00139163
0.00134876
0.00130936
0.00127338
0.0012408
0.00121156
0.0011856
0.00116282
0.00114309
0.00112622
0.001112
0.00110018
0.00109051
0.0010827
0.0010765
0.00107164
0.00106789
0.00106504
0.0010629
0.00106133
0.00106018
0.00105936
0.00105877
0.00105837
0.0010581
0.00105792
0.00105782
0.00105777
0.00105778
0.00105785
0.00105799
0.00105826
0.00105871
0.00105944
0.00106062
0.00106251
0.00106545
0.00106989
0.00107633
0.00108493
0.0010957
0.00347948
0.00324137
0.00303129
0.0028448
0.00267829
0.00252886
0.0023941
0.00227204
0.00216102
0.00205967
0.00196682
0.00188148
0.00180281
0.00173009
0.00166274
0.00160024
0.00154217
0.00148822
0.00143812
0.00139169
0.00134882
0.00130942
0.00127344
0.00124085
0.00121161
0.00118564
0.00116286
0.00114312
0.00112625
0.00111202
0.0011002
0.00109052
0.00108271
0.0010765
0.00107164
0.00106789
0.00106504
0.0010629
0.00106133
0.00106018
0.00105936
0.00105877
0.00105837
0.0010581
0.00105792
0.00105782
0.00105777
0.00105778
0.00105785
0.00105799
0.00105826
0.00105871
0.00105944
0.00106063
0.00106254
0.00106552
0.00107006
0.00107669
0.0010856
0.00109691
0.00347948
0.00324137
0.0030313
0.00284481
0.00267832
0.00252889
0.00239414
0.00227209
0.00216108
0.00205973
0.00196688
0.00188155
0.00180288
0.00173017
0.00166282
0.00160032
0.00154225
0.0014883
0.0014382
0.00139177
0.0013489
0.00130949
0.00127351
0.00124092
0.00121167
0.0011857
0.00116291
0.00114316
0.00112628
0.00111205
0.00110023
0.00109054
0.00108273
0.00107651
0.00107165
0.0010679
0.00106504
0.00106291
0.00106133
0.00106018
0.00105936
0.00105878
0.00105837
0.0010581
0.00105792
0.00105782
0.00105777
0.00105778
0.00105785
0.00105799
0.00105826
0.00105871
0.00105945
0.00106065
0.00106257
0.00106561
0.00107025
0.00107712
0.0010864
0.00109839
0.00347948
0.00324138
0.00303131
0.00284483
0.00267835
0.00252893
0.00239419
0.00227214
0.00216114
0.0020598
0.00196696
0.00188163
0.00180296
0.00173026
0.00166291
0.00160041
0.00154235
0.00148839
0.00143829
0.00139186
0.00134898
0.00130958
0.00127359
0.00124099
0.00121173
0.00118576
0.00116296
0.00114321
0.00112632
0.00111208
0.00110025
0.00109056
0.00108274
0.00107653
0.00107166
0.0010679
0.00106505
0.00106291
0.00106133
0.00106018
0.00105936
0.00105878
0.00105837
0.0010581
0.00105792
0.00105782
0.00105777
0.00105778
0.00105785
0.00105799
0.00105826
0.00105871
0.00105945
0.00106066
0.00106261
0.0010657
0.00107047
0.00107761
0.00108734
0.00110019
0.00347948
0.00324138
0.00303132
0.00284485
0.00267838
0.00252897
0.00239424
0.00227221
0.00216121
0.00205988
0.00196705
0.00188172
0.00180306
0.00173036
0.00166301
0.00160052
0.00154245
0.0014885
0.0014384
0.00139197
0.00134909
0.00130967
0.00127368
0.00124108
0.00121181
0.00118583
0.00116302
0.00114326
0.00112637
0.00111212
0.00110028
0.00109058
0.00108276
0.00107654
0.00107167
0.00106791
0.00106505
0.00106291
0.00106133
0.00106018
0.00105936
0.00105878
0.00105837
0.0010581
0.00105792
0.00105782
0.00105777
0.00105778
0.00105785
0.00105799
0.00105826
0.00105871
0.00105946
0.00106067
0.00106265
0.00106581
0.00107072
0.00107818
0.00108843
0.00110238
0.00347948
0.00324138
0.00303134
0.00284488
0.00267842
0.00252903
0.00239431
0.00227228
0.0021613
0.00205997
0.00196715
0.00188183
0.00180317
0.00173048
0.00166313
0.00160064
0.00154258
0.00148862
0.00143852
0.00139209
0.0013492
0.00130979
0.00127379
0.00124118
0.0012119
0.00118591
0.0011631
0.00114333
0.00112642
0.00111216
0.00110032
0.00109061
0.00108278
0.00107655
0.00107168
0.00106792
0.00106506
0.00106292
0.00106134
0.00106018
0.00105936
0.00105878
0.00105837
0.0010581
0.00105792
0.00105782
0.00105777
0.00105778
0.00105785
0.00105799
0.00105826
0.00105871
0.00105946
0.00106069
0.00106269
0.00106592
0.00107099
0.00107883
0.0010897
0.00110502
0.00347949
0.00324139
0.00303135
0.00284491
0.00267847
0.00252909
0.00239438
0.00227237
0.00216139
0.00206008
0.00196726
0.00188195
0.0018033
0.00173061
0.00166327
0.00160078
0.00154272
0.00148877
0.00143866
0.00139223
0.00134934
0.00130991
0.00127391
0.00124129
0.00121201
0.001186
0.00116318
0.0011434
0.00112648
0.00111221
0.00110036
0.00109064
0.0010828
0.00107657
0.00107169
0.00106793
0.00106506
0.00106292
0.00106134
0.00106019
0.00105936
0.00105878
0.00105837
0.0010581
0.00105792
0.00105782
0.00105777
0.00105778
0.00105785
0.00105799
0.00105826
0.00105871
0.00105947
0.00106071
0.00106274
0.00106605
0.0010713
0.00107957
0.00109115
0.00110823
0.00347949
0.0032414
0.00303137
0.00284495
0.00267852
0.00252916
0.00239447
0.00227247
0.00216151
0.00206021
0.0019674
0.00188209
0.00180345
0.00173077
0.00166343
0.00160094
0.00154288
0.00148893
0.00143882
0.00139238
0.00134949
0.00131006
0.00127405
0.00124142
0.00121213
0.00118611
0.00116327
0.00114348
0.00112655
0.00111227
0.0011004
0.00109068
0.00108283
0.00107659
0.0010717
0.00106793
0.00106507
0.00106292
0.00106134
0.00106019
0.00105936
0.00105878
0.00105837
0.0010581
0.00105792
0.00105782
0.00105777
0.00105778
0.00105784
0.00105799
0.00105826
0.00105871
0.00105947
0.00106072
0.00106279
0.00106618
0.00107162
0.00108041
0.00109282
0.00111214
0.00347949
0.00324141
0.0030314
0.002845
0.00267859
0.00252924
0.00239457
0.00227258
0.00216164
0.00206035
0.00196755
0.00188225
0.00180362
0.00173094
0.00166361
0.00160112
0.00154307
0.00148911
0.00143901
0.00139256
0.00134966
0.00131023
0.0012742
0.00124156
0.00121226
0.00118623
0.00116338
0.00114357
0.00112662
0.00111233
0.00110044
0.00109071
0.00108285
0.00107661
0.00107171
0.00106794
0.00106507
0.00106292
0.00106134
0.00106018
0.00105936
0.00105877
0.00105837
0.00105809
0.00105792
0.00105781
0.00105776
0.00105777
0.00105784
0.00105799
0.00105826
0.00105871
0.00105947
0.00106074
0.00106283
0.00106631
0.00107198
0.00108134
0.00109472
0.00111696
0.00347949
0.00324142
0.00303143
0.00284505
0.00267866
0.00252934
0.00239469
0.00227272
0.00216179
0.00206051
0.00196773
0.00188244
0.00180382
0.00173114
0.00166382
0.00160133
0.00154328
0.00148932
0.00143921
0.00139276
0.00134985
0.0013104
0.00127437
0.00124171
0.00121239
0.00118634
0.00116347
0.00114364
0.00112668
0.00111237
0.00110047
0.00109072
0.00108285
0.0010766
0.0010717
0.00106792
0.00106505
0.0010629
0.00106131
0.00106016
0.00105933
0.00105875
0.00105834
0.00105807
0.00105789
0.00105778
0.00105774
0.00105774
0.00105781
0.00105796
0.00105823
0.00105869
0.00105945
0.00106073
0.00106286
0.00106643
0.00107233
0.00108236
0.00109688
0.00112295
0.00347949
0.00324143
0.00303147
0.00284512
0.00267876
0.00252946
0.00239483
0.00227288
0.00216197
0.0020607
0.00196793
0.00188265
0.00180404
0.00173137
0.00166405
0.00160156
0.0015435
0.00148954
0.00143941
0.00139295
0.00135002
0.00131055
0.00127449
0.0012418
0.00121245
0.00118637
0.00116347
0.00114361
0.00112662
0.00111229
0.00110037
0.00109061
0.00108274
0.00107648
0.00107157
0.00106779
0.00106492
0.00106277
0.00106119
0.00106003
0.0010592
0.00105862
0.00105821
0.00105794
0.00105776
0.00105766
0.00105761
0.00105762
0.00105769
0.00105784
0.00105811
0.00105857
0.00105934
0.00106063
0.00106279
0.00106647
0.00107263
0.00108342
0.00109929
0.00113048
0.00347949
0.00324145
0.00303152
0.0028452
0.00267887
0.0025296
0.00239499
0.00227307
0.00216217
0.00206093
0.00196816
0.0018829
0.00180428
0.00173161
0.00166427
0.00160177
0.00154368
0.00148968
0.00143951
0.00139299
0.00135
0.00131046
0.00127433
0.00124157
0.00121214
0.00118599
0.00116303
0.00114313
0.0011261
0.00111175
0.00109982
0.00109006
0.00108219
0.00107594
0.00107105
0.00106728
0.00106442
0.00106228
0.0010607
0.00105955
0.00105873
0.00105814
0.00105774
0.00105747
0.00105729
0.00105719
0.00105714
0.00105715
0.00105723
0.00105738
0.00105765
0.00105812
0.0010589
0.0010602
0.00106241
0.00106619
0.00107265
0.0010843
0.00110182
0.00113998
0.00347949
0.00324148
0.00303159
0.00284531
0.00267901
0.00252978
0.0023952
0.00227331
0.00216244
0.0020612
0.00196844
0.00188316
0.00180451
0.00173179
0.00166438
0.00160178
0.00154357
0.00148943
0.0014391
0.0013924
0.00134922
0.00130948
0.00127315
0.0012402
0.0012106
0.00118431
0.00116124
0.00114127
0.00112422
0.00110988
0.00109799
0.00108829
0.00108049
0.00107431
0.00106948
0.00106577
0.00106295
0.00106084
0.00105928
0.00105815
0.00105734
0.00105676
0.00105637
0.0010561
0.00105592
0.00105582
0.00105578
0.00105579
0.00105586
0.00105601
0.00105629
0.00105676
0.00105754
0.00105887
0.00106111
0.00106498
0.00107175
0.00108431
0.00110389
0.00115165
0.0034795
0.00324152
0.00303169
0.00284547
0.00267924
0.00253007
0.00239558
0.00227374
0.00216292
0.00206169
0.0019689
0.00188353
0.00180474
0.00173181
0.00166414
0.00160122
0.00154265
0.00148809
0.00143732
0.00139016
0.00134651
0.00130632
0.00126958
0.00123629
0.00120643
0.00117998
0.00115687
0.00113696
0.00112008
0.00110597
0.00109437
0.00108495
0.00107742
0.00107148
0.00106685
0.00106329
0.00106059
0.00105857
0.00105707
0.00105598
0.0010552
0.00105464
0.00105425
0.00105398
0.0010538
0.00105369
0.00105363
0.00105361
0.00105366
0.00105377
0.001054
0.0010544
0.00105512
0.00105635
0.00105849
0.00106227
0.00106914
0.00108231
0.0011042
0.00116443
0.00347951
0.00324163
0.00303199
0.00284603
0.00268015
0.00253139
0.00239731
0.00227586
0.00216532
0.00206425
0.00197146
0.00188592
0.00180681
0.00173341
0.00166515
0.00160158
0.00154231
0.00148708
0.00143569
0.00138801
0.00134398
0.00130359
0.00126685
0.00123381
0.00120446
0.00117876
0.0011566
0.00113778
0.00112203
0.00110903
0.00109842
0.00108987
0.00108304
0.00107764
0.00107343
0.00107019
0.00106771
0.00106584
0.00106444
0.0010634
0.00106263
0.00106206
0.00106163
0.00106131
0.00106105
0.00106082
0.00106062
0.00106042
0.00106022
0.00106003
0.00105987
0.00105979
0.00105989
0.00106035
0.00106154
0.00106409
0.0010696
0.00108118
0.00110366
0.00117574
0.00347969
0.00324256
0.00303442
0.00285067
0.00268757
0.0025419
0.00241087
0.00229216
0.00218389
0.0020846
0.00199312
0.00190857
0.00183029
0.00175777
0.00169065
0.00162864
0.00157154
0.00151917
0.00147137
0.00142802
0.00138898
0.00135414
0.00132339
0.00129658
0.00127349
0.00125379
0.0012371
0.00122295
0.00121094
0.00120071
0.00119199
0.00118462
0.00117845
0.00117342
0.00116944
0.00116631
0.00116385
0.00116194
0.00116046
0.00115929
0.00115835
0.00115755
0.00115682
0.00115611
0.00115535
0.00115449
0.00115347
0.00115224
0.00115073
0.00114887
0.00114661
0.00114386
0.00114061
0.00113684
0.00113268
0.00112842
0.00112525
0.0011248
0.00113464
0.00119793
0.00348321
0.00325647
0.00306425
0.00290017
0.00275851
0.00263412
0.00252315
0.00242326
0.00233324
0.00225256
0.00218109
0.00211883
0.00206574
0.00202163
0.00198613
0.00195864
0.00193835
0.00192421
0.001915
0.00190945
0.00190634
0.00190458
0.00190323
0.00190147
0.00189859
0.00189402
0.00188742
0.00187879
0.00186851
0.00185726
0.00184587
0.00183512
0.00182559
0.00181774
0.00181147
0.00180657
0.00180278
0.00179983
0.00179746
0.00179543
0.00179357
0.00179169
0.00178965
0.00178729
0.00178446
0.00178096
0.00177658
0.00177107
0.00176411
0.00175534
0.0017443
0.00173045
0.00171317
0.00169169
0.0016651
0.00163231
0.00159189
0.0015409
0.00147788
0.00143029
0.0035494
0.00344487
0.00340551
0.00341535
0.0034585
0.00352199
0.00359789
0.00368205
0.0037724
0.00386789
0.0039678
0.00407113
0.00417625
0.00428083
0.00438202
0.00447677
0.00456224
0.00463607
0.00469657
0.00474263
0.00477362
0.00478928
0.00478981
0.00477603
0.00474964
0.00471331
0.00467054
0.00462523
0.0045811
0.00454114
0.00450729
0.00448032
0.00446001
0.00444524
0.00443478
0.00442757
0.00442257
0.00441892
0.00441596
0.00441326
0.00441047
0.00440732
0.00440358
0.00439898
0.0043932
0.0043859
0.00437661
0.00436478
0.00434972
0.00433055
0.00430617
0.0042752
0.00423586
0.0041858
0.00412184
0.00403907
0.00393022
0.00377474
0.00354438
0.00312759
0.00510096
0.00645279
0.0077127
0.00881058
0.00970891
0.0103986
0.0108912
0.0112113
0.0113901
0.0114598
0.0114505
0.0113884
0.0112952
0.0111878
0.0110783
0.0109744
0.0108799
0.0107959
0.0107213
0.0106547
0.0105946
0.0105401
0.0104908
0.010447
0.0104088
0.0103765
0.0103502
0.0103296
0.0103143
0.0103034
0.0102962
0.0102917
0.0102889
0.0102874
0.0102869
0.0102871
0.010288
0.0102894
0.0102915
0.0102941
0.0102976
0.0103022
0.0103081
0.0103156
0.0103254
0.0103379
0.0103539
0.0103745
0.0104009
0.0104347
0.0104779
0.0105332
0.0106037
0.0106936
0.010807
0.0109538
0.0111218
0.0113927
0.0113815
0.0121037
0.00592485
0.0064433
0.00723602
0.00807838
0.00889792
0.00966393
0.0103382
0.0108877
0.011258
0.011463
0.0115308
0.0114949
0.0113878
0.0112366
0.0110599
0.0108643
0.0106404
0.0103365
0.0100763
0.00999825
0.0101523
0.0104909
0.0109563
0.0115029
0.0120976
0.0127164
0.013344
0.0139706
0.0146039
0.0152584
0.0159687
0.0168234
0.0181011
0.0193963
0.0198167
0.0189267
0.0164552
0.0130448
0.0109734
0.0116037
0.0128764
0.0130189
0.0126221
0.0123964
0.0121182
0.011882
0.0117341
0.0116648
0.0116751
0.0117529
0.0118761
0.0120218
0.0121679
0.0122799
0.0123045
0.0122432
0.0121295
0.0119886
0.0118572
0.0116104
0.00830825
0.00682728
0.00571518
0.00505357
0.0046818
0.00447686
0.00437266
0.00433617
0.00436627
0.0044364
0.00453756
0.00466379
0.00480981
0.00496924
0.00513587
0.00530833
0.00550397
0.00577446
0.00597553
0.0059876
0.00583544
0.00560486
0.00535525
0.00511047
0.0048751
0.00464643
0.00442053
0.00419248
0.00396419
0.00374717
0.00356265
0.00344719
0.00345037
0.00388865
0.00505874
0.00687449
0.00979634
0.0157527
0.0259786
0.0348915
0.0358985
0.0316421
0.0263441
0.0216749
0.0185129
0.0159717
0.0139573
0.0123494
0.0110413
0.00996787
0.00909194
0.00838948
0.00784554
0.00745883
0.00722852
0.00709975
0.00701511
0.00694332
0.00686482
0.00694637
0.00370441
0.00311521
0.00266632
0.00236606
0.00216538
0.00202603
0.00192742
0.00185913
0.00181758
0.00179683
0.00179128
0.00179892
0.00181967
0.00185415
0.00190348
0.00197042
0.00206619
0.00220054
0.00224487
0.00226762
0.00225494
0.00220642
0.00213119
0.00203791
0.00193351
0.00182377
0.00171395
0.00160948
0.00151646
0.00144181
0.00139228
0.00137127
0.00137426
0.00143249
0.00174736
0.00245187
0.00371289
0.00612454
0.0106435
0.0170921
0.0230766
0.0256883
0.02323
0.0187971
0.0157071
0.0132256
0.0111988
0.00954174
0.00817273
0.0070324
0.00608308
0.00530005
0.00466687
0.00416687
0.00377733
0.00348413
0.00326094
0.00309056
0.00296475
0.00289974
0.00190831
0.00167405
0.00151307
0.00140688
0.00133484
0.00128347
0.00124593
0.00121851
0.0011992
0.00118862
0.00118343
0.00118189
0.0011833
0.0011878
0.00119629
0.00121073
0.00123619
0.00127682
0.00128306
0.00128279
0.00127908
0.00126901
0.00125261
0.00123132
0.00120757
0.00118445
0.00116569
0.00115579
0.00116019
0.00118502
0.00123561
0.00131474
0.00143005
0.00154629
0.00161883
0.00175909
0.00214153
0.00298824
0.0045564
0.0069069
0.00968365
0.0120294
0.0121843
0.0100519
0.00842424
0.00709695
0.00598851
0.00506691
0.00430028
0.003663
0.00313767
0.00271103
0.00237104
0.0021049
0.00189914
0.00174312
0.00162965
0.0015458
0.0014878
0.00145195
0.00137524
0.00130035
0.00124827
0.00121267
0.00118694
0.00116713
0.00115148
0.00113907
0.00112929
0.00112219
0.00111711
0.00111341
0.00111063
0.00110858
0.00110735
0.00110746
0.00111037
0.00111803
0.00111962
0.00111981
0.00111903
0.0011167
0.00111305
0.0011089
0.00110567
0.00110538
0.00111081
0.00112564
0.00115465
0.00120325
0.00127619
0.00137539
0.00150807
0.00166041
0.00175873
0.00179391
0.00186482
0.0021122
0.00262952
0.00335502
0.00403625
0.00422535
0.00404499
0.00343277
0.00299633
0.00264892
0.00236144
0.00212287
0.00192514
0.00176179
0.00162802
0.00151969
0.0014327
0.00136291
0.00130652
0.00126071
0.00122433
0.00119452
0.00117055
0.00115201
0.00122348
0.00121263
0.00119934
0.00118733
0.00117651
0.00116654
0.00115748
0.00114939
0.00114227
0.00113601
0.0011305
0.00112555
0.001121
0.0011167
0.00111263
0.0011089
0.00110598
0.00110468
0.00110404
0.00110368
0.00110264
0.00110084
0.00109869
0.00109706
0.0010973
0.00110124
0.00111142
0.00113125
0.00116511
0.00121792
0.00129384
0.0013946
0.00153378
0.00170137
0.00182529
0.00187347
0.00187465
0.00191424
0.00205381
0.00225293
0.00236268
0.00220668
0.00195511
0.00175225
0.00163463
0.00154924
0.0014839
0.00143194
0.00138926
0.00135316
0.00132179
0.00129385
0.00126832
0.00124449
0.00122182
0.00120006
0.00117929
0.0011594
0.00114076
0.00112381
0.00118112
0.00119223
0.00119129
0.00118671
0.00118088
0.00117437
0.00116771
0.00116121
0.00115505
0.00114917
0.00114353
0.0011381
0.00113284
0.00112768
0.00112265
0.00111783
0.00111348
0.00111001
0.001108
0.00110645
0.00110436
0.00110187
0.00109949
0.00109804
0.00109874
0.00110331
0.00111415
0.00113451
0.00116845
0.00122039
0.0012938
0.00139022
0.00152383
0.0016873
0.00182618
0.00190498
0.00191392
0.00189767
0.00190494
0.00192879
0.00190529
0.00178421
0.00164468
0.0015557
0.00150338
0.00146204
0.00142797
0.00139877
0.00137281
0.00134892
0.00132622
0.00130401
0.00128185
0.00125955
0.00123717
0.00121494
0.00119317
0.0011722
0.0011525
0.00113447
0.00116738
0.00118452
0.00118702
0.00118463
0.00118047
0.00117525
0.00116955
0.00116377
0.0011581
0.00115253
0.00114705
0.00114165
0.00113632
0.00113105
0.00112588
0.00112094
0.00111647
0.00111269
0.00110997
0.00110757
0.00110475
0.00110173
0.00109903
0.00109739
0.00109799
0.00110247
0.00111318
0.00113322
0.00116637
0.0012165
0.00128645
0.00137725
0.00150236
0.0016567
0.00179673
0.00189555
0.0019299
0.00191375
0.00188318
0.00184998
0.00179494
0.00170805
0.00162372
0.00157274
0.00153884
0.00150738
0.00147786
0.00144981
0.0014227
0.00139609
0.0013696
0.00134295
0.00131602
0.0012889
0.0012619
0.00123546
0.00121005
0.00118617
0.00116425
0.00114466
0.00115952
0.00117725
0.00118053
0.00117882
0.00117532
0.00117067
0.00116548
0.00116013
0.0011548
0.00114953
0.00114431
0.00113912
0.00113398
0.00112891
0.00112394
0.00111924
0.00111504
0.00111147
0.00110852
0.00110577
0.00110272
0.00109959
0.00109683
0.00109517
0.00109573
0.00110014
0.0011107
0.00113039
0.00116268
0.00121099
0.00127757
0.00136295
0.00147971
0.00162378
0.00175818
0.00186426
0.00191974
0.00192104
0.00188955
0.00184364
0.00178502
0.00171728
0.00165733
0.00161837
0.00158851
0.00155773
0.00152673
0.00149589
0.00146516
0.00143439
0.00140343
0.00137221
0.00134078
0.00130941
0.00127852
0.00124866
0.00122039
0.0011942
0.00117054
0.00114972
0.00115237
0.00116912
0.00117255
0.00117117
0.00116805
0.0011638
0.00115896
0.00115394
0.00114891
0.00114392
0.00113897
0.00113405
0.00112918
0.00112439
0.00111974
0.00111536
0.00111151
0.00110824
0.00110533
0.00110259
0.00109964
0.00109664
0.00109402
0.00109244
0.00109304
0.00109745
0.00110792
0.0011273
0.00115883
0.00120549
0.00126905
0.00134964
0.00145894
0.00159337
0.00171994
0.0018254
0.00189268
0.00191204
0.00189252
0.00185094
0.0017979
0.00174212
0.00169279
0.001655
0.00162375
0.00159079
0.00155711
0.0015233
0.00148943
0.00145544
0.00142126
0.00138689
0.00135252
0.00131848
0.00128528
0.00125348
0.00122367
0.00119632
0.00117182
0.00115045
0.00114539
0.00116091
0.0011644
0.00116332
0.00116054
0.00115662
0.0011521
0.00114738
0.00114262
0.00113789
0.00113319
0.00112854
0.00112394
0.00111944
0.00111509
0.00111104
0.0011075
0.00110451
0.00110177
0.00109919
0.00109647
0.0010937
0.00109125
0.00108979
0.00109045
0.00109488
0.00110529
0.00112443
0.00115528
0.00120047
0.00126137
0.00133779
0.00144059
0.00156647
0.00168513
0.00178642
0.00185804
0.00189017
0.00188448
0.00185295
0.00180812
0.00176019
0.00171481
0.00167477
0.00164103
0.00160582
0.00157
0.00153409
0.00149819
0.00146224
0.00142618
0.00139009
0.00135418
0.00131886
0.00128464
0.00125212
0.00122184
0.00119426
0.00116972
0.00114843
0.00113888
0.00115327
0.00115689
0.00115611
0.00115364
0.00115003
0.00114581
0.00114136
0.00113686
0.00113237
0.00112791
0.00112349
0.00111914
0.00111489
0.00111082
0.00110705
0.00110378
0.00110102
0.00109847
0.0010961
0.00109362
0.00109106
0.00108876
0.0010874
0.00108812
0.00109257
0.00110294
0.00112187
0.00115213
0.00119603
0.00125459
0.00132737
0.00142454
0.00154298
0.0016544
0.00175039
0.00182191
0.00186106
0.00186645
0.00184541
0.00180893
0.00176662
0.00172261
0.00168007
0.00164429
0.00160753
0.00157043
0.00153338
0.00149645
0.00145955
0.00142267
0.0013859
0.0013495
0.00131387
0.00127955
0.00124711
0.00121708
0.00118988
0.00116579
0.00114499
0.00113307
0.00114653
0.00115029
0.00114983
0.00114766
0.00114433
0.00114037
0.00113617
0.0011319
0.00112763
0.00112337
0.00111917
0.00111503
0.001111
0.00110716
0.00110363
0.00110058
0.00109801
0.00109564
0.00109347
0.00109118
0.00108879
0.0010866
0.00108531
0.00108606
0.00109053
0.00110088
0.00111964
0.00114938
0.00119213
0.00124864
0.00131826
0.00141055
0.00152253
0.00162754
0.00171817
0.0017874
0.00182934
0.00184194
0.00182946
0.00180029
0.00176245
0.00171924
0.00167505
0.00163809
0.00160057
0.00156296
0.00152553
0.00148831
0.00145123
0.00141428
0.00137755
0.00134133
0.00130603
0.00127218
0.00124031
0.00121094
0.00118446
0.00116109
0.001141
0.00112803
0.00114074
0.00114467
0.0011445
0.00114259
0.00113952
0.0011358
0.00113181
0.00112775
0.00112366
0.00111959
0.00111556
0.00111161
0.00110777
0.00110412
0.00110079
0.00109793
0.00109551
0.00109329
0.00109126
0.00108913
0.00108685
0.00108473
0.00108347
0.00108425
0.00108875
0.00109909
0.00111772
0.00114701
0.00118876
0.00124346
0.00131033
0.00139838
0.00150476
0.00160416
0.00168979
0.00175584
0.00179796
0.00181443
0.00180789
0.00178446
0.00175028
0.00170799
0.0016632
0.00162588
0.00158831
0.00155081
0.00151358
0.00147663
0.00143988
0.00140334
0.00136713
0.00133153
0.00129694
0.00126388
0.00123286
0.00120437
0.00117876
0.00115624
0.00113693
0.00112373
0.00113583
0.00113993
0.00114005
0.00113837
0.00113551
0.001132
0.00112821
0.00112431
0.00112038
0.00111647
0.00111259
0.00110879
0.00110511
0.00110163
0.00109846
0.00109575
0.00109345
0.00109135
0.00108944
0.00108741
0.0010852
0.00108311
0.00108186
0.00108266
0.00108719
0.00109755
0.00111609
0.001145
0.00118587
0.00123899
0.00130347
0.00138784
0.00148936
0.00158387
0.00166499
0.00172764
0.00176849
0.00178646
0.00178349
0.0017641
0.00173285
0.00169166
0.00164717
0.00161018
0.00157309
0.00153616
0.00149954
0.00146322
0.00142715
0.00139135
0.00135594
0.0013212
0.00128753
0.00125542
0.00122538
0.00119786
0.00117318
0.00115154
0.00113302
0.00112009
0.00113172
0.00113599
0.00113636
0.00113488
0.00113221
0.00112888
0.00112524
0.0011215
0.0011177
0.00111391
0.00111017
0.00110649
0.00110295
0.0010996
0.00109657
0.00109397
0.00109177
0.00108977
0.00108793
0.00108597
0.00108379
0.00108171
0.00108046
0.00108127
0.00108585
0.00109625
0.00111472
0.00114333
0.00118343
0.00123518
0.00129757
0.00137875
0.00147606
0.00156632
0.00164344
0.00170279
0.00174167
0.00175959
0.00175837
0.00174155
0.00171252
0.00167242
0.00162892
0.00159277
0.00155654
0.00152049
0.00148474
0.00144929
0.0014141
0.00137921
0.00134474
0.00131098
0.00127831
0.00124723
0.0012182
0.00119165
0.0011679
0.00114711
0.00112936
0.00111704
0.0011283
0.00113274
0.00113334
0.00113204
0.00112953
0.00112634
0.00112284
0.00111921
0.00111553
0.00111185
0.0011082
0.00110463
0.00110119
0.00109796
0.00109503
0.00109253
0.00109041
0.00108847
0.00108669
0.00108476
0.00108259
0.00108049
0.00107923
0.00108006
0.0010847
0.00109517
0.00111363
0.00114199
0.00118143
0.00123198
0.00129255
0.00137097
0.00146464
0.00155122
0.00162482
0.0016811
0.00171773
0.00173471
0.00173394
0.00171853
0.0016911
0.0016523
0.0016101
0.00157502
0.00153986
0.00150484
0.00147009
0.00143561
0.00140139
0.00136747
0.00133399
0.00130124
0.0012696
0.00123952
0.00121148
0.00118588
0.00116301
0.00114303
0.00112599
0.0011145
0.00112549
0.0011301
0.0011309
0.00112975
0.00112737
0.00112431
0.00112092
0.00111739
0.0011138
0.0011102
0.00110663
0.00110315
0.00109979
0.00109665
0.00109381
0.00109139
0.00108931
0.00108743
0.00108567
0.00108375
0.00108156
0.00107943
0.00107816
0.00107902
0.00108374
0.0010943
0.00111278
0.00114095
0.00117984
0.00122935
0.00128835
0.00136439
0.00145491
0.00153831
0.00160886
0.00166234
0.00169669
0.00171221
0.00171107
0.0016962
0.00166984
0.00163234
0.00159162
0.00155774
0.00152374
0.00148982
0.00145612
0.00142264
0.0013894
0.00135645
0.00132395
0.00129218
0.00126152
0.00123241
0.0012053
0.00118059
0.00115854
0.0011393
0.00112293
0.0011124
0.00112322
0.001128
0.00112898
0.00112795
0.00112569
0.00112273
0.00111943
0.00111597
0.00111245
0.00110891
0.00110541
0.00110199
0.0010987
0.00109562
0.00109285
0.00109048
0.00108845
0.00108659
0.00108485
0.00108291
0.00108069
0.00107852
0.00107724
0.00107815
0.00108296
0.00109364
0.00111217
0.00114021
0.00117864
0.00122726
0.00128491
0.00135888
0.0014467
0.00152738
0.00159529
0.0016463
0.00167845
0.00169227
0.0016902
0.00167527
0.00164955
0.00161325
0.00157406
0.00154143
0.00150861
0.00147579
0.00144312
0.00141063
0.00137834
0.00134632
0.00131475
0.0012839
0.00125415
0.00122594
0.00119969
0.00117579
0.00115449
0.00113593
0.00112016
0.00111071
0.00112143
0.00112638
0.00112753
0.0011266
0.00112443
0.00112154
0.00111831
0.00111491
0.00111144
0.00110794
0.00110449
0.00110111
0.00109787
0.00109485
0.00109212
0.0010898
0.00108778
0.00108594
0.00108419
0.00108223
0.00107996
0.00107775
0.00107646
0.00107742
0.00108235
0.00109318
0.00111181
0.00113976
0.00117782
0.00122567
0.00128216
0.00135437
0.00143989
0.00151825
0.0015839
0.00163275
0.00166285
0.00167488
0.00167157
0.00165614
0.00163071
0.00159547
0.00155777
0.00152638
0.0014947
0.00146295
0.00143126
0.00139969
0.00136829
0.00133713
0.00130641
0.00127641
0.0012475
0.00122011
0.00119464
0.00117147
0.00115086
0.00113291
0.00111768
0.00110938
0.00112007
0.0011252
0.0011265
0.00112566
0.00112355
0.00112073
0.00111754
0.00111418
0.00111073
0.00110727
0.00110384
0.00110049
0.00109729
0.00109429
0.0010916
0.0010893
0.0010873
0.00108545
0.00108369
0.00108169
0.00107936
0.0010771
0.00107581
0.00107685
0.00108192
0.00109292
0.00111167
0.0011396
0.00117735
0.00122457
0.00128007
0.00135078
0.00143435
0.00151076
0.00157451
0.00162149
0.00164973
0.00165999
0.00165524
0.00163901
0.0016136
0.00157926
0.00154296
0.00151273
0.00148213
0.00145137
0.00142059
0.00138988
0.00135928
0.00132891
0.00129896
0.00126972
0.00124156
0.0012149
0.00119014
0.00116763
0.00114762
0.00113023
0.00111548
0.00110837
0.00111913
0.00112444
0.00112587
0.0011251
0.00112303
0.00112025
0.00111709
0.00111375
0.00111032
0.00110687
0.00110345
0.00110011
0.00109692
0.00109395
0.00109128
0.00108898
0.00108698
0.00108512
0.00108332
0.00108127
0.00107888
0.00107658
0.0010753
0.00107642
0.00108165
0.00109285
0.00111177
0.00113971
0.00117724
0.00122393
0.0012786
0.00134804
0.00142999
0.00150478
0.00156696
0.00161236
0.00163895
0.0016475
0.00164122
0.00162397
0.00159834
0.00156472
0.00152972
0.00150056
0.00147095
0.00144109
0.00141115
0.00138119
0.00135131
0.00132164
0.00129237
0.00126381
0.00123631
0.0012103
0.00118616
0.00116424
0.00114477
0.00112786
0.00111354
0.00110768
0.00111857
0.00112407
0.00112562
0.00112489
0.00112285
0.00112009
0.00111695
0.0011136
0.00111017
0.00110671
0.00110329
0.00109996
0.00109677
0.0010938
0.00109113
0.00108883
0.0010868
0.00108492
0.00108309
0.00108097
0.00107852
0.00107617
0.00107491
0.00107614
0.00108156
0.00109298
0.00111209
0.0011401
0.00117746
0.00122372
0.0012777
0.0013461
0.00142671
0.0015002
0.00156111
0.00160521
0.00163036
0.00163731
0.00162946
0.00161104
0.00158501
0.00155193
0.00151807
0.00148989
0.00146118
0.00143213
0.00140291
0.00137363
0.00134437
0.0013153
0.00128662
0.00125865
0.00123173
0.00120628
0.00118269
0.00116128
0.00114228
0.0011258
0.00111185
0.00110729
0.00111838
0.00112409
0.00112574
0.00112504
0.00112301
0.00112025
0.0011171
0.00111374
0.00111028
0.00110681
0.00110337
0.00110002
0.00109681
0.00109383
0.00109115
0.00108883
0.00108678
0.00108486
0.00108297
0.00108079
0.00107827
0.00107589
0.00107466
0.00107601
0.00108164
0.00109331
0.00111264
0.00114075
0.00117801
0.00122393
0.00127735
0.0013449
0.00142444
0.00149691
0.00155684
0.00159991
0.00162384
0.00162933
0.00161991
0.00160021
0.0015736
0.00154089
0.00150803
0.00148072
0.0014528
0.00142445
0.00139587
0.00136716
0.00133844
0.00130987
0.0012817
0.00125422
0.0012278
0.00120284
0.00117971
0.00115875
0.00114015
0.00112404
0.00111041
0.00110719
0.00111856
0.00112449
0.00112622
0.00112553
0.0011235
0.00112072
0.00111754
0.00111414
0.00111065
0.00110714
0.00110367
0.00110028
0.00109705
0.00109404
0.00109133
0.00108899
0.00108689
0.00108493
0.00108299
0.00108073
0.00107813
0.00107572
0.00107454
0.00107604
0.00108189
0.00109384
0.00111342
0.00114166
0.00117888
0.00122455
0.00127753
0.00134439
0.00142311
0.00149483
0.00155406
0.00159636
0.00161928
0.00162345
0.0016125
0.00159145
0.0015641
0.00153159
0.00149959
0.00147304
0.00144579
0.00141805
0.00139
0.00136177
0.00133349
0.00130534
0.00127758
0.00125051
0.0012245
0.00119994
0.00117721
0.00115662
0.00113837
0.00112256
0.0011092
0.00110738
0.00111911
0.00112527
0.00112707
0.00112637
0.00112432
0.00112151
0.00111828
0.00111483
0.00111128
0.00110772
0.0011042
0.00110076
0.00109749
0.00109443
0.00109168
0.00108929
0.00108715
0.00108513
0.00108312
0.00108079
0.00107812
0.00107568
0.00107456
0.00107622
0.00108232
0.00109456
0.00111442
0.00114284
0.00118006
0.00122556
0.0012782
0.00134455
0.00142267
0.00149389
0.00155267
0.00159446
0.00161661
0.0016196
0.00160718
0.00158471
0.00155649
0.00152402
0.00149273
0.00146683
0.00144015
0.00141291
0.0013853
0.00135744
0.0013295
0.00130168
0.00127424
0.0012475
0.00122182
0.00119759
0.00117518
0.00115488
0.00113692
0.00112136
0.00110822
0.00110788
0.00112006
0.00112645
0.00112831
0.00112758
0.00112548
0.00112262
0.00111932
0.00111579
0.00111218
0.00110855
0.00110496
0.00110146
0.00109812
0.00109501
0.00109221
0.00108976
0.00108755
0.00108546
0.00108338
0.00108096
0.00107822
0.00107577
0.00107473
0.00107656
0.00108293
0.00109549
0.00111565
0.00114427
0.00118156
0.00122695
0.00127935
0.00134533
0.00142307
0.00149402
0.00155261
0.00159414
0.00161573
0.00161772
0.00160389
0.00157997
0.00155077
0.00151816
0.00148744
0.00146207
0.00143586
0.00140902
0.00138173
0.00135416
0.00132647
0.00129888
0.00127168
0.00124517
0.00121974
0.00119576
0.0011736
0.00115355
0.0011358
0.00112045
0.00110748
0.0011087
0.00112141
0.00112806
0.00112994
0.00112917
0.00112701
0.00112406
0.00112067
0.00111706
0.00111335
0.00110963
0.00110596
0.00110239
0.00109897
0.00109579
0.00109291
0.00109039
0.00108809
0.00108593
0.00108377
0.00108126
0.00107845
0.001076
0.00107504
0.00107707
0.00108373
0.00109663
0.00111711
0.00114597
0.00118335
0.0012287
0.00128096
0.00134671
0.00142426
0.00149517
0.00155381
0.00159533
0.0016166
0.00161775
0.00160261
0.00157721
0.0015469
0.001514
0.00148371
0.00145877
0.00143292
0.00140636
0.00137931
0.00135192
0.00132439
0.00129695
0.00126988
0.00124353
0.00121827
0.00119447
0.00117248
0.0011526
0.00113501
0.0011198
0.00110696
0.00110986
0.0011232
0.00113011
0.001132
0.00113116
0.00112891
0.00112587
0.00112237
0.00111864
0.00111482
0.001111
0.00110722
0.00110355
0.00110004
0.00109676
0.00109379
0.00109118
0.0010888
0.00108654
0.0010843
0.0010817
0.00107882
0.00107637
0.00107552
0.00107776
0.00108472
0.00109798
0.0011188
0.00114792
0.00118545
0.00123081
0.00128301
0.00134867
0.00142621
0.00149728
0.00155622
0.00159797
0.00161916
0.00161967
0.0016033
0.00157641
0.00154489
0.00151155
0.00148155
0.00145692
0.00143133
0.00140496
0.00137803
0.00135073
0.00132326
0.00129587
0.00126886
0.00124258
0.0012174
0.0011937
0.00117182
0.00115205
0.00113456
0.00111944
0.00110667
0.00111139
0.00112548
0.00113264
0.00113452
0.00113359
0.00113123
0.00112806
0.00112442
0.00112056
0.00111661
0.00111266
0.00110876
0.00110497
0.00110135
0.00109796
0.00109488
0.00109217
0.00108967
0.00108732
0.00108497
0.00108228
0.00107934
0.0010769
0.00107617
0.00107863
0.00108592
0.00109955
0.00112074
0.00115014
0.00118784
0.00123328
0.00128548
0.00135116
0.00142888
0.00150032
0.00155979
0.00160203
0.00162337
0.00162344
0.00160596
0.00157759
0.00154476
0.00151082
0.00148097
0.00145655
0.0014311
0.00140481
0.00137792
0.0013506
0.00132309
0.00129566
0.00126862
0.00124233
0.00121716
0.00119347
0.00117163
0.00115189
0.00113445
0.00111936
0.00110662
0.00111334
0.00112828
0.00113571
0.00113754
0.00113648
0.00113399
0.00113066
0.00112686
0.00112284
0.00111874
0.00111464
0.0011106
0.00110667
0.00110291
0.0010994
0.00109619
0.00109335
0.00109073
0.00108826
0.00108581
0.00108302
0.00108001
0.0010776
0.001077
0.00107971
0.00108733
0.00110135
0.00112291
0.00115262
0.00119052
0.00123608
0.00128836
0.00135418
0.00143223
0.00150425
0.00156448
0.00160746
0.00162922
0.00162906
0.0016106
0.00158075
0.00154653
0.00151184
0.00148201
0.00145769
0.00143227
0.00140595
0.00137898
0.00135155
0.00132391
0.00129634
0.00126919
0.00124279
0.00121754
0.0011938
0.00117192
0.00115215
0.00113468
0.00111957
0.00110681
0.00111577
0.00113168
0.00113935
0.00114109
0.00113989
0.00113723
0.00113371
0.00112972
0.00112551
0.00112124
0.00111697
0.00111277
0.00110868
0.00110476
0.00110109
0.00109773
0.00109475
0.00109198
0.00108939
0.00108683
0.00108393
0.00108087
0.00107848
0.00107802
0.00108099
0.00108896
0.00110338
0.00112533
0.00115535
0.00119348
0.00123919
0.00129162
0.00135768
0.00143623
0.00150902
0.00157024
0.00161424
0.00163669
0.00163653
0.00161724
0.00158595
0.00155024
0.00151465
0.0014847
0.00146038
0.00143488
0.00140842
0.00138126
0.00135362
0.00132574
0.00129794
0.00127057
0.00124399
0.00121858
0.0011947
0.0011727
0.00115284
0.00113528
0.0011201
0.00110726
0.00111874
0.00113574
0.00114363
0.00114523
0.00114384
0.00114097
0.00113724
0.00113302
0.0011286
0.00112413
0.00111967
0.00111528
0.00111101
0.00110691
0.00110307
0.00109954
0.00109639
0.00109345
0.00109072
0.00108803
0.00108502
0.00108191
0.00107956
0.00107926
0.0010825
0.00109082
0.00110565
0.00112799
0.00115834
0.0011967
0.00124259
0.00129522
0.00136161
0.00144083
0.00151459
0.00157705
0.00162234
0.00164576
0.00164586
0.00162591
0.00159322
0.00155595
0.00151932
0.00148912
0.00146467
0.00143898
0.00141226
0.00138481
0.00135684
0.00132862
0.00130049
0.00127281
0.00124595
0.00122029
0.0011962
0.00117401
0.00115398
0.00113627
0.00112095
0.00110798
0.00112233
0.00114054
0.0011486
0.00115
0.00114836
0.00114525
0.00114125
0.00113677
0.00113212
0.00112742
0.00112275
0.00111816
0.00111368
0.00110939
0.00110535
0.00110163
0.00109829
0.00109517
0.00109228
0.00108945
0.00108633
0.00108316
0.00108086
0.00108073
0.00108424
0.00109293
0.00110817
0.00113089
0.00116155
0.00120014
0.00124621
0.00129907
0.00136589
0.00144593
0.00152087
0.00158483
0.00163172
0.00165643
0.00165708
0.00163666
0.00160264
0.00156375
0.00152593
0.00149535
0.00147066
0.00144465
0.00141756
0.00138969
0.00136128
0.00133261
0.00130405
0.00127596
0.00124872
0.00122272
0.00119833
0.00117587
0.00115559
0.00113766
0.00112214
0.00110899
0.00112665
0.00114617
0.00115431
0.00115542
0.00115348
0.00115005
0.00114574
0.00114097
0.00113606
0.00113112
0.00112622
0.0011214
0.00111671
0.00111221
0.00110795
0.00110402
0.00110046
0.00109714
0.00109408
0.0010911
0.00108785
0.00108463
0.0010824
0.00108244
0.00108623
0.00109529
0.00111092
0.001134
0.00116493
0.0012037
0.00124993
0.00130302
0.00137036
0.00145141
0.00152776
0.00159351
0.00164233
0.00166869
0.00167021
0.00164957
0.00161431
0.00157375
0.00153459
0.00150349
0.00147844
0.00145199
0.00142439
0.00139598
0.001367
0.00133777
0.00130866
0.00128005
0.00125234
0.0012259
0.00120112
0.00117831
0.00115771
0.00113949
0.00112371
0.00111031
0.00113181
0.0011527
0.00116077
0.00116147
0.00115913
0.00115532
0.00115064
0.00114556
0.00114036
0.00113516
0.00113002
0.00112497
0.00112006
0.00111534
0.00111086
0.0011067
0.00110292
0.00109938
0.00109613
0.00109299
0.00108961
0.00108635
0.00108418
0.0010844
0.00108847
0.00109788
0.00111387
0.00113725
0.00116836
0.00120721
0.0012535
0.00130681
0.00137475
0.00145699
0.00153504
0.00160292
0.00165406
0.00168248
0.00168526
0.00166468
0.00162833
0.00158606
0.00154544
0.00151367
0.00148813
0.0014611
0.00143286
0.00140377
0.0013741
0.00134418
0.0013144
0.00128516
0.00125686
0.0012299
0.00120463
0.00118138
0.00116038
0.0011418
0.00112567
0.00111198
0.00113794
0.00116018
0.00116795
0.00116807
0.00116521
0.00116092
0.00115581
0.00115036
0.00114486
0.0011394
0.00113402
0.00112876
0.00112364
0.00111871
0.00111401
0.00110963
0.00110563
0.00110187
0.00109843
0.00109512
0.00109161
0.0010883
0.0010862
0.0010866
0.00109095
0.00110067
0.00111694
0.00114048
0.0011716
0.00121032
0.0012565
0.00130993
0.00137853
0.0014622
0.00154227
0.00161272
0.00166669
0.0016977
0.00170222
0.00168206
0.0016448
0.00160084
0.00155862
0.00152604
0.00149988
0.00147211
0.00144308
0.00141317
0.00138267
0.00135192
0.00132135
0.00129136
0.00126237
0.00123477
0.00120891
0.00118513
0.00116364
0.00114461
0.00112808
0.00111401
0.00114516
0.0011686
0.00117572
0.00117501
0.00117144
0.00116652
0.0011609
0.00115507
0.00114924
0.00114352
0.00113793
0.00113248
0.0011272
0.00112211
0.00111725
0.00111269
0.0011085
0.00110455
0.00110092
0.00109743
0.00109379
0.00109045
0.00108843
0.001089
0.00109358
0.00110352
0.00111991
0.00114337
0.00117417
0.00121239
0.0012581
0.00131143
0.00138071
0.00146606
0.00154858
0.00162219
0.0016797
0.00171401
0.00172092
0.0017017
0.00166382
0.00161822
0.00157429
0.00154075
0.00151381
0.00148515
0.00145517
0.00142429
0.0013928
0.00136109
0.00132959
0.00129873
0.00126892
0.00124057
0.00121403
0.00118961
0.00116754
0.00114798
0.00113096
0.00111645
0.00115358
0.00117784
0.00118381
0.0011819
0.00117733
0.0011716
0.00116536
0.00115907
0.00115291
0.00114695
0.0011412
0.00113566
0.00113031
0.00112516
0.00112024
0.0011156
0.0011113
0.00110723
0.00110346
0.00109982
0.00109606
0.0010927
0.00109076
0.00109147
0.00109618
0.00110616
0.00112237
0.00114532
0.00117521
0.00121229
0.0012569
0.00130966
0.00137947
0.00146666
0.00155216
0.00162978
0.00169187
0.00173058
0.00174087
0.00172336
0.00168534
0.00163827
0.00159258
0.00155793
0.00153005
0.00150031
0.00146921
0.00143719
0.00140457
0.00137175
0.00133919
0.00130733
0.00127658
0.00124736
0.00122002
0.00119487
0.00117213
0.00115194
0.00113436
0.00111934
0.00116328
0.00118762
0.00119173
0.00118809
0.0011821
0.00117526
0.00116823
0.00116139
0.00115486
0.0011487
0.00114289
0.00113738
0.00113213
0.00112712
0.00112232
0.00111779
0.00111357
0.00110955
0.00110576
0.00110203
0.0010982
0.00109485
0.00109297
0.00109373
0.00109837
0.00110805
0.00112355
0.00114524
0.00117331
0.00120817
0.00125061
0.00130191
0.00137175
0.00146065
0.00154965
0.00163243
0.00170069
0.00174553
0.00176082
0.00174628
0.00170897
0.00166084
0.00161345
0.00157755
0.00154854
0.00151755
0.00148516
0.00145185
0.00141794
0.00138387
0.00135011
0.00131712
0.00128532
0.00125512
0.00122687
0.00120089
0.00117738
0.0011565
0.00113828
0.00112268
0.00117429
0.00119755
0.00119881
0.00119266
0.00118462
0.00117621
0.0011681
0.0011605
0.00115352
0.00114718
0.0011414
0.00113612
0.00113123
0.00112665
0.00112232
0.00111823
0.00111442
0.00111078
0.00110722
0.00110355
0.00109976
0.00109647
0.00109459
0.00109519
0.00109941
0.00110822
0.0011222
0.00114156
0.00116647
0.0011976
0.00123627
0.0012846
0.00135325
0.00144301
0.00153574
0.00162498
0.00170156
0.00175517
0.00177804
0.00176865
0.00173356
0.00168523
0.00163645
0.0015992
0.00156889
0.0015365
0.00150266
0.00146791
0.00143259
0.00139715
0.00136208
0.00132783
0.00129486
0.00126358
0.00123434
0.00120744
0.0011831
0.00116146
0.00114255
0.00112633
0.00118673
0.00120731
0.00120445
0.00119465
0.00118354
0.00117278
0.00116296
0.00115417
0.00114649
0.00113989
0.00113425
0.00112942
0.00112524
0.00112155
0.00111819
0.00111511
0.00111228
0.00110962
0.00110674
0.00110347
0.00109996
0.00109679
0.0010948
0.00109494
0.00109821
0.00110541
0.0011169
0.00113279
0.00115329
0.00117921
0.00121227
0.00125539
0.00132023
0.00140867
0.00150432
0.00160072
0.00168785
0.00175354
0.00178772
0.00178686
0.00175659
0.00170969
0.00166029
0.00162174
0.00159005
0.00155614
0.00152077
0.00148448
0.00144764
0.00141071
0.0013742
0.00133858
0.00130433
0.00127187
0.00124156
0.0012137
0.00118851
0.00116612
0.00114654
0.00112973
0.00120145
0.00121759
0.00120909
0.00119388
0.00117793
0.00116326
0.0011504
0.00113949
0.00113052
0.00112339
0.0011179
0.0011138
0.0011108
0.00110862
0.00110699
0.00110575
0.00110478
0.00110403
0.00110266
0.00110044
0.00109764
0.00109476
0.00109257
0.00109198
0.00109392
0.00109915
0.00110809
0.00112095
0.00113784
0.001159
0.00118541
0.00122017
0.00127576
0.00135825
0.00145348
0.00155532
0.00165339
0.00173373
0.00178326
0.00179535
0.00177371
0.00173095
0.00168247
0.00164297
0.00160997
0.00157457
0.00153758
0.00149964
0.00146113
0.00142253
0.00138439
0.00134722
0.00131154
0.00127781
0.0012464
0.00121762
0.00119167
0.00116866
0.00114858
0.00113137
0.00122187
0.00123256
0.00121685
0.00119364
0.00116955
0.00114774
0.00112927
0.00111438
0.00110296
0.00109473
0.0010893
0.00108622
0.001085
0.00108515
0.00108621
0.00108784
0.00108981
0.00109213
0.00109341
0.00109337
0.00109211
0.00109011
0.00108824
0.00108758
0.00108947
0.00109536
0.00110663
0.00112395
0.00114611
0.00116964
0.00119124
0.00121197
0.00124632
0.00131268
0.00139836
0.00149777
0.00160125
0.00169412
0.00176028
0.00178884
0.00177999
0.00174486
0.00169951
0.00165982
0.00162578
0.0015889
0.00155011
0.00151017
0.00146955
0.00142884
0.00138865
0.00134961
0.0013123
0.00127723
0.00124481
0.00121532
0.00118895
0.00116575
0.00114565
0.00112856
0.00125984
0.00126771
0.00124543
0.00121123
0.00117234
0.00113669
0.00110789
0.00108598
0.0010704
0.00106038
0.001055
0.00105333
0.00105444
0.00105747
0.00106167
0.00106647
0.00107153
0.00107704
0.00108179
0.00108569
0.00108796
0.00108927
0.00109104
0.00109559
0.00110638
0.00112798
0.0011647
0.00121712
0.00127775
0.00133028
0.00135682
0.00134919
0.00133735
0.0013592
0.00140804
0.00147943
0.00156622
0.00165519
0.00172834
0.00176981
0.00177417
0.00174883
0.00170867
0.00166993
0.00163493
0.00159614
0.0015548
0.00151191
0.0014682
0.00142447
0.00138158
0.00134032
0.00130141
0.00126538
0.00123263
0.00120338
0.00117769
0.00115549
0.00113661
0.00112079
0.0013551
0.00137638
0.00136513
0.00132179
0.00125272
0.00119202
0.00114896
0.00112104
0.00110471
0.00109643
0.00109315
0.00109252
0.00109297
0.00109356
0.00109388
0.00109383
0.0010935
0.00109336
0.00109793
0.00110845
0.00111964
0.00113301
0.00115246
0.00118536
0.00124278
0.00133786
0.00147999
0.00166473
0.00186441
0.00202875
0.00210243
0.00204516
0.00192938
0.00181417
0.00173088
0.00168751
0.00168316
0.00170881
0.00174678
0.00177538
0.00177944
0.00175707
0.00171738
0.00167594
0.00163812
0.00159607
0.00155113
0.00150431
0.00145679
0.00140999
0.00136529
0.00132377
0.00128621
0.001253
0.00122421
0.00119961
0.00117877
0.00116115
0.00114669
0.00113391
0.00163673
0.00174563
0.00186901
0.00188463
0.00180369
0.00179595
0.00182894
0.0018715
0.00190044
0.00190394
0.00187923
0.00182947
0.00176117
0.00168196
0.00159901
0.00151797
0.00144194
0.0013709
0.00133732
0.00134238
0.00136762
0.00141775
0.00150472
0.0016507
0.00188419
0.00223137
0.00269864
0.00325178
0.00380632
0.0042448
0.00446213
0.004383
0.00404691
0.0035247
0.00302272
0.00261449
0.00231303
0.00210803
0.00197908
0.00189893
0.00184104
0.00178859
0.00173573
0.00170072
0.00166508
0.00162403
0.0015811
0.00153647
0.0014935
0.00145633
0.00142776
0.00140878
0.00139859
0.00139491
0.00139477
0.00139526
0.00139376
0.00138925
0.00138259
0.00136697
0.0025265
0.00311826
0.0041407
0.00488855
0.00556309
0.00607551
0.00633771
0.00634838
0.00616143
0.00584322
0.00544893
0.00501831
0.00457922
0.00415122
0.00374774
0.00337733
0.00303996
0.00272737
0.00253846
0.0024723
0.00251633
0.00268905
0.00301356
0.00352955
0.00427058
0.00523175
0.00633288
0.00741289
0.00827788
0.00878002
0.00887805
0.0086175
0.0077813
0.00661287
0.00550172
0.00455806
0.00380124
0.00322148
0.00279659
0.00249187
0.00226771
0.00209163
0.00195452
0.0019543
0.00196293
0.00198199
0.00201681
0.00206218
0.00212914
0.00222578
0.00234917
0.00248704
0.00262205
0.00273775
0.0028226
0.00287123
0.00288393
0.00286699
0.00282355
0.00273123
0.00539006
0.00846635
0.0135676
0.0170678
0.0177146
0.0168303
0.0154132
0.0139232
0.0125537
0.0113581
0.0103288
0.00944091
0.00866955
0.00799526
0.00740416
0.00688527
0.00642209
0.00597892
0.00581625
0.0059332
0.00631875
0.00698524
0.0079459
0.00918667
0.0106045
0.0119819
0.0130439
0.0135861
0.0135679
0.0130974
0.0123223
0.0113317
0.0100568
0.00867388
0.00746422
0.00642895
0.00554198
0.00479464
0.00419504
0.00374759
0.00344532
0.00328591
0.00327754
0.00389606
0.00435581
0.00481511
0.00530242
0.00581154
0.00633266
0.00682024
0.00721373
0.00747382
0.00759667
0.00760096
0.00751672
0.00737325
0.0071961
0.00699231
0.00679693
0.00647631
0.0128511
0.0109134
0.00913577
0.0091415
0.00985883
0.0103159
0.0105318
0.010634
0.010696
0.0107534
0.0108254
0.0109235
0.0110539
0.0112192
0.0114195
0.0116545
0.0119091
0.0122745
0.0127341
0.0128543
0.0125142
0.0117723
0.0107888
0.00973349
0.00874134
0.00789161
0.00719621
0.00661714
0.0061108
0.00566229
0.0052836
0.00507909
0.00498576
0.00494009
0.00504474
0.0053134
0.00576979
0.00642641
0.00736338
0.00863714
0.0102503
0.0121196
0.0142808
0.0152411
0.0151913
0.0146293
0.0138931
0.0131914
0.0126117
0.0121831
0.011901
0.011733
0.0116373
0.0115839
0.0115537
0.0115383
0.0115317
0.0115427
0.0115228
0.0115844
)
;

boundaryField
{
    inlet
    {
        type            fixedValue;
        value           uniform 0.00375;
    }
    outlet
    {
        type            zeroGradient;
    }
    fixedWalls
    {
        type            kqRWallFunction;
        value           nonuniform List<scalar> 
240
(
0.00510096
0.00645279
0.0077127
0.00881058
0.00970891
0.0103986
0.0108912
0.0112113
0.0113901
0.0114598
0.0114505
0.0113884
0.0112951
0.0111877
0.0110781
0.0109741
0.0108796
0.0107955
0.0107208
0.0106541
0.0105938
0.0105391
0.0104897
0.0104455
0.010407
0.0103744
0.0103477
0.0103266
0.0103106
0.0102989
0.0102907
0.010285
0.010281
0.0102779
0.0102753
0.0102727
0.0102697
0.0102662
0.0102617
0.010256
0.0102488
0.0102396
0.0102277
0.0102124
0.0101928
0.0101675
0.0101349
0.0100928
0.0100386
0.00996868
0.00987823
0.00976108
0.00960895
0.0094105
0.00915043
0.00880587
0.00834883
0.00772402
0.00693296
0.00571288
0.00592485
0.0064433
0.00723602
0.00807838
0.00889792
0.00966393
0.0103382
0.0108877
0.011258
0.011463
0.0115308
0.0114949
0.0113878
0.0112366
0.0110599
0.0108643
0.0106404
0.0103365
0.0100763
0.00999825
0.0101523
0.0104909
0.0109563
0.0115029
0.0120976
0.0127164
0.013344
0.0139706
0.0146039
0.0152584
0.0159687
0.0168234
0.0181011
0.0193963
0.0198167
0.0189267
0.0164552
0.0130448
0.0109734
0.0116037
0.0128764
0.0130189
0.0126221
0.0123964
0.0121182
0.011882
0.0117341
0.0116648
0.0116751
0.0117529
0.0118761
0.0120218
0.0121679
0.0122799
0.0123045
0.0122432
0.0121295
0.0119886
0.0118572
0.0116104
0.00510096
0.00645279
0.0077127
0.00881058
0.00970891
0.0103986
0.0108912
0.0112113
0.0113901
0.0114598
0.0114505
0.0113884
0.0112952
0.0111878
0.0110783
0.0109744
0.0108799
0.0107959
0.0107213
0.0106547
0.0105946
0.0105401
0.0104908
0.010447
0.0104088
0.0103765
0.0103502
0.0103296
0.0103143
0.0103034
0.0102962
0.0102917
0.0102889
0.0102874
0.0102869
0.0102871
0.010288
0.0102894
0.0102915
0.0102941
0.0102976
0.0103022
0.0103081
0.0103156
0.0103254
0.0103379
0.0103539
0.0103745
0.0104009
0.0104347
0.0104779
0.0105332
0.0106037
0.0106936
0.010807
0.0109538
0.0111218
0.0113927
0.0113815
0.0121037
0.0128511
0.0109134
0.00913577
0.0091415
0.00985883
0.0103159
0.0105318
0.010634
0.010696
0.0107534
0.0108254
0.0109235
0.0110539
0.0112192
0.0114195
0.0116545
0.0119091
0.0122745
0.0127341
0.0128543
0.0125142
0.0117723
0.0107888
0.00973349
0.00874134
0.00789161
0.00719621
0.00661714
0.0061108
0.00566229
0.0052836
0.00507909
0.00498576
0.00494009
0.00504474
0.0053134
0.00576979
0.00642641
0.00736338
0.00863714
0.0102503
0.0121196
0.0142808
0.0152411
0.0151913
0.0146293
0.0138931
0.0131914
0.0126117
0.0121831
0.011901
0.011733
0.0116373
0.0115839
0.0115537
0.0115383
0.0115317
0.0115427
0.0115228
0.0115844
)
;
    }
    defaultFaces
    {
        type            empty;
    }
}


// ************************************************************************* //
