/*--------------------------------*- C++ -*----------------------------------*\
| =========                 |                                                 |
| \\      /  F ield         | OpenFOAM: The Open Source CFD Toolbox           |
|  \\    /   O peration     | Version:  2.4.0                                 |
|   \\  /    A nd           | Web:      www.OpenFOAM.org                      |
|    \\/     M anipulation  |                                                 |
\*---------------------------------------------------------------------------*/
FoamFile
{
    version     2.0;
    format      ascii;
    class       volScalarField;
    location    "7.1";
    object      epsilon;
}
// * * * * * * * * * * * * * * * * * * * * * * * * * * * * * * * * * * * * * //

dimensions      [0 2 -3 0 0 0 0];

internalField   nonuniform List<scalar> 
6000
(
54.1729
1.0976
0.0202862
0.134489
0.0725455
0.0863231
0.0615961
0.0575433
0.0460738
0.0418678
0.0363807
0.0340191
0.0318659
0.0313566
0.0314112
0.0325302
0.0343163
0.0369819
0.0404069
0.0447133
0.0498926
0.056022
0.0631129
0.0711868
0.080209
0.0901194
0.100805
0.112101
0.123762
0.135463
0.146791
0.157246
0.166254
0.17318
0.177342
0.178109
0.174946
0.167447
0.155539
0.139442
0.120088
0.0987778
0.0777728
0.0589606
0.0934242
0.145676
0.21947
0.328633
0.471789
0.68551
0.937914
1.35042
1.75759
2.60355
3.17264
5.15926
5.62345
11.2592
10.2478
28.7901
17.7229
0.97547
0.0253664
0.0742226
0.0418215
0.0473835
0.034368
0.0316134
0.0254737
0.0229747
0.019982
0.0185708
0.0173339
0.0169274
0.0168293
0.0172544
0.0180067
0.0191675
0.0206704
0.0225556
0.0248068
0.0274443
0.0304612
0.0338557
0.0376055
0.0416809
0.0460355
0.0506071
0.0553083
0.060026
0.0646206
0.0689253
0.072748
0.0758691
0.0780596
0.0790869
0.0787387
0.076823
0.0732353
0.0679434
0.061149
0.0531931
0.0448574
0.0373821
0.0546048
0.0790804
0.111757
0.157512
0.215435
0.29827
0.395144
0.546735
0.700488
0.998817
1.22197
1.8956
2.13585
3.97212
3.90008
9.69669
7.13598
0.711154
0.0303052
0.0435435
0.0252882
0.0273061
0.0200719
0.0181973
0.0147501
0.013221
0.0115235
0.0106702
0.00995325
0.00968274
0.00959591
0.00978817
0.0101601
0.0107443
0.011506
0.0124594
0.0135942
0.0149166
0.0164211
0.0181051
0.0199579
0.0219664
0.0241119
0.0263699
0.0287066
0.0310789
0.0334335
0.035707
0.0378247
0.0396979
0.0412382
0.0423378
0.0428933
0.0427976
0.0419651
0.0403249
0.0378956
0.0347603
0.0312338
0.0282416
0.0383411
0.0520024
0.0693248
0.0922134
0.120056
0.157815
0.201286
0.265695
0.332605
0.452648
0.552006
0.810209
0.937827
1.60925
1.69446
3.71408
3.42004
0.518235
0.0345343
0.0274551
0.016062
0.0164807
0.0122277
0.0109294
0.00890614
0.00794503
0.0069512
0.0064327
0.00601932
0.00586135
0.00582142
0.00594324
0.00617503
0.00653098
0.00699308
0.00756767
0.00824966
0.00904191
0.0099421
0.0109491
0.0120583
0.0132641
0.0145584
0.0159304
0.017365
0.0188429
0.0203399
0.0218271
0.0232685
0.0246265
0.0258565
0.0269014
0.0277058
0.0282089
0.0283555
0.0280925
0.027406
0.026311
0.0249453
0.0240108
0.0306557
0.0393511
0.0499798
0.0633893
0.0792304
0.0996613
0.122881
0.15521
0.189497
0.245643
0.296526
0.409458
0.481582
0.75738
0.84439
1.62525
1.89782
0.395525
0.0386491
0.01904
0.010789
0.0104249
0.00776169
0.00683461
0.00559419
0.00497454
0.00437823
0.00406505
0.00383366
0.00375793
0.00376329
0.00387035
0.00405158
0.00431389
0.00464837
0.0050587
0.00554301
0.00610336
0.00673919
0.00745031
0.00823466
0.0090896
0.0100111
0.0109935
0.0120292
0.0131079
0.0142175
0.0153433
0.0164659
0.0175736
0.0186372
0.0196272
0.0205135
0.0212614
0.0218371
0.022204
0.0223424
0.0222429
0.0219658
0.0220513
0.0268404
0.0329446
0.0401988
0.0490202
0.0592538
0.07194
0.0863262
0.105263
0.125873
0.156611
0.186933
0.244109
0.289243
0.417937
0.484963
0.82306
1.19136
0.318419
0.0429751
0.0149622
0.00776905
0.00694076
0.00514122
0.00444981
0.00365339
0.00324341
0.00287919
0.0026943
0.00257432
0.00255543
0.00259554
0.00270471
0.00286816
0.00308992
0.003366
0.00369915
0.00408925
0.00453811
0.00504603
0.00561327
0.00623901
0.00692201
0.00766034
0.00845125
0.00929085
0.0101743
0.0110958
0.0120481
0.0130229
0.0140161
0.0150092
0.0159856
0.0169272
0.017812
0.0186168
0.0193145
0.0198855
0.020313
0.0206231
0.0212441
0.0249541
0.0295753
0.0349385
0.0412555
0.0484795
0.0571494
0.0670101
0.079422
0.0933408
0.1125
0.132984
0.166213
0.197631
0.266099
0.316831
0.481511
0.829186
0.268834
0.0475659
0.0135339
0.00612327
0.00490728
0.00356996
0.00302311
0.00248394
0.00220447
0.00197923
0.00187552
0.00182467
0.00184381
0.00190821
0.00202311
0.0021807
0.00238394
0.00263155
0.00292599
0.00326813
0.00365973
0.00410164
0.00459456
0.00513859
0.0057337
0.00637954
0.00707546
0.00782027
0.00861231
0.00944941
0.0103283
0.011247
0.0122011
0.0131788
0.0141692
0.0151596
0.0161341
0.0170752
0.0179623
0.0187785
0.0195063
0.0201542
0.0210732
0.0241092
0.0278117
0.032023
0.036846
0.0422864
0.0486322
0.0558586
0.0646322
0.0747269
0.0877869
0.102743
0.124234
0.147792
0.188675
0.22835
0.3172
0.628421
0.235882
0.0523295
0.01384
0.0054039
0.00373663
0.00262019
0.00215363
0.00176402
0.00156575
0.00142504
0.00137297
0.00136541
0.00140965
0.00149058
0.00161129
0.00176795
0.00196316
0.00219722
0.00247257
0.0027907
0.00315355
0.00356246
0.00401871
0.0045233
0.00507725
0.00568151
0.00633689
0.00704384
0.00780242
0.00861222
0.00947179
0.0103809
0.0113344
0.0123239
0.0133411
0.014376
0.0154159
0.0164474
0.0174539
0.0184227
0.0193348
0.020191
0.0212837
0.0238715
0.0269637
0.0304208
0.0342849
0.0385856
0.0434764
0.049034
0.0555801
0.0632432
0.0727002
0.0840981
0.0990725
0.117421
0.144126
0.175858
0.227744
0.510222
0.213249
0.0571102
0.0153567
0.0053633
0.00311822
0.00205735
0.00162141
0.00131555
0.00116641
0.00107718
0.00105787
0.00107772
0.00113875
0.00123138
0.00135773
0.00151632
0.00170969
0.00193909
0.0022071
0.0025157
0.00286713
0.00326329
0.00370605
0.00419718
0.00473852
0.00533189
0.00597893
0.0066809
0.00743864
0.00825241
0.00912155
0.0100448
0.0110173
0.0120324
0.0130831
0.0141607
0.0152543
0.0163533
0.0174444
0.018518
0.0195497
0.0205429
0.0217397
0.0240132
0.0266754
0.0296066
0.0328149
0.03634
0.0402604
0.0446942
0.0497841
0.0558006
0.0629587
0.0718895
0.0828856
0.0974498
0.116099
0.14169
0.173923
0.437373
0.197245
0.0617374
0.0177418
0.00586792
0.00289264
0.0017526
0.00130378
0.00103796
0.000915793
0.000857073
0.000858317
0.000895855
0.00096869
0.00107044
0.00120275
0.00136554
0.00156141
0.00179228
0.00206092
0.00236978
0.00272145
0.00311834
0.00356286
0.00405734
0.00460416
0.0052056
0.00586373
0.00658014
0.0073559
0.00819146
0.00908587
0.0100367
0.0110396
0.0120886
0.0131772
0.0142974
0.0154396
0.0165947
0.0177516
0.0189026
0.0200156
0.0211037
0.0223627
0.0244056
0.0267495
0.0292944
0.0320289
0.0349967
0.0382333
0.041871
0.045957
0.0508092
0.0564182
0.0635746
0.0719791
0.0837053
0.0974082
0.118138
0.139256
0.390905
0.185658
0.0660568
0.0207403
0.00683836
0.00298399
0.00163753
0.0011325
0.000874045
0.000762144
0.000719872
0.000733543
0.000782802
0.000864603
0.000974318
0.00111331
0.00128234
0.00148412
0.00172106
0.00199619
0.00231237
0.00267255
0.00307957
0.00353625
0.0040453
0.00460941
0.00523108
0.00591255
0.00665545
0.00746087
0.00832922
0.00925819
0.0102451
0.0112856
0.0123741
0.0135039
0.0146677
0.015856
0.0170611
0.0182733
0.0194825
0.020654
0.0218095
0.0231039
0.0249709
0.0270693
0.0293173
0.0316931
0.0342412
0.0369722
0.0400205
0.0433814
0.0473794
0.0518965
0.0577457
0.0643785
0.0739591
0.0844451
0.101361
0.115896
0.360499
0.177122
0.0699506
0.0241394
0.00822493
0.00335238
0.00168001
0.00107096
0.00079171
0.000675998
0.000639868
0.000660232
0.00071742
0.000806601
0.000923942
0.00107054
0.00124766
0.00145816
0.00170481
0.00199093
0.00231973
0.00269452
0.00311846
0.00359467
0.0041261
0.00471557
0.00536567
0.00607866
0.0068561
0.00769892
0.00860711
0.00957693
0.0106057
0.0116889
0.0128206
0.0139943
0.0152025
0.0164356
0.017687
0.0189477
0.0201992
0.0214157
0.0226193
0.023931
0.025659
0.0275611
0.0295722
0.0316652
0.0338842
0.0362253
0.0388195
0.0416345
0.0449843
0.0487003
0.053564
0.0589357
0.066885
0.0751801
0.0891442
0.0996145
0.340228
0.170763
0.0733472
0.027749
0.0099817
0.00397786
0.00187165
0.00110186
0.000773937
0.000640998
0.000602493
0.000625044
0.000687527
0.000783158
0.000908185
0.00106338
0.00125028
0.00147185
0.00173118
0.00203187
0.00237745
0.00277151
0.00321748
0.00371866
0.00427815
0.00489882
0.00558321
0.00633354
0.00715122
0.00803699
0.00898975
0.0100049
0.0110796
0.0122089
0.0133867
0.0146059
0.015859
0.0171359
0.018431
0.0197326
0.0210163
0.0222676
0.0235049
0.0248209
0.0264351
0.0281754
0.0299912
0.0318533
0.0338051
0.0358342
0.0380664
0.0404548
0.043297
0.0464035
0.0505066
0.0549476
0.061644
0.0683862
0.080079
0.0879343
0.326536
0.166004
0.0762211
0.0313969
0.012055
0.00485278
0.00221278
0.00122054
0.000813217
0.000648812
0.000599869
0.00062053
0.000686181
0.000787614
0.000920545
0.0010853
0.00128348
0.00151817
0.00179269
0.00211091
0.00247663
0.00289368
0.00336567
0.00389603
0.00448792
0.00514419
0.00586727
0.00665931
0.00752148
0.00845435
0.00945488
0.0105185
0.011642
0.0128198
0.0140454
0.0153112
0.0166091
0.0179288
0.019265
0.0205983
0.0219083
0.0231862
0.0244458
0.0257564
0.0272745
0.0288775
0.0305274
0.0321954
0.0339234
0.0356948
0.0376292
0.039673
0.0421063
0.0447335
0.0482357
0.0519667
0.057687
0.0632883
0.0732285
0.0793286
0.317206
0.162446
0.0785867
0.0349334
0.0143778
0.00597196
0.00270679
0.00143181
0.000908598
0.000696346
0.00062837
0.000642917
0.000709681
0.000816307
0.000957376
0.00113258
0.00134341
0.00159302
0.00188491
0.00222317
0.00261185
0.00305494
0.0035562
0.00411912
0.00474685
0.00544218
0.00620737
0.00704447
0.0079544
0.00893749
0.00998794
0.0111024
0.0122765
0.0135044
0.0147786
0.0160911
0.0174335
0.0187944
0.0201668
0.0215248
0.0228566
0.0241538
0.0254262
0.0267237
0.0281578
0.0296414
0.031147
0.0326471
0.0341827
0.035735
0.037418
0.0391753
0.0412704
0.0435095
0.0465258
0.0496987
0.0546455
0.059381
0.0679556
0.0728272
0.310816
0.159807
0.0804878
0.0382371
0.0168691
0.00732381
0.00336025
0.00174468
0.00106427
0.000784309
0.000687326
0.000690906
0.000756487
0.000867567
0.00101693
0.00120337
0.00142808
0.00169424
0.00200542
0.00236591
0.00277995
0.00325167
0.00378491
0.00438317
0.00504955
0.00578672
0.00659673
0.00748153
0.00844171
0.00947682
0.010579
0.0117457
0.0129717
0.0142502
0.0155733
0.0169319
0.0183176
0.0197179
0.0211184
0.0224976
0.0238464
0.0251564
0.0264332
0.0277114
0.0290698
0.0304469
0.0318239
0.0331756
0.0345419
0.0359035
0.0373691
0.038882
0.0406909
0.0426073
0.0452222
0.0479444
0.0522671
0.0563259
0.0638216
0.0677982
0.306431
0.157877
0.0819862
0.0412202
0.0194376
0.00888554
0.00418118
0.0021672
0.00128905
0.000916562
0.000778377
0.000765067
0.000826646
0.000941168
0.00109881
0.00129716
0.00153687
0.00182102
0.00215321
0.00253787
0.00297938
0.00348197
0.00404949
0.00468542
0.00539275
0.00617402
0.00703101
0.00796556
0.00897793
0.0100661
0.0112212
0.012441
0.0137192
0.0150483
0.0164196
0.0178234
0.0192506
0.0206847
0.022108
0.0235047
0.0248658
0.0261822
0.0274561
0.0287093
0.0299976
0.0312775
0.0325377
0.0337554
0.0349698
0.0361618
0.0374355
0.0387354
0.0402971
0.041939
0.0442155
0.046565
0.0503748
0.0538908
0.0605199
0.0638205
0.303426
0.156499
0.0831517
0.04383
0.0219886
0.0106205
0.00517271
0.00270865
0.00159358
0.00109992
0.00090522
0.000867537
0.000921496
0.00103802
0.00120371
0.00141447
0.00167013
0.0019736
0.00232834
0.0027389
0.00320975
0.00374513
0.00434891
0.00502447
0.00577465
0.00660185
0.00750749
0.00849336
0.00955937
0.010701
0.0119096
0.0131826
0.0145127
0.0158916
0.01731
0.0187571
0.0202225
0.0216831
0.0231259
0.0245363
0.0259045
0.0272212
0.0284853
0.0297085
0.03093
0.0321194
0.0332714
0.0343659
0.0354416
0.0364802
0.0375816
0.0386924
0.0400366
0.0414404
0.0434264
0.045461
0.0488418
0.0519122
0.0578332
0.0606063
0.301376
0.155549
0.084054
0.0460466
0.0244328
0.012478
0.00632962
0.00337916
0.00198673
0.00134425
0.00107357
0.00100192
0.00104353
0.00116004
0.0013332
0.00155668
0.0018291
0.00215305
0.00253171
0.00296971
0.00347153
0.0040414
0.00468312
0.00539993
0.00619449
0.00706906
0.00802463
0.00906294
0.0101836
0.0113785
0.0126403
0.0139662
0.0153473
0.0167748
0.0182383
0.0197263
0.021222
0.0227053
0.024164
0.0255834
0.0269535
0.0282644
0.029512
0.0307004
0.0318569
0.0329604
0.0340106
0.0349902
0.0359372
0.0368349
0.0377793
0.0387196
0.0398696
0.0410633
0.042796
0.0445597
0.0475755
0.0502727
0.0556048
0.0579551
0.299986
0.154932
0.0847572
0.0478785
0.0266933
0.0143961
0.00763563
0.00418514
0.00247872
0.00165933
0.00129129
0.00117333
0.00119635
0.00131005
0.00148966
0.00172591
0.00201572
0.00236115
0.00276494
0.00323173
0.00376594
0.00437174
0.0050528
0.00581219
0.00665234
0.00757534
0.00858171
0.00967317
0.0108484
0.0120962
0.0134108
0.0147885
0.0162191
0.017693
0.0191992
0.0207212
0.0222423
0.0237445
0.0252146
0.0266381
0.0280046
0.0293034
0.0305283
0.0316771
0.032769
0.0337896
0.0347426
0.0356134
0.0364398
0.0372063
0.038006
0.0387906
0.039765
0.0407708
0.0422793
0.0438063
0.0465067
0.0488858
0.0537202
0.0557239
0.299055
0.154568
0.0853166
0.0493553
0.0287127
0.0163064
0.00906203
0.00512666
0.00307934
0.00205392
0.00156825
0.00138844
0.00138473
0.00149179
0.00167626
0.00192501
0.00223258
0.00260031
0.00303027
0.00352701
0.00409481
0.00473774
0.00545928
0.00626227
0.00714885
0.00812103
0.00917868
0.0103236
0.0115525
0.0128527
0.0142188
0.0156467
0.0171246
0.0186424
0.020185
0.0217354
0.0232777
0.0247942
0.0262709
0.027693
0.0290499
0.0303303
0.0315261
0.0326308
0.0336575
0.0345968
0.0354559
0.0362226
0.0369346
0.037578
0.0382429
0.0388839
0.0396978
0.0405335
0.0418413
0.0431587
0.0455831
0.047687
0.0520938
0.0538085
0.298442
0.154397
0.0857773
0.0505202
0.0304554
0.0181405
0.010568
0.00619506
0.00379514
0.00253809
0.00191311
0.00165566
0.00161465
0.0017099
0.00189692
0.00215748
0.00248292
0.00287357
0.00333051
0.00385814
0.00446052
0.00514152
0.0059044
0.00675169
0.00768522
0.00870692
0.00981595
0.0110142
0.0122955
0.0136468
0.0150625
0.0165385
0.018061
0.0196165
0.0211896
0.0227639
0.0243228
0.0258484
0.0273261
0.0287409
0.0300819
0.0313374
0.032498
0.0335538
0.0345138
0.0353726
0.0361399
0.0368061
0.0374087
0.0379354
0.0384739
0.0389813
0.0396474
0.0403279
0.0414543
0.0425843
0.0447638
0.0466268
0.0506612
0.0521316
0.298046
0.154368
0.0861739
0.0514236
0.0319083
0.0198366
0.0121031
0.00737124
0.00462721
0.00312027
0.00233498
0.00198372
0.00189338
0.00196998
0.00215631
0.00242748
0.00277056
0.00318449
0.003669
0.00422824
0.00486592
0.00558567
0.00639043
0.00728239
0.008263
0.00933423
0.0104943
0.0117456
0.0130769
0.0144776
0.0159406
0.0174619
0.0190223
0.02061
0.022209
0.0238021
0.0253723
0.0269012
0.0283737
0.0297748
0.0310934
0.0323173
0.0334363
0.0344383
0.0353297
0.0361078
0.0367846
0.037353
0.0378503
0.0382658
0.038685
0.0390675
0.0395966
0.0401347
0.0410958
0.0420567
0.0440169
0.0456669
0.0493729
0.0506351
0.2978
0.154442
0.0865317
0.0521172
0.0330781
0.0213453
0.0136113
0.00862514
0.0055691
0.00380558
0.00284254
0.00238107
0.00222919
0.00227857
0.00245982
0.00273976
0.00309986
0.00353715
0.00404956
0.00464086
0.0053143
0.00607316
0.00692001
0.00785667
0.00888409
0.0100044
0.0112148
0.0125175
0.0138968
0.0153444
0.0168518
0.0184108
0.0200045
0.0216195
0.023239
0.0248453
0.0264206
0.0279464
0.0294071
0.0307878
0.0320769
0.0332624
0.0343335
0.0352767
0.0360969
0.0367935
0.0373806
0.0378532
0.0382485
0.0385577
0.0388638
0.0391291
0.0395307
0.0399375
0.0407472
0.0415548
0.0433169
0.0447772
0.0481904
0.0492741
0.297654
0.154587
0.0868679
0.0526496
0.0339874
0.0226334
0.0150364
0.00991681
0.00660516
0.00459389
0.00344229
0.00285579
0.00263007
0.00264327
0.0028135
0.00309958
0.00347561
0.00393602
0.00447638
0.00509991
0.00580926
0.00660727
0.00749608
0.00847704
0.00955058
0.0107192
0.0119787
0.01333
0.0147551
0.0162447
0.0177906
0.0193829
0.0210048
0.0226415
0.0242756
0.0258887
0.0274624
0.0289781
0.0304199
0.0317726
0.033025
0.0341651
0.0351818
0.0360612
0.0368072
0.0374211
0.0379187
0.0382969
0.0385933
0.0388004
0.0389991
0.0391543
0.0394371
0.0397224
0.040393
0.041061
0.0426431
0.0439335
0.0470834
0.0480141
0.297576
0.154779
0.0871933
0.0530638
0.0346694
0.0236855
0.016328
0.0111992
0.00770983
0.005478
0.00413696
0.00341444
0.00310325
0.00307138
0.0032247
0.0035126
0.00390296
0.00438588
0.00495393
0.00560957
0.00635464
0.00719149
0.00812172
0.00914618
0.0102647
0.0114803
0.0127874
0.0141828
0.0156483
0.0171758
0.0187554
0.0203757
0.0220201
0.0236723
0.0253143
0.0269272
0.0284919
0.0299899
0.031405
0.0327222
0.0339303
0.0350177
0.0359735
0.0367839
0.0374523
0.037982
0.0383898
0.0386751
0.0388751
0.0389841
0.0390808
0.0391325
0.0393044
0.0394776
0.0400201
0.0405609
0.0419785
0.0431164
0.0460277
0.0468275
0.297541
0.155
0.0875136
0.0533958
0.0351631
0.0245035
0.017446
0.0124221
0.00884815
0.00644213
0.00492376
0.00406062
0.00365461
0.00356901
0.00369946
0.00398564
0.00438792
0.00489158
0.00548677
0.00617409
0.00695439
0.00782938
0.00880009
0.00986678
0.0110286
0.0122875
0.0136393
0.0150739
0.0165758
0.0181362
0.019744
0.0213866
0.0230469
0.0247077
0.0263503
0.0279551
0.029503
0.0309752
0.0323553
0.0336289
0.0347849
0.0358121
0.0367005
0.0374365
0.0380241
0.0384676
0.0387854
0.0389788
0.0390849
0.0390995
0.0390994
0.039054
0.0391227
0.0391926
0.0396171
0.0400422
0.0413091
0.0423099
0.0450039
0.0456926
0.297533
0.155235
0.0878311
0.0536739
0.0355089
0.0251035
0.0183646
0.0135376
0.00997787
0.0074613
0.00579272
0.00479345
0.00428749
0.00414089
0.00424266
0.00452336
0.0049354
0.00545852
0.00607983
0.00679782
0.00761215
0.00852381
0.00953314
0.0106398
0.0118422
0.0131416
0.014534
0.016003
0.0175364
0.0191241
0.020754
0.0224122
0.0240813
0.025743
0.0273781
0.0289666
0.0304891
0.0319267
0.0332633
0.0344848
0.0355806
0.0365403
0.0373545
0.038011
0.038514
0.0388694
0.0390968
0.0391993
0.039214
0.0391381
0.0390462
0.03891
0.038883
0.0388581
0.0391743
0.0394944
0.0406231
0.041501
0.0439962
0.0445917
0.297542
0.155474
0.0881457
0.0539195
0.0357451
0.0255122
0.0190737
0.0145048
0.0110529
0.00850182
0.00672553
0.00560596
0.00500132
0.00478929
0.00485756
0.00512925
0.0055489
0.00609008
0.00673637
0.00748381
0.00833068
0.00927713
0.0103228
0.0114667
0.0127064
0.0140429
0.0154704
0.0169689
0.0185281
0.020137
0.0217821
0.0234486
0.0251185
0.0267729
0.0283918
0.0299551
0.031443
0.032837
0.0341211
0.0352817
0.036309
0.0371935
0.0379271
0.0384988
0.0389137
0.0391791
0.0393157
0.0393283
0.0392541
0.0390917
0.0389132
0.0386926
0.0385773
0.0384659
0.0386833
0.0389086
0.0399108
0.0406789
0.042992
0.0435107
0.29756
0.155711
0.0884561
0.0541476
0.0359054
0.0257629
0.0195781
0.0152941
0.0120279
0.00952325
0.00769521
0.00648373
0.00579008
0.0055128
0.0055448
0.00580479
0.00623028
0.00678833
0.00745851
0.00823409
0.00911182
0.0100909
0.0111702
0.012348
0.0136214
0.014991
0.0164474
0.0179698
0.0195485
0.0211714
0.0228242
0.024491
0.0261532
0.0277912
0.0293847
0.0309132
0.032357
0.0336977
0.0349199
0.0360107
0.0369612
0.037763
0.0384094
0.0388913
0.0392146
0.0393882
0.0394337
0.0393578
0.0391974
0.0389525
0.0386928
0.0383944
0.0381982
0.038009
0.0381366
0.0382772
0.0391639
0.0398345
0.0419805
0.0424379
0.297582
0.15594
0.0887603
0.0543679
0.0360182
0.025891
0.0198952
0.0158896
0.012863
0.0104816
0.00866688
0.00740416
0.00664105
0.00630492
0.00630124
0.00654852
0.00697898
0.00755327
0.00824658
0.00904915
0.00995603
0.0109654
0.0120753
0.0132835
0.0145863
0.0159847
0.0174628
0.0190027
0.0205939
0.0222232
0.0238754
0.0255337
0.0271789
0.0287909
0.030349
0.0318327
0.0332224
0.0345
0.0356508
0.0366627
0.037528
0.0382396
0.0387925
0.0391796
0.0394081
0.0394883
0.0394428
0.0392799
0.0390364
0.0387134
0.0383781
0.0380086
0.0377394
0.0374808
0.0375278
0.0375937
0.0383754
0.0389604
0.0409533
0.0413638
0.297606
0.156158
0.0890563
0.0545863
0.0361055
0.025931
0.0200517
0.0162905
0.0135283
0.0113337
0.00959989
0.00833656
0.00753382
0.00715288
0.00711874
0.00735495
0.00779106
0.00838196
0.00909837
0.00992723
0.0108618
0.011899
0.0130365
0.014271
0.0155985
0.0170199
0.018513
0.0200634
0.0216593
0.0232866
0.0249292
0.0265695
0.0281879
0.0297638
0.0312762
0.0327046
0.0340297
0.0352341
0.0363038
0.0372277
0.0379995
0.0386137
0.0390671
0.0393549
0.0394858
0.0394713
0.0393351
0.0390873
0.0387639
0.0383677
0.0379627
0.0375293
0.0371949
0.0368757
0.0368514
0.0368525
0.0375395
0.0380505
0.0399034
0.0402806
0.297629
0.156365
0.0893421
0.0548054
0.0361835
0.0259139
0.0200799
0.0165088
0.0140067
0.0120418
0.0104512
0.00924354
0.0084402
0.00803674
0.00798315
0.00821349
0.00865817
0.00926763
0.0100082
0.0108635
0.0118247
0.0128879
0.0140497
0.0153065
0.016654
0.0180911
0.0195925
0.0211458
0.022738
0.0243543
0.0259779
0.0275903
0.0291714
0.0307005
0.0321564
0.0335188
0.0347687
0.0358896
0.0368684
0.0376954
0.0383656
0.0388754
0.0392238
0.0394083
0.039439
0.0393291
0.0391031
0.0387727
0.0383734
0.0379091
0.037441
0.0369511
0.0365598
0.036189
0.0361027
0.0360489
0.0366514
0.0370996
0.038825
0.0391819
0.29765
0.156558
0.0896164
0.0550259
0.0362634
0.0258657
0.0200132
0.0165676
0.0142955
0.0125779
0.0111799
0.0100836
0.00932499
0.00892912
0.00887342
0.00910752
0.00956661
0.0101987
0.0109662
0.0118493
0.0128372
0.0139248
0.0151082
0.0163833
0.0177458
0.0191913
0.0206939
0.0222419
0.0238216
0.0254174
0.0270118
0.0285858
0.0301189
0.0315901
0.0329785
0.0342638
0.0354279
0.036455
0.0373334
0.0380547
0.0386157
0.0390147
0.039253
0.0393306
0.0392594
0.039054
0.0387397
0.0383297
0.0378589
0.0373323
0.0368078
0.0362693
0.0358296
0.0354166
0.0352778
0.0351792
0.0357073
0.0361038
0.0377136
0.0380627
0.297669
0.156739
0.0898782
0.0552472
0.0363518
0.025807
0.0198839
0.0164968
0.0144054
0.0129267
0.0117512
0.0108147
0.0101481
0.00979583
0.00976154
0.0100138
0.0104966
0.0111578
0.0119571
0.0128711
0.013887
0.0149986
0.0162016
0.0174914
0.0188643
0.0203105
0.0218068
0.0233412
0.0248992
0.0264647
0.0280195
0.0295442
0.0310182
0.0324203
0.0337298
0.0349271
0.0359948
0.0369181
0.0376868
0.0382942
0.0387388
0.0390213
0.0391451
0.0391131
0.0389389
0.0386386
0.0382382
0.0377523
0.0372151
0.0366325
0.0360589
0.0354801
0.035001
0.0345552
0.0343736
0.0342405
0.0347043
0.0350599
0.0365658
0.0369189
0.297685
0.156907
0.090127
0.0554679
0.036452
0.0257526
0.0197203
0.0163296
0.0143585
0.0130873
0.0121413
0.0113991
0.0108679
0.0105977
0.0106131
0.0109024
0.0114217
0.0121216
0.0129598
0.0139099
0.0149569
0.0160935
0.017315
0.0186167
0.0199956
0.0214354
0.022918
0.0244303
0.0259574
0.0274824
0.0289871
0.0304516
0.0318552
0.033177
0.0343966
0.035495
0.0364558
0.0372658
0.037916
0.0384018
0.0387237
0.0388846
0.0388906
0.0387472
0.0384698
0.0380761
0.0375927
0.0370354
0.0364375
0.0358057
0.035191
0.0345805
0.0340712
0.0336024
0.0333881
0.0332306
0.0336402
0.0339659
0.0353791
0.0357475
0.297699
0.157063
0.0903627
0.0556866
0.036565
0.0257127
0.0195456
0.0160987
0.0141846
0.0130722
0.0123396
0.0118073
0.011445
0.0112933
0.0113889
0.0117377
0.0123095
0.0130601
0.0139468
0.0149404
0.0160238
0.0171882
0.0184287
0.0197406
0.0211205
0.0225489
0.0240108
0.0254928
0.0269797
0.0284545
0.0298985
0.0312919
0.0326141
0.0338444
0.0349632
0.0359523
0.0367964
0.037484
0.0380078
0.0383653
0.038559
0.0385945
0.0384803
0.0382248
0.0378452
0.0373606
0.0367981
0.0361747
0.0355226
0.0348493
0.0342017
0.0335687
0.0330387
0.032557
0.0323199
0.0321484
0.0325139
0.0328202
0.0341518
0.0345461
0.297711
0.157208
0.0905856
0.0559017
0.0366899
0.0256929
0.0193777
0.0158342
0.0139173
0.0129055
0.01235
0.0120219
0.0118469
0.0118432
0.012048
0.0124799
0.0131222
0.0139376
0.0148845
0.0159314
0.0170584
0.0182556
0.0195175
0.0208395
0.0222169
0.0236295
0.0250645
0.0265086
0.0279465
0.0293614
0.0307346
0.0320464
0.0332766
0.0344049
0.0354126
0.0362826
0.0370011
0.0375581
0.0379486
0.038172
0.0382335
0.0381409
0.0379055
0.0375384
0.0370587
0.0364869
0.0358504
0.0351672
0.0344681
0.0337614
0.0330899
0.0324438
0.031903
0.0314184
0.0311687
0.0309935
0.0313251
0.0316224
0.0328831
0.0333135
0.29772
0.157344
0.0907961
0.056112
0.0368249
0.0256957
0.0192288
0.0155609
0.0135904
0.0126187
0.0121899
0.0120401
0.0120524
0.0122136
0.0125508
0.0130878
0.0138187
0.014714
0.015734
0.0168453
0.0180255
0.0192625
0.0205503
0.0218841
0.0232574
0.0246511
0.0260541
0.0274536
0.0288348
0.030181
0.031474
0.0326945
0.0338226
0.0348392
0.0357263
0.0364685
0.0370534
0.037473
0.0377245
0.0378097
0.0377361
0.0375143
0.0371582
0.0366817
0.0361054
0.0354513
0.0347471
0.0340112
0.0332734
0.032542
0.0318558
0.0312064
0.0306647
0.0301876
0.0299354
0.0297668
0.0300744
0.0303729
0.0315732
0.0320489
0.297728
0.15747
0.0909948
0.0563164
0.0369679
0.025721
0.0191066
0.0152984
0.013235
0.0122471
0.0118874
0.0118736
0.012054
0.0123815
0.0128641
0.0135225
0.0143576
0.0153466
0.0164526
0.0176403
0.0188843
0.0201701
0.0214902
0.0228398
0.0242096
0.025583
0.0269505
0.0283001
0.0296179
0.0308879
0.0320923
0.0332127
0.0342301
0.0351263
0.0358848
0.0364916
0.0369364
0.0372133
0.0373217
0.0372662
0.0370566
0.0367064
0.0362318
0.0356495
0.0349818
0.0342518
0.0334871
0.0327069
0.0319392
0.0311925
0.0305014
0.0298586
0.0293262
0.0288666
0.0286221
0.0284699
0.0287634
0.0290728
0.0302229
0.0307527
0.297734
0.157588
0.0911825
0.0565142
0.0371165
0.0257673
0.0190148
0.0150605
0.0128771
0.0118257
0.0114777
0.0115471
0.0118596
0.0123373
0.0129646
0.0137518
0.0147009
0.015794
0.0169964
0.0182716
0.0195905
0.0209349
0.0222956
0.0236668
0.0250361
0.0263898
0.0277201
0.0290164
0.0302659
0.0314535
0.0325626
0.0335757
0.0344751
0.0352439
0.0358672
0.036333
0.036633
0.0367638
0.0367272
0.0365304
0.036186
0.0357099
0.035121
0.0344386
0.0336863
0.0328883
0.0320719
0.0312566
0.0304685
0.0297165
0.0290304
0.0284042
0.0278911
0.027459
0.0272319
0.0271059
0.0273949
0.0277243
0.028834
0.0294255
0.297738
0.157698
0.0913601
0.0567051
0.0372685
0.0258319
0.018954
0.0148557
0.0125368
0.0113864
0.0109983
0.0110947
0.0114913
0.0120872
0.012843
0.0137542
0.0148183
0.0160193
0.0173242
0.0186948
0.0200979
0.0215109
0.0229212
0.0243213
0.0256952
0.0270322
0.028326
0.0295676
0.0307458
0.031847
0.0328559
0.0337565
0.0345325
0.0351689
0.0356526
0.0359737
0.0361265
0.0361099
0.0359286
0.0355924
0.0351166
0.0345197
0.033823
0.0330481
0.0322198
0.0313631
0.030505
0.0296649
0.0288669
0.0281197
0.0274489
0.0268492
0.0263651
0.0259699
0.0257697
0.0256789
0.0259725
0.0263306
0.0274093
0.0280693
0.297742
0.157802
0.0915283
0.0568888
0.037422
0.0259118
0.0189227
0.0146883
0.0122284
0.0109553
0.0104855
0.0105558
0.0109827
0.0116524
0.0125059
0.0135224
0.0146913
0.0159951
0.0174012
0.0188697
0.0203626
0.0218519
0.0233203
0.0247574
0.026143
0.0274681
0.0287281
0.0299161
0.0310225
0.0320355
0.0329418
0.0337268
0.0343766
0.0348779
0.03522
0.0353954
0.035401
0.0352386
0.0349156
0.0344446
0.0338434
0.0331332
0.0323375
0.0314799
0.0305862
0.0296819
0.0287932
0.0279395
0.0271425
0.0264107
0.0257652
0.0252016
0.0247559
0.0244064
0.024242
0.0241945
0.0245013
0.0248959
0.0259522
0.0266864
0.297744
0.157901
0.091688
0.0570655
0.0375754
0.026004
0.0189182
0.0145592
0.0119604
0.0105522
0.00997094
0.00997006
0.0103747
0.011067
0.0119758
0.0130657
0.0143167
0.0157071
0.0172038
0.0187645
0.0203467
0.0219158
0.0234484
0.0249297
0.0263346
0.0276543
0.0288855
0.0300232
0.0310597
0.0319855
0.0327892
0.0334586
0.0339818
0.0343483
0.0345497
0.0345813
0.0344429
0.0341391
0.0336803
0.033082
0.0323645
0.0315513
0.030668
0.0297397
0.0287931
0.0278537
0.026947
0.0260915
0.0253069
0.0246009
0.0239905
0.0234721
0.0230732
0.0227775
0.0226567
0.02266
0.0229877
0.0234254
0.0244675
0.0252802
0.297746
0.157994
0.09184
0.0572353
0.0377274
0.0261054
0.0189369
0.0144666
0.0117369
0.0101904
0.00947975
0.00937393
0.00971004
0.0103738
0.0112889
0.01241
0.0137085
0.015158
0.0167236
0.018361
0.0200232
0.0216688
0.0232669
0.0247968
0.0262281
0.0275494
0.0287582
0.0298509
0.030822
0.0316641
0.0323682
0.0329248
0.0333245
0.0335594
0.0336242
0.0335172
0.0332412
0.0328039
0.0322187
0.0315038
0.030682
0.029779
0.028822
0.0278374
0.0268523
0.025892
0.0249806
0.0241358
0.023375
0.0227052
0.0221391
0.021674
0.0213296
0.0210944
0.021024
0.0210841
0.0214394
0.0219257
0.0229607
0.023855
0.297747
0.158082
0.0919851
0.0573984
0.0378771
0.0262134
0.018975
0.0144075
0.011558
0.00987753
0.00903004
0.00879754
0.00902939
0.00961889
0.0104908
0.0115954
0.0128981
0.0143686
0.0159705
0.0176582
0.0193807
0.0210904
0.0227482
0.0243261
0.0257879
0.0271171
0.0283103
0.0293649
0.0302771
0.0310416
0.0316521
0.0321016
0.0323839
0.0324941
0.03243
0.0321931
0.0317896
0.0312303
0.0305315
0.0297142
0.0288035
0.0278268
0.0268126
0.0257883
0.0247809
0.0238149
0.022913
0.0220919
0.0213661
0.0207421
0.0202287
0.0198238
0.0195401
0.0193706
0.0193559
0.0194772
0.0198656
0.0204046
0.0214385
0.0224157
0.297748
0.158167
0.092124
0.0575553
0.0380239
0.026326
0.0190288
0.0143777
0.0114216
0.00961618
0.00863295
0.00826338
0.00836729
0.00884673
0.00963141
0.0106718
0.0119312
0.0133776
0.0149741
0.016675
0.0184274
0.0201781
0.0218806
0.0234985
0.0249901
0.0263303
0.0275138
0.0285375
0.0293986
0.0300938
0.0306192
0.0309707
0.0311451
0.0311409
0.0309592
0.030605
0.0300877
0.0294216
0.0286258
0.0277237
0.0267426
0.0257112
0.024659
0.0236136
0.0226015
0.0216462
0.0207685
0.0199836
0.0193037
0.0187341
0.0182804
0.0179411
0.0177225
0.0176221
0.0176666
0.0178517
0.0182772
0.018871
0.0199088
0.0209685
0.297749
0.158249
0.0922574
0.0577065
0.0381675
0.0264411
0.0190949
0.0143728
0.0113237
0.00940545
0.0082937
0.00778611
0.00775019
0.00809576
0.0087588
0.00969317
0.0108635
0.0122383
0.0137823
0.0154515
0.0171933
0.0189514
0.020673
0.0223136
0.0238266
0.0251763
0.0263531
0.0273521
0.0281703
0.0288058
0.0292568
0.0295219
0.029601
0.0294961
0.0292117
0.0287565
0.0281432
0.0273892
0.0265164
0.0255507
0.0245208
0.0234565
0.0223874
0.0213413
0.0203432
0.0194155
0.0185766
0.01784
0.0172156
0.0167077
0.016319
0.0160485
0.0158976
0.0158672
0.0159725
0.0162219
0.0166866
0.0173354
0.0183806
0.0195204
0.297749
0.158328
0.0923862
0.0578524
0.0383074
0.0265575
0.0191704
0.0143886
0.0112597
0.00924193
0.00801281
0.00737331
0.00719579
0.00739575
0.00791488
0.00871158
0.00975379
0.0110129
0.0124569
0.0140459
0.01573
0.017453
0.0191581
0.0207941
0.0223109
0.0236613
0.0248297
0.0258073
0.0265898
0.0271754
0.0275638
0.0277562
0.0277554
0.0275666
0.027198
0.0266615
0.0259734
0.025154
0.0242279
0.0232226
0.0221681
0.0210947
0.0200319
0.0190062
0.0180416
0.0171581
0.0163719
0.0156948
0.015134
0.0146932
0.0143726
0.014172
0.0140886
0.014127
0.0142921
0.0146036
0.0151077
0.0158095
0.0168639
0.0180793
0.297749
0.158405
0.0925107
0.0579935
0.0384439
0.0266741
0.0192528
0.0144209
0.0112245
0.00912075
0.00778743
0.00702681
0.00671364
0.00676677
0.00713197
0.00777172
0.00865781
0.00976556
0.0110678
0.01253
0.0141077
0.0157477
0.0173928
0.0189879
0.020481
0.0218152
0.0229668
0.0239218
0.0246729
0.0252173
0.0255552
0.0256897
0.0256262
0.0253727
0.024941
0.0243462
0.0236076
0.0227484
0.0217951
0.0207768
0.0197241
0.018667
0.0176342
0.0166507
0.0157384
0.014915
0.0141943
0.0135858
0.0130947
0.0127241
0.0124723
0.01234
0.0123213
0.0124242
0.0126457
0.0130147
0.013556
0.0143065
0.0153702
0.0166543
0.297749
0.15848
0.0926319
0.0581303
0.0385768
0.0267901
0.0193399
0.0144662
0.0112132
0.0090363
0.00761259
0.00674418
0.00630646
0.00621963
0.00643159
0.00690751
0.00762241
0.00855543
0.00968441
0.0109811
0.012408
0.0139176
0.0154561
0.0169677
0.0184014
0.0196937
0.0208127
0.021738
0.0224577
0.0229668
0.0232651
0.0233564
0.0232481
0.0229508
0.022479
0.021851
0.0210885
0.0202171
0.0192648
0.0182616
0.0172379
0.0162229
0.0152437
0.0143233
0.0134808
0.0127317
0.0120868
0.0115539
0.0111361
0.0108361
0.0106509
0.0105823
0.010623
0.0107834
0.011055
0.0114742
0.0120483
0.0128406
0.0139117
0.0152552
0.297749
0.158554
0.0927501
0.0582634
0.0387065
0.0269049
0.0194302
0.0145216
0.0112212
0.00898288
0.00748216
0.00652021
0.00597191
0.00575734
0.00582488
0.0061408
0.00668198
0.00743042
0.00836821
0.00947308
0.0107148
0.0120537
0.0134416
0.0148262
0.01616
0.0173782
0.0184418
0.0193237
0.0200069
0.0204827
0.0207495
0.0208108
0.0206752
0.020355
0.0198671
0.0192318
0.0184731
0.0176179
0.0166953
0.0157353
0.0147673
0.0138192
0.0129155
0.0120768
0.0113194
0.0106558
0.0100943
0.00964074
0.00929698
0.00906493
0.0089416
0.00892967
0.00902146
0.00922975
0.00954258
0.010002
0.010602
0.0114269
0.0125016
0.0138928
0.297749
0.158627
0.0928661
0.0583932
0.0388331
0.0270182
0.0195224
0.0145843
0.0112446
0.00895508
0.00738968
0.00634817
0.00570426
0.00537705
0.00531424
0.00548186
0.00585726
0.00642388
0.00716671
0.00806825
0.00910491
0.0102449
0.0114478
0.0126672
0.0138616
0.0149709
0.0159517
0.0167711
0.0174071
0.0178471
0.0180867
0.0181287
0.0179813
0.017658
0.0171769
0.0165597
0.0158316
0.0150204
0.0141549
0.0132644
0.0123767
0.0115172
0.0107077
0.00996571
0.00930455
0.00873389
0.0082597
0.00788602
0.00761373
0.00744451
0.00737566
0.00741094
0.00754346
0.00778782
0.00813093
0.00861836
0.00923535
0.0100812
0.0111538
0.0125787
0.297749
0.1587
0.0929804
0.0585205
0.038957
0.0271299
0.0196156
0.0146525
0.01128
0.00894797
0.00732884
0.00622072
0.00549589
0.00507206
0.0048956
0.00493145
0.00515632
0.00555382
0.00611034
0.00681153
0.00763895
0.00856776
0.00956555
0.0105933
0.0116167
0.0125855
0.0134554
0.0141906
0.0147649
0.0151622
0.0153752
0.0154046
0.0152579
0.0149485
0.0144945
0.0139184
0.0132452
0.0125025
0.0117181
0.0109194
0.0101319
0.00937795
0.00867615
0.00804082
0.00748218
0.00700732
0.00662017
0.00632339
0.0061172
0.00600329
0.00597973
0.00605128
0.00621275
0.00648003
0.00684096
0.00734268
0.00796597
0.00881943
0.00988247
0.0113249
0.29775
0.158772
0.0930936
0.0586455
0.0390785
0.0272399
0.019709
0.0147245
0.0113244
0.00895729
0.00729382
0.00613061
0.00533845
0.00483353
0.0045607
0.00448339
0.00457706
0.00482455
0.00521248
0.00572808
0.00635634
0.00707778
0.00786692
0.00869236
0.00952681
0.0103328
0.011069
0.0116997
0.0121972
0.0125425
0.0127259
0.0127459
0.0126083
0.0123255
0.011915
0.0113981
0.0107993
0.0101443
0.00945913
0.00876839
0.00809446
0.00745634
0.00686912
0.00634398
0.00588839
0.0055072
0.00520276
0.00497667
0.00482895
0.00476134
0.00477298
0.00486948
0.00504787
0.00532479
0.00569063
0.00619238
0.00681036
0.00765699
0.00870159
0.0101437
0.29775
0.158846
0.0932061
0.058769
0.039198
0.0273484
0.0198024
0.014799
0.0113757
0.00897941
0.0072795
0.00607111
0.00522364
0.00465185
0.00429909
0.00412724
0.00411028
0.00422987
0.00447208
0.00482459
0.00527433
0.00580545
0.00639786
0.00702676
0.00767081
0.00830556
0.00889551
0.00940812
0.00981646
0.010101
0.0102502
0.0102608
0.0101368
0.00988861
0.00953201
0.00908664
0.00857465
0.00801932
0.00744358
0.00686877
0.00631363
0.00579357
0.00532035
0.00490228
0.00454455
0.00425024
0.00402063
0.00385669
0.00375841
0.0037277
0.00376476
0.00387576
0.00406013
0.00433465
0.00469336
0.0051816
0.00578273
0.00660795
0.0076245
0.00904723
0.297751
0.15892
0.0933186
0.0588915
0.0393159
0.0274555
0.0198954
0.0148753
0.011432
0.00901136
0.00728149
0.00603624
0.00514376
0.00451755
0.00409964
0.00385051
0.00374273
0.00375674
0.0038777
0.00409314
0.00439088
0.00475734
0.00517623
0.00562793
0.00609564
0.00656574
0.0070099
0.00740081
0.00771466
0.00793311
0.0080445
0.00804427
0.00793468
0.00772409
0.0074258
0.00705675
0.00663606
0.0061836
0.00571866
0.00525879
0.00481899
0.00441124
0.00404432
0.00372418
0.00345427
0.0032365
0.00307151
0.00295991
0.00290185
0.00289933
0.00295347
0.0030706
0.00325231
0.00351496
0.00385672
0.00432003
0.00489396
0.00568423
0.00666313
0.00804711
0.297752
0.158995
0.0934316
0.0590134
0.0394327
0.0275614
0.0199879
0.0149526
0.0114919
0.00905075
0.00729617
0.00602089
0.005092
0.00442192
0.00395159
0.00364034
0.00345958
0.00338863
0.0034118
0.0035162
0.00369001
0.00392101
0.00419549
0.00449768
0.00481403
0.00513845
0.0054496
0.00572615
0.00594871
0.00610164
0.00617436
0.00616204
0.00606564
0.00589141
0.00564993
0.00535495
0.00502202
0.00466719
0.00430583
0.00395169
0.00361624
0.00330842
0.00303462
0.00279899
0.00260384
0.00245035
0.00233888
0.00226989
0.00224371
0.0022623
0.00232739
0.0024451
0.0026187
0.0028635
0.00318177
0.00361203
0.00415077
0.00489482
0.00582739
0.00715461
0.297753
0.159072
0.0935457
0.0591354
0.0395489
0.0276664
0.0200799
0.0150305
0.0115544
0.00909571
0.00732057
0.00602078
0.0050625
0.00435728
0.00384517
0.00348462
0.00324614
0.00310818
0.00305438
0.00307146
0.00314773
0.00327186
0.00343195
0.003615
0.00380985
0.00401469
0.00421407
0.0043922
0.00453437
0.00462828
0.00466527
0.004641
0.00455564
0.00441364
0.00422295
0.00399409
0.00373898
0.0034699
0.00319846
0.00293494
0.00268782
0.00246358
0.00226679
0.00210041
0.00196605
0.00186451
0.00179608
0.00176114
0.00176015
0.00179489
0.00186736
0.00198311
0.00214651
0.00237133
0.00266332
0.00305645
0.00355527
0.00424516
0.00512455
0.00638125
0.297754
0.159151
0.0936613
0.0592579
0.0396648
0.0277709
0.0201715
0.0151088
0.0116187
0.00914481
0.00735237
0.00603244
0.0050504
0.00431709
0.00377188
0.00337253
0.00308892
0.0028989
0.00278562
0.00273558
0.0027372
0.0027798
0.00285282
0.00294532
0.00304802
0.00316091
0.00327298
0.00337296
0.00345023
0.00349576
0.003503
0.00346848
0.00339207
0.00327678
0.00312832
0.00295429
0.00276336
0.00256447
0.00236602
0.00217543
0.00199879
0.0018408
0.00170478
0.0015929
0.0015064
0.00144593
0.00141175
0.00140421
0.00142377
0.00147189
0.00155056
0.0016645
0.00181859
0.00202472
0.00229132
0.00264732
0.00310513
0.00373691
0.00455887
0.00573348
0.297756
0.159232
0.093779
0.0593815
0.0397811
0.0278753
0.020263
0.0151875
0.0116844
0.00919697
0.00738975
0.00605308
0.00505174
0.00429595
0.00372456
0.00329485
0.00297622
0.00274615
0.00258752
0.00248672
0.00243237
0.00241434
0.0024231
0.00244932
0.00248522
0.0025311
0.00257906
0.00262117
0.00264997
0.0026591
0.0026439
0.00260184
0.00253269
0.00243845
0.00232303
0.00219171
0.00205055
0.00190577
0.00176333
0.00162847
0.00150558
0.0013981
0.00130855
0.00123866
0.00118946
0.00116153
0.00115514
0.00117052
0.00120803
0.00126874
0.00135437
0.00146868
0.00161659
0.00180791
0.0020529
0.00237526
0.00279437
0.00336816
0.00413141
0.00521546
0.297758
0.159317
0.0938994
0.0595068
0.0398981
0.0279799
0.0203545
0.0152664
0.0117511
0.00925143
0.00743132
0.00608056
0.00506337
0.0042895
0.00369737
0.0032439
0.0028982
0.00263751
0.00244459
0.00230583
0.00221009
0.00214775
0.00211014
0.00208915
0.00207822
0.00207725
0.00208041
0.00208204
0.00207691
0.00206064
0.00202999
0.00198318
0.00192001
0.00184177
0.00175106
0.00165145
0.00154706
0.0014422
0.00134103
0.00124733
0.00116435
0.00109473
0.00104051
0.00100315
0.000983604
0.000982393
0.000999727
0.00103569
0.00109043
0.00116452
0.00125927
0.00137744
0.00152361
0.00170557
0.00193457
0.00222921
0.00261458
0.00313408
0.00384031
0.00482884
0.297761
0.159404
0.094023
0.0596344
0.0400165
0.0280851
0.0204464
0.0153457
0.0118187
0.00930767
0.00747608
0.00611322
0.00508284
0.00429428
0.00368562
0.00321352
0.00284688
0.00256282
0.00234404
0.00217706
0.00205097
0.0019566
0.00188597
0.00183193
0.00178889
0.00175611
0.00172906
0.00170357
0.00167589
0.00164294
0.00160246
0.00155322
0.00149501
0.00142866
0.0013559
0.00127912
0.00120115
0.00112501
0.00105374
0.000990163
0.000936845
0.000895977
0.000869334
0.00085825
0.000863604
0.00088586
0.000925114
0.000981223
0.00105401
0.0011435
0.00125048
0.00137667
0.00152615
0.00170472
0.00192414
0.00219814
0.00255634
0.00302778
0.00368119
0.00457269
0.297764
0.159496
0.0941504
0.0597647
0.0401366
0.0281914
0.020539
0.0154257
0.0118871
0.00936535
0.00752331
0.00614983
0.00510826
0.00430759
0.00368562
0.0031988
0.00281589
0.00251394
0.00227567
0.00208771
0.0019394
0.00182196
0.00172798
0.001651
0.00158618
0.00153213
0.00148517
0.00144203
0.00139989
0.0013565
0.00131021
0.00126011
0.00120602
0.00114847
0.00108862
0.00102814
0.00096908
0.0009137
0.000864355
0.000823376
0.000792961
0.000775086
0.00077141
0.000783207
0.000811306
0.000856062
0.000917388
0.000994818
0.00108774
0.00119556
0.00131841
0.001457
0.00161477
0.00179572
0.00201179
0.00227227
0.00261032
0.0030413
0.0036478
0.00444375
0.297767
0.159592
0.0942822
0.0598984
0.0402591
0.0282993
0.0206326
0.0155064
0.0119565
0.00942428
0.0075725
0.00618948
0.00513821
0.00432737
0.00369452
0.00319593
0.00280025
0.00248451
0.00223146
0.00202785
0.00186323
0.00172914
0.00161859
0.0015257
0.0014461
0.00137789
0.0013179
0.00126343
0.00121222
0.0011625
0.001113
0.00106301
0.00101235
0.0009614
0.000911003
0.000862441
0.000817339
0.000777579
0.000745206
0.000722336
0.000711044
0.00071325
0.0007306
0.000764343
0.00081524
0.000883482
0.000968697
0.00106997
0.00118612
0.0013158
0.00145838
0.00161356
0.00178409
0.00197241
0.00219045
0.00244366
0.00276805
0.00316639
0.0037326
0.00443664
0.297771
0.159693
0.0944189
0.060036
0.0403844
0.0284092
0.0207277
0.0155883
0.0120268
0.00948441
0.00762333
0.00623154
0.00517164
0.00435206
0.00371013
0.00320197
0.00279614
0.00246964
0.00220526
0.00198985
0.00181314
0.00166693
0.00154454
0.00144048
0.00135074
0.00127302
0.00120447
0.00114272
0.00108584
0.00103237
0.00098126
0.000931921
0.000884218
0.000838458
0.000795373
0.000756091
0.000722088
0.000695134
0.000677215
0.000670443
0.000676934
0.000698665
0.000737327
0.000794156
0.000869797
0.000964179
0.0010765
0.00120522
0.0013484
0.00150379
0.00166986
0.00184529
0.00203217
0.00223158
0.00245552
0.00270622
0.00302218
0.00339498
0.00392732
0.0045443
0.297776
0.159799
0.0945614
0.0601782
0.0405132
0.0285216
0.0208246
0.0156715
0.0120983
0.00954573
0.00767562
0.00627553
0.00520778
0.00438048
0.00373079
0.00321468
0.00280062
0.00246558
0.00219237
0.00196794
0.00178214
0.00162696
0.00149597
0.00138394
0.0012871
0.00120285
0.00112855
0.00106205
0.00100162
0.000945975
0.000894231
0.000845907
0.000800936
0.000759662
0.00072284
0.000691622
0.000667536
0.000652431
0.000648416
0.000657747
0.000682697
0.000725379
0.000787551
0.000870405
0.000974381
0.00109899
0.00124278
0.00140335
0.00157776
0.00176265
0.0019555
0.00215396
0.00235949
0.00257217
0.00280422
0.0030553
0.00336635
0.00371954
0.00422339
0.00475843
0.297782
0.159912
0.09471
0.0603256
0.0406459
0.0286369
0.0209236
0.0157564
0.0121711
0.00960829
0.00772923
0.00632116
0.00524604
0.00441176
0.00375525
0.00323235
0.00281144
0.00246947
0.00218925
0.00195777
0.00176499
0.00160304
0.00146565
0.00134778
0.0012458
0.00115694
0.00107869
0.00100901
0.000946356
0.000889563
0.000837879
0.00079095
0.000748829
0.000711986
0.000681317
0.00065814
0.000644178
0.000641512
0.000652502
0.000679666
0.000725513
0.000792329
0.000881927
0.000995369
0.00113272
0.00129282
0.00147329
0.00167054
0.00188035
0.00209805
0.00232003
0.00254297
0.0027679
0.00299421
0.00323468
0.00348707
0.00379489
0.00413114
0.00461211
0.0050699
0.297788
0.16003
0.0948656
0.0604788
0.040783
0.0287555
0.0210251
0.0158432
0.0122454
0.00967211
0.00778406
0.00636814
0.00528598
0.00444519
0.00378252
0.00325366
0.00282691
0.00247914
0.00219319
0.00195607
0.00175779
0.00159059
0.0014483
0.00132604
0.00122022
0.001128
0.00104695
0.00097517
0.00091121
0.000854052
0.000803089
0.000758128
0.000719404
0.0006876
0.000663856
0.000649773
0.000647392
0.000659143
0.000687746
0.000736066
0.000806898
0.000902697
0.00102525
0.0011753
0.00135229
0.00155403
0.0017768
0.00201547
0.00226424
0.002517
0.00276901
0.00301619
0.00325939
0.00349773
0.00374503
0.00399779
0.00430232
0.00462215
0.00508445
0.00546914
0.297795
0.160156
0.0950287
0.0606382
0.040925
0.0288778
0.0211293
0.015932
0.0123213
0.00973715
0.00783999
0.00641623
0.00532718
0.00448019
0.00381181
0.00327757
0.00284567
0.00249294
0.00220217
0.00196039
0.00175767
0.00158627
0.00144013
0.00131445
0.00120572
0.00111102
0.00102803
0.000954958
0.000890497
0.000833776
0.00078437
0.000742301
0.00070806
0.000682625
0.000667482
0.000664619
0.000676507
0.000706027
0.000756347
0.000830737
0.000932286
0.00106354
0.00122607
0.00142003
0.00164378
0.00189367
0.00216418
0.00244825
0.00273825
0.0030266
0.00330761
0.00357671
0.00383501
0.00408184
0.00433263
0.00458324
0.00488294
0.00518505
0.00563029
0.00594661
0.297803
0.16029
0.0951999
0.0608043
0.0410721
0.0290039
0.0212363
0.0160227
0.0123986
0.00980326
0.00789677
0.0064651
0.00536922
0.00451621
0.00384241
0.00330319
0.00286665
0.00250954
0.00221462
0.00196891
0.00176249
0.00158767
0.00143845
0.00131011
0.00119915
0.0011027
0.00101854
0.000945008
0.000880948
0.000825689
0.000779038
0.0007413
0.000713298
0.0006964
0.000692533
0.00070418
0.000734341
0.000786442
0.000864169
0.000971207
0.00111087
0.0012856
0.00149643
0.00174245
0.00202042
0.00232464
0.0026473
0.00297911
0.00331056
0.00363273
0.00393932
0.00422574
0.00449391
0.00474393
0.00499344
0.00523829
0.00553059
0.00581211
0.00624133
0.00649324
0.297813
0.160432
0.0953795
0.0609774
0.0412244
0.0291336
0.0213458
0.0161152
0.012477
0.00987006
0.00795398
0.00651429
0.00541159
0.00455268
0.00387367
0.00332977
0.00288897
0.00252793
0.00222937
0.00198029
0.00177077
0.00159315
0.00144147
0.00131114
0.00119864
0.00110121
0.00101676
0.000943778
0.000881324
0.000828968
0.000786821
0.000755544
0.000736382
0.000731188
0.000742434
0.000773203
0.000827124
0.000908241
0.00102078
0.00116877
0.00135554
0.00158309
0.00185141
0.00215787
0.00249695
0.00286033
0.00323753
0.00361691
0.00398723
0.00433864
0.00466478
0.00496166
0.00523266
0.00547918
0.00572173
0.00595677
0.00623753
0.00649535
0.00690966
0.00710079
0.297823
0.160583
0.0955679
0.0611573
0.0413816
0.0292666
0.0214573
0.0162087
0.0125557
0.00993687
0.00801097
0.00656317
0.00545367
0.00458896
0.00390494
0.00335664
0.00291192
0.00254736
0.00224562
0.00199368
0.00178162
0.0016018
0.00144831
0.0013167
0.0012035
0.00110607
0.0010225
0.00095149
0.000892346
0.000844959
0.000809817
0.000788028
0.000781356
0.000792244
0.00082382
0.000879868
0.000964726
0.00108308
0.00123963
0.00143854
0.00168278
0.00197331
0.00230835
0.0026828
0.00308818
0.00351304
0.00394408
0.00436748
0.00477077
0.00514381
0.00548094
0.00577945
0.0060449
0.00628043
0.00651007
0.00672825
0.00699339
0.00722659
0.00762793
0.00776204
0.297834
0.160742
0.0957649
0.0613436
0.0415427
0.0294016
0.0215695
0.016302
0.0126338
0.0100026
0.00806681
0.0066109
0.00549472
0.00462443
0.00393568
0.00338332
0.00293509
0.00256746
0.00226307
0.00200885
0.00179489
0.00161359
0.0014591
0.00132717
0.00121442
0.00111839
0.00103737
0.000970332
0.000916916
0.000877405
0.000852752
0.000844613
0.000855378
0.000888192
0.000946948
0.00103621
0.00116107
0.00132676
0.00153822
0.00179935
0.00211212
0.00247565
0.0028855
0.0033333
0.00380702
0.00429192
0.00477206
0.00523202
0.00565887
0.00604309
0.00638055
0.00667048
0.0069213
0.00713829
0.00734957
0.00754338
0.00779004
0.0079982
0.00838966
0.00847109
0.297847
0.16091
0.0959698
0.0615349
0.0417061
0.0295369
0.0216805
0.0163934
0.0127095
0.010066
0.00812034
0.00665659
0.00553408
0.00465863
0.00396563
0.00340976
0.00295859
0.00258856
0.00228221
0.0020265
0.00181151
0.00162969
0.00147536
0.0013445
0.00123387
0.00114123
0.00106514
0.00100491
0.000960595
0.000932956
0.000923518
0.000934593
0.000969315
0.00103164
0.00112631
0.0012587
0.00143452
0.00165936
0.00193792
0.00227311
0.00266502
0.00310996
0.00359991
0.00412259
0.00466219
0.0052009
0.00572081
0.00620584
0.00664367
0.00702633
0.00735208
0.00762266
0.00784996
0.00804166
0.00822824
0.00839261
0.00861942
0.00880332
0.00918957
0.00922372
0.297859
0.161087
0.0961808
0.0617289
0.041869
0.0296693
0.0217876
0.0164803
0.0127809
0.0101253
0.00817046
0.00669957
0.00557151
0.00469172
0.00399531
0.00343678
0.00298361
0.00261212
0.00230487
0.00204879
0.00183403
0.00165311
0.00150067
0.0013729
0.00126677
0.00118033
0.00111249
0.00106298
0.00103234
0.00102193
0.00103395
0.0010715
0.00113855
0.00123995
0.00138129
0.00156864
0.00180808
0.00210498
0.00246307
0.0028833
0.00336279
0.00389404
0.00446475
0.00505845
0.00565585
0.00623683
0.00678263
0.00727772
0.00771154
0.00807858
0.00838022
0.00862109
0.00881706
0.00897844
0.00913292
0.00926623
0.00947403
0.00963625
0.010024
0.0100178
0.297872
0.161269
0.0963953
0.0619217
0.042027
0.0297949
0.021887
0.0165599
0.0128457
0.0101794
0.00821673
0.00674013
0.00560794
0.00472519
0.00402675
0.00346695
0.00301315
0.00264167
0.00233504
0.00208025
0.00186753
0.00168955
0.00154148
0.00141966
0.00132139
0.00124505
0.00118997
0.00115641
0.0011455
0.00115931
0.00120084
0.00127405
0.00138383
0.0015359
0.00173655
0.00199221
0.00230873
0.00269046
0.00313907
0.0036524
0.00422354
0.00484041
0.00548619
0.00614056
0.00678163
0.00738825
0.00794223
0.0084299
0.00884353
0.0091808
0.0094467
0.00964893
0.00980776
0.00993175
0.0100526
0.0101554
0.0103476
0.010493
0.0108916
0.0108538
0.297882
0.161457
0.096609
0.0621079
0.0421744
0.0299084
0.0219748
0.0166295
0.012903
0.0102285
0.00826053
0.0067807
0.00564669
0.00476318
0.0040648
0.00350576
0.00305337
0.00268396
0.00238013
0.00212895
0.00192081
0.00174863
0.00160839
0.00149649
0.00141061
0.00134956
0.0013132
0.00130239
0.001319
0.0013659
0.00144695
0.00156705
0.00173192
0.00194795
0.00222175
0.00255944
0.00296573
0.00344281
0.00398908
0.00459817
0.00525836
0.0059528
0.00666055
0.00735846
0.00802352
0.00863511
0.00917712
0.00963892
0.0100165
0.010311
0.0105314
0.0106885
0.0108073
0.010889
0.0109774
0.0110529
0.0112357
0.0113717
0.0117935
0.0117357
0.29789
0.161644
0.0968162
0.0622804
0.0423046
0.0300048
0.0220482
0.0166887
0.0129543
0.0102761
0.00830704
0.00682778
0.00569542
0.0048143
0.00411892
0.00356343
0.00311522
0.00275068
0.00245256
0.00220812
0.00200797
0.00184551
0.00171773
0.00162098
0.00155339
0.00151432
0.00150425
0.00152478
0.00157856
0.00166933
0.00180185
0.00198178
0.00221545
0.00250943
0.00286988
0.00330165
0.00380713
0.00438508
0.00502954
0.00572921
0.00646742
0.00722306
0.00797226
0.00869067
0.00935587
0.00994949
0.0104588
0.010877
0.0112044
0.0114457
0.0116137
0.0117223
0.0117976
0.0118387
0.0118993
0.0119536
0.0121364
0.0122737
0.012735
0.0126715
0.297893
0.16183
0.0970105
0.0624321
0.0424118
0.0300812
0.0221078
0.0167418
0.0130071
0.0103321
0.0083681
0.00689475
0.00576868
0.00489409
0.00420547
0.00365711
0.00321655
0.00286042
0.00257173
0.00233802
0.00215024
0.00200276
0.00189331
0.00181826
0.00177633
0.00176752
0.00179301
0.00185519
0.00195754
0.00210459
0.00230178
0.00255523
0.00287127
0.00325584
0.00371362
0.00424693
0.00485463
0.00553101
0.00626511
0.00704067
0.00783675
0.00862931
0.00939331
0.0101051
0.0107447
0.0112973
0.0117545
0.0121141
0.0123802
0.0125613
0.0126739
0.0127348
0.012766
0.012772
0.0128126
0.0128552
0.0130512
0.0132041
0.0137256
0.0136753
0.297891
0.162012
0.0971876
0.0625583
0.0424945
0.0301414
0.022163
0.0168026
0.0130788
0.0104168
0.00846594
0.00700521
0.00589107
0.00502788
0.0043504
0.00381328
0.00338444
0.0030409
0.00276606
0.00254791
0.00237792
0.0022523
0.00216798
0.00212246
0.00211497
0.00214614
0.0022179
0.00233335
0.00249666
0.0027129
0.00298775
0.00332709
0.00373637
0.00421982
0.0047794
0.00541378
0.0061173
0.00687933
0.00768406
0.00851109
0.00933672
0.0101359
0.0108843
0.011561
0.0121499
0.0126407
0.0130299
0.0133194
0.0135176
0.0136358
0.0136943
0.0137087
0.0137029
0.0136829
0.0137153
0.0137594
0.0139859
0.0141728
0.0147815
0.0147684
0.297893
0.162197
0.0973511
0.0626634
0.0425628
0.030203
0.0222381
0.0169008
0.0132029
0.0105657
0.00863736
0.00719661
0.00610035
0.00525357
0.00459171
0.0040701
0.00365727
0.00333085
0.00307481
0.00287775
0.00273182
0.00263531
0.00258443
0.00257741
0.00261409
0.00269578
0.002825
0.00300538
0.0032414
0.00353811
0.00390069
0.00433383
0.00484103
0.00542363
0.00607986
0.00680394
0.00758546
0.0084092
0.00925553
0.0101016
0.0109227
0.0116951
0.0123972
0.0130119
0.0135282
0.0139407
0.0142507
0.0144641
0.0145926
0.0146502
0.0146608
0.0146341
0.0146026
0.0145696
0.0146096
0.0146724
0.0149517
0.0151966
0.0159269
0.0159829
0.297921
0.162416
0.0975248
0.0627726
0.0426494
0.0303075
0.0223816
0.0170893
0.013434
0.0108341
0.00893724
0.00752307
0.00644975
0.00562355
0.00498109
0.00447871
0.00408586
0.00378097
0.00354877
0.00337861
0.00326356
0.00320388
0.00319486
0.00323531
0.00332566
0.00346766
0.00366415
0.00391881
0.0042358
0.00461934
0.00507316
0.00559977
0.00619963
0.00687038
0.00760598
0.00839621
0.00922648
0.0100782
0.0109296
0.0117573
0.0125382
0.013251
0.0138786
0.0144091
0.0148363
0.01516
0.0153856
0.0155225
0.0155852
0.0155895
0.0155606
0.0155055
0.0154639
0.0154352
0.0155032
0.0156067
0.0159672
0.0163007
0.0171977
0.0173654
0.298037
0.162738
0.0977747
0.0629513
0.0428263
0.0305334
0.0226756
0.0174501
0.0138525
0.0112994
0.00943991
0.00805599
0.00700806
0.00620438
0.00558326
0.00510237
0.00473232
0.00445249
0.00424851
0.00411053
0.00403289
0.00401677
0.00405658
0.00415165
0.00430266
0.00451143
0.00478057
0.00511311
0.00551211
0.00598007
0.00651835
0.0071264
0.00780114
0.0085362
0.00932156
0.0101433
0.0109841
0.0118237
0.0126403
0.013412
0.0141188
0.0147438
0.0152748
0.0157052
0.016034
0.0162652
0.016408
0.0164741
0.0164804
0.0164443
0.0163887
0.0163232
0.0162915
0.0162889
0.0164103
0.0165825
0.0170603
0.0175229
0.0186453
0.0189836
0.298383
0.163322
0.0982389
0.0633321
0.0432235
0.0310085
0.0232416
0.0180971
0.0145636
0.0120591
0.0102361
0.0088804
0.00785559
0.00707251
0.00647143
0.00601159
0.00566481
0.00541149
0.0052381
0.00513553
0.00510005
0.00513059
0.00522229
0.00537444
0.00558749
0.0058627
0.00620178
0.00660637
0.00707763
0.00761564
0.00821879
0.00888323
0.0096023
0.0103662
0.0111619
0.0119733
0.012782
0.013568
0.0143114
0.0149935
0.0155986
0.0161147
0.016535
0.0168578
0.0170867
0.0172293
0.0172974
0.0173046
0.0172696
0.0172098
0.0171473
0.0170939
0.0170971
0.0171477
0.0173546
0.0176311
0.0182725
0.0189176
0.0203437
0.0209369
0.299253
0.16448
0.0991789
0.0641467
0.0440484
0.0319161
0.0242404
0.01917
0.0156899
0.0132217
0.0114233
0.010085
0.00907403
0.00830382
0.00771661
0.00727306
0.00694604
0.00671678
0.00657235
0.00650413
0.00651001
0.00658446
0.00672433
0.00692822
0.00719577
0.00752706
0.00792225
0.00838103
0.00890217
0.00948303
0.010119
0.0108033
0.0115264
0.0122761
0.013038
0.0137953
0.0145304
0.0152254
0.0158636
0.0164304
0.0169151
0.0173107
0.0176155
0.0178322
0.0179679
0.0180331
0.0180416
0.0180077
0.017952
0.0178897
0.0178463
0.0178326
0.0179015
0.0180393
0.0183718
0.0187987
0.0196643
0.0205654
0.0224005
0.0233725
0.301233
0.166781
0.101043
0.0657503
0.0455953
0.0334893
0.0258574
0.020818
0.0173532
0.0148889
0.0130879
0.0117445
0.0107287
0.00995594
0.00936971
0.00893154
0.00861484
0.00840116
0.00827772
0.00823587
0.00827304
0.00838086
0.00855598
0.00879615
0.00909972
0.0094652
0.00989083
0.0103741
0.0109114
0.0114975
0.0121256
0.0127864
0.013469
0.0141602
0.0148455
0.0155093
0.016136
0.0167112
0.0172219
0.0176586
0.0180149
0.0182891
0.0184834
0.0186042
0.0186615
0.0186675
0.0186374
0.0185862
0.0185358
0.0184988
0.0185056
0.0185655
0.018738
0.0190059
0.0195155
0.0201547
0.0213246
0.0225862
0.0249745
0.026515
0.30545
0.171227
0.104549
0.0686535
0.0482296
0.0359872
0.0282754
0.0231712
0.0196475
0.0171293
0.0152803
0.0138955
0.0128453
0.0120453
0.011439
0.0109876
0.0106642
0.0104499
0.0103314
0.0102992
0.0103486
0.0104691
0.0106566
0.0109074
0.0112183
0.0115863
0.0120074
0.0124773
0.0129903
0.0135394
0.0141161
0.0147102
0.0153103
0.0159037
0.0164772
0.0170175
0.0175121
0.0179503
0.0183237
0.0186271
0.0188587
0.0190208
0.0191191
0.0191626
0.0191636
0.0191352
0.0190937
0.0190547
0.0190403
0.0190637
0.0191588
0.0193343
0.0196583
0.0201125
0.0208671
0.0218045
0.023388
0.0251649
0.0283074
0.0307171
0.314017
0.179511
0.110784
0.0735287
0.0523513
0.0396562
0.0316383
0.0263095
0.0226119
0.0199547
0.0179927
0.0165155
0.0153897
0.0145282
0.0138721
0.0133808
0.0130258
0.0127868
0.0126488
0.0126012
0.0126356
0.0127402
0.0129094
0.0131382
0.0134219
0.0137554
0.0141336
0.0145503
0.0149986
0.0154704
0.0159567
0.0164475
0.016932
0.0173989
0.0178374
0.018237
0.018589
0.0188865
0.0191253
0.0193043
0.0194257
0.0194947
0.01952
0.0195126
0.0194859
0.0194543
0.0194346
0.0194436
0.0195036
0.01963
0.0198604
0.0202053
0.0207435
0.0214608
0.0225534
0.0239142
0.0260651
0.0285984
0.0327822
0.036559
0.330848
0.194438
0.121324
0.0812065
0.0583815
0.0447028
0.0360299
0.03025
0.0262229
0.0233148
0.0211563
0.0195219
0.0182685
0.017302
0.0165586
0.0159936
0.0155755
0.0152812
0.0150936
0.0149996
0.0149872
0.0150434
0.0151611
0.0153338
0.0155551
0.0158187
0.0161182
0.0164466
0.0167963
0.017159
0.0175262
0.0178886
0.018237
0.0185625
0.0188567
0.0191127
0.0193252
0.0194913
0.0196103
0.0196848
0.0197199
0.0197236
0.0197064
0.019681
0.0196619
0.0196643
0.0197066
0.0198068
0.0199893
0.0202726
0.0206995
0.0212869
0.0221255
0.023217
0.0247813
0.0267591
0.0297029
0.0333893
0.0390402
0.0450479
0.363188
0.220635
0.138416
0.0926888
0.0667549
0.0512969
0.0415112
0.0349923
0.0304421
0.0271453
0.0246876
0.0228168
0.0213726
0.0202487
0.0193729
0.0186943
0.0181762
0.0177917
0.0175205
0.0173467
0.0172547
0.0172307
0.0172655
0.017351
0.0174796
0.017644
0.017837
0.0180511
0.0182788
0.0185125
0.0187443
0.0189668
0.0191726
0.0193554
0.01951
0.0196324
0.019721
0.0197761
0.0198003
0.0197991
0.01978
0.0197532
0.0197309
0.0197269
0.0197574
0.0198391
0.0199929
0.0202393
0.0206066
0.0211194
0.0218279
0.0227637
0.0240299
0.0256684
0.0279089
0.0308225
0.0349097
0.0404419
0.048225
0.0580481
0.42471
0.26587
0.165307
0.10927
0.0780645
0.0597677
0.0482946
0.0406795
0.0353631
0.0315022
0.0286138
0.0264047
0.0246879
0.0233394
0.0222741
0.021432
0.0207693
0.0202536
0.0198605
0.0195707
0.0193659
0.0192308
0.019154
0.0191256
0.0191368
0.0191796
0.0192462
0.0193294
0.0194221
0.0195175
0.0196094
0.0196919
0.0197603
0.0198107
0.0198407
0.0198498
0.0198391
0.0198119
0.0197738
0.0197325
0.0196978
0.0196817
0.0196981
0.0197629
0.0198944
0.0201126
0.0204431
0.0209107
0.0215508
0.0224003
0.0235196
0.0249717
0.0268687
0.0293437
0.0325968
0.0370099
0.0428237
0.0514933
0.0625109
0.0792493
0.542236
0.343773
0.206976
0.132995
0.0935475
0.0710578
0.057143
0.0479427
0.0415134
0.0368314
0.0333157
0.0306136
0.0284997
0.0268237
0.0254822
0.0244018
0.0235291
0.0228244
0.0222573
0.0218043
0.0214455
0.0211625
0.0209413
0.02077
0.0206386
0.0205383
0.0204611
0.0204001
0.0203489
0.020302
0.0202544
0.0202027
0.0201441
0.0200776
0.0200035
0.0199239
0.0198431
0.0197668
0.0197031
0.0196621
0.0196559
0.0196988
0.0198074
0.0200006
0.0203012
0.0207363
0.0213374
0.0221404
0.0231916
0.0245537
0.0263003
0.0285603
0.0314419
0.0352797
0.0401451
0.0471299
0.0557162
0.0700987
0.0862779
0.116443
0.771782
0.479843
0.271827
0.167964
0.116288
0.0876935
0.0701591
0.0585566
0.0504143
0.0444576
0.0399627
0.0364878
0.033749
0.0315567
0.0297796
0.0283245
0.0271237
0.0261264
0.0252942
0.0245971
0.0240133
0.0235199
0.0230989
0.0227361
0.0224197
0.0221401
0.021889
0.0216596
0.021446
0.021244
0.0210503
0.0208633
0.0206827
0.0205097
0.0203475
0.020201
0.0200769
0.0199839
0.0199328
0.0199366
0.0200105
0.0201727
0.0204442
0.0208507
0.0214233
0.0222026
0.0232293
0.0245637
0.0262711
0.0284659
0.0312395
0.0348606
0.0393992
0.0456367
0.0532733
0.0650267
0.0783898
0.103987
0.128787
0.187041
1.24039
0.725377
0.375813
0.223728
0.153931
0.115819
0.0923896
0.0767607
0.0657028
0.0575592
0.0513742
0.0465585
0.0427313
0.0396371
0.0370987
0.0349901
0.0332194
0.0317182
0.0304345
0.0293282
0.0283727
0.0275372
0.0267983
0.0261382
0.0255424
0.0249995
0.0245002
0.0240372
0.0236054
0.0232011
0.0228228
0.0224705
0.0221464
0.0218543
0.0216001
0.0213918
0.0212394
0.0211551
0.0211538
0.0212531
0.0214739
0.0218416
0.0223866
0.0231474
0.0241728
0.0255252
0.027269
0.0295125
0.0323567
0.0360258
0.0406356
0.0467626
0.0543479
0.0651983
0.0780157
0.0993773
0.121547
0.170892
0.210422
0.331859
2.26475
1.19187
0.553257
0.323956
0.225012
0.169881
0.13556
0.112356
0.0957691
0.0834639
0.0740516
0.0666665
0.0607475
0.0559161
0.0519096
0.048541
0.0456737
0.0432063
0.0410618
0.0391808
0.0375244
0.0360483
0.0347205
0.033516
0.0324154
0.0314032
0.0304679
0.0296006
0.0287959
0.0280507
0.0273648
0.0267402
0.0261818
0.0256968
0.0252948
0.0249882
0.0247922
0.024725
0.0248088
0.0250702
0.0255418
0.0262639
0.0272862
0.0286747
0.0305143
0.0329082
0.0359791
0.0399376
0.0449572
0.0515092
0.0597416
0.07095
0.0846852
0.105237
0.128552
0.170891
0.210203
0.313533
0.377933
0.651129
4.71939
2.14489
0.887547
0.529631
0.375467
0.285035
0.228095
0.189061
0.160913
0.139907
0.123739
0.110966
0.100653
0.0921647
0.0850622
0.0790318
0.0738453
0.069333
0.0653663
0.0618458
0.0587023
0.0558674
0.0532913
0.0509349
0.0487676
0.0467658
0.0449121
0.0431942
0.0416049
0.0401414
0.038805
0.0376009
0.0365382
0.0356296
0.0348916
0.034345
0.0340147
0.0339315
0.0341328
0.0346648
0.0355851
0.0369677
0.038905
0.0415256
0.0449838
0.0494965
0.0553085
0.0628724
0.0725197
0.0853183
0.101436
0.12396
0.151227
0.193948
0.240082
0.331755
0.405951
0.640808
0.74483
1.40638
11.3212
4.29553
1.6049
1.00696
0.727135
0.553911
0.444909
0.369445
0.314768
0.27385
0.242226
0.217118
0.196727
0.179833
0.165592
0.153403
0.142828
0.133545
0.125308
0.117927
0.111261
0.105193
0.0996325
0.0945095
0.0897683
0.0853674
0.081277
0.0774774
0.0739581
0.0707168
0.0677588
0.0650961
0.0627476
0.0607382
0.0590999
0.0578714
0.0571007
0.0568461
0.0571804
0.0581955
0.0600079
0.0627714
0.0666814
0.0720156
0.07909
0.0884206
0.100537
0.116503
0.137009
0.164667
0.199524
0.249465
0.308943
0.406466
0.505817
0.722767
0.871679
1.45231
1.60788
3.33686
31.8345
9.83532
3.38501
2.24815
1.63589
1.24622
1.0043
0.836143
0.714334
0.623237
0.552721
0.496576
0.45079
0.412653
0.380293
0.352386
0.327974
0.306349
0.286981
0.269458
0.253455
0.238752
0.225158
0.212526
0.200747
0.189739
0.179447
0.169839
0.160903
0.152643
0.145078
0.138243
0.132183
0.126955
0.122631
0.119295
0.117049
0.116022
0.116371
0.118303
0.122082
0.128065
0.136711
0.148668
0.164718
0.186138
0.214202
0.251634
0.300004
0.366245
0.449648
0.571997
0.715002
0.960363
1.19491
1.75968
2.07991
3.65482
3.82508
8.74576
108.312
26.6338
8.49954
5.87499
4.26445
3.23949
2.61677
2.18482
1.87336
1.64135
1.46193
1.31895
1.20202
1.10417
1.02059
0.947938
0.883788
0.826375
0.774385
0.726798
0.682841
0.642005
0.603835
0.568008
0.534286
0.50251
0.472587
0.444479
0.418196
0.393788
0.371338
0.350955
0.332774
0.316949
0.30366
0.293113
0.285555
0.281288
0.280698
0.28429
0.292724
0.306919
0.328056
0.357858
0.398423
0.453245
0.525729
0.623575
0.75076
0.927557
1.14997
1.48397
1.86727
2.55541
3.17193
4.81121
5.55764
10.3172
10.1657
25.6736
)
;

boundaryField
{
    inlet
    {
        type            fixedValue;
        value           uniform 0.63;
    }
    outlet
    {
        type            zeroGradient;
    }
    fixedWalls
    {
        Cmu             0.09;
        kappa           0.41;
        E               9.8;
        type            epsilonWallFunction;
        value           nonuniform List<scalar> 
120
(
108.312
26.6338
8.49954
5.87499
4.26445
3.23949
2.61677
2.18482
1.87336
1.64135
1.46193
1.31895
1.20202
1.10417
1.02059
0.947938
0.883788
0.826375
0.774385
0.726798
0.682841
0.642005
0.603835
0.568008
0.534286
0.50251
0.472587
0.444479
0.418196
0.393788
0.371338
0.350955
0.332774
0.316949
0.30366
0.293113
0.285555
0.281288
0.280698
0.28429
0.292724
0.306919
0.328056
0.357858
0.398423
0.453245
0.525729
0.623575
0.75076
0.927557
1.14997
1.48397
1.86727
2.55541
3.17193
4.81121
5.55764
10.3172
10.1657
25.6736
54.1729
1.0976
0.0202862
0.134489
0.0725455
0.0863231
0.0615961
0.0575433
0.0460738
0.0418678
0.0363807
0.0340191
0.0318659
0.0313566
0.0314112
0.0325302
0.0343163
0.0369819
0.0404069
0.0447133
0.0498926
0.056022
0.0631129
0.0711868
0.080209
0.0901194
0.100805
0.112101
0.123762
0.135463
0.146791
0.157246
0.166254
0.17318
0.177342
0.178109
0.174946
0.167447
0.155539
0.139442
0.120088
0.0987778
0.0777728
0.0589606
0.0934242
0.145676
0.21947
0.328633
0.471789
0.68551
0.937914
1.35042
1.75759
2.60355
3.17264
5.15926
5.62345
11.2592
10.2478
28.7901
)
;
    }
    frontAndBack
    {
        type            empty;
    }
}


// ************************************************************************* //
