/*--------------------------------*- C++ -*----------------------------------*\
| =========                 |                                                 |
| \\      /  F ield         | OpenFOAM: The Open Source CFD Toolbox           |
|  \\    /   O peration     | Version:  2.4.0                                 |
|   \\  /    A nd           | Web:      www.OpenFOAM.org                      |
|    \\/     M anipulation  |                                                 |
\*---------------------------------------------------------------------------*/
FoamFile
{
    version     2.0;
    format      ascii;
    class       volScalarField;
    location    "2.1";
    object      epsilon;
}
// * * * * * * * * * * * * * * * * * * * * * * * * * * * * * * * * * * * * * //

dimensions      [0 2 -3 0 0 0 0];

internalField   nonuniform List<scalar> 
6000
(
1.43555
0.15398
0.00812719
0.00917026
0.00601428
0.00566139
0.00363985
0.00300646
0.00245425
0.00655367
0.0119229
0.0134527
0.0126802
0.00992517
0.00594996
0.0117781
0.0301853
0.054568
0.0774397
0.0927068
0.0982703
0.0966698
0.085813
0.0699237
0.0518885
0.0381586
0.0277738
0.0204899
0.0137577
0.00744852
0.00461293
0.00225695
0.0014772
0.00230318
0.00332327
0.00529013
0.00653221
0.00876343
0.0100943
0.0123966
0.0139763
0.0166377
0.0187542
0.022209
0.0251818
0.0299608
0.0343016
0.0412704
0.0478299
0.0584574
0.0687022
0.085677
0.102393
0.131261
0.160103
0.213302
0.26768
0.377819
0.491531
0.805716
0.543542
0.160355
0.0125226
0.00253874
0.00191631
0.00162996
0.00130025
0.00129786
0.00175878
0.00351082
0.00416255
0.00357958
0.003389
0.00448173
0.00797889
0.0136914
0.0187711
0.0209291
0.0211125
0.0200969
0.0178608
0.014813
0.0114144
0.00847379
0.00665167
0.00533899
0.00439097
0.00358698
0.00267067
0.00172868
0.0012914
0.000900562
0.000747379
0.000801482
0.000902963
0.0010999
0.0012934
0.00155162
0.00179711
0.00211737
0.00245367
0.00285757
0.00331595
0.00385501
0.00450054
0.00525421
0.00618827
0.00727053
0.00865797
0.0102603
0.012401
0.0148676
0.0183236
0.0223062
0.0282986
0.035142
0.0465359
0.0601206
0.083928
0.117814
0.392307
0.154345
0.0246241
0.00261878
0.00144511
0.00108185
0.000933074
0.0010568
0.00175583
0.00342789
0.00446195
0.00393755
0.00418512
0.00720319
0.0106769
0.011238
0.0094727
0.00826824
0.00717112
0.00609636
0.00516329
0.00442577
0.00386443
0.00347809
0.00325573
0.00307505
0.00290044
0.00277169
0.00230889
0.00158891
0.00129907
0.000898057
0.000693486
0.000569571
0.000509543
0.00049239
0.000506304
0.000534807
0.000579472
0.000634465
0.000703675
0.000782952
0.00088129
0.000994562
0.00113929
0.00130811
0.00152451
0.00177638
0.00210111
0.00248191
0.00298064
0.00356826
0.00435194
0.00527653
0.00655853
0.00807229
0.0103264
0.0130266
0.0174386
0.0224162
0.350165
0.155726
0.0379511
0.00484363
0.00168061
0.00108883
0.000899582
0.000993401
0.00166971
0.00325889
0.00503451
0.00509904
0.00636479
0.00966293
0.00964281
0.00701632
0.00533018
0.00447646
0.00378144
0.00333069
0.0030755
0.00296065
0.00293962
0.00299698
0.00305494
0.00310284
0.00313686
0.00314467
0.00274891
0.00196488
0.00163758
0.00108996
0.000773884
0.000562914
0.000450833
0.000380159
0.000347479
0.000330442
0.000330694
0.00033539
0.00034751
0.000362935
0.000384852
0.000411935
0.000448208
0.000491725
0.000548715
0.000617085
0.000706036
0.00081325
0.000952878
0.00112119
0.00133993
0.00160171
0.00194622
0.00235605
0.00291766
0.00357556
0.00455759
0.00543903
0.339224
0.156775
0.048725
0.00915942
0.00234752
0.00130511
0.000998473
0.000993525
0.0014797
0.00273007
0.00511178
0.00602756
0.00826301
0.00944202
0.00698866
0.00458121
0.00362662
0.00318648
0.00285811
0.0027093
0.0026744
0.0027948
0.00297255
0.003172
0.00335108
0.00352025
0.00363101
0.0036697
0.0032751
0.002451
0.00207595
0.00138206
0.000949309
0.000646705
0.000472352
0.000370892
0.000317302
0.000283243
0.000266278
0.000256454
0.000253503
0.000254114
0.000257994
0.000263938
0.000273083
0.000285361
0.000302619
0.000324328
0.000353275
0.000389184
0.000436316
0.000494193
0.000569203
0.00065995
0.000777276
0.000917326
0.00110232
0.00131555
0.0016157
0.001913
0.336091
0.156458
0.0573616
0.0145958
0.00353763
0.00170433
0.00119413
0.00106873
0.00131072
0.00204759
0.00448034
0.00638895
0.00853793
0.00781815
0.00477046
0.00336157
0.00295495
0.00277136
0.00263967
0.0026041
0.00269395
0.00292839
0.0032119
0.00346595
0.003709
0.00394205
0.00407548
0.00410366
0.00369876
0.00292171
0.00252963
0.00173389
0.00120084
0.000797565
0.000549037
0.000403136
0.000322791
0.000277127
0.000251153
0.000235034
0.000225246
0.00022026
0.000217304
0.000217029
0.000218246
0.000221107
0.000225995
0.0002332
0.000243713
0.000257563
0.000276209
0.000299749
0.000331047
0.000368817
0.000419336
0.000478567
0.000560009
0.000650661
0.000781026
0.000959058
0.334967
0.155419
0.0640957
0.0204399
0.00542606
0.00231308
0.00149971
0.00122757
0.00125366
0.00154304
0.0033557
0.00587989
0.00750215
0.00548724
0.00342151
0.00280385
0.00274087
0.00268735
0.00264738
0.00266751
0.00286053
0.00318574
0.00350943
0.00378654
0.00406183
0.00431876
0.00445472
0.00442894
0.00400163
0.00329697
0.00291787
0.00207947
0.00149656
0.00100104
0.000671407
0.000469229
0.000353532
0.000289046
0.00025225
0.000231579
0.000218098
0.00021052
0.000204419
0.000201527
0.00019884
0.000198431
0.000199071
0.000201151
0.000204933
0.00021066
0.000218923
0.000229996
0.000245812
0.000264534
0.000292403
0.000323421
0.000371981
0.000421992
0.000501398
0.000648176
0.33446
0.153578
0.0691068
0.026174
0.00809851
0.00318748
0.00193791
0.00147482
0.00132759
0.00132123
0.00223609
0.00453844
0.00544638
0.00380995
0.002744
0.00259864
0.00271446
0.00271812
0.00272616
0.00285398
0.00313858
0.00350044
0.00385875
0.0041607
0.00444981
0.00470184
0.00483212
0.00471018
0.00423489
0.00357118
0.00319483
0.00235483
0.0017846
0.00123003
0.000831823
0.000566255
0.000406591
0.000316095
0.000264543
0.000236129
0.00021841
0.000208903
0.000201189
0.00019718
0.000192696
0.000190985
0.000188946
0.000189247
0.000190284
0.000192514
0.000196215
0.000201799
0.000210285
0.000221073
0.000238586
0.000258028
0.000291656
0.000326022
0.000385417
0.000518663
0.334221
0.151599
0.0726682
0.0315203
0.011427
0.00439946
0.00252635
0.00183424
0.00152501
0.00128447
0.00155288
0.00312902
0.00373622
0.00281298
0.0023832
0.00259195
0.00275358
0.00281323
0.00290436
0.00313469
0.0034929
0.00391629
0.00432133
0.00465469
0.00494181
0.00516004
0.00527369
0.00503108
0.0044877
0.00380129
0.00337543
0.00253623
0.00201785
0.00144705
0.00101202
0.000688373
0.000481973
0.000357832
0.000286902
0.000247209
0.000223618
0.000210806
0.000201356
0.000196598
0.000191321
0.000189218
0.000185975
0.000185284
0.000184783
0.000185654
0.000187276
0.000190157
0.000194909
0.000201988
0.000214395
0.000228433
0.000255387
0.000282397
0.000333573
0.000459717
0.334161
0.149705
0.0750203
0.0362884
0.0151784
0.00603021
0.00329085
0.00231214
0.00185306
0.00141085
0.00129017
0.00214437
0.00261375
0.00229124
0.00226923
0.00263116
0.00285693
0.00298024
0.00315881
0.00350423
0.00397728
0.00449982
0.00497232
0.00533917
0.00559454
0.00574676
0.00581506
0.00543466
0.00482348
0.0040571
0.00351118
0.00264655
0.00217648
0.00162081
0.00118708
0.000822561
0.000576372
0.00041431
0.000320298
0.000264789
0.000232907
0.000215213
0.000203536
0.000197635
0.000191661
0.000189247
0.000185579
0.000184536
0.000183126
0.000183524
0.000184056
0.000185537
0.000188443
0.00019361
0.000203039
0.000214347
0.000237253
0.000260703
0.00030748
0.000429224
0.334206
0.147928
0.0764077
0.0403581
0.0191275
0.00811633
0.00426614
0.00291874
0.00230012
0.00167446
0.00125457
0.0015932
0.00200586
0.00200239
0.00229394
0.00273027
0.0030125
0.00319929
0.00350094
0.00401527
0.00466534
0.00532626
0.00588559
0.00625304
0.00644843
0.00651519
0.00646582
0.00592291
0.00524175
0.00437969
0.00365363
0.00272856
0.00227148
0.00173802
0.00133518
0.000952058
0.000681392
0.000483296
0.000365041
0.00028974
0.000246819
0.00022202
0.000207125
0.000199465
0.000192787
0.000190082
0.000186237
0.000184969
0.000183003
0.000183223
0.000183168
0.000184088
0.000186124
0.000190144
0.000197782
0.000207574
0.000228207
0.000249625
0.000293932
0.000412382
0.334338
0.146359
0.0769415
0.0436571
0.0230756
0.0106348
0.00549027
0.00366815
0.00285507
0.00207583
0.00138724
0.00135878
0.0017329
0.0019554
0.0023791
0.00287592
0.00320172
0.00348236
0.00396966
0.00473654
0.00563498
0.00647066
0.00708006
0.0074284
0.00757838
0.00747408
0.00724265
0.0064956
0.0057011
0.00476745
0.00383366
0.00282365
0.00232933
0.00180344
0.00144488
0.00106264
0.000785324
0.000559577
0.000419147
0.000322333
0.000266184
0.000231859
0.000212349
0.00020193
0.000194255
0.000191059
0.000187168
0.000185866
0.000183555
0.000183652
0.00018332
0.000183984
0.000185563
0.000188929
0.000195508
0.000204441
0.000223732
0.000243928
0.00028666
0.000402378
0.334574
0.145064
0.0768561
0.0461553
0.0268362
0.0135109
0.0070029
0.00457765
0.00352349
0.00260469
0.00163231
0.00136618
0.0016707
0.00200345
0.00252507
0.00304857
0.00342862
0.00385047
0.00461294
0.00573414
0.00694751
0.00797406
0.00860034
0.00890794
0.00896349
0.00862788
0.00817772
0.00717489
0.00617708
0.00518649
0.00405714
0.00295392
0.00237841
0.00183561
0.00151256
0.00114663
0.000877113
0.000635734
0.000478344
0.000361397
0.000291287
0.000245456
0.000219772
0.000205303
0.000196072
0.000192028
0.000188066
0.00018677
0.000184298
0.000184341
0.000184004
0.000184485
0.00018571
0.000188675
0.000194686
0.000203132
0.000221615
0.00024104
0.000282667
0.000395992
0.334868
0.144033
0.0765218
0.0479195
0.0302507
0.0166423
0.0088214
0.00566734
0.00431544
0.00324503
0.00199311
0.0015279
0.00172194
0.00213912
0.0026928
0.00324865
0.00370228
0.00432985
0.00547575
0.00705496
0.00864857
0.00982997
0.0104672
0.0107301
0.0105624
0.00997925
0.00927645
0.00798656
0.00669055
0.0055965
0.00431746
0.00311911
0.00244098
0.00185493
0.00154218
0.00120315
0.000949714
0.000704265
0.000537152
0.000404162
0.000321283
0.000263126
0.000229978
0.000210037
0.000198468
0.000193051
0.00018887
0.000187527
0.000185015
0.000185047
0.000184841
0.000185143
0.000186136
0.000188876
0.00019455
0.000202709
0.000220703
0.000239627
0.000280423
0.00039159
0.335196
0.143292
0.0758283
0.0489549
0.0331787
0.0199051
0.0109427
0.00695864
0.00524449
0.00399863
0.00246397
0.00180191
0.0018815
0.00233471
0.00287881
0.00347851
0.00403494
0.00494692
0.00658754
0.00871006
0.0107245
0.0120529
0.0126916
0.0128627
0.0123728
0.0115007
0.0105209
0.00892941
0.00728194
0.00598047
0.00460446
0.00330587
0.00252588
0.00187652
0.00155218
0.0012326
0.00100113
0.000760058
0.000590247
0.000446807
0.000354115
0.000284401
0.000243242
0.000216591
0.000201774
0.000194295
0.000189632
0.00018811
0.000185621
0.000185669
0.000185636
0.000185781
0.000186658
0.000189278
0.000194716
0.000202683
0.000220379
0.000238968
0.00027911
0.000388298
0.335543
0.14282
0.0749708
0.0493624
0.0355401
0.0231653
0.0133429
0.00847
0.0063263
0.00487497
0.003044
0.00214866
0.00212877
0.00254501
0.00308598
0.00374135
0.00443985
0.00572309
0.00795692
0.0106793
0.0131256
0.0146138
0.0152832
0.0152682
0.0143948
0.0131625
0.0118782
0.00997205
0.00796818
0.00635871
0.00489944
0.00350295
0.00262892
0.00191032
0.00155536
0.00124258
0.00103229
0.000801318
0.000634019
0.00048556
0.000386892
0.000307875
0.000259242
0.00022522
0.000206327
0.00019598
0.000190459
0.000188545
0.000186092
0.000186167
0.000186303
0.000186362
0.000187183
0.000189718
0.000194989
0.000202821
0.000220323
0.000238672
0.000278277
0.000385641
0.335885
0.142637
0.0740738
0.0492756
0.0372604
0.0262895
0.0159814
0.0102133
0.00757707
0.00588531
0.00374452
0.00254454
0.00241571
0.00276627
0.00331738
0.00404084
0.00492897
0.00667055
0.00957285
0.0129243
0.0158009
0.017473
0.0182001
0.0179158
0.0166147
0.0149411
0.0133153
0.0110738
0.00872907
0.0067665
0.0051793
0.00370482
0.00273965
0.00195904
0.00155828
0.00124361
0.00104501
0.000828909
0.000667208
0.000517807
0.000416707
0.000331458
0.000276934
0.000235771
0.000212322
0.00019833
0.000191489
0.000188883
0.000186435
0.00018653
0.000186812
0.000186872
0.000187662
0.00019012
0.000195264
0.000202998
0.000220364
0.000238532
0.000277679
0.000383345
0.33621
0.142692
0.0732
0.0489345
0.0383855
0.0291301
0.0188019
0.0121916
0.00901183
0.00704589
0.00457362
0.00299252
0.00273002
0.00300111
0.00357527
0.00438059
0.00551078
0.00778984
0.0114087
0.0153968
0.0186959
0.020572
0.0213659
0.0207939
0.0190132
0.0168187
0.0148078
0.0122056
0.00952665
0.00721674
0.00543225
0.00390723
0.00284704
0.00201987
0.00156591
0.00123904
0.00104691
0.000844224
0.000690405
0.000542591
0.00044151
0.000353002
0.000294763
0.000247602
0.000219687
0.000201506
0.000192874
0.000189193
0.000186665
0.000186762
0.000187173
0.000187285
0.000188065
0.000190458
0.000195491
0.000203148
0.000220413
0.000238434
0.000277174
0.000381253
0.336506
0.142892
0.0724155
0.0482222
0.0389276
0.031558
0.0217259
0.0143968
0.0106425
0.00837415
0.00554429
0.00350492
0.00306824
0.00325387
0.00386102
0.00476353
0.00618883
0.00906997
0.0134272
0.0180438
0.0217536
0.0238441
0.0247094
0.0238683
0.0215677
0.0187805
0.0163387
0.0133562
0.0103289
0.00769002
0.00566477
0.00410205
0.00294476
0.00208672
0.00158259
0.00123094
0.00104175
0.000849189
0.000705113
0.000560341
0.000460515
0.000370952
0.000311117
0.000259702
0.00022802
0.000205525
0.000194733
0.000189556
0.000186801
0.000186846
0.000187381
0.000187589
0.000188383
0.00019072
0.000195649
0.000203234
0.000220423
0.000238316
0.000276684
0.00037927
0.336762
0.143306
0.0717703
0.0473051
0.0388614
0.0334543
0.0246495
0.0168107
0.0124757
0.00988731
0.00667233
0.00410074
0.00343198
0.00352886
0.00417524
0.00519143
0.00696123
0.0104906
0.015586
0.0208118
0.024918
0.0272231
0.0281615
0.0270895
0.0242509
0.020812
0.0178943
0.0145241
0.0111182
0.008155
0.00589014
0.00427663
0.00303286
0.00215235
0.00160907
0.00122618
0.00103062
0.000847996
0.000712136
0.00057215
0.000474005
0.000384659
0.000324793
0.000270967
0.000236652
0.000210215
0.000197103
0.000190058
0.000186894
0.000186809
0.000187449
0.000187768
0.000188605
0.0001909
0.000195729
0.000203253
0.000220371
0.000238146
0.000276164
0.000377337
0.336972
0.143855
0.0713054
0.04627
0.0385088
0.034796
0.0274549
0.0194026
0.0145109
0.0116009
0.00797475
0.004804
0.00382603
0.00382987
0.00451791
0.00566444
0.00782099
0.0120254
0.0178417
0.0236496
0.0281358
0.0306464
0.0316563
0.0304007
0.0270297
0.0228963
0.0194597
0.0157073
0.011888
0.00858925
0.00611312
0.00441894
0.00311467
0.00221154
0.00164217
0.00122703
0.0010169
0.000841079
0.000713395
0.000579211
0.000482925
0.000394296
0.000335211
0.000280506
0.000244816
0.000215226
0.000199915
0.000190749
0.000186994
0.000186651
0.0001874
0.000187821
0.000188714
0.000190988
0.000195742
0.000203196
0.000220238
0.000237903
0.000275589
0.000375418
0.337133
0.14451
0.0710014
0.0451906
0.0377382
0.0354292
0.0300271
0.0221302
0.0167383
0.0135265
0.0094686
0.00564261
0.00425639
0.00416086
0.00488836
0.00618093
0.00875693
0.013645
0.0201529
0.0265105
0.031358
0.0340577
0.0351327
0.0337422
0.029866
0.0250139
0.0210182
0.0168967
0.0126353
0.00898472
0.00632524
0.00452438
0.00319177
0.0022623
0.00167736
0.00123408
0.00100362
0.000829702
0.000710324
0.000582059
0.000488366
0.000400589
0.000342426
0.000287819
0.000251839
0.000220102
0.000202987
0.000191639
0.000187122
0.000186381
0.00018722
0.000187759
0.000188732
0.000191004
0.000195683
0.00020306
0.000220019
0.000237579
0.000274944
0.000373492
0.337247
0.14523
0.0709614
0.0441465
0.0366803
0.0353624
0.0321026
0.0249504
0.0191378
0.0156684
0.0111705
0.00664286
0.00473768
0.00452402
0.00528528
0.00673733
0.00975469
0.0153194
0.0224817
0.0293532
0.0345408
0.0374075
0.0385361
0.0370566
0.032719
0.0271424
0.0225513
0.0180747
0.0133572
0.00934399
0.00651272
0.00459805
0.00326129
0.00230478
0.00170984
0.0012472
0.000992885
0.000815785
0.000703008
0.000581932
0.000490955
0.000404377
0.000346915
0.000292857
0.000257273
0.000224389
0.00020605
0.000192683
0.000187302
0.000186016
0.000186911
0.000187565
0.000188638
0.000190928
0.000195548
0.000202846
0.000219714
0.00023717
0.000274222
0.000371545
0.337313
0.145989
0.0710495
0.0431807
0.0354393
0.0349383
0.0335047
0.0277841
0.021674
0.0180194
0.0130968
0.00782959
0.00529005
0.00492179
0.00570675
0.00732806
0.0107977
0.0170197
0.0247951
0.0321421
0.0376465
0.0406539
0.0418188
0.0402904
0.0355474
0.0292571
0.0240408
0.0192186
0.0140496
0.00967352
0.00666536
0.00464891
0.00331116
0.00233999
0.00173533
0.00126438
0.000986879
0.000801302
0.000692298
0.000579027
0.000491458
0.000406279
0.000349099
0.000295496
0.000260904
0.000227759
0.000208812
0.000193782
0.000187529
0.00018557
0.000186477
0.000187229
0.000188415
0.00019075
0.000195341
0.000202557
0.000219324
0.000236675
0.00027342
0.000369568
0.337331
0.14676
0.0712888
0.042328
0.0341047
0.0340185
0.0341981
0.0303573
0.024293
0.0205545
0.0152651
0.0092204
0.005942
0.00535903
0.00615035
0.00794558
0.0118678
0.0187186
0.027064
0.0348475
0.0406434
0.0437631
0.0449412
0.0433965
0.0383112
0.0313324
0.0254704
0.0203038
0.0147071
0.0099793
0.00678078
0.00467785
0.00333265
0.00236901
0.00174978
0.00128254
0.000986107
0.000788034
0.000679316
0.000573419
0.000490307
0.000406888
0.000349904
0.000296481
0.000262574
0.000229882
0.000211008
0.000194798
0.000187767
0.000185049
0.000185921
0.00018674
0.000188055
0.000190458
0.000195064
0.000202198
0.000218851
0.000236094
0.000272535
0.000367556
0.337322
0.147514
0.0717265
0.0416203
0.0327501
0.0328197
0.0341926
0.0322766
0.026944
0.0232228
0.0176879
0.0108366
0.00671917
0.00584798
0.00661133
0.00858021
0.0129459
0.0203906
0.0292636
0.0374446
0.043506
0.0467092
0.0478711
0.0463345
0.0409738
0.0333428
0.0268269
0.0213081
0.0153217
0.0102624
0.00686205
0.0046899
0.00333911
0.00239165
0.00175626
0.00129966
0.000989172
0.000777166
0.000665266
0.000565531
0.000487381
0.00040662
0.000349976
0.000296665
0.000263014
0.000230695
0.000212347
0.000195525
0.000187927
0.000184443
0.000185236
0.000186092
0.000187552
0.000190044
0.000194711
0.000201771
0.0002183
0.000235431
0.000271568
0.000365504
0.337292
0.148235
0.0722951
0.0410756
0.0314272
0.0314645
0.0338169
0.0335366
0.0294767
0.0259413
0.0203639
0.0127043
0.00764661
0.00639695
0.00709317
0.00921896
0.0140117
0.0220117
0.0313723
0.0399126
0.046214
0.0494735
0.0505839
0.049071
0.0435032
0.0352636
0.0281
0.0222143
0.0158844
0.0105171
0.00690756
0.00468905
0.00332836
0.00240122
0.00175875
0.00131465
0.000995591
0.000769235
0.000651275
0.000555887
0.000482791
0.000405465
0.000349391
0.000296206
0.000262723
0.000230774
0.000212805
0.000195806
0.000187947
0.000183732
0.000184411
0.000185281
0.000186898
0.000189502
0.000194282
0.000201277
0.000217677
0.000234687
0.000270521
0.000363412
0.337235
0.148901
0.0729815
0.0406948
0.0301669
0.0299991
0.0328557
0.0343703
0.0316285
0.0285963
0.0232695
0.0148509
0.00875223
0.00701511
0.00760214
0.00985155
0.0150423
0.0235593
0.0333712
0.0422338
0.0487523
0.052044
0.053062
0.0515791
0.0458727
0.0370721
0.0292823
0.0230117
0.0163837
0.0107315
0.00692652
0.00466219
0.00328692
0.00240259
0.00175963
0.00132246
0.0010034
0.000765401
0.000638366
0.000545042
0.0004767
0.000403448
0.000348297
0.000295232
0.000261641
0.000230163
0.000212714
0.000195763
0.000187757
0.000182889
0.000183435
0.000184308
0.000186085
0.000188824
0.000193768
0.000200715
0.000216987
0.00023387
0.000269396
0.000361277
0.337168
0.149501
0.0737535
0.0404939
0.0290071
0.0284618
0.0312794
0.0346974
0.0332891
0.0310611
0.0263451
0.0173071
0.0100675
0.00771397
0.00814739
0.0104682
0.0160158
0.0250105
0.0352437
0.0443926
0.0511098
0.0544132
0.0552946
0.0538381
0.0480606
0.0387481
0.0303674
0.0236967
0.0168101
0.010892
0.00692336
0.00461805
0.00323352
0.00238973
0.00175723
0.00132456
0.00101067
0.000765323
0.000627406
0.000533579
0.000469287
0.000400585
0.000346861
0.000294106
0.000260163
0.000228953
0.000211972
0.000195225
0.000187266
0.000181885
0.000182303
0.000183169
0.000185114
0.000187997
0.000193163
0.000200078
0.000216238
0.000232986
0.0002682
0.000359099
0.337101
0.150023
0.0745773
0.0405155
0.0279839
0.0268936
0.0293656
0.0344928
0.0344062
0.0332455
0.0294529
0.020114
0.011627
0.00850789
0.00874073
0.0110628
0.0169113
0.026343
0.0369739
0.0463766
0.0532775
0.056576
0.0572764
0.0558333
0.0500499
0.0402748
0.0313501
0.024269
0.0171563
0.0109792
0.00687965
0.00454805
0.00317213
0.00235861
0.00175258
0.0013237
0.00101617
0.000768171
0.000618841
0.000522096
0.0004608
0.000396882
0.000345123
0.000293034
0.000258627
0.000227471
0.000210663
0.000194185
0.000186396
0.000180688
0.00018101
0.000181858
0.000183982
0.000187006
0.000192455
0.000199362
0.000215436
0.000232045
0.000266942
0.000356882
0.337042
0.150465
0.0754304
0.0406467
0.0271219
0.0253376
0.0274549
0.0336629
0.0351361
0.0350338
0.0324177
0.0232532
0.0134639
0.00941558
0.00939459
0.0116346
0.0177091
0.0275358
0.0385458
0.0481767
0.0552491
0.0585267
0.0590078
0.0575549
0.0518271
0.0416385
0.0322273
0.0247313
0.017416
0.0110139
0.0068074
0.00445698
0.00309962
0.0023157
0.0017443
0.00131897
0.00101782
0.000773131
0.000612737
0.000511272
0.000451543
0.000392267
0.000343004
0.000292119
0.000257287
0.000225958
0.000209
0.000192725
0.000185141
0.000179281
0.000179543
0.000180381
0.000182692
0.000185842
0.000191633
0.000198559
0.000214587
0.000231056
0.000265631
0.000354632
0.336999
0.150825
0.0762772
0.0409479
0.0264336
0.0238317
0.0255652
0.0319815
0.0352391
0.0365186
0.035071
0.0266483
0.0156051
0.0104659
0.0101048
0.0121971
0.018393
0.028572
0.03994
0.0497833
0.0570218
0.0602583
0.0604936
0.059002
0.0533785
0.042827
0.0329951
0.0250881
0.017571
0.0110057
0.0067036
0.00434203
0.00301629
0.00226346
0.00173006
0.00131293
0.00101672
0.000778854
0.000609521
0.000501948
0.00044183
0.00038662
0.000340323
0.000291371
0.000256308
0.000224616
0.000207194
0.000190982
0.00018356
0.000177673
0.0001779
0.000178744
0.000181248
0.0001845
0.000190685
0.000197658
0.000213692
0.000230024
0.00026428
0.000352356
0.336982
0.151103
0.0770934
0.0413968
0.0259537
0.0224321
0.0237435
0.0297593
0.0348665
0.0376181
0.0373759
0.0301747
0.0180741
0.0116872
0.010876
0.0127634
0.0189523
0.0294391
0.0411345
0.051185
0.0585866
0.0617682
0.0617502
0.0601829
0.0546825
0.0438311
0.0336485
0.0253454
0.0176355
0.0109195
0.00657326
0.00420635
0.00292299
0.00220416
0.00170885
0.00130695
0.00101284
0.000783543
0.00060914
0.00049496
0.000432077
0.00037997
0.000336919
0.000290538
0.000255633
0.000223543
0.000205439
0.000189116
0.000181755
0.000175896
0.000176098
0.000176956
0.000179654
0.000182995
0.000189583
0.000196643
0.000212749
0.000228956
0.000262898
0.000350067
0.336992
0.15132
0.0778517
0.0419742
0.0256303
0.0211471
0.022018
0.027168
0.0338686
0.0381566
0.039383
0.0336051
0.0209137
0.0131129
0.0117167
0.0133478
0.0193827
0.0301299
0.0421055
0.0523683
0.0599346
0.0630526
0.0627948
0.0611073
0.0557238
0.0446456
0.0341826
0.0255023
0.0176427
0.010792
0.00642132
0.00405418
0.00282001
0.00213882
0.00168157
0.00130014
0.00100799
0.000785278
0.000610395
0.000490456
0.000422929
0.000372647
0.000332787
0.000289388
0.000255064
0.000222698
0.000203833
0.00018726
0.00017984
0.000174
0.000174171
0.000175036
0.000177909
0.000181351
0.000188306
0.000195491
0.00021175
0.000227849
0.000261494
0.000347778
0.337021
0.151479
0.078537
0.0426302
0.0255618
0.0200294
0.0204279
0.0243484
0.0321148
0.0380364
0.0410384
0.0367417
0.0241559
0.0147814
0.0126389
0.0139664
0.0196889
0.0306365
0.0428339
0.0533172
0.0610559
0.0641086
0.0636345
0.0617899
0.0564948
0.0452673
0.0345932
0.0255739
0.0175263
0.0106132
0.00625143
0.00389054
0.00270809
0.00206829
0.00164954
0.00129113
0.00100361
0.000785121
0.00061245
0.000488264
0.000415062
0.000365208
0.000328156
0.000287796
0.000254382
0.000221945
0.000202354
0.000185468
0.0001779
0.000172037
0.000172163
0.000173016
0.000176028
0.000179561
0.000186861
0.000194193
0.000210677
0.000226695
0.000260069
0.000345504
0.337082
0.151596
0.0791308
0.0433479
0.0256281
0.0190423
0.0190405
0.0218919
0.0295039
0.0373299
0.042245
0.0394958
0.0277155
0.0167294
0.0136575
0.0146371
0.0198983
0.0309368
0.0433074
0.0540137
0.0619395
0.0649322
0.0642711
0.0622451
0.0569917
0.0456903
0.0348746
0.0255898
0.0173271
0.0103863
0.00606321
0.00372084
0.00258858
0.00199382
0.00161351
0.0012797
0.000999707
0.000783565
0.000614291
0.000487839
0.000408983
0.000358223
0.000323283
0.000285733
0.00025343
0.000221164
0.000200962
0.000183757
0.000175989
0.000170051
0.000170117
0.000170931
0.000174028
0.000177638
0.000185252
0.000192741
0.000209511
0.000225482
0.000258622
0.000343257
0.337171
0.151686
0.0796244
0.0441011
0.0258223
0.0182759
0.0176585
0.0197463
0.0264196
0.0357869
0.0428774
0.0417812
0.0314767
0.0189862
0.0147901
0.0153794
0.0200632
0.0309946
0.0435161
0.0544405
0.0625733
0.0655182
0.0647019
0.062479
0.057212
0.0458968
0.0350115
0.0255152
0.0170581
0.0101122
0.00585171
0.00355024
0.00246436
0.00191656
0.00157401
0.00126623
0.000995595
0.000781598
0.000615172
0.000488285
0.000404792
0.000352101
0.000318297
0.000283246
0.000252184
0.000220318
0.000199648
0.000182145
0.000174144
0.000168075
0.000168064
0.000168818
0.000171934
0.000175602
0.000183486
0.000191134
0.000208233
0.000224195
0.000257145
0.000341044
0.33728
0.151767
0.0800135
0.0448504
0.0261941
0.0177818
0.0163838
0.0178412
0.0231553
0.0334151
0.042773
0.0436186
0.0352399
0.0215704
0.0160593
0.0162112
0.0202178
0.030875
0.0434703
0.0545817
0.0629447
0.0658596
0.0649211
0.0625103
0.0572018
0.0459324
0.0350417
0.0253646
0.0167296
0.00979819
0.005611
0.00338137
0.00233922
0.00183765
0.00153186
0.00125089
0.000990918
0.00077967
0.000615343
0.000489024
0.000402169
0.000346966
0.000313312
0.000280422
0.000250697
0.000219426
0.000198427
0.000180651
0.000172395
0.000166142
0.000166023
0.000166708
0.000169771
0.000173473
0.000181578
0.000189378
0.000206831
0.000222818
0.000255626
0.000338869
0.337405
0.151856
0.0802923
0.0455649
0.0266757
0.01747
0.0152391
0.0161511
0.0202682
0.0300923
0.041939
0.0451029
0.0386863
0.0245287
0.0175088
0.017116
0.0204085
0.0305524
0.0432205
0.0544628
0.0630413
0.0659487
0.0649209
0.0623371
0.0569408
0.0457762
0.034936
0.0251395
0.0163481
0.0094518
0.00534085
0.00321248
0.00221644
0.00175846
0.00148792
0.00123371
0.000985703
0.000777648
0.000615135
0.000489678
0.000400734
0.000342849
0.000308501
0.000277338
0.00024899
0.000218495
0.000197317
0.000179302
0.000170771
0.000164283
0.000164013
0.000164624
0.000167564
0.000171273
0.000179545
0.000187484
0.000205295
0.000221339
0.000254052
0.000336727
0.337537
0.151969
0.0804855
0.0462254
0.0272164
0.0174585
0.0143052
0.0147079
0.0177277
0.0261447
0.0400464
0.0460445
0.0415713
0.0279182
0.0191916
0.0180715
0.0206752
0.0300266
0.0426986
0.0540747
0.0628844
0.0657981
0.0647024
0.0619574
0.0564337
0.0454303
0.0346866
0.0248372
0.0159144
0.00907558
0.00505041
0.00303905
0.00209708
0.00168032
0.00144298
0.0012149
0.000979914
0.000775466
0.00061471
0.000489997
0.000400234
0.000339767
0.000304058
0.000274103
0.00024708
0.000217506
0.000196301
0.000178099
0.000169286
0.000162529
0.000162049
0.000162583
0.000165342
0.000169025
0.000177403
0.000185467
0.000203625
0.00021975
0.000252409
0.000334612
0.337666
0.152119
0.0805981
0.0468129
0.0278158
0.0175453
0.0135063
0.0135282
0.0155458
0.0222077
0.0368823
0.0462324
0.0438122
0.0315955
0.0211446
0.019092
0.0210347
0.0293588
0.0419491
0.0533691
0.0624424
0.0653811
0.0642378
0.0613659
0.0556887
0.0449043
0.0343013
0.0244536
0.0154264
0.00866855
0.00475048
0.00285801
0.00198006
0.00160398
0.00139771
0.00119472
0.000973488
0.000773145
0.000614164
0.000490024
0.000400283
0.000337644
0.000300127
0.000270867
0.000245037
0.000216444
0.000195335
0.000177013
0.00016792
0.000160896
0.000160149
0.000160599
0.000163132
0.000166757
0.000175178
0.000183346
0.000201825
0.000218045
0.000250687
0.00033251
0.337786
0.152303
0.0806514
0.0473
0.028445
0.0177687
0.012972
0.0124355
0.0137325
0.0188403
0.0325596
0.0456817
0.0453779
0.0353664
0.0233912
0.0201976
0.0215018
0.028594
0.0409922
0.0523851
0.06169
0.0646818
0.0635242
0.0605601
0.0547178
0.0442022
0.0337885
0.0239835
0.0148801
0.00823198
0.00444469
0.00267137
0.00186558
0.00153009
0.00135274
0.00117344
0.000966375
0.000770743
0.000613493
0.000489933
0.000400475
0.000336374
0.000296792
0.000267765
0.00024295
0.000215325
0.000194385
0.000176007
0.00016663
0.000159387
0.000158322
0.000158681
0.000160955
0.000164497
0.0001729
0.000181145
0.000199902
0.000216227
0.000248875
0.00033041
0.337889
0.152529
0.0806594
0.0476893
0.0290626
0.0181589
0.0126475
0.0114615
0.0122103
0.0159596
0.0274611
0.0440822
0.0464744
0.0388582
0.0259426
0.021412
0.0220903
0.0278255
0.0398125
0.051132
0.0606476
0.0637093
0.0625571
0.0595362
0.053531
0.0433316
0.0331593
0.0234216
0.0142734
0.00776813
0.00413606
0.002484
0.00175497
0.00145952
0.00130871
0.00115138
0.000958577
0.000768292
0.00061271
0.000489847
0.000400643
0.000335685
0.000294128
0.000264876
0.000240891
0.000214184
0.000193439
0.000175052
0.000165382
0.00015798
0.000156581
0.000156835
0.000158825
0.00016227
0.000170601
0.000178891
0.000197866
0.000214298
0.000246969
0.000328296
0.337969
0.152798
0.0806589
0.0479626
0.0296514
0.0186039
0.0126243
0.0106864
0.0109753
0.013524
0.0222147
0.0409574
0.0469486
0.0417231
0.0288841
0.0227724
0.0228057
0.0272147
0.0383736
0.0496219
0.0593202
0.0624641
0.0613341
0.0582909
0.0521411
0.0423016
0.0324277
0.0227647
0.0136083
0.00728042
0.00383087
0.0023001
0.00164971
0.00139316
0.00126633
0.00112893
0.000950151
0.00076578
0.000611868
0.000489793
0.000400695
0.000335293
0.00029217
0.000262302
0.00023892
0.000213055
0.000192501
0.000174137
0.00016417
0.000156646
0.000154926
0.000155056
0.000156767
0.000160103
0.000168307
0.000176607
0.000195732
0.000212265
0.000244968
0.000326157
0.338021
0.153097
0.0806696
0.0481275
0.0301792
0.019102
0.0127069
0.0100637
0.0100258
0.0115658
0.0179673
0.0361518
0.0466488
0.0437305
0.0321913
0.0243596
0.0235663
0.0268217
0.0367713
0.0478779
0.0577185
0.0609516
0.0598579
0.0568242
0.0505632
0.041124
0.0316093
0.022014
0.0128922
0.00677492
0.00353463
0.00212478
0.0015521
0.00133215
0.00122625
0.00110653
0.000941192
0.000763179
0.000610984
0.000489778
0.000400566
0.000335052
0.000290786
0.000260138
0.000237082
0.000211959
0.000191592
0.000173276
0.000163007
0.00015538
0.000153373
0.000153309
0.000154832
0.000158004
0.000166024
0.00017431
0.000193517
0.00021014
0.000242874
0.000323983
0.338039
0.153421
0.080704
0.0482152
0.0306301
0.019629
0.0129223
0.00966826
0.00915355
0.010038
0.0145559
0.0302961
0.0455318
0.0448863
0.0356175
0.0262069
0.0243794
0.0266531
0.0351101
0.0459311
0.0558592
0.059182
0.0581366
0.0551429
0.0488133
0.0398142
0.0307184
0.0211764
0.0121365
0.0062654
0.00325017
0.00196167
0.00146444
0.00127804
0.00118927
0.00108466
0.000931824
0.000760447
0.000610063
0.000489741
0.000400461
0.000334886
0.000289769
0.000258353
0.000235391
0.000210909
0.000190734
0.000172482
0.000161918
0.000154175
0.000151957
0.000151581
0.000152986
0.000156001
0.000163784
0.000172018
0.000191236
0.000207933
0.000240693
0.000321767
0.338032
0.153751
0.0807877
0.0482147
0.0309799
0.020145
0.0132711
0.00953549
0.00844559
0.00883834
0.0118692
0.0238896
0.043152
0.0454258
0.0387477
0.0283235
0.0252692
0.026698
0.0334923
0.0438178
0.0537644
0.0571715
0.0561849
0.0532592
0.0469114
0.0383925
0.0297661
0.0202632
0.0113579
0.00576416
0.00297929
0.00181328
0.00138795
0.00123223
0.0011563
0.00106381
0.000922219
0.000757539
0.0006091
0.00048964
0.000400421
0.000334788
0.000289011
0.000256879
0.000233853
0.000209921
0.000189939
0.000171759
0.000160912
0.00015304
0.000150649
0.000149949
0.00015123
0.000154078
0.000161584
0.000169742
0.000188905
0.000205656
0.000238431
0.000319505
0.338007
0.154072
0.0809355
0.0481968
0.0312281
0.0206317
0.0136701
0.00958256
0.00790134
0.00795384
0.00974385
0.0181923
0.0390248
0.0453253
0.0411493
0.0307958
0.02627
0.026902
0.0320187
0.0415725
0.0514626
0.0549428
0.0540241
0.0511919
0.0448813
0.0368841
0.0287589
0.0192876
0.0105734
0.00527884
0.00272256
0.00167986
0.00132235
0.00119554
0.00112821
0.00104446
0.000912628
0.000754438
0.000608071
0.000489483
0.000400397
0.000334728
0.000288449
0.000255668
0.000232476
0.000209011
0.000189211
0.000171104
0.000159992
0.000151986
0.000149456
0.000148418
0.000149571
0.000152237
0.00015943
0.000167488
0.000186537
0.000203321
0.000236096
0.000317195
0.337956
0.15437
0.0811341
0.0481565
0.0313662
0.0210593
0.014113
0.00973165
0.00754998
0.00722401
0.00813455
0.0139409
0.0332531
0.0446068
0.0426017
0.0336092
0.0274383
0.0273112
0.0308632
0.0392111
0.0489885
0.0525253
0.0516827
0.0489671
0.042751
0.0353185
0.0277005
0.0182616
0.00979455
0.00481343
0.00247907
0.00155891
0.00126568
0.00116771
0.00110537
0.00102709
0.000903303
0.000751181
0.000606977
0.000489273
0.000400372
0.00033468
0.000288034
0.000254673
0.000231253
0.000208183
0.000188548
0.00017051
0.000159156
0.000151015
0.000148385
0.000146989
0.000148009
0.000150481
0.000157324
0.00016526
0.000184139
0.000200936
0.000233694
0.000314838
0.33789
0.154635
0.0813797
0.0481461
0.0314104
0.0214007
0.0145521
0.0100189
0.00745458
0.00665602
0.0070174
0.0106199
0.0266591
0.0429535
0.0431254
0.0364603
0.0288779
0.0277632
0.0301049
0.0368744
0.0463882
0.0499556
0.0491964
0.046618
0.0405527
0.033727
0.0265928
0.0171948
0.00902402
0.00436512
0.00225122
0.00144909
0.00121544
0.00114683
0.00108951
0.00101186
0.000894458
0.000747831
0.000605849
0.00048901
0.000400315
0.00033463
0.000287738
0.000253861
0.000230173
0.000207429
0.000187935
0.000169967
0.000158402
0.000150126
0.000147429
0.00014566
0.000146542
0.000148809
0.000155269
0.000163063
0.000181724
0.000198512
0.000231235
0.000312435
0.337821
0.154855
0.0816632
0.0481662
0.0313947
0.0216501
0.0149707
0.0103569
0.00750752
0.00624408
0.00629064
0.00819359
0.0195143
0.0398925
0.0431339
0.0387583
0.0306094
0.0282918
0.0296749
0.034732
0.0437089
0.0472771
0.046608
0.0441846
0.0383226
0.0321395
0.0254389
0.0160937
0.00825942
0.00393061
0.00204108
0.00135191
0.00117096
0.0011295
0.00108299
0.00100237
0.000886568
0.0007445
0.0006047
0.000488708
0.0004002
0.000334553
0.000287515
0.00025322
0.000229232
0.000206734
0.000187362
0.000169472
0.000157727
0.000149312
0.000146574
0.000144419
0.000145161
0.000147215
0.000153269
0.000160904
0.000179302
0.00019606
0.000228727
0.000309989
0.337754
0.155027
0.0819649
0.0482306
0.0313501
0.0217953
0.0153407
0.0107348
0.00766503
0.00598395
0.00572828
0.0066259
0.013754
0.0346866
0.0426155
0.0401562
0.0327506
0.0289542
0.02953
0.0329717
0.0409721
0.0445406
0.0439677
0.0417128
0.0361003
0.0305813
0.0242428
0.014963
0.00749906
0.00350941
0.00184903
0.00126956
0.00113383
0.00111358
0.00108043
0.00100114
0.000881009
0.000741472
0.000603552
0.000488381
0.000400034
0.000334409
0.00028733
0.000252745
0.000228433
0.000206094
0.00018682
0.000169021
0.000157124
0.000148562
0.000145801
0.000143256
0.000143857
0.000145695
0.000151328
0.00015879
0.000176884
0.000193592
0.000226182
0.000307503
0.337697
0.155153
0.0822632
0.048364
0.031293
0.0218322
0.015627
0.0111087
0.00793095
0.0059829
0.00531488
0.00565733
0.00968153
0.0280398
0.0412276
0.0405579
0.0350173
0.0298483
0.029577
0.0316767
0.038296
0.041811
0.0413341
0.0392527
0.0339271
0.0290708
0.0230089
0.0138064
0.00674064
0.00310714
0.00167787
0.00120323
0.00110584
0.00110277
0.00108033
0.00100744
0.000879341
0.000739192
0.000602526
0.000487996
0.000399858
0.000334236
0.000287172
0.000252382
0.000227738
0.000205497
0.000186308
0.000168607
0.000156582
0.000147863
0.000145093
0.000142161
0.000142623
0.000144246
0.000149451
0.000156727
0.000174486
0.000191123
0.000223611
0.000304983
0.337656
0.155233
0.0825403
0.0485474
0.0312722
0.0218145
0.0158243
0.0114524
0.00825038
0.00606159
0.00501989
0.00507335
0.00707027
0.0205646
0.0385188
0.0403308
0.0368655
0.0310775
0.0296928
0.0308251
0.035876
0.0391676
0.0387732
0.036856
0.0318431
0.0276181
0.0217396
0.0126266
0.00598269
0.00273344
0.00153097
0.00115129
0.00108704
0.00109959
0.00108493
0.00101958
0.000881487
0.000738171
0.0006018
0.00048756
0.00039966
0.000334115
0.000287039
0.000252068
0.000227104
0.00020493
0.000185819
0.000168227
0.000156097
0.000147212
0.000144442
0.000141128
0.000141455
0.000142865
0.000147642
0.000154726
0.000172121
0.000188666
0.00022103
0.000302439
0.337632
0.155284
0.0827825
0.0487694
0.0312916
0.0217645
0.0159292
0.0117387
0.00859062
0.00625757
0.00488185
0.00465967
0.0055572
0.0135254
0.0339525
0.0395749
0.0377452
0.0326239
0.0299491
0.0303256
0.0338197
0.0366897
0.036353
0.0345722
0.029885
0.0262257
0.0204329
0.0114239
0.00523521
0.00239699
0.00140794
0.00110976
0.00107286
0.0011003
0.00109205
0.00103313
0.000889086
0.000738704
0.000601526
0.00048718
0.000399424
0.000334005
0.000286921
0.000251807
0.000226547
0.000204402
0.000185358
0.000167877
0.000155664
0.000146605
0.000143842
0.000140157
0.000140351
0.000141553
0.000145908
0.000152793
0.000169803
0.000186237
0.000218453
0.000299882
0.337632
0.155315
0.0829812
0.0490117
0.0313527
0.0217028
0.0159294
0.0119322
0.00890627
0.00654176
0.00491887
0.00436584
0.00470655
0.00898451
0.0273228
0.0379391
0.0376112
0.0341685
0.0304313
0.0300598
0.0322011
0.0344495
0.034137
0.0324431
0.0280835
0.0248877
0.0190825
0.0101972
0.00452794
0.00210093
0.00130352
0.00107611
0.00105854
0.0011075
0.00110633
0.00105057
0.000900493
0.000740958
0.000601779
0.000486931
0.000399187
0.000333832
0.000286765
0.00025161
0.000226103
0.00020394
0.000184931
0.000167555
0.000155275
0.000146039
0.000143285
0.00013925
0.000139311
0.000140311
0.000144255
0.000150935
0.000167542
0.000183848
0.000215895
0.000297326
0.337642
0.155333
0.0831343
0.0492536
0.0314775
0.0216599
0.0159052
0.0120463
0.00916581
0.00686773
0.00504648
0.00415694
0.00422342
0.00629821
0.0199951
0.0351082
0.0370368
0.0351652
0.0311514
0.0299103
0.0310416
0.0325048
0.032176
0.0304937
0.0264617
0.0235878
0.0176785
0.00895539
0.00388158
0.00184548
0.00121332
0.00104924
0.00104588
0.00111827
0.00112703
0.001073
0.000915768
0.000745071
0.000602649
0.000486874
0.000398994
0.000333594
0.000286539
0.00025145
0.000225776
0.000203548
0.000184548
0.000167262
0.000154925
0.000145503
0.000142755
0.000138425
0.000138303
0.000139139
0.000142696
0.000149165
0.000165349
0.00018151
0.000213369
0.000294783
0.337666
0.155352
0.0832433
0.0494762
0.0316439
0.0216692
0.0158522
0.0120656
0.00933494
0.00717475
0.00530288
0.00411818
0.00392416
0.00483446
0.0125061
0.0308558
0.0358475
0.0351228
0.032048
0.0299182
0.0302542
0.0308912
0.0304986
0.0287234
0.0250354
0.0223415
0.016166
0.00772274
0.00329266
0.00163001
0.00114033
0.00103017
0.00103673
0.00113356
0.00115407
0.00110029
0.000935553
0.00075132
0.000604255
0.000487082
0.000398865
0.000333333
0.000286264
0.000251277
0.000225546
0.000203211
0.000184211
0.000167006
0.000154609
0.000144995
0.00014221
0.000137727
0.00013728
0.000138015
0.000141255
0.000147498
0.00016323
0.000179233
0.000210889
0.000292269
0.337701
0.155379
0.0833155
0.0496658
0.0318359
0.0217125
0.0157957
0.0120494
0.00941862
0.00741804
0.00561233
0.00418444
0.00371361
0.00406722
0.00796153
0.0243553
0.0336869
0.0345548
0.0327064
0.0300398
0.0297102
0.0296281
0.0290973
0.0270912
0.023829
0.0211469
0.0145015
0.00652916
0.00277191
0.00145437
0.00108499
0.00101754
0.00103231
0.00114863
0.00118439
0.00113141
0.000960516
0.000760198
0.000606808
0.000487635
0.000398829
0.00033308
0.000285982
0.000251063
0.000225384
0.000202913
0.000183933
0.000166803
0.000154327
0.000144522
0.000141623
0.000137125
0.000136299
0.000136932
0.000139909
0.000145917
0.000161191
0.000177025
0.000208464
0.000289797
0.337738
0.155421
0.083367
0.0498152
0.032033
0.0218074
0.015768
0.0120107
0.00941408
0.00756718
0.00593541
0.00436363
0.00357083
0.00364623
0.005454
0.0170624
0.0303658
0.0333595
0.0325833
0.0302968
0.0293034
0.0286836
0.0279341
0.0256237
0.0227813
0.0199383
0.0126887
0.00540621
0.002329
0.00131678
0.00104419
0.00100882
0.00103085
0.00116434
0.00121717
0.00116533
0.000989959
0.000771924
0.000610507
0.000488628
0.000398931
0.000332867
0.000285725
0.00025081
0.000225249
0.000202648
0.000183712
0.000166647
0.000154081
0.000144083
0.000141036
0.000136578
0.00013537
0.000135903
0.000138669
0.000144411
0.000159215
0.000174884
0.000206106
0.000287383
0.337774
0.155477
0.0834062
0.0499266
0.032217
0.021944
0.0157831
0.0119638
0.00939191
0.00759271
0.0061774
0.00463924
0.00359208
0.00341957
0.00417388
0.0102846
0.0255046
0.0314745
0.0318746
0.0303907
0.0289489
0.027927
0.0269738
0.0243175
0.0218256
0.0186219
0.0107632
0.00439006
0.00196341
0.00121205
0.00101607
0.00100453
0.00103403
0.00118404
0.00125202
0.00120151
0.00102331
0.000786658
0.000615537
0.000490157
0.000399227
0.000332723
0.000285504
0.000250545
0.0002251
0.000202441
0.000183527
0.000166517
0.000153868
0.000143685
0.00014047
0.000136078
0.000134497
0.00013493
0.000137504
0.000142995
0.000157317
0.000172814
0.000203816
0.000285038
0.337804
0.155544
0.0834435
0.0500003
0.032372
0.0221024
0.0158296
0.0119394
0.00934623
0.0075644
0.0063317
0.00495712
0.00369123
0.00326365
0.00354074
0.00647736
0.0189741
0.0284561
0.0305079
0.0299665
0.02854
0.0272726
0.0260907
0.0231108
0.0208607
0.0170699
0.00882114
0.00350837
0.00167285
0.00113606
0.00100067
0.00100293
0.00104429
0.00121137
0.00128817
0.00123897
0.00105983
0.000804521
0.000622113
0.000492351
0.000399794
0.00033268
0.00028532
0.0002503
0.000224921
0.000202299
0.000183384
0.000166411
0.000153679
0.000143323
0.000139925
0.000135615
0.000133677
0.000134013
0.000136404
0.000141658
0.000155507
0.000170825
0.000201603
0.000282765
0.337828
0.155619
0.0834903
0.0500516
0.0324913
0.0222607
0.0159209
0.0119513
0.00930355
0.00750054
0.00632325
0.00520731
0.00389729
0.00318395
0.00322354
0.00451193
0.0119197
0.024287
0.0284337
0.0288289
0.0278563
0.0265606
0.0251266
0.0219342
0.0197396
0.0151063
0.00706617
0.00277955
0.00145325
0.00108469
0.000993378
0.00100353
0.00106611
0.00125191
0.00132541
0.00127686
0.00109838
0.000825368
0.00063037
0.000495315
0.000400705
0.000332776
0.000285178
0.000250088
0.000224726
0.00020219
0.000183295
0.000166341
0.000153522
0.000142996
0.000139397
0.000135178
0.000132903
0.000133147
0.000135364
0.000140395
0.00015379
0.000168923
0.000199471
0.000280571
0.337845
0.155697
0.0835474
0.0500905
0.0325768
0.0224041
0.0160381
0.011986
0.00930518
0.00742983
0.00626547
0.00538538
0.00417501
0.00322786
0.00304005
0.00356304
0.00718972
0.0183776
0.0252096
0.0270763
0.0265501
0.0255467
0.0239038
0.0207235
0.0183797
0.012788
0.00544936
0.00219459
0.00129673
0.00105259
0.000990941
0.00101103
0.00111002
0.00130994
0.00136431
0.00131503
0.00113776
0.00084884
0.000640373
0.00049913
0.000402022
0.000333048
0.000285105
0.000249916
0.000224531
0.00020209
0.00018325
0.000166313
0.000153426
0.000142714
0.000138887
0.000134756
0.000132168
0.000132327
0.00013438
0.0001392
0.000152164
0.000167112
0.000197427
0.000278458
0.337853
0.155773
0.0836141
0.0501274
0.0326303
0.0225196
0.0161623
0.0120555
0.00932711
0.00738627
0.00615489
0.00537669
0.00441599
0.00334999
0.00291825
0.00308349
0.00473458
0.0121041
0.0208634
0.0246311
0.0245461
0.0239889
0.0223802
0.0193643
0.0166766
0.0102111
0.00404406
0.00176104
0.00119441
0.00103479
0.000992895
0.00102443
0.00119813
0.00137552
0.0014059
0.00135407
0.00117666
0.000874201
0.000652028
0.00050384
0.000403796
0.000333532
0.000285132
0.000249795
0.000224344
0.000201992
0.000183233
0.000166306
0.000153413
0.000142478
0.000138397
0.00013435
0.00013147
0.000131549
0.000133447
0.000138069
0.000150626
0.000165388
0.000195471
0.00027643
0.337858
0.155843
0.0836888
0.0501714
0.0326665
0.0226051
0.0162784
0.0121423
0.00937719
0.00739813
0.00605079
0.00531361
0.00459458
0.0035723
0.00290616
0.00287811
0.00352764
0.0070532
0.0155537
0.0212393
0.0220371
0.0217906
0.020385
0.0176839
0.014468
0.00759459
0.00291772
0.00146629
0.00113601
0.00102625
0.00100076
0.00104476
0.00131728
0.00147774
0.00146892
0.00139928
0.00120998
0.000899876
0.000665044
0.000509456
0.000406063
0.000334274
0.000285285
0.000249734
0.000224173
0.000201895
0.000183238
0.000166333
0.000153448
0.000142295
0.00013795
0.000133975
0.000130813
0.000130812
0.000132564
0.000136999
0.000149168
0.000163749
0.0001936
0.000274484
0.337859
0.155904
0.083767
0.0502243
0.0326939
0.0226619
0.0163772
0.0122308
0.00944961
0.00744117
0.00598578
0.00518203
0.00460807
0.00377855
0.00296256
0.00273245
0.00294776
0.0044874
0.00995522
0.0168527
0.0189632
0.0190251
0.0178606
0.0155413
0.0115749
0.0053621
0.00210937
0.00128893
0.00110621
0.00102343
0.0010116
0.0010716
0.00149642
0.00164477
0.00158706
0.00145747
0.00123159
0.000923676
0.000678903
0.000515935
0.000408844
0.000335323
0.000285586
0.000249738
0.000224026
0.00020181
0.000183253
0.000166403
0.000153504
0.00014217
0.000137559
0.000133644
0.000130213
0.000130098
0.000131738
0.000135993
0.000147785
0.000162188
0.000191809
0.000272618
0.337859
0.155954
0.083844
0.0502857
0.0327245
0.0226961
0.0164552
0.0123115
0.00952213
0.007519
0.00600225
0.00505272
0.00455393
0.00394758
0.0031063
0.00265131
0.00267166
0.00325294
0.00573185
0.0118244
0.0152831
0.015825
0.0148235
0.0127724
0.00846665
0.00354909
0.00158296
0.00120095
0.00109233
0.00102539
0.00102642
0.00111162
0.00177699
0.00194457
0.00178848
0.00153076
0.00126108
0.000946293
0.000693061
0.000523129
0.00041214
0.000336703
0.000286055
0.000249821
0.000223914
0.000201743
0.000183279
0.0001665
0.000153588
0.000142093
0.000137217
0.000133359
0.000129687
0.000129405
0.000130956
0.000135055
0.00014648
0.000160703
0.000190097
0.000270831
0.337859
0.155994
0.0839153
0.0503531
0.032763
0.0227181
0.0165131
0.0123807
0.00958473
0.00760323
0.00605921
0.00496977
0.00442797
0.00396781
0.00327741
0.00268081
0.0025252
0.00269338
0.00366482
0.00687951
0.0111901
0.012211
0.0114052
0.00959254
0.00547262
0.0022655
0.00132035
0.00116214
0.00108691
0.00103192
0.00104307
0.00118073
0.00222658
0.00246566
0.00213541
0.00163999
0.00130104
0.000970802
0.000707903
0.000530973
0.000415942
0.000338419
0.000286709
0.00025
0.000223848
0.0002017
0.000183317
0.000166615
0.000153694
0.000142064
0.000136921
0.00013312
0.000129235
0.000128751
0.000130219
0.000134176
0.000145257
0.000159298
0.000188463
0.000269124
0.337861
0.156026
0.0839776
0.0504225
0.0328112
0.0227347
0.0165537
0.0124377
0.00963326
0.00767535
0.00615132
0.00498412
0.00430435
0.00392214
0.00341856
0.00277457
0.00243514
0.00244443
0.00274564
0.00390125
0.00705834
0.00839856
0.00785179
0.0063395
0.00313789
0.00161572
0.00120648
0.00114805
0.00108558
0.00104435
0.00107127
0.00130346
0.00294165
0.00330002
0.00271294
0.00181859
0.00135721
0.000998187
0.000723442
0.000539381
0.00042023
0.000340474
0.000287555
0.000250284
0.000223839
0.000201688
0.000183373
0.000166746
0.000153815
0.000142077
0.000136667
0.000132928
0.000128861
0.000128149
0.000129535
0.000133361
0.00014412
0.00015798
0.000186917
0.000267503
0.337864
0.156051
0.0840292
0.0504887
0.032868
0.0227565
0.016581
0.0124852
0.00967098
0.00772302
0.00624635
0.00503875
0.00422344
0.0038144
0.00344289
0.00289577
0.00246133
0.00229223
0.00235499
0.00268355
0.00405282
0.00507059
0.00473389
0.00351837
0.00198102
0.00133435
0.00116707
0.00114462
0.0010896
0.00106025
0.00111298
0.0015125
0.00405093
0.00460483
0.00363791
0.00211131
0.00144195
0.00103164
0.000740438
0.00054845
0.000424995
0.000342865
0.000288594
0.000250672
0.000223894
0.000201712
0.000183452
0.000166894
0.000153947
0.000142131
0.000136449
0.000132795
0.000128575
0.000127616
0.00012892
0.000132621
0.00014308
0.000156764
0.000185477
0.000265982
0.337867
0.156073
0.0840699
0.0505477
0.0329291
0.0227871
0.0165998
0.0125243
0.00970631
0.00774619
0.0063182
0.0051303
0.00423634
0.00371065
0.00340963
0.00298632
0.00254364
0.00224128
0.00215983
0.00221093
0.00261474
0.00296274
0.00275483
0.00209805
0.00151463
0.00123039
0.00115865
0.00114878
0.0010934
0.00107737
0.0011774
0.00186891
0.0057294
0.00658667
0.00508234
0.00257988
0.00157312
0.00107592
0.00076011
0.000558456
0.000430285
0.0003456
0.00028983
0.00025116
0.000224005
0.000201777
0.000183557
0.000167061
0.00015409
0.000142219
0.000136278
0.000132725
0.000128411
0.000127174
0.000128396
0.000131978
0.00014216
0.000155673
0.000184167
0.000264583
0.33787
0.156092
0.0841016
0.0505963
0.0329897
0.0228275
0.0166148
0.0125551
0.00974143
0.00775936
0.00635592
0.00522501
0.00428699
0.00364298
0.0033294
0.00298456
0.00263227
0.00226255
0.00207882
0.00198049
0.00203482
0.00202809
0.00190189
0.00156892
0.00135825
0.00119887
0.00116833
0.00115968
0.00109798
0.00109926
0.00128471
0.00248057
0.00821016
0.00939224
0.00723462
0.00331096
0.00177778
0.00113848
0.000784487
0.000569928
0.000436217
0.000348697
0.000291261
0.000251743
0.000224169
0.00020188
0.000183695
0.000167244
0.000154253
0.000142336
0.000136197
0.000132716
0.000128379
0.000126881
0.000128019
0.000131476
0.000141394
0.000154744
0.000183025
0.000263339
0.337872
0.156111
0.0841275
0.0506336
0.0330439
0.022876
0.0166332
0.0125794
0.00977468
0.00777732
0.00636172
0.00528995
0.00437216
0.00365564
0.00325285
0.00295971
0.00267571
0.00230924
0.00208729
0.00190506
0.00181522
0.00173926
0.00158662
0.00140749
0.00131502
0.00119292
0.0011799
0.00116655
0.00110436
0.00112688
0.00146477
0.00351807
0.0116894
0.0129981
0.0101796
0.00439657
0.00209206
0.00123042
0.000816829
0.00058382
0.000443052
0.000352218
0.000292904
0.000252423
0.000224383
0.000202022
0.00018387
0.000167447
0.000154426
0.000142511
0.000136186
0.000132852
0.00012853
0.000126795
0.000127869
0.000131222
0.000140856
0.000154032
0.000182098
0.000262288
0.337873
0.156128
0.0841507
0.0506612
0.0330874
0.0229275
0.016658
0.012599
0.00980339
0.00780332
0.00636049
0.00531793
0.00445576
0.00370159
0.00320887
0.00290702
0.00266158
0.00235665
0.0021156
0.00191427
0.00174122
0.00165241
0.00149184
0.00137734
0.00130702
0.00120036
0.00119455
0.00117155
0.00111456
0.00117386
0.00176259
0.00526111
0.0161876
0.0171823
0.0137752
0.00591916
0.00255634
0.00136636
0.000862016
0.00060177
0.000451335
0.000356331
0.000294811
0.000253221
0.000224666
0.000202217
0.000184093
0.000167673
0.000154623
0.000142777
0.000136362
0.000133257
0.000129083
0.00012703
0.000128022
0.000131248
0.00014062
0.000153618
0.000181459
0.000261485
0.337874
0.156143
0.0841731
0.0506829
0.0331183
0.0229758
0.0166903
0.0126163
0.00982648
0.00783358
0.00636452
0.00531829
0.00450397
0.00377698
0.00322222
0.00286085
0.00262301
0.0023584
0.00214048
0.00193973
0.00173815
0.00164174
0.00147024
0.00138222
0.00131077
0.0012099
0.00120722
0.00117236
0.0011326
0.00125002
0.00225842
0.00813412
0.0213873
0.0217218
0.017754
0.00790691
0.00321092
0.00156483
0.000927442
0.000626518
0.000462076
0.000361402
0.000297143
0.000254227
0.000225101
0.00020253
0.000184415
0.000167945
0.000154892
0.00014327
0.000136944
0.000134188
0.000130355
0.000127866
0.000128753
0.000131797
0.000140756
0.000153569
0.000181195
0.000261011
0.337874
0.156157
0.084195
0.0507023
0.0331391
0.0230143
0.0167281
0.012636
0.00984396
0.00786441
0.0063767
0.00531928
0.00450607
0.00384576
0.00326029
0.00286096
0.00257657
0.00234772
0.00213993
0.00195708
0.00174779
0.0016495
0.0014683
0.00140302
0.00131291
0.00121894
0.00121855
0.00117221
0.00115397
0.00137275
0.00308196
0.0127874
0.0266298
0.0265057
0.0218786
0.010286
0.00409676
0.00184114
0.00102079
0.00066181
0.000476967
0.000368224
0.000300415
0.000255876
0.000226051
0.000203241
0.000185057
0.000168417
0.000155459
0.00014438
0.000138509
0.000136248
0.000132989
0.000129743
0.000130443
0.000133166
0.000141462
0.000154041
0.000181413
0.000260955
0.337874
0.156169
0.0842159
0.0507218
0.0331545
0.0230404
0.0167651
0.0126606
0.00985794
0.00788988
0.00639966
0.0053262
0.00449246
0.00389672
0.00331607
0.00287616
0.00256428
0.00232482
0.00213264
0.00195331
0.00176029
0.00165794
0.00147211
0.00141649
0.00130971
0.00122893
0.00122928
0.00117552
0.00118067
0.00157799
0.00444352
0.018793
0.0320977
0.0313702
0.0259248
0.0129618
0.00523703
0.00221735
0.0011504
0.000712123
0.000498528
0.00037881
0.000306814
0.000259996
0.000229034
0.000205466
0.00018689
0.000169774
0.00015723
0.000147276
0.000142518
0.000140785
0.000138195
0.000133443
0.000133674
0.000135781
0.000143008
0.000155268
0.000182306
0.0002614
0.337874
0.156179
0.084235
0.0507416
0.0331689
0.0230563
0.0167954
0.0126883
0.00987442
0.00790569
0.00642764
0.00534134
0.00448412
0.00390584
0.00335126
0.00291292
0.00257523
0.00230881
0.00211837
0.0019363
0.00176608
0.0016538
0.00147245
0.00142193
0.00130287
0.00124047
0.00123865
0.00118084
0.00121984
0.00192643
0.00667791
0.0260278
0.0375287
0.0359911
0.0296547
0.015807
0.00658824
0.00272463
0.00133299
0.000784837
0.000531597
0.000399395
0.000324068
0.00027456
0.000240816
0.000213932
0.000193441
0.000174877
0.000163441
0.000155365
0.000152422
0.000150584
0.000147957
0.000140601
0.000138789
0.00014026
0.00014607
0.000157621
0.000184104
0.00026249
0.337873
0.156185
0.0842512
0.0507612
0.0331845
0.0230666
0.016817
0.0127134
0.00989646
0.007915
0.00645264
0.00536119
0.00449097
0.00389843
0.00337419
0.00295343
0.00260498
0.00231237
0.00212181
0.00191379
0.00176916
0.00163578
0.00147187
0.00142461
0.00129329
0.00125415
0.00124462
0.00118941
0.0012886
0.00250955
0.0102866
0.0339229
0.0425523
0.0400721
0.0327916
0.0186381
0.00809349
0.00339079
0.00159502
0.000890984
0.000590566
0.000451169
0.000382785
0.000332538
0.000288712
0.000246745
0.000217667
0.000194026
0.000184004
0.00017735
0.000175376
0.000170614
0.000165394
0.000153465
0.000146812
0.000147064
0.000151443
0.0001616
0.00018711
0.000264379
0.337871
0.156187
0.0842631
0.0507792
0.0332013
0.023076
0.0168317
0.0127313
0.0099223
0.0079244
0.00646957
0.00538245
0.0045122
0.00388306
0.00338437
0.00296537
0.00264254
0.00232365
0.00213216
0.00190162
0.00177704
0.00161744
0.00147795
0.00142685
0.00128641
0.00126901
0.00124764
0.00120568
0.00140773
0.00348908
0.0159203
0.0417774
0.0469591
0.0433233
0.035096
0.0212658
0.00975009
0.00422692
0.00195816
0.00105695
0.000722666
0.000609602
0.000579272
0.000531587
0.000449258
0.000354312
0.000295548
0.000254855
0.000241641
0.000230198
0.000222909
0.000207901
0.000194361
0.000174557
0.000159944
0.000156109
0.000159448
0.000167972
0.000192053
0.000267438
0.337867
0.156184
0.0842701
0.0507942
0.0332176
0.0230869
0.0168424
0.0127418
0.00994587
0.00793671
0.00648233
0.00539726
0.00453676
0.00388506
0.00338779
0.0029676
0.00266434
0.00234084
0.00214925
0.00190265
0.00179083
0.00160637
0.0014929
0.00142712
0.00128335
0.00128279
0.00124893
0.00123278
0.00161383
0.0051338
0.0245183
0.0480818
0.0505662
0.0451454
0.0365711
0.0235653
0.0116082
0.00523517
0.00243633
0.00136167
0.00106948
0.00106104
0.00108495
0.00103446
0.000835321
0.000615593
0.000487307
0.000403114
0.000369223
0.000335073
0.000307625
0.000269709
0.00023897
0.000205853
0.000180501
0.000168295
0.000170194
0.000176865
0.000199376
0.00027224
0.337861
0.156176
0.0842707
0.0508049
0.0332312
0.0230993
0.0168516
0.0127495
0.00996113
0.007952
0.00649537
0.00540335
0.00456028
0.00389657
0.00338926
0.0029753
0.00266559
0.00235705
0.00216903
0.00191128
0.00180702
0.00160459
0.00151548
0.0014194
0.00129477
0.0013001
0.00125062
0.00126524
0.00197774
0.0078964
0.0341844
0.0534115
0.0533864
0.0457179
0.0373117
0.0255072
0.013639
0.00642743
0.00310659
0.00199722
0.00190531
0.00201132
0.00205967
0.00190781
0.00147803
0.00107823
0.00084053
0.00067576
0.000589734
0.000504846
0.000436549
0.000360143
0.000301775
0.000248632
0.000209654
0.000184926
0.000183994
0.000188686
0.000209399
0.000279264
0.337855
0.156161
0.0842671
0.0508111
0.0332409
0.0231112
0.0168605
0.0127578
0.00996701
0.00796891
0.00650536
0.0054118
0.004576
0.00391501
0.00339487
0.00298907
0.0026598
0.00237596
0.00217437
0.00192893
0.00182038
0.00160894
0.00153663
0.00141142
0.00131098
0.001313
0.00125313
0.00132493
0.0026292
0.0124819
0.044369
0.0574874
0.0550086
0.0451681
0.0374075
0.0270748
0.0157152
0.00784237
0.00423941
0.00330653
0.00334605
0.00343583
0.00338844
0.00295633
0.00229158
0.00169942
0.00133439
0.0010623
0.000896723
0.000735049
0.000606637
0.000477833
0.000382529
0.000302928
0.000247626
0.000207724
0.000200347
0.000203653
0.00022275
0.000289147
0.337849
0.156143
0.0842582
0.050811
0.0332466
0.0231201
0.016869
0.012767
0.00996883
0.00798248
0.00651235
0.00542579
0.00458003
0.0039316
0.00340684
0.00300411
0.00265403
0.00239425
0.00217141
0.00194816
0.00182426
0.00161557
0.00154969
0.00140601
0.00133179
0.00131936
0.00126026
0.00144385
0.00378988
0.0198387
0.0537313
0.0603334
0.0553968
0.0438978
0.0369978
0.0282493
0.0177113
0.00959889
0.00603761
0.00519065
0.00520525
0.0051222
0.0048239
0.00402975
0.00318865
0.00241667
0.00192111
0.00152676
0.00126332
0.00100768
0.000806449
0.000616413
0.000478145
0.000367421
0.000293747
0.000237375
0.000220308
0.000221889
0.000239584
0.000302519
0.337843
0.156122
0.0842445
0.0508072
0.0332496
0.0231244
0.0168769
0.0127752
0.00997195
0.0079899
0.00652004
0.00543684
0.00458174
0.00394687
0.00341114
0.00301774
0.00265493
0.00241293
0.00216083
0.00196654
0.0018209
0.00162486
0.00155962
0.00139902
0.00135153
0.00131454
0.00128494
0.0016776
0.0058651
0.0313343
0.0602845
0.0618389
0.0540669
0.042217
0.0362012
0.0290183
0.0195652
0.0117187
0.00838863
0.00741131
0.00719276
0.00675931
0.00616608
0.00509574
0.00409477
0.00316221
0.00254292
0.00202354
0.00165527
0.00129937
0.00102077
0.000766823
0.000583745
0.000439819
0.000346878
0.000273939
0.000244989
0.00024356
0.000260693
0.000320244
0.337837
0.156098
0.0842274
0.0507984
0.033249
0.0231244
0.0168837
0.0127805
0.00997818
0.0079929
0.00652854
0.00544132
0.00458921
0.00395509
0.00341303
0.00303022
0.00265858
0.00242747
0.00215131
0.0019869
0.00181115
0.00163896
0.00156639
0.00139246
0.00136551
0.00131102
0.00132344
0.00212988
0.00959204
0.0439723
0.0650336
0.062433
0.0511494
0.0401424
0.0350867
0.0293859
0.0212234
0.0140384
0.0109629
0.00965085
0.00903913
0.00820039
0.00734184
0.00606973
0.00494047
0.00387618
0.00314815
0.00251109
0.00204099
0.00158801
0.00123483
0.00091985
0.00069413
0.0005176
0.000405869
0.000317318
0.000275973
0.000269575
0.000286693
0.000343307
0.33783
0.156072
0.0842061
0.0507868
0.0332451
0.0231233
0.0168873
0.0127824
0.00998599
0.00799295
0.00653697
0.00544216
0.0046023
0.00395534
0.00342196
0.00303698
0.0026626
0.00243583
0.00214814
0.00200522
0.00179999
0.00165755
0.00156047
0.00139353
0.00137433
0.00131323
0.00140011
0.00303274
0.0162759
0.0566066
0.067582
0.0612739
0.0475007
0.0377631
0.0337125
0.02935
0.0226024
0.0162917
0.0133885
0.011637
0.010584
0.00937598
0.00830794
0.0068905
0.00567558
0.00451406
0.00369765
0.00295743
0.00239603
0.00185619
0.00143695
0.00106804
0.000805144
0.000598879
0.000470165
0.000367775
0.000314807
0.000301864
0.000319177
0.00037303
0.337821
0.156041
0.0841802
0.0507747
0.0332357
0.0231214
0.0168864
0.0127838
0.00999167
0.0079924
0.0065448
0.00544179
0.00461336
0.00395235
0.0034389
0.00303553
0.00267369
0.00243867
0.00215017
0.00201696
0.0017917
0.00167448
0.00154988
0.00140437
0.00137743
0.00132851
0.00158362
0.00483272
0.0278483
0.0665929
0.0685191
0.0578457
0.0437414
0.0352001
0.0321107
0.0289943
0.0236104
0.0182167
0.0153927
0.013197
0.0117542
0.0102537
0.00903717
0.00752781
0.00627129
0.00504762
0.00416584
0.00334128
0.00270437
0.00209257
0.0016199
0.00120693
0.000914769
0.00068327
0.000540503
0.000426534
0.000363881
0.000343259
0.000360931
0.000411683
0.33781
0.156004
0.0841511
0.0507613
0.0332213
0.0231199
0.0168809
0.0127864
0.00999233
0.00799342
0.0065498
0.0054407
0.00462154
0.00395069
0.00345472
0.00302716
0.00269103
0.00243632
0.00216014
0.00202178
0.00178761
0.00168925
0.00154239
0.00141158
0.00137201
0.00137629
0.00200523
0.00843917
0.044062
0.0721251
0.0684203
0.0526782
0.039829
0.032526
0.0302994
0.0282695
0.0241755
0.0196245
0.0168254
0.0142572
0.0125302
0.0108259
0.00952369
0.00797442
0.00671673
0.00546321
0.00453992
0.00365186
0.00295878
0.00229248
0.00178172
0.00133598
0.00102408
0.00077275
0.000619795
0.000496505
0.000427223
0.000398188
0.000416535
0.000463248
0.3378
0.155962
0.084121
0.050743
0.0332046
0.0231164
0.0168707
0.0127891
0.00998796
0.00799821
0.00654996
0.00544196
0.00462595
0.00394913
0.00346585
0.00302087
0.00270959
0.00242821
0.00217469
0.00202066
0.00178831
0.00170018
0.00153269
0.00141541
0.00139287
0.00147557
0.00298489
0.0156075
0.0606728
0.0749916
0.0655911
0.0468857
0.0358806
0.0298075
0.0283097
0.0271923
0.0242664
0.0204173
0.0176371
0.0148144
0.0129272
0.0111087
0.00978165
0.00823898
0.00701555
0.00576013
0.0048192
0.00388868
0.00316101
0.00245851
0.00192659
0.00145943
0.00113838
0.000872728
0.000714347
0.000583558
0.000511488
0.000473928
0.000493724
0.000534825
0.337792
0.155915
0.0840905
0.0507169
0.0331872
0.0231065
0.0168602
0.0127886
0.00997871
0.00800489
0.00654403
0.00544878
0.00462555
0.00394998
0.00347046
0.00301801
0.00272415
0.00241691
0.00219384
0.00201262
0.00179523
0.00170592
0.00151882
0.00144045
0.00145186
0.00176427
0.00526303
0.0291155
0.0745265
0.0758046
0.0598967
0.0413957
0.0320333
0.0271033
0.026199
0.0258069
0.0239604
0.0205854
0.0178515
0.0149123
0.0129865
0.0111372
0.00984117
0.00834328
0.00718454
0.00595007
0.00501504
0.00406189
0.00332259
0.00260139
0.00206608
0.00158776
0.00126916
0.00099377
0.000836563
0.000698322
0.000629979
0.000584045
0.000606976
0.000639863
0.337784
0.155865
0.084054
0.0506807
0.0331673
0.0230847
0.0168508
0.0127815
0.00997309
0.00801046
0.0065393
0.00546174
0.00462193
0.00396084
0.00347162
0.00302213
0.00273088
0.002411
0.002217
0.00199276
0.00182312
0.00170102
0.00151668
0.00152155
0.00161546
0.0026011
0.0105811
0.0511845
0.0812001
0.0745268
0.0520456
0.0360261
0.028364
0.0244669
0.0240364
0.0241707
0.0231588
0.0203102
0.0176179
0.0146756
0.0127959
0.0109784
0.00975401
0.00832396
0.00725409
0.00605799
0.00515229
0.00419389
0.00346698
0.00274245
0.00222203
0.00174118
0.00143684
0.00115598
0.00100707
0.000862343
0.000803511
0.000752918
0.000782499
0.000804216
0.337777
0.155808
0.0839994
0.0506333
0.0331403
0.0230583
0.0168558
0.0127821
0.00999149
0.00803312
0.00655964
0.00550054
0.00464022
0.00400277
0.00348865
0.00305715
0.00274776
0.00243431
0.00224163
0.00200205
0.00188102
0.00168742
0.00164382
0.00174352
0.00218818
0.00502399
0.0226415
0.0730477
0.0843358
0.0691154
0.0441006
0.0309998
0.0249445
0.0219512
0.0218853
0.0223599
0.0218944
0.019556
0.0169719
0.0141343
0.0123941
0.0106733
0.00956668
0.00823339
0.00727157
0.0061261
0.0052737
0.00432408
0.00363509
0.00291932
0.00243376
0.00195667
0.00168264
0.00139918
0.00127135
0.00112102
0.00108561
0.00103712
0.00108517
0.00109238
0.337779
0.155751
0.0839446
0.0506272
0.0331603
0.0231129
0.0169658
0.0128855
0.0101619
0.00818878
0.00674439
0.00569395
0.00480821
0.0041999
0.00363334
0.00323135
0.00287201
0.00258518
0.00235704
0.00216409
0.00200151
0.00198327
0.00213326
0.00261624
0.0042282
0.0117199
0.0477042
0.0880153
0.0846593
0.0596193
0.0368938
0.0264491
0.0218323
0.0196105
0.0198082
0.0204618
0.0203627
0.018424
0.0160392
0.0134298
0.0119003
0.0103243
0.00936376
0.0081385
0.00730799
0.00622286
0.00545059
0.00452079
0.00389923
0.00320188
0.00277539
0.00230912
0.00208685
0.00180785
0.00171922
0.00157851
0.00158567
0.00156377
0.00166142
0.00166163
0.337902
0.155925
0.0841983
0.0510289
0.0336242
0.0237508
0.017719
0.0136843
0.0111567
0.00911637
0.00781547
0.00672174
0.00582797
0.00520902
0.00453234
0.00413284
0.00366388
0.0033915
0.00310693
0.00299779
0.00310757
0.00345271
0.0042496
0.0061284
0.0111522
0.028438
0.0778354
0.0945463
0.079844
0.0482699
0.0303943
0.0224483
0.0190824
0.0175073
0.0178996
0.0186071
0.0187499
0.0171325
0.0150328
0.0127325
0.0114566
0.0100617
0.00926722
0.00816248
0.00747989
0.00646856
0.00581388
0.00491634
0.00440363
0.00373785
0.00341156
0.00297604
0.00284498
0.0026019
0.00259602
0.00253094
0.00263946
0.00271298
0.00297897
0.00307029
0.339423
0.158337
0.0869916
0.054197
0.0369638
0.0276398
0.0217863
0.0181435
0.0160125
0.0138657
0.0129981
0.0117225
0.0109268
0.0100622
0.00921451
0.00861605
0.00790339
0.00751362
0.00731036
0.0076628
0.00867692
0.0102437
0.0131462
0.0188392
0.0312728
0.0625295
0.098396
0.0956098
0.0679207
0.0384436
0.024926
0.0190762
0.016771
0.0157478
0.0163019
0.0169991
0.0173007
0.0159648
0.0142177
0.0122901
0.0112926
0.0101112
0.00948826
0.0085287
0.00803114
0.00712606
0.00665053
0.00581738
0.00549096
0.00490269
0.00476718
0.00444131
0.00449336
0.00443059
0.00464493
0.00480497
0.00529939
0.00576577
0.00672014
0.00741098
0.353399
0.176944
0.105653
0.0726005
0.0554136
0.0470428
0.0413455
0.0388763
0.0367761
0.0346563
0.034193
0.0325491
0.0317225
0.0299121
0.0289974
0.0273575
0.0263213
0.0258428
0.0258776
0.0278064
0.0312592
0.035836
0.0428677
0.0544679
0.0754881
0.0989093
0.106527
0.088824
0.0526091
0.0303139
0.02072
0.0164985
0.0151134
0.0146497
0.0153275
0.0160228
0.0164885
0.0154665
0.014133
0.0126061
0.0118906
0.010986
0.0105745
0.009864
0.00961638
0.00894649
0.00878986
0.00817117
0.00821754
0.00794484
0.00822885
0.00833674
0.00898884
0.00946732
0.0106302
0.011742
0.0139119
0.016351
0.0207155
0.0255716
0.480037
0.309945
0.220714
0.173577
0.147635
0.132915
0.122993
0.11709
0.111246
0.106795
0.103574
0.099925
0.0968205
0.0935933
0.0918229
0.0885854
0.0886015
0.0880186
0.0892318
0.0938094
0.100266
0.108987
0.119248
0.130026
0.136258
0.125168
0.102365
0.0698542
0.0416938
0.0255273
0.0186313
0.0153206
0.014549
0.0149227
0.0160512
0.0168575
0.0176936
0.0171798
0.0163523
0.0154438
0.0151179
0.014735
0.0146484
0.0146066
0.0148223
0.0150048
0.0155592
0.0159232
0.0170073
0.0179077
0.0198548
0.0216198
0.0249616
0.0279911
0.0338972
0.0396775
0.0510018
0.0637273
0.0872788
0.120481
1.78275
1.42257
1.03616
0.792151
0.633511
0.526209
0.45217
0.400176
0.361924
0.336541
0.316199
0.302489
0.296099
0.292308
0.291386
0.294946
0.300188
0.307242
0.317352
0.320614
0.315889
0.302369
0.272678
0.238912
0.202031
0.140455
0.0798722
0.0539295
0.0396855
0.0299128
0.0242191
0.0203213
0.0198159
0.0236123
0.027945
0.0296045
0.0322027
0.0343412
0.0346173
0.034955
0.0353067
0.0366356
0.0376136
0.0403202
0.0424402
0.0464273
0.0498214
0.0557978
0.0615555
0.0712425
0.0806027
0.0961366
0.111689
0.138667
0.16625
0.217355
0.270148
0.377678
0.48932
0.798553
)
;

boundaryField
{
    inlet
    {
        type            fixedValue;
        value           uniform 0.63;
    }
    outlet
    {
        type            zeroGradient;
    }
    fixedWalls
    {
        Cmu             0.09;
        kappa           0.41;
        E               9.8;
        type            epsilonWallFunction;
        value           nonuniform List<scalar> 
120
(
1.78275
1.42257
1.03616
0.792151
0.633511
0.526209
0.45217
0.400176
0.361924
0.336541
0.316199
0.302489
0.296099
0.292308
0.291386
0.294946
0.300188
0.307242
0.317352
0.320614
0.315889
0.302369
0.272678
0.238912
0.202031
0.140455
0.0798722
0.0539295
0.0396855
0.0299128
0.0242191
0.0203213
0.0198159
0.0236123
0.027945
0.0296045
0.0322027
0.0343412
0.0346173
0.034955
0.0353067
0.0366356
0.0376136
0.0403202
0.0424402
0.0464273
0.0498214
0.0557978
0.0615555
0.0712425
0.0806027
0.0961366
0.111689
0.138667
0.16625
0.217355
0.270148
0.377678
0.48932
0.798553
1.43555
0.15398
0.00812719
0.00917026
0.00601428
0.00566139
0.00363985
0.00300646
0.00245425
0.00655367
0.0119229
0.0134527
0.0126802
0.00992517
0.00594996
0.0117781
0.0301853
0.054568
0.0774397
0.0927068
0.0982703
0.0966698
0.085813
0.0699237
0.0518885
0.0381586
0.0277738
0.0204899
0.0137577
0.00744852
0.00461293
0.00225695
0.0014772
0.00230318
0.00332327
0.00529013
0.00653221
0.00876343
0.0100943
0.0123966
0.0139763
0.0166377
0.0187542
0.022209
0.0251818
0.0299608
0.0343016
0.0412704
0.0478299
0.0584574
0.0687022
0.085677
0.102393
0.131261
0.160103
0.213302
0.26768
0.377819
0.491531
0.805716
)
;
    }
    frontAndBack
    {
        type            empty;
    }
}


// ************************************************************************* //
