/*--------------------------------*- C++ -*----------------------------------*\
| =========                 |                                                 |
| \\      /  F ield         | OpenFOAM: The Open Source CFD Toolbox           |
|  \\    /   O peration     | Version:  2.4.0                                 |
|   \\  /    A nd           | Web:      www.OpenFOAM.org                      |
|    \\/     M anipulation  |                                                 |
\*---------------------------------------------------------------------------*/
FoamFile
{
    version     2.0;
    format      ascii;
    class       volScalarField;
    location    "2.24";
    object      k;
}
// * * * * * * * * * * * * * * * * * * * * * * * * * * * * * * * * * * * * * //

dimensions      [0 2 -2 0 0 0 0];

internalField   nonuniform List<scalar> 
6000
(
0.168232
0.0132545
0.000987157
0.0036159
0.00251002
0.00294178
0.00244846
0.00242421
0.0021695
0.00213825
0.00208798
0.00212024
0.00201753
0.00168592
0.00103579
0.00042959
0.000559243
0.00111386
0.00131198
0.000970638
0.0014612
0.00455491
0.00926533
0.0148053
0.0202923
0.0250013
0.0284002
0.030078
0.0296778
0.0270241
0.0222572
0.0159045
0.00890185
0.00293143
0.00236567
0.00603578
0.00928286
0.0114581
0.0125262
0.0127158
0.0123518
0.0117305
0.0110788
0.0105639
0.0103039
0.0103832
0.0108488
0.0117516
0.0131042
0.0150075
0.0173911
0.0205641
0.0240688
0.0290764
0.0334788
0.0420345
0.0458671
0.0639235
0.0620555
0.105118
0.0762074
0.0101431
0.000950657
0.00240228
0.00171706
0.00193188
0.00162544
0.00159031
0.00143108
0.00140249
0.00136637
0.00137291
0.00129629
0.00108163
0.000684416
0.000335868
0.000479704
0.000816955
0.000933379
0.000782581
0.00128281
0.00305953
0.00538533
0.00782968
0.010039
0.0117791
0.0129071
0.0133253
0.0129467
0.0117733
0.00986114
0.00736344
0.00453624
0.00196962
0.00192338
0.00350725
0.00484988
0.00574218
0.00618836
0.00627798
0.00614014
0.00589528
0.00563979
0.00544822
0.00537532
0.00546096
0.00572748
0.00619801
0.00687902
0.0078124
0.00896987
0.0104786
0.0121587
0.0144849
0.0166347
0.0205005
0.0226293
0.030469
0.0307657
0.0485568
0.0412226
0.00802588
0.000977933
0.0016867
0.00122572
0.00131973
0.00111898
0.00108235
0.000979894
0.000956978
0.000932031
0.000928489
0.000871415
0.000729384
0.000484828
0.000291484
0.000423391
0.000641341
0.000734078
0.000722551
0.00120392
0.00231608
0.00358335
0.0047683
0.00572605
0.00639178
0.00674704
0.00679224
0.0065368
0.00601014
0.00523042
0.00423389
0.00307014
0.00189112
0.00180462
0.00235736
0.00284551
0.00318204
0.00335582
0.00338977
0.00332847
0.0032208
0.0031106
0.00303387
0.00301784
0.00308227
0.00323805
0.00349652
0.00386099
0.00434983
0.00495244
0.00572377
0.00659335
0.00776101
0.00890025
0.0107903
0.0120506
0.0157159
0.0164795
0.0242658
0.0260625
0.00677209
0.00107434
0.0012665
0.000918338
0.000939507
0.00079896
0.000763876
0.000696222
0.000679418
0.000663328
0.000657438
0.000616401
0.000523379
0.00037575
0.000277177
0.000390353
0.000546115
0.000645904
0.000739099
0.00119233
0.00195093
0.00271397
0.00335321
0.0038198
0.00411545
0.00426269
0.00428835
0.00422593
0.00406803
0.0038097
0.00344097
0.00294222
0.00227497
0.00199289
0.00197497
0.00200062
0.00202928
0.00203792
0.00201742
0.00196939
0.00190732
0.00184927
0.00181228
0.00180987
0.0018518
0.00194342
0.00209046
0.00229446
0.00256382
0.00289522
0.00331349
0.00379216
0.00441767
0.00506148
0.0060507
0.00683074
0.0086591
0.00938945
0.0129564
0.0187962
0.00609113
0.00123522
0.001033
0.000728892
0.000700633
0.000593485
0.000560202
0.000514403
0.000503318
0.00049458
0.000490508
0.000463621
0.000406188
0.000322679
0.00028244
0.000379307
0.000507028
0.000630479
0.000803283
0.00123185
0.00180109
0.0023259
0.0027469
0.00306372
0.00330094
0.00348591
0.00364417
0.00377489
0.00384723
0.00383736
0.00371492
0.00343541
0.0028958
0.00243192
0.00206619
0.00178318
0.00158358
0.00144928
0.0013588
0.00128879
0.00123051
0.00118543
0.00115854
0.00115491
0.00117846
0.00123146
0.00131652
0.00143409
0.0015881
0.00177804
0.00201561
0.002292
0.00264547
0.00302745
0.00357649
0.00407374
0.00504079
0.00562145
0.00731726
0.0150487
0.00576586
0.00145096
0.000926259
0.000619396
0.000551837
0.000461312
0.000428856
0.000396973
0.000391048
0.00038883
0.000389044
0.000375257
0.000345211
0.000305517
0.000301632
0.000388227
0.000509005
0.000664293
0.000899141
0.00131449
0.00179333
0.00223043
0.002612
0.00295785
0.00328867
0.00361434
0.00393827
0.00421419
0.0044088
0.00449059
0.0044252
0.00416324
0.00361465
0.00302592
0.00244572
0.0019362
0.00153842
0.00125716
0.00107563
0.000957727
0.000878579
0.000826179
0.000795552
0.000784998
0.000794061
0.000822741
0.000871587
0.000940225
0.0010304
0.00114249
0.00128227
0.0014477
0.00165618
0.00189111
0.00221136
0.00253466
0.00307441
0.00350299
0.00433817
0.013016
0.00565582
0.00171023
0.000911721
0.000567921
0.000463371
0.000378104
0.000344902
0.000321836
0.00032055
0.000324488
0.000330585
0.000329228
0.000321135
0.000312199
0.000331723
0.000414656
0.000541787
0.000732236
0.00101798
0.00143617
0.00189259
0.0023397
0.00279098
0.0032633
0.00375214
0.00423579
0.00468353
0.00503232
0.00526004
0.00534045
0.00524529
0.00492828
0.00434839
0.00367896
0.00297037
0.00230088
0.00173461
0.00130493
0.00101436
0.000827369
0.000708971
0.000635588
0.000592757
0.000572158
0.000569172
0.000581574
0.000608209
0.000647937
0.000701263
0.000768629
0.000852975
0.000954614
0.00108173
0.00123003
0.00142461
0.0016377
0.00195402
0.0022589
0.00268642
0.0118776
0.00567222
0.00200082
0.00096785
0.000562285
0.000417776
0.000329213
0.000293327
0.000275584
0.000278479
0.000288493
0.000301556
0.000312084
0.000322055
0.000335317
0.000370988
0.000456075
0.000597816
0.000824078
0.00115504
0.00159427
0.00207957
0.00260536
0.00319431
0.00383794
0.00449014
0.00509767
0.00559991
0.00595569
0.00615712
0.00618907
0.00603226
0.00564781
0.00504275
0.00432374
0.00353986
0.00276457
0.0020679
0.00150296
0.00109605
0.000824805
0.000652434
0.000547013
0.000485202
0.000451822
0.00043777
0.000438268
0.00045048
0.000472414
0.000503688
0.000544465
0.0005962
0.000659782
0.000739208
0.000834559
0.000956613
0.00109843
0.00129183
0.00150452
0.00173367
0.01123
0.00575885
0.00231003
0.00108069
0.000594697
0.00040494
0.000305777
0.000264938
0.000249889
0.000256528
0.00027267
0.000293431
0.000315304
0.000340404
0.00037029
0.000418325
0.00051004
0.000671024
0.000932885
0.00130776
0.00178693
0.0023422
0.00299646
0.00376141
0.00458223
0.00536669
0.00604556
0.00654375
0.0068611
0.00700121
0.00696088
0.00673012
0.00628465
0.00566335
0.00491917
0.00409567
0.00325492
0.00246493
0.00178866
0.00127114
0.000909056
0.000672298
0.0005257
0.000438819
0.000389717
0.000364425
0.00035516
0.000357256
0.000367707
0.000385335
0.000409866
0.000441852
0.000482089
0.000532566
0.000594629
0.000672959
0.000767972
0.000890349
0.00103725
0.00116707
0.0108618
0.0058803
0.00262531
0.00123917
0.000660349
0.000419369
0.00030254
0.000254103
0.000239518
0.000249409
0.000271746
0.000300682
0.000333353
0.000371344
0.000414366
0.000472978
0.000574392
0.000757006
0.00105421
0.0014751
0.0020132
0.00267269
0.00349035
0.0044446
0.00542227
0.00629568
0.00699392
0.00745216
0.00770029
0.00775556
0.00762692
0.00731433
0.00681943
0.00618855
0.00543958
0.0046047
0.00373065
0.00287903
0.00211728
0.00150336
0.00105242
0.000746234
0.000551791
0.000434536
0.000366633
0.000329133
0.000310862
0.000305114
0.000307674
0.000316543
0.000330916
0.000350692
0.000376338
0.000408776
0.000449484
0.000500488
0.000564396
0.000643809
0.000744838
0.000823283
0.0106568
0.00601477
0.00293521
0.00143313
0.000755869
0.000458313
0.000316614
0.000257454
0.000241187
0.00025371
0.000282253
0.000319655
0.000362648
0.000411901
0.000466044
0.000534492
0.000647484
0.000852793
0.00118565
0.00165736
0.00227325
0.00306537
0.00406674
0.00520318
0.00630566
0.00722813
0.00790683
0.00829754
0.00845306
0.00840487
0.00817467
0.00777461
0.0072416
0.00660525
0.00586815
0.00504614
0.0041673
0.00328242
0.00245951
0.00176611
0.00123393
0.00085832
0.000612346
0.000460639
0.000371038
0.00031994
0.000292583
0.000280041
0.000276708
0.000279687
0.000287576
0.000299715
0.000316172
0.000337203
0.000364056
0.000397522
0.000440581
0.00049296
0.000562401
0.000613273
0.0105486
0.00614939
0.00323015
0.00165243
0.000878831
0.000519858
0.000346761
0.000273147
0.000252912
0.000267245
0.000301896
0.000347951
0.000400981
0.000460447
0.000524724
0.00060278
0.000728365
0.000956825
0.0013266
0.00185603
0.0025679
0.00351418
0.00470486
0.00600323
0.00719716
0.00813579
0.0087648
0.00906563
0.00910953
0.00894243
0.00859945
0.00811187
0.00754484
0.00690677
0.00619431
0.00540577
0.00454829
0.00365722
0.00279664
0.00204113
0.00143779
0.000996228
0.000697809
0.000509074
0.000395383
0.000329198
0.000292225
0.000273215
0.000265031
0.000263796
0.000267454
0.000274812
0.000285526
0.000299357
0.000317238
0.000339294
0.000368349
0.000403201
0.000451086
0.000486568
0.0104984
0.00627713
0.00350299
0.00188684
0.00102639
0.000602569
0.000392985
0.00030042
0.00027362
0.00028867
0.000329184
0.000384048
0.000447066
0.000516332
0.000590478
0.000678187
0.000816873
0.00106884
0.00147783
0.00207331
0.00289744
0.00401091
0.00538384
0.00681784
0.00807269
0.00900054
0.00955544
0.009748
0.00966485
0.00936654
0.00890194
0.00833234
0.00772975
0.00709192
0.0064127
0.00567412
0.0048614
0.00399023
0.00311566
0.0023159
0.00165261
0.00115047
0.00080071
0.000573784
0.000434286
0.000351662
0.000304356
0.000278793
0.000266228
0.000261732
0.000262549
0.000266954
0.000274192
0.000283596
0.000295798
0.000310467
0.000330207
0.000353512
0.000386866
0.000413444
0.0104826
0.00639464
0.00374923
0.00212645
0.00119478
0.00070559
0.00045534
0.000339327
0.000302907
0.000317242
0.000363195
0.000427045
0.000500335
0.000579583
0.000663878
0.000761511
0.000913618
0.00118963
0.00164109
0.00231135
0.00326049
0.00454496
0.00608402
0.00762601
0.00891488
0.00980949
0.0102702
0.0103396
0.0101176
0.00967912
0.00908896
0.00844463
0.00780207
0.00716427
0.00652281
0.00584608
0.00509784
0.00427106
0.00340635
0.00258111
0.00187012
0.00131397
0.000915263
0.000650072
0.000483702
0.000383533
0.000325158
0.000292744
0.000275928
0.000268676
0.000267501
0.000270135
0.000275419
0.000282287
0.000291105
0.000301153
0.000314893
0.000330618
0.00035442
0.000375724
0.0104869
0.00650084
0.00396682
0.00236223
0.00137913
0.000827919
0.000533733
0.000390595
0.000340907
0.000352678
0.000403412
0.00047646
0.000560666
0.000650656
0.00074585
0.000853944
0.00101983
0.00132074
0.00181841
0.00257145
0.00365348
0.00510418
0.00678793
0.00841125
0.00971051
0.0105529
0.010903
0.010838
0.0104687
0.00988476
0.00917447
0.00845693
0.00777123
0.00713148
0.00652861
0.00592076
0.00525224
0.00449161
0.00366013
0.00282908
0.00208389
0.00148137
0.00103707
0.000734335
0.000540566
0.000422011
0.000351898
0.000312228
0.000291089
0.000281303
0.000278628
0.000280246
0.000284603
0.000290249
0.000297324
0.000304722
0.000314887
0.000325796
0.000343668
0.000361857
0.0105025
0.00659589
0.00415574
0.00258654
0.00157358
0.000967833
0.000628151
0.000455016
0.000388214
0.000395062
0.000449611
0.000532064
0.000628171
0.000730228
0.000837531
0.000956952
0.00113715
0.00146398
0.00201158
0.00285351
0.00407069
0.00567596
0.0074805
0.00916036
0.0104492
0.0112234
0.0114501
0.0112424
0.0107214
0.00998976
0.00917433
0.00838017
0.00764922
0.00700453
0.00643802
0.0059014
0.00532273
0.00464624
0.00386985
0.0030531
0.00228848
0.00164841
0.00116276
0.000823855
0.000602603
0.00046506
0.00038261
0.000335256
0.000309602
0.000297313
0.00029338
0.000294433
0.000298538
0.000303869
0.000310384
0.000316574
0.000324985
0.000333095
0.000347755
0.000364203
0.0105238
0.0066806
0.00431749
0.00279356
0.00177166
0.00112263
0.000738474
0.000533024
0.000445845
0.000444808
0.000501792
0.000593762
0.000703011
0.000819034
0.000940107
0.00107211
0.00126732
0.00162104
0.0022216
0.00315578
0.00450487
0.00624812
0.00814898
0.00986272
0.0111229
0.0118124
0.0119089
0.0115537
0.0108797
0.0100097
0.00909756
0.00822652
0.00744954
0.00679674
0.00626226
0.00579495
0.00531097
0.00473197
0.00402996
0.00324727
0.00247898
0.00181141
0.00128961
0.000916552
0.000668141
0.000511236
0.00041594
0.000360476
0.000330037
0.000315147
0.000310016
0.000310728
0.000314982
0.000320595
0.000327384
0.000333425
0.000341468
0.000348298
0.000361852
0.000377499
0.0105474
0.006756
0.00445458
0.00297944
0.00196682
0.00128855
0.000863932
0.000624975
0.000514863
0.00050264
0.000560149
0.000661509
0.000785271
0.000917723
0.00105466
0.00120092
0.00141197
0.00179316
0.00244839
0.00347497
0.0049479
0.00680943
0.00878267
0.0105097
0.011725
0.012316
0.0122783
0.0117737
0.0109484
0.00996104
0.00895376
0.00800834
0.00718624
0.00652285
0.0060149
0.00561159
0.00522196
0.0047486
0.00413671
0.00340663
0.00265094
0.001967
0.00141524
0.00101075
0.000735931
0.000559528
0.000450984
0.000387007
0.000351474
0.000333788
0.000327384
0.000327799
0.000332386
0.00033863
0.000346241
0.000352885
0.000361607
0.000368316
0.000382429
0.000397958
0.0105712
0.00682317
0.00457004
0.00314222
0.00215299
0.00146091
0.00100287
0.000730999
0.000596068
0.000569595
0.000625073
0.000735281
0.000874862
0.00102675
0.00118203
0.00134465
0.00157236
0.00198092
0.00269082
0.00380663
0.00539145
0.00734993
0.00937268
0.0110942
0.0122507
0.0127324
0.0125581
0.0119046
0.0109427
0.00985026
0.00875248
0.00773751
0.00687311
0.00619793
0.00571095
0.00536389
0.0050637
0.00469876
0.00418833
0.00352734
0.00280039
0.00211207
0.00153747
0.00110499
0.000804982
0.000609212
0.000487147
0.000414299
0.000373347
0.000352613
0.000344757
0.000344784
0.000349715
0.000356732
0.000365475
0.000373216
0.000383369
0.000390833
0.00040681
0.000422744
0.0105941
0.0068831
0.00466704
0.00328163
0.00232506
0.00163436
0.00115265
0.000850619
0.000690031
0.000646856
0.000697181
0.000815081
0.000971474
0.00114597
0.00132264
0.00150419
0.00174892
0.00218418
0.00294677
0.00414562
0.00582756
0.00786104
0.0099117
0.0116106
0.0126958
0.01306
0.0127484
0.0119526
0.0108748
0.00968392
0.00850265
0.00742497
0.00652301
0.00583662
0.00536579
0.00506598
0.0048466
0.00458762
0.00418519
0.00360693
0.00292402
0.0022437
0.00165424
0.00119792
0.000874435
0.000659728
0.000524028
0.00044202
0.000395334
0.000371263
0.000361711
0.000361158
0.00036631
0.000374077
0.000384059
0.000393173
0.000405244
0.000414093
0.000432916
0.000449664
0.0106153
0.00693667
0.00474868
0.00339871
0.00247927
0.00180336
0.00130959
0.000982546
0.000796915
0.000735393
0.000777489
0.00090098
0.00107458
0.00127431
0.00147638
0.00167997
0.00194212
0.00240223
0.00321353
0.00448659
0.00624903
0.0083356
0.0103938
0.0120541
0.0130568
0.0132977
0.0128498
0.0119315
0.0107493
0.00946842
0.00821237
0.00708043
0.00614747
0.00545232
0.00499425
0.00473258
0.00458276
0.00442267
0.00412972
0.00364438
0.00301927
0.00235932
0.00176356
0.00128823
0.000943487
0.000710594
0.000561325
0.000469961
0.000417257
0.000389555
0.000378021
0.00037663
0.000381783
0.000390154
0.00040132
0.000411895
0.000426137
0.000436782
0.000459119
0.000476996
0.0106345
0.0069846
0.00481775
0.00349544
0.00261331
0.00196267
0.0014692
0.00112455
0.00091626
0.000835662
0.00086743
0.000993227
0.00118353
0.00141066
0.00164256
0.00187182
0.002152
0.00263396
0.00348816
0.00482455
0.00664984
0.00876787
0.0108144
0.0124208
0.0133306
0.0134442
0.0128725
0.0118463
0.010571
0.00920971
0.00788879
0.00671238
0.00575648
0.00505683
0.0046099
0.00437803
0.00428518
0.00421313
0.00402627
0.00364022
0.00308452
0.00245674
0.00186358
0.00137464
0.00101134
0.000761347
0.000598779
0.000497971
0.000439018
0.000407402
0.000393589
0.000391064
0.00039594
0.000404681
0.000416854
0.00042883
0.000445289
0.00045795
0.000484169
0.000503409
0.0106516
0.00702752
0.00487666
0.00357436
0.00272636
0.00210778
0.00162646
0.0012734
0.0010468
0.000947663
0.000967494
0.00109325
0.00129763
0.00155346
0.00181978
0.0020789
0.00237817
0.0028782
0.00376796
0.0051553
0.00702539
0.00915357
0.0111698
0.0127074
0.0135143
0.0135037
0.0128228
0.0117019
0.0103445
0.00891328
0.00753824
0.0063281
0.0053585
0.00466006
0.00422443
0.00401553
0.00396689
0.0039694
0.00388088
0.00359652
0.00311914
0.00253428
0.00195264
0.00145592
0.0010772
0.000811518
0.00063613
0.000525918
0.000460551
0.000424769
0.000408387
0.00040442
0.000408708
0.000417533
0.000430454
0.000443659
0.000462219
0.00047695
0.000507147
0.000527903
0.0106666
0.00706595
0.00492746
0.00363827
0.00281888
0.00223525
0.00177624
0.001425
0.00118633
0.00107074
0.00107784
0.00120143
0.00141769
0.00170079
0.00200597
0.00229958
0.00261984
0.00313391
0.00405089
0.00547588
0.00737286
0.00948992
0.0114577
0.0129093
0.0136068
0.013483
0.012706
0.0115027
0.0100745
0.00858414
0.00716631
0.00593385
0.00496054
0.00427006
0.00384746
0.00365652
0.00364021
0.00370236
0.00370135
0.00351674
0.0031235
0.00259083
0.00202932
0.00153089
0.00114028
0.00086062
0.000673105
0.000553661
0.000481793
0.00044164
0.00042242
0.000416715
0.000420099
0.000428698
0.000442058
0.000456243
0.000476666
0.000493387
0.000527427
0.00054978
0.0106797
0.00710032
0.00497176
0.00368992
0.00289236
0.00234302
0.00191375
0.00157458
0.00133168
0.00120341
0.00119811
0.00131766
0.00154373
0.00185224
0.00219779
0.00253134
0.00287578
0.00340043
0.00433601
0.00578501
0.00769152
0.00977384
0.0116688
0.0130253
0.0136141
0.013388
0.0125272
0.0112534
0.00976545
0.00822694
0.00677804
0.00553505
0.00456835
0.00389314
0.00348644
0.00331029
0.00331603
0.00342274
0.00349616
0.00340547
0.00309897
0.00262588
0.0020925
0.00159848
0.00119977
0.000908148
0.000709404
0.000581037
0.000502671
0.000457995
0.000435708
0.000427991
0.000430169
0.000438229
0.000451702
0.000466574
0.00048854
0.000507068
0.000544639
0.000568598
0.0106909
0.00713102
0.00501085
0.00373186
0.00294903
0.00243034
0.00203499
0.0017171
0.00147875
0.00134323
0.00132726
0.00144149
0.00167496
0.0020071
0.00239222
0.00277062
0.00314416
0.00367753
0.00462373
0.00608357
0.00797059
0.0099969
0.0118052
0.0130604
0.0135423
0.0132249
0.0122916
0.0109586
0.00942164
0.00784605
0.006378
0.00513645
0.00418667
0.00353407
0.00314681
0.00298389
0.00300344
0.00314046
0.00327374
0.00326814
0.00304781
0.0026396
0.0021414
0.00165778
0.00125495
0.000953591
0.000744709
0.000607865
0.000523092
0.000473805
0.000448267
0.0004383
0.000438996
0.000446224
0.000459486
0.000474734
0.000497876
0.000517957
0.000558618
0.000584135
0.0107006
0.00715841
0.00504572
0.00376635
0.00299148
0.00249774
0.00213709
0.00184763
0.00162278
0.00148681
0.00146336
0.00157194
0.00181037
0.00216344
0.00258733
0.00301455
0.0034222
0.00396528
0.00491073
0.00636091
0.00820729
0.0101596
0.0118703
0.0130201
0.0133981
0.0129997
0.0120046
0.010623
0.0090473
0.00744565
0.00597051
0.00474225
0.00381934
0.00319634
0.00283226
0.00268226
0.00270947
0.0028642
0.00304243
0.00311071
0.00297304
0.00263273
0.00217562
0.00170804
0.00130513
0.000996446
0.000778684
0.000633941
0.000542944
0.000489025
0.000460104
0.000447692
0.000446672
0.000452803
0.00046555
0.000480863
0.000504799
0.000526134
0.00056937
0.000596341
0.0107088
0.00718279
0.00507709
0.00379526
0.00302247
0.00254678
0.00221851
0.00196189
0.00175865
0.00162984
0.00160354
0.00170731
0.00194856
0.0023192
0.00277961
0.00325812
0.0037063
0.00425938
0.00519229
0.00661406
0.00840078
0.0102641
0.0118686
0.0129105
0.0131891
0.0127185
0.0116716
0.0102512
0.0086466
0.00702982
0.00555963
0.00435626
0.00346947
0.0028824
0.00254502
0.0024084
0.00243907
0.00260103
0.00280987
0.00293934
0.00287826
0.00260661
0.00219513
0.00174872
0.00134971
0.00103623
0.000810993
0.000659052
0.0005621
0.000503595
0.000471214
0.000456213
0.000453284
0.000458092
0.000470053
0.000485141
0.000509493
0.000531762
0.00057702
0.000605302
0.0107157
0.00720445
0.00510551
0.00382011
0.00304462
0.00257978
0.00227903
0.00205658
0.00188135
0.00176738
0.00174399
0.00184506
0.00208765
0.00247214
0.00296548
0.00349532
0.00399056
0.00455584
0.005466
0.00684174
0.00855189
0.0103135
0.0118052
0.0127381
0.0129225
0.012388
0.011298
0.00984768
0.00822361
0.00660253
0.00514929
0.00398188
0.00313958
0.00259379
0.00228613
0.00216376
0.00219529
0.00235632
0.00258275
0.00276005
0.00276743
0.00256306
0.00220029
0.00177949
0.00138819
0.00107251
0.000841304
0.000682985
0.00058042
0.000517441
0.000481582
0.000463899
0.000458917
0.000462221
0.000473166
0.000487764
0.000512178
0.000535059
0.000581785
0.000611201
0.0107215
0.00722367
0.0051314
0.00384205
0.00306033
0.00259948
0.00231973
0.0021297
0.00198641
0.00189417
0.00188007
0.00198179
0.00222513
0.00261974
0.00314133
0.00372069
0.00426837
0.0048502
0.00573008
0.0070441
0.00866297
0.0103126
0.0116863
0.01251
0.0126056
0.0120144
0.0108894
0.00941709
0.00778236
0.00616776
0.00474328
0.00362217
0.00283159
0.00233137
0.00205579
0.0019486
0.00197961
0.00213372
0.00236652
0.00257843
0.00264471
0.00250429
0.00219183
0.00180028
0.00142022
0.00110489
0.000869306
0.00070549
0.000597757
0.000530484
0.000491185
0.000470778
0.000463648
0.000465311
0.000475053
0.000488935
0.000513093
0.000536275
0.000583937
0.00061429
0.0107264
0.0072407
0.00515504
0.00386191
0.00307164
0.00260877
0.00234264
0.00218065
0.00207038
0.00200513
0.00200658
0.00211321
0.00235775
0.00275915
0.00330353
0.00392871
0.00453254
0.00513722
0.00598294
0.0072224
0.00873756
0.0102668
0.0115188
0.0122336
0.012246
0.0116046
0.0104511
0.0089638
0.00732682
0.00572944
0.00434522
0.00327981
0.00254691
0.00209544
0.00185355
0.00176232
0.00179223
0.00193536
0.00216532
0.00239943
0.00251422
0.00243279
0.00217076
0.00181121
0.00144555
0.00113307
0.000894715
0.000726348
0.000613963
0.000542639
0.000499994
0.000476871
0.000467548
0.000467481
0.000475878
0.000488856
0.000512479
0.000535676
0.000583781
0.000614863
0.0107304
0.00725577
0.00517666
0.0038803
0.00308019
0.00261048
0.00235051
0.00221024
0.00213114
0.00209583
0.00211819
0.0022344
0.00248159
0.0028871
0.00344841
0.0041139
0.00477539
0.00541061
0.00622269
0.00737843
0.00878006
0.0101823
0.01131
0.0119168
0.011851
0.0111648
0.0099883
0.008492
0.00686089
0.00529149
0.00395855
0.00295708
0.00228648
0.00188582
0.00167849
0.00160374
0.00163245
0.0017621
0.00198206
0.00222719
0.00237983
0.00235119
0.00213837
0.00181264
0.0014641
0.00115678
0.000917291
0.000745363
0.0006289
0.000553824
0.000507977
0.000482197
0.00047068
0.000468836
0.000475791
0.000487719
0.000510575
0.000533529
0.000581637
0.000613234
0.0107338
0.0072691
0.00519646
0.0038976
0.00308725
0.00260713
0.00234647
0.00222046
0.00216806
0.00216293
0.00220992
0.00234012
0.00259209
0.00299983
0.00357224
0.004271
0.00498901
0.00566289
0.00644645
0.00751392
0.00879513
0.0100657
0.0110676
0.0115671
0.011428
0.0107012
0.00950578
0.00800565
0.00638843
0.00485778
0.00358648
0.00265586
0.0020508
0.00170199
0.00152947
0.00147139
0.00149901
0.00161382
0.00181846
0.00206499
0.0022451
0.00226216
0.00209613
0.00180514
0.0014759
0.0011759
0.000936838
0.000762364
0.000642441
0.000563962
0.000515107
0.000486771
0.000473103
0.000469478
0.000474935
0.000485705
0.000507607
0.000530096
0.000577821
0.000609726
0.0107365
0.0072809
0.0052146
0.00391405
0.00309373
0.00260087
0.0023337
0.00221418
0.00218204
0.00220454
0.00227765
0.00242525
0.00268437
0.00309325
0.00367124
0.00439511
0.00516564
0.00588544
0.00664986
0.00762975
0.00878719
0.0099235
0.0107991
0.011192
0.0109838
0.0102192
0.00900777
0.0075084
0.00591323
0.00443212
0.00323188
0.00237756
0.00183997
0.00154316
0.00140516
0.00136365
0.00139032
0.0014897
0.0016753
0.00191526
0.00211309
0.00216831
0.00204565
0.00178942
0.00148115
0.00119034
0.000953216
0.000777213
0.000654478
0.000572987
0.000521359
0.00049061
0.000474873
0.000469499
0.00047344
0.000482983
0.000503786
0.000525624
0.000572642
0.000604657
0.0107388
0.00729135
0.00523119
0.00392977
0.00310025
0.00259345
0.00231521
0.00219482
0.00217528
0.00222044
0.00231856
0.00248532
0.00275359
0.00316304
0.00374167
0.00448176
0.00529795
0.00606878
0.00682668
0.00772532
0.00875964
0.00976142
0.0105113
0.0107979
0.0105242
0.0097235
0.00849787
0.00700358
0.00543903
0.00401815
0.0028973
0.00212317
0.00165376
0.00140839
0.00130422
0.00127893
0.00130471
0.00138851
0.00155263
0.00177963
0.00198638
0.00207207
0.00198861
0.00176635
0.00148015
0.00120014
0.000966344
0.000789808
0.000664929
0.000580849
0.000526718
0.000493733
0.000476042
0.000468985
0.000471426
0.000479707
0.000499309
0.000520343
0.000566387
0.000598329
0.0107407
0.00730061
0.00524639
0.00394484
0.00310715
0.00258614
0.00229364
0.00216598
0.00215103
0.002212
0.00233148
0.00251704
0.00279544
0.00320505
0.00377993
0.00452712
0.00537952
0.00620313
0.00696864
0.0077978
0.00871421
0.00958386
0.0102097
0.0103917
0.0100542
0.00921769
0.00797891
0.0064943
0.00496959
0.00361939
0.00258484
0.00189325
0.00149169
0.00129665
0.00122535
0.00121574
0.00124057
0.00130885
0.00144994
0.00165907
0.00186702
0.00197567
0.0019267
0.0017369
0.00147332
0.00120541
0.000976201
0.000800089
0.000673735
0.000587512
0.000531178
0.000496165
0.000476665
0.000468017
0.000469004
0.000476016
0.00049435
0.000514464
0.000559322
0.000591026
0.0107422
0.00730884
0.00526029
0.00395928
0.00311461
0.00257986
0.00227118
0.00213112
0.00211314
0.00218203
0.00231706
0.00251871
0.00280669
0.00321568
0.00378288
0.00452813
0.00540514
0.00627912
0.00706578
0.00784177
0.00865023
0.00939319
0.00989805
0.00997961
0.00957712
0.00870399
0.00745299
0.00598351
0.00450868
0.00323907
0.00229619
0.001688
0.00135306
0.0012069
0.00116739
0.0011728
0.00119644
0.00124929
0.00136644
0.00155399
0.00175654
0.00188103
0.00186153
0.00170211
0.00146118
0.00120635
0.000982827
0.000808037
0.000680868
0.000592961
0.000534746
0.000497937
0.000476795
0.000466674
0.000466275
0.000472038
0.000489069
0.000508179
0.000551688
0.000583011
0.0107434
0.00731617
0.00527303
0.00397308
0.00312267
0.00257513
0.00224951
0.00209338
0.00206572
0.00213441
0.00227764
0.00249048
0.00278563
0.00319235
0.00374814
0.00448275
0.00537127
0.00628861
0.00710712
0.0078491
0.00856417
0.00918913
0.00957763
0.00956223
0.00909397
0.00818327
0.00692161
0.00547417
0.00406011
0.00288016
0.00203256
0.00150726
0.00123708
0.00113813
0.00112932
0.00114906
0.00117113
0.00120851
0.00130118
0.00146442
0.00165607
0.00178983
0.00179465
0.00166303
0.00144433
0.00120323
0.000986322
0.000813677
0.000686329
0.000597202
0.000537443
0.000499087
0.000476489
0.000465029
0.000463332
0.000467887
0.000483608
0.000501656
0.000543701
0.000574519
0.0107444
0.00732272
0.00528469
0.00398625
0.00313128
0.00257225
0.00222982
0.00205533
0.00201273
0.00207364
0.00221702
0.00243445
0.00273246
0.00313405
0.00367453
0.00439026
0.0052763
0.00622556
0.00708173
0.00780934
0.00844935
0.00896832
0.00924665
0.00913791
0.00860375
0.00765513
0.00638595
0.00496944
0.0036277
0.00254521
0.00179471
0.00135061
0.00114286
0.00108945
0.00111034
0.00114376
0.00116379
0.00118546
0.00125319
0.0013901
0.00156632
0.00170343
0.00172746
0.00162074
0.00142341
0.00119638
0.00098684
0.000817075
0.00069015
0.000600262
0.000539302
0.00049966
0.000475806
0.000463156
0.000460264
0.000463667
0.000478093
0.000495048
0.000535552
0.000565764
0.0107452
0.00732859
0.0052954
0.00399877
0.00314034
0.00257127
0.00221286
0.00201901
0.00195771
0.00200441
0.00213999
0.00235441
0.00264937
0.00304163
0.00356248
0.00425149
0.00512086
0.00608679
0.00698013
0.00771068
0.00829621
0.00872415
0.00890007
0.00870255
0.00810352
0.0071183
0.00584726
0.00447292
0.00321527
0.00223636
0.00158297
0.00121742
0.00106954
0.00106009
0.0011099
0.00115648
0.00117388
0.00117937
0.00122167
0.00133066
0.00148773
0.00162292
0.00166125
0.00157629
0.00139912
0.0011862
0.000984585
0.000818338
0.000692393
0.000602189
0.000540373
0.000499711
0.000474809
0.000461126
0.000457152
0.000459474
0.000472637
0.000488486
0.000527408
0.000556932
0.0107459
0.00733388
0.00530523
0.00401066
0.00314971
0.00257211
0.00219902
0.00198584
0.00190361
0.00193116
0.00205187
0.0022555
0.00254048
0.002918
0.00341433
0.00406921
0.00490807
0.00587262
0.00679574
0.00754149
0.00809308
0.00844706
0.00852959
0.00824985
0.00758901
0.00657125
0.00530743
0.00398875
0.00282653
0.00195526
0.00139731
0.00110692
0.00101629
0.00104946
0.0011277
0.00118713
0.0012013
0.00118985
0.00120601
0.00128572
0.00142055
0.00154918
0.00159713
0.00153066
0.00137216
0.00117312
0.000979804
0.00081761
0.00069315
0.000603051
0.000540717
0.000499304
0.000473564
0.00045901
0.000454074
0.000455393
0.00046734
0.00048209
0.000519415
0.00054819
0.0107464
0.00733866
0.00531429
0.00402192
0.00315927
0.00257458
0.00218838
0.00195672
0.00185267
0.00185778
0.00195793
0.00214362
0.00241142
0.00276804
0.00323447
0.00384823
0.00464365
0.00558725
0.00652619
0.0072922
0.00782773
0.00812547
0.008124
0.00777219
0.0070555
0.00601307
0.00476946
0.0035217
0.00246497
0.00170305
0.00123731
0.00101824
0.000982357
0.00105718
0.00116375
0.001236
0.00124637
0.00121694
0.00120588
0.00125492
0.00136488
0.00148286
0.00153605
0.00148478
0.00134324
0.00115761
0.000972783
0.000815066
0.000692535
0.000602937
0.000540411
0.000498511
0.000472143
0.00045688
0.000451105
0.000451504
0.000462291
0.00047596
0.000511698
0.000539682
0.0107468
0.00734301
0.00532266
0.00403256
0.0031689
0.00257846
0.00218084
0.00193209
0.00180645
0.00178741
0.00186299
0.00202485
0.00226879
0.00259825
0.00302923
0.00359541
0.00433585
0.00523885
0.00617436
0.00695732
0.0074894
0.00774741
0.00767766
0.00726232
0.00649909
0.00544449
0.00423792
0.00307704
0.00213363
0.00148028
0.00110229
0.000950462
0.000967123
0.00108309
0.00121839
0.00130376
0.00130981
0.00126109
0.0012213
0.00123811
0.00132076
0.00142446
0.00147886
0.00143951
0.00131304
0.00114014
0.000963835
0.000810911
0.000690691
0.000601953
0.000539544
0.000497411
0.000470621
0.000454809
0.000448317
0.000447882
0.000457571
0.000470189
0.000504369
0.000531532
0.0107471
0.00734698
0.00533041
0.00404263
0.0031785
0.0025835
0.00217615
0.00191205
0.0017659
0.00172237
0.00177109
0.0019049
0.00211951
0.00241613
0.00280647
0.00331947
0.00399523
0.00483932
0.00574885
0.00653726
0.00707125
0.00730266
0.0071807
0.00671411
0.00591812
0.0048688
0.00371915
0.00266032
0.00183499
0.00128701
0.000991341
0.000902678
0.000970118
0.00112731
0.00129226
0.00139145
0.00139278
0.0013232
0.00125264
0.00123527
0.00128826
0.0013744
0.00142624
0.00139563
0.00128223
0.0011212
0.000953295
0.000805374
0.000687777
0.000600221
0.000538216
0.000496091
0.000469077
0.000452872
0.000445781
0.000444597
0.000453254
0.000464857
0.000497521
0.00052385
0.0107473
0.00735064
0.00533762
0.00405214
0.00318798
0.00258945
0.00217397
0.00189641
0.0017314
0.00166416
0.00168533
0.00178868
0.00197013
0.00222947
0.00257491
0.00303037
0.00363409
0.00440366
0.00526382
0.00603949
0.00657266
0.00678539
0.00662683
0.00612505
0.0053148
0.0042926
0.00322106
0.00227686
0.00157073
0.00112272
0.000903339
0.000874028
0.000991065
0.00119023
0.00138634
0.00150044
0.00149675
0.00140451
0.00130061
0.00124664
0.0012675
0.001333
0.00137879
0.00135384
0.00125145
0.0011013
0.000941512
0.0007987
0.000683972
0.000597877
0.000536538
0.000494648
0.000467594
0.000451143
0.000443567
0.000441716
0.000449406
0.000460036
0.000491239
0.00051673
0.0107475
0.00735403
0.00534435
0.00406114
0.00319728
0.00259608
0.00217394
0.00188482
0.00170294
0.00161356
0.0016078
0.00168001
0.00182632
0.00204564
0.00234338
0.00273858
0.00326561
0.00394891
0.00473813
0.00547886
0.006001
0.00619653
0.00601659
0.00549844
0.00469643
0.00372591
0.00275254
0.00193131
0.00134163
0.000986407
0.000837052
0.000863745
0.00102991
0.00127254
0.00150191
0.00163231
0.00162341
0.00150653
0.0013662
0.00127266
0.00125868
0.00130055
0.00133702
0.00131475
0.00122129
0.0010809
0.000928844
0.000791149
0.000679467
0.00059507
0.000534628
0.00049318
0.000466262
0.000449701
0.000441744
0.000439303
0.000446092
0.000455793
0.000485595
0.000510257
0.0107476
0.0073572
0.00535066
0.00406966
0.00320634
0.00260321
0.00217569
0.00187684
0.00168022
0.00157078
0.0015397
0.00158153
0.00169251
0.0018709
0.00211993
0.00245415
0.00290283
0.00349278
0.00419373
0.00487677
0.00537231
0.00554514
0.00535942
0.00484503
0.00407584
0.0031815
0.00232243
0.00162705
0.00114748
0.000876632
0.000791178
0.000871205
0.00108688
0.00137522
0.00164044
0.00178871
0.00177446
0.00163086
0.00145055
0.00131395
0.00126208
0.00127735
0.00130137
0.00127894
0.0011923
0.00106047
0.000915649
0.00078299
0.000674462
0.000591955
0.000532616
0.000491796
0.00046517
0.000448624
0.000440384
0.000437423
0.000443371
0.000452188
0.000480654
0.000504501
0.0107477
0.00736017
0.0053566
0.00407773
0.00321514
0.00261066
0.00217887
0.00187196
0.00166272
0.00153558
0.00148145
0.00149478
0.00157174
0.00171006
0.00191124
0.00218584
0.00255755
0.00305202
0.00365345
0.0042591
0.00471048
0.00485976
0.0046749
0.00418301
0.00347052
0.00267334
0.00193831
0.00136586
0.000987085
0.000791607
0.00076443
0.000895982
0.00116246
0.00149953
0.00180351
0.00197116
0.00195132
0.00177889
0.0015548
0.00137121
0.00127807
0.00126369
0.00127225
0.00124689
0.00116499
0.00104045
0.000902282
0.000774495
0.000669166
0.000588698
0.000530634
0.000490607
0.000464414
0.000447995
0.000439556
0.000436137
0.000441302
0.000449278
0.000476477
0.000499529
0.0107478
0.00736298
0.00536223
0.00408541
0.00322366
0.0026183
0.00218319
0.00186969
0.00164984
0.00150741
0.00143284
0.0014203
0.00146569
0.00156629
0.00172214
0.00194043
0.00223931
0.00264098
0.00313862
0.00365322
0.00404459
0.00416723
0.00398896
0.003536
0.00290025
0.00221447
0.00160545
0.00114766
0.000858378
0.000729319
0.000755614
0.000937903
0.00125747
0.00164693
0.00199261
0.00218071
0.00215477
0.00195135
0.00167985
0.00144512
0.00130706
0.00125986
0.00125002
0.00121907
0.00113984
0.00102128
0.000889092
0.000765939
0.000663798
0.000585469
0.000528822
0.000489729
0.000464093
0.000447898
0.000439333
0.00043551
0.000439942
0.000447118
0.000473118
0.000495399
0.0107479
0.00736566
0.00536759
0.00409274
0.0032319
0.00262602
0.00218835
0.00186956
0.00164092
0.00148554
0.00139329
0.00135788
0.0013749
0.00144114
0.00155552
0.00172237
0.00195478
0.00227032
0.00266672
0.00308449
0.00340505
0.00349788
0.00333095
0.0029295
0.00238376
0.00181478
0.001326
0.000970548
0.000758615
0.000687667
0.000763719
0.000997095
0.00137303
0.00181899
0.00220889
0.00241766
0.00238466
0.00214839
0.00182616
0.00153619
0.00134943
0.00126617
0.001235
0.00119587
0.00111728
0.00100336
0.000876418
0.000757594
0.000658577
0.000582444
0.000527323
0.000489282
0.000464308
0.000448418
0.000439789
0.000435606
0.000439348
0.000445761
0.000470629
0.000492165
0.0107479
0.00736824
0.00537272
0.00409974
0.00323986
0.00263373
0.00219415
0.00187115
0.00163534
0.00146916
0.00136189
0.00130676
0.00129897
0.00133485
0.00141242
0.00153375
0.00170753
0.00194652
0.00224983
0.00257295
0.00281891
0.00288102
0.00272895
0.00238624
0.00193532
0.00147941
0.00109886
0.000831152
0.000684632
0.000664624
0.000788004
0.00107403
0.00151051
0.00201721
0.00245289
0.00268118
0.0026395
0.00236893
0.0019934
0.00164461
0.00140545
0.00128288
0.0012275
0.00117766
0.00109771
0.000987053
0.000864585
0.000749728
0.000653722
0.0005798
0.000526284
0.000489391
0.000465165
0.000449646
0.000440999
0.000436488
0.000439575
0.000445259
0.000469061
0.000489878
0.010748
0.00737074
0.00537765
0.00410647
0.00324756
0.00264139
0.00220039
0.00187409
0.00163251
0.00145745
0.00133766
0.00126586
0.00123685
0.0012466
0.00129241
0.00137457
0.00149828
0.00167182
0.00189402
0.00213123
0.0023058
0.00233967
0.0022046
0.00192201
0.00156227
0.00120829
0.000920122
0.000725058
0.000633131
0.000658383
0.000828074
0.00116954
0.00167151
0.00224278
0.0027242
0.00296912
0.00291635
0.00261053
0.00218036
0.00177009
0.00147522
0.0013102
0.00122779
0.00116479
0.00108149
0.000972731
0.000853908
0.000742606
0.00064945
0.000577717
0.000525857
0.000490184
0.000466773
0.000451675
0.000443042
0.000438223
0.000440684
0.000445667
0.000468462
0.000488585
0.010748
0.00737318
0.00538244
0.00411296
0.00325501
0.00264894
0.00220692
0.00187806
0.00163188
0.00144963
0.00131956
0.00123391
0.00118714
0.00117489
0.00119394
0.00124328
0.0013254
0.00144494
0.00159973
0.00176396
0.00187613
0.00188701
0.00176953
0.00154313
0.00126447
0.000996738
0.000783903
0.000647383
0.000600969
0.000667491
0.000883939
0.00128482
0.0018577
0.00249638
0.00302121
0.00327778
0.00321074
0.0028694
0.00238479
0.00191177
0.0015586
0.00134823
0.0012361
0.00115754
0.00106897
0.000960723
0.00084469
0.000736483
0.000645978
0.000576377
0.000526194
0.000491791
0.000469244
0.000454598
0.000445998
0.000440881
0.000442732
0.000447035
0.000468881
0.000488331
0.010748
0.00737558
0.0053871
0.00411924
0.00326223
0.00265638
0.00221364
0.00188281
0.00163299
0.00144499
0.00130657
0.0012096
0.00114821
0.0011178
0.00111478
0.00113723
0.00118569
0.00126202
0.0013631
0.00146883
0.0015335
0.0015254
0.00142443
0.00124676
0.00103551
0.00083701
0.000683366
0.000593301
0.00058539
0.000690952
0.000956052
0.00142139
0.00207063
0.00277778
0.00334085
0.00360201
0.00351695
0.0031406
0.00260352
0.00206815
0.00165512
0.00139696
0.00125259
0.00115619
0.00106046
0.000951346
0.000837218
0.000731612
0.000643519
0.000575963
0.000527453
0.000494348
0.000472694
0.000458515
0.000449949
0.00044453
0.000445781
0.00044942
0.000470365
0.000489161
0.010748
0.00737796
0.00539167
0.00412536
0.00326926
0.00266367
0.00222045
0.00188813
0.00163547
0.0014429
0.0012978
0.00119168
0.00111844
0.00107328
0.00105239
0.00105324
0.00107502
0.00111769
0.00117746
0.0012386
0.00126871
0.00124728
0.00116117
0.0010233
0.000865206
0.000719975
0.000611662
0.000558456
0.000584189
0.000728287
0.00104532
0.00158104
0.00231153
0.00308562
0.00367855
0.00393541
0.00382836
0.00341844
0.00283261
0.00223716
0.00176398
0.00145623
0.00127737
0.00116096
0.00105624
0.000944895
0.00083177
0.000728239
0.000642288
0.000576659
0.000529795
0.000497996
0.000477244
0.000463528
0.000454981
0.000449242
0.000449891
0.000452875
0.000472963
0.000491115
0.0107481
0.00738034
0.00539618
0.00413134
0.00327611
0.00267084
0.0022273
0.00189385
0.00163899
0.00144282
0.00129241
0.00117901
0.00109628
0.00103932
0.00100418
0.000987961
0.000988985
0.00100599
0.00103493
0.00106346
0.00106955
0.00103991
0.000966673
0.000859906
0.000742042
0.000636595
0.000562602
0.000539231
0.000595813
0.000779569
0.0011531
0.00176564
0.00258101
0.00341711
0.00402826
0.00427081
0.00413815
0.003697
0.00306768
0.00241627
0.00188406
0.00152569
0.00131046
0.00117205
0.00105658
0.00094165
0.000828614
0.000726603
0.000642497
0.000578652
0.000533385
0.000502879
0.000483018
0.000469741
0.000461182
0.000455091
0.000455126
0.000457455
0.000476722
0.000494234
0.0107481
0.00738272
0.00540066
0.00413723
0.00328282
0.00267787
0.00223414
0.00189985
0.00164328
0.0014443
0.00128973
0.00117056
0.00108033
0.00101404
0.000967679
0.000938158
0.000923279
0.000921074
0.000927535
0.000933029
0.000923088
0.000889076
0.000826616
0.000743364
0.000655103
0.00057887
0.000531038
0.000532863
0.000619385
0.000845423
0.00128112
0.00197705
0.00287873
0.00376787
0.00438277
0.00460081
0.00443984
0.00397071
0.00330438
0.00260267
0.00201398
0.00160484
0.0013518
0.00118959
0.0010617
0.000941876
0.000828008
0.000726943
0.000644359
0.000582135
0.000538393
0.000509148
0.000490146
0.000477262
0.000468639
0.000462152
0.000461548
0.000463216
0.000481688
0.000498554
0.0107481
0.00738514
0.00540512
0.00414305
0.00328941
0.0026848
0.00224096
0.00190603
0.00164815
0.00144699
0.00128915
0.00116547
0.00106936
0.000995765
0.000940676
0.000900905
0.000873986
0.000857598
0.000847982
0.000837609
0.000817377
0.000781532
0.000727805
0.00066193
0.000595089
0.000540275
0.000512986
0.000537466
0.000654699
0.000927011
0.00143146
0.00221682
0.0032031
0.00413189
0.00473412
0.00491846
0.00472799
0.0042349
0.00353868
0.00279349
0.00215216
0.00169305
0.00140126
0.00121369
0.00107183
0.000945823
0.000830205
0.000729495
0.00064809
0.000587302
0.000544997
0.000516958
0.00049876
0.000486202
0.000477444
0.000470497
0.000469221
0.00047021
0.000487903
0.000504106
0.0107482
0.0073876
0.00540961
0.00414883
0.00329593
0.00269163
0.00224773
0.00191233
0.00165344
0.00145058
0.00129021
0.00116302
0.00106233
0.000983069
0.000921245
0.000873652
0.000837704
0.000810957
0.000790003
0.000768875
0.00074231
0.000706127
0.00065928
0.000606062
0.000554643
0.000515812
0.000505587
0.000551973
0.00070219
0.001026
0.00160635
0.00248589
0.00355098
0.00450173
0.00507422
0.00521783
0.00499855
0.00448616
0.00376729
0.00298603
0.00229695
0.00178955
0.00145861
0.00124442
0.00108715
0.000953731
0.000835451
0.000734494
0.000653908
0.000594356
0.00055338
0.000526472
0.000508998
0.000496673
0.000487685
0.000480201
0.000478206
0.000478489
0.000495409
0.000510919
0.0107482
0.00739012
0.00541414
0.00415461
0.0033024
0.00269839
0.00225446
0.0019187
0.00165902
0.00145486
0.00129252
0.0011626
0.00105837
0.000974749
0.000907768
0.000854247
0.000811578
0.000777323
0.000748452
0.000720282
0.000689875
0.000654077
0.000612517
0.000568455
0.000528247
0.000501867
0.000506979
0.000576071
0.000762896
0.00114448
0.00180805
0.0027843
0.00391747
0.00486877
0.00539543
0.00549445
0.00524919
0.00472252
0.00398786
0.00317796
0.00244669
0.0018935
0.00152359
0.0012818
0.00110784
0.000965831
0.000843991
0.00074218
0.00066204
0.000603508
0.000563735
0.000537857
0.000521
0.000508786
0.000499452
0.000491335
0.00048856
0.000488101
0.000504239
0.00051901
0.0107483
0.00739272
0.00541874
0.00416042
0.00330884
0.00270511
0.00226117
0.00192511
0.00166482
0.00145963
0.00129577
0.00116375
0.00105679
0.000969824
0.000898913
0.000840925
0.000793279
0.00075361
0.000719245
0.000686657
0.000653869
0.000618726
0.000581161
0.000543748
0.000511942
0.000495988
0.000516167
0.000610124
0.000838425
0.00128495
0.00203858
0.00311076
0.0042959
0.00522381
0.00569115
0.00574563
0.00547929
0.00494347
0.00419902
0.00336743
0.00259986
0.00200404
0.00159585
0.00132581
0.00113405
0.000982346
0.00085607
0.000752796
0.00067272
0.00061498
0.000576263
0.000551289
0.000534907
0.000522651
0.000512828
0.000503963
0.000500335
0.000499086
0.000514419
0.000528389
0.0107484
0.00739541
0.00542343
0.00416628
0.00331531
0.00271181
0.00226785
0.00193156
0.00167078
0.00146478
0.00129973
0.00116609
0.00105703
0.000967501
0.000893608
0.000832265
0.000780942
0.000737378
0.000699212
0.000663793
0.000629603
0.000595177
0.000560615
0.00052813
0.000503006
0.000496669
0.000532897
0.00065513
0.000930914
0.0014501
0.00229941
0.0034624
0.00467787
0.00555757
0.0059563
0.00597042
0.00568974
0.00514979
0.00440042
0.00355316
0.00275511
0.0021203
0.00167504
0.00137644
0.00116591
0.0010035
0.000871936
0.000766593
0.000686192
0.000629004
0.000591176
0.000566946
0.00055086
0.000538374
0.00052789
0.000518144
0.000513577
0.000511475
0.000525965
0.000539052
0.0107485
0.0073982
0.00542824
0.00417223
0.00332182
0.00271852
0.00227455
0.00193804
0.00167686
0.00147021
0.00130423
0.00116932
0.00105864
0.000967159
0.000891002
0.000827141
0.000773104
0.000726736
0.000685934
0.000648669
0.000613669
0.000579915
0.000547632
0.000518976
0.000499681
0.000503178
0.000557571
0.000712684
0.00104299
0.00164272
0.0025911
0.00383442
0.00505364
0.00586142
0.00618759
0.00616951
0.00588263
0.00534322
0.00459252
0.00373444
0.00291137
0.00224147
0.00176078
0.00143361
0.00120356
0.0010295
0.000891843
0.000783835
0.000702717
0.000645825
0.000608692
0.000585007
0.000568996
0.000556051
0.000544706
0.000533926
0.000528318
0.000525289
0.000538878
0.000550979
0.0107486
0.00740112
0.00543319
0.0041783
0.00332841
0.00272529
0.00228127
0.00194457
0.00168303
0.00147585
0.00130912
0.00117322
0.0010613
0.000968309
0.000890432
0.000824676
0.00076863
0.000720236
0.000677594
0.000639098
0.000603629
0.00057046
0.000539967
0.000514545
0.000500959
0.000515431
0.000591203
0.000784962
0.00117769
0.00186536
0.00291289
0.00422
0.00541255
0.00612793
0.00638357
0.00634488
0.0060608
0.00552612
0.00477637
0.00391103
0.00306777
0.0023668
0.00185268
0.00149727
0.00124713
0.00106057
0.000916051
0.000804796
0.000722567
0.000665704
0.000629038
0.000605654
0.000589443
0.000575766
0.000563329
0.000551341
0.000544578
0.000540531
0.000553139
0.00056413
0.0107487
0.00740417
0.0054383
0.00418452
0.00333511
0.00273212
0.00228805
0.00195115
0.00168929
0.00148166
0.00131432
0.00117763
0.00106473
0.000970578
0.000891383
0.000824195
0.000766651
0.000716777
0.000672838
0.000633498
0.000597748
0.000565086
0.000536109
0.000513769
0.000506443
0.000533934
0.000635405
0.000874713
0.00133833
0.00212007
0.00326229
0.00461034
0.00574372
0.00635136
0.00654451
0.00649932
0.00622738
0.00570101
0.00495335
0.00408304
0.00322373
0.00249566
0.00195038
0.00156732
0.00129671
0.00109695
0.000944835
0.000829767
0.000746033
0.000688911
0.000652445
0.000629057
0.000612313
0.000597585
0.000583793
0.000570405
0.000562356
0.000557185
0.00056871
0.000578441
0.0107488
0.00740739
0.00544361
0.00419091
0.00334195
0.00273907
0.0022949
0.0019578
0.00169564
0.00148761
0.00131976
0.00118242
0.00106874
0.000973679
0.000893464
0.000825177
0.000766502
0.000715533
0.000670665
0.000630721
0.000594801
0.000562609
0.000535095
0.000516112
0.000516266
0.000559758
0.000692401
0.000985231
0.00152835
0.0024079
0.00363471
0.00499488
0.00603669
0.00652797
0.00667208
0.00663602
0.00638531
0.00587021
0.00512484
0.00425082
0.00337882
0.00262746
0.00205353
0.0016437
0.00135245
0.00113884
0.00097848
0.000859059
0.000773423
0.000715729
0.000679141
0.000655375
0.000637697
0.000621548
0.000606106
0.000591109
0.000581629
0.000575209
0.000585524
0.000593823
0.010749
0.00741078
0.00544914
0.00419751
0.00334896
0.00274615
0.00230187
0.00196454
0.00170209
0.00149369
0.00132538
0.00118751
0.00107318
0.000977392
0.000896371
0.000827228
0.00076768
0.00071588
0.000670336
0.000629937
0.000593927
0.000562251
0.000536385
0.00052149
0.000531068
0.000594561
0.000765051
0.00112028
0.00175093
0.00272842
0.0040233
0.00536183
0.00628219
0.00665603
0.00676891
0.00675801
0.00653692
0.00603546
0.00529199
0.00441476
0.00353279
0.00276174
0.00216179
0.00172632
0.00141444
0.0011865
0.00101729
0.000892997
0.000805062
0.000746446
0.000709343
0.000684742
0.000665655
0.000647662
0.000630247
0.000613415
0.000602346
0.000594532
0.000603478
0.000610111
0.0107492
0.00741436
0.0054549
0.00420433
0.00335617
0.00275339
0.00230896
0.00197139
0.00170863
0.00149987
0.00133116
0.0011928
0.00107794
0.000981545
0.000899869
0.000830038
0.000769799
0.000717349
0.000671285
0.000630549
0.000594549
0.000563556
0.000539812
0.000530255
0.00055202
0.000640636
0.000856865
0.00128397
0.00200864
0.00307925
0.00441889
0.00569874
0.00647266
0.00673579
0.00683817
0.00686781
0.00668361
0.00619768
0.0054555
0.00457514
0.00368544
0.00289809
0.00227486
0.00181509
0.0014828
0.00124017
0.00106157
0.000931927
0.000841283
0.000781345
0.000743248
0.000717255
0.000696202
0.000675893
0.000656157
0.000637252
0.00062442
0.000615048
0.000622435
0.000627122
0.0107494
0.00741815
0.00546094
0.00421141
0.0033636
0.0027608
0.00231618
0.00197834
0.00171526
0.00150615
0.00133704
0.00119825
0.00108291
0.000985997
0.000903769
0.000833367
0.00077256
0.000719585
0.00067311
0.000632149
0.000596319
0.000566355
0.000545565
0.000543219
0.000580881
0.000700971
0.000971984
0.00148047
0.00230286
0.00345559
0.0048102
0.00599334
0.0066028
0.00676912
0.00688302
0.00696703
0.00682567
0.0063568
0.00561544
0.00473206
0.00383659
0.00303615
0.00239246
0.00190995
0.00155766
0.00130011
0.00111167
0.000976207
0.000882425
0.000820694
0.000781014
0.00075296
0.000729302
0.000706158
0.000683734
0.000662506
0.000647726
0.000636607
0.000642211
0.000644655
0.0107496
0.00742218
0.00546725
0.00421876
0.00337125
0.0027684
0.00232355
0.00198539
0.00172196
0.00151248
0.00134298
0.00120378
0.001088
0.000990619
0.000907907
0.000837013
0.000775724
0.000722323
0.000675534
0.000634493
0.000599109
0.000570768
0.000554229
0.000561722
0.000620084
0.000779304
0.00111509
0.00171361
0.00263312
0.00384994
0.00518436
0.00623435
0.00666971
0.0067591
0.00690627
0.00705618
0.00696213
0.00651171
0.00577126
0.0048853
0.003986
0.00317557
0.00251433
0.00201082
0.00163913
0.00136656
0.00116791
0.0010262
0.000928819
0.000864728
0.00082274
0.000791834
0.00076485
0.000738315
0.000712824
0.000689019
0.000672092
0.000659013
0.000662572
0.000662456
0.0107499
0.00742644
0.00547385
0.00422637
0.00337912
0.00277615
0.00233101
0.0019925
0.00172869
0.00151881
0.00134891
0.0012093
0.0010931
0.000995289
0.000912138
0.000840808
0.000779107
0.000725379
0.000678395
0.000637505
0.000603029
0.000577257
0.000566857
0.00058773
0.00067283
0.000880143
0.00129116
0.00198631
0.0029965
0.00425204
0.00552762
0.0064122
0.006673
0.0067096
0.00691001
0.0071346
0.00709086
0.00666041
0.00592173
0.00503433
0.00413333
0.00331601
0.00264018
0.0021176
0.00172732
0.00143979
0.00123065
0.00108228
0.000980764
0.000913619
0.000868443
0.000833766
0.000802662
0.000772155
0.000743218
0.00071658
0.000697292
0.000682015
0.000683231
0.000680217
0.0107502
0.00743095
0.00548074
0.00423423
0.00338717
0.00278401
0.00233852
0.0019996
0.00173536
0.00152505
0.00135473
0.00121471
0.00109809
0.000999877
0.000916324
0.00084461
0.000782573
0.000728632
0.000681667
0.000641317
0.000608491
0.000586708
0.000585085
0.000623959
0.000743177
0.00100869
0.00150511
0.0022998
0.00338704
0.0046492
0.00582618
0.00651974
0.00661456
0.00662475
0.00689541
0.00720044
0.00720875
0.00679998
0.00606508
0.00517831
0.00427814
0.00345713
0.00276976
0.00223022
0.00182234
0.00152006
0.00130023
0.00114477
0.00103851
0.00096745
0.000918031
0.000878534
0.00084246
0.000807394
0.000774642
0.000744917
0.00072304
0.0007053
0.00070384
0.000697581
0.0107505
0.0074357
0.00548789
0.00424227
0.0033953
0.00279186
0.00234594
0.00200654
0.00174182
0.00153106
0.0013603
0.00121986
0.00110285
0.00100425
0.000920342
0.000848321
0.000786068
0.000732111
0.000685522
0.000646349
0.000616314
0.000600565
0.000611276
0.000674005
0.000836079
0.00117066
0.00176112
0.00265277
0.00379543
0.00502687
0.00606721
0.00655263
0.00649825
0.00650857
0.00686261
0.00725085
0.00731191
0.00692707
0.00619913
0.0053161
0.00441986
0.00359852
0.00290279
0.00234855
0.00192427
0.00160761
0.00137695
0.00121395
0.00110219
0.00102617
0.000971267
0.000925793
0.000883867
0.000843669
0.000806754
0.000773693
0.000748985
0.00072849
0.000723987
0.000714135
0.0107509
0.00744066
0.0054952
0.00425037
0.00340336
0.00279952
0.00235307
0.00201313
0.00174788
0.00153663
0.00136543
0.00122458
0.00110721
0.00100829
0.00092412
0.000851927
0.000789675
0.000736055
0.000690436
0.000653432
0.000627871
0.000620985
0.000648671
0.00074244
0.00095732
0.00137182
0.00206177
0.00304059
0.00420909
0.00536955
0.00623971
0.00650957
0.00632942
0.00636464
0.0068108
0.00728221
0.00739603
0.007038
0.00632142
0.00544637
0.00455781
0.00373974
0.00303896
0.00247248
0.00203317
0.00170264
0.00146108
0.00129002
0.00117183
0.00108956
0.00102774
0.000975049
0.000926392
0.00088053
0.000839135
0.000802497
0.000774702
0.000751135
0.000743196
0.000729419
0.0107512
0.00744575
0.00550255
0.00425832
0.00341108
0.00280668
0.0023596
0.00201904
0.00175324
0.00154151
0.00136989
0.0012287
0.00111105
0.00101194
0.00092769
0.000855578
0.000793718
0.000741036
0.000697325
0.000663978
0.000645265
0.000651023
0.000701537
0.000834844
0.00111327
0.00161728
0.002407
0.00345464
0.00461259
0.00566189
0.00633532
0.00639234
0.00611446
0.00619587
0.00673834
0.00729051
0.0074567
0.00712906
0.00642941
0.00556765
0.00469118
0.00388033
0.00317796
0.00260183
0.00214905
0.00180529
0.00155277
0.00137301
0.00124722
0.00115717
0.00108684
0.00102565
0.000969433
0.000917437
0.000871289
0.000830838
0.000799684
0.00077271
0.000760927
0.000742926
0.0107515
0.00745083
0.00550968
0.00426577
0.00341805
0.00281292
0.00236509
0.00202387
0.00175754
0.00154539
0.00137346
0.00123208
0.00111435
0.00101531
0.000931304
0.000859721
0.000798925
0.000748134
0.000707748
0.000680181
0.000671535
0.000694793
0.000775242
0.000957684
0.00131035
0.00191049
0.00279303
0.00388215
0.00498866
0.00588982
0.00634889
0.00620552
0.00586026
0.00600449
0.00664302
0.00727159
0.00748968
0.00719674
0.0065206
0.00567841
0.00481912
0.00401973
0.00331939
0.0027364
0.00227186
0.0019156
0.00165202
0.00146272
0.00132789
0.00122827
0.00114774
0.00107679
0.00101227
0.000953759
0.00090263
0.000858139
0.000823343
0.000792617
0.000776582
0.000754119
0.0107516
0.00745566
0.00551616
0.00427217
0.00342366
0.0028176
0.00236896
0.00202713
0.00176037
0.001548
0.00137602
0.00123475
0.00111732
0.00101879
0.0009356
0.000865295
0.000806607
0.000759165
0.000724131
0.000705236
0.000710833
0.000757582
0.000876207
0.00111793
0.00155418
0.00225195
0.00321143
0.00430656
0.00531938
0.00604168
0.0062788
0.0059561
0.00557386
0.00579202
0.00652235
0.00722157
0.00749117
0.00723786
0.00659265
0.00577711
0.00494069
0.00415734
0.00346284
0.00287588
0.00240142
0.00203344
0.00175859
0.00155864
0.00141301
0.00130182
0.00120934
0.0011275
0.00105408
0.000988773
0.000932485
0.000883732
0.000845006
0.000810187
0.000789517
0.000762443
0.0107514
0.00745982
0.00552135
0.00427671
0.00342704
0.0028199
0.00237051
0.00202826
0.00176141
0.00154921
0.00137766
0.00123706
0.00112057
0.00102331
0.000941843
0.000873992
0.000818979
0.000776937
0.000749998
0.000743524
0.000768539
0.000845814
0.00101161
0.00132233
0.00184827
0.0026378
0.00364871
0.00470847
0.00558771
0.00610905
0.00612708
0.00565303
0.00526208
0.00555952
0.00637392
0.00713705
0.00745791
0.00724971
0.00664345
0.00586226
0.00505492
0.00429248
0.00360776
0.00301986
0.00253741
0.00215844
0.00187188
0.00165986
0.00150137
0.00137644
0.00127034
0.00117664
0.00109391
0.00102166
0.000960081
0.000906857
0.000863921
0.000824697
0.000799067
0.000767358
0.0107506
0.00746266
0.00552426
0.00427826
0.00342707
0.00281886
0.002369
0.00202683
0.00176053
0.00154926
0.00137897
0.00123995
0.00112541
0.00103057
0.000952202
0.000888571
0.00083939
0.000805468
0.000790136
0.000800697
0.000851206
0.000966774
0.00118871
0.00157619
0.00219246
0.00305877
0.00408667
0.00506719
0.00577887
0.00608737
0.00589917
0.00530654
0.00493135
0.00530777
0.0061957
0.00701537
0.00738732
0.00723002
0.00667117
0.00593245
0.00516076
0.00442434
0.00375349
0.00316772
0.00267918
0.00228981
0.00199081
0.00176491
0.00159123
0.00145039
0.0013292
0.00122295
0.00113074
0.0010515
0.000984553
0.000926664
0.000879272
0.000835394
0.000804576
0.00076838
0.0107488
0.00746316
0.00552348
0.00427528
0.00342238
0.00281345
0.00236385
0.00202276
0.00175815
0.00154904
0.0013813
0.00124525
0.00113415
0.00104341
0.00097005
0.000913072
0.000872493
0.000850096
0.000850612
0.000883554
0.000966233
0.00112794
0.00141371
0.00188174
0.00258134
0.00349965
0.00450346
0.00536252
0.00588161
0.00597627
0.00560362
0.00492764
0.00458766
0.00503763
0.00598636
0.0068547
0.00727747
0.00717699
0.00667419
0.00598628
0.00525708
0.00455197
0.0038991
0.00331854
0.0028257
0.00242624
0.00211366
0.0018717
0.00168037
0.00152158
0.00138418
0.00126507
0.00116343
0.0010773
0.00100494
0.000942237
0.000890208
0.000841539
0.000805476
0.000765142
0.0107452
0.00745981
0.00551708
0.00426591
0.0034115
0.00280282
0.00235495
0.00201665
0.00175555
0.00155046
0.00138717
0.00125602
0.00115042
0.00106597
0.00100017
0.000952799
0.000924248
0.000917373
0.000938522
0.000999592
0.0011211
0.00133577
0.00169005
0.00223628
0.00300306
0.00393972
0.00487544
0.00557664
0.00588908
0.00577953
0.00525143
0.00452748
0.00423655
0.00475036
0.0057455
0.00665412
0.00712707
0.0070892
0.00665113
0.00602242
0.0053426
0.00467414
0.00404336
0.00347094
0.00297533
0.00256569
0.00223795
0.00197748
0.00176608
0.00158764
0.00143341
0.00130155
0.0011908
0.00109797
0.00102023
0.00095263
0.000895907
0.000842482
0.000801376
0.000757484
0.010739
0.00745047
0.00550257
0.00424803
0.00339316
0.00278674
0.00234309
0.00201024
0.00175531
0.00155683
0.00140051
0.00127677
0.00117923
0.00110384
0.00104874
0.00101439
0.00100166
0.00101461
0.00106133
0.00115605
0.00132202
0.00159394
0.00201637
0.0026305
0.00343905
0.00435423
0.00517946
0.00569577
0.00579936
0.0055048
0.00485546
0.00411693
0.00388328
0.00444789
0.00547378
0.00641364
0.00693539
0.00696547
0.00660074
0.00603944
0.00541579
0.00478922
0.00418448
0.00362287
0.00312561
0.00270517
0.00236027
0.00207875
0.00184516
0.00164596
0.00147493
0.00133088
0.00121158
0.00111237
0.00102938
0.000956941
0.000895664
0.000837774
0.00079217
0.000745577
0.0107284
0.00743227
0.00547706
0.00421967
0.0033668
0.00276613
0.00233052
0.00200689
0.00176164
0.00157303
0.00142675
0.00131341
0.00122693
0.00116372
0.00112303
0.0011051
0.00111198
0.0011489
0.0012256
0.00135831
0.00157201
0.00190112
0.00238457
0.0030477
0.00386497
0.00471672
0.0053952
0.00571138
0.00561553
0.00516305
0.00442958
0.00370615
0.00353293
0.00413313
0.00517312
0.00613423
0.00670225
0.00680474
0.00652172
0.00603577
0.00547476
0.00489505
0.00431996
0.00377135
0.00327298
0.0028406
0.00247626
0.00217134
0.00191406
0.00169383
0.00150676
0.00135156
0.00122452
0.00111938
0.00103143
0.000954438
0.000889042
0.000827332
0.000778227
0.00073009
0.0107115
0.00740236
0.00543763
0.00417968
0.00333331
0.00274372
0.00232141
0.00201174
0.00178036
0.00160533
0.00147247
0.0013727
0.00130042
0.00125265
0.00122962
0.00123146
0.00126129
0.00132551
0.00143518
0.00160779
0.00186853
0.00224892
0.00277864
0.0034642
0.00425286
0.00500187
0.00550722
0.00562086
0.00534538
0.00476788
0.00398792
0.00330433
0.00319049
0.00381005
0.00484677
0.00581785
0.00642797
0.00660581
0.00641262
0.00600953
0.00551712
0.00498872
0.00444629
0.00391224
0.00341262
0.00296667
0.00258062
0.00225055
0.00196903
0.00172854
0.001527
0.00136215
0.00122842
0.00111803
0.00102568
0.000944761
0.000876094
0.000811679
0.000760624
0.000712423
0.0106862
0.00735771
0.00538315
0.00412871
0.0032959
0.00272455
0.00232189
0.00203148
0.00181836
0.00166059
0.00154438
0.00146117
0.00140594
0.00137655
0.00137369
0.0013977
0.0014526
0.00154565
0.00168872
0.00189946
0.00220139
0.00262061
0.00317495
0.00385139
0.00457422
0.00518825
0.00550644
0.00542768
0.00500076
0.00433459
0.00354408
0.00291942
0.00286084
0.00348373
0.00449945
0.00546765
0.00611342
0.00636715
0.00627145
0.0059584
0.00553975
0.00506632
0.00455876
0.00403994
0.00353823
0.00307685
0.00266727
0.00231129
0.00200631
0.00174755
0.00153395
0.00136141
0.00122235
0.00110773
0.00101194
0.000928216
0.000857673
0.000792276
0.000741475
0.000695011
0.0106502
0.00729607
0.00531403
0.00407087
0.00326071
0.00271592
0.0023395
0.00207333
0.00188224
0.00174473
0.00164767
0.00158322
0.00154707
0.00153814
0.00155644
0.00160334
0.00168334
0.00180411
0.00197748
0.00221998
0.00255175
0.00299149
0.00354417
0.00417891
0.00480332
0.00526066
0.00539093
0.005141
0.00459678
0.00387931
0.00311045
0.00255799
0.00254867
0.00316021
0.00413746
0.00508721
0.00575972
0.0060888
0.00609488
0.0058794
0.00553869
0.00512278
0.00465117
0.00414728
0.00364208
0.00316354
0.00272957
0.00234849
0.00202238
0.00174869
0.00152627
0.00134852
0.00120595
0.00108862
0.000990957
0.000906194
0.000835845
0.00077193
0.000724318
0.000681723
0.0106021
0.00721757
0.00523434
0.00401387
0.00323669
0.00272645
0.0023816
0.00214311
0.0019763
0.00186058
0.00178378
0.0017389
0.00172238
0.00173383
0.00177256
0.00184083
0.00194324
0.00208729
0.00228389
0.00254729
0.00289291
0.00333119
0.00385479
0.00441842
0.0049203
0.00521169
0.00516599
0.00477486
0.00415073
0.00341792
0.00269765
0.00222516
0.00225813
0.00284604
0.00376809
0.00467672
0.00537249
0.00577308
0.00587967
0.00576749
0.00550893
0.00515172
0.00471576
0.00422549
0.0037151
0.00321841
0.00276078
0.00235736
0.00201433
0.00173046
0.00150336
0.00132356
0.00117996
0.00106218
0.000964975
0.000881711
0.00081442
0.000755252
0.000714625
0.000678424
0.0105432
0.00712724
0.00515364
0.00396903
0.00323459
0.00276412
0.00245313
0.00224292
0.00210013
0.00200555
0.00194811
0.00192167
0.00192329
0.00195254
0.00200867
0.00209415
0.00221334
0.00237294
0.00258224
0.00285234
0.00319332
0.00360757
0.00407733
0.00454733
0.00491341
0.00504237
0.00484357
0.00434707
0.00368095
0.0029652
0.00231409
0.00192449
0.00199259
0.00254771
0.00339321
0.00424672
0.00495669
0.00542168
0.00562449
0.00561533
0.00544436
0.00514532
0.00474327
0.00426444
0.00374738
0.00323295
0.00275461
0.00233402
0.00198032
0.00169259
0.00146603
0.00128824
0.00114703
0.00103198
0.00093845
0.000860097
0.0007996
0.000749349
0.00072049
0.00069381
0.0104808
0.00703871
0.00508853
0.00395098
0.00326419
0.00283376
0.00255412
0.00236897
0.00224687
0.00217015
0.00212879
0.00211734
0.00213327
0.00217543
0.00224345
0.00233951
0.0024673
0.00263231
0.00284167
0.00310298
0.00342109
0.00379144
0.0041885
0.00455161
0.00478037
0.00476207
0.00444124
0.00387793
0.00320576
0.00253407
0.0019658
0.00165806
0.0017543
0.00227116
0.00302008
0.00380799
0.00451756
0.00503593
0.00532753
0.00541686
0.00533641
0.00509448
0.00472312
0.00425308
0.00372879
0.00319922
0.00270606
0.00227631
0.00192049
0.00163707
0.00141764
0.00124713
0.0011128
0.00100468
0.000918945
0.000849836
0.000800821
0.000764758
0.000753665
0.000740797
0.0104348
0.00697942
0.0050639
0.00397622
0.00333273
0.00293478
0.00267861
0.00251116
0.0024032
0.00233838
0.00230745
0.00230531
0.00232947
0.00237779
0.00245036
0.00254868
0.00267549
0.00283478
0.00303137
0.00326946
0.00354938
0.00386124
0.00417461
0.00442772
0.00452864
0.00438759
0.00398073
0.00338884
0.00274241
0.00213525
0.00165644
0.0014268
0.0015444
0.00201705
0.00266391
0.00337322
0.00406196
0.00461755
0.00498677
0.00516684
0.00517492
0.00498918
0.00464399
0.00418029
0.00365005
0.00311116
0.00261271
0.00218522
0.00183869
0.00156997
0.0013659
0.00120921
0.0010873
0.000991195
0.000918252
0.000863723
0.00083198
0.000816977
0.000831305
0.000838981
0.0104491
0.00699776
0.00511391
0.00406194
0.00344427
0.00306254
0.00281647
0.0026557
0.00255263
0.00249158
0.00246353
0.00246329
0.00248781
0.00253466
0.00260354
0.0026952
0.00281132
0.00295436
0.00312694
0.00333035
0.00356144
0.00380679
0.0040339
0.00418338
0.00417493
0.00394183
0.0034864
0.002901
0.00230633
0.00177942
0.00139216
0.00123116
0.00136331
0.00178809
0.00233881
0.00295838
0.00360096
0.0041704
0.00460079
0.00486018
0.0049497
0.00481933
0.00449475
0.00403623
0.00350454
0.00296664
0.00247727
0.00206772
0.0017455
0.00150436
0.00132535
0.00118994
0.00108663
0.00100834
0.000954023
0.000920739
0.000913565
0.000929268
0.00097908
0.0010192
0.0106122
0.00717361
0.00528389
0.00422697
0.00360262
0.00321323
0.00295976
0.00279219
0.00268303
0.00261621
0.00258229
0.00257553
0.00259209
0.00262929
0.00268614
0.00276256
0.00285919
0.00297709
0.00311706
0.00327816
0.0034549
0.00363219
0.00377781
0.00383745
0.00374407
0.00345219
0.00298368
0.00243441
0.00191091
0.00147511
0.00117462
0.00107205
0.00121167
0.00158792
0.00205685
0.00258353
0.00315372
0.00370477
0.00417133
0.00449356
0.00465278
0.00457538
0.00426595
0.00381473
0.0032915
0.00277159
0.00231229
0.00194197
0.00166327
0.00146425
0.00132046
0.00121383
0.00113546
0.00108145
0.00105272
0.00104962
0.00107669
0.00113805
0.00123691
0.00133223
0.0110953
0.00763579
0.00563527
0.00449761
0.00382067
0.00339496
0.00311449
0.00292553
0.00279839
0.00271548
0.00266625
0.00264401
0.00264411
0.0026634
0.00270009
0.00275331
0.00282278
0.00290844
0.00300972
0.00312424
0.00324534
0.00335776
0.00343161
0.00341946
0.00326776
0.00294902
0.00249785
0.00200729
0.00156778
0.00122664
0.00100716
0.000952751
0.00109206
0.00142008
0.00182765
0.00227268
0.00275222
0.00324612
0.00371056
0.00407023
0.00428162
0.00425111
0.00395274
0.00351776
0.00302258
0.00254816
0.00214914
0.00184561
0.00163247
0.00148967
0.00138998
0.00131874
0.00127158
0.00124963
0.00125555
0.00129608
0.0013709
0.0015035
0.00166975
0.00186579
0.0122272
0.00859401
0.00625709
0.00492309
0.00413946
0.00364677
0.00331862
0.00309257
0.00293442
0.002824
0.00274901
0.00270152
0.002676
0.00266856
0.00267665
0.00269869
0.00273367
0.00278073
0.00283843
0.00290363
0.00296951
0.00302202
0.00303506
0.0029692
0.00278363
0.00246468
0.00205343
0.00163615
0.00128793
0.00104105
0.000897408
0.000882071
0.00101192
0.00128879
0.00165785
0.00205297
0.00244497
0.00284845
0.00325843
0.00361396
0.0038475
0.00385012
0.00355996
0.00316413
0.00273443
0.00234917
0.00205145
0.00184687
0.00172025
0.00164459
0.00159514
0.00156492
0.00155601
0.00157714
0.00163096
0.00173763
0.00188032
0.00213095
0.00238853
0.00277874
0.0146525
0.0104019
0.00729333
0.00561056
0.0046626
0.00406807
0.00366743
0.00338455
0.00317868
0.00302605
0.00291201
0.00282703
0.00276436
0.00271919
0.00268826
0.00266935
0.00266091
0.00266151
0.00266923
0.00268071
0.00268973
0.00268455
0.00264411
0.00253763
0.00233558
0.00203376
0.00167463
0.00133661
0.00108282
0.000929737
0.000860579
0.000879249
0.000988709
0.0012022
0.00155039
0.00195433
0.00229968
0.00260876
0.00291363
0.00320251
0.00340126
0.00339976
0.00311092
0.00280358
0.00250818
0.00227776
0.0021328
0.00206043
0.00203678
0.00203462
0.00203904
0.00205608
0.00209538
0.00217801
0.00230104
0.00251479
0.00275639
0.00321523
0.00359236
0.00437287
0.019702
0.0136943
0.00901193
0.00679991
0.00561807
0.00486778
0.00435473
0.00398277
0.00370203
0.00348385
0.00331006
0.0031687
0.00305116
0.00295152
0.00286565
0.00279071
0.00272462
0.00266548
0.00261098
0.00255781
0.00250091
0.0024317
0.0023353
0.00219017
0.00197655
0.00169547
0.00138727
0.00112463
0.000965005
0.000909967
0.000924119
0.000981716
0.00105942
0.00118021
0.00150367
0.0020098
0.00240931
0.00268251
0.00287411
0.00302449
0.00309028
0.00298591
0.0026594
0.00252947
0.00248899
0.00251159
0.00258581
0.00268233
0.00277575
0.0028514
0.00291344
0.00298823
0.00309262
0.00327078
0.00349926
0.00389912
0.00428846
0.00513765
0.00565888
0.00725091
0.0303471
0.0197219
0.0119814
0.00902504
0.0074825
0.00646462
0.0057594
0.00523495
0.00482717
0.00449952
0.00422757
0.003995
0.00379022
0.00360545
0.00343531
0.0032761
0.00312504
0.00297955
0.00283668
0.00269311
0.00254517
0.00238832
0.00221519
0.00201442
0.0017749
0.00149896
0.00122263
0.00101854
0.000948697
0.00100786
0.00113626
0.0012594
0.00129996
0.00127163
0.00151322
0.00225689
0.00291044
0.00331849
0.00348583
0.00345846
0.00324854
0.00282466
0.00229888
0.00247115
0.00290431
0.00335193
0.00375861
0.00408584
0.00432147
0.004485
0.00461296
0.00476613
0.0049657
0.00530545
0.0057033
0.00644985
0.00706496
0.00868983
0.00934925
0.012685
0.0539307
0.0312559
0.0175227
0.0134849
0.0112725
0.009732
0.00866224
0.0078505
0.00720673
0.0066789
0.00622971
0.00583409
0.00547506
0.00514127
0.00482503
0.00452123
0.00422594
0.00393531
0.0036452
0.00335183
0.00305326
0.0027503
0.00244523
0.002139
0.00182891
0.00151466
0.00122598
0.00104478
0.00105586
0.00126567
0.00158351
0.00184726
0.00186671
0.00159037
0.00158561
0.00274392
0.00403714
0.00496701
0.00538533
0.00524052
0.00455452
0.0033737
0.00218468
0.00275831
0.00411423
0.00536792
0.00637147
0.00708275
0.00753153
0.00781343
0.00802461
0.00829497
0.00864208
0.0092768
0.00996039
0.011398
0.0123644
0.0156259
0.016299
0.0235349
0.110932
0.0552398
0.0288899
0.0229857
0.0193116
0.0166514
0.0148281
0.0134281
0.0123079
0.0113803
0.0105793
0.00986115
0.00919771
0.00856991
0.00796561
0.0073771
0.0067985
0.00622384
0.0056467
0.00506242
0.00447194
0.00388477
0.00331801
0.00279011
0.00230844
0.00186525
0.00147929
0.00125424
0.0013285
0.00175838
0.00242855
0.00301695
0.00309083
0.0023963
0.00178401
0.00354887
0.00627695
0.00861059
0.00997187
0.0099768
0.00847307
0.00560125
0.002618
0.00347768
0.00677478
0.00980432
0.0121195
0.0136459
0.0145137
0.0149936
0.0153119
0.0157636
0.0163426
0.0175534
0.018743
0.0216564
0.023178
0.0301255
0.0303109
0.0467121
0.266956
0.111122
0.0545602
0.0445859
0.0374039
0.0321562
0.028645
0.0259414
0.0237777
0.0219805
0.0204149
0.0189947
0.0176649
0.0163893
0.0151464
0.0139239
0.0127128
0.011504
0.0102875
0.00905807
0.00782405
0.00661356
0.00547234
0.00444963
0.00356888
0.00280636
0.002157
0.00176002
0.00185694
0.00263171
0.00399842
0.00534984
0.00570588
0.00429335
0.00233832
0.00481955
0.0108168
0.0167732
0.0208757
0.0217444
0.0186041
0.01178
0.00431807
0.00463549
0.0122866
0.0197276
0.0254184
0.0290349
0.0309201
0.0317883
0.0322055
0.0329133
0.0338329
0.0362455
0.0383785
0.0447005
0.0471037
0.0629851
0.0609898
0.100348
)
;

boundaryField
{
    inlet
    {
        type            fixedValue;
        value           uniform 0.017;
    }
    outlet
    {
        type            zeroGradient;
    }
    fixedWalls
    {
        type            kqRWallFunction;
        value           nonuniform List<scalar> 
120
(
0.266956
0.111122
0.0545602
0.0445859
0.0374039
0.0321562
0.028645
0.0259414
0.0237777
0.0219805
0.0204149
0.0189947
0.0176649
0.0163893
0.0151464
0.0139239
0.0127128
0.011504
0.0102875
0.00905807
0.00782405
0.00661356
0.00547234
0.00444963
0.00356888
0.00280636
0.002157
0.00176002
0.00185694
0.00263171
0.00399842
0.00534984
0.00570588
0.00429335
0.00233832
0.00481955
0.0108168
0.0167732
0.0208757
0.0217444
0.0186041
0.01178
0.00431807
0.00463549
0.0122866
0.0197276
0.0254184
0.0290349
0.0309201
0.0317883
0.0322055
0.0329133
0.0338329
0.0362455
0.0383785
0.0447005
0.0471037
0.0629851
0.0609898
0.100348
0.168232
0.0132545
0.000987157
0.0036159
0.00251002
0.00294178
0.00244846
0.00242421
0.0021695
0.00213825
0.00208798
0.00212024
0.00201753
0.00168592
0.00103579
0.00042959
0.000559243
0.00111386
0.00131198
0.000970638
0.0014612
0.00455491
0.00926533
0.0148053
0.0202923
0.0250013
0.0284002
0.030078
0.0296778
0.0270241
0.0222572
0.0159045
0.00890185
0.00293143
0.00236567
0.00603578
0.00928286
0.0114581
0.0125262
0.0127158
0.0123518
0.0117305
0.0110788
0.0105639
0.0103039
0.0103832
0.0108488
0.0117516
0.0131042
0.0150075
0.0173911
0.0205641
0.0240688
0.0290764
0.0334788
0.0420345
0.0458671
0.0639235
0.0620555
0.105118
)
;
    }
    frontAndBack
    {
        type            empty;
    }
}


// ************************************************************************* //
