/*--------------------------------*- C++ -*----------------------------------*\
| =========                 |                                                 |
| \\      /  F ield         | OpenFOAM: The Open Source CFD Toolbox           |
|  \\    /   O peration     | Version:  2.4.0                                 |
|   \\  /    A nd           | Web:      www.OpenFOAM.org                      |
|    \\/     M anipulation  |                                                 |
\*---------------------------------------------------------------------------*/
FoamFile
{
    version     2.0;
    format      ascii;
    class       volScalarField;
    location    "1.08";
    object      k;
}
// * * * * * * * * * * * * * * * * * * * * * * * * * * * * * * * * * * * * * //

dimensions      [0 2 -2 0 0 0 0];

internalField   nonuniform List<scalar> 
6000
(
0.168271
0.0131683
0.00103091
0.00359585
0.00257921
0.0032112
0.00270469
0.0018988
0.000586736
0.000585375
0.000970669
0.00299387
0.00832801
0.0159589
0.0232857
0.0274806
0.0270606
0.0226731
0.0163993
0.0102216
0.00534014
0.00225031
0.000890114
0.000811839
0.00157484
0.00231825
0.00303831
0.00377034
0.0045399
0.00535206
0.00619132
0.00702833
0.0078312
0.00857725
0.00925992
0.00988832
0.0104815
0.011062
0.0116511
0.0122671
0.0129259
0.0136416
0.0144283
0.0153013
0.0162766
0.0173759
0.0186188
0.0200431
0.021665
0.0235725
0.0257281
0.0284118
0.0312778
0.035401
0.0389711
0.0463877
0.0495393
0.066129
0.0642033
0.104779
0.0762213
0.0101006
0.000982
0.00239254
0.00176367
0.00209284
0.00175771
0.00123597
0.000451612
0.000513502
0.000861572
0.00231383
0.00517038
0.00858662
0.0113632
0.0125688
0.0119297
0.00990622
0.00727054
0.00468455
0.00257555
0.00119991
0.000620963
0.000721318
0.0011442
0.00154232
0.00192018
0.00229551
0.00267858
0.00306973
0.0034612
0.00384117
0.00419866
0.00452768
0.00482884
0.00510843
0.00537584
0.0056411
0.00591341
0.00620069
0.00650984
0.00684733
0.00721957
0.00763374
0.00809752
0.00862099
0.00921393
0.00989346
0.0106692
0.011579
0.0126142
0.0138885
0.015279
0.0172097
0.0190015
0.0223703
0.0242193
0.0314302
0.0316986
0.0484865
0.0412273
0.00800424
0.00100157
0.00168353
0.00125993
0.00142121
0.00118814
0.000843288
0.000376873
0.000470753
0.000801866
0.00184054
0.00344293
0.00502748
0.00603514
0.00621001
0.0056304
0.00461047
0.00342717
0.0022912
0.00135109
0.000734262
0.000504937
0.00062662
0.000863831
0.00108339
0.00128915
0.00148954
0.00168867
0.0018861
0.00207841
0.00226117
0.00243098
0.00258679
0.00273024
0.002865
0.00299574
0.00312715
0.00326348
0.00340844
0.00356535
0.00373738
0.00392779
0.00414022
0.00437867
0.00464824
0.00495418
0.00530493
0.00570644
0.0061762
0.00671427
0.00736966
0.00809993
0.00907949
0.0100504
0.0117069
0.0128355
0.0162115
0.0169513
0.0243065
0.0260634
0.00676101
0.00109334
0.00126795
0.000945757
0.00100815
0.000838721
0.000609076
0.000338163
0.000446893
0.000756104
0.00149381
0.00241234
0.00313671
0.0034268
0.00327932
0.00284778
0.00231368
0.00175865
0.00124154
0.000813053
0.000536116
0.0004558
0.000549602
0.000682979
0.000806104
0.000920838
0.00103083
0.00113762
0.00124092
0.00133939
0.00143162
0.00151677
0.0015951
0.00166787
0.00173712
0.0018052
0.00187442
0.0019469
0.00202451
0.00210899
0.00220203
0.00230539
0.00242108
0.00255131
0.00269885
0.00286672
0.00305937
0.00328057
0.00353897
0.0038369
0.0041965
0.00460492
0.00513614
0.00569422
0.006566
0.00727509
0.00896113
0.00967133
0.0130406
0.0187955
0.00608572
0.00125156
0.00103813
0.000752894
0.000751733
0.000623144
0.000470737
0.000321055
0.000434426
0.000712241
0.00123205
0.0017587
0.00206446
0.00207476
0.00187091
0.00158923
0.00130864
0.00103907
0.000793476
0.000590766
0.000462763
0.000437715
0.000496299
0.000569747
0.000638625
0.000703127
0.00076443
0.000822938
0.000878439
0.000930475
0.000978694
0.00102308
0.00106405
0.00110245
0.00113939
0.00117613
0.00121387
0.00125373
0.00129675
0.00134387
0.00139607
0.00145438
0.00151992
0.00159402
0.00167828
0.0017745
0.00188517
0.00201275
0.00216177
0.00233472
0.00254215
0.00278165
0.00308554
0.00342055
0.00390646
0.00436121
0.00525281
0.00581317
0.0074152
0.0150473
0.00576368
0.00146599
0.000934643
0.000642184
0.000594621
0.000492104
0.00039202
0.000317146
0.000428613
0.000669188
0.00103336
0.00133197
0.00143935
0.00136387
0.00119978
0.00103992
0.000895417
0.000755952
0.000626241
0.000517876
0.000449048
0.000436489
0.000465436
0.000502902
0.000540018
0.000575797
0.000610055
0.000642547
0.000672968
0.000701074
0.000726786
0.000750247
0.000771826
0.000792081
0.000811693
0.000831381
0.000851837
0.000873701
0.000897562
0.000923982
0.000953533
0.000986829
0.00102456
0.00106753
0.0011167
0.0011732
0.0012385
0.0013142
0.00140286
0.00150649
0.00163044
0.00177563
0.00195663
0.00216394
0.0024478
0.00274334
0.00323963
0.00364998
0.00443717
0.0130143
0.00565554
0.00172482
0.000923154
0.000591063
0.000503602
0.000416588
0.000351461
0.000321776
0.000427106
0.000629903
0.000885697
0.00105514
0.0010808
0.00100691
0.000911046
0.000840005
0.000767042
0.000681862
0.000593857
0.000516621
0.00046422
0.000446314
0.000452736
0.000467505
0.000485212
0.000504015
0.000522884
0.000541083
0.000558072
0.000573504
0.000587244
0.000599383
0.000610211
0.000620164
0.000629741
0.000639438
0.000649707
0.000660943
0.000673497
0.000687707
0.000703917
0.000722504
0.000743894
0.000768586
0.000797183
0.0008304
0.000869152
0.000914497
0.000967946
0.00103102
0.00110658
0.00119631
0.00130709
0.00143785
0.00160974
0.00180333
0.00209223
0.00238142
0.00278158
0.0118759
0.00567303
0.00201545
0.000982343
0.000586796
0.000459139
0.000379141
0.000336238
0.00033263
0.000429393
0.000598091
0.000781623
0.000884248
0.000891539
0.000856702
0.000830071
0.000818061
0.000778761
0.00070875
0.000625752
0.000548886
0.000493401
0.000463738
0.000453103
0.000452624
0.000457822
0.000466192
0.000476082
0.000486324
0.000496073
0.000504745
0.000512023
0.000517867
0.000522496
0.000526304
0.000529753
0.000533273
0.000537216
0.000541855
0.000547412
0.000554086
0.000562083
0.000571629
0.000582988
0.000596474
0.000612467
0.000631432
0.000653948
0.000680726
0.0007127
0.000750964
0.000797167
0.000852897
0.000921572
0.00100474
0.00111134
0.00123854
0.00141296
0.00161224
0.00182348
0.0112284
0.00576024
0.00232485
0.00109822
0.000621358
0.000449799
0.000369141
0.000338774
0.000348863
0.000436133
0.000576906
0.000715716
0.000791568
0.00081456
0.000831535
0.000863691
0.000885908
0.000856923
0.000781539
0.000685824
0.000595663
0.000528936
0.000485945
0.000461802
0.00045023
0.000446772
0.000448345
0.000452776
0.000458499
0.000464354
0.000469491
0.000473368
0.000475779
0.000476858
0.000476986
0.000476643
0.00047627
0.000476202
0.00047666
0.000477794
0.000479719
0.00048255
0.000486416
0.000491474
0.000497918
0.000505987
0.00051598
0.000528273
0.000543341
0.000561785
0.000584379
0.000612125
0.000646306
0.000688735
0.000741449
0.000808253
0.000891629
0.000999715
0.00113502
0.00125135
0.0108604
0.00588194
0.00264027
0.00125963
0.000689718
0.000469224
0.000380247
0.000354793
0.000370534
0.000448571
0.000568601
0.000683531
0.000758369
0.00081431
0.000882967
0.000958552
0.000995582
0.000962326
0.000871308
0.000755485
0.000647636
0.000566859
0.000510617
0.000475067
0.00045467
0.000444657
0.000441404
0.000442259
0.000445281
0.000449015
0.00045237
0.000454587
0.000455285
0.000454486
0.000452537
0.000449945
0.000447193
0.000444639
0.000442496
0.000440879
0.000439853
0.000439472
0.0004398
0.00044092
0.000442947
0.000446024
0.00045034
0.000456136
0.00046373
0.000473512
0.00048603
0.000501914
0.000522147
0.000547745
0.000580567
0.000622226
0.000676388
0.000744295
0.000835103
0.000902192
0.0106555
0.00601642
0.00295006
0.00145624
0.000788442
0.000513907
0.000408905
0.000382137
0.000398238
0.000468119
0.000574616
0.000681319
0.000771537
0.00086764
0.000980974
0.00108331
0.0011212
0.00107484
0.000963711
0.000825806
0.000700667
0.000605093
0.000536096
0.000490316
0.000462278
0.000446805
0.00043975
0.000437993
0.000439221
0.00044171
0.000444169
0.000445668
0.000445666
0.000444053
0.00044111
0.000437343
0.000433277
0.000429306
0.000425661
0.000422446
0.000419697
0.000417429
0.000415662
0.000414431
0.00041379
0.00041382
0.000414634
0.000416378
0.000419263
0.000423539
0.000429591
0.000437823
0.000448973
0.00046363
0.00048333
0.000508713
0.000543282
0.000585957
0.000646239
0.000686845
0.0105475
0.00615091
0.00324458
0.00167773
0.000914871
0.000581521
0.000453446
0.000420037
0.000432855
0.000496103
0.000595793
0.000705983
0.000821732
0.000958973
0.0011067
0.00122103
0.00124994
0.00118521
0.00105244
0.000893338
0.000752831
0.000642616
0.000561412
0.000506049
0.000470951
0.000450547
0.000440192
0.000436294
0.000436154
0.000437779
0.000439715
0.00044092
0.000440738
0.000438935
0.000435695
0.000431489
0.000426857
0.000422227
0.000417857
0.000413853
0.000410238
0.000407004
0.000404141
0.000401649
0.000399545
0.000397862
0.000396661
0.000396023
0.000396081
0.000396989
0.000399016
0.000402416
0.000407741
0.000415329
0.000426417
0.000441178
0.000462637
0.000489088
0.000528672
0.000554525
0.0104975
0.00627843
0.00351665
0.00191369
0.0010659
0.000670388
0.000513515
0.000468645
0.0004754
0.000533629
0.000632555
0.000755025
0.000902163
0.00107756
0.00124861
0.00136322
0.00137614
0.00128976
0.00113512
0.000957368
0.000803052
0.000678978
0.000586133
0.000521578
0.000479687
0.000454572
0.000441141
0.000435327
0.000434019
0.000434928
0.000436442
0.00043746
0.000437276
0.00043557
0.000432423
0.000428238
0.000423537
0.000418765
0.000414202
0.000409963
0.000406069
0.000402497
0.000399218
0.000396211
0.000393466
0.000390987
0.000388796
0.00038693
0.000385465
0.00038449
0.000384188
0.000384709
0.000386469
0.000389642
0.000395233
0.000403156
0.000415985
0.000431944
0.000457726
0.000475157
0.0104818
0.00639571
0.00376181
0.00215409
0.00123745
0.000779484
0.000588833
0.000528702
0.000526813
0.000581493
0.000684999
0.000826378
0.00100769
0.00121594
0.00140005
0.00150604
0.00149767
0.00138727
0.00121099
0.00101793
0.000850873
0.000713979
0.000610134
0.000536714
0.000488161
0.000458395
0.000441955
0.000434329
0.000431965
0.00043223
0.000433326
0.000434113
0.000433898
0.000432339
0.000429437
0.000425511
0.000421033
0.000416443
0.000412027
0.000407911
0.000404115
0.00040061
0.000397357
0.00039432
0.000391476
0.000388808
0.000386313
0.000384001
0.000381907
0.000380075
0.000378625
0.000377637
0.000377427
0.000378055
0.000380353
0.000384073
0.000391451
0.000400756
0.000417622
0.000430262
0.0104863
0.00650168
0.00397809
0.00238979
0.00142435
0.000907447
0.000679239
0.000600776
0.000587917
0.000640149
0.000752867
0.000918156
0.00113418
0.00136895
0.00155743
0.00164784
0.00161376
0.00147738
0.00127978
0.00107528
0.00089595
0.000747443
0.000633392
0.000551499
0.000496399
0.000461968
0.000442495
0.000433083
0.000429739
0.000429434
0.000430121
0.000430602
0.000430245
0.000428749
0.000426084
0.00042249
0.000418373
0.000414136
0.00041006
0.000406274
0.000402796
0.000399597
0.00039663
0.000393856
0.000391241
0.000388759
0.000386394
0.000384136
0.000381999
0.000379994
0.000378201
0.000376651
0.000375588
0.000374993
0.000375579
0.000376975
0.000381197
0.000386534
0.000398001
0.000408094
0.010502
0.00659654
0.00416556
0.00261318
0.00162043
0.00105217
0.000784648
0.000685493
0.00065971
0.000709701
0.000835462
0.0010284
0.00127815
0.00153306
0.0017188
0.00178784
0.00172401
0.00155988
0.00134255
0.00112837
0.000937844
0.000779103
0.000655835
0.000566008
0.000504548
0.000465433
0.000442848
0.000431612
0.00042733
0.000426542
0.000426879
0.00042703
0.000426424
0.000424861
0.000422342
0.000419051
0.00041532
0.000411503
0.000407854
0.000404495
0.000401443
0.000398667
0.000396118
0.000393756
0.000391545
0.000389455
0.000387465
0.000385556
0.000383729
0.00038198
0.000380362
0.000378876
0.000377721
0.000376821
0.000376814
0.000377232
0.000379975
0.000383274
0.000391918
0.000400967
0.0105235
0.00668109
0.00432582
0.00281851
0.00181899
0.00121055
0.00090451
0.00078316
0.000743177
0.000789985
0.00093156
0.00115486
0.00143646
0.00170572
0.00188287
0.00192531
0.00182788
0.00163448
0.00140007
0.00117634
0.000976032
0.000808571
0.00067727
0.000580241
0.000512736
0.000468973
0.00044318
0.00043003
0.000424802
0.000423612
0.000423704
0.000423571
0.00042267
0.000420933
0.000418443
0.000415375
0.000411995
0.000408593
0.000405388
0.000402482
0.000399888
0.000397571
0.000395485
0.000393589
0.00039185
0.00039024
0.000388738
0.000387324
0.000385995
0.00038474
0.000383603
0.000382567
0.000381808
0.000381215
0.000381387
0.000381776
0.000384252
0.000386914
0.000394647
0.000403725
0.0105472
0.00675639
0.00446146
0.00300207
0.00201334
0.00137846
0.00103754
0.0008937
0.000839079
0.000880748
0.00103941
0.00129488
0.00160606
0.00188473
0.00204833
0.00205914
0.00192458
0.00170067
0.00145273
0.00121857
0.00100996
0.000835379
0.000697386
0.000594074
0.000521006
0.000472729
0.000443659
0.000428469
0.000422234
0.000420688
0.000420656
0.000420347
0.000419181
0.000417215
0.000414662
0.000411726
0.00040863
0.000405604
0.000402817
0.000400347
0.000398196
0.000396326
0.000394693
0.00039326
0.000391995
0.000390878
0.00038989
0.000389017
0.000388259
0.000387607
0.000387103
0.000386728
0.000386651
0.000386744
0.000387598
0.000388601
0.000391672
0.000394704
0.000402946
0.000412856
0.0105711
0.00682351
0.00457558
0.00316209
0.00219737
0.00155086
0.00118152
0.00101641
0.000947708
0.000982054
0.00115684
0.00144524
0.00178373
0.00206774
0.00221344
0.0021877
0.00201302
0.00176013
0.00149876
0.0012545
0.0010391
0.00085904
0.000715796
0.000607271
0.000529287
0.00047676
0.000444412
0.000427057
0.000419704
0.000417798
0.000417744
0.000417399
0.000416059
0.000413876
0.000411206
0.000408328
0.00040545
0.000402743
0.000400329
0.000398255
0.000396509
0.000395048
0.00039383
0.00039282
0.000391995
0.000391339
0.000390842
0.000390497
0.000390311
0.000390283
0.000390463
0.000390838
0.000391584
0.00039257
0.000394408
0.000396437
0.000400686
0.000404796
0.000414593
0.000425936
0.0105941
0.00688343
0.00467142
0.0032985
0.0023661
0.00172222
0.00133324
0.00114981
0.00106866
0.00109454
0.00128162
0.00160216
0.00196576
0.00225185
0.00237564
0.00230875
0.00209176
0.00181392
0.00153712
0.00128366
0.00106303
0.000879114
0.000732094
0.000619526
0.00053741
0.000481036
0.000445504
0.000425894
0.000417291
0.000414967
0.000414951
0.000414706
0.000413321
0.000410983
0.000408191
0.000405327
0.000402607
0.000400165
0.000398073
0.000396348
0.000394958
0.000393857
0.000393002
0.000392364
0.000391926
0.000391679
0.000391623
0.000391759
0.000392106
0.000392673
0.000393524
0.000394657
0.00039627
0.000398237
0.000401215
0.000404505
0.000410304
0.000415963
0.000428061
0.000441282
0.0106153
0.00693701
0.00475207
0.00341254
0.00251595
0.00188693
0.00148857
0.00129151
0.00120084
0.00121761
0.00141362
0.00176138
0.00214773
0.00243316
0.00253135
0.00241941
0.00216263
0.00185983
0.00156718
0.0013057
0.00108142
0.000895258
0.000745916
0.000630512
0.000545144
0.000485449
0.000446937
0.000425046
0.000415064
0.000412224
0.000412256
0.000412219
0.000410926
0.000408529
0.000405648
0.000402781
0.00040018
0.000397955
0.000396139
0.000394714
0.000393631
0.000392839
0.000392294
0.000391973
0.000391865
0.000391969
0.000392294
0.000392852
0.000393672
0.000394779
0.000396251
0.000398106
0.000400565
0.000403524
0.000407694
0.000412354
0.000419911
0.000427406
0.000442309
0.00045772
0.0106346
0.00698497
0.00482034
0.00350636
0.0026449
0.00203986
0.00164272
0.0014382
0.00134233
0.0013503
0.00155107
0.00192169
0.00232446
0.00260651
0.00267573
0.00251897
0.002225
0.00189631
0.00158846
0.00132039
0.00109409
0.000907249
0.000756985
0.00063993
0.000552233
0.000489834
0.000448652
0.000424536
0.00041308
0.000409605
0.000409647
0.000409884
0.000408805
0.000406458
0.000403547
0.000400685
0.000398182
0.000396139
0.000394557
0.000393388
0.000392568
0.000392037
0.000391753
0.000391697
0.000391865
0.000392264
0.00039291
0.000393827
0.000395056
0.000396637
0.000398665
0.000401179
0.000404431
0.000408338
0.000413684
0.000419735
0.000429138
0.000438617
0.00045663
0.000474424
0.0106517
0.00702793
0.00487866
0.00358264
0.00275246
0.00217677
0.0017906
0.00158575
0.00149024
0.00149126
0.0016918
0.00207914
0.00249312
0.0027675
0.00280575
0.00260652
0.00227646
0.00192235
0.00160065
0.00132766
0.00110099
0.000914989
0.000765124
0.000647543
0.000558435
0.000494004
0.000450548
0.000424346
0.000411372
0.000407149
0.000407127
0.000407662
0.000406889
0.000404696
0.000401823
0.000398992
0.00039658
0.000394694
0.000393312
0.000392364
0.000391767
0.000391456
0.00039139
0.000391554
0.000391949
0.000392591
0.000393504
0.000394723
0.000396299
0.000398288
0.000400802
0.000403903
0.000407873
0.00041266
0.000419123
0.000426525
0.000437773
0.000449281
0.000470545
0.000490819
0.0106668
0.0070664
0.00492902
0.00364425
0.00283943
0.00229468
0.00192732
0.00172945
0.00164075
0.00163858
0.00183396
0.00223028
0.00264983
0.00291282
0.00291944
0.00267993
0.00231521
0.00193727
0.00160365
0.00132757
0.00110221
0.000918504
0.000770269
0.000653202
0.000563552
0.00049777
0.000452498
0.000424427
0.000409951
0.000404885
0.000404709
0.000405524
0.000405119
0.000403167
0.000400402
0.000397636
0.000395316
0.000393571
0.000392364
0.000391605
0.000391199
0.000391074
0.000391189
0.000391534
0.000392117
0.000392958
0.000394092
0.000395561
0.000397429
0.000399763
0.000402697
0.00040631
0.00041092
0.000416504
0.000423999
0.000432676
0.000445705
0.00045921
0.000483738
0.000506505
0.0106799
0.00710082
0.00497303
0.00369399
0.00290761
0.00239205
0.0020486
0.00186436
0.00178914
0.00178954
0.00197596
0.00237245
0.00279129
0.0030395
0.00301465
0.00273714
0.00233996
0.00194066
0.00159749
0.00132033
0.00109795
0.000917927
0.000772457
0.000656841
0.000567447
0.000500972
0.000454367
0.000424705
0.000408804
0.000402836
0.000402412
0.000403462
0.000403451
0.000401806
0.000399211
0.000396543
0.000394326
0.000392711
0.00039166
0.000391065
0.000390822
0.000390854
0.000391121
0.000391616
0.000392352
0.000393357
0.000394673
0.000396348
0.000398459
0.000401086
0.000404376
0.000408433
0.000413604
0.000419898
0.000428329
0.000438181
0.000452887
0.000468302
0.000496006
0.000521215
0.0106911
0.00713156
0.00501194
0.00373443
0.00295944
0.00246871
0.00215121
0.00198572
0.00193015
0.00194046
0.00211628
0.00250389
0.00291504
0.00314515
0.00308937
0.00277645
0.00234985
0.00193237
0.00158242
0.00130631
0.00108853
0.000913488
0.000771812
0.000658479
0.000570045
0.000503485
0.000456031
0.000425094
0.000407899
0.00040101
0.000400251
0.000401475
0.000401856
0.000400562
0.000398185
0.00039565
0.000393544
0.000392055
0.000391143
0.000390692
0.00039059
0.000390755
0.00039115
0.000391769
0.000392632
0.000393772
0.000395236
0.000397083
0.000399396
0.000402268
0.000405861
0.000410298
0.000415956
0.000422874
0.00043214
0.000443059
0.000459311
0.000476516
0.000507231
0.000534781
0.0107008
0.00715897
0.00504671
0.00376781
0.00299771
0.00252574
0.00223322
0.00208945
0.00205833
0.00208665
0.00225314
0.00262364
0.00301959
0.00322816
0.00314207
0.00279673
0.00234447
0.00191257
0.00155889
0.001286
0.00107438
0.000905496
0.000768531
0.000658206
0.00057134
0.00050523
0.000457385
0.000425508
0.000407192
0.000399404
0.000398243
0.000399568
0.000400319
0.000399396
0.000397275
0.000394898
0.000392915
0.000391547
0.000390762
0.000390439
0.000390459
0.000390739
0.000391241
0.000391964
0.000392932
0.000394183
0.00039577
0.000397759
0.000400241
0.000403318
0.000407167
0.000411927
0.000418005
0.000425467
0.00043547
0.000447341
0.000464995
0.000483846
0.000517358
0.00054711
0.010709
0.00718337
0.00507805
0.00379597
0.00302525
0.00256519
0.0022941
0.00217251
0.00216859
0.00222264
0.00238417
0.00273128
0.00310445
0.00328783
0.00317198
0.00279751
0.00232385
0.00188168
0.00152751
0.00126003
0.00105602
0.000894328
0.000762868
0.000656166
0.000571377
0.000506176
0.000458353
0.000425867
0.000406633
0.000398002
0.000396395
0.000397751
0.000398833
0.000398286
0.000396443
0.000394245
0.000392392
0.000391142
0.000390474
0.000390265
0.000390393
0.000390771
0.000391365
0.000392176
0.000393231
0.000394574
0.000396263
0.000398369
0.000400991
0.00040424
0.000408305
0.000413341
0.000419777
0.000427709
0.000438355
0.000451068
0.000469975
0.000490317
0.000526377
0.000558171
0.0107159
0.00720504
0.00510647
0.00382035
0.00304474
0.00258972
0.00233466
0.00223318
0.00225668
0.00234249
0.00250604
0.00282652
0.00317003
0.00332445
0.00317913
0.00277893
0.00228846
0.00184041
0.00148907
0.00122913
0.00103403
0.000880413
0.000755115
0.000652548
0.000570249
0.000506331
0.000458888
0.000426104
0.000406167
0.000396783
0.000394709
0.000396032
0.000397397
0.000397215
0.000395662
0.000393657
0.00039194
0.000390806
0.000390246
0.00039014
0.000390362
0.000390826
0.000391498
0.000392383
0.000393511
0.00039493
0.000396705
0.000398909
0.000401648
0.000405041
0.000409288
0.000414556
0.000421298
0.000429633
0.000440835
0.000454285
0.000474297
0.000495971
0.000534317
0.000567976
0.0107217
0.00722426
0.00513238
0.00384205
0.00305853
0.00260233
0.00235682
0.00227121
0.00231965
0.0024405
0.00261447
0.00290866
0.0032172
0.00333908
0.00316434
0.00274173
0.00223912
0.00178969
0.00144449
0.00119411
0.00100905
0.000864214
0.000745597
0.000647565
0.000568081
0.000505741
0.00045897
0.000426169
0.000405747
0.00039572
0.000393183
0.000394418
0.000396015
0.000396176
0.000394914
0.00039311
0.000391533
0.000390511
0.000390053
0.00039004
0.000390345
0.000390885
0.000391625
0.000392572
0.000393761
0.000395245
0.00039709
0.000399376
0.000402213
0.000405727
0.000410126
0.00041559
0.000422591
0.000431271
0.000442951
0.000457038
0.000478016
0.000500866
0.000541231
0.000576572
0.0107266
0.00724128
0.00515605
0.00386185
0.00306859
0.00260603
0.0023633
0.00228774
0.00235615
0.00251176
0.00270435
0.00297621
0.00324685
0.00333322
0.00312892
0.00268706
0.00217698
0.00173067
0.00139481
0.00115583
0.00098175
0.000846218
0.000734652
0.00064145
0.00056502
0.000504477
0.00045861
0.000426029
0.000405327
0.000394782
0.000391807
0.000392914
0.000394689
0.000395165
0.000394189
0.000392589
0.000391153
0.000390241
0.000389877
0.000389948
0.000390329
0.000390935
0.000391733
0.000392734
0.000393976
0.000395513
0.000397417
0.000399771
0.000402691
0.000406305
0.000410832
0.000416462
0.000423681
0.000432653
0.00044474
0.000459376
0.000481187
0.000505064
0.000547189
0.000584032
0.0107306
0.00725634
0.0051777
0.00388031
0.00307647
0.0026036
0.00235733
0.00228512
0.00236657
0.0025529
0.00277028
0.00302658
0.0032593
0.00330836
0.00307439
0.00261633
0.00210343
0.00166465
0.00134115
0.00111517
0.000952811
0.000826919
0.000722626
0.000634442
0.000561227
0.00050263
0.000457836
0.000425669
0.000404874
0.00039394
0.000390572
0.000391521
0.000393426
0.000394182
0.00039348
0.000392082
0.000390787
0.000389981
0.000389707
0.000389856
0.000390304
0.000390968
0.000391818
0.000392865
0.000394151
0.000395734
0.000397688
0.000400099
0.000403086
0.000406786
0.000411419
0.000417188
0.000424591
0.000433809
0.000446241
0.000461345
0.000483869
0.000508634
0.000552275
0.000590441
0.010734
0.00726965
0.00519752
0.00389774
0.00308332
0.00259748
0.00234223
0.00226655
0.0023529
0.00256252
0.0028073
0.00305616
0.00325393
0.00326544
0.0030021
0.00253102
0.00201998
0.00159304
0.00128466
0.00107305
0.000922901
0.0008068
0.000709858
0.000626778
0.000556866
0.000500305
0.000456695
0.000425088
0.000404361
0.000393167
0.00038946
0.000390239
0.000392229
0.000393229
0.000392784
0.000391583
0.000390427
0.000389725
0.000389536
0.000389756
0.000390266
0.000390983
0.000391878
0.000392965
0.000394289
0.000395911
0.000397905
0.000400364
0.000403409
0.000407178
0.000411901
0.000417785
0.000425342
0.000434767
0.00044749
0.00046299
0.000486119
0.000511644
0.000556575
0.000595896
0.0107367
0.00728143
0.00521566
0.00391437
0.00308993
0.00258966
0.00232118
0.00223575
0.00231849
0.00254142
0.00281177
0.00306075
0.00322897
0.00320456
0.00291341
0.00243258
0.00192827
0.0015173
0.00122651
0.00103031
0.000892659
0.000786325
0.000696677
0.00061869
0.000552099
0.00049761
0.000455245
0.000424301
0.000403773
0.000392438
0.000388458
0.000389064
0.000391102
0.000392308
0.0003921
0.000391088
0.000390068
0.000389468
0.000389359
0.000389647
0.000390213
0.000390978
0.000391913
0.000393036
0.000394392
0.000396046
0.000398076
0.000400574
0.000403666
0.000407494
0.000412291
0.000418271
0.000425956
0.000435555
0.000448521
0.000464355
0.000487992
0.000514161
0.000560178
0.000600496
0.010739
0.00729185
0.00523225
0.00393028
0.00309682
0.00258166
0.00229702
0.00219656
0.0022676
0.00249248
0.00278211
0.00303635
0.00318173
0.00312488
0.00280872
0.00232239
0.00183
0.00143895
0.00116784
0.000987801
0.000862681
0.000765922
0.000683388
0.000610393
0.000547083
0.000494654
0.000453552
0.00042333
0.0004031
0.000391731
0.000387547
0.000387992
0.000390045
0.000391422
0.000391428
0.000390596
0.000389708
0.000389207
0.000389176
0.000389527
0.000390146
0.000390954
0.000391925
0.000393079
0.000394464
0.000396145
0.000398204
0.000400736
0.000403867
0.000407743
0.000412602
0.000418662
0.000426454
0.000436196
0.000449365
0.000465477
0.000489539
0.00051625
0.00056317
0.000604343
0.0107409
0.00730109
0.00524742
0.00394553
0.00310424
0.00257456
0.00227209
0.00215261
0.00220499
0.00242033
0.0027193
0.00298011
0.00310927
0.00302493
0.00268815
0.00220192
0.00172699
0.00135953
0.00110975
0.000946269
0.0008335
0.000745977
0.000670268
0.000602086
0.000541962
0.000491541
0.000451683
0.000422208
0.000402345
0.000391031
0.000386712
0.000387014
0.00038906
0.000390574
0.00039077
0.000390107
0.000389346
0.000388941
0.000388985
0.000389397
0.000390065
0.000390913
0.000391918
0.0003931
0.000394509
0.000396214
0.000398298
0.000400857
0.000404021
0.000407937
0.000412846
0.000418973
0.000426852
0.000436714
0.000450051
0.000466394
0.000490809
0.000517971
0.000565633
0.00060753
0.0107424
0.00730929
0.0052613
0.00396012
0.0031123
0.00256902
0.00224818
0.00210711
0.00213538
0.00233075
0.0026269
0.00289132
0.00300928
0.0029033
0.00255208
0.00207289
0.0016212
0.00128057
0.00105327
0.000906395
0.000805584
0.000726826
0.000657561
0.000593948
0.000536867
0.000488369
0.000449708
0.000420971
0.000401513
0.000390326
0.000385936
0.000386122
0.000388146
0.000389764
0.000390126
0.000389619
0.000388982
0.00038867
0.000388787
0.000389258
0.000389973
0.000390858
0.000391893
0.000393101
0.000394532
0.000396258
0.000398363
0.000400945
0.000404135
0.000408085
0.000413036
0.000419217
0.000427169
0.000437128
0.000450603
0.000467138
0.000491842
0.000519378
0.000567644
0.000610148
0.0107436
0.00731659
0.00527399
0.00397405
0.00312097
0.00256543
0.00222656
0.00206266
0.00206313
0.00223002
0.00251069
0.00277195
0.0028812
0.00275957
0.0024017
0.00193756
0.00151475
0.00120355
0.000999348
0.000868763
0.000779321
0.000708748
0.000645476
0.000586132
0.000531914
0.000485227
0.000447689
0.000419657
0.000400617
0.000389607
0.000385206
0.000385306
0.0003873
0.000388996
0.000389499
0.000389135
0.000388615
0.000388394
0.000388583
0.000389111
0.000389871
0.000390792
0.000391856
0.000393086
0.000394537
0.000396281
0.000398404
0.000401005
0.000404218
0.000408195
0.00041318
0.000419406
0.000427417
0.000437457
0.000451045
0.000467737
0.000492678
0.000520519
0.000569272
0.000612281
0.0107446
0.00732311
0.00528561
0.0039873
0.00313016
0.00256387
0.00220804
0.00202122
0.00199196
0.00212423
0.00237792
0.00262686
0.00272699
0.00259518
0.00223951
0.00179877
0.00140989
0.00112991
0.000948793
0.000833849
0.000755018
0.000691964
0.00063418
0.000578766
0.000527201
0.000482193
0.000445687
0.000418305
0.000399674
0.000388871
0.000384508
0.000384555
0.000386518
0.000388268
0.000388889
0.000388654
0.000388245
0.000388114
0.000388375
0.000388958
0.000389761
0.000390717
0.000391807
0.000393059
0.000394529
0.000396288
0.000398426
0.000401044
0.000404275
0.000408275
0.000413288
0.00041955
0.000427609
0.000437716
0.000451396
0.000468216
0.000493349
0.000521438
0.000570577
0.000614004
0.0107454
0.00732895
0.00529627
0.00399988
0.00313973
0.00256429
0.00219298
0.00198412
0.00192475
0.00201886
0.00223643
0.0024632
0.00255149
0.00241398
0.00206953
0.00166002
0.00130894
0.00106094
0.000902277
0.000802014
0.000732898
0.000676638
0.000623802
0.000571953
0.00052281
0.000479331
0.000443756
0.000416954
0.0003987
0.000388119
0.000383832
0.000383858
0.000385795
0.00038758
0.000388297
0.000388178
0.000387875
0.000387831
0.000388162
0.0003888
0.000389646
0.000390635
0.000391751
0.000393023
0.000394509
0.000396283
0.000398435
0.000401066
0.000404313
0.000408331
0.000413367
0.000419658
0.000427757
0.000437917
0.000451672
0.000468596
0.000493884
0.000522174
0.000571616
0.000615382
0.010746
0.00733421
0.00530605
0.0040118
0.00314956
0.0025665
0.00218148
0.00195213
0.00186356
0.00191831
0.00209371
0.00228957
0.00236204
0.00222221
0.00189715
0.00152511
0.00121409
0.000997717
0.000860301
0.000773496
0.000713101
0.000662875
0.000614434
0.000565771
0.000518805
0.000476697
0.000441939
0.000415639
0.000397717
0.000387353
0.000383169
0.000383204
0.000385123
0.000386932
0.000387725
0.000387707
0.000387503
0.000387546
0.000387946
0.000388639
0.000389527
0.000390548
0.000391689
0.00039298
0.000394481
0.000396269
0.000398432
0.000401076
0.000404336
0.000408368
0.000413423
0.000419739
0.000427869
0.000438073
0.000451888
0.000468896
0.000494307
0.000522758
0.000572434
0.000616476
0.0107465
0.00733897
0.00531505
0.00402305
0.0031595
0.00257026
0.00217338
0.00192551
0.00180963
0.00182584
0.00195622
0.0021148
0.0021675
0.00202778
0.00172848
0.00139786
0.00112726
0.000941071
0.000823177
0.000748414
0.000695686
0.000650728
0.000606129
0.000560271
0.000515233
0.000474334
0.000440277
0.000414389
0.000396744
0.000386578
0.000382511
0.000382583
0.000384497
0.000386319
0.000387172
0.000387243
0.000387132
0.000387258
0.000387728
0.000388476
0.000389406
0.000390458
0.000391622
0.000392932
0.000394448
0.000396248
0.000398422
0.000401076
0.000404346
0.000408392
0.000413462
0.000419797
0.000427953
0.000438192
0.000452056
0.00046913
0.00049464
0.000523217
0.000573073
0.000617335
0.0107469
0.00734329
0.00532335
0.00403368
0.00316942
0.0025753
0.00216837
0.0019042
0.00176353
0.00174353
0.00182892
0.00194686
0.00197698
0.00183908
0.00156953
0.00128157
0.0010499
0.000891503
0.000791027
0.00072677
0.000680641
0.0006402
0.00059891
0.000555485
0.000512127
0.000472271
0.000438799
0.000413234
0.0003958
0.0003858
0.000381855
0.000381984
0.000383907
0.000385739
0.000386637
0.000386784
0.000386761
0.00038697
0.000387509
0.000388312
0.000389283
0.000390366
0.000391554
0.000392881
0.000394411
0.000396222
0.000398406
0.000401069
0.000404349
0.000408405
0.000413487
0.000419838
0.000428015
0.000438281
0.000452184
0.000469313
0.0004949
0.000523576
0.000573566
0.000618003
0.0107472
0.00734725
0.00533104
0.0040437
0.00317924
0.00258133
0.00216608
0.00188786
0.00172528
0.00167241
0.00171512
0.00179203
0.00179848
0.00166366
0.00142532
0.00117871
0.000982886
0.000849177
0.000763784
0.00070846
0.000667891
0.000631254
0.000592769
0.000551423
0.000509505
0.000470532
0.000437528
0.000412194
0.000394901
0.000385027
0.000381196
0.000381398
0.000383346
0.000385187
0.000386119
0.000386333
0.000386391
0.000386681
0.00038729
0.000388147
0.00038916
0.000390273
0.000391484
0.000392828
0.000394372
0.000396193
0.000398386
0.000401057
0.000404345
0.00040841
0.000413503
0.000419867
0.00042806
0.000438348
0.000452282
0.000469453
0.0004951
0.000523854
0.000573942
0.000618517
0.0107474
0.00735089
0.00533819
0.00405315
0.00318887
0.00258812
0.00216608
0.00187601
0.00169448
0.00161264
0.00161655
0.00165455
0.00163802
0.0015072
0.00129928
0.00109062
0.00092645
0.000813938
0.00074122
0.000693298
0.00065731
0.000623819
0.000587675
0.000548078
0.000507372
0.000469126
0.000436479
0.000411287
0.000394063
0.000384267
0.000380533
0.000380817
0.000382804
0.000384659
0.000385617
0.000385887
0.000386023
0.000386392
0.000387071
0.000387983
0.000389037
0.00039018
0.000391413
0.000392775
0.000394331
0.000396163
0.000398364
0.000401042
0.000404338
0.00040841
0.000413511
0.000419885
0.000428091
0.000438398
0.000452355
0.000469559
0.000495253
0.000524066
0.000574225
0.000618907
0.0107476
0.00735426
0.00534485
0.00406208
0.00319826
0.00259543
0.00216797
0.00186807
0.00167049
0.00156374
0.00153363
0.00153655
0.00149916
0.001373
0.00119301
0.00101757
0.000880269
0.000785354
0.00072298
0.000681033
0.000648736
0.000617801
0.000583578
0.000545429
0.000505723
0.000468059
0.000435662
0.000410526
0.000393299
0.000383527
0.000379865
0.000380234
0.000382273
0.000384148
0.000385129
0.000385448
0.000385656
0.000386104
0.000386852
0.00038782
0.000388915
0.000390088
0.000391343
0.000392721
0.00039429
0.000396131
0.00039834
0.000401026
0.000404327
0.000408405
0.000413513
0.000419896
0.000428113
0.000438433
0.000452409
0.000469638
0.000495367
0.000524225
0.000574433
0.000619198
0.0107477
0.0073574
0.0053511
0.00407052
0.00320736
0.00260309
0.00217137
0.00186343
0.00165251
0.00152482
0.00146576
0.00143841
0.00138315
0.001262
0.00110645
0.00095885
0.000843562
0.000762796
0.000708621
0.000671371
0.000641983
0.000613085
0.000580415
0.000543443
0.000504543
0.000467325
0.00043508
0.00040992
0.000392618
0.000382814
0.000379193
0.000379642
0.000381745
0.000383649
0.000384651
0.000385014
0.000385291
0.000385816
0.000386635
0.000387659
0.000388794
0.000389997
0.000391273
0.000392668
0.000394249
0.0003961
0.000398317
0.000401008
0.000404315
0.000408399
0.000413512
0.000419901
0.000428126
0.000438456
0.000452447
0.000469695
0.000495449
0.00052434
0.000574582
0.000619409
0.0107479
0.00736035
0.00535699
0.00407851
0.00321616
0.00261094
0.00217592
0.00186153
0.00163969
0.00149475
0.00141168
0.00135914
0.00128935
0.00117362
0.00103823
0.000913097
0.000815249
0.000745517
0.000697656
0.000664005
0.000636857
0.000609553
0.000578115
0.00054208
0.000503811
0.000466915
0.000434731
0.00040947
0.000392026
0.000382135
0.000378517
0.000379036
0.000381214
0.000383156
0.000384181
0.000384585
0.000384928
0.00038553
0.000386419
0.000387499
0.000388676
0.000389908
0.000391205
0.000392616
0.000394209
0.000396069
0.000398293
0.00040099
0.000404302
0.00040839
0.000413508
0.000419902
0.000428133
0.000438471
0.000452472
0.000469733
0.000495506
0.00052442
0.000574683
0.000619556
0.0107479
0.00736315
0.00536256
0.0040861
0.00322465
0.00261886
0.00218133
0.00186183
0.00163119
0.00147227
0.00136977
0.00129691
0.0012158
0.00110548
0.0009861
0.000878543
0.000794104
0.000732728
0.000689594
0.000658627
0.000633164
0.000607079
0.000576598
0.000541292
0.0005035
0.000466813
0.000434607
0.000409178
0.000391529
0.000381492
0.000377839
0.000378414
0.000380671
0.000382664
0.000383716
0.00038416
0.000384567
0.000385245
0.000386206
0.000387342
0.000388559
0.00038982
0.000391139
0.000392565
0.00039417
0.000396039
0.00039827
0.000400972
0.000404289
0.000408381
0.000413502
0.0004199
0.000428135
0.000438479
0.000452486
0.000469756
0.00049554
0.00052447
0.000574745
0.000619648
0.010748
0.00736581
0.00536787
0.00409333
0.00323283
0.00262677
0.00218737
0.00186386
0.00162622
0.00145615
0.00133822
0.00124942
0.00115984
0.00105435
0.000947483
0.000853305
0.000778885
0.000723659
0.00068397
0.000654952
0.000630722
0.000605545
0.000575788
0.00054103
0.000503579
0.000467001
0.000434697
0.000409038
0.000391127
0.000380891
0.000377161
0.000377773
0.000380113
0.000382167
0.000383253
0.000383737
0.000384207
0.000384961
0.000385994
0.000387187
0.000388445
0.000389735
0.000391075
0.000392516
0.000394132
0.00039601
0.000398247
0.000400955
0.000404275
0.00040837
0.000413495
0.000419896
0.000428133
0.00043848
0.000452491
0.000469766
0.000495556
0.000524493
0.000574773
0.000619692
0.010748
0.00736838
0.00537294
0.00410025
0.00324071
0.00263459
0.00219382
0.00186722
0.00162409
0.00144526
0.00131529
0.00121427
0.00111854
0.00101714
0.000919827
0.000835571
0.000768433
0.000717609
0.000680365
0.000652725
0.000629366
0.000604839
0.000575606
0.000541241
0.000504017
0.00046746
0.000434988
0.000409043
0.000390817
0.000380333
0.000376485
0.000377112
0.000379535
0.000381662
0.00038279
0.000383316
0.00038385
0.00038468
0.000385784
0.000387035
0.000388334
0.000389653
0.000391012
0.000392468
0.000394096
0.000395982
0.000398226
0.000400938
0.000404262
0.00040836
0.000413486
0.000419888
0.000428128
0.000438475
0.000452487
0.000469762
0.000495553
0.00052449
0.00057477
0.000619689
0.0107481
0.00737086
0.00537783
0.00410688
0.00324832
0.00264228
0.00220054
0.00187158
0.00162417
0.00143854
0.00129934
0.00118913
0.00108909
0.000990999
0.000900801
0.000823711
0.000761722
0.000713969
0.000678425
0.000651734
0.000628958
0.00060486
0.000575979
0.000541872
0.000504776
0.000468163
0.000435462
0.000409182
0.000390597
0.000379819
0.000375814
0.000376434
0.000378938
0.000381146
0.000382325
0.000382896
0.000383494
0.000384401
0.000385578
0.000386885
0.000388226
0.000389573
0.000390952
0.000392422
0.000394061
0.000395956
0.000398205
0.000400922
0.000404249
0.000408349
0.000413477
0.000419879
0.000428118
0.000438464
0.000452474
0.000469746
0.000495532
0.000524462
0.000574738
0.000619642
0.0107481
0.00737328
0.00538257
0.00411328
0.00325566
0.00264983
0.00220741
0.00187665
0.00162596
0.00143512
0.00128892
0.00117193
0.00106893
0.000973423
0.000888386
0.000816335
0.00075789
0.000712238
0.000677866
0.000651809
0.000629383
0.000605523
0.000576838
0.000542875
0.00050581
0.000469074
0.000436097
0.000409442
0.000390459
0.000379349
0.000375153
0.000375742
0.000378321
0.000380619
0.000381857
0.000382478
0.00038314
0.000384124
0.000385373
0.000386738
0.00038812
0.000389495
0.000390893
0.000392378
0.000394028
0.00039593
0.000398186
0.000400907
0.000404236
0.000408337
0.000413465
0.000419867
0.000428104
0.000438447
0.000452451
0.000469716
0.000495491
0.000524407
0.000574671
0.000619545
0.0107481
0.00737567
0.00538719
0.00411948
0.00326277
0.00265721
0.00221434
0.00188223
0.00162904
0.00143423
0.0012828
0.00116087
0.00105587
0.000962314
0.000880917
0.000812309
0.000756244
0.000712025
0.000678478
0.000652834
0.000630561
0.000606759
0.000578121
0.000544204
0.000507078
0.000470157
0.000436869
0.000409805
0.000390395
0.000378923
0.000374506
0.000375044
0.000377691
0.000380082
0.000381387
0.000382062
0.000382789
0.00038385
0.000385172
0.000386594
0.000388017
0.000389419
0.000390837
0.000392336
0.000393996
0.000395906
0.000398167
0.000400891
0.000404223
0.000408324
0.000413452
0.000419852
0.000428086
0.000438423
0.000452418
0.00046967
0.000495428
0.000524322
0.000574566
0.000619395
0.0107481
0.00737804
0.00539172
0.00412551
0.00326968
0.00266443
0.00222126
0.00188816
0.00163307
0.00143527
0.00127996
0.00115448
0.00104813
0.000955979
0.000877068
0.000810741
0.000756249
0.000713044
0.000680125
0.000654744
0.000632446
0.000608517
0.000579778
0.000545791
0.00050853
0.000471377
0.000437748
0.000410253
0.000390396
0.000378542
0.000373881
0.000374348
0.000377054
0.000379541
0.000380918
0.000381648
0.000382442
0.000383579
0.000384974
0.000386453
0.000387916
0.000389345
0.000390782
0.000392295
0.000393965
0.000395882
0.000398148
0.000400876
0.000404208
0.00040831
0.000413436
0.000419833
0.000428061
0.000438389
0.000452372
0.000469607
0.00049534
0.000524201
0.000574412
0.00061918
0.0107482
0.0073804
0.00539619
0.00413142
0.00327642
0.00267149
0.00222815
0.0018943
0.00163777
0.00143774
0.00127957
0.00115154
0.0010443
0.000953098
0.000875818
0.000810953
0.000757517
0.00071511
0.000682751
0.000657536
0.000635034
0.000610775
0.000581771
0.000547595
0.000510127
0.000472699
0.000438704
0.000410768
0.000390455
0.000378207
0.000373289
0.000373671
0.000376425
0.000379004
0.000380454
0.000381241
0.0003821
0.000383313
0.000384779
0.000386315
0.000387817
0.000389273
0.000390729
0.000392254
0.000393934
0.000395859
0.000398129
0.000400859
0.000404193
0.000408293
0.000413417
0.000419808
0.000428028
0.000438345
0.000452311
0.000469521
0.00049522
0.000524037
0.0005742
0.000618885
0.0107482
0.00738277
0.00540062
0.00413723
0.00328302
0.00267841
0.00223497
0.00190057
0.00164296
0.00144125
0.00128099
0.00115114
0.00104328
0.00095267
0.000876401
0.00081245
0.000759781
0.000718134
0.000686379
0.000661276
0.000638378
0.000613545
0.000584083
0.000549586
0.000511835
0.000474091
0.000439714
0.000411332
0.000390565
0.000377925
0.000372747
0.000373034
0.000375823
0.000378484
0.000380003
0.000380845
0.000381767
0.000383052
0.000384588
0.000386179
0.00038772
0.000389203
0.000390676
0.000392215
0.000393904
0.000395835
0.000398109
0.000400841
0.000404174
0.000408273
0.000413392
0.000419776
0.000427985
0.000438286
0.00045223
0.000469408
0.000495062
0.000523821
0.000573912
0.000618491
0.0107482
0.00738517
0.00540505
0.00414297
0.0032895
0.00268521
0.00224172
0.0019069
0.00164847
0.00144551
0.00128371
0.00115255
0.00104424
0.000953951
0.00087826
0.000814885
0.000762887
0.000722124
0.000691129
0.000666119
0.000642596
0.000616888
0.000586729
0.000551752
0.000513632
0.000475531
0.000440758
0.000411935
0.000390726
0.00037771
0.000372279
0.000372464
0.000375273
0.000378
0.000379576
0.000380465
0.000381444
0.000382799
0.000384401
0.000386045
0.000387624
0.000389132
0.000390623
0.000392174
0.000393872
0.000395809
0.000398087
0.00040082
0.000404152
0.000408247
0.000413359
0.000419734
0.000427929
0.00043821
0.000452124
0.000469262
0.000494856
0.000523538
0.000573532
0.000617973
0.0107483
0.00738762
0.0054095
0.00414869
0.00329591
0.00269191
0.0022484
0.00191326
0.0016542
0.00145029
0.00128736
0.00115524
0.00104659
0.000956403
0.000881003
0.000818034
0.000766782
0.000727188
0.000697229
0.000672331
0.000647907
0.000620933
0.000589781
0.00055411
0.000515513
0.000477009
0.000441828
0.000412577
0.000390949
0.000377584
0.00037192
0.000372002
0.000374809
0.000377576
0.000379187
0.00038011
0.000381137
0.000382554
0.000384219
0.000385914
0.000387529
0.000389062
0.000390569
0.000392132
0.000393838
0.000395781
0.000398061
0.000400794
0.000404124
0.000408213
0.000413317
0.000419679
0.000427856
0.000438111
0.000451988
0.000469073
0.000494591
0.000523174
0.000573035
0.000617301
0.0107483
0.00739013
0.00541399
0.0041544
0.00330228
0.00269854
0.00225502
0.00191963
0.00166007
0.00145543
0.00129166
0.00115881
0.00104986
0.000959639
0.000884362
0.000821774
0.000771509
0.00073355
0.000705049
0.000680326
0.000654661
0.000625913
0.000593343
0.000556722
0.000517509
0.000478539
0.000442935
0.00041327
0.000391258
0.000377584
0.000371715
0.000371696
0.000374475
0.000377243
0.000378857
0.000379791
0.000380852
0.000382322
0.000384042
0.000385784
0.000387434
0.00038899
0.000390513
0.000392087
0.000393801
0.000395748
0.00039803
0.000400762
0.000404087
0.000408169
0.000413262
0.000419607
0.000427761
0.000437983
0.000451813
0.000468832
0.000494252
0.00052271
0.000572392
0.000616438
0.0107484
0.00739271
0.00541856
0.00416014
0.00330863
0.00270513
0.00226159
0.00192599
0.00166603
0.00146083
0.0012964
0.00116299
0.00105374
0.000963399
0.000888171
0.000826071
0.000777215
0.000741573
0.00071514
0.000690725
0.000663395
0.000632208
0.000597654
0.000559727
0.000519699
0.000480172
0.000444117
0.000414051
0.000391697
0.000377769
0.000371733
0.000371612
0.000374326
0.00037704
0.00037861
0.000379522
0.000380596
0.000382105
0.000383873
0.000385657
0.000387338
0.000388915
0.000390454
0.000392038
0.000393758
0.000395708
0.000397991
0.00040072
0.000404039
0.000408111
0.000413189
0.000419513
0.000427638
0.000437818
0.00045159
0.000468526
0.000493824
0.000522121
0.00057157
0.000615341
0.0107485
0.00739538
0.00542321
0.00416595
0.003315
0.00271171
0.00226815
0.00193235
0.00167205
0.00146639
0.00130144
0.00116758
0.00105803
0.000967515
0.000892342
0.000830973
0.000784161
0.000751795
0.000728293
0.00070442
0.000674907
0.000640403
0.000603117
0.000563375
0.000522238
0.000482007
0.000445451
0.000414993
0.000392342
0.00037822
0.000372059
0.000371833
0.000374429
0.000377015
0.000378475
0.00037932
0.000380378
0.000381909
0.000383713
0.000385532
0.00038724
0.000388837
0.000390388
0.000391981
0.000393707
0.00039566
0.000397941
0.000400665
0.000403975
0.000408034
0.000413093
0.000419391
0.000427479
0.000437608
0.000451306
0.000468139
0.000493283
0.000521382
0.000570527
0.000613959
0.0107485
0.00739816
0.00542798
0.00417184
0.00332142
0.00271831
0.00227471
0.00193873
0.00167813
0.00147208
0.00130669
0.00117244
0.00106259
0.000971881
0.00089685
0.000836618
0.000792753
0.000764985
0.00074562
0.000722675
0.00069034
0.000651369
0.000610338
0.000568058
0.000525378
0.000484219
0.000447068
0.00041621
0.000393306
0.000379055
0.000372809
0.000372461
0.000374865
0.000377226
0.000378488
0.000379206
0.00038021
0.000381738
0.000383564
0.000385409
0.000387139
0.000388752
0.000390315
0.000391916
0.000393645
0.000395598
0.000397877
0.000400594
0.000403892
0.000407934
0.000412969
0.000419234
0.000427276
0.000437341
0.000450948
0.000467655
0.000492608
0.000520458
0.000569218
0.000612234
0.0107486
0.00740106
0.0054329
0.00417785
0.00332793
0.00272496
0.0022813
0.00194513
0.00168425
0.00147785
0.00131209
0.00117748
0.00106734
0.00097644
0.000901734
0.000843244
0.00080358
0.000782206
0.000768647
0.000747237
0.000711305
0.000666361
0.000620207
0.000574366
0.000529507
0.000487074
0.000449174
0.000417879
0.000394753
0.000380434
0.000374133
0.000373623
0.000375731
0.000377737
0.00037869
0.000379204
0.000380105
0.000381601
0.000383429
0.000385288
0.000387034
0.00038866
0.000390232
0.000391838
0.00039357
0.000395521
0.000397794
0.0004005
0.000403784
0.000407804
0.000412809
0.000419032
0.000427017
0.000437004
0.000450499
0.00046705
0.000491767
0.000519313
0.000567587
0.000610098
0.0107488
0.0074041
0.00543798
0.00418401
0.00333455
0.00273169
0.00228795
0.00195158
0.00169043
0.00148371
0.00131759
0.00118266
0.0010722
0.000981175
0.000907098
0.000851221
0.00081747
0.000804911
0.000799442
0.000780482
0.000740006
0.000687133
0.000633981
0.000583141
0.000535184
0.000490962
0.000452066
0.000420252
0.00039691
0.000382565
0.000376215
0.00037547
0.00037714
0.000378626
0.00037913
0.000379342
0.00038008
0.000381505
0.000383312
0.000385172
0.000386925
0.000388558
0.000390136
0.000391745
0.000393476
0.000395423
0.000397687
0.00040038
0.000403644
0.000407636
0.000412603
0.000418776
0.000426691
0.000436581
0.00044994
0.000466301
0.00049073
0.000517903
0.000565573
0.000607476
0.0107489
0.0074073
0.00544326
0.00419035
0.00334131
0.00273853
0.00229468
0.0019581
0.00169667
0.00148963
0.00132318
0.00118793
0.00107715
0.000986106
0.000913129
0.00086109
0.000835562
0.00083505
0.000840752
0.000825559
0.000779389
0.00071607
0.000653368
0.000595533
0.000543181
0.000496425
0.000456154
0.000423673
0.000400079
0.000385719
0.000379284
0.000378182
0.000379219
0.000379977
0.000379861
0.000379653
0.000380153
0.000381461
0.000383218
0.000385061
0.000386811
0.000388446
0.000390025
0.000391633
0.000393361
0.000395301
0.000397552
0.000400227
0.000403465
0.000407422
0.000412343
0.000418453
0.000426283
0.000436056
0.000449249
0.00046538
0.000489456
0.000516179
0.000563106
0.000604286
0.0107491
0.00741067
0.00544875
0.00419689
0.00334825
0.00274551
0.00230152
0.0019647
0.00170298
0.00149561
0.00132881
0.00119326
0.00108217
0.000991296
0.000920123
0.000873621
0.000859403
0.000875195
0.000896144
0.000886542
0.000833277
0.000756312
0.000680599
0.000613052
0.000554522
0.000504184
0.000461989
0.000428595
0.000404654
0.000390232
0.000383616
0.000381965
0.00038211
0.000381881
0.00038094
0.000380173
0.000380346
0.000381481
0.000383155
0.00038496
0.000386694
0.000388322
0.000389896
0.0003915
0.00039322
0.000395148
0.000397382
0.000400033
0.000403239
0.000407153
0.000412017
0.00041805
0.000425776
0.000435407
0.000448399
0.000464252
0.000487905
0.000514086
0.000560112
0.000600438
0.0107492
0.00741424
0.00545448
0.00420366
0.00335538
0.00275265
0.00230848
0.00197139
0.00170935
0.00150164
0.00133448
0.00119857
0.00108724
0.000996875
0.000928534
0.000889893
0.000891057
0.000928668
0.000970129
0.000968538
0.000906462
0.000811871
0.000718476
0.00063761
0.000570508
0.000515166
0.000470276
0.000435599
0.000411144
0.000396516
0.000389532
0.000387048
0.000385967
0.000384438
0.000382431
0.000380942
0.000380685
0.000381582
0.000383131
0.000384873
0.000386575
0.000388186
0.000389749
0.000391342
0.000393049
0.00039496
0.000397172
0.000399792
0.000402957
0.000406819
0.000411613
0.000417552
0.000425153
0.000434613
0.000447363
0.000462884
0.000486029
0.000511566
0.000556506
0.000595834
0.0107494
0.00741801
0.00546047
0.00421068
0.00336273
0.00275996
0.00231557
0.00197817
0.00171578
0.00150769
0.00134013
0.00120384
0.00109239
0.00100306
0.000939034
0.000911391
0.000933227
0.000999654
0.00106822
0.00107769
0.00100471
0.000887252
0.000770346
0.000671528
0.000592741
0.000530516
0.000481892
0.000445398
0.000420148
0.000405058
0.000397395
0.000393683
0.00039095
0.000387748
0.000384396
0.000382001
0.000381197
0.000381782
0.000383158
0.000384808
0.000386459
0.000388041
0.000389583
0.000391158
0.000392846
0.000394733
0.000396915
0.000399497
0.000402612
0.000406409
0.000411117
0.000416945
0.000424394
0.000433648
0.000446109
0.000461235
0.000483776
0.000508554
0.000552204
0.000590377
0.0107497
0.00742202
0.00546675
0.00421797
0.0033703
0.00276743
0.00232277
0.00198502
0.00172222
0.0015137
0.00134571
0.00120905
0.0010977
0.00101023
0.000952601
0.000940124
0.000989374
0.00109326
0.00119688
0.001221
0.00113458
0.000987655
0.000840097
0.00071751
0.000623101
0.000551601
0.00049789
0.00045885
0.000432374
0.000416415
0.000407605
0.000402131
0.000397219
0.000391908
0.000386902
0.000383396
0.000381914
0.000382104
0.000383254
0.000384776
0.000386354
0.000387891
0.000389402
0.00039095
0.00039261
0.000394465
0.000396608
0.000399142
0.000402195
0.000405913
0.000410518
0.00041621
0.000423478
0.000432487
0.000444605
0.000459264
0.000481092
0.000504982
0.000547117
0.000583966
0.01075
0.00742626
0.00547331
0.00422551
0.00337806
0.00277504
0.00233004
0.00199186
0.00172859
0.00151959
0.00135114
0.00121416
0.00110332
0.00101896
0.000970627
0.000978752
0.0010638
0.00121545
0.00136319
0.00140581
0.00130294
0.00111884
0.000931927
0.000778527
0.000663706
0.000579985
0.00051949
0.000476945
0.000448625
0.000431197
0.000420583
0.000412649
0.000404923
0.000397009
0.000390008
0.000385172
0.000382871
0.000382573
0.000383438
0.000384793
0.000386272
0.000387745
0.000389211
0.000390719
0.000392342
0.000394155
0.000396249
0.000398721
0.0004017
0.000405321
0.000409802
0.000415331
0.000422382
0.000431101
0.000442813
0.000456924
0.000477919
0.000500782
0.000541156
0.000576505
0.0107503
0.00743074
0.00548015
0.00423328
0.00338598
0.00278271
0.00233729
0.00199859
0.00173479
0.00152523
0.00135633
0.00121919
0.00110954
0.00103015
0.000995058
0.00103071
0.00116167
0.00137281
0.00157421
0.00163892
0.00151603
0.00128611
0.00104993
0.00085761
0.0007168
0.000617384
0.000548058
0.00050079
0.00046978
0.000450047
0.000436743
0.000425473
0.000414189
0.000403127
0.00039377
0.000387374
0.000384106
0.000383223
0.000383737
0.000384881
0.000386231
0.000387618
0.00038902
0.000390476
0.000392047
0.000393805
0.000395836
0.000398234
0.00040112
0.000404624
0.000408956
0.000414292
0.000421085
0.000429461
0.000440695
0.000454169
0.0004742
0.000495887
0.000534241
0.000567907
0.0107506
0.00743546
0.00548723
0.00424122
0.00339395
0.00279032
0.00234435
0.00200505
0.00174061
0.00153047
0.00136116
0.00122423
0.00111692
0.00104517
0.00102853
0.00110028
0.00128887
0.00157195
0.00183592
0.00192511
0.0017782
0.00149345
0.00119754
0.00095755
0.000784608
0.000665584
0.000585048
0.000531563
0.000496745
0.000473595
0.000456457
0.000440793
0.000425107
0.000410314
0.000398233
0.000390046
0.00038566
0.000384091
0.000384185
0.00038507
0.000386254
0.000387529
0.000388847
0.000390231
0.000391734
0.000393423
0.000395375
0.00039768
0.000400452
0.000403816
0.000407969
0.000413073
0.000419563
0.000427536
0.000438214
0.000450952
0.000469877
0.000490231
0.0005263
0.0005581
0.0107509
0.00744038
0.00549447
0.00424918
0.00340178
0.00279763
0.00235099
0.00201097
0.00174584
0.0015351
0.00136556
0.00122957
0.00112638
0.00106601
0.00107452
0.00119258
0.00145167
0.00181863
0.00215162
0.00226536
0.00209015
0.00174228
0.00137677
0.00108049
0.000869118
0.000726322
0.000631932
0.000570454
0.000530394
0.0005024
0.000480015
0.00045872
0.000437711
0.000418591
0.000403426
0.000393227
0.000387578
0.000385221
0.000384822
0.000385395
0.000386374
0.000387506
0.000388714
0.000390005
0.00039142
0.000393019
0.000394872
0.000397062
0.000399697
0.000402891
0.00040683
0.00041166
0.000417791
0.000425295
0.00043533
0.000447225
0.000464897
0.00048376
0.000517279
0.000547038
0.0107512
0.00744542
0.00550171
0.00425694
0.00340919
0.00280433
0.00235686
0.00201602
0.00175016
0.00153896
0.00136965
0.0012358
0.0011394
0.00109544
0.00113738
0.00131342
0.00165599
0.00211629
0.00252015
0.00265503
0.00244741
0.00203033
0.00158749
0.00122751
0.000971831
0.000801133
0.000690087
0.000618561
0.000571475
0.000536895
0.000507565
0.000479253
0.000451963
0.000427939
0.000409361
0.000396949
0.000389903
0.000386662
0.000385698
0.000385901
0.000386631
0.000387584
0.000388652
0.000389822
0.000391125
0.000392609
0.000394338
0.000396387
0.000398854
0.000401843
0.000405527
0.000410033
0.000415745
0.000422705
0.000432002
0.000442944
0.000459213
0.00047643
0.000507152
0.000534707
0.0107515
0.00745044
0.00550869
0.00426412
0.00341572
0.00280991
0.00236147
0.00201977
0.0017533
0.00154199
0.0013738
0.00124407
0.00115822
0.00113717
0.00122237
0.00146883
0.00190641
0.00246444
0.00293415
0.00308264
0.00283937
0.00235084
0.00182685
0.0013982
0.0010935
0.000891162
0.000760644
0.000676765
0.000620492
0.00057736
0.000539063
0.000502247
0.000467734
0.000438288
0.000416023
0.000401238
0.00039268
0.000388467
0.000386864
0.00038664
0.000387072
0.000387804
0.000388695
0.000389713
0.000390874
0.000392214
0.000393789
0.000395663
0.000397927
0.00040067
0.000404049
0.000408175
0.000413398
0.000419733
0.000428194
0.000438068
0.00045279
0.000468216
0.000495927
0.000521139
0.0107516
0.00745519
0.00551498
0.00427015
0.00342073
0.00281374
0.00236424
0.00202178
0.00175503
0.0015444
0.0013789
0.00125622
0.00118602
0.00119588
0.00133532
0.00166429
0.00220461
0.00285691
0.00337909
0.0035299
0.00324965
0.0026927
0.00208909
0.00159041
0.00123388
0.000996957
0.0008443
0.000745552
0.000677563
0.00062355
0.000574182
0.000527374
0.000484789
0.000449511
0.000423369
0.0004061
0.000395947
0.000390687
0.000388378
0.000387666
0.000387746
0.000388211
0.000388885
0.000389712
0.000390693
0.000391854
0.000393237
0.000394898
0.000396914
0.000399362
0.000402382
0.000406062
0.000410722
0.000416345
0.000423869
0.000432566
0.00044561
0.000459124
0.000483658
0.000506428
0.0107513
0.00745924
0.00551989
0.00427418
0.00342331
0.00281497
0.00236451
0.00202166
0.00175541
0.00154686
0.00138657
0.0012751
0.00122706
0.00127715
0.0014822
0.00190357
0.00254775
0.00328065
0.00383359
0.00397321
0.00365768
0.00304138
0.00236582
0.00180017
0.00139152
0.00111824
0.000941094
0.000824808
0.000742256
0.000674666
0.000612226
0.000554098
0.000502777
0.000461419
0.000431319
0.000411526
0.000399733
0.000393364
0.000390289
0.00038903
0.000388705
0.000388851
0.000389259
0.000389851
0.000390609
0.000391547
0.000392694
0.000394095
0.000395811
0.000397908
0.000400504
0.000403668
0.000407686
0.000412508
0.000418998
0.000426419
0.000437679
0.000449196
0.000470464
0.00049074
0.0107505
0.00746192
0.00552242
0.00427504
0.00342233
0.00281265
0.00236167
0.00201934
0.00175504
0.00155092
0.00139946
0.00130467
0.00128663
0.00138702
0.00166808
0.00218718
0.00292688
0.00371558
0.00427122
0.00438656
0.0040414
0.00338066
0.00264679
0.00202183
0.00156365
0.00125366
0.00105015
0.000913599
0.000813435
0.000729491
0.000652163
0.000581667
0.000521231
0.000473755
0.000439755
0.000417478
0.000404034
0.000396525
0.000392636
0.000390775
0.000389986
0.000389757
0.000389847
0.000390152
0.000390638
0.000391301
0.000392161
0.000393245
0.000394604
0.000396285
0.000398389
0.000400961
0.000404255
0.000408195
0.000413565
0.000419632
0.000429046
0.000438533
0.000456548
0.000474343
0.0107487
0.0074622
0.00552111
0.00427118
0.00341641
0.00280587
0.00235544
0.00201529
0.0017554
0.00155922
0.00142148
0.0013501
0.00137078
0.00153125
0.00189581
0.00251061
0.00332612
0.00413592
0.00466369
0.00474496
0.00438011
0.00369453
0.00292077
0.00224835
0.0017461
0.0014006
0.00116943
0.00100996
0.000889143
0.000786244
0.00069267
0.000609136
0.000539572
0.000486194
0.000448509
0.000423861
0.000408816
0.000400168
0.000395432
0.000392919
0.000391609
0.000390947
0.000390661
0.000390622
0.000390778
0.00039111
0.000391622
0.000392328
0.000393264
0.00039446
0.000396
0.000397906
0.000400404
0.000403391
0.000407581
0.000412255
0.000419822
0.000427322
0.000442227
0.000457638
0.0107451
0.00745855
0.00551401
0.0042607
0.00340417
0.00279401
0.0023462
0.00201104
0.00175926
0.00157575
0.0014578
0.00141742
0.00148556
0.00171407
0.00216432
0.00286294
0.00372296
0.00451285
0.00498447
0.00502753
0.00465682
0.00396873
0.00317653
0.00247166
0.00193332
0.00155501
0.00129553
0.00111078
0.000966557
0.000842611
0.000731758
0.000635371
0.000557126
0.000498337
0.000457314
0.000430528
0.000414
0.000404247
0.000398648
0.000395441
0.000393556
0.000392404
0.000391681
0.000391237
0.000391002
0.00039094
0.000391039
0.000391302
0.000391748
0.000392392
0.000393301
0.000394478
0.000396123
0.000398115
0.00040111
0.000404411
0.000410217
0.000415879
0.000427978
0.000441199
0.0107387
0.00744879
0.00549861
0.00424153
0.00338451
0.00277726
0.00233548
0.00200951
0.00177088
0.00160588
0.00151454
0.00151285
0.00163592
0.00193655
0.00246684
0.00322624
0.00409009
0.00481824
0.00521221
0.00521961
0.00485948
0.00419182
0.00340356
0.00268306
0.00211844
0.00171129
0.00142361
0.00121175
0.00104206
0.000895843
0.000767549
0.000659018
0.000573049
0.000509647
0.000465866
0.000437284
0.000419446
0.000408657
0.0004022
0.00039827
0.000395765
0.000394067
0.000392849
0.00039194
0.000391252
0.000390732
0.000390357
0.000390113
0.000390008
0.000390043
0.00039027
0.00039068
0.000391453
0.000392457
0.000394309
0.000396346
0.0004006
0.000404712
0.000414509
0.000425852
0.010728
0.00743016
0.005472
0.00421183
0.00335718
0.00275712
0.00232647
0.00201542
0.00179596
0.0016559
0.00159797
0.00164157
0.00182399
0.00219464
0.00278964
0.00357631
0.00439863
0.00502835
0.00533298
0.00531348
0.00498122
0.00435542
0.0035925
0.00287354
0.00229349
0.00186245
0.00154747
0.00130754
0.00111143
0.000942932
0.00079813
0.000678853
0.000586573
0.000519652
0.000473824
0.000443866
0.000424944
0.00041322
0.000405937
0.000401274
0.000398117
0.000395829
0.000394066
0.000392639
0.000391443
0.000390413
0.00038951
0.000388712
0.000388014
0.000387409
0.000386941
0.000386593
0.000386535
0.000386641
0.000387504
0.000388513
0.000391587
0.00039462
0.000402863
0.000412771
0.010711
0.00739979
0.00543183
0.00417065
0.00332355
0.00273707
0.00232434
0.0020349
0.00184104
0.00173209
0.0017132
0.00180599
0.00204716
0.00247763
0.00311195
0.00388509
0.004622
0.00512693
0.00534121
0.00530789
0.00501968
0.00445405
0.00373538
0.00303419
0.00244967
0.00200031
0.00165985
0.00139217
0.00117018
0.000980843
0.000821639
0.000693784
0.000596998
0.000527842
0.000480785
0.000449938
0.000430206
0.00041769
0.000409644
0.000404265
0.000400446
0.000397546
0.000395208
0.000393229
0.000391491
0.000389919
0.000388465
0.000387097
0.000385807
0.000384584
0.000383471
0.000382452
0.000381706
0.000381121
0.000381298
0.00038169
0.000384168
0.00038683
0.000394562
0.00040364
0.0106856
0.00735468
0.00537677
0.00411967
0.00328754
0.00272294
0.00233593
0.00207481
0.00191227
0.0018391
0.00186223
0.00200373
0.00229619
0.00276735
0.00340748
0.00412433
0.00473981
0.00510693
0.00523921
0.0052068
0.00497597
0.00448465
0.00382564
0.00315644
0.00257783
0.00211607
0.00175301
0.00145949
0.00121393
0.00100678
0.000836405
0.000702805
0.000603643
0.000533688
0.000486304
0.000455115
0.000434897
0.000421776
0.000413073
0.000407035
0.000402582
0.000399082
0.000396173
0.000393645
0.000391372
0.000389273
0.000387295
0.000385405
0.000383597
0.000381863
0.000380257
0.000378779
0.00037763
0.000376734
0.000376729
0.000377148
0.000379891
0.00038319
0.000391834
0.000400882
0.0106495
0.00729267
0.00530748
0.00406305
0.00325609
0.00272252
0.00236847
0.00214107
0.00201354
0.00197791
0.00204187
0.00222571
0.00255433
0.00303919
0.0036476
0.00426982
0.00474067
0.00497075
0.0050358
0.00501789
0.00485358
0.00444611
0.00385819
0.00323256
0.00266903
0.00220094
0.0018194
0.00150376
0.00123887
0.00101846
0.00084111
0.000705102
0.000605922
0.000536705
0.000489961
0.000459031
0.000438703
0.000425222
0.000416022
0.000409436
0.000404433
0.000400401
0.000396985
0.000393974
0.000391242
0.000388706
0.00038632
0.000384055
0.000381916
0.000379912
0.000378119
0.000376569
0.000375506
0.00037491
0.000375495
0.00037689
0.000381113
0.00038645
0.000397917
0.000408011
0.0106013
0.00721401
0.00522826
0.00400845
0.00323797
0.00274372
0.00242776
0.0022366
0.00214428
0.00214371
0.00224201
0.00245523
0.00279793
0.00326487
0.00380577
0.00430529
0.00462358
0.00472917
0.00474454
0.0047512
0.0046576
0.00433887
0.00382945
0.00325597
0.00271524
0.00224703
0.00185244
0.00152036
0.00124218
0.00101435
0.000834954
0.000700199
0.000603478
0.000536589
0.000491493
0.000461474
0.000441479
0.000427948
0.000418487
0.000411543
0.000406153
0.000401741
0.00039797
0.00039464
0.00039163
0.000388869
0.000386322
0.000383978
0.000381865
0.000380019
0.00037856
0.000377565
0.00037735
0.000377973
0.000380269
0.000383988
0.000391365
0.000400671
0.000417538
0.000430179
0.0105423
0.00712388
0.00514884
0.00396719
0.00324289
0.00279279
0.00251585
0.00235905
0.00229756
0.00232454
0.00244504
0.00266891
0.00299933
0.00341699
0.00386212
0.00422496
0.00439766
0.00439943
0.00438205
0.00441825
0.00439431
0.00416483
0.00373748
0.00322176
0.00271009
0.00224811
0.00184732
0.00150629
0.00122242
0.000993979
0.000817896
0.000688184
0.000596416
0.000533451
0.00049104
0.000462639
0.000443489
0.00043031
0.000420918
0.000413908
0.000408406
0.000403886
0.000400043
0.000396696
0.000393746
0.000391141
0.00038887
0.000386952
0.000385451
0.000384452
0.000384131
0.000384639
0.000386391
0.000389558
0.000395146
0.000403067
0.000415898
0.000431858
0.000457643
0.000475076
0.01048
0.00703606
0.00508588
0.00395351
0.00327952
0.00287206
0.00262916
0.00249948
0.00245941
0.00250153
0.00262749
0.00283987
0.00313152
0.00347412
0.00380708
0.00403437
0.00408047
0.00400309
0.0039668
0.00403188
0.00407132
0.00392741
0.00358221
0.00312716
0.0026495
0.00220045
0.00180167
0.00146074
0.00117994
0.000958269
0.00079101
0.000670088
0.000585692
0.000528211
0.000489535
0.000463514
0.000445808
0.000433483
0.000424614
0.000417966
0.000412774
0.000408581
0.000405124
0.00040226
0.000399919
0.000398082
0.000396779
0.000396071
0.00039608
0.000396955
0.000398958
0.000402341
0.000407656
0.000415238
0.000426324
0.000441085
0.000462546
0.000489001
0.000528589
0.000554447
0.0104343
0.00697808
0.00506403
0.00398304
0.00335342
0.00297854
0.00275802
0.00264299
0.00261058
0.00265189
0.00276425
0.00294318
0.00317397
0.0034254
0.00364339
0.00374942
0.00369548
0.00356392
0.00351866
0.00360674
0.00369819
0.003632
0.0033658
0.00297205
0.00253246
0.00210353
0.00171625
0.0013857
0.00111744
0.000910109
0.000757065
0.000648469
0.000573697
0.000523173
0.000489275
0.000466446
0.000450874
0.000440034
0.000432291
0.000426606
0.00042234
0.00041912
0.000416745
0.000415118
0.000414216
0.000414071
0.000414765
0.000416428
0.000419255
0.000423492
0.000429518
0.000437734
0.000448874
0.000463527
0.000483227
0.000508613
0.000543187
0.000585869
0.000646157
0.000686769
0.0104493
0.0069983
0.00511685
0.00407165
0.00346665
0.00310506
0.00288932
0.00277248
0.00273137
0.00275463
0.002835
0.00296228
0.00311795
0.0032735
0.00338597
0.00339395
0.00326926
0.00310644
0.00305899
0.0031604
0.00328768
0.00328679
0.00309332
0.00275959
0.00236168
0.00196085
0.00159572
0.00128673
0.00104078
0.000855203
0.00072137
0.000628246
0.000565066
0.000522824
0.000494707
0.000475926
0.000463284
0.000454711
0.000448885
0.000444985
0.000442514
0.000441199
0.000440912
0.000441622
0.000443372
0.000446259
0.000450447
0.000456154
0.000463689
0.000473432
0.000485926
0.000501797
0.000522025
0.000547624
0.00058045
0.000622116
0.000676287
0.000744204
0.00083502
0.000902118
0.0106134
0.00717634
0.00528861
0.00423645
0.00362095
0.00324559
0.00301321
0.00287627
0.0028096
0.0027986
0.00283181
0.00289525
0.00297041
0.00303551
0.00306011
0.00299674
0.0028289
0.0026547
0.00261115
0.00271517
0.00285792
0.00290447
0.00277401
0.00249718
0.00214448
0.00178085
0.00144978
0.00117416
0.000960237
0.000803239
0.000692894
0.000617768
0.000567742
0.000534896
0.000513508
0.00049969
0.000490916
0.000485596
0.000482742
0.000481757
0.000482303
0.000484219
0.00048747
0.00049211
0.00049827
0.000506146
0.00051601
0.000528217
0.000543232
0.000561644
0.000584223
0.000611965
0.00064615
0.000688587
0.000741312
0.00080813
0.00089152
0.00099962
0.00113494
0.00125128
0.0110978
0.00764042
0.00563911
0.0045016
0.00382704
0.00340634
0.00313445
0.00295898
0.0028508
0.00279153
0.0027663
0.00275958
0.00275581
0.00274193
0.00269886
0.00258864
0.00240013
0.00223147
0.00220088
0.00230025
0.00243604
0.00250552
0.00242367
0.00219803
0.00189386
0.00157823
0.00129467
0.00106471
0.000891963
0.000769284
0.000685607
0.000630211
0.00059444
0.000571922
0.000558228
0.000550442
0.000546734
0.000545998
0.000547585
0.000551131
0.000556466
0.000563561
0.000572495
0.00058344
0.000596649
0.00061246
0.000631309
0.000653757
0.000680499
0.00071246
0.000750726
0.000796941
0.000852689
0.000921385
0.00100458
0.0011112
0.00123841
0.00141286
0.00161216
0.00182341
0.0122312
0.00859912
0.00625493
0.0049136
0.00412317
0.00362344
0.00328823
0.00305526
0.00288958
0.00276892
0.00267592
0.00259538
0.00251654
0.00243512
0.00234077
0.00220091
0.00200638
0.00185711
0.00185579
0.00195363
0.00206377
0.00212465
0.0020695
0.00188376
0.00162968
0.00137505
0.00115474
0.000983086
0.000859556
0.000775424
0.000720405
0.000685802
0.000665174
0.000654008
0.000649271
0.000649029
0.000652144
0.000657989
0.000666252
0.00067681
0.000689679
0.00070499
0.000722977
0.000743974
0.000768418
0.000796867
0.000830006
0.000868728
0.000914076
0.000967546
0.00103065
0.00110625
0.00119603
0.00130684
0.00143765
0.00160957
0.00180319
0.00209212
0.00238133
0.00278151
0.0146576
0.010404
0.00727627
0.00557529
0.00460754
0.00398944
0.00356149
0.00324673
0.00300287
0.00280368
0.00263009
0.00246844
0.00231351
0.00216876
0.0020297
0.00186589
0.00166928
0.00154812
0.00160325
0.00172168
0.00180359
0.0018243
0.00175983
0.00158949
0.00137922
0.00120034
0.00106282
0.000963057
0.000896061
0.000853832
0.000829104
0.000816564
0.000812566
0.00081462
0.000821089
0.000831013
0.000843938
0.000859726
0.000878416
0.00090015
0.000925167
0.000953809
0.000986534
0.00102393
0.00106672
0.00111582
0.00117232
0.00123767
0.00131345
0.00140219
0.00150592
0.00162995
0.00177522
0.0019563
0.00216368
0.00244759
0.00274318
0.00323951
0.00364988
0.00443711
0.019707
0.0136862
0.0089645
0.00671792
0.00549569
0.00469652
0.00412668
0.00368841
0.00333014
0.00302111
0.00274052
0.00247676
0.00223019
0.00201096
0.00181836
0.00162116
0.00141146
0.00131572
0.00146739
0.00165941
0.00174589
0.00171103
0.0015821
0.00137426
0.00117692
0.00108518
0.00105853
0.00104954
0.0010495
0.00105485
0.00106425
0.00107734
0.00109385
0.00111342
0.00113581
0.00116105
0.00118945
0.00122142
0.00125742
0.00129793
0.00134349
0.00139476
0.00145256
0.00151789
0.00159197
0.00167632
0.00177271
0.00188359
0.00201138
0.00216062
0.00233377
0.00254137
0.00278103
0.00308506
0.00342018
0.00390619
0.00436101
0.00525268
0.00581307
0.00741515
0.0303485
0.019689
0.0118747
0.00885514
0.00723462
0.00612394
0.0053124
0.00466581
0.00411905
0.00363454
0.00318822
0.00277028
0.00238696
0.00205536
0.00177815
0.00151893
0.0012637
0.00116701
0.00146583
0.00184027
0.00202615
0.00195987
0.00169759
0.00134046
0.00106735
0.00105266
0.00118697
0.00130728
0.00139884
0.00146753
0.00152256
0.00157136
0.00161829
0.00166548
0.00171417
0.00176557
0.00182096
0.00188158
0.00194852
0.00202275
0.0021053
0.00219738
0.00230041
0.00241616
0.0025467
0.0026947
0.0028631
0.00305628
0.003278
0.00353687
0.00383521
0.00419518
0.0046039
0.00513538
0.00569365
0.00656561
0.00727481
0.00896096
0.00967122
0.0130406
0.0539201
0.031166
0.0172952
0.0131354
0.0107693
0.00905098
0.00778007
0.00674117
0.00584551
0.00504204
0.00429913
0.00360822
0.00298333
0.00245187
0.00202203
0.00164465
0.00128034
0.00111332
0.00160884
0.00237698
0.00288262
0.00289216
0.00241558
0.00168968
0.00112586
0.00110728
0.00150273
0.00184513
0.00209303
0.00226831
0.00240004
0.00251037
0.00261183
0.00271029
0.00280888
0.0029104
0.00301779
0.00313376
0.00326054
0.00340007
0.00355425
0.00372527
0.00391574
0.00412888
0.00436842
0.00463926
0.00494653
0.00529856
0.00570124
0.00617204
0.00671102
0.00736716
0.00809806
0.00907814
0.0100495
0.0117063
0.0128351
0.0162113
0.0169511
0.0243066
0.110887
0.055013
0.0283926
0.0222325
0.0182393
0.0152197
0.0129921
0.0111423
0.00953364
0.00808499
0.00674723
0.00551285
0.00441004
0.00348603
0.00276045
0.00215797
0.00157165
0.00119334
0.00189361
0.00347066
0.0048014
0.0051961
0.00441327
0.0028728
0.00152601
0.00123697
0.00207984
0.00287062
0.00344236
0.003838
0.0041267
0.00436299
0.00457771
0.00478433
0.00498896
0.00519694
0.00541436
0.00564706
0.00589982
0.00617657
0.006481
0.00681733
0.00719059
0.00760702
0.00807376
0.00860048
0.00919666
0.00987925
0.0106578
0.01157
0.0126072
0.0138832
0.0152751
0.0172069
0.0189996
0.0223691
0.0242185
0.0314299
0.0316985
0.0484868
0.266808
0.110528
0.0533913
0.0428327
0.0349375
0.0289012
0.0245042
0.020827
0.0176234
0.0147411
0.0120907
0.009668
0.00753324
0.00577549
0.00443657
0.00338806
0.00237296
0.00152469
0.00228825
0.00552378
0.00888827
0.0105082
0.00931176
0.00597659
0.00271653
0.00146522
0.00302315
0.00481235
0.00614241
0.00706058
0.00771794
0.00824654
0.00872405
0.00918331
0.00963649
0.0100933
0.0105662
0.0110685
0.0116111
0.0122028
0.0128513
0.0135654
0.0143555
0.0152347
0.0162178
0.0173254
0.0185766
0.0200086
0.0216373
0.0235508
0.0257115
0.0283994
0.0312687
0.0353946
0.0389668
0.046385
0.0495377
0.0661284
0.0642031
0.10478
)
;

boundaryField
{
    inlet
    {
        type            fixedValue;
        value           uniform 0.017;
    }
    outlet
    {
        type            zeroGradient;
    }
    fixedWalls
    {
        type            kqRWallFunction;
        value           nonuniform List<scalar> 
120
(
0.266808
0.110528
0.0533913
0.0428327
0.0349375
0.0289012
0.0245042
0.020827
0.0176234
0.0147411
0.0120907
0.009668
0.00753324
0.00577549
0.00443657
0.00338806
0.00237296
0.00152469
0.00228825
0.00552378
0.00888827
0.0105082
0.00931176
0.00597659
0.00271653
0.00146522
0.00302315
0.00481235
0.00614241
0.00706058
0.00771794
0.00824654
0.00872405
0.00918331
0.00963649
0.0100933
0.0105662
0.0110685
0.0116111
0.0122028
0.0128513
0.0135654
0.0143555
0.0152347
0.0162178
0.0173254
0.0185766
0.0200086
0.0216373
0.0235508
0.0257115
0.0283994
0.0312687
0.0353946
0.0389668
0.046385
0.0495377
0.0661284
0.0642031
0.10478
0.168271
0.0131683
0.00103091
0.00359585
0.00257921
0.0032112
0.00270469
0.0018988
0.000586736
0.000585375
0.000970669
0.00299387
0.00832801
0.0159589
0.0232857
0.0274806
0.0270606
0.0226731
0.0163993
0.0102216
0.00534014
0.00225031
0.000890114
0.000811839
0.00157484
0.00231825
0.00303831
0.00377034
0.0045399
0.00535206
0.00619132
0.00702833
0.0078312
0.00857725
0.00925992
0.00988832
0.0104815
0.011062
0.0116511
0.0122671
0.0129259
0.0136416
0.0144283
0.0153013
0.0162766
0.0173759
0.0186188
0.0200431
0.021665
0.0235725
0.0257281
0.0284118
0.0312778
0.035401
0.0389711
0.0463877
0.0495393
0.066129
0.0642033
0.104779
)
;
    }
    frontAndBack
    {
        type            empty;
    }
}


// ************************************************************************* //
