/*--------------------------------*- C++ -*----------------------------------*\
| =========                 |                                                 |
| \\      /  F ield         | OpenFOAM: The Open Source CFD Toolbox           |
|  \\    /   O peration     | Version:  2.4.0                                 |
|   \\  /    A nd           | Web:      www.OpenFOAM.org                      |
|    \\/     M anipulation  |                                                 |
\*---------------------------------------------------------------------------*/
FoamFile
{
    version     2.0;
    format      ascii;
    class       volScalarField;
    location    "1.85";
    object      p;
}
// * * * * * * * * * * * * * * * * * * * * * * * * * * * * * * * * * * * * * //

dimensions      [0 2 -2 0 0 0 0];

internalField   nonuniform List<scalar> 
6000
(
0.0629441
0.292065
0.289003
0.312398
0.317906
0.325666
0.32879
0.332452
0.334334
0.336382
0.338016
0.340094
0.342104
0.343571
0.343453
0.341103
0.336026
0.327988
0.317302
0.305708
0.2963
0.292471
0.296783
0.310403
0.333001
0.362798
0.396648
0.43059
0.460786
0.484567
0.500927
0.510288
0.513987
0.513674
0.510863
0.506753
0.502208
0.497803
0.493879
0.490582
0.48791
0.485737
0.483863
0.482021
0.479901
0.477172
0.473471
0.468451
0.461687
0.452889
0.441416
0.427308
0.408957
0.388095
0.358644
0.330757
0.278029
0.250507
0.131528
0.145367
0.0779637
0.29028
0.289046
0.312249
0.317823
0.325579
0.328733
0.332402
0.334303
0.336352
0.337977
0.34004
0.34204
0.343516
0.343431
0.341141
0.336162
0.328209
0.317595
0.306014
0.296548
0.292606
0.296786
0.310284
0.332785
0.362515
0.396356
0.430317
0.46055
0.484371
0.500769
0.510169
0.51391
0.513621
0.510824
0.506718
0.502175
0.49777
0.493843
0.490542
0.487861
0.485685
0.483804
0.481951
0.479817
0.477069
0.473342
0.468291
0.461489
0.452645
0.441118
0.426942
0.408519
0.387555
0.358049
0.329957
0.277259
0.249193
0.130631
0.143034
0.0918094
0.288203
0.289142
0.312131
0.31775
0.325511
0.328684
0.332362
0.334274
0.336323
0.33794
0.339985
0.341976
0.343465
0.343421
0.3412
0.336308
0.328451
0.317899
0.306307
0.296747
0.292659
0.296679
0.310037
0.332442
0.362131
0.395982
0.429997
0.4603
0.484187
0.500637
0.510085
0.513856
0.513583
0.510791
0.506685
0.502139
0.49773
0.4938
0.490495
0.487811
0.485629
0.48374
0.481878
0.47973
0.476964
0.473214
0.468134
0.461298
0.452412
0.440838
0.426605
0.408125
0.387073
0.357498
0.329243
0.27651
0.248026
0.129645
0.140951
0.10328
0.286026
0.289281
0.31204
0.317696
0.325456
0.328642
0.332328
0.334249
0.336297
0.337902
0.339932
0.341918
0.343427
0.34343
0.341283
0.336478
0.328707
0.318182
0.306528
0.296822
0.292549
0.296393
0.309616
0.331945
0.361623
0.395527
0.429639
0.460052
0.484032
0.50055
0.510047
0.513838
0.513566
0.510767
0.506653
0.502098
0.497683
0.493748
0.49044
0.487754
0.485568
0.483674
0.481804
0.479645
0.476862
0.473091
0.467984
0.461115
0.45219
0.440572
0.426285
0.407748
0.386616
0.356974
0.328571
0.275798
0.246949
0.128698
0.139187
0.113271
0.283854
0.289443
0.311972
0.317659
0.325409
0.328607
0.332299
0.334227
0.336271
0.337864
0.339878
0.341863
0.3434
0.34346
0.341393
0.336678
0.328977
0.318439
0.306659
0.296745
0.292248
0.295906
0.309003
0.331274
0.360969
0.39496
0.429207
0.459765
0.483867
0.500479
0.510034
0.51384
0.513561
0.510747
0.506617
0.502049
0.497625
0.493685
0.490375
0.487688
0.485501
0.483604
0.481727
0.479558
0.47676
0.472968
0.467834
0.460933
0.451969
0.440306
0.425965
0.407371
0.386159
0.356455
0.327906
0.2751
0.245898
0.12779
0.137622
0.122346
0.281755
0.289612
0.311927
0.317636
0.32537
0.328578
0.332274
0.334208
0.336246
0.337823
0.339821
0.34181
0.343383
0.343509
0.341531
0.336911
0.329262
0.31866
0.306685
0.296503
0.291752
0.295222
0.308204
0.33043
0.360155
0.394253
0.428663
0.4594
0.48366
0.500396
0.510019
0.513847
0.513559
0.510724
0.506574
0.50199
0.497556
0.493611
0.490299
0.487613
0.485426
0.483527
0.481645
0.479466
0.476653
0.47284
0.467679
0.460745
0.451741
0.440034
0.425637
0.406988
0.385695
0.355931
0.327237
0.274406
0.244854
0.12691
0.136188
0.130676
0.279769
0.289784
0.311901
0.317628
0.325338
0.328555
0.332253
0.334192
0.336221
0.33778
0.339761
0.341756
0.343373
0.343578
0.341703
0.33718
0.329559
0.318837
0.306596
0.296093
0.291072
0.294359
0.307237
0.329422
0.359182
0.393399
0.427996
0.458946
0.483402
0.500286
0.509986
0.513844
0.51355
0.510693
0.50652
0.501919
0.497475
0.493526
0.490215
0.48753
0.485344
0.483444
0.481558
0.479368
0.47654
0.472705
0.467517
0.460549
0.451505
0.439752
0.425301
0.406597
0.385224
0.355404
0.326565
0.273715
0.243817
0.126058
0.134863
0.138349
0.277921
0.289958
0.311879
0.317643
0.325315
0.328539
0.332237
0.334179
0.336197
0.337735
0.339698
0.341702
0.343372
0.34367
0.341911
0.337487
0.329865
0.318963
0.306387
0.295527
0.290234
0.29335
0.306129
0.328274
0.358073
0.392423
0.427232
0.458425
0.483105
0.500146
0.509928
0.513822
0.513526
0.510649
0.506453
0.501835
0.497382
0.49343
0.490121
0.487439
0.485256
0.483355
0.481464
0.479265
0.47642
0.472564
0.467347
0.460345
0.451259
0.439462
0.424955
0.406198
0.384746
0.354871
0.325889
0.273027
0.24279
0.125236
0.133636
0.145462
0.276222
0.290131
0.311864
0.31767
0.3253
0.328529
0.332225
0.334169
0.336174
0.337688
0.339631
0.341647
0.34338
0.343787
0.342159
0.337835
0.330181
0.319035
0.306069
0.29483
0.289271
0.292228
0.304913
0.327021
0.356868
0.391369
0.426411
0.457864
0.482778
0.499978
0.509845
0.513775
0.513482
0.510587
0.50637
0.501737
0.497277
0.493324
0.490018
0.487341
0.485161
0.483261
0.481365
0.479155
0.476294
0.472414
0.467168
0.460131
0.451004
0.439161
0.4246
0.40579
0.384261
0.354335
0.325212
0.272344
0.241774
0.124445
0.132496
0.152115
0.274678
0.290301
0.311852
0.317708
0.325294
0.328526
0.332217
0.334163
0.336151
0.33764
0.339561
0.341592
0.343398
0.343931
0.342451
0.338226
0.330504
0.319056
0.305656
0.294031
0.288217
0.291025
0.303622
0.3257
0.355605
0.39027
0.425556
0.457276
0.482425
0.499784
0.509738
0.513704
0.513413
0.510504
0.506269
0.501623
0.497158
0.493208
0.489908
0.487237
0.485061
0.483161
0.48126
0.479039
0.47616
0.472257
0.46698
0.459908
0.450739
0.438851
0.424236
0.405374
0.38377
0.353794
0.324535
0.271664
0.240773
0.123686
0.131431
0.158384
0.273294
0.290464
0.31184
0.317756
0.325294
0.328529
0.332214
0.33416
0.336131
0.33759
0.339488
0.341536
0.343426
0.344102
0.342787
0.338659
0.330834
0.319033
0.305169
0.293159
0.287104
0.289772
0.302284
0.324337
0.354306
0.38914
0.424674
0.456662
0.482044
0.499563
0.509607
0.513609
0.51332
0.510398
0.506148
0.501494
0.497028
0.493083
0.48979
0.487126
0.484955
0.483056
0.481149
0.478917
0.47602
0.472092
0.466784
0.459675
0.450464
0.438531
0.423863
0.404951
0.383274
0.353251
0.323859
0.270989
0.239788
0.122955
0.130434
0.164332
0.272071
0.290617
0.311824
0.317814
0.325302
0.328538
0.332215
0.33416
0.336112
0.337541
0.339413
0.341481
0.343464
0.344302
0.343169
0.339133
0.331172
0.318975
0.30463
0.292242
0.285956
0.28849
0.300921
0.322948
0.35298
0.387983
0.423764
0.45602
0.481632
0.499313
0.509448
0.513487
0.513202
0.510268
0.506007
0.501348
0.496885
0.492948
0.489665
0.487011
0.484845
0.482946
0.481034
0.478789
0.475873
0.471919
0.466579
0.459433
0.450179
0.438202
0.423482
0.404521
0.382772
0.352705
0.323185
0.27032
0.23882
0.122252
0.129497
0.170005
0.27101
0.290756
0.311801
0.317878
0.325315
0.328554
0.33222
0.334165
0.336097
0.337491
0.339337
0.341426
0.343512
0.344531
0.343594
0.339647
0.331516
0.318893
0.304059
0.291302
0.284795
0.287199
0.299547
0.321545
0.351636
0.386805
0.42283
0.455349
0.481189
0.49903
0.509257
0.513334
0.513055
0.510113
0.505844
0.501185
0.496729
0.492804
0.489535
0.486891
0.484731
0.482833
0.480915
0.478657
0.47572
0.471739
0.466366
0.459182
0.449886
0.437864
0.423092
0.404084
0.382267
0.352158
0.322515
0.269657
0.237873
0.121576
0.128615
0.175441
0.270112
0.290882
0.311769
0.317948
0.325333
0.328576
0.332229
0.334173
0.336084
0.337444
0.33926
0.341371
0.343569
0.344785
0.34406
0.340194
0.331868
0.318795
0.303473
0.29036
0.283642
0.285917
0.298178
0.32014
0.350283
0.385611
0.421874
0.454651
0.480714
0.49871
0.509029
0.513146
0.512877
0.509932
0.50566
0.501006
0.496562
0.492653
0.489399
0.486767
0.484614
0.482716
0.480792
0.47852
0.475561
0.471552
0.466145
0.458923
0.449584
0.437517
0.422696
0.403641
0.381759
0.35161
0.321849
0.269001
0.236946
0.120925
0.127782
0.180669
0.269373
0.290996
0.311728
0.318021
0.325355
0.328603
0.332242
0.334185
0.336074
0.337398
0.339183
0.341317
0.343635
0.345063
0.344561
0.340771
0.332227
0.318693
0.30289
0.289435
0.282512
0.284659
0.296827
0.318747
0.348934
0.38441
0.420902
0.453927
0.480203
0.498349
0.508757
0.512917
0.512663
0.509721
0.505454
0.500811
0.496384
0.492494
0.489258
0.48664
0.484495
0.482598
0.480666
0.478379
0.475398
0.47136
0.465918
0.458656
0.449274
0.437163
0.422293
0.403193
0.381249
0.351061
0.321189
0.268351
0.236041
0.120296
0.126994
0.18571
0.268792
0.2911
0.311676
0.318095
0.32538
0.328636
0.332258
0.3342
0.336068
0.337356
0.339107
0.341263
0.343707
0.345361
0.345091
0.341369
0.332593
0.318593
0.302324
0.288544
0.281423
0.283438
0.295509
0.317379
0.347599
0.383211
0.419917
0.453179
0.479656
0.497942
0.508436
0.512641
0.512408
0.509478
0.505224
0.500598
0.496195
0.492329
0.489113
0.486511
0.484374
0.482477
0.480538
0.478236
0.475231
0.471163
0.465684
0.458383
0.448957
0.436802
0.421884
0.402741
0.380736
0.350513
0.320535
0.267709
0.235159
0.119689
0.126247
0.190581
0.268365
0.2912
0.311612
0.318168
0.325407
0.328673
0.332276
0.334219
0.336065
0.337317
0.339033
0.341211
0.343785
0.345674
0.345643
0.341983
0.332963
0.318505
0.301789
0.2877
0.280388
0.28227
0.294237
0.316049
0.34629
0.382024
0.418924
0.452405
0.479067
0.497483
0.508058
0.512311
0.512106
0.509198
0.504967
0.500369
0.495995
0.492157
0.488966
0.48638
0.484253
0.482357
0.48041
0.478091
0.475062
0.470962
0.465446
0.458104
0.448634
0.436435
0.421469
0.402285
0.380223
0.349966
0.319888
0.267075
0.2343
0.119102
0.125539
0.195296
0.268084
0.291299
0.311537
0.318239
0.325436
0.328715
0.332298
0.33424
0.336067
0.337283
0.338963
0.34116
0.343866
0.345997
0.346207
0.342603
0.333337
0.318434
0.301296
0.286916
0.279418
0.281165
0.293024
0.314768
0.345018
0.380853
0.417929
0.451606
0.478432
0.496966
0.507618
0.51192
0.511753
0.508879
0.504682
0.500121
0.495784
0.49198
0.488815
0.486248
0.484131
0.482236
0.480281
0.477945
0.474891
0.470758
0.465204
0.45782
0.448306
0.436063
0.421051
0.401826
0.37971
0.349421
0.319248
0.266449
0.233465
0.118533
0.124867
0.199865
0.267946
0.291405
0.311452
0.318306
0.325464
0.328761
0.332323
0.334265
0.336072
0.337255
0.338897
0.341112
0.343949
0.346324
0.346775
0.343223
0.333714
0.318388
0.300855
0.286202
0.278525
0.280137
0.291881
0.313551
0.343794
0.379709
0.416936
0.450781
0.477747
0.496383
0.507105
0.511461
0.511342
0.508515
0.504367
0.499854
0.495562
0.491797
0.488662
0.486116
0.48401
0.482116
0.480153
0.477799
0.474719
0.470553
0.46496
0.457533
0.447974
0.435688
0.42063
0.401365
0.379197
0.348878
0.318617
0.265831
0.232653
0.117981
0.124228
0.204297
0.267941
0.291521
0.31136
0.318367
0.325492
0.328811
0.33235
0.334292
0.336081
0.337233
0.338838
0.341067
0.344032
0.346649
0.347339
0.343835
0.334092
0.31837
0.300473
0.285567
0.277718
0.279193
0.29082
0.312406
0.342626
0.3786
0.41595
0.449928
0.477006
0.495725
0.506513
0.510926
0.510866
0.508102
0.504019
0.499567
0.495329
0.491609
0.488508
0.485985
0.48389
0.481998
0.480026
0.477654
0.474546
0.470346
0.464714
0.457244
0.44764
0.43531
0.420207
0.400904
0.378686
0.348339
0.317995
0.265223
0.231864
0.117445
0.123619
0.208599
0.268062
0.291655
0.311262
0.318422
0.325518
0.328864
0.332379
0.334322
0.336094
0.337218
0.338786
0.341026
0.344113
0.346968
0.34789
0.344431
0.33447
0.318384
0.300157
0.285019
0.277005
0.278345
0.28985
0.311343
0.341524
0.377534
0.414971
0.449046
0.476204
0.494986
0.50583
0.510306
0.510319
0.507636
0.503634
0.499258
0.495086
0.491417
0.488354
0.485855
0.483773
0.481882
0.479901
0.47751
0.474374
0.470139
0.464466
0.456953
0.447304
0.43493
0.419783
0.400443
0.378178
0.347805
0.317383
0.264625
0.231099
0.116925
0.12304
0.212777
0.268302
0.291809
0.311164
0.31847
0.325542
0.32892
0.332411
0.334356
0.33611
0.337211
0.338744
0.34099
0.344191
0.347274
0.34842
0.345006
0.334846
0.318433
0.299911
0.284561
0.276393
0.277599
0.28898
0.310371
0.340499
0.376519
0.414005
0.448134
0.475334
0.494155
0.505049
0.509592
0.509692
0.50711
0.503211
0.498927
0.49483
0.49122
0.488199
0.485727
0.483659
0.48177
0.479779
0.477368
0.474204
0.469932
0.464218
0.45666
0.446966
0.434549
0.419359
0.399983
0.377673
0.347276
0.316781
0.264038
0.230358
0.116421
0.122489
0.216837
0.268652
0.291989
0.311067
0.31851
0.325563
0.328978
0.332445
0.334392
0.336131
0.337211
0.338713
0.340962
0.344265
0.347562
0.348923
0.345554
0.335218
0.31852
0.299739
0.2842
0.275887
0.276963
0.288219
0.309501
0.339559
0.375558
0.413052
0.447188
0.474391
0.493226
0.504159
0.508775
0.508979
0.50652
0.502745
0.498572
0.494564
0.49102
0.488045
0.485602
0.483548
0.481661
0.47966
0.477228
0.474034
0.469725
0.463969
0.456367
0.446627
0.434168
0.418936
0.399525
0.377173
0.346753
0.316191
0.263463
0.229641
0.115933
0.121964
0.220784
0.269103
0.292196
0.310978
0.318545
0.325581
0.329038
0.332482
0.334432
0.336156
0.337219
0.338692
0.340943
0.344335
0.34783
0.349391
0.346069
0.335585
0.318643
0.299639
0.283936
0.275491
0.276444
0.287574
0.30874
0.338712
0.374659
0.412115
0.446209
0.47337
0.492189
0.503152
0.507846
0.508172
0.50586
0.502234
0.498191
0.494287
0.490817
0.487893
0.485481
0.483443
0.481557
0.479545
0.477091
0.473866
0.469519
0.46372
0.456073
0.446288
0.433786
0.418513
0.39907
0.376679
0.346238
0.315613
0.262901
0.228949
0.115461
0.121466
0.224622
0.269649
0.292434
0.310898
0.318576
0.325597
0.329099
0.332522
0.334476
0.336186
0.337236
0.338682
0.340935
0.344404
0.348074
0.34982
0.346548
0.335943
0.3188
0.299616
0.283774
0.275213
0.276047
0.287052
0.308096
0.337964
0.373826
0.411196
0.445193
0.472265
0.491037
0.502017
0.506797
0.507263
0.505124
0.501674
0.497784
0.493998
0.490613
0.487744
0.485366
0.483343
0.481458
0.479435
0.476958
0.473701
0.469314
0.46347
0.455778
0.445948
0.433405
0.418092
0.398618
0.37619
0.345732
0.315048
0.262354
0.228281
0.115006
0.120992
0.228357
0.270281
0.292703
0.310832
0.318603
0.32561
0.329162
0.332564
0.334524
0.33622
0.337261
0.338685
0.340937
0.344471
0.348296
0.350207
0.346987
0.336288
0.318988
0.299666
0.283716
0.275054
0.275778
0.286659
0.307575
0.33732
0.373063
0.410297
0.444139
0.471072
0.489764
0.500747
0.505617
0.506245
0.504307
0.501062
0.497349
0.493698
0.490407
0.4876
0.485257
0.483251
0.481367
0.47933
0.476829
0.473538
0.469111
0.463222
0.455483
0.445607
0.433024
0.417673
0.39817
0.375707
0.345234
0.314497
0.261821
0.227639
0.114569
0.120542
0.231993
0.270992
0.293004
0.310783
0.31863
0.325621
0.329226
0.332611
0.334576
0.33626
0.337296
0.338702
0.340951
0.344539
0.348495
0.350552
0.347383
0.336615
0.319205
0.299789
0.283761
0.275017
0.275639
0.286399
0.307181
0.336787
0.372375
0.409418
0.443045
0.469787
0.488362
0.499335
0.5043
0.505109
0.503403
0.500394
0.496885
0.493387
0.490201
0.487461
0.485157
0.483167
0.481283
0.479232
0.476705
0.473378
0.468909
0.462974
0.455188
0.445267
0.432643
0.417256
0.397725
0.375231
0.344745
0.31396
0.261304
0.227021
0.114151
0.120117
0.235536
0.271775
0.293337
0.310752
0.318658
0.325632
0.329292
0.332661
0.334634
0.336307
0.337341
0.338732
0.340978
0.344607
0.348673
0.350855
0.347733
0.336923
0.319448
0.299983
0.28391
0.275103
0.275635
0.286278
0.306921
0.336369
0.371763
0.40856
0.44191
0.468405
0.486827
0.497772
0.502837
0.50385
0.502406
0.499667
0.49639
0.493066
0.489997
0.487329
0.485065
0.483093
0.481208
0.479142
0.476587
0.473223
0.468709
0.462726
0.454893
0.444927
0.432263
0.41684
0.397284
0.374761
0.344265
0.313436
0.260803
0.226428
0.113752
0.119714
0.238988
0.272624
0.293701
0.310743
0.31869
0.325644
0.32936
0.332715
0.334698
0.336361
0.337397
0.338777
0.341019
0.344677
0.348829
0.351113
0.348037
0.337209
0.319715
0.300246
0.284162
0.275314
0.275766
0.286297
0.306798
0.336071
0.371232
0.407725
0.440734
0.466925
0.485153
0.496053
0.501222
0.502459
0.501312
0.498879
0.495864
0.492734
0.489795
0.487206
0.484985
0.483031
0.481143
0.47906
0.476475
0.473072
0.468513
0.46248
0.454599
0.444586
0.431883
0.416427
0.396847
0.374299
0.343795
0.312927
0.260318
0.22586
0.113371
0.119334
0.242356
0.273531
0.294096
0.310757
0.318727
0.325659
0.32943
0.332775
0.33477
0.336424
0.337464
0.338837
0.341077
0.344752
0.348966
0.351329
0.348294
0.337472
0.320002
0.300575
0.284515
0.275649
0.276036
0.28646
0.306815
0.335894
0.370783
0.406912
0.439514
0.465344
0.483339
0.494174
0.499449
0.500931
0.500114
0.498025
0.495305
0.492392
0.489596
0.487093
0.484918
0.482981
0.48109
0.478987
0.476371
0.472926
0.468319
0.462236
0.454305
0.444247
0.431505
0.416016
0.396414
0.373843
0.343335
0.312433
0.259849
0.225316
0.11301
0.118975
0.245644
0.274492
0.29452
0.310793
0.318772
0.325677
0.329504
0.332841
0.334849
0.336496
0.337544
0.338915
0.341151
0.344832
0.349085
0.351502
0.348504
0.337712
0.320308
0.300967
0.284967
0.276107
0.276443
0.286769
0.306977
0.335844
0.370417
0.406122
0.43825
0.463661
0.481381
0.492129
0.497511
0.499261
0.498809
0.497103
0.494713
0.492042
0.489403
0.486993
0.484866
0.482945
0.481049
0.478925
0.476275
0.472785
0.468129
0.461994
0.454013
0.443908
0.431128
0.415607
0.395986
0.373395
0.342884
0.311953
0.259397
0.224797
0.112667
0.118637
0.248856
0.275502
0.294972
0.310854
0.318826
0.325702
0.329583
0.332914
0.334938
0.33658
0.337638
0.339009
0.341243
0.344921
0.34919
0.351636
0.348669
0.337927
0.320629
0.301419
0.285514
0.276687
0.27699
0.287227
0.307287
0.335921
0.370137
0.405355
0.436943
0.461876
0.479277
0.489917
0.495405
0.497443
0.497393
0.496111
0.494087
0.491683
0.489217
0.486906
0.484829
0.482925
0.481023
0.478875
0.476187
0.472652
0.467943
0.461755
0.453722
0.443571
0.430753
0.415202
0.395563
0.372954
0.342444
0.311487
0.258962
0.224301
0.112344
0.11832
0.251997
0.276554
0.29545
0.310939
0.318891
0.325733
0.329667
0.332996
0.335037
0.336676
0.337747
0.339122
0.341355
0.345018
0.349282
0.351733
0.34879
0.338118
0.320964
0.301926
0.286154
0.277386
0.277675
0.287833
0.307745
0.336128
0.369942
0.404611
0.435592
0.45999
0.477029
0.487534
0.493126
0.495472
0.49586
0.495046
0.493425
0.491317
0.489039
0.486836
0.484811
0.482923
0.481012
0.478837
0.476109
0.472525
0.467762
0.461518
0.453433
0.443235
0.43038
0.4148
0.395145
0.372521
0.342015
0.311037
0.258543
0.22383
0.112039
0.118021
0.255071
0.277645
0.295951
0.311047
0.318967
0.325773
0.329758
0.333087
0.335149
0.336787
0.337874
0.339254
0.341485
0.345127
0.349365
0.351798
0.348871
0.338286
0.32131
0.302485
0.286882
0.278203
0.278499
0.288591
0.308355
0.336466
0.369832
0.40389
0.434199
0.458004
0.474635
0.484979
0.490671
0.493344
0.494208
0.493906
0.492729
0.490944
0.488872
0.486784
0.484813
0.48294
0.481017
0.478812
0.476042
0.472406
0.467587
0.461285
0.453146
0.442901
0.430009
0.414401
0.394732
0.372097
0.341596
0.310601
0.258142
0.223381
0.111752
0.117742
0.258082
0.278771
0.296476
0.311179
0.319055
0.325823
0.329858
0.333189
0.335273
0.336914
0.338018
0.339407
0.341637
0.345249
0.349441
0.351835
0.348915
0.338433
0.321667
0.303094
0.287697
0.279136
0.279461
0.289501
0.309118
0.336936
0.369808
0.403192
0.432766
0.455919
0.472097
0.48225
0.488036
0.491055
0.492434
0.49269
0.491998
0.490566
0.488717
0.486752
0.484838
0.482978
0.481041
0.478803
0.475986
0.472295
0.467417
0.461056
0.452862
0.44257
0.429642
0.414007
0.394326
0.371681
0.341189
0.310181
0.257757
0.222956
0.111482
0.117481
0.261036
0.279926
0.297021
0.311333
0.319157
0.325884
0.329966
0.333302
0.335412
0.337058
0.338183
0.339583
0.341811
0.345385
0.349515
0.351848
0.348926
0.33856
0.322035
0.30375
0.288594
0.280182
0.280561
0.290565
0.310035
0.337537
0.369868
0.402518
0.431295
0.45374
0.469417
0.479348
0.485219
0.488602
0.490534
0.491396
0.491232
0.490184
0.488576
0.486742
0.484886
0.483038
0.481084
0.478808
0.475942
0.472193
0.467253
0.460832
0.452581
0.442241
0.429277
0.413618
0.393926
0.371274
0.340793
0.309776
0.257389
0.222554
0.11123
0.117238
0.263935
0.281108
0.297584
0.311508
0.319271
0.325956
0.330083
0.333428
0.335566
0.337222
0.33837
0.339782
0.342007
0.345538
0.34959
0.351843
0.348912
0.338673
0.322414
0.304451
0.289573
0.281341
0.281799
0.291783
0.311108
0.33827
0.370012
0.401868
0.429788
0.45147
0.466597
0.476271
0.482218
0.485982
0.488506
0.490022
0.490431
0.4898
0.488451
0.486757
0.48496
0.483122
0.481147
0.478831
0.47591
0.4721
0.467096
0.460612
0.452304
0.441916
0.428917
0.413233
0.393533
0.370876
0.340408
0.309386
0.257038
0.222175
0.110996
0.117012
0.266785
0.282313
0.298165
0.311704
0.319397
0.326039
0.330211
0.333568
0.335737
0.337407
0.338581
0.340007
0.342228
0.345708
0.349669
0.351826
0.348878
0.338776
0.322808
0.305198
0.290631
0.282612
0.283177
0.293158
0.312336
0.339133
0.370239
0.401244
0.42825
0.449112
0.463638
0.473019
0.47903
0.483191
0.486348
0.488569
0.489595
0.489414
0.488345
0.486798
0.485062
0.483232
0.481232
0.478871
0.475892
0.472017
0.466946
0.460397
0.452031
0.441595
0.428561
0.412855
0.393147
0.370489
0.340036
0.309013
0.256705
0.221818
0.110777
0.116803
0.26959
0.283538
0.298761
0.31192
0.319537
0.326135
0.33035
0.333721
0.335925
0.337613
0.338817
0.340259
0.342475
0.345898
0.349755
0.351804
0.348833
0.338876
0.32322
0.305993
0.29177
0.283995
0.284694
0.29469
0.31372
0.340124
0.370546
0.400646
0.426683
0.446671
0.460542
0.469591
0.475651
0.480227
0.484057
0.487034
0.488726
0.489029
0.488259
0.486868
0.485195
0.483369
0.48134
0.478929
0.475888
0.471945
0.466803
0.460187
0.451763
0.441278
0.42821
0.412482
0.39277
0.370112
0.339677
0.308656
0.256388
0.221484
0.110575
0.116611
0.272353
0.284779
0.29937
0.312154
0.319689
0.326243
0.3305
0.333889
0.336131
0.337842
0.339079
0.340539
0.342749
0.346109
0.349852
0.351782
0.348784
0.338981
0.323657
0.306839
0.292992
0.285493
0.286355
0.296382
0.315259
0.34124
0.370931
0.400076
0.425093
0.44415
0.457313
0.465987
0.472081
0.477086
0.481632
0.485419
0.487824
0.488647
0.488196
0.486969
0.485359
0.483535
0.481471
0.479006
0.475899
0.471883
0.466669
0.459983
0.451499
0.440965
0.427864
0.412117
0.392401
0.369746
0.339331
0.308315
0.25609
0.221173
0.110389
0.116436
0.275078
0.286033
0.299991
0.312405
0.319853
0.326363
0.330662
0.334071
0.336355
0.338094
0.339368
0.340849
0.343051
0.346344
0.349965
0.351767
0.348741
0.339101
0.324127
0.307743
0.2943
0.28711
0.288162
0.298235
0.316952
0.342477
0.371394
0.399536
0.423484
0.441556
0.453952
0.462206
0.468317
0.473766
0.479071
0.483722
0.486891
0.488269
0.488157
0.487104
0.485556
0.483731
0.481629
0.479103
0.475925
0.471832
0.466542
0.459786
0.45124
0.440658
0.427523
0.411758
0.392041
0.369392
0.338999
0.307992
0.255809
0.220884
0.110218
0.116276
0.277769
0.287299
0.300623
0.312672
0.320028
0.326494
0.330834
0.334268
0.336597
0.33837
0.339685
0.341189
0.343383
0.346605
0.350096
0.351765
0.348712
0.339245
0.324639
0.308712
0.295702
0.288852
0.290119
0.300249
0.318794
0.343832
0.37193
0.399028
0.42186
0.438891
0.450462
0.458249
0.464357
0.470265
0.476372
0.481944
0.485928
0.487898
0.488146
0.487273
0.48579
0.483959
0.481812
0.479221
0.475966
0.471793
0.466424
0.459595
0.450986
0.440355
0.427189
0.411408
0.391691
0.36905
0.338681
0.307686
0.255546
0.220618
0.110063
0.116134
0.28043
0.288573
0.301264
0.312954
0.320215
0.326638
0.331018
0.334479
0.336856
0.338669
0.34003
0.34156
0.343746
0.346893
0.35025
0.351783
0.348708
0.339426
0.325204
0.309757
0.297206
0.290723
0.292229
0.302425
0.320782
0.345298
0.372539
0.398553
0.420228
0.436162
0.446845
0.454115
0.4602
0.466581
0.473536
0.480085
0.484937
0.487535
0.488164
0.48748
0.48606
0.48422
0.482023
0.47936
0.476024
0.471766
0.466315
0.45941
0.450738
0.440059
0.426862
0.411066
0.391352
0.36872
0.338377
0.307398
0.255302
0.220375
0.109923
0.116007
0.283064
0.289852
0.301911
0.313249
0.320411
0.326792
0.331212
0.334703
0.337134
0.33899
0.340402
0.341963
0.344142
0.347212
0.350432
0.351828
0.348737
0.339653
0.325834
0.310888
0.298821
0.292733
0.294497
0.30476
0.32291
0.346869
0.373217
0.398115
0.418591
0.433372
0.443104
0.449807
0.455846
0.462714
0.470561
0.478147
0.483919
0.487183
0.488214
0.487727
0.48637
0.484515
0.482262
0.479522
0.476099
0.471752
0.466214
0.459232
0.450496
0.439769
0.426542
0.410733
0.391024
0.368405
0.338089
0.307129
0.255076
0.220155
0.109798
0.115896
0.285675
0.291135
0.302565
0.313557
0.320618
0.326957
0.331417
0.334941
0.337427
0.339334
0.3408
0.342396
0.344569
0.347563
0.350644
0.351907
0.348807
0.339937
0.32654
0.312116
0.300556
0.294887
0.296923
0.307251
0.325169
0.348538
0.373963
0.397717
0.416954
0.430526
0.439245
0.445328
0.451297
0.458665
0.467449
0.47613
0.482876
0.486844
0.488298
0.488015
0.48672
0.484846
0.48253
0.479706
0.47619
0.47175
0.466123
0.459061
0.45026
0.439485
0.42623
0.41041
0.390707
0.368103
0.337817
0.306878
0.254869
0.219958
0.109688
0.115802
0.288266
0.292418
0.303223
0.313877
0.320833
0.327133
0.331632
0.335193
0.337737
0.339698
0.341224
0.342859
0.345029
0.347947
0.350891
0.352024
0.348928
0.340287
0.327333
0.313453
0.302423
0.29719
0.299509
0.309891
0.327552
0.350298
0.374774
0.397361
0.415325
0.427631
0.435271
0.440682
0.446558
0.454436
0.464202
0.474037
0.481811
0.486521
0.488418
0.488346
0.487112
0.485213
0.482828
0.479914
0.4763
0.47176
0.466041
0.458898
0.450031
0.439208
0.425926
0.410096
0.390402
0.367816
0.337561
0.306647
0.254682
0.219784
0.109593
0.115724
0.290841
0.2937
0.303885
0.314207
0.321057
0.327319
0.331857
0.335456
0.338062
0.340082
0.341673
0.34335
0.345521
0.348366
0.351176
0.352187
0.349106
0.340713
0.328221
0.314906
0.304426
0.299647
0.30225
0.312671
0.330045
0.352141
0.375649
0.397051
0.413707
0.424694
0.431192
0.435879
0.441636
0.450032
0.460822
0.47187
0.480728
0.486217
0.488577
0.488722
0.487548
0.485619
0.483157
0.480145
0.476426
0.471784
0.465969
0.458742
0.449808
0.438939
0.425631
0.409794
0.39011
0.367544
0.337322
0.306435
0.254514
0.219634
0.109512
0.115663
0.293403
0.294978
0.304548
0.314547
0.321289
0.327514
0.332092
0.335731
0.338401
0.340484
0.342143
0.343868
0.346043
0.34882
0.351503
0.352401
0.349349
0.341221
0.329211
0.316482
0.306571
0.302255
0.305139
0.315579
0.332639
0.35406
0.376587
0.39679
0.412106
0.42172
0.427018
0.43093
0.436542
0.445462
0.457314
0.469633
0.479628
0.485934
0.488776
0.489146
0.488029
0.486063
0.483517
0.480401
0.476571
0.471821
0.465906
0.458594
0.449593
0.438677
0.425345
0.409503
0.389832
0.367288
0.3371
0.306243
0.254365
0.219508
0.109445
0.115618
0.295956
0.296249
0.305211
0.314894
0.321529
0.327718
0.332336
0.336018
0.338753
0.340904
0.342635
0.344412
0.346595
0.349309
0.351872
0.352668
0.349661
0.341816
0.330307
0.318183
0.308857
0.30501
0.308165
0.318602
0.335318
0.356047
0.377586
0.396582
0.41053
0.418722
0.422761
0.425852
0.431291
0.440737
0.453686
0.46733
0.478515
0.485676
0.489019
0.489618
0.488556
0.486547
0.48391
0.480681
0.476735
0.471871
0.465853
0.458453
0.449384
0.438423
0.425068
0.409223
0.389568
0.367049
0.336897
0.306072
0.254237
0.219405
0.109393
0.115591
0.298503
0.297512
0.305873
0.31525
0.321775
0.327931
0.332589
0.336315
0.339118
0.341339
0.343145
0.344978
0.347175
0.349833
0.352285
0.352994
0.350046
0.342502
0.331512
0.320008
0.311278
0.307901
0.311315
0.321724
0.338072
0.358096
0.378648
0.39643
0.408985
0.415709
0.418439
0.420666
0.425904
0.435872
0.449946
0.464967
0.477393
0.485445
0.489307
0.490141
0.48913
0.487071
0.484334
0.480987
0.476916
0.471934
0.46581
0.45832
0.449183
0.438177
0.424801
0.408956
0.389318
0.366826
0.336711
0.305922
0.254129
0.219327
0.109355
0.11558
0.301047
0.298764
0.306533
0.315612
0.322027
0.328152
0.33285
0.336622
0.339495
0.341789
0.343673
0.345566
0.347781
0.350389
0.352743
0.353378
0.350507
0.34328
0.332825
0.321954
0.313826
0.310915
0.314571
0.324927
0.340888
0.360201
0.379771
0.39634
0.407479
0.412695
0.414074
0.415398
0.420408
0.430887
0.446109
0.46255
0.476268
0.485244
0.489643
0.490715
0.489753
0.487637
0.484792
0.481317
0.477117
0.472011
0.465776
0.458196
0.44899
0.43794
0.424545
0.408702
0.389083
0.366621
0.336545
0.305794
0.254042
0.219273
0.109331
0.115587
0.303591
0.300003
0.307189
0.315979
0.322285
0.328382
0.333119
0.336939
0.339883
0.342252
0.344217
0.346172
0.34841
0.350978
0.353245
0.353823
0.351045
0.344149
0.334241
0.324013
0.31649
0.314036
0.317915
0.328196
0.343755
0.362359
0.380957
0.396315
0.406021
0.409698
0.40969
0.41008
0.414832
0.425808
0.442187
0.460089
0.475142
0.485076
0.490029
0.491342
0.490424
0.488244
0.485283
0.481673
0.477336
0.472101
0.465753
0.458079
0.448805
0.437712
0.4243
0.408461
0.388864
0.366434
0.336398
0.305687
0.253976
0.219243
0.109322
0.115611
0.30614
0.301227
0.30784
0.316351
0.322549
0.328619
0.333397
0.337266
0.340281
0.342727
0.344775
0.346796
0.349061
0.351598
0.35379
0.354327
0.351659
0.345107
0.335754
0.326173
0.319253
0.317245
0.321329
0.331515
0.346664
0.364566
0.382207
0.396359
0.404621
0.406734
0.405317
0.404748
0.409214
0.420661
0.4382
0.457593
0.474023
0.484946
0.490466
0.492024
0.491146
0.488893
0.485807
0.482054
0.477573
0.472205
0.465739
0.45797
0.448627
0.437494
0.424067
0.408234
0.388661
0.366266
0.336271
0.305603
0.25393
0.219239
0.109327
0.115651
0.308695
0.302432
0.308485
0.316727
0.322816
0.328863
0.333683
0.337601
0.340689
0.343214
0.345346
0.347435
0.349733
0.352245
0.354377
0.354889
0.352347
0.34615
0.337357
0.328423
0.3221
0.320526
0.324795
0.334872
0.349606
0.366818
0.383522
0.396478
0.403289
0.403826
0.400988
0.399444
0.403594
0.415482
0.434169
0.455073
0.472915
0.484856
0.490958
0.492761
0.491917
0.489584
0.486365
0.482461
0.477829
0.472322
0.465735
0.45787
0.448458
0.437285
0.423845
0.408022
0.388475
0.366117
0.336164
0.305541
0.253906
0.219259
0.109347
0.115709
0.311261
0.303617
0.309122
0.317105
0.323088
0.329114
0.333976
0.337946
0.341107
0.343712
0.345928
0.348089
0.350422
0.352919
0.355004
0.355507
0.353105
0.347272
0.339042
0.330751
0.325016
0.32386
0.328298
0.338253
0.352575
0.369114
0.384902
0.396675
0.402038
0.400997
0.396737
0.394209
0.398015
0.410304
0.430118
0.452543
0.471826
0.484809
0.491504
0.493555
0.492739
0.490318
0.486956
0.482893
0.478104
0.472452
0.465741
0.457778
0.448298
0.437086
0.423636
0.407824
0.388307
0.365987
0.336078
0.305502
0.253904
0.219306
0.109381
0.115784
0.313841
0.30478
0.309751
0.317486
0.323364
0.329371
0.334276
0.338299
0.341534
0.34422
0.346522
0.348755
0.351128
0.353618
0.355668
0.356179
0.35393
0.348468
0.340798
0.333143
0.327984
0.327231
0.331824
0.341649
0.355566
0.371452
0.386348
0.396955
0.400878
0.39827
0.392602
0.389089
0.392523
0.405168
0.426073
0.450017
0.470763
0.48481
0.492109
0.494405
0.493613
0.491093
0.487581
0.48335
0.478397
0.472595
0.465757
0.457694
0.448146
0.436898
0.423439
0.407643
0.388156
0.365877
0.336012
0.305487
0.253924
0.219377
0.10943
0.115876
0.316439
0.305916
0.310369
0.317867
0.323642
0.329636
0.334584
0.338661
0.34197
0.344737
0.347126
0.349432
0.35185
0.35434
0.356368
0.356901
0.354818
0.34973
0.342617
0.335588
0.330992
0.330627
0.335361
0.345054
0.358574
0.373831
0.387861
0.397323
0.399824
0.395671
0.388617
0.384127
0.387163
0.400112
0.422062
0.447511
0.469732
0.484861
0.492771
0.495313
0.494536
0.491911
0.488238
0.483831
0.478707
0.47275
0.465782
0.457619
0.448004
0.43672
0.423256
0.407477
0.388023
0.365788
0.335968
0.305495
0.253965
0.219475
0.109494
0.115985
0.319057
0.307024
0.310976
0.318249
0.323923
0.329906
0.334898
0.33903
0.342415
0.345264
0.34774
0.350121
0.352586
0.355084
0.357101
0.357671
0.355764
0.351054
0.344491
0.338076
0.334028
0.334036
0.338901
0.34846
0.361598
0.376249
0.389439
0.39778
0.398886
0.393224
0.384818
0.379362
0.381974
0.395176
0.418114
0.445042
0.468743
0.484965
0.493494
0.496279
0.495511
0.49277
0.488928
0.484337
0.479035
0.472919
0.465817
0.457552
0.44787
0.436554
0.423087
0.407327
0.387908
0.365719
0.335945
0.305526
0.254029
0.219599
0.109573
0.116112
0.321701
0.3081
0.31157
0.31863
0.324206
0.330182
0.33522
0.339408
0.342868
0.3458
0.348362
0.35082
0.353334
0.355848
0.357866
0.358485
0.356764
0.352433
0.346413
0.340598
0.337081
0.337449
0.342436
0.351864
0.364634
0.378704
0.391082
0.39833
0.398077
0.39095
0.381235
0.374831
0.376997
0.390395
0.414258
0.442626
0.467802
0.485126
0.494277
0.497302
0.496535
0.49367
0.48965
0.484867
0.47938
0.473099
0.465861
0.457494
0.447746
0.4364
0.422932
0.407195
0.387813
0.365671
0.335944
0.305581
0.254114
0.219749
0.109668
0.116257
0.324372
0.309143
0.31215
0.31901
0.324491
0.330463
0.335549
0.339793
0.343329
0.346344
0.348994
0.351528
0.354096
0.356631
0.358661
0.359341
0.357814
0.353861
0.348374
0.343145
0.340145
0.340858
0.345962
0.355262
0.367679
0.381192
0.392787
0.398974
0.397407
0.388869
0.377891
0.370562
0.372265
0.385803
0.410522
0.440283
0.466918
0.485346
0.495121
0.498382
0.497609
0.49461
0.490403
0.48542
0.479742
0.473292
0.465914
0.457444
0.447632
0.436258
0.422792
0.40708
0.387737
0.365644
0.335965
0.305661
0.254222
0.219925
0.109778
0.116419
0.327075
0.310147
0.312715
0.319388
0.324777
0.33075
0.335884
0.340186
0.343798
0.346897
0.349633
0.352245
0.354869
0.357432
0.359483
0.360237
0.358911
0.355335
0.35037
0.345712
0.343213
0.34426
0.349475
0.358651
0.370732
0.38371
0.394547
0.399711
0.396884
0.386996
0.374808
0.366577
0.367803
0.381429
0.406931
0.438029
0.4661
0.485628
0.496025
0.499518
0.49873
0.495589
0.491186
0.485995
0.48012
0.473495
0.465976
0.457403
0.447529
0.436128
0.422667
0.406982
0.38768
0.365639
0.336008
0.305764
0.254352
0.220128
0.109904
0.116599
0.329814
0.31111
0.313263
0.319763
0.325064
0.331042
0.336226
0.340587
0.344276
0.347457
0.350281
0.352972
0.355654
0.35825
0.360333
0.361169
0.360051
0.356849
0.352397
0.348294
0.34628
0.347649
0.352972
0.36203
0.373787
0.386252
0.396358
0.40054
0.396512
0.385343
0.371996
0.36289
0.36363
0.377298
0.403511
0.435881
0.465355
0.485973
0.49699
0.500709
0.499898
0.496605
0.491997
0.486591
0.480512
0.47371
0.466047
0.457371
0.447435
0.436011
0.422557
0.406903
0.387644
0.365656
0.336072
0.305892
0.254505
0.220358
0.110046
0.116797
0.332592
0.312028
0.313793
0.320135
0.325351
0.331339
0.336574
0.340995
0.344761
0.348027
0.350938
0.353707
0.356449
0.359085
0.361207
0.362136
0.361231
0.358401
0.35445
0.350887
0.349343
0.351025
0.356451
0.365396
0.376841
0.388808
0.39821
0.401455
0.396295
0.383913
0.369462
0.359508
0.359757
0.373427
0.400282
0.433856
0.46469
0.486384
0.498014
0.501952
0.50111
0.497656
0.492836
0.487208
0.480919
0.473935
0.466127
0.457348
0.447353
0.435908
0.422464
0.406842
0.387627
0.365694
0.336159
0.306044
0.25468
0.220614
0.110204
0.117013
0.335415
0.312897
0.314305
0.320502
0.325639
0.331641
0.336929
0.341411
0.345254
0.348604
0.351602
0.35445
0.357256
0.359936
0.362106
0.363136
0.362448
0.359987
0.356526
0.353488
0.352401
0.354385
0.359911
0.368746
0.379888
0.39137
0.400093
0.402451
0.396229
0.382708
0.367205
0.35643
0.35619
0.369832
0.397262
0.431967
0.464114
0.48686
0.499095
0.503245
0.502363
0.498742
0.493701
0.487843
0.48134
0.474169
0.466215
0.457335
0.447281
0.435819
0.422387
0.4068
0.387631
0.365754
0.336268
0.306221
0.254878
0.220898
0.110379
0.117248
0.338284
0.313714
0.314797
0.320864
0.325926
0.331948
0.33729
0.341834
0.345755
0.349189
0.352274
0.355202
0.358073
0.360802
0.363027
0.364167
0.363701
0.361605
0.358623
0.356096
0.355452
0.357728
0.36335
0.372076
0.382918
0.393925
0.401994
0.403519
0.396311
0.381723
0.365219
0.353652
0.352931
0.36652
0.394467
0.430228
0.463632
0.487404
0.50023
0.504584
0.503656
0.499858
0.494589
0.488495
0.481772
0.474413
0.466311
0.45733
0.447221
0.435743
0.422327
0.406777
0.387655
0.365836
0.336399
0.306421
0.255098
0.221209
0.110571
0.117502
0.341206
0.314472
0.315267
0.32122
0.326212
0.332259
0.337657
0.342265
0.346264
0.349782
0.352954
0.355963
0.358901
0.361684
0.363972
0.365228
0.364986
0.363252
0.360739
0.358709
0.358494
0.361054
0.366767
0.37538
0.385921
0.396458
0.403898
0.404646
0.396532
0.380949
0.363494
0.351164
0.349975
0.363499
0.391908
0.428651
0.46325
0.488013
0.501417
0.505967
0.504985
0.501003
0.495499
0.489163
0.482216
0.474665
0.466416
0.457334
0.447173
0.435683
0.422284
0.406774
0.387699
0.365939
0.336551
0.306646
0.25534
0.221547
0.110781
0.117774
0.344184
0.315169
0.315715
0.321571
0.326497
0.332575
0.338031
0.342703
0.34678
0.350383
0.353642
0.356732
0.359739
0.362581
0.364937
0.366317
0.366304
0.364927
0.362872
0.361327
0.361528
0.364362
0.370159
0.378652
0.388884
0.398951
0.405789
0.40582
0.39688
0.380374
0.362016
0.348956
0.347317
0.36077
0.389595
0.427244
0.462971
0.488688
0.502652
0.507388
0.506345
0.502172
0.496428
0.489844
0.482669
0.474925
0.466528
0.457349
0.447137
0.435637
0.422258
0.406789
0.387764
0.366064
0.336725
0.306894
0.255604
0.221913
0.111009
0.118065
0.347224
0.315798
0.31614
0.321914
0.326781
0.332895
0.338411
0.343148
0.347305
0.350992
0.354338
0.35751
0.360588
0.363492
0.365924
0.367433
0.36765
0.366627
0.365022
0.363947
0.364553
0.367649
0.37352
0.381882
0.391791
0.401387
0.407648
0.407027
0.397342
0.379982
0.36077
0.347015
0.344951
0.358334
0.387535
0.426017
0.4628
0.489426
0.503929
0.508843
0.507732
0.503363
0.497372
0.490537
0.483131
0.475192
0.466648
0.457373
0.447113
0.435607
0.42225
0.406824
0.387849
0.366211
0.336921
0.307167
0.255891
0.222306
0.111255
0.118377
0.350328
0.316354
0.31654
0.32225
0.327064
0.333219
0.338797
0.343601
0.347837
0.351609
0.355042
0.358297
0.361447
0.364418
0.366931
0.368575
0.369026
0.368353
0.367187
0.36657
0.367568
0.370914
0.376844
0.385056
0.394625
0.403743
0.409457
0.40825
0.397901
0.379756
0.359741
0.345328
0.342869
0.35619
0.385732
0.424975
0.462739
0.490224
0.505244
0.510325
0.50914
0.504571
0.49833
0.49124
0.483599
0.475466
0.466775
0.457407
0.447103
0.435593
0.42226
0.406878
0.387955
0.366379
0.337138
0.307463
0.2562
0.222727
0.111519
0.118708
0.353503
0.316831
0.316914
0.322578
0.327345
0.333548
0.339189
0.344061
0.348377
0.352235
0.355755
0.359092
0.362317
0.365358
0.367958
0.369742
0.370428
0.370102
0.369366
0.369195
0.37057
0.374152
0.380123
0.38816
0.397363
0.406
0.411198
0.409472
0.398541
0.37968
0.358912
0.343884
0.341063
0.354336
0.384189
0.424121
0.462789
0.49108
0.50659
0.511828
0.510565
0.505792
0.499297
0.491949
0.484073
0.475745
0.46691
0.457451
0.447106
0.435595
0.422288
0.406952
0.38808
0.366568
0.337376
0.307782
0.256532
0.223176
0.111803
0.11906
0.356754
0.317223
0.317262
0.322897
0.327624
0.333881
0.339588
0.344529
0.348925
0.352868
0.356476
0.359897
0.363198
0.366313
0.369005
0.370934
0.371856
0.371872
0.371558
0.371819
0.373557
0.377357
0.383345
0.391176
0.399986
0.408136
0.412853
0.410678
0.399244
0.379735
0.358269
0.342673
0.339528
0.352769
0.382906
0.423458
0.46295
0.491989
0.507961
0.513345
0.512
0.50702
0.500269
0.492662
0.484551
0.476028
0.467051
0.457505
0.447122
0.435612
0.422334
0.407045
0.388225
0.366777
0.337634
0.308125
0.256885
0.223652
0.112106
0.119433
0.360085
0.317522
0.317582
0.323207
0.327901
0.334218
0.339993
0.345004
0.349482
0.35351
0.357205
0.36071
0.36409
0.367282
0.37007
0.372148
0.373308
0.373663
0.37376
0.37444
0.376524
0.38052
0.386495
0.394084
0.402471
0.410133
0.414407
0.411852
0.399993
0.379902
0.357798
0.341685
0.338258
0.351485
0.381882
0.422986
0.463219
0.492946
0.50935
0.514868
0.513438
0.50825
0.501243
0.493376
0.485031
0.476316
0.4672
0.45757
0.447153
0.435647
0.422398
0.407157
0.388389
0.367007
0.337913
0.30849
0.257259
0.224157
0.112429
0.119828
0.363502
0.317722
0.317874
0.323508
0.328176
0.33456
0.340405
0.345487
0.350046
0.354161
0.357943
0.361533
0.364992
0.368265
0.371153
0.373385
0.374783
0.375472
0.37597
0.377054
0.379464
0.383629
0.389555
0.396862
0.404796
0.411972
0.415843
0.412979
0.40077
0.380167
0.357486
0.340914
0.337248
0.350481
0.381115
0.422705
0.463596
0.493946
0.510749
0.51639
0.514872
0.509477
0.502215
0.49409
0.485511
0.476607
0.467356
0.457646
0.447197
0.435698
0.42248
0.407287
0.388573
0.367257
0.338211
0.308877
0.257656
0.22469
0.112772
0.120245
0.36701
0.317815
0.318137
0.323798
0.328449
0.334906
0.340823
0.345978
0.350619
0.35482
0.35869
0.362365
0.365906
0.369261
0.372253
0.374642
0.376279
0.377297
0.378185
0.379656
0.382367
0.386669
0.392506
0.399486
0.406942
0.41364
0.417153
0.414046
0.401559
0.380514
0.357325
0.340354
0.336494
0.349752
0.380601
0.422609
0.464074
0.494983
0.512149
0.517901
0.516294
0.510694
0.503179
0.494798
0.485989
0.476901
0.467518
0.457733
0.447256
0.435765
0.42258
0.407437
0.388775
0.367526
0.338529
0.309287
0.258073
0.225251
0.113135
0.120684
0.370616
0.317791
0.31837
0.324078
0.32872
0.335257
0.341247
0.346476
0.351201
0.355487
0.359445
0.363206
0.366829
0.37027
0.373369
0.375917
0.377792
0.379133
0.380398
0.382235
0.385221
0.389623
0.395323
0.401936
0.408893
0.415126
0.418326
0.415041
0.402345
0.380928
0.357303
0.339999
0.33599
0.349291
0.380333
0.422695
0.46465
0.496049
0.513542
0.519394
0.517698
0.511896
0.504133
0.4955
0.486465
0.477196
0.467688
0.457831
0.447329
0.435849
0.422697
0.407604
0.388996
0.367815
0.338866
0.309718
0.258511
0.225841
0.113519
0.121147
0.374324
0.317641
0.318573
0.324346
0.328989
0.335613
0.341678
0.346982
0.35179
0.356163
0.360209
0.364056
0.367762
0.37129
0.3745
0.377208
0.379319
0.380975
0.382601
0.384782
0.388009
0.392468
0.397986
0.404192
0.410636
0.416425
0.419359
0.415956
0.403113
0.381399
0.357416
0.339844
0.335732
0.349092
0.380303
0.422954
0.465316
0.497136
0.51492
0.520859
0.519074
0.513076
0.50507
0.496191
0.486937
0.477493
0.467864
0.45794
0.447416
0.435949
0.422832
0.407789
0.389234
0.368121
0.339221
0.31017
0.25897
0.226459
0.113923
0.121634
0.378142
0.317356
0.318746
0.324603
0.329256
0.335974
0.342116
0.347496
0.352388
0.356848
0.360981
0.364914
0.368704
0.372321
0.375643
0.378512
0.380855
0.382815
0.384785
0.387281
0.390712
0.395182
0.40047
0.406237
0.412164
0.417536
0.420249
0.416781
0.40385
0.381914
0.357654
0.339885
0.335713
0.349145
0.380503
0.42338
0.466066
0.498238
0.516273
0.522287
0.520416
0.514229
0.505987
0.49687
0.487403
0.47779
0.468047
0.458061
0.447518
0.436066
0.422983
0.407992
0.389489
0.368445
0.339594
0.310642
0.259448
0.227104
0.114346
0.122145
0.382076
0.316925
0.318888
0.324848
0.329521
0.33634
0.34256
0.348018
0.352994
0.35754
0.36176
0.365779
0.369653
0.37336
0.376794
0.379823
0.382393
0.384645
0.386936
0.389715
0.393308
0.39774
0.402755
0.408059
0.413476
0.418462
0.420997
0.417509
0.404545
0.382465
0.358011
0.340114
0.335924
0.34944
0.380919
0.42396
0.466889
0.499345
0.517594
0.523671
0.521716
0.515347
0.506879
0.497533
0.487861
0.478088
0.468236
0.458193
0.447635
0.436198
0.423151
0.408211
0.38976
0.368787
0.339984
0.311135
0.259946
0.227778
0.11479
0.122681
0.386132
0.316336
0.318998
0.32508
0.329784
0.33671
0.343011
0.348547
0.353606
0.358238
0.362545
0.366649
0.370606
0.374403
0.377949
0.381134
0.383923
0.386452
0.389038
0.392064
0.395773
0.40012
0.404825
0.409653
0.414575
0.419212
0.421607
0.418136
0.405188
0.383043
0.35848
0.340524
0.336355
0.349963
0.381539
0.424683
0.467776
0.500449
0.518873
0.525001
0.522966
0.516426
0.507744
0.498178
0.488312
0.478386
0.468432
0.458336
0.447765
0.436346
0.423335
0.408446
0.390048
0.369144
0.34039
0.311646
0.260461
0.228478
0.115252
0.123242
0.390317
0.315577
0.319079
0.325299
0.330046
0.337085
0.343467
0.349082
0.354225
0.358941
0.363334
0.367521
0.371561
0.375445
0.379101
0.382439
0.385436
0.388221
0.391073
0.394304
0.398081
0.402299
0.406666
0.411017
0.415472
0.419796
0.422083
0.418655
0.40577
0.38364
0.359053
0.341104
0.336993
0.3507
0.382347
0.425534
0.468716
0.50154
0.520102
0.52627
0.52416
0.517461
0.508577
0.498804
0.488752
0.478683
0.468634
0.45849
0.447909
0.43651
0.423534
0.408696
0.39035
0.369517
0.340812
0.312176
0.260994
0.229206
0.115733
0.12383
0.394638
0.314633
0.319128
0.325505
0.330306
0.337465
0.343928
0.349622
0.354848
0.359647
0.364123
0.368391
0.372511
0.376481
0.380243
0.383725
0.386917
0.389936
0.393018
0.396412
0.400211
0.404262
0.408274
0.412159
0.41618
0.420229
0.422434
0.419066
0.406286
0.384248
0.359721
0.341844
0.337824
0.351634
0.383326
0.4265
0.469697
0.50261
0.521273
0.527472
0.525293
0.518447
0.509375
0.499408
0.489183
0.478979
0.468843
0.458656
0.448067
0.436687
0.423748
0.40896
0.390666
0.369905
0.341248
0.312723
0.261543
0.22996
0.116233
0.124444
0.399103
0.313491
0.319149
0.325695
0.330565
0.337849
0.344392
0.350165
0.355472
0.360352
0.364908
0.369254
0.373451
0.377502
0.381364
0.38498
0.38835
0.391576
0.394852
0.398364
0.402142
0.405996
0.409648
0.413091
0.416717
0.420527
0.422667
0.419366
0.406729
0.38486
0.360475
0.342729
0.33883
0.352744
0.384455
0.427562
0.470706
0.503648
0.522379
0.528599
0.526359
0.519381
0.510137
0.49999
0.489603
0.479274
0.469057
0.458832
0.448238
0.436879
0.423975
0.409238
0.390995
0.370306
0.341697
0.313286
0.262107
0.230739
0.11675
0.125085
0.40372
0.312133
0.319141
0.32587
0.330821
0.338235
0.344858
0.350708
0.356095
0.361052
0.365684
0.370104
0.374371
0.378498
0.382452
0.386191
0.389718
0.393121
0.396554
0.40014
0.40386
0.407497
0.410796
0.413828
0.417105
0.420708
0.422791
0.419555
0.407096
0.385469
0.361301
0.343743
0.339993
0.354011
0.385715
0.428703
0.471731
0.504647
0.523413
0.529647
0.527355
0.52026
0.51086
0.500548
0.490011
0.479568
0.469277
0.459018
0.448422
0.437083
0.424216
0.409528
0.391335
0.370718
0.342158
0.313863
0.262684
0.231544
0.117286
0.125756
0.408496
0.310543
0.319106
0.326029
0.331076
0.338622
0.345323
0.351248
0.35671
0.36174
0.366443
0.370931
0.375263
0.379458
0.383494
0.387341
0.391003
0.394553
0.398102
0.401724
0.405355
0.408766
0.411731
0.414393
0.417364
0.420789
0.422816
0.419637
0.407385
0.386067
0.362189
0.344868
0.34129
0.355411
0.387082
0.429905
0.472758
0.505598
0.524371
0.530613
0.528278
0.521083
0.511544
0.50108
0.490407
0.479859
0.469503
0.459214
0.448617
0.4373
0.424468
0.409829
0.391686
0.371141
0.342629
0.314454
0.263273
0.232372
0.11784
0.126458
0.413441
0.308704
0.319044
0.326169
0.331326
0.339007
0.345782
0.35178
0.357312
0.362409
0.367177
0.371725
0.376115
0.380369
0.384476
0.388414
0.392188
0.395852
0.399482
0.403105
0.406626
0.409812
0.412469
0.414807
0.417519
0.420789
0.422752
0.419615
0.407595
0.386645
0.363122
0.346085
0.342697
0.356918
0.388534
0.431146
0.473774
0.506493
0.525249
0.531496
0.529129
0.521849
0.512187
0.501587
0.490791
0.480148
0.469733
0.459419
0.448823
0.437528
0.42473
0.41014
0.392046
0.371573
0.343108
0.315056
0.263873
0.233224
0.118413
0.127193
0.418561
0.306598
0.318958
0.32629
0.331571
0.339386
0.34623
0.352296
0.357892
0.36305
0.367876
0.372477
0.376916
0.381219
0.385384
0.389395
0.393258
0.397006
0.400683
0.40428
0.407678
0.41065
0.413034
0.415095
0.417591
0.420724
0.42261
0.419496
0.407726
0.387198
0.364085
0.347372
0.344188
0.358506
0.390045
0.43241
0.474766
0.507327
0.526045
0.532295
0.529907
0.522558
0.51279
0.502068
0.491161
0.480435
0.469968
0.459632
0.449038
0.437765
0.425
0.410458
0.392412
0.372012
0.343594
0.315669
0.264483
0.234099
0.119006
0.127963
0.423867
0.304208
0.318848
0.32639
0.331809
0.339755
0.346662
0.35279
0.358443
0.363653
0.368529
0.373174
0.377652
0.381995
0.386205
0.390273
0.3942
0.398004
0.4017
0.405251
0.408523
0.411299
0.413447
0.415281
0.417602
0.420612
0.422402
0.419289
0.40778
0.387718
0.365062
0.348704
0.345742
0.360145
0.391591
0.433675
0.475724
0.508096
0.52676
0.533014
0.530614
0.523211
0.513351
0.502523
0.491517
0.480717
0.470206
0.459852
0.449262
0.43801
0.425278
0.410782
0.392783
0.372457
0.344086
0.31629
0.265102
0.234996
0.119621
0.128773
0.42937
0.301516
0.318716
0.326467
0.332035
0.340107
0.347069
0.353253
0.358955
0.36421
0.369125
0.373806
0.378315
0.382687
0.386929
0.391037
0.395007
0.398844
0.402537
0.406027
0.409177
0.411781
0.413735
0.415388
0.41757
0.420465
0.42214
0.419004
0.407761
0.388199
0.366035
0.350061
0.347328
0.361811
0.393141
0.434924
0.476637
0.508797
0.527396
0.533655
0.531254
0.523809
0.513871
0.502949
0.491859
0.480996
0.470447
0.460078
0.449492
0.438261
0.42556
0.41111
0.393158
0.372905
0.344581
0.316919
0.265729
0.235914
0.120259
0.129624
0.435081
0.298504
0.318565
0.326517
0.332245
0.340436
0.347445
0.353676
0.35942
0.36471
0.369658
0.374365
0.378896
0.383286
0.38755
0.391682
0.395678
0.399527
0.403201
0.406625
0.409661
0.412119
0.41392
0.415437
0.417513
0.420299
0.421839
0.418656
0.407674
0.38862
0.367001
0.351419
0.348919
0.363477
0.394671
0.436141
0.477499
0.509432
0.52796
0.534225
0.531829
0.524353
0.514348
0.503347
0.492185
0.481269
0.470688
0.460308
0.449727
0.438516
0.425845
0.41144
0.393534
0.373355
0.34508
0.317554
0.266363
0.236851
0.120921
0.130522
0.441014
0.295162
0.318399
0.326539
0.332435
0.340734
0.34778
0.354052
0.359828
0.365146
0.370119
0.374844
0.379389
0.38379
0.388065
0.39221
0.396216
0.400062
0.403706
0.407063
0.409999
0.41234
0.414025
0.415447
0.417443
0.420126
0.421511
0.418258
0.407526
0.388983
0.36793
0.352751
0.350489
0.365117
0.396164
0.437308
0.478304
0.510004
0.528457
0.534729
0.532343
0.524842
0.514782
0.503715
0.492494
0.481535
0.470929
0.46054
0.449965
0.438773
0.426132
0.411771
0.39391
0.373806
0.34558
0.318194
0.267004
0.237808
0.121609
0.131472
0.447185
0.291485
0.318223
0.326529
0.332601
0.340994
0.348069
0.354375
0.360176
0.365515
0.370504
0.375242
0.379793
0.384199
0.388476
0.392624
0.396629
0.400462
0.404069
0.407363
0.410215
0.412466
0.414072
0.415433
0.417373
0.419955
0.421173
0.417828
0.407326
0.389282
0.368806
0.354036
0.352014
0.366709
0.397604
0.438414
0.479051
0.510518
0.528895
0.535171
0.532794
0.525274
0.515171
0.504053
0.492786
0.481793
0.471168
0.460772
0.450203
0.43903
0.426417
0.4121
0.394285
0.374257
0.346081
0.318838
0.267651
0.238781
0.122324
0.132478
0.45361
0.287485
0.318044
0.326487
0.332736
0.341211
0.348308
0.354641
0.360461
0.365814
0.370814
0.375559
0.380113
0.384517
0.388791
0.392935
0.39693
0.400743
0.404312
0.40755
0.410335
0.412521
0.414077
0.415408
0.417312
0.419795
0.420839
0.417383
0.407061
0.389527
0.369612
0.355253
0.353469
0.368232
0.398976
0.439454
0.479739
0.51098
0.529279
0.535552
0.53318
0.525647
0.515514
0.504359
0.493059
0.482042
0.471402
0.461003
0.450441
0.439286
0.426701
0.412427
0.394658
0.374706
0.346581
0.319483
0.268303
0.239769
0.123069
0.13355
0.460302
0.283197
0.31787
0.326415
0.332839
0.341383
0.348496
0.35485
0.360684
0.366046
0.371053
0.3758
0.380353
0.384753
0.38902
0.393154
0.397135
0.400924
0.404458
0.407648
0.41038
0.412524
0.414056
0.41538
0.417264
0.419656
0.420523
0.416941
0.406758
0.389697
0.370329
0.356379
0.354829
0.369662
0.400267
0.440424
0.480366
0.51139
0.529605
0.535864
0.533496
0.52596
0.51581
0.504634
0.493313
0.48228
0.471631
0.46123
0.450675
0.43954
0.426982
0.412751
0.395028
0.375152
0.34708
0.320129
0.26896
0.24077
0.123843
0.134696
0.467274
0.278691
0.317713
0.326314
0.332909
0.341509
0.348634
0.355006
0.360849
0.366218
0.371228
0.375975
0.380524
0.384917
0.389175
0.393297
0.397261
0.401027
0.404528
0.407679
0.410375
0.412492
0.41402
0.415357
0.417235
0.419542
0.420238
0.41652
0.406428
0.389783
0.370931
0.357387
0.356066
0.37097
0.401455
0.441321
0.480922
0.511738
0.529861
0.536099
0.53374
0.526212
0.516063
0.504878
0.493548
0.482507
0.471852
0.461453
0.450906
0.439789
0.427259
0.413071
0.395394
0.375595
0.347577
0.320775
0.269621
0.241782
0.124649
0.135926
0.474527
0.274084
0.31758
0.32619
0.332947
0.341593
0.348728
0.355114
0.360964
0.366337
0.371349
0.376094
0.380638
0.385024
0.389272
0.393381
0.397329
0.401072
0.404546
0.407667
0.410337
0.412441
0.413979
0.415341
0.417223
0.419456
0.419994
0.416137
0.406085
0.38978
0.371393
0.358244
0.357148
0.372117
0.402499
0.442114
0.481397
0.512007
0.530031
0.536252
0.533914
0.526412
0.516276
0.505096
0.493764
0.48272
0.472064
0.461668
0.451131
0.440034
0.427532
0.413386
0.395756
0.376034
0.348072
0.321419
0.270285
0.242803
0.125484
0.137252
0.482074
0.269545
0.317478
0.32605
0.332956
0.34164
0.348784
0.355183
0.361038
0.366413
0.371425
0.376168
0.380708
0.385087
0.389326
0.393423
0.397355
0.401079
0.404531
0.407631
0.410283
0.412383
0.413937
0.415332
0.417227
0.419397
0.419798
0.415803
0.405745
0.38969
0.371692
0.358911
0.358035
0.373066
0.403354
0.442757
0.481771
0.51218
0.530115
0.536334
0.534034
0.526569
0.516456
0.505288
0.493961
0.482919
0.472266
0.461876
0.45135
0.440272
0.427799
0.413696
0.396113
0.376467
0.348564
0.322061
0.270954
0.243831
0.126348
0.138687
0.490007
0.265279
0.317402
0.325899
0.332939
0.341657
0.34881
0.35522
0.36108
0.366457
0.371468
0.376209
0.380745
0.385118
0.389349
0.393436
0.397356
0.401065
0.404501
0.407585
0.410227
0.412326
0.413898
0.415328
0.41724
0.419365
0.419652
0.415529
0.40542
0.389527
0.371815
0.359354
0.358689
0.373785
0.403993
0.443221
0.482034
0.512266
0.530137
0.536373
0.534119
0.526695
0.51661
0.505458
0.49414
0.483104
0.472456
0.462074
0.451561
0.440504
0.42806
0.414
0.396466
0.376897
0.349054
0.322699
0.271627
0.244867
0.12724
0.140252
0.498492
0.26146
0.31734
0.325741
0.332899
0.34165
0.348814
0.355234
0.361099
0.366477
0.371488
0.376227
0.38076
0.385129
0.389354
0.393433
0.397342
0.40104
0.404464
0.407538
0.410173
0.412273
0.413861
0.415325
0.417261
0.419359
0.419557
0.415318
0.405129
0.389303
0.371766
0.359555
0.35908
0.374254
0.404414
0.443517
0.482203
0.512315
0.530146
0.536408
0.534197
0.526809
0.516747
0.505611
0.494304
0.483276
0.472636
0.462263
0.451766
0.440732
0.428318
0.414303
0.396819
0.377328
0.349551
0.323346
0.272317
0.24593
0.128172
0.142017
0.507085
0.258155
0.317296
0.325582
0.332841
0.341628
0.348804
0.355234
0.361103
0.366483
0.371494
0.376232
0.380762
0.385127
0.389348
0.39342
0.397322
0.401011
0.404426
0.407494
0.410125
0.412226
0.413826
0.41532
0.417288
0.41938
0.419515
0.415174
0.404882
0.389042
0.371566
0.359525
0.359206
0.37447
0.404634
0.443684
0.482322
0.512386
0.530197
0.536477
0.534294
0.526928
0.51688
0.505759
0.494462
0.483443
0.472812
0.462451
0.45197
0.440964
0.428586
0.41462
0.39719
0.377782
0.350073
0.324035
0.273042
0.247083
0.12914
0.144102
0.512808
0.255581
0.317342
0.325446
0.332788
0.34161
0.348796
0.355233
0.361106
0.366487
0.371498
0.376235
0.380763
0.385126
0.389343
0.393411
0.397307
0.400989
0.404398
0.407461
0.410089
0.412189
0.413798
0.415315
0.417314
0.419416
0.419515
0.415096
0.404697
0.388799
0.371298
0.359356
0.359138
0.374474
0.404677
0.443746
0.482402
0.512477
0.530288
0.536575
0.534407
0.527059
0.517033
0.505909
0.494619
0.483609
0.472992
0.462654
0.452203
0.441226
0.428886
0.414974
0.3976
0.378292
0.350638
0.324807
0.273786
0.248374
0.13002
0.146436
)
;

boundaryField
{
    inlet
    {
        type            zeroGradient;
    }
    outlet
    {
        type            fixedValue;
        value           uniform 0;
    }
    fixedWalls
    {
        type            zeroGradient;
    }
    frontAndBack
    {
        type            empty;
    }
}


// ************************************************************************* //
