/*--------------------------------*- C++ -*----------------------------------*\
| =========                 |                                                 |
| \\      /  F ield         | OpenFOAM: The Open Source CFD Toolbox           |
|  \\    /   O peration     | Version:  2.4.0                                 |
|   \\  /    A nd           | Web:      www.OpenFOAM.org                      |
|    \\/     M anipulation  |                                                 |
\*---------------------------------------------------------------------------*/
FoamFile
{
    version     2.0;
    format      ascii;
    class       volScalarField;
    location    "0.52";
    object      p;
}
// * * * * * * * * * * * * * * * * * * * * * * * * * * * * * * * * * * * * * //

dimensions      [0 2 -2 0 0 0 0];

internalField   nonuniform List<scalar> 
6000
(
0.0407739
0.269423
0.266346
0.291142
0.296628
0.299802
0.297672
0.308315
0.334265
0.370336
0.405711
0.435625
0.459224
0.478095
0.4937
0.506955
0.518106
0.527175
0.534279
0.539727
0.543897
0.547112
0.549587
0.551457
0.552814
0.553727
0.554248
0.55442
0.554271
0.553823
0.553088
0.552075
0.550784
0.549214
0.547357
0.5452
0.542728
0.539919
0.536745
0.533173
0.529162
0.524664
0.519617
0.513949
0.507572
0.500381
0.492239
0.483
0.472421
0.460342
0.446222
0.430132
0.410439
0.388826
0.359012
0.331197
0.278379
0.251358
0.131675
0.146427
0.0557961
0.267629
0.26638
0.290991
0.296625
0.299903
0.297732
0.308099
0.333722
0.369631
0.405068
0.435096
0.458805
0.477759
0.49343
0.506737
0.517936
0.527048
0.534189
0.539663
0.543851
0.547079
0.549563
0.551439
0.552801
0.553716
0.55424
0.554412
0.554263
0.553814
0.553078
0.552062
0.550768
0.549194
0.547332
0.54517
0.542691
0.539874
0.536691
0.533108
0.529085
0.524572
0.519509
0.513824
0.507428
0.500215
0.492048
0.48278
0.472167
0.460049
0.445886
0.429739
0.409992
0.388283
0.358418
0.330399
0.277614
0.250041
0.130782
0.144083
0.0696561
0.265549
0.266463
0.290877
0.296642
0.300025
0.297767
0.307813
0.333151
0.36896
0.404455
0.434601
0.458415
0.477447
0.493177
0.506532
0.517777
0.526932
0.534106
0.539603
0.543807
0.547045
0.549536
0.551418
0.552784
0.553702
0.554226
0.554399
0.55425
0.553799
0.553061
0.552043
0.550746
0.549168
0.547301
0.545134
0.542649
0.539825
0.536635
0.533044
0.529012
0.524489
0.519414
0.513716
0.507304
0.500073
0.491884
0.482592
0.47195
0.459797
0.445594
0.429395
0.409595
0.387801
0.357871
0.329688
0.276869
0.248875
0.129798
0.141992
0.081158
0.263369
0.266597
0.290786
0.296685
0.300144
0.297749
0.307451
0.33253
0.368288
0.403878
0.434152
0.458068
0.477168
0.492947
0.506347
0.517636
0.52683
0.534034
0.53955
0.543766
0.547011
0.549508
0.551394
0.552762
0.553681
0.554206
0.554379
0.554228
0.553776
0.553036
0.552015
0.550715
0.549133
0.547262
0.54509
0.5426
0.53977
0.536572
0.532974
0.528932
0.524399
0.519313
0.513601
0.507173
0.499925
0.491716
0.4824
0.471731
0.459545
0.445305
0.42906
0.409208
0.38734
0.357349
0.329018
0.276159
0.247798
0.12885
0.140224
0.0911982
0.261198
0.26675
0.290726
0.296753
0.300258
0.297675
0.307003
0.331838
0.367588
0.403312
0.433728
0.457744
0.476904
0.492727
0.506168
0.517502
0.526735
0.533967
0.539499
0.543723
0.546973
0.549473
0.551362
0.552732
0.553651
0.554176
0.554348
0.554196
0.553742
0.552999
0.551975
0.550672
0.549086
0.547211
0.545034
0.542538
0.539702
0.536497
0.532891
0.52884
0.524297
0.519199
0.513474
0.507031
0.499767
0.491538
0.482198
0.471503
0.459286
0.44501
0.428719
0.408819
0.386877
0.356828
0.328354
0.275463
0.246747
0.12794
0.138657
0.100341
0.259106
0.26691
0.290692
0.296842
0.300365
0.297545
0.306469
0.33107
0.366851
0.402739
0.433313
0.457429
0.476642
0.492504
0.505987
0.517365
0.526638
0.533897
0.539443
0.543673
0.546927
0.549429
0.551319
0.55269
0.55361
0.554134
0.554304
0.55415
0.553694
0.552949
0.551922
0.550615
0.549025
0.547146
0.544963
0.542462
0.539619
0.536408
0.532794
0.528734
0.524181
0.519072
0.513334
0.506877
0.499595
0.491347
0.481985
0.471264
0.459016
0.444705
0.428369
0.408422
0.386407
0.356303
0.327686
0.274772
0.245705
0.12706
0.137225
0.108758
0.257138
0.267076
0.290676
0.29695
0.300462
0.297362
0.305853
0.330235
0.366077
0.402156
0.432898
0.457113
0.476373
0.492272
0.505795
0.51722
0.526534
0.53382
0.53938
0.543615
0.54687
0.549374
0.551265
0.552635
0.553554
0.554077
0.554246
0.55409
0.553632
0.552884
0.551853
0.550543
0.54895
0.547065
0.544878
0.542371
0.539523
0.536304
0.532682
0.528615
0.524051
0.518931
0.513181
0.506709
0.499411
0.491144
0.481761
0.471015
0.458736
0.444391
0.42801
0.408018
0.38593
0.355775
0.327015
0.274083
0.24467
0.126207
0.135906
0.116535
0.25532
0.267248
0.290669
0.297069
0.300547
0.297131
0.305169
0.329341
0.36527
0.401561
0.432482
0.456791
0.476094
0.492024
0.505589
0.517062
0.526419
0.533733
0.539306
0.543545
0.546802
0.549306
0.551197
0.552567
0.553486
0.554007
0.554174
0.554016
0.553555
0.552805
0.551771
0.550457
0.54886
0.546971
0.54478
0.542267
0.539413
0.536187
0.532558
0.528482
0.523909
0.518778
0.513015
0.50653
0.499216
0.490931
0.481526
0.470755
0.458447
0.444068
0.427644
0.407608
0.385448
0.355243
0.326344
0.273398
0.243647
0.125384
0.134688
0.123771
0.253666
0.267425
0.290666
0.297191
0.300617
0.296858
0.304428
0.328401
0.364437
0.400958
0.432062
0.45646
0.4758
0.491759
0.505364
0.516887
0.526289
0.533633
0.53922
0.543465
0.546722
0.549226
0.551118
0.552487
0.553405
0.553925
0.55409
0.55393
0.553467
0.552713
0.551677
0.550359
0.548758
0.546865
0.544669
0.542151
0.539291
0.536059
0.532422
0.528338
0.523755
0.518614
0.512839
0.506341
0.499011
0.490707
0.481282
0.470486
0.458149
0.443738
0.427271
0.407192
0.384963
0.35471
0.325673
0.272719
0.242638
0.124593
0.13356
0.130562
0.252184
0.267605
0.290662
0.297307
0.300667
0.296549
0.303647
0.327431
0.36359
0.400353
0.431639
0.45612
0.475491
0.491475
0.505119
0.516693
0.526144
0.53352
0.539123
0.543373
0.546632
0.549136
0.551027
0.552397
0.553313
0.553832
0.553995
0.553833
0.553367
0.552611
0.551572
0.550251
0.548647
0.54675
0.544548
0.542026
0.539159
0.535921
0.532277
0.528184
0.523593
0.518441
0.512655
0.506143
0.498798
0.490477
0.48103
0.470211
0.457846
0.443403
0.426894
0.406773
0.384475
0.354177
0.325004
0.272045
0.241645
0.123832
0.132512
0.136985
0.25088
0.267788
0.290652
0.297411
0.300691
0.296213
0.302842
0.326445
0.362739
0.39975
0.431214
0.455774
0.475169
0.491172
0.504853
0.516481
0.525982
0.533394
0.539016
0.543272
0.546533
0.549038
0.550928
0.552297
0.553212
0.55373
0.553891
0.553728
0.55326
0.552501
0.551459
0.550136
0.548527
0.546626
0.544421
0.541893
0.539021
0.535777
0.532126
0.528025
0.523424
0.518262
0.512465
0.505939
0.498579
0.49024
0.480774
0.469932
0.457538
0.443064
0.426514
0.406352
0.383987
0.353644
0.324339
0.271377
0.24067
0.123101
0.131535
0.1431
0.249757
0.267971
0.290633
0.297499
0.300683
0.295859
0.302027
0.32546
0.361896
0.399155
0.430792
0.455424
0.474836
0.490853
0.504569
0.51625
0.525806
0.533256
0.538898
0.543164
0.546427
0.548932
0.550822
0.55219
0.553105
0.553621
0.553782
0.553616
0.553146
0.552386
0.551341
0.550014
0.548402
0.546498
0.544288
0.541755
0.538878
0.535627
0.531968
0.527861
0.523252
0.518079
0.51227
0.505732
0.498357
0.490001
0.480515
0.46965
0.457228
0.442723
0.426133
0.405931
0.3835
0.353114
0.323681
0.270718
0.239715
0.122396
0.13062
0.148952
0.248815
0.268155
0.290603
0.297566
0.300639
0.295495
0.301221
0.324491
0.361071
0.398575
0.430376
0.455074
0.474495
0.490519
0.504267
0.516003
0.525616
0.533108
0.538773
0.543048
0.546315
0.548821
0.550711
0.552079
0.552993
0.553508
0.553667
0.5535
0.553029
0.552266
0.551219
0.549889
0.548274
0.546366
0.544152
0.541615
0.538732
0.535475
0.53181
0.527694
0.523077
0.517895
0.512074
0.505523
0.498133
0.489761
0.480255
0.469368
0.456919
0.442384
0.425754
0.405513
0.383017
0.352588
0.323031
0.270067
0.238783
0.121718
0.129762
0.154579
0.248054
0.268341
0.290561
0.29761
0.30056
0.295125
0.300438
0.323556
0.360274
0.398015
0.429972
0.454727
0.47415
0.490175
0.503951
0.515742
0.525415
0.532952
0.538642
0.542929
0.5462
0.548707
0.550598
0.551965
0.552878
0.553393
0.55355
0.553382
0.552909
0.552144
0.551094
0.549762
0.548144
0.546232
0.544014
0.541473
0.538585
0.535322
0.531651
0.527528
0.522901
0.51771
0.511879
0.505315
0.497911
0.489522
0.479997
0.469087
0.456612
0.442047
0.425378
0.405098
0.38254
0.352068
0.322391
0.269425
0.237874
0.121063
0.128953
0.160006
0.247473
0.268533
0.290507
0.297628
0.30045
0.294754
0.299693
0.322672
0.359521
0.397483
0.429583
0.454388
0.473805
0.489823
0.503622
0.515469
0.525204
0.532789
0.538507
0.542807
0.546084
0.548593
0.550483
0.551849
0.552762
0.553276
0.553432
0.553263
0.552788
0.552021
0.550969
0.549635
0.548014
0.546099
0.543877
0.541331
0.538438
0.53517
0.531492
0.527362
0.522727
0.517526
0.511684
0.505109
0.49769
0.489285
0.479741
0.46881
0.456309
0.441715
0.425008
0.404689
0.382069
0.351556
0.321762
0.268794
0.236989
0.12043
0.12819
0.165255
0.247066
0.268734
0.290443
0.297622
0.300311
0.294391
0.299
0.321858
0.358825
0.396987
0.429215
0.454061
0.473463
0.489466
0.503284
0.515185
0.524986
0.532623
0.538371
0.542686
0.545968
0.548478
0.550368
0.551734
0.552646
0.553159
0.553314
0.553144
0.552667
0.551899
0.550845
0.549508
0.547884
0.545966
0.54374
0.54119
0.538293
0.535019
0.531335
0.527198
0.522555
0.517345
0.511493
0.504905
0.497473
0.489053
0.47949
0.468538
0.456011
0.441388
0.424644
0.404288
0.381608
0.351053
0.321146
0.268176
0.236131
0.119819
0.127468
0.170341
0.24683
0.268951
0.290373
0.297594
0.300148
0.294047
0.298374
0.321133
0.358198
0.396536
0.428872
0.453748
0.473129
0.489109
0.502939
0.514893
0.524763
0.532455
0.538235
0.542565
0.545854
0.548366
0.550255
0.55162
0.552531
0.553043
0.553198
0.553025
0.552548
0.551778
0.550722
0.549383
0.547756
0.545835
0.543606
0.541052
0.53815
0.534871
0.531181
0.527037
0.522386
0.517168
0.511305
0.504706
0.497261
0.488825
0.479244
0.468271
0.45572
0.441069
0.424288
0.403895
0.381157
0.350562
0.320545
0.267572
0.235298
0.11923
0.126785
0.175277
0.246756
0.269189
0.2903
0.297548
0.299966
0.293734
0.297833
0.320511
0.357653
0.396135
0.428559
0.453454
0.472805
0.488754
0.50259
0.514595
0.524535
0.532286
0.538101
0.542448
0.545743
0.548256
0.550145
0.551509
0.552419
0.552929
0.553083
0.552909
0.55243
0.551658
0.550601
0.549259
0.547631
0.545706
0.543474
0.540916
0.538009
0.534726
0.53103
0.526879
0.522221
0.516994
0.511122
0.504511
0.497053
0.488602
0.479004
0.468011
0.455435
0.440757
0.423941
0.403512
0.380717
0.350082
0.31996
0.266983
0.234494
0.118662
0.126136
0.180073
0.246838
0.269455
0.290231
0.29749
0.299777
0.293467
0.297394
0.320009
0.357202
0.395793
0.428279
0.453182
0.472494
0.488405
0.50224
0.514292
0.524305
0.532119
0.537971
0.542335
0.545636
0.548151
0.550039
0.551401
0.552309
0.552818
0.552971
0.552796
0.552315
0.551542
0.550483
0.549139
0.547508
0.54558
0.543345
0.540783
0.537872
0.534583
0.530882
0.526725
0.52206
0.516824
0.510942
0.504321
0.49685
0.488385
0.47877
0.467758
0.455159
0.440454
0.423604
0.40314
0.38029
0.349616
0.319393
0.266411
0.233719
0.118116
0.125521
0.184736
0.247066
0.269755
0.290172
0.297428
0.29959
0.293258
0.297071
0.319641
0.356855
0.395514
0.428036
0.452933
0.472201
0.488066
0.501892
0.513988
0.524075
0.531954
0.537846
0.542227
0.545535
0.54805
0.549937
0.551297
0.552203
0.552711
0.552861
0.552685
0.552203
0.551428
0.550367
0.549021
0.547388
0.545458
0.543219
0.540653
0.537738
0.534445
0.530738
0.526575
0.521903
0.516659
0.510768
0.504136
0.496653
0.488174
0.478543
0.467512
0.45489
0.44016
0.423276
0.402779
0.379876
0.349164
0.318843
0.265857
0.232972
0.117594
0.124939
0.189272
0.247432
0.270092
0.29013
0.297369
0.299419
0.293122
0.29688
0.319419
0.356621
0.395305
0.427833
0.452711
0.471928
0.487739
0.501549
0.513684
0.523845
0.531793
0.537727
0.542127
0.54544
0.547955
0.54984
0.551197
0.552101
0.552607
0.552756
0.552578
0.552095
0.551318
0.550255
0.548907
0.547271
0.545338
0.543096
0.540527
0.537608
0.53431
0.530598
0.526429
0.52175
0.516498
0.510599
0.503956
0.496462
0.487969
0.478322
0.467273
0.454629
0.439874
0.422959
0.402429
0.379475
0.348727
0.318312
0.265322
0.232255
0.117094
0.124386
0.193689
0.247927
0.270471
0.290111
0.297322
0.299277
0.293075
0.296836
0.319354
0.356506
0.395169
0.427672
0.452516
0.471675
0.487427
0.501214
0.513383
0.523617
0.531637
0.537615
0.542033
0.545351
0.547866
0.549748
0.551102
0.552003
0.552507
0.552654
0.552475
0.551989
0.551211
0.550146
0.548796
0.547158
0.545223
0.542978
0.540405
0.537482
0.53418
0.530462
0.526287
0.521602
0.516343
0.510434
0.503782
0.496276
0.487771
0.478108
0.467042
0.454377
0.439598
0.422652
0.40209
0.379087
0.348303
0.317799
0.264805
0.231567
0.116619
0.123863
0.197989
0.24854
0.270895
0.290122
0.297297
0.299177
0.293129
0.29695
0.319455
0.356517
0.395108
0.427552
0.452349
0.471446
0.487134
0.500889
0.513086
0.523392
0.531486
0.537511
0.541948
0.54527
0.547783
0.549661
0.551012
0.55191
0.552411
0.552556
0.552375
0.551888
0.551107
0.550041
0.548689
0.547048
0.545111
0.542863
0.540287
0.53736
0.534053
0.530331
0.52615
0.521458
0.516192
0.510275
0.503614
0.496097
0.487579
0.477901
0.466818
0.454132
0.439331
0.422355
0.401763
0.378712
0.347895
0.317304
0.264308
0.230907
0.116166
0.123367
0.20218
0.249263
0.271365
0.29017
0.297302
0.299132
0.293299
0.297232
0.319727
0.356655
0.395123
0.427475
0.45221
0.471241
0.48686
0.500578
0.512797
0.523173
0.531342
0.537415
0.541872
0.545197
0.547707
0.549581
0.550927
0.551821
0.552319
0.552462
0.552279
0.55179
0.551008
0.549939
0.548585
0.546943
0.545002
0.542752
0.540173
0.537242
0.533931
0.530204
0.526018
0.52132
0.516047
0.510122
0.503451
0.495923
0.487393
0.477702
0.466602
0.453897
0.439073
0.422068
0.401447
0.37835
0.347501
0.316828
0.263829
0.230276
0.115736
0.122897
0.206264
0.250087
0.271882
0.290257
0.297345
0.299153
0.293593
0.297691
0.320174
0.356923
0.395214
0.427439
0.452099
0.471059
0.486608
0.500283
0.512516
0.522959
0.531205
0.537328
0.541804
0.545132
0.547638
0.549506
0.550847
0.551737
0.552232
0.552372
0.552186
0.551695
0.550912
0.549841
0.548485
0.54684
0.544898
0.542644
0.540062
0.537128
0.533813
0.530082
0.52589
0.521186
0.515906
0.509973
0.503294
0.495756
0.487214
0.477509
0.466393
0.453669
0.438824
0.421792
0.401142
0.378002
0.347121
0.31637
0.263369
0.229673
0.115329
0.122451
0.210247
0.251003
0.272445
0.29039
0.297433
0.29925
0.29402
0.298328
0.320796
0.357318
0.395379
0.427444
0.452014
0.470902
0.486379
0.500005
0.512247
0.522753
0.531075
0.53725
0.541746
0.545075
0.547576
0.549438
0.550773
0.551658
0.552149
0.552286
0.552098
0.551605
0.550819
0.549747
0.548389
0.546742
0.544797
0.542541
0.539956
0.537018
0.5337
0.529964
0.525767
0.521057
0.515771
0.50983
0.503142
0.495595
0.487041
0.477323
0.466192
0.45345
0.438584
0.421525
0.400849
0.377666
0.346756
0.31593
0.262928
0.229097
0.114942
0.122028
0.214133
0.252003
0.273055
0.290568
0.29757
0.299429
0.294583
0.299145
0.32159
0.357836
0.395616
0.427488
0.451956
0.470769
0.486173
0.499747
0.511991
0.522556
0.530954
0.537181
0.541696
0.545026
0.547521
0.549375
0.550704
0.551584
0.552071
0.552205
0.552014
0.551519
0.550731
0.549657
0.548297
0.546648
0.544701
0.542442
0.539854
0.536913
0.53359
0.52985
0.525649
0.520933
0.51564
0.509693
0.502997
0.495439
0.486875
0.477144
0.465999
0.453239
0.438354
0.421269
0.400567
0.377344
0.346405
0.315509
0.262505
0.228547
0.114576
0.121628
0.217927
0.25308
0.273709
0.290796
0.297762
0.299695
0.295285
0.300137
0.322548
0.358472
0.395922
0.427569
0.451921
0.470659
0.485991
0.49951
0.51175
0.522369
0.530842
0.537121
0.541657
0.544986
0.547473
0.549319
0.550641
0.551515
0.551997
0.552127
0.551934
0.551436
0.550647
0.54957
0.548209
0.546557
0.544608
0.542347
0.539756
0.536812
0.533485
0.529741
0.525535
0.520814
0.515515
0.509561
0.502857
0.495291
0.486716
0.476973
0.465813
0.453037
0.438132
0.421024
0.400296
0.377035
0.346068
0.315105
0.2621
0.228023
0.11423
0.121248
0.221633
0.254225
0.274405
0.291072
0.298009
0.300049
0.29612
0.301296
0.323661
0.359219
0.39629
0.427684
0.451909
0.47057
0.485833
0.499295
0.511525
0.522193
0.53074
0.537072
0.541627
0.544954
0.547433
0.549269
0.550582
0.55145
0.551927
0.552054
0.551858
0.551358
0.550566
0.549488
0.548124
0.546471
0.544519
0.542255
0.539662
0.536715
0.533385
0.529637
0.525426
0.5207
0.515396
0.509435
0.502723
0.495148
0.486563
0.476808
0.465635
0.452843
0.43792
0.420788
0.400037
0.376739
0.345746
0.314718
0.261714
0.227525
0.113903
0.120888
0.225255
0.255434
0.275142
0.291396
0.298313
0.300492
0.297084
0.302611
0.324917
0.360066
0.396717
0.42783
0.451917
0.470503
0.485698
0.499102
0.511318
0.52203
0.530648
0.537032
0.541606
0.544931
0.5474
0.549226
0.55053
0.551391
0.551863
0.551985
0.551786
0.551283
0.550489
0.549409
0.548043
0.546388
0.544434
0.542168
0.539572
0.536622
0.533289
0.529537
0.525322
0.520591
0.515281
0.509314
0.502595
0.495011
0.486417
0.476651
0.465465
0.452657
0.437718
0.420563
0.399789
0.376457
0.345438
0.31435
0.261345
0.227051
0.113595
0.120547
0.228799
0.256699
0.275916
0.291768
0.298674
0.301021
0.298168
0.304068
0.3263
0.361004
0.397196
0.428004
0.451944
0.470454
0.485586
0.498933
0.51113
0.52188
0.530567
0.537003
0.541595
0.544916
0.547373
0.549188
0.550483
0.551336
0.551802
0.551921
0.551718
0.551213
0.550416
0.549334
0.547967
0.546309
0.544353
0.542085
0.539486
0.536534
0.533197
0.529442
0.525223
0.520487
0.515172
0.509199
0.502473
0.494881
0.486278
0.476501
0.465303
0.45248
0.437524
0.420349
0.399552
0.376187
0.345145
0.313999
0.260994
0.226602
0.113304
0.120224
0.232268
0.258015
0.276726
0.292186
0.29909
0.30163
0.299359
0.30565
0.327796
0.362021
0.39772
0.428203
0.451988
0.470424
0.485497
0.498788
0.510962
0.521745
0.530497
0.536984
0.541594
0.54491
0.547354
0.549156
0.550441
0.551286
0.551746
0.55186
0.551654
0.551146
0.550347
0.549263
0.547894
0.546234
0.544276
0.542006
0.539405
0.536449
0.53311
0.529351
0.525128
0.520389
0.515068
0.509089
0.502356
0.494758
0.486145
0.476359
0.465149
0.452312
0.43734
0.420144
0.399327
0.37593
0.344866
0.313665
0.260661
0.226177
0.11303
0.119919
0.235667
0.259376
0.277568
0.292647
0.299558
0.302315
0.300647
0.307338
0.329386
0.363105
0.398285
0.428425
0.452047
0.47041
0.485428
0.498666
0.510814
0.521626
0.530439
0.536976
0.541602
0.544912
0.547342
0.549131
0.550404
0.551241
0.551695
0.551804
0.551594
0.551083
0.550282
0.549196
0.547825
0.546164
0.544204
0.541931
0.539328
0.53637
0.533027
0.529265
0.525039
0.520295
0.514969
0.508985
0.502246
0.49464
0.48602
0.476223
0.465002
0.452152
0.437165
0.419951
0.399114
0.375687
0.344601
0.313349
0.260345
0.225776
0.112773
0.119632
0.239001
0.260778
0.27844
0.29315
0.300076
0.303069
0.302017
0.309116
0.331053
0.364245
0.398883
0.428665
0.452119
0.470411
0.48538
0.498567
0.510689
0.521523
0.530394
0.536979
0.54162
0.544922
0.547337
0.549111
0.550373
0.551201
0.551648
0.551752
0.551538
0.551025
0.550221
0.549133
0.54776
0.546097
0.544135
0.54186
0.539255
0.536294
0.532949
0.529184
0.524954
0.520206
0.514876
0.508887
0.502142
0.494529
0.485901
0.476095
0.464864
0.452001
0.437
0.419767
0.398912
0.375457
0.34435
0.313051
0.260047
0.225399
0.112532
0.119361
0.242273
0.262216
0.279341
0.293693
0.30064
0.303885
0.303455
0.310964
0.332782
0.365429
0.399509
0.428923
0.452203
0.470426
0.485351
0.498491
0.510584
0.521438
0.530362
0.536993
0.541647
0.54494
0.547339
0.549098
0.550347
0.551165
0.551605
0.551704
0.551487
0.55097
0.550164
0.549074
0.547699
0.546034
0.54407
0.541794
0.539186
0.536223
0.532876
0.529107
0.524874
0.520122
0.514788
0.508794
0.502043
0.494424
0.485789
0.475975
0.464733
0.451859
0.436844
0.419594
0.398722
0.37524
0.344114
0.31277
0.259767
0.225045
0.112308
0.119107
0.245489
0.263687
0.280266
0.294272
0.301247
0.304756
0.30495
0.312866
0.334555
0.366648
0.400157
0.429194
0.452297
0.470453
0.485339
0.498437
0.510502
0.52137
0.530344
0.537017
0.541685
0.544966
0.547348
0.54909
0.550326
0.551134
0.551567
0.551661
0.551439
0.550919
0.550111
0.549018
0.547641
0.545975
0.544009
0.541731
0.539121
0.536156
0.532807
0.529035
0.524799
0.520044
0.514706
0.508707
0.501951
0.494326
0.485683
0.475861
0.464611
0.451725
0.436698
0.419432
0.398543
0.375037
0.343893
0.312506
0.259505
0.224714
0.112098
0.11887
0.248651
0.265185
0.281215
0.294885
0.301893
0.305674
0.306488
0.314806
0.336358
0.36789
0.400822
0.429476
0.4524
0.470491
0.485345
0.498406
0.510442
0.521321
0.53034
0.537054
0.541731
0.545001
0.547363
0.549088
0.55031
0.551108
0.551534
0.551621
0.551396
0.550873
0.550062
0.548967
0.547588
0.54592
0.543953
0.541673
0.539061
0.536094
0.532742
0.528968
0.524729
0.519971
0.514629
0.508625
0.501865
0.494234
0.485585
0.475756
0.464496
0.4516
0.436562
0.419281
0.398376
0.374847
0.343686
0.31226
0.259259
0.224405
0.111904
0.118648
0.251765
0.266707
0.282184
0.29553
0.302576
0.306634
0.308059
0.316768
0.338179
0.369149
0.4015
0.429768
0.452511
0.470539
0.485366
0.498395
0.510404
0.52129
0.53035
0.537101
0.541787
0.545043
0.547385
0.549091
0.550299
0.551087
0.551504
0.551586
0.551356
0.55083
0.550016
0.54892
0.547539
0.545869
0.5439
0.541619
0.539005
0.536036
0.532682
0.528906
0.524664
0.519903
0.514557
0.50855
0.501785
0.494149
0.485494
0.475657
0.46439
0.451484
0.436435
0.41914
0.398221
0.37467
0.343494
0.312032
0.259032
0.22412
0.111725
0.118443
0.254834
0.268251
0.283172
0.296205
0.303292
0.30763
0.309653
0.318743
0.340006
0.370415
0.402187
0.430067
0.452628
0.470596
0.485402
0.498404
0.510387
0.521278
0.530376
0.537161
0.541853
0.545093
0.547413
0.549101
0.550294
0.55107
0.551479
0.551555
0.551321
0.550791
0.549975
0.548876
0.547494
0.545822
0.543852
0.541569
0.538954
0.535983
0.532627
0.528848
0.524604
0.51984
0.514491
0.50848
0.501711
0.49407
0.485409
0.475566
0.464291
0.451377
0.436317
0.41901
0.398077
0.374507
0.343316
0.311821
0.258822
0.223857
0.11156
0.118254
0.257861
0.269812
0.284177
0.296908
0.304037
0.308656
0.311262
0.320717
0.34183
0.371683
0.402878
0.430373
0.452751
0.470661
0.485451
0.498432
0.510393
0.521286
0.530416
0.537232
0.541928
0.545151
0.547448
0.549115
0.550293
0.551057
0.551458
0.551528
0.551289
0.550756
0.549937
0.548837
0.547452
0.545779
0.543808
0.541523
0.538906
0.535934
0.532576
0.528795
0.524549
0.519782
0.51443
0.508416
0.501643
0.493997
0.485332
0.475483
0.464201
0.451279
0.43621
0.41889
0.397946
0.374357
0.343153
0.311627
0.258629
0.223616
0.11141
0.11808
0.260852
0.271388
0.285197
0.297636
0.304809
0.309708
0.312879
0.322684
0.343643
0.372947
0.403572
0.430682
0.452878
0.470733
0.485512
0.498479
0.510419
0.521313
0.530472
0.537315
0.542012
0.545216
0.547489
0.549135
0.550297
0.55105
0.551442
0.551505
0.551262
0.550725
0.549904
0.548801
0.547415
0.54574
0.543767
0.541481
0.538863
0.535889
0.532529
0.528747
0.524498
0.519729
0.514375
0.508357
0.501581
0.493932
0.485261
0.475407
0.464119
0.451189
0.436112
0.418781
0.397826
0.374221
0.343005
0.311451
0.258454
0.223398
0.111275
0.117922
0.263809
0.272975
0.286229
0.298387
0.305607
0.310781
0.314497
0.324637
0.345438
0.374203
0.404266
0.430995
0.453009
0.470811
0.485585
0.498543
0.510466
0.52136
0.530543
0.537409
0.542106
0.545288
0.547536
0.54916
0.550305
0.551046
0.551429
0.551486
0.551238
0.550698
0.549874
0.548769
0.547382
0.545706
0.543731
0.541444
0.538824
0.535849
0.532488
0.528704
0.524453
0.519682
0.514325
0.508305
0.501525
0.493872
0.485198
0.475338
0.464045
0.451108
0.436023
0.418683
0.397718
0.374098
0.342871
0.311293
0.258297
0.223202
0.111153
0.11778
0.266737
0.274572
0.287273
0.299159
0.306426
0.311872
0.316113
0.32657
0.347212
0.375448
0.404957
0.431309
0.453144
0.470895
0.485668
0.498623
0.510533
0.521426
0.53063
0.537516
0.542208
0.545368
0.547589
0.549191
0.550319
0.551047
0.551421
0.551472
0.551219
0.550675
0.549849
0.548742
0.547352
0.545675
0.543699
0.541411
0.53879
0.535813
0.532451
0.528665
0.524413
0.51964
0.514281
0.508258
0.501476
0.493819
0.485141
0.475278
0.463979
0.451036
0.435945
0.418596
0.397622
0.373989
0.342752
0.311152
0.258157
0.223028
0.111045
0.117654
0.269637
0.276175
0.288327
0.299952
0.307265
0.312979
0.317723
0.328478
0.34896
0.376678
0.405645
0.431625
0.453281
0.470983
0.485761
0.49872
0.51062
0.521512
0.530733
0.537635
0.542319
0.545454
0.547647
0.549226
0.550337
0.551052
0.551417
0.551461
0.551203
0.550656
0.549827
0.548718
0.547327
0.545648
0.543671
0.541381
0.53876
0.535782
0.532418
0.528632
0.524378
0.519603
0.514242
0.508217
0.501432
0.493773
0.485092
0.475224
0.463922
0.450974
0.435876
0.41852
0.397538
0.373893
0.342648
0.311029
0.258034
0.222875
0.110951
0.117543
0.272515
0.277782
0.289389
0.300763
0.308123
0.314099
0.319324
0.33036
0.35068
0.377892
0.406327
0.43194
0.45342
0.471076
0.485863
0.498831
0.510726
0.521616
0.530852
0.537765
0.54244
0.545547
0.547711
0.549266
0.550359
0.551062
0.551417
0.551454
0.551192
0.550641
0.549809
0.548698
0.547306
0.545625
0.543647
0.541357
0.538734
0.535755
0.53239
0.528603
0.524347
0.519571
0.514209
0.508182
0.501395
0.493734
0.485049
0.475179
0.463872
0.45092
0.435817
0.418455
0.397466
0.373811
0.342559
0.310924
0.257929
0.222745
0.110871
0.117449
0.275374
0.279389
0.290456
0.30159
0.308998
0.315229
0.320914
0.332214
0.35237
0.379089
0.407002
0.432255
0.45356
0.471172
0.485973
0.498955
0.51085
0.52174
0.530986
0.537907
0.542568
0.545647
0.547781
0.549311
0.550386
0.551075
0.551422
0.551452
0.551184
0.55063
0.549795
0.548682
0.547288
0.545607
0.543628
0.541336
0.538713
0.535733
0.532367
0.528578
0.524322
0.519545
0.514181
0.508153
0.501364
0.4937
0.485014
0.475141
0.463831
0.450875
0.435768
0.4184
0.397406
0.373743
0.342485
0.310836
0.257842
0.222637
0.110804
0.117369
0.278216
0.280996
0.291529
0.302432
0.309887
0.316368
0.322492
0.334038
0.354029
0.380267
0.407671
0.432569
0.453701
0.471271
0.486089
0.499093
0.510992
0.521882
0.531137
0.538061
0.542705
0.545753
0.547856
0.549361
0.550417
0.551093
0.55143
0.551453
0.55118
0.550622
0.549785
0.54867
0.547275
0.545592
0.543612
0.54132
0.538696
0.535715
0.532349
0.528559
0.524302
0.519523
0.514159
0.508129
0.501339
0.493674
0.484986
0.47511
0.463798
0.450839
0.435728
0.418356
0.397358
0.373688
0.342425
0.310765
0.257772
0.22255
0.110751
0.117306
0.281045
0.282599
0.292605
0.303288
0.31079
0.317515
0.324056
0.335832
0.355657
0.381425
0.408332
0.43288
0.453842
0.471372
0.486213
0.499243
0.511151
0.522042
0.531303
0.538226
0.54285
0.545865
0.547935
0.549415
0.550452
0.551115
0.551442
0.551458
0.551181
0.550619
0.549779
0.548662
0.547265
0.545582
0.543601
0.541308
0.538683
0.535702
0.532335
0.528544
0.524287
0.519507
0.514142
0.508112
0.50132
0.493654
0.484964
0.475087
0.463773
0.450812
0.435699
0.418324
0.397321
0.373647
0.342381
0.310712
0.257719
0.222485
0.110711
0.117258
0.283865
0.284195
0.293683
0.304156
0.311705
0.318668
0.325607
0.337595
0.357254
0.382564
0.408984
0.433189
0.453982
0.471476
0.486342
0.499405
0.511327
0.522221
0.531484
0.538402
0.543003
0.545983
0.54802
0.549473
0.550491
0.551141
0.551458
0.551468
0.551185
0.550619
0.549777
0.548658
0.54726
0.545575
0.543594
0.5413
0.538674
0.535693
0.532325
0.528535
0.524276
0.519497
0.514131
0.5081
0.501308
0.493641
0.48495
0.475072
0.463757
0.450794
0.435679
0.418302
0.397297
0.37362
0.342351
0.310677
0.257684
0.222441
0.110685
0.117226
0.286678
0.285783
0.294761
0.305035
0.312632
0.319826
0.327144
0.339329
0.35882
0.383683
0.409627
0.433494
0.454122
0.47158
0.486477
0.499578
0.511519
0.522417
0.531681
0.53859
0.543164
0.546106
0.548108
0.549536
0.550535
0.55117
0.551478
0.551481
0.551193
0.550624
0.549779
0.548658
0.547258
0.545573
0.54359
0.541296
0.53867
0.535689
0.532321
0.52853
0.524271
0.519491
0.514125
0.508094
0.501302
0.493634
0.484943
0.475064
0.463748
0.450785
0.435669
0.418291
0.397285
0.373606
0.342336
0.31066
0.257667
0.22242
0.110671
0.11721
0.289489
0.28736
0.295837
0.305923
0.313568
0.320989
0.328666
0.341033
0.360356
0.384782
0.410261
0.433795
0.45426
0.471685
0.486616
0.499761
0.511726
0.52263
0.531892
0.538787
0.543331
0.546235
0.548202
0.549602
0.550582
0.551204
0.551502
0.551497
0.551205
0.550632
0.549784
0.548662
0.547261
0.545574
0.543591
0.541297
0.538671
0.535689
0.532321
0.52853
0.524271
0.519491
0.514125
0.508094
0.501301
0.493634
0.484943
0.475064
0.463748
0.450785
0.435669
0.418291
0.397285
0.373606
0.342336
0.31066
0.257667
0.22242
0.110671
0.11721
0.292299
0.288924
0.296911
0.30682
0.314513
0.322155
0.330175
0.342708
0.361862
0.385862
0.410885
0.434092
0.454395
0.47179
0.48676
0.499954
0.511948
0.522861
0.532118
0.538995
0.543505
0.546368
0.548299
0.549672
0.550633
0.551241
0.55153
0.551518
0.55122
0.550644
0.549794
0.54867
0.547267
0.54558
0.543596
0.541301
0.538675
0.535693
0.532325
0.528534
0.524276
0.519496
0.51413
0.508099
0.501308
0.49364
0.48495
0.475072
0.463756
0.450794
0.435679
0.418302
0.397297
0.37362
0.342351
0.310677
0.257684
0.222441
0.110685
0.117226
0.295113
0.290472
0.297981
0.307723
0.315465
0.323324
0.331669
0.344356
0.363339
0.386923
0.411499
0.434384
0.454528
0.471895
0.486906
0.500155
0.512184
0.523107
0.532358
0.539213
0.543685
0.546506
0.5484
0.549746
0.550688
0.551283
0.551561
0.551543
0.55124
0.55066
0.549807
0.548681
0.547278
0.54559
0.543606
0.54131
0.538684
0.535702
0.532335
0.528544
0.524286
0.519507
0.514141
0.508111
0.50132
0.493654
0.484964
0.475087
0.463773
0.450812
0.435699
0.418323
0.397321
0.373647
0.342381
0.310712
0.257719
0.222485
0.110711
0.117258
0.297933
0.292001
0.299045
0.308633
0.316425
0.324495
0.33315
0.345977
0.364789
0.387964
0.412102
0.434669
0.454656
0.471998
0.487056
0.500366
0.512434
0.523369
0.532611
0.53944
0.543871
0.546647
0.548505
0.549824
0.550746
0.551327
0.551596
0.551571
0.551263
0.55068
0.549825
0.548697
0.547292
0.545604
0.543619
0.541324
0.538697
0.535716
0.532348
0.528558
0.524301
0.519522
0.514158
0.508128
0.501338
0.493673
0.484985
0.47511
0.463798
0.450838
0.435728
0.418356
0.397357
0.373688
0.342425
0.310765
0.257772
0.22255
0.110751
0.117306
0.300764
0.29351
0.300103
0.309548
0.31739
0.325668
0.334617
0.347572
0.366212
0.388987
0.412695
0.434948
0.45478
0.472099
0.487209
0.500584
0.512697
0.523646
0.532877
0.539675
0.544063
0.546793
0.548612
0.549904
0.550808
0.551376
0.551635
0.551603
0.55129
0.550703
0.549846
0.548716
0.547311
0.545621
0.543637
0.541341
0.538715
0.535734
0.532367
0.528578
0.524321
0.519543
0.51418
0.508152
0.501363
0.4937
0.485013
0.47514
0.46383
0.450874
0.435768
0.4184
0.397406
0.373743
0.342485
0.310836
0.257842
0.222637
0.110804
0.117369
0.303607
0.294995
0.301152
0.310466
0.318361
0.326842
0.336072
0.349142
0.367609
0.389992
0.413278
0.435221
0.454899
0.472198
0.487363
0.50081
0.512973
0.523938
0.533156
0.539918
0.544258
0.546941
0.548723
0.549988
0.550873
0.551428
0.551678
0.551638
0.551321
0.550731
0.549871
0.54874
0.547333
0.545643
0.543658
0.541363
0.538737
0.535756
0.53239
0.528602
0.524346
0.51957
0.514207
0.508181
0.501394
0.493732
0.485048
0.475178
0.463872
0.450919
0.435817
0.418454
0.397466
0.373811
0.342559
0.310924
0.257929
0.222745
0.110871
0.117448
0.306468
0.296454
0.302191
0.311387
0.319336
0.328017
0.337514
0.350689
0.368982
0.390979
0.413849
0.435485
0.455012
0.472294
0.487519
0.501044
0.513261
0.524244
0.533446
0.540169
0.544458
0.547093
0.548837
0.550075
0.550941
0.551483
0.551724
0.551678
0.551355
0.550762
0.5499
0.548767
0.547359
0.545669
0.543684
0.541389
0.538763
0.535783
0.532418
0.52863
0.524376
0.519601
0.51424
0.508216
0.501431
0.493772
0.485091
0.475223
0.463921
0.450973
0.435876
0.41852
0.397538
0.373893
0.342648
0.311029
0.258034
0.222875
0.110951
0.117543
0.309348
0.297884
0.303219
0.31231
0.320314
0.329193
0.338945
0.352213
0.370331
0.391949
0.414408
0.43574
0.455118
0.472385
0.487675
0.501284
0.513561
0.524563
0.533746
0.540425
0.54466
0.547246
0.548953
0.550165
0.551012
0.551541
0.551773
0.551721
0.551394
0.550797
0.549932
0.548798
0.54739
0.545699
0.543714
0.541419
0.538794
0.535815
0.53245
0.528664
0.524411
0.519638
0.514279
0.508256
0.501474
0.493818
0.48514
0.475277
0.463978
0.451036
0.435944
0.418596
0.397622
0.373988
0.342752
0.311152
0.258157
0.223028
0.111045
0.117654
0.312252
0.299281
0.304235
0.313234
0.321296
0.33037
0.340364
0.353717
0.371659
0.392902
0.414957
0.435987
0.455216
0.472472
0.487832
0.501531
0.513872
0.524895
0.534057
0.540687
0.544865
0.547402
0.549071
0.550257
0.551087
0.551603
0.551826
0.551767
0.551435
0.550835
0.549969
0.548833
0.547424
0.545733
0.543748
0.541453
0.538829
0.535851
0.532487
0.528702
0.524451
0.51968
0.514323
0.508303
0.501523
0.493871
0.485196
0.475337
0.464044
0.451108
0.436023
0.418683
0.397718
0.374098
0.342871
0.311293
0.258297
0.223202
0.111153
0.11778
0.315183
0.300643
0.305238
0.314157
0.322279
0.331546
0.341772
0.3552
0.372964
0.393839
0.415493
0.436223
0.455305
0.472553
0.487989
0.501783
0.514194
0.525239
0.534375
0.540952
0.545072
0.547558
0.549191
0.550352
0.551164
0.551669
0.551883
0.551817
0.551481
0.550878
0.550009
0.548872
0.547462
0.54577
0.543786
0.541492
0.538868
0.535891
0.532529
0.528746
0.524496
0.519727
0.514372
0.508355
0.501579
0.49393
0.48526
0.475406
0.464118
0.451188
0.436111
0.418781
0.397826
0.37422
0.343005
0.311451
0.258454
0.223398
0.111275
0.117922
0.318145
0.301967
0.306225
0.31508
0.323265
0.332723
0.34317
0.356664
0.37425
0.39476
0.416017
0.436447
0.455384
0.472627
0.488145
0.502042
0.514527
0.525593
0.534702
0.541221
0.545279
0.547715
0.549312
0.550449
0.551245
0.551737
0.551942
0.551871
0.55153
0.550924
0.550053
0.548915
0.547504
0.545812
0.543828
0.541534
0.538912
0.535936
0.532575
0.528794
0.524546
0.519779
0.514427
0.508413
0.501641
0.493995
0.48533
0.475481
0.4642
0.451278
0.436209
0.41889
0.397945
0.374357
0.343153
0.311627
0.258629
0.223616
0.11141
0.11808
0.321142
0.303248
0.307196
0.316001
0.324252
0.3339
0.34456
0.35811
0.375517
0.395666
0.416529
0.43666
0.455452
0.472694
0.4883
0.502306
0.514869
0.525958
0.535034
0.541491
0.545487
0.547873
0.549435
0.550548
0.551328
0.551809
0.552005
0.551928
0.551583
0.550974
0.550101
0.548961
0.54755
0.545858
0.543874
0.541581
0.53896
0.535985
0.532626
0.528846
0.524601
0.519837
0.514488
0.508477
0.501708
0.494068
0.485407
0.475565
0.46429
0.451376
0.436317
0.419009
0.398077
0.374506
0.343316
0.311821
0.258822
0.223857
0.111561
0.118253
0.324177
0.304483
0.30815
0.316919
0.325239
0.335078
0.34594
0.35954
0.376766
0.396557
0.417028
0.43686
0.455507
0.472753
0.488453
0.502574
0.51522
0.526331
0.535371
0.541762
0.545693
0.54803
0.549559
0.550649
0.551413
0.551883
0.552072
0.551989
0.551639
0.551027
0.550152
0.549011
0.5476
0.545908
0.543924
0.541632
0.539012
0.536039
0.532681
0.528904
0.524661
0.519899
0.514554
0.508547
0.501782
0.494146
0.485492
0.475656
0.464389
0.451483
0.436434
0.419139
0.39822
0.37467
0.343494
0.312032
0.259032
0.22412
0.111725
0.118443
0.327254
0.305668
0.309085
0.317833
0.326227
0.336255
0.347312
0.360955
0.377999
0.397433
0.417514
0.437046
0.455549
0.472802
0.488603
0.502847
0.51558
0.526712
0.535711
0.542032
0.545897
0.548187
0.549683
0.550752
0.551501
0.551961
0.552142
0.552053
0.551699
0.551084
0.550207
0.549066
0.547653
0.545962
0.543978
0.541687
0.539068
0.536097
0.532741
0.528966
0.524726
0.519967
0.514625
0.508622
0.501862
0.494232
0.485583
0.475754
0.464495
0.451599
0.436561
0.41928
0.398376
0.374846
0.343686
0.31226
0.259259
0.224405
0.111904
0.118648
0.330377
0.3068
0.310001
0.318744
0.327215
0.337433
0.348678
0.362356
0.379216
0.398296
0.417986
0.437217
0.455577
0.472841
0.48875
0.503123
0.515946
0.527098
0.536053
0.5423
0.546098
0.548342
0.549808
0.550857
0.551592
0.552041
0.552215
0.55212
0.551763
0.551145
0.550266
0.549123
0.547711
0.546019
0.544037
0.541747
0.539129
0.536159
0.532806
0.529033
0.524796
0.52004
0.514702
0.508703
0.501948
0.494323
0.485681
0.47586
0.464609
0.451724
0.436697
0.419432
0.398542
0.375037
0.343893
0.312506
0.259505
0.224714
0.112098
0.118869
0.333551
0.307872
0.310895
0.31965
0.328203
0.338611
0.350037
0.363744
0.380419
0.399145
0.418444
0.437372
0.455587
0.472867
0.488892
0.503402
0.516319
0.527489
0.536394
0.542564
0.546296
0.548495
0.549933
0.550963
0.551685
0.552124
0.552291
0.552191
0.55183
0.551209
0.550329
0.549185
0.547772
0.546081
0.544099
0.54181
0.539194
0.536226
0.532875
0.529105
0.52487
0.520118
0.514784
0.50879
0.50204
0.494421
0.485786
0.475973
0.464732
0.451858
0.436844
0.419594
0.398721
0.37524
0.344114
0.312769
0.259767
0.225045
0.112308
0.119107
0.33678
0.308881
0.311767
0.32055
0.32919
0.339791
0.35139
0.365121
0.381608
0.399982
0.418887
0.437509
0.45558
0.472881
0.489029
0.503683
0.516696
0.527882
0.536732
0.542822
0.546489
0.548646
0.550058
0.551071
0.55178
0.55221
0.55237
0.552265
0.5519
0.551277
0.550395
0.549251
0.547838
0.546147
0.544165
0.541878
0.539263
0.536297
0.532949
0.529181
0.52495
0.520202
0.514872
0.508883
0.502138
0.494526
0.485898
0.476093
0.464862
0.452
0.436999
0.419767
0.398911
0.375457
0.34435
0.31305
0.260048
0.225399
0.112533
0.119361
0.340068
0.309822
0.312616
0.321445
0.330177
0.340971
0.352739
0.366487
0.382786
0.400805
0.419316
0.437627
0.455553
0.472879
0.48916
0.503964
0.517076
0.528275
0.537066
0.543074
0.546676
0.548794
0.550183
0.55118
0.551878
0.552299
0.552452
0.552342
0.551974
0.551348
0.550465
0.54932
0.547907
0.546216
0.544236
0.541949
0.539337
0.536373
0.533027
0.529262
0.525034
0.52029
0.514965
0.508981
0.502242
0.494637
0.486017
0.476221
0.465001
0.452151
0.437164
0.41995
0.399113
0.375687
0.344601
0.313349
0.260345
0.225776
0.112773
0.119632
0.34342
0.310688
0.313441
0.322333
0.331163
0.342153
0.354084
0.367845
0.383952
0.401617
0.419728
0.437724
0.455505
0.472862
0.489283
0.504245
0.517458
0.528666
0.537393
0.543317
0.546857
0.54894
0.550308
0.55129
0.551978
0.552391
0.552538
0.552423
0.552051
0.551423
0.550538
0.549393
0.547979
0.546289
0.54431
0.542025
0.539414
0.536452
0.533109
0.529348
0.525124
0.520384
0.515063
0.509085
0.502353
0.494754
0.486143
0.476356
0.465147
0.452311
0.437339
0.420144
0.399327
0.37593
0.344865
0.313665
0.260661
0.226177
0.11303
0.119919
0.346841
0.311474
0.314241
0.323214
0.332148
0.343337
0.355426
0.369196
0.385108
0.402416
0.420124
0.4378
0.455434
0.472827
0.489398
0.504524
0.517838
0.529052
0.537711
0.543551
0.547031
0.549082
0.550432
0.551402
0.552079
0.552485
0.552626
0.552507
0.552132
0.551502
0.550616
0.549469
0.548056
0.546367
0.544388
0.542105
0.539496
0.536537
0.533196
0.529438
0.525218
0.520483
0.515167
0.509194
0.502469
0.494878
0.486275
0.476499
0.465301
0.452479
0.437523
0.420348
0.399552
0.376187
0.345145
0.313998
0.260994
0.226602
0.113304
0.120224
0.350335
0.312173
0.315014
0.324088
0.333133
0.344523
0.356767
0.37054
0.386256
0.403204
0.420502
0.437851
0.455338
0.472773
0.489502
0.504799
0.518215
0.52943
0.538018
0.543774
0.547198
0.54922
0.550555
0.551514
0.552183
0.552582
0.552717
0.552594
0.552216
0.551584
0.550696
0.549549
0.548136
0.546448
0.544471
0.542189
0.539582
0.536625
0.533288
0.529533
0.525317
0.520586
0.515276
0.509309
0.502591
0.495008
0.486414
0.476649
0.465463
0.452656
0.437716
0.420563
0.399788
0.376456
0.345438
0.314349
0.261345
0.227051
0.113595
0.120547
0.353908
0.312779
0.315761
0.324953
0.334117
0.345712
0.358107
0.371879
0.387395
0.403979
0.420861
0.437878
0.455216
0.472698
0.489594
0.505068
0.518585
0.529798
0.538311
0.543985
0.547357
0.549355
0.550678
0.551628
0.552289
0.552682
0.552812
0.552684
0.552303
0.551669
0.550781
0.549633
0.548221
0.546533
0.544557
0.542277
0.539672
0.536718
0.533384
0.529633
0.525421
0.520695
0.51539
0.50943
0.502719
0.495144
0.48656
0.476806
0.465633
0.452841
0.437919
0.420788
0.400036
0.376739
0.345746
0.314718
0.261714
0.227525
0.113904
0.120888
0.357564
0.313284
0.31648
0.325811
0.335101
0.346905
0.359446
0.373213
0.388526
0.404742
0.421201
0.437878
0.455066
0.472602
0.489673
0.505328
0.518946
0.530152
0.538589
0.544183
0.547508
0.549487
0.550801
0.551743
0.552397
0.552784
0.552909
0.552778
0.552394
0.551758
0.550868
0.549721
0.548308
0.546621
0.544647
0.542369
0.539767
0.536815
0.533484
0.529737
0.52553
0.520809
0.51551
0.509556
0.502852
0.495287
0.486713
0.47697
0.465811
0.453035
0.438131
0.421023
0.400295
0.377035
0.346068
0.315104
0.2621
0.228023
0.114231
0.121248
0.36131
0.31368
0.317171
0.32666
0.336085
0.348102
0.360787
0.374545
0.38965
0.405492
0.421521
0.437851
0.454887
0.472482
0.489737
0.505577
0.519294
0.53049
0.53885
0.544368
0.547652
0.549615
0.550922
0.551859
0.552508
0.552888
0.553009
0.552874
0.552488
0.55185
0.55096
0.549812
0.5484
0.546714
0.544741
0.542465
0.539865
0.536917
0.533589
0.529846
0.525643
0.520928
0.515635
0.509688
0.502992
0.495435
0.486872
0.477142
0.465997
0.453237
0.438352
0.421269
0.400566
0.377344
0.346405
0.315509
0.262505
0.228547
0.114577
0.121628
0.365151
0.313959
0.317834
0.327499
0.337068
0.349304
0.362129
0.375873
0.390767
0.406229
0.421819
0.437795
0.45468
0.47234
0.489785
0.505813
0.519626
0.530809
0.539094
0.54454
0.547788
0.549741
0.551044
0.551976
0.55262
0.552995
0.553112
0.552974
0.552585
0.551946
0.551055
0.549907
0.548495
0.54681
0.544839
0.542565
0.539968
0.537022
0.533698
0.52996
0.525762
0.521051
0.515765
0.509825
0.503137
0.49559
0.487038
0.47732
0.46619
0.453448
0.438583
0.421525
0.400848
0.377666
0.346756
0.31593
0.262928
0.229097
0.114942
0.122028
0.369093
0.314111
0.318467
0.32833
0.338052
0.35051
0.363472
0.377198
0.391874
0.40695
0.422094
0.437712
0.454444
0.472174
0.489816
0.506033
0.51994
0.531107
0.539318
0.544699
0.547917
0.549863
0.551165
0.552094
0.552733
0.553105
0.553217
0.553076
0.552685
0.552045
0.551153
0.550005
0.548594
0.54691
0.544941
0.542669
0.540074
0.537132
0.533812
0.530078
0.525884
0.52118
0.5159
0.509968
0.503289
0.495752
0.48721
0.477506
0.466391
0.453667
0.438823
0.421791
0.401141
0.378001
0.347121
0.31637
0.263369
0.229673
0.115329
0.122451
0.373142
0.314126
0.319071
0.32915
0.339037
0.351722
0.364818
0.37852
0.392972
0.407655
0.422347
0.437601
0.454183
0.471988
0.489828
0.506234
0.520232
0.531383
0.539524
0.544845
0.54804
0.549984
0.551286
0.552213
0.552849
0.553217
0.553326
0.553182
0.552789
0.552147
0.551255
0.550107
0.548697
0.547014
0.545046
0.542776
0.540185
0.537246
0.53393
0.5302
0.526012
0.521314
0.51604
0.510116
0.503446
0.495919
0.487389
0.477699
0.466599
0.453895
0.439072
0.422067
0.401446
0.37835
0.3475
0.316828
0.263829
0.230276
0.115736
0.122896
0.377304
0.313994
0.319645
0.329961
0.340022
0.352939
0.366163
0.379835
0.394057
0.408342
0.422577
0.437467
0.4539
0.471782
0.489824
0.506416
0.5205
0.531634
0.539711
0.544981
0.548158
0.550102
0.551407
0.552334
0.552967
0.553331
0.553437
0.55329
0.552895
0.552253
0.55136
0.550212
0.548803
0.547121
0.545155
0.542888
0.540299
0.537364
0.534052
0.530327
0.526144
0.521452
0.516186
0.510269
0.503609
0.496092
0.487575
0.477898
0.466815
0.454131
0.43933
0.422354
0.401762
0.378711
0.347895
0.317304
0.264308
0.230907
0.116166
0.123366
0.381585
0.313703
0.32019
0.330761
0.341008
0.35416
0.367508
0.381142
0.395126
0.409007
0.422785
0.437313
0.4536
0.471562
0.489803
0.506577
0.520744
0.531862
0.53988
0.545106
0.548272
0.55022
0.551529
0.552456
0.553086
0.553448
0.55355
0.553402
0.553005
0.552361
0.551468
0.550321
0.548912
0.547232
0.545268
0.543004
0.540418
0.537486
0.534178
0.530458
0.526281
0.521595
0.516336
0.510428
0.503777
0.496272
0.487767
0.478105
0.467039
0.454375
0.439597
0.422651
0.402089
0.379086
0.348303
0.317799
0.264805
0.231566
0.116619
0.123862
0.385994
0.313241
0.320706
0.331549
0.341995
0.355384
0.368847
0.382434
0.396172
0.409649
0.422973
0.437145
0.453291
0.471333
0.489768
0.506716
0.520962
0.532066
0.540033
0.545224
0.548382
0.550337
0.551651
0.552579
0.553208
0.553566
0.553666
0.553516
0.553118
0.552473
0.55158
0.550433
0.549025
0.547347
0.545385
0.543123
0.54054
0.537612
0.534309
0.530594
0.526422
0.521743
0.516492
0.510592
0.503951
0.496457
0.487965
0.478319
0.46727
0.454627
0.439873
0.422958
0.402428
0.379474
0.348726
0.318312
0.265322
0.232255
0.117095
0.124386
0.390536
0.312593
0.321194
0.332326
0.342981
0.356608
0.370177
0.383705
0.397191
0.410263
0.423143
0.436972
0.452983
0.471103
0.489724
0.506837
0.521156
0.532249
0.540172
0.545335
0.548491
0.550453
0.551773
0.552703
0.55333
0.553687
0.553785
0.553632
0.553233
0.552588
0.551694
0.550548
0.549142
0.547465
0.545505
0.543246
0.540666
0.537742
0.534443
0.530733
0.526568
0.521896
0.516652
0.510762
0.50413
0.496648
0.48817
0.478539
0.467509
0.454888
0.440158
0.423275
0.402778
0.379875
0.349164
0.318843
0.265857
0.232972
0.117594
0.124938
0.395219
0.311745
0.321654
0.333089
0.343964
0.357827
0.371489
0.384946
0.398172
0.410848
0.423299
0.436801
0.452687
0.47088
0.489674
0.50694
0.521327
0.532413
0.5403
0.545442
0.548599
0.55057
0.551896
0.552828
0.553455
0.553809
0.553905
0.553751
0.553351
0.552705
0.551812
0.550666
0.549261
0.547586
0.545628
0.543372
0.540796
0.537876
0.534582
0.530877
0.526718
0.522053
0.516817
0.510936
0.504315
0.496845
0.488381
0.478767
0.467755
0.455157
0.440453
0.423603
0.403139
0.38029
0.349616
0.319393
0.266411
0.233718
0.118117
0.125521
0.400051
0.310681
0.322088
0.333836
0.344942
0.359034
0.372774
0.386146
0.399108
0.411398
0.423445
0.436644
0.452413
0.470673
0.489624
0.507029
0.521479
0.53256
0.540419
0.545546
0.548706
0.550688
0.55202
0.552953
0.55358
0.553932
0.554027
0.553872
0.553471
0.552825
0.551932
0.550787
0.549383
0.54771
0.545755
0.543501
0.540929
0.538013
0.534724
0.531025
0.526872
0.522214
0.516987
0.511115
0.504505
0.497048
0.488598
0.479
0.468008
0.455433
0.440756
0.42394
0.403511
0.380717
0.350082
0.31996
0.266983
0.234494
0.118662
0.126136
0.40504
0.309384
0.322494
0.334564
0.345909
0.36022
0.374018
0.387289
0.399987
0.41191
0.423586
0.436509
0.452174
0.470492
0.489582
0.507109
0.521615
0.532694
0.540531
0.545648
0.548814
0.550805
0.552144
0.553079
0.553705
0.554057
0.55415
0.553994
0.553592
0.552947
0.552054
0.55091
0.549508
0.547837
0.545884
0.543634
0.541065
0.538154
0.534869
0.531176
0.52703
0.522379
0.51716
0.511299
0.5047
0.497255
0.48882
0.479241
0.468268
0.455717
0.441067
0.424287
0.403894
0.381156
0.350562
0.320545
0.267572
0.235298
0.11923
0.126784
0.410194
0.307839
0.322873
0.335271
0.346858
0.361373
0.375206
0.388363
0.4008
0.412382
0.423724
0.436406
0.451979
0.470346
0.489554
0.507184
0.521739
0.532818
0.540639
0.545749
0.548922
0.550922
0.552267
0.553205
0.553831
0.554182
0.554274
0.554117
0.553715
0.55307
0.552178
0.551035
0.549634
0.547966
0.546016
0.543769
0.541204
0.538297
0.535018
0.53133
0.527191
0.522548
0.517338
0.511486
0.504899
0.497468
0.489048
0.479486
0.468535
0.456009
0.441387
0.424643
0.404287
0.381607
0.351053
0.321146
0.268176
0.23613
0.11982
0.127468
0.41552
0.306026
0.323225
0.335949
0.34778
0.362477
0.37632
0.38935
0.401536
0.41281
0.423864
0.436342
0.451835
0.470243
0.489546
0.507261
0.521855
0.532934
0.540743
0.545849
0.549029
0.551039
0.552389
0.553329
0.553956
0.554306
0.554398
0.554241
0.553839
0.553194
0.552303
0.551161
0.549762
0.548096
0.546149
0.543905
0.541345
0.538442
0.535168
0.531487
0.527355
0.52272
0.517519
0.511678
0.505102
0.497685
0.489281
0.479738
0.468807
0.456307
0.441713
0.425006
0.404688
0.382069
0.351556
0.321762
0.268794
0.236989
0.120431
0.12819
0.421028
0.303927
0.323548
0.336591
0.348661
0.363514
0.377342
0.390236
0.402187
0.413193
0.424008
0.436322
0.451753
0.470189
0.489564
0.507343
0.521968
0.533047
0.540845
0.545948
0.549135
0.551154
0.552509
0.553452
0.554079
0.55443
0.554521
0.554364
0.553962
0.553317
0.552427
0.551288
0.549891
0.548227
0.546283
0.544043
0.541486
0.538589
0.535321
0.531646
0.52752
0.522894
0.517702
0.511872
0.505309
0.497905
0.489518
0.479993
0.469084
0.45661
0.442045
0.425377
0.405097
0.382539
0.352068
0.32239
0.269425
0.237874
0.121063
0.128953
0.426728
0.301523
0.323841
0.337187
0.349487
0.364467
0.378255
0.39101
0.402748
0.41353
0.424157
0.436347
0.451733
0.470188
0.489613
0.507436
0.52208
0.533155
0.540944
0.546046
0.549239
0.551265
0.552626
0.553571
0.554199
0.55455
0.554642
0.554485
0.554084
0.55344
0.552551
0.551413
0.550019
0.548357
0.546417
0.54418
0.541628
0.538736
0.535473
0.531805
0.527687
0.523069
0.517887
0.512067
0.505517
0.498128
0.489757
0.480251
0.469365
0.456917
0.442382
0.425753
0.405512
0.383017
0.352588
0.323031
0.270067
0.238783
0.121718
0.129761
0.432633
0.298797
0.324102
0.337726
0.350242
0.365315
0.379045
0.391664
0.403217
0.41382
0.42431
0.436418
0.451775
0.470241
0.489694
0.507541
0.522193
0.533262
0.54104
0.54614
0.549339
0.551373
0.552738
0.553686
0.554316
0.554667
0.554759
0.554603
0.554202
0.55356
0.552673
0.551537
0.550144
0.548486
0.546549
0.544317
0.541769
0.538882
0.535625
0.531963
0.527853
0.523244
0.518072
0.512263
0.505725
0.498351
0.489997
0.480511
0.469647
0.457226
0.442722
0.426132
0.40593
0.3835
0.353114
0.323681
0.270718
0.239715
0.122397
0.13062
0.438756
0.295734
0.324328
0.338195
0.35091
0.366045
0.379703
0.392196
0.403596
0.414067
0.424467
0.436531
0.451876
0.470347
0.48981
0.507662
0.52231
0.533366
0.541132
0.546228
0.549432
0.551473
0.552844
0.553795
0.554426
0.554778
0.554871
0.554716
0.554316
0.553675
0.55279
0.551656
0.550267
0.548611
0.546678
0.54445
0.541907
0.539025
0.535774
0.53212
0.528017
0.523416
0.518255
0.512457
0.505933
0.498573
0.490236
0.48077
0.469929
0.457536
0.443062
0.426512
0.406351
0.383986
0.353644
0.324339
0.271378
0.24067
0.123101
0.131535
0.445109
0.292328
0.324517
0.338582
0.351476
0.366647
0.380227
0.392611
0.403891
0.414271
0.424626
0.43668
0.452031
0.470504
0.489959
0.507799
0.52243
0.533467
0.541218
0.546309
0.549518
0.551566
0.552942
0.553896
0.554529
0.554882
0.554976
0.554822
0.554424
0.553784
0.552901
0.55177
0.550383
0.548731
0.546801
0.544578
0.54204
0.539163
0.535919
0.532271
0.528177
0.523585
0.518433
0.512648
0.506136
0.498792
0.490472
0.481026
0.470208
0.457843
0.443401
0.426892
0.406772
0.384475
0.354176
0.325004
0.272045
0.241644
0.123832
0.132512
0.451708
0.288586
0.324668
0.338877
0.351932
0.367118
0.380623
0.392919
0.404111
0.414438
0.424785
0.43686
0.452232
0.470705
0.49014
0.507951
0.522553
0.533564
0.541296
0.546381
0.549594
0.551648
0.55303
0.553987
0.554622
0.554977
0.555072
0.554919
0.554523
0.553885
0.553004
0.551875
0.550492
0.548843
0.546918
0.544698
0.542165
0.539295
0.536057
0.532416
0.52833
0.523747
0.518606
0.512832
0.506334
0.499005
0.490703
0.481278
0.470483
0.458147
0.443736
0.42727
0.407191
0.384962
0.35471
0.325672
0.272719
0.242637
0.124593
0.13356
0.458564
0.28454
0.32478
0.339076
0.352277
0.367464
0.380905
0.393134
0.404267
0.414572
0.424939
0.437061
0.452471
0.470945
0.490349
0.508116
0.522678
0.533656
0.541365
0.546442
0.549658
0.551719
0.553107
0.554067
0.554704
0.55506
0.555157
0.555005
0.554611
0.553975
0.553097
0.551971
0.55059
0.548946
0.547024
0.544809
0.542282
0.539417
0.536185
0.532552
0.528474
0.523901
0.51877
0.513008
0.506524
0.49921
0.490926
0.481522
0.470752
0.458444
0.444066
0.427642
0.407607
0.385448
0.355243
0.326343
0.273398
0.243647
0.125385
0.134687
0.465687
0.280255
0.324858
0.339181
0.352516
0.367701
0.38109
0.393274
0.404373
0.414678
0.425087
0.437276
0.452737
0.471214
0.49058
0.508292
0.522803
0.533741
0.541425
0.546492
0.54971
0.551778
0.553171
0.554134
0.554773
0.555131
0.555229
0.555079
0.554686
0.554053
0.553177
0.552054
0.550676
0.549036
0.547118
0.544908
0.542386
0.539527
0.536302
0.532676
0.528607
0.524043
0.518923
0.513173
0.506703
0.499406
0.49114
0.481757
0.471011
0.458734
0.444389
0.428009
0.408017
0.38593
0.355774
0.327015
0.274083
0.24467
0.126207
0.135905
0.473075
0.275843
0.324909
0.339202
0.352663
0.367847
0.3812
0.393358
0.404442
0.414762
0.425226
0.437495
0.453019
0.471504
0.490827
0.508477
0.522929
0.533821
0.541476
0.546532
0.54975
0.551824
0.553221
0.554187
0.554828
0.555187
0.555287
0.555138
0.554747
0.554116
0.553243
0.552123
0.550749
0.549112
0.547199
0.544993
0.542477
0.539624
0.536406
0.532788
0.528727
0.524173
0.519064
0.513326
0.50687
0.499589
0.491342
0.481982
0.471261
0.459014
0.444703
0.428368
0.408421
0.386406
0.356303
0.327686
0.274772
0.245704
0.12706
0.137225
0.480735
0.271465
0.324937
0.339157
0.352738
0.367926
0.381259
0.393406
0.404487
0.414829
0.425353
0.43771
0.453305
0.471803
0.491085
0.508668
0.523057
0.533899
0.541522
0.546563
0.54978
0.551858
0.553259
0.554227
0.554869
0.55523
0.55533
0.555183
0.554794
0.554165
0.553294
0.552177
0.550806
0.549173
0.547264
0.545064
0.542553
0.539706
0.536495
0.532885
0.528833
0.524289
0.519191
0.513466
0.507025
0.499761
0.491533
0.482195
0.4715
0.459284
0.445008
0.428718
0.408818
0.386876
0.356827
0.328354
0.275464
0.246747
0.127941
0.138657
0.488755
0.267325
0.324946
0.339063
0.352759
0.36796
0.381285
0.393432
0.404519
0.414885
0.425469
0.437913
0.453585
0.472103
0.49135
0.508868
0.523192
0.533981
0.541568
0.546591
0.549804
0.551882
0.553285
0.554255
0.554898
0.555259
0.55536
0.555214
0.554827
0.5542
0.553331
0.552217
0.55085
0.54922
0.547316
0.54512
0.542615
0.539774
0.53657
0.532968
0.528925
0.524391
0.519304
0.513593
0.507166
0.499919
0.491711
0.482396
0.471728
0.459543
0.445304
0.429059
0.409208
0.38734
0.357349
0.329018
0.276159
0.247798
0.12885
0.140224
0.4973
0.263593
0.324936
0.338942
0.352747
0.367968
0.381296
0.393451
0.404548
0.414938
0.425574
0.438103
0.453852
0.4724
0.491625
0.509085
0.523343
0.534077
0.541623
0.546622
0.549824
0.5519
0.553303
0.554273
0.554916
0.555277
0.555379
0.555234
0.554848
0.554223
0.553356
0.552245
0.550881
0.549255
0.547355
0.545164
0.542664
0.53983
0.536633
0.533039
0.529005
0.524481
0.519406
0.513708
0.507297
0.500067
0.491879
0.482588
0.471947
0.459794
0.445592
0.429394
0.409594
0.387801
0.357871
0.329688
0.276869
0.248875
0.129798
0.141992
0.505922
0.260343
0.324927
0.338813
0.352718
0.367969
0.381307
0.393472
0.404581
0.414991
0.425674
0.43828
0.454106
0.472703
0.491921
0.50933
0.523523
0.534196
0.541694
0.546662
0.549848
0.551917
0.553317
0.554285
0.554926
0.555287
0.555389
0.555245
0.55486
0.554237
0.553373
0.552264
0.550903
0.549281
0.547386
0.5452
0.542706
0.539878
0.536688
0.533102
0.529077
0.524564
0.519501
0.513817
0.507421
0.50021
0.492043
0.482776
0.472164
0.460046
0.445884
0.429738
0.409991
0.388282
0.358418
0.330399
0.277614
0.250041
0.130783
0.144082
0.511652
0.257802
0.325005
0.338714
0.352701
0.367984
0.38133
0.393506
0.404623
0.415049
0.425768
0.438447
0.454388
0.47303
0.492237
0.509596
0.523723
0.534332
0.541778
0.54671
0.549874
0.551932
0.553327
0.554292
0.554932
0.555292
0.555395
0.555251
0.554867
0.554245
0.553383
0.552276
0.550919
0.549301
0.54741
0.545231
0.542743
0.539923
0.536743
0.533167
0.529155
0.524655
0.519608
0.513941
0.507565
0.500376
0.492234
0.482996
0.472417
0.460339
0.44622
0.430131
0.410438
0.388825
0.359012
0.331196
0.278379
0.251358
0.131675
0.146427
)
;

boundaryField
{
    inlet
    {
        type            zeroGradient;
    }
    outlet
    {
        type            fixedValue;
        value           uniform 0;
    }
    fixedWalls
    {
        type            zeroGradient;
    }
    frontAndBack
    {
        type            empty;
    }
}


// ************************************************************************* //
