/*--------------------------------*- C++ -*----------------------------------*\
| =========                 |                                                 |
| \\      /  F ield         | OpenFOAM: The Open Source CFD Toolbox           |
|  \\    /   O peration     | Version:  2.4.0                                 |
|   \\  /    A nd           | Web:      www.OpenFOAM.org                      |
|    \\/     M anipulation  |                                                 |
\*---------------------------------------------------------------------------*/
FoamFile
{
    version     2.0;
    format      ascii;
    class       volScalarField;
    location    "7.05";
    object      nut;
}
// * * * * * * * * * * * * * * * * * * * * * * * * * * * * * * * * * * * * * //

dimensions      [0 2 -1 0 0 0 0];

internalField   nonuniform List<scalar> 
6000
(
1.24054e-05
1.01564e-05
5.68947e-06
3.08036e-06
1.71851e-06
2.89874e-06
2.66038e-06
3.51284e-06
3.82784e-06
4.49087e-06
4.98887e-06
5.62385e-06
6.21863e-06
6.87875e-06
7.53288e-06
8.20968e-06
8.88028e-06
9.55103e-06
1.02109e-05
1.08605e-05
1.14981e-05
1.21457e-05
1.27955e-05
1.34224e-05
1.40244e-05
1.45992e-05
1.51445e-05
1.56582e-05
1.61384e-05
1.65831e-05
1.6992e-05
1.7362e-05
1.76899e-05
1.79742e-05
1.82131e-05
1.84048e-05
1.85476e-05
1.86403e-05
1.86813e-05
1.86702e-05
1.8605e-05
1.84874e-05
1.83134e-05
1.80886e-05
1.78071e-05
1.74716e-05
1.7315e-05
1.72011e-05
1.7008e-05
1.68368e-05
1.65447e-05
1.63394e-05
1.59321e-05
1.57375e-05
1.51842e-05
1.50787e-05
1.43246e-05
1.44503e-05
1.34354e-05
1.42803e-05
2.33582e-05
3.47754e-05
1.72156e-05
7.9116e-06
4.12787e-06
6.65487e-06
1.21411e-05
1.43771e-05
1.86837e-05
2.28233e-05
2.70882e-05
3.20651e-05
3.69094e-05
4.25444e-05
4.82592e-05
5.44984e-05
6.08384e-05
6.7419e-05
7.40451e-05
8.07355e-05
8.73348e-05
9.36416e-05
9.96703e-05
0.000105611
0.00011147
0.00011724
0.000122905
0.000128458
0.000133889
0.000139183
0.000144286
0.000148989
0.000153492
0.000157784
0.000161848
0.00016567
0.000169229
0.00017251
0.000175491
0.000178159
0.000180484
0.000182465
0.000184055
0.000185265
0.000186019
0.000186199
0.000182471
0.000177241
0.000171495
0.000164986
0.000158029
0.000150402
0.000142315
0.000133808
0.000124669
0.000115643
0.000104961
9.63204e-05
8.43222e-05
7.92228e-05
2.89001e-05
5.03112e-05
2.44388e-05
9.91195e-06
9.50135e-06
1.56797e-05
2.64128e-05
3.28238e-05
4.16293e-05
5.12209e-05
6.04628e-05
7.14386e-05
8.20952e-05
9.43821e-05
0.000106911
0.000120474
0.000134286
0.000148556
0.000162917
0.000177363
0.000191611
0.000205418
0.00021881
0.000232007
0.000245001
0.000257763
0.000270257
0.000282452
0.000294317
0.000305799
0.000316775
0.000326998
0.000336735
0.000345959
0.000354633
0.000362717
0.000370169
0.000376953
0.000383017
0.000388336
0.000392841
0.000396528
0.0003993
0.000401158
0.000401907
0.000401152
0.00039463
0.000385666
0.000375348
0.000363713
0.000350679
0.000336711
0.000320979
0.000305207
0.000286719
0.000270038
0.000248132
0.000232214
0.000206251
0.000201264
3.21952e-05
5.72155e-05
2.78244e-05
1.071e-05
1.5678e-05
2.60841e-05
4.0722e-05
5.19785e-05
6.5172e-05
8.01465e-05
9.44907e-05
0.000111228
0.000127718
0.000146376
0.000165551
0.000186113
0.000207111
0.00022872
0.000250476
0.000272318
0.000293902
0.000314995
0.000335605
0.000355902
0.000375856
0.000395416
0.000414517
0.000433108
0.000451132
0.000468508
0.000485066
0.00050059
0.000515328
0.000529241
0.000542269
0.000554355
0.000565432
0.000575445
0.000584319
0.000592012
0.000598429
0.000603552
0.000607246
0.000609478
0.000609902
0.000608036
0.000599859
0.000588667
0.00057534
0.000560274
0.000542918
0.000524448
0.000503027
0.000481895
0.00045625
0.000433776
0.000403257
0.000381731
0.000346836
0.000342317
3.39567e-05
5.94461e-05
3.42343e-05
1.13967e-05
2.09613e-05
3.55155e-05
5.34812e-05
6.94465e-05
8.69507e-05
0.000106891
0.000126203
0.000148265
0.000170309
0.00019486
0.000220243
0.000247271
0.000274931
0.000303318
0.00033191
0.000360588
0.000388976
0.00041685
0.000444186
0.00047109
0.000497507
0.00052336
0.000548561
0.000573037
0.000596712
0.000619485
0.000641145
0.00066153
0.000680846
0.000699041
0.000716039
0.000731763
0.000746132
0.000759071
0.000770489
0.000780328
0.000788473
0.000794889
0.000799413
0.000801959
0.00080204
0.0007993
0.000790187
0.000777654
0.000762355
0.000744929
0.000724531
0.000702756
0.00067721
0.000651944
0.000621082
0.000593896
0.000557236
0.000530808
0.000490259
0.000485404
3.49043e-05
5.90453e-05
4.15988e-05
1.17895e-05
2.39288e-05
4.3151e-05
6.41863e-05
8.46453e-05
0.000106352
0.000130872
0.000154934
0.000181923
0.000209187
0.000239183
0.000270314
0.00030329
0.00033708
0.00037169
0.000406559
0.000441511
0.000476154
0.000510264
0.000543778
0.000576741
0.000609072
0.000640667
0.000671419
0.000701233
0.00073002
0.000757669
0.000783923
0.000808689
0.000832125
0.000854165
0.00087472
0.000893702
0.000911014
0.00092657
0.000940265
0.000952027
0.000961728
0.000969315
0.000974604
0.000977444
0.000977268
0.000973934
0.000964354
0.000951047
0.000934494
0.000915443
0.000892939
0.000868716
0.000840233
0.000811734
0.000777165
0.000746065
0.000705196
0.00067435
0.000630364
0.000624151
3.5415e-05
5.72035e-05
4.7123e-05
1.43933e-05
2.33426e-05
4.86489e-05
7.26519e-05
9.74626e-05
0.000123242
0.000152025
0.0001806
0.000212176
0.000244334
0.000279371
0.000315823
0.000354271
0.000393697
0.000434014
0.000474637
0.000515338
0.000555713
0.000595532
0.00063469
0.000673179
0.000710889
0.000747694
0.000783465
0.000818093
0.000851474
0.000883504
0.00091386
0.00094254
0.000969647
0.000995107
0.00101882
0.00104069
0.0010606
0.00107847
0.00109419
0.00110765
0.00111874
0.00112738
0.00113337
0.00113648
0.00113618
0.00113249
0.00112275
0.00110905
0.00109175
0.00107161
0.00104769
0.00102167
0.00099116
0.000960145
0.00092303
0.000888693
0.000845085
0.000810287
0.000764467
0.000755984
3.56743e-05
5.46513e-05
5.08096e-05
2.14579e-05
2.04661e-05
5.17387e-05
7.87881e-05
0.000107899
0.00013762
0.000170421
0.000203276
0.000239149
0.000275897
0.00031562
0.000357
0.000400493
0.000445103
0.00049066
0.00053656
0.000582527
0.000628152
0.000673188
0.000717494
0.000761013
0.000803606
0.000845127
0.000885427
0.000924383
0.000961881
0.000997822
0.00103184
0.001064
0.00109436
0.00112284
0.00114934
0.00117374
0.00119595
0.00121585
0.00123333
0.00124829
0.0012606
0.00127017
0.00127678
0.00128014
0.00127986
0.00127598
0.00126629
0.00125245
0.00123477
0.00121393
0.00118913
0.00116183
0.00112998
0.00109705
0.00105828
0.00102131
0.00097607
0.000937805
0.000891305
0.000879885
3.57842e-05
5.18377e-05
5.29263e-05
2.99131e-05
1.85342e-05
5.21178e-05
8.25362e-05
0.000115971
0.000149521
0.000186147
0.000223069
0.000262989
0.000304051
0.000348146
0.000394102
0.000442256
0.000491645
0.000542019
0.000592763
0.00064356
0.000693994
0.0007438
0.000792802
0.000840897
0.000887924
0.000933712
0.000978097
0.00102094
0.00106213
0.00110155
0.00113883
0.00117407
0.00120731
0.00123845
0.00126739
0.00129402
0.00131822
0.00133989
0.00135891
0.00137517
0.00138854
0.00139892
0.00140608
0.00140968
0.00140951
0.00140558
0.00139606
0.00138227
0.00136446
0.00134323
0.00131793
0.00128975
0.0012571
0.00122274
0.00118301
0.00114395
0.00109793
0.00105669
0.00101034
0.000995554
3.58064e-05
4.9033e-05
5.37467e-05
3.79927e-05
1.92388e-05
4.94977e-05
8.38589e-05
0.000121684
0.000158973
0.000199284
0.000240081
0.000283833
0.00032896
0.000377148
0.000427366
0.000479838
0.000533639
0.000588452
0.000643652
0.000698886
0.000753731
0.000807903
0.000861193
0.000913457
0.000964511
0.00101416
0.00106224
0.00110858
0.00115307
0.00119559
0.00123578
0.00127375
0.00130953
0.00134301
0.00137409
0.00140265
0.00142858
0.00145178
0.00147212
0.00148951
0.00150379
0.00151486
0.00152248
0.00152632
0.00152634
0.00152244
0.00151317
0.00149953
0.00148178
0.00146037
0.00143487
0.00140615
0.0013731
0.00133775
0.00129758
0.00125692
0.00121075
0.00116704
0.00112142
0.00110305
3.57786e-05
4.63918e-05
5.35444e-05
4.46928e-05
2.31768e-05
4.40889e-05
8.27632e-05
0.000125034
0.000165999
0.00020989
0.000254395
0.000301793
0.000350764
0.000402797
0.000456994
0.00051348
0.000571368
0.000630279
0.000689586
0.000748905
0.000807803
0.000865978
0.000923189
0.00097926
0.00103398
0.00108714
0.00113855
0.00118804
0.00123549
0.00128078
0.00132356
0.00136395
0.00140197
0.0014375
0.00147044
0.00150069
0.00152812
0.00155263
0.0015741
0.00159244
0.0016075
0.00161914
0.00162714
0.00163124
0.00163147
0.00162765
0.00161867
0.00160525
0.00158768
0.00156626
0.00154078
0.00151177
0.00147864
0.00144265
0.00140245
0.00136064
0.00131481
0.0012691
0.00122463
0.0012026
3.57236e-05
4.39935e-05
5.25784e-05
4.98109e-05
2.97958e-05
3.76702e-05
7.9357e-05
0.000126022
0.00017061
0.00021801
0.000266077
0.000316961
0.000369576
0.000425236
0.000483161
0.000543389
0.000605071
0.000667778
0.000730881
0.000793968
0.000856599
0.000918452
0.000979259
0.00103881
0.00109688
0.00115323
0.00120767
0.00126
0.00131011
0.00135787
0.00140296
0.0014455
0.00148549
0.00152282
0.00155739
0.00158909
0.00161781
0.00164345
0.00166588
0.00168501
0.00170071
0.00171284
0.00172115
0.0017255
0.00172592
0.00172221
0.00171353
0.00170037
0.00168306
0.00166175
0.00163644
0.00160736
0.00157439
0.00153806
0.00149815
0.00145557
0.00141046
0.00136321
0.00132017
0.00129453
3.5655e-05
4.18696e-05
5.10795e-05
5.33646e-05
3.69697e-05
3.25883e-05
7.3934e-05
0.000124673
0.000172821
0.000223675
0.000275177
0.000329408
0.00038549
0.000444582
0.000506011
0.000569738
0.000634954
0.000701186
0.000767807
0.00083438
0.000900458
0.0009657
0.00102981
0.00109256
0.00115369
0.00121296
0.00127014
0.00132506
0.00137756
0.00142754
0.00147469
0.00151914
0.00156087
0.00159978
0.00163577
0.00166873
0.00169856
0.00172514
0.00174838
0.00176818
0.00178439
0.00179689
0.00180547
0.00181005
0.00181065
0.00180706
0.00179866
0.00178578
0.00176876
0.00174765
0.00172262
0.00169363
0.001661
0.00162458
0.00158521
0.0015422
0.00149808
0.00144971
0.00140831
0.00137921
3.55811e-05
4.00228e-05
4.92428e-05
5.54926e-05
4.35871e-05
3.05404e-05
6.70668e-05
0.000121074
0.000172665
0.000226916
0.000281738
0.000339194
0.00039858
0.00046093
0.000525662
0.000592674
0.000661192
0.000730709
0.000800599
0.000870406
0.000939677
0.00100805
0.00107522
0.00114091
0.00120485
0.00126679
0.00132648
0.00138374
0.00143841
0.00149037
0.00153937
0.00158552
0.00162879
0.0016691
0.00170632
0.00174037
0.00177114
0.00179853
0.00182243
0.00184276
0.00185939
0.00187217
0.00188097
0.00188574
0.00188648
0.001883
0.00187486
0.00186226
0.00184556
0.0018247
0.00180002
0.00177124
0.00173908
0.00170278
0.00166413
0.00162101
0.00157809
0.001529
0.00148935
0.00145699
3.55071e-05
3.84385e-05
4.72259e-05
5.63897e-05
4.92807e-05
3.36421e-05
5.98614e-05
0.000115429
0.000170208
0.00022777
0.0002858
0.000346368
0.000408912
0.000474362
0.000542218
0.000612321
0.000683935
0.000756523
0.000829461
0.000902279
0.000974515
0.00104579
0.00111578
0.00118419
0.00125073
0.00131513
0.00137712
0.00143651
0.00149315
0.00154691
0.00159757
0.00164524
0.00168988
0.0017314
0.00176971
0.00180469
0.00183626
0.00186432
0.00188877
0.00190952
0.00192646
0.00193945
0.00194843
0.00195333
0.00195418
0.00195079
0.00194287
0.00193052
0.00191413
0.00189356
0.00186929
0.00184082
0.00180923
0.00177322
0.00173542
0.00169244
0.00165089
0.00160142
0.0015636
0.00152824
3.54358e-05
3.70934e-05
4.51509e-05
5.62708e-05
5.38792e-05
3.96046e-05
5.37248e-05
0.000108119
0.000165582
0.000226298
0.000287412
0.000350981
0.000416543
0.000484949
0.000555766
0.000628788
0.000703313
0.00077878
0.000854571
0.000930201
0.0010052
0.00107918
0.0011518
0.00122273
0.00129167
0.00135834
0.00142245
0.00148379
0.00154223
0.00159761
0.00164977
0.0016988
0.00174466
0.00178726
0.0018265
0.0018623
0.00189454
0.00192315
0.00194804
0.00196912
0.00198627
0.00199941
0.00200851
0.00201349
0.0020144
0.00201108
0.00200334
0.00199122
0.00197513
0.00195485
0.00193101
0.00190291
0.00187196
0.00183638
0.00179955
0.00175694
0.00171686
0.00166734
0.0016314
0.00159332
3.53691e-05
3.59604e-05
4.31079e-05
5.53503e-05
5.7308e-05
4.64918e-05
4.98408e-05
9.97612e-05
0.000159015
0.000222605
0.00028664
0.000353093
0.000421535
0.000492759
0.000566386
0.000642171
0.000719442
0.000797618
0.000876086
0.00095435
0.00103194
0.00110844
0.0011835
0.00125678
0.00132796
0.00139673
0.0014628
0.00152595
0.00158602
0.00164288
0.00169641
0.00174666
0.00179361
0.00183716
0.00187723
0.00191371
0.00194653
0.00197559
0.00200081
0.00202213
0.00203942
0.00205266
0.00206181
0.00206682
0.00206775
0.00206446
0.00205685
0.00204492
0.0020291
0.00200913
0.00198572
0.00195805
0.00192777
0.00189274
0.00185694
0.00181489
0.00177638
0.0017271
0.00169304
0.00165255
3.53077e-05
3.50121e-05
4.11602e-05
5.38298e-05
5.95692e-05
5.31602e-05
5.02906e-05
9.12858e-05
0.000150863
0.000216853
0.000283586
0.000352779
0.000423955
0.000497861
0.000574156
0.000652559
0.000732426
0.000813157
0.000894146
0.000974886
0.0010549
0.00113377
0.00121112
0.0012866
0.00135987
0.00143059
0.00149848
0.0015633
0.00162488
0.00168309
0.00173786
0.00178922
0.00183715
0.00188155
0.00192233
0.0019594
0.00199269
0.00202212
0.0020476
0.00206906
0.00208645
0.00209971
0.00210886
0.00211385
0.00211475
0.00211145
0.00210393
0.00209215
0.00207657
0.00205688
0.0020339
0.00200669
0.00197711
0.00194271
0.001908
0.00186667
0.00182978
0.00178099
0.00174883
0.00170625
3.5252e-05
3.42225e-05
3.93486e-05
5.18908e-05
6.07247e-05
5.90213e-05
5.41769e-05
8.37858e-05
0.00014164
0.000209293
0.000278393
0.000350141
0.000423888
0.000500335
0.000579157
0.00066004
0.000742365
0.000825511
0.000908878
0.000991953
0.00107425
0.00115535
0.00123485
0.00131239
0.00138761
0.00146018
0.00152976
0.00159612
0.0016591
0.00171856
0.00177446
0.00182683
0.00187564
0.00192079
0.0019622
0.00199978
0.00203346
0.00206317
0.00208883
0.00211039
0.0021278
0.00214104
0.00215014
0.00215505
0.00215587
0.00215252
0.00214503
0.00213336
0.00211799
0.00209857
0.002076
0.00204926
0.00202038
0.00198668
0.00195309
0.00191263
0.0018774
0.00182933
0.00179905
0.00175471
3.52019e-05
3.35678e-05
3.76968e-05
4.96905e-05
6.08813e-05
6.37753e-05
5.98039e-05
7.86134e-05
0.000132022
0.000200279
0.00027127
0.000345322
0.000421444
0.000500274
0.000581477
0.000664706
0.000749356
0.000834788
0.000920404
0.00100569
0.00109014
0.00117334
0.00125487
0.00133435
0.00141141
0.00148571
0.00155688
0.00162468
0.00168895
0.00174956
0.00180651
0.0018598
0.00190941
0.00195523
0.00199719
0.00203521
0.00206921
0.00209913
0.00212491
0.0021465
0.00216388
0.00217705
0.00218603
0.00219082
0.00219153
0.00218808
0.00218058
0.00216898
0.00215376
0.00213459
0.0021124
0.00208614
0.00205798
0.00202503
0.00199257
0.00195309
0.00191953
0.00187239
0.00184396
0.00179821
3.51572e-05
3.30269e-05
3.62149e-05
4.73603e-05
6.01759e-05
6.72877e-05
6.58523e-05
7.73189e-05
0.000122825
0.00019028
0.000262499
0.000338513
0.000416766
0.000497796
0.000581222
0.000666657
0.000753503
0.000841096
0.00092884
0.00101621
0.00110271
0.00118789
0.00127133
0.00135265
0.00143146
0.00150738
0.00158005
0.0016492
0.00171467
0.00177635
0.00183427
0.00188841
0.00193874
0.00198517
0.00202761
0.002066
0.00210026
0.00213033
0.00215617
0.00217774
0.00219505
0.00220809
0.00221692
0.00222154
0.00222208
0.0022185
0.00221094
0.00219936
0.00218426
0.0021653
0.00214348
0.00211769
0.00209023
0.00205806
0.00202674
0.00198833
0.00195646
0.00191042
0.00188383
0.00183698
3.51175e-05
3.25816e-05
3.49035e-05
4.50054e-05
5.87621e-05
6.95296e-05
7.15545e-05
7.95248e-05
0.000114903
0.000179872
0.000252446
0.000329962
0.000410038
0.000493047
0.000578517
0.000666007
0.000754915
0.000844546
0.000934302
0.00102365
0.00111208
0.00119914
0.0012844
0.00136745
0.00144791
0.00152537
0.00159945
0.00166988
0.00173646
0.00179915
0.00185797
0.0019129
0.00196389
0.00201086
0.00205373
0.00209243
0.00212689
0.00215707
0.00218292
0.00220443
0.00222162
0.00223449
0.00224313
0.00224753
0.00224787
0.00224411
0.00223645
0.00222485
0.00220982
0.00219105
0.00216956
0.00214423
0.00211744
0.00208608
0.0020559
0.00201864
0.00198845
0.00194367
0.0019189
0.00187128
3.50825e-05
3.2216e-05
3.37566e-05
4.2707e-05
5.67993e-05
7.05457e-05
7.64479e-05
8.37702e-05
0.000110099
0.000169706
0.00024156
0.000319985
0.000401493
0.000486212
0.000573515
0.000662889
0.000753717
0.000845259
0.00093691
0.00102812
0.00111838
0.00120722
0.00129421
0.00137891
0.00146093
0.00153985
0.00161528
0.0016869
0.00175453
0.00181817
0.00187783
0.00193349
0.00198508
0.00203255
0.00207579
0.00211475
0.00214937
0.0021796
0.00220542
0.00222684
0.00224386
0.00225653
0.00226492
0.00226908
0.00226917
0.0022652
0.0022574
0.00224573
0.00223074
0.00221211
0.00219092
0.00216604
0.00213991
0.00210936
0.00208031
0.00204425
0.00201574
0.00197236
0.00194938
0.00190131
3.50517e-05
3.19169e-05
3.27636e-05
4.0524e-05
5.44424e-05
7.04343e-05
8.02553e-05
8.88398e-05
0.000108866
0.000160741
0.000230362
0.000308959
0.000391417
0.000477513
0.000566398
0.000657461
0.000750048
0.000843365
0.000936789
0.00102976
0.00112175
0.00121228
0.00130089
0.00138716
0.00147067
0.00155098
0.00162767
0.00170042
0.00176904
0.00183358
0.00189403
0.00195036
0.00200252
0.00205042
0.00209399
0.00213317
0.00216791
0.00219816
0.00222391
0.00224519
0.00226202
0.00227445
0.00228257
0.00228644
0.00228626
0.00228204
0.00227405
0.00226228
0.00224728
0.00222877
0.00220784
0.00218338
0.00215789
0.00212816
0.00210022
0.00206541
0.00203856
0.00199669
0.00197548
0.00192728
3.50247e-05
3.16728e-05
3.19116e-05
3.84962e-05
5.18352e-05
6.93313e-05
8.28268e-05
9.38642e-05
0.00011045
0.000154288
0.000219409
0.000297315
0.000380145
0.000467219
0.000557386
0.000649905
0.000744069
0.00083901
0.000934077
0.00102869
0.0011223
0.00121442
0.00130458
0.00139234
0.00147726
0.00155889
0.00163678
0.00171059
0.00178015
0.00184553
0.00190673
0.00196369
0.00201637
0.00206467
0.00210853
0.00214789
0.0021827
0.00221294
0.0022386
0.00225971
0.00227631
0.00228847
0.00229628
0.00229984
0.00229935
0.00229485
0.00228664
0.00227473
0.00225969
0.00224127
0.00222056
0.00219651
0.00217161
0.0021427
0.00211585
0.00208233
0.00205711
0.00201686
0.00199741
0.00194938
3.5001e-05
3.14743e-05
3.11864e-05
3.66475e-05
4.91045e-05
6.73977e-05
8.41089e-05
9.8256e-05
0.000113802
0.00015067
0.000209898
0.000285515
0.000368059
0.000455637
0.000546733
0.000640437
0.000735966
0.000832357
0.000928923
0.00102506
0.00112019
0.0012138
0.00130541
0.00139457
0.00148083
0.00156371
0.00164274
0.00171756
0.00178801
0.00185419
0.00191609
0.00197364
0.00202679
0.00207546
0.00211956
0.00215907
0.00219393
0.00222412
0.00224967
0.00227058
0.00228693
0.00229878
0.00230627
0.00230949
0.00230865
0.00230385
0.00229538
0.0022833
0.00226819
0.00224981
0.0022293
0.00220562
0.0021813
0.0021532
0.00212741
0.00209521
0.0020716
0.00203306
0.00201534
0.00196779
3.49803e-05
3.13134e-05
3.05737e-05
3.49889e-05
4.63576e-05
6.48076e-05
8.41246e-05
0.000101632
0.000117937
0.000149667
0.000202449
0.000274465
0.000355603
0.000443113
0.000534728
0.000629298
0.000725946
0.000823589
0.000921491
0.00101901
0.00111553
0.00121054
0.00130351
0.00139399
0.00148151
0.00156558
0.00164569
0.00172145
0.00179275
0.00185968
0.00192225
0.00198033
0.00203392
0.00208291
0.00212724
0.00216686
0.00220174
0.00223187
0.00225727
0.00227797
0.00229404
0.00230557
0.0023127
0.00231555
0.00231435
0.00230921
0.00230047
0.00228818
0.00227296
0.00225461
0.00223426
0.00221094
0.00218716
0.00215986
0.0021351
0.00210423
0.0020822
0.00204544
0.00202945
0.00198266
3.49623e-05
3.11836e-05
3.00596e-05
3.35214e-05
4.36805e-05
6.17371e-05
8.29595e-05
0.000103756
0.000122057
0.000150669
0.000197363
0.000264711
0.00034347
0.000430143
0.000521691
0.000616761
0.000714244
0.00081291
0.00091196
0.00101071
0.0011085
0.00120478
0.00129901
0.00139073
0.00147943
0.00156461
0.00164573
0.00172238
0.00179448
0.00186213
0.0019253
0.0019839
0.00203788
0.00208717
0.00213169
0.0021714
0.00220629
0.00223633
0.00226156
0.00228202
0.00229779
0.00230898
0.00231574
0.0023182
0.00231662
0.00231112
0.00230207
0.00228955
0.0022742
0.00225584
0.00223562
0.00221263
0.00218937
0.00216285
0.0021391
0.00210956
0.00208909
0.00205418
0.00203991
0.00199415
3.49465e-05
3.10792e-05
2.96311e-05
3.22388e-05
4.11386e-05
5.83552e-05
8.07475e-05
0.000104511
0.000125568
0.000152905
0.000194574
0.000256671
0.000332143
0.000417204
0.000508098
0.000603211
0.000701124
0.000800542
0.000900528
0.00100033
0.00109924
0.00119667
0.00129206
0.00138491
0.00147471
0.00156093
0.00164299
0.00172045
0.00179331
0.00186163
0.00192537
0.00198444
0.0020388
0.00208835
0.00213304
0.00217282
0.00220768
0.00223762
0.00226266
0.00228286
0.00229833
0.00230915
0.00231552
0.00231758
0.00231559
0.00230972
0.00230034
0.00228757
0.00227206
0.00225367
0.00223356
0.00221087
0.0021881
0.00216234
0.00213956
0.00211137
0.00209242
0.00205942
0.00204686
0.00200241
3.49327e-05
3.09956e-05
2.92763e-05
3.11302e-05
3.87775e-05
5.48161e-05
7.7658e-05
0.00010387
0.000128044
0.000155612
0.000193693
0.00025055
0.000322032
0.00040471
0.000494327
0.000588978
0.000686924
0.000786774
0.000887437
0.000988078
0.00108793
0.00118636
0.00128278
0.00137666
0.00146747
0.00155464
0.00163757
0.00171578
0.00178936
0.0018583
0.00192258
0.00198208
0.00203678
0.00208657
0.0021314
0.00217123
0.00220605
0.00223586
0.00226069
0.00228063
0.00229576
0.00230621
0.00231217
0.00231381
0.00231141
0.00230514
0.00229542
0.00228238
0.00226668
0.00224824
0.00222822
0.00220581
0.0021835
0.00215849
0.00213666
0.0021098
0.00209234
0.0020613
0.00205045
0.00200755
3.49206e-05
3.09292e-05
2.89844e-05
3.01813e-05
3.66259e-05
5.12543e-05
7.38819e-05
0.000101885
0.000129203
0.000158128
0.000194138
0.000246312
0.00031342
0.000393031
0.000480745
0.0005744
0.000671943
0.000771867
0.000872917
0.000974162
0.00107476
0.00117403
0.00127133
0.00136611
0.00145782
0.00154587
0.00162958
0.00170849
0.00178272
0.00185224
0.00191701
0.00197692
0.00203192
0.00208192
0.00212687
0.00216673
0.00220148
0.00223115
0.00225576
0.00227541
0.0022902
0.00230026
0.00230581
0.00230701
0.00230418
0.00229752
0.00228743
0.00227411
0.00225821
0.0022397
0.00221974
0.0021976
0.00217572
0.00215144
0.00213052
0.002105
0.002089
0.00205996
0.00205081
0.00200972
3.49101e-05
3.08767e-05
2.87459e-05
2.93765e-05
3.46976e-05
4.77805e-05
6.96186e-05
9.86757e-05
0.000128882
0.000159917
0.00019525
0.000243685
0.000306422
0.000382455
0.000467687
0.000559801
0.000656483
0.000756093
0.000857209
0.000958793
0.00105992
0.00115983
0.00125786
0.00135342
0.00144591
0.00153472
0.00161913
0.00169868
0.00177351
0.00184356
0.00190878
0.00196905
0.00202432
0.0020745
0.00211954
0.0021594
0.00219408
0.00222358
0.00224796
0.0022673
0.00228174
0.00229141
0.00229653
0.0022973
0.00229403
0.00228695
0.00227649
0.00226288
0.00224677
0.00222817
0.00220825
0.00218636
0.00216489
0.00214132
0.00212129
0.0020971
0.00208252
0.00205552
0.00204807
0.00200902
3.49009e-05
3.08355e-05
2.85525e-05
2.86997e-05
3.29949e-05
4.44809e-05
6.50636e-05
9.44125e-05
0.000127022
0.000160571
0.000196395
0.000242231
0.00030097
0.000373156
0.000455426
0.00054548
0.000640833
0.000739719
0.000840556
0.000942188
0.00104359
0.00114395
0.00124254
0.00133871
0.00143187
0.00152133
0.00160634
0.00168646
0.00176182
0.00183236
0.00189797
0.00195857
0.00201407
0.0020644
0.0021095
0.00214934
0.00218391
0.00221324
0.00223737
0.00225641
0.00227048
0.00227974
0.00228443
0.00228475
0.00228104
0.00227355
0.00226271
0.00224879
0.00223246
0.00221377
0.00219388
0.00217222
0.00215114
0.00212827
0.00210909
0.00208622
0.00207303
0.0020481
0.00204236
0.00200557
3.48929e-05
3.08035e-05
2.83967e-05
2.8135e-05
3.15112e-05
4.14176e-05
6.03979e-05
8.93046e-05
0.000123655
0.000159805
0.00019701
0.000241415
0.000296822
0.000365174
0.000444149
0.000531689
0.000625262
0.000723006
0.000823199
0.000924568
0.00102599
0.00112657
0.00122552
0.00132215
0.00141582
0.00150582
0.00159132
0.00167193
0.00174777
0.00181871
0.00188468
0.00194555
0.00200125
0.0020517
0.00209683
0.00213663
0.00217108
0.0022002
0.00222408
0.00224279
0.00225649
0.00226534
0.00226959
0.00226947
0.00226531
0.00225739
0.00224618
0.00223195
0.00221539
0.0021966
0.00217673
0.00215528
0.00213458
0.00211238
0.00209405
0.00207249
0.00206065
0.00203781
0.00203378
0.00199946
3.48858e-05
3.07789e-05
2.82725e-05
2.76677e-05
3.02335e-05
3.863e-05
5.57798e-05
8.3584e-05
0.000118896
0.000157445
0.000196628
0.00024068
0.000293602
0.000358403
0.00043394
0.000518612
0.000609996
0.000706191
0.000805369
0.000906147
0.0010073
0.00110786
0.00120696
0.00130387
0.0013979
0.00148831
0.00157417
0.0016552
0.00173143
0.00180273
0.00186898
0.00193008
0.00198593
0.00203646
0.0020816
0.00212133
0.00215563
0.00218455
0.00220814
0.00222652
0.00223985
0.00224829
0.00225209
0.00225152
0.00224692
0.00223858
0.00222699
0.00221245
0.00219566
0.00217675
0.0021569
0.00213566
0.00211532
0.00209379
0.00207626
0.002056
0.00204549
0.00202476
0.00202244
0.00199079
3.48797e-05
3.07603e-05
2.81743e-05
2.72839e-05
2.91453e-05
3.61382e-05
5.13396e-05
7.74893e-05
0.000112927
0.000153424
0.000194888
0.000239496
0.000290853
0.000352608
0.00042477
0.000506352
0.000595209
0.000689478
0.000787277
0.00088713
0.000987723
0.001088
0.00118702
0.00128402
0.00137825
0.00146891
0.00155502
0.00163638
0.00171292
0.00178449
0.00185097
0.00191224
0.0019682
0.00201877
0.00206388
0.00210351
0.00213765
0.00216633
0.00218964
0.00220768
0.00222062
0.00222864
0.002232
0.00223098
0.00222593
0.00221718
0.00220521
0.00219036
0.00217334
0.00215433
0.00213449
0.00211345
0.00209346
0.00207258
0.00205584
0.00203686
0.00202766
0.00200906
0.00200845
0.00197967
3.48743e-05
3.07464e-05
2.80976e-05
2.69713e-05
2.82275e-05
3.3946e-05
4.71771e-05
7.12508e-05
0.000105985
0.000147775
0.000191536
0.000237392
0.000288081
0.000347453
0.000416493
0.000494921
0.000581007
0.000673025
0.000769102
0.000867701
0.00096743
0.00106715
0.00116587
0.00126274
0.00135699
0.00144776
0.00153399
0.00161556
0.00169231
0.00176408
0.00183072
0.0018921
0.00194812
0.00199869
0.00204373
0.00208323
0.00211718
0.00214562
0.00216863
0.00218632
0.00219886
0.00220646
0.00220939
0.00220792
0.00220243
0.00219326
0.00218092
0.00216577
0.00214852
0.00212941
0.00210958
0.00208874
0.00206909
0.00204886
0.00203289
0.00201518
0.00200725
0.00199079
0.00199191
0.00196616
3.48695e-05
3.07364e-05
2.80384e-05
2.67188e-05
2.74607e-05
3.20451e-05
4.33612e-05
6.50768e-05
9.83455e-05
0.000140625
0.000186422
0.000233977
0.000284802
0.000342531
0.000408869
0.000484235
0.000567421
0.000656935
0.000750987
0.000848019
0.000946586
0.00104548
0.00114365
0.00124018
0.00133425
0.00142495
0.00151119
0.00159284
0.00166971
0.00174158
0.00180831
0.00186974
0.00192576
0.00197628
0.00202122
0.00206056
0.0020943
0.00212247
0.00214516
0.00216249
0.00217464
0.00218181
0.0021843
0.00218239
0.00217646
0.00216689
0.00215419
0.00213874
0.00212128
0.00210207
0.00208225
0.00206162
0.0020423
0.00202271
0.00200749
0.00199105
0.00198436
0.00197006
0.0019729
0.00195036
3.48654e-05
3.07294e-05
2.79936e-05
2.65168e-05
2.68257e-05
3.0418e-05
3.99327e-05
5.91433e-05
9.02981e-05
0.000132183
0.000179507
0.000228948
0.000280568
0.000337403
0.000401574
0.00047412
0.000554402
0.000641248
0.000733025
0.000828209
0.00092533
0.00102313
0.00112049
0.00121646
0.00131015
0.00140061
0.00148671
0.00156833
0.00164519
0.00171708
0.00178381
0.00184522
0.00190118
0.0019516
0.0019964
0.00203555
0.00206905
0.00209693
0.00211929
0.00213625
0.00214799
0.00215475
0.0021568
0.00215445
0.0021481
0.00213814
0.00212508
0.00210935
0.00209168
0.00207238
0.00205258
0.00203216
0.00201318
0.00199423
0.00197974
0.00196455
0.00195908
0.00194695
0.00195152
0.00193235
3.48617e-05
3.07248e-05
2.79604e-05
2.63567e-05
2.63044e-05
2.90415e-05
3.69076e-05
5.35882e-05
8.21311e-05
0.000122727
0.000170857
0.000222104
0.000274991
0.000331629
0.000394236
0.000464325
0.000541823
0.000625935
0.000715258
0.000808353
0.000903767
0.00100021
0.00109653
0.00119171
0.00128481
0.00137484
0.00146065
0.0015421
0.00161884
0.00169064
0.00175729
0.0018186
0.00187445
0.00192472
0.00196933
0.00200825
0.00204148
0.00206905
0.00209106
0.00210764
0.00211898
0.00212531
0.00212693
0.00212415
0.00211739
0.00210704
0.00209365
0.00207765
0.00205979
0.00204042
0.00202065
0.00200044
0.0019818
0.00196348
0.00194972
0.00193578
0.0019315
0.00192155
0.00192784
0.00191219
3.48586e-05
3.07221e-05
2.79364e-05
2.62313e-05
2.58803e-05
2.78895e-05
3.42819e-05
4.85084e-05
7.41092e-05
0.000112585
0.00016064
0.000213345
0.000267755
0.000324794
0.000386455
0.00045454
0.000529485
0.0006109
0.000697669
0.000788491
0.000881972
0.00097682
0.00107185
0.00116601
0.00125833
0.00134774
0.00143311
0.00151424
0.00159075
0.00166235
0.00172882
0.00178996
0.00184562
0.00189568
0.00194006
0.00197871
0.00201164
0.00203888
0.00206053
0.00207672
0.00208765
0.00209356
0.00209474
0.00209154
0.00208438
0.00207366
0.00205995
0.0020437
0.00202566
0.00200623
0.00198651
0.00196653
0.00194823
0.00193055
0.00191751
0.00190481
0.00190171
0.00189394
0.00190196
0.00188996
3.48558e-05
3.07209e-05
2.79199e-05
2.61343e-05
2.55382e-05
2.6935e-05
3.20364e-05
4.39615e-05
6.64583e-05
0.000102109
0.000149122
0.000202687
0.000258634
0.000316527
0.000377828
0.000444415
0.00051713
0.000595984
0.000680181
0.00076861
0.000859975
0.000953015
0.00104654
0.00113946
0.00123079
0.00131938
0.00140417
0.00148483
0.00156097
0.00163227
0.00169846
0.00175935
0.00181475
0.00186454
0.00190863
0.00194698
0.00197957
0.00200646
0.00202772
0.00204352
0.00205404
0.00205952
0.00206028
0.00205667
0.00204912
0.00203805
0.00202403
0.00200755
0.00198936
0.00196989
0.00195023
0.00193049
0.00191255
0.00189551
0.00188319
0.00187172
0.00186978
0.0018642
0.00187395
0.00186572
3.48533e-05
3.07208e-05
2.79092e-05
2.60606e-05
2.52649e-05
2.61516e-05
3.01418e-05
3.99704e-05
5.9354e-05
9.16517e-05
0.000136649
0.000190259
0.0002475
0.000306522
0.000367976
0.000433583
0.000504458
0.000580972
0.000662664
0.000748648
0.000837766
0.000928822
0.00102064
0.00111213
0.00120226
0.00128985
0.00137389
0.00145395
0.00152959
0.00160046
0.00166628
0.00172681
0.00178188
0.00183134
0.0018751
0.00191309
0.00194532
0.00197182
0.0019927
0.00200808
0.00201818
0.00202324
0.00202359
0.00201958
0.00201165
0.00200024
0.00198594
0.00196925
0.00195093
0.00193144
0.00191186
0.00189239
0.00187482
0.00185843
0.00184683
0.00183659
0.00183579
0.0018324
0.00184388
0.00183954
3.48512e-05
3.07216e-05
2.79031e-05
2.60056e-05
2.50488e-05
2.55145e-05
2.85625e-05
3.6529e-05
5.29171e-05
8.15348e-05
0.000123622
0.000176306
0.000234338
0.00029455
0.000356554
0.000421676
0.000491138
0.000565605
0.000644934
0.000728492
0.000815291
0.000904229
0.000994172
0.00108404
0.0011728
0.00125922
0.00134235
0.00142165
0.00149665
0.00156697
0.00163231
0.00169241
0.00174707
0.00179613
0.0018395
0.0018771
0.00190893
0.00193502
0.00195548
0.00197044
0.00198011
0.00198476
0.0019847
0.0019803
0.00197201
0.00196029
0.00194573
0.00192885
0.00191042
0.00189094
0.00187148
0.00185229
0.00183509
0.00181938
0.00180849
0.00179949
0.00179981
0.00179861
0.00181182
0.00181148
3.48493e-05
3.0723e-05
2.79006e-05
2.59657e-05
2.48799e-05
2.50011e-05
2.72607e-05
3.36094e-05
4.72148e-05
7.20297e-05
0.000110471
0.00016118
0.000219254
0.000280475
0.000343278
0.000408347
0.000476833
0.000549591
0.000626769
0.000707987
0.000792453
0.000879188
0.000967125
0.00105522
0.00114243
0.00122753
0.00130958
0.00138797
0.0014622
0.00153186
0.00159661
0.00165618
0.00171035
0.00175895
0.00180187
0.00183903
0.00187042
0.00189608
0.0019161
0.00193063
0.00193988
0.00194411
0.00194365
0.00193887
0.00193024
0.00191823
0.00190343
0.00188639
0.00186788
0.00184844
0.00182911
0.00181023
0.00179345
0.00177841
0.00176825
0.00176048
0.00176191
0.00176292
0.00177785
0.0017816
3.48476e-05
3.07249e-05
2.79008e-05
2.59378e-05
2.47496e-05
2.45912e-05
2.61987e-05
3.11685e-05
4.22666e-05
6.33396e-05
9.76191e-05
0.00014532
0.000202482
0.000264274
0.000327933
0.000393286
0.000461207
0.000532622
0.000607911
0.000686937
0.000769115
0.000853611
0.000939452
0.00102564
0.00111116
0.0011948
0.00127561
0.00135295
0.00142628
0.00149516
0.00155922
0.00161817
0.00167176
0.00171983
0.00176224
0.00179891
0.00182983
0.00185503
0.0018746
0.00188869
0.00189751
0.00190132
0.00190047
0.00189534
0.00188638
0.0018741
0.00185909
0.00184192
0.00182337
0.00180399
0.00178483
0.00176628
0.00174993
0.00173559
0.00172617
0.00171964
0.00172217
0.00172538
0.00174202
0.00174996
3.48462e-05
3.07272e-05
2.79031e-05
2.59194e-05
2.46505e-05
2.4267e-05
2.53406e-05
2.91551e-05
3.80533e-05
5.55936e-05
8.54423e-05
0.000129227
0.000184385
0.000246048
0.000310398
0.000376236
0.000443947
0.000514386
0.000588082
0.000665115
0.000745105
0.000827377
0.000911073
0.000995259
0.00107896
0.00116102
0.00124047
0.00131662
0.00138892
0.0014569
0.00152016
0.00157839
0.00163134
0.0016788
0.00172065
0.00175679
0.0017872
0.0018119
0.001831
0.00184464
0.00185302
0.00185643
0.0018552
0.00184972
0.00184047
0.00182794
0.00181275
0.00179548
0.0017769
0.00175763
0.00173866
0.00172049
0.00170459
0.00169098
0.00168231
0.00167703
0.00168065
0.00168606
0.00170442
0.00171661
3.48449e-05
3.07297e-05
2.7907e-05
2.59083e-05
2.45767e-05
2.40134e-05
2.46539e-05
2.75141e-05
3.45274e-05
4.88489e-05
7.42431e-05
0.000113417
0.00016544
0.000226039
0.000290661
0.000357012
0.000424781
0.000494581
0.000566997
0.000642272
0.00072022
0.000800333
0.000881879
0.000964009
0.00104581
0.00112618
0.00120413
0.00127898
0.00135013
0.00141709
0.00147946
0.00153688
0.0015891
0.00163589
0.00167711
0.00171267
0.00174254
0.00176673
0.00178534
0.00179851
0.00180646
0.00180946
0.00180786
0.00180206
0.00179252
0.00177978
0.00176444
0.0017471
0.00172854
0.0017094
0.00169067
0.0016729
0.00165749
0.00164462
0.00163672
0.0016327
0.00163742
0.00164503
0.00166509
0.0016816
3.48438e-05
3.07323e-05
2.7912e-05
2.59031e-05
2.4523e-05
2.38172e-05
2.41094e-05
2.61914e-05
3.16228e-05
4.31014e-05
6.42282e-05
9.83764e-05
0.000146215
0.000204634
0.000268843
0.000335521
0.000403488
0.000472934
0.000544373
0.000618148
0.000694239
0.0007723
0.000851732
0.000931788
0.00101163
0.00109022
0.00116659
0.00124001
0.00130991
0.00137576
0.00143712
0.00149365
0.00154506
0.00159112
0.00163166
0.0016666
0.00169588
0.00171953
0.00173763
0.00175033
0.00175784
0.00176045
0.00175849
0.00175238
0.00174259
0.00172965
0.00171419
0.00169682
0.00167832
0.00165936
0.0016409
0.00162356
0.00160867
0.00159659
0.00158947
0.00158672
0.00159253
0.00160235
0.00162409
0.00164499
3.48428e-05
3.0735e-05
2.79178e-05
2.59022e-05
2.44853e-05
2.36674e-05
2.36818e-05
2.51361e-05
2.92639e-05
3.82997e-05
5.55046e-05
8.45138e-05
0.000127321
0.000182359
0.000245217
0.000311788
0.000379925
0.000449212
0.000519944
0.000592483
0.000666927
0.000743078
0.000820473
0.000898473
0.000976318
0.00105309
0.00112778
0.0011997
0.00126824
0.00133288
0.00139316
0.00144871
0.00149924
0.00154449
0.00158431
0.00161857
0.00164724
0.00167032
0.0016879
0.00170012
0.0017072
0.00170941
0.00170711
0.00170071
0.00169069
0.00167759
0.00166204
0.00164468
0.00162627
0.00160753
0.00158938
0.00157252
0.00155819
0.00154692
0.00154061
0.00153916
0.00154605
0.00155808
0.0015815
0.00160682
3.48419e-05
3.07378e-05
2.79241e-05
2.59046e-05
2.44601e-05
2.35548e-05
2.33493e-05
2.43024e-05
2.73726e-05
3.436e-05
4.80878e-05
7.21231e-05
0.000109355
0.000159859
0.000220217
0.000285976
0.000354047
0.000423243
0.00049348
0.000565027
0.000638045
0.000712455
0.000787923
0.00086392
0.000939777
0.00101469
0.00108765
0.00115799
0.0012251
0.00128844
0.00134756
0.00140206
0.00145164
0.00149603
0.00153507
0.00156862
0.00159663
0.00161912
0.00163616
0.0016479
0.00165454
0.00165638
0.00165375
0.00164708
0.00163686
0.00162363
0.00160803
0.00159071
0.00157245
0.00155396
0.00153617
0.00151983
0.0015061
0.00149567
0.0014902
0.00149005
0.00149803
0.00151228
0.00153736
0.00156715
3.48412e-05
3.07405e-05
2.79307e-05
2.59095e-05
2.44446e-05
2.34719e-05
2.30936e-05
2.36499e-05
2.58738e-05
3.11803e-05
4.1921e-05
6.13657e-05
9.28344e-05
0.000137845
0.000194442
0.000258415
0.000325934
0.000394938
0.000464797
0.000535558
0.000607365
0.000680218
0.000753893
0.00082797
0.000901875
0.000974933
0.00104613
0.00111484
0.00118045
0.00124243
0.00130031
0.00135369
0.00140226
0.00144574
0.00148394
0.00151674
0.00154408
0.00156596
0.00158245
0.00159369
0.00159991
0.00160137
0.00159843
0.00159152
0.00158112
0.0015678
0.00155219
0.00153496
0.00151687
0.00149868
0.0014813
0.00146553
0.00145244
0.00144289
0.00143828
0.00143947
0.00144854
0.00146501
0.00149173
0.00152601
3.48405e-05
3.07433e-05
2.79374e-05
2.59163e-05
2.44367e-05
2.34123e-05
2.28994e-05
2.31441e-05
2.46985e-05
2.86518e-05
3.68969e-05
5.22753e-05
7.81392e-05
0.000117027
0.000168631
0.00022962
0.000295822
0.000364319
0.000433783
0.000503894
0.000574679
0.000646158
0.000718191
0.000790454
0.00086247
0.000933689
0.00100312
0.00107016
0.00113423
0.00119479
0.00125138
0.00130359
0.00135108
0.0013936
0.00143094
0.00146295
0.00148958
0.00151083
0.00152676
0.00153752
0.0015433
0.00154441
0.00154118
0.00153405
0.00152351
0.00151013
0.00149455
0.00147744
0.00145958
0.00144175
0.00142482
0.00140966
0.00139725
0.00138863
0.00138492
0.00138746
0.00139764
0.00141632
0.00144467
0.00148347
3.48399e-05
3.07459e-05
2.79442e-05
2.59242e-05
2.44346e-05
2.33711e-05
2.2754e-05
2.2756e-05
2.37862e-05
2.66676e-05
3.28793e-05
4.4782e-05
6.54789e-05
9.8025e-05
0.00014361
0.000200293
0.000264134
0.000331549
0.000400424
0.000469915
0.000539813
0.000610085
0.00068063
0.000751203
0.000821414
0.000890835
0.000958519
0.00102389
0.00108639
0.00114549
0.00120073
0.00125172
0.00129811
0.00133962
0.00137605
0.00140725
0.00143316
0.00145376
0.00146912
0.00147939
0.00148476
0.00148552
0.00148202
0.0014747
0.00146405
0.00145065
0.00143514
0.00141821
0.00140062
0.0013832
0.00136677
0.00135227
0.0013406
0.00133294
0.00133016
0.00133409
0.00134537
0.00136628
0.00139624
0.00143956
3.48394e-05
3.07484e-05
2.79509e-05
2.5933e-05
2.44367e-05
2.3344e-05
2.2647e-05
2.24612e-05
2.30847e-05
2.51289e-05
2.972e-05
3.87436e-05
5.48933e-05
8.12931e-05
0.000120202
0.000171294
0.000231501
0.000296972
0.000364833
0.000433586
0.000502649
0.00057184
0.00064104
0.000710051
0.000778556
0.000846234
0.00091221
0.000975923
0.00103684
0.00109446
0.00114834
0.00119806
0.0012433
0.00128378
0.00131927
0.00134964
0.0013748
0.00139475
0.00140954
0.00141932
0.00142428
0.00142472
0.00142098
0.00141349
0.00140277
0.00138939
0.001374
0.00135729
0.00134003
0.00132306
0.00130719
0.00129341
0.00128251
0.00127587
0.00127406
0.0012794
0.0012918
0.00131494
0.00134648
0.00139432
3.4839e-05
3.07509e-05
2.79575e-05
2.59422e-05
2.4442e-05
2.33279e-05
2.25701e-05
2.22401e-05
2.25505e-05
2.39485e-05
2.72726e-05
3.39773e-05
4.62817e-05
6.70662e-05
9.912e-05
0.000143582
0.00019877
0.000261146
0.000327292
0.000394991
0.000463148
0.000531315
0.00059928
0.00066685
0.000733754
0.000799746
0.000864082
0.000926169
0.000985514
0.00104165
0.00109413
0.00114258
0.00118665
0.00122606
0.00126059
0.00129011
0.00131452
0.0013338
0.00134803
0.00135733
0.0013619
0.00136203
0.00135807
0.00135046
0.00133971
0.00132639
0.00131115
0.00129472
0.00127785
0.00126138
0.00124612
0.00123311
0.00122305
0.00121747
0.00121667
0.00122345
0.00123699
0.00126235
0.00129545
0.0013478
3.48386e-05
3.07532e-05
2.79639e-05
2.59517e-05
2.44496e-05
2.33201e-05
2.25165e-05
2.20766e-05
2.21478e-05
2.3052e-05
2.54015e-05
3.02846e-05
3.94489e-05
5.53599e-05
8.08591e-05
0.000118092
0.000166958
0.00022487
0.000288297
0.000354372
0.000421379
0.000488475
0.000555259
0.000621481
0.000686882
0.000751234
0.000814023
0.000874532
0.00093233
0.000986984
0.00103808
0.00108523
0.00112811
0.00116644
0.00120001
0.00122866
0.00125231
0.00127093
0.0012846
0.00129343
0.00129763
0.00129748
0.00129333
0.00128563
0.00127488
0.00126167
0.00124665
0.00123055
0.00121411
0.00119821
0.00118362
0.00117144
0.00116227
0.0011578
0.00115805
0.00116629
0.00118098
0.00120857
0.00124321
0.00130006
3.48382e-05
3.07554e-05
2.797e-05
2.59613e-05
2.44587e-05
2.33186e-05
2.24809e-05
2.19578e-05
2.18474e-05
2.23776e-05
2.39876e-05
2.74707e-05
3.41492e-05
4.60128e-05
6.56343e-05
9.55979e-05
0.000137168
0.00018918
0.000248598
0.000312178
0.000377562
0.000443388
0.000508954
0.000573871
0.000637844
0.000700629
0.000761939
0.000820922
0.000877209
0.000930404
0.000980115
0.00102598
0.00106767
0.00110492
0.00113751
0.00116529
0.00118817
0.00120615
0.00121926
0.00122764
0.00123149
0.00123108
0.00122679
0.00121903
0.00120833
0.00119528
0.00118053
0.00116481
0.00114886
0.0011336
0.00111974
0.00110844
0.00110021
0.0010969
0.00109824
0.00110799
0.00112384
0.00115367
0.00118981
0.00125112
3.48379e-05
3.07575e-05
2.79758e-05
2.59707e-05
2.44689e-05
2.33217e-05
2.2459e-05
2.18734e-05
2.16263e-05
2.18752e-05
2.29303e-05
2.53572e-05
3.01216e-05
3.87502e-05
5.33871e-05
7.65775e-05
0.000110428
0.000155286
0.000209223
0.000269121
0.000332119
0.000396268
0.000460443
0.000524017
0.000586592
0.000647882
0.000707752
0.000765261
0.00082008
0.000871847
0.000920195
0.000964776
0.00100528
0.00104145
0.00107307
0.00109998
0.00112212
0.00113945
0.00115202
0.00115997
0.0011635
0.00116287
0.00115846
0.0011507
0.0011401
0.00112726
0.00111282
0.00109755
0.00108216
0.00106759
0.00105452
0.00104417
0.00103694
0.00103483
0.00103731
0.0010486
0.00106563
0.00109769
0.00113531
0.00120103
3.48376e-05
3.07595e-05
2.79813e-05
2.59798e-05
2.44797e-05
2.33281e-05
2.24474e-05
2.18155e-05
2.1466e-05
2.15048e-05
2.21474e-05
2.37892e-05
2.71149e-05
3.32444e-05
4.38513e-05
6.11502e-05
8.75066e-05
0.000124428
0.00017145
0.000226217
0.000285739
0.00034753
0.000409947
0.000472016
0.000533149
0.000592965
0.000651418
0.000707494
0.00076089
0.000811265
0.000858277
0.000901598
0.000940933
0.00097603
0.00100668
0.00103275
0.00105414
0.00107085
0.00108291
0.00109045
0.00109368
0.00109287
0.00108839
0.00108066
0.00107021
0.00105764
0.00104359
0.00102882
0.00101406
0.00100024
0.000988026
0.000978681
0.000972514
0.000971666
0.00097533
0.000988183
0.00100641
0.0010407
0.00107976
0.00114985
3.48374e-05
3.07613e-05
2.79866e-05
2.59887e-05
2.44907e-05
2.33369e-05
2.24435e-05
2.17775e-05
2.1352e-05
2.1235e-05
2.15732e-05
2.26385e-05
2.49043e-05
2.91606e-05
3.66422e-05
4.91126e-05
6.87608e-05
9.76595e-05
0.000136693
0.000184795
0.000239436
0.000297857
0.00035789
0.000418111
0.000477637
0.000535927
0.000592937
0.000647604
0.000699611
0.000748629
0.000794334
0.000836419
0.000874605
0.00090865
0.000938359
0.000963591
0.000984264
0.00100036
0.00101193
0.0010191
0.00102207
0.00102112
0.00101661
0.00100897
0.000998728
0.000986484
0.000972881
0.000958688
0.000944616
0.000931618
0.00092033
0.000912054
0.000907005
0.000907467
0.000912356
0.000926806
0.000946248
0.000982752
0.00102323
0.00109761
3.48371e-05
3.0763e-05
2.79915e-05
2.59972e-05
2.45017e-05
2.33472e-05
2.24453e-05
2.17546e-05
2.12731e-05
2.10413e-05
2.11564e-05
2.18023e-05
2.32996e-05
2.61876e-05
3.13331e-05
4.00438e-05
5.41088e-05
7.56117e-05
0.000106265
0.000146408
0.000194589
0.000248282
0.000304973
0.000362748
0.000420332
0.000476926
0.00053238
0.000585624
0.000636257
0.000683941
0.000728365
0.000769238
0.000806297
0.000839312
0.000868098
0.000892518
0.000912496
0.000928015
0.000939129
0.000945961
0.000948713
0.000947663
0.000943171
0.00093568
0.000925704
0.000913853
0.000900766
0.000887219
0.000873909
0.000861805
0.000851509
0.000844364
0.000840491
0.000842311
0.000848467
0.000864542
0.000885208
0.000923923
0.000965767
0.00104437
3.48369e-05
3.07646e-05
2.79961e-05
2.60052e-05
2.45126e-05
2.33584e-05
2.24511e-05
2.17429e-05
2.12205e-05
2.09047e-05
2.08574e-05
2.12005e-05
2.21472e-05
2.40561e-05
2.75106e-05
3.34221e-05
4.3123e-05
5.83713e-05
8.10835e-05
0.000112613
0.000152882
0.000200242
0.000252267
0.000306669
0.000361723
0.000416277
0.000469917
0.000521677
0.000570907
0.000617252
0.000660404
0.000700082
0.000736034
0.000768042
0.000795927
0.000819562
0.000838871
0.000853845
0.000864536
0.00087107
0.000873648
0.000872551
0.000868137
0.000860854
0.000851212
0.000839825
0.000827329
0.000814501
0.00080203
0.000790891
0.000781656
0.000775704
0.000773065
0.000776288
0.00078375
0.000801469
0.00082337
0.000864279
0.000907446
0.000990166
3.48368e-05
3.07661e-05
2.80004e-05
2.60128e-05
2.45231e-05
2.33701e-05
2.24596e-05
2.17394e-05
2.11876e-05
2.08107e-05
2.06459e-05
2.07718e-05
2.13276e-05
2.25468e-05
2.48087e-05
2.87158e-05
3.51865e-05
4.55332e-05
6.14325e-05
8.46068e-05
0.0001161
0.000155565
0.000201297
0.000251012
0.000302614
0.000354531
0.000405898
0.000456016
0.000503735
0.000548684
0.000590542
0.000629022
0.000663876
0.000694892
0.000721899
0.000744773
0.000763446
0.000777907
0.000788214
0.000794495
0.000796949
0.000795861
0.000791589
0.00078458
0.000775345
0.000764498
0.000752672
0.000740644
0.000729089
0.000718991
0.000710887
0.000706188
0.000704835
0.0007095
0.000718302
0.000737679
0.000760819
0.000803895
0.000848336
0.000935061
3.48366e-05
3.07674e-05
2.80043e-05
2.602e-05
2.45332e-05
2.33819e-05
2.247e-05
2.17417e-05
2.11692e-05
2.07484e-05
2.0499e-05
2.047e-05
2.07503e-05
2.14889e-05
2.29262e-05
2.54434e-05
2.96333e-05
3.63843e-05
4.69463e-05
6.28787e-05
8.57114e-05
0.000116264
0.000154055
0.000197425
0.000244243
0.000292581
0.0003411
0.000389099
0.000435056
0.000478469
0.000518953
0.000556197
0.000589939
0.000619965
0.000646105
0.00066824
0.000686303
0.000700288
0.000710253
0.000716327
0.000718713
0.000717696
0.000713633
0.000706973
0.000698225
0.000688003
0.000676932
0.000665789
0.000655233
0.000646251
0.000639346
0.000635956
0.000635937
0.000642074
0.00065224
0.000673276
0.000697652
0.000742856
0.000788514
0.000879107
3.48365e-05
3.07686e-05
2.8008e-05
2.60266e-05
2.45428e-05
2.33936e-05
2.24815e-05
2.17481e-05
2.11612e-05
2.07093e-05
2.03996e-05
2.02607e-05
2.0348e-05
2.07544e-05
2.16291e-05
2.32054e-05
2.5846e-05
3.01052e-05
3.68063e-05
4.70983e-05
6.23995e-05
8.40723e-05
0.000112805
0.000148108
0.000188432
0.00023181
0.000276523
0.000321666
0.000365405
0.000407002
0.000445943
0.000481847
0.00051442
0.000543429
0.000568697
0.000590102
0.000607578
0.000621118
0.000630782
0.000636701
0.000639078
0.000638199
0.000634421
0.000628193
0.000620021
0.000610515
0.000600293
0.000590124
0.000580653
0.000572862
0.00056722
0.000565188
0.00056654
0.000574166
0.000585707
0.000608387
0.000633984
0.000681259
0.000728066
0.000822365
3.48363e-05
3.07697e-05
2.80113e-05
2.60328e-05
2.45519e-05
2.34049e-05
2.24935e-05
2.17572e-05
2.11607e-05
2.0687e-05
2.03347e-05
2.01185e-05
2.00711e-05
2.02493e-05
2.07436e-05
2.16932e-05
2.3311e-05
2.59211e-05
3.00136e-05
3.63132e-05
4.58342e-05
5.98371e-05
7.95486e-05
0.000105619
0.000137653
0.000174277
0.000213737
0.000254894
0.000295655
0.000334938
0.000372014
0.000406373
0.000437648
0.000465563
0.000489919
0.000510581
0.000527477
0.000540596
0.000549999
0.000555814
0.000558246
0.00055758
0.000554172
0.000548469
0.000540971
0.000532282
0.000523008
0.000513909
0.000505609
0.000499081
0.000494761
0.000494121
0.000496866
0.000505974
0.000518882
0.000543163
0.000569948
0.000619213
0.000667088
0.000764901
3.48362e-05
3.07707e-05
2.80144e-05
2.60386e-05
2.45604e-05
2.34158e-05
2.25057e-05
2.17681e-05
2.11653e-05
2.06767e-05
2.02948e-05
2.00245e-05
1.98837e-05
1.99059e-05
2.01445e-05
2.06808e-05
2.16358e-05
2.31899e-05
2.56123e-05
2.93067e-05
3.4871e-05
4.31527e-05
5.5235e-05
7.22311e-05
9.48284e-05
0.000122827
0.000155123
0.000190633
0.00022721
0.000263347
0.000297995
0.000330434
0.000360161
0.000386822
0.000410168
0.000430034
0.00044633
0.000459038
0.00046821
0.000473972
0.000476526
0.000476155
0.000473211
0.000468136
0.000461422
0.000453661
0.000445445
0.000437516
0.000430473
0.000425272
0.000422318
0.000423082
0.000427214
0.000437763
0.000451998
0.0004778
0.000505713
0.000556851
0.000605696
0.000706787
3.48361e-05
3.07716e-05
2.80172e-05
2.60438e-05
2.45683e-05
2.34262e-05
2.25176e-05
2.17799e-05
2.11735e-05
2.06749e-05
2.02726e-05
1.99649e-05
1.97599e-05
1.96758e-05
1.97433e-05
2.00085e-05
2.05384e-05
2.14296e-05
2.28213e-05
2.49176e-05
2.80207e-05
3.25795e-05
3.92453e-05
4.88918e-05
6.25069e-05
8.08573e-05
0.000104047
0.000131727
0.000162325
0.000193983
0.00022526
0.000255123
0.000282855
0.00030796
0.000330097
0.000349044
0.000364677
0.000376952
0.000385907
0.000391661
0.000394406
0.000394418
0.000392044
0.000387714
0.000381907
0.000375198
0.000368156
0.000361497
0.00035579
0.000351963
0.000350391
0.000352532
0.000358004
0.000369897
0.000385368
0.000412551
0.000441492
0.000494336
0.000544023
0.000648108
3.48361e-05
3.07723e-05
2.80197e-05
2.60486e-05
2.45756e-05
2.34359e-05
2.25293e-05
2.17921e-05
2.11838e-05
2.06789e-05
2.02629e-05
1.99297e-05
1.96808e-05
1.95248e-05
1.94782e-05
1.95661e-05
1.98247e-05
2.03038e-05
2.10721e-05
2.2225e-05
2.38981e-05
2.62877e-05
2.96851e-05
3.45222e-05
4.14169e-05
5.11631e-05
6.45715e-05
8.23295e-05
0.000104607
0.000129779
0.000156152
0.000182328
0.000207278
0.000230279
0.000250834
0.000268619
0.000283437
0.000295202
0.000303922
0.000309693
0.000312693
0.000313183
0.000311495
0.00030804
0.000303277
0.000297753
0.000292005
0.000286709
0.000282399
0.000279959
0.000279738
0.000283161
0.000289846
0.000302896
0.00031943
0.000347761
0.000377564
0.000431872
0.000482233
0.000588959
3.4836e-05
3.0773e-05
2.80219e-05
2.6053e-05
2.45823e-05
2.3445e-05
2.25403e-05
2.18043e-05
2.11953e-05
2.06867e-05
2.02618e-05
1.99115e-05
1.96329e-05
1.94286e-05
1.93062e-05
1.92786e-05
1.93642e-05
1.95879e-05
1.99818e-05
2.05877e-05
2.14601e-05
2.26716e-05
2.43231e-05
2.65594e-05
2.9596e-05
3.3758e-05
3.95264e-05
4.76191e-05
5.9695e-05
7.57823e-05
9.4869e-05
0.000115488
0.000136274
0.000156179
0.000174455
0.000190597
0.000204286
0.000215351
0.000223742
0.000229512
0.000232806
0.000233859
0.000232973
0.000230531
0.000226956
0.000222752
0.000218409
0.000214546
0.000211651
0.000210541
0.000211546
0.000216038
0.000223679
0.00023754
0.000254826
0.000283917
0.000314313
0.000369724
0.000420533
0.000529452
3.48359e-05
3.07735e-05
2.80238e-05
2.60569e-05
2.45885e-05
2.34534e-05
2.25508e-05
2.18161e-05
2.12075e-05
2.06969e-05
2.02664e-05
1.99049e-05
1.96066e-05
1.93702e-05
1.91977e-05
1.9095e-05
1.90704e-05
1.91356e-05
1.93046e-05
1.95941e-05
2.00232e-05
2.06137e-05
2.13904e-05
2.23826e-05
2.36263e-05
2.51693e-05
2.70813e-05
2.94878e-05
3.34269e-05
3.97951e-05
4.9165e-05
6.13713e-05
7.55268e-05
9.04533e-05
0.000105081
0.000118607
0.000130492
0.00014041
0.000148195
0.00015382
0.000157366
0.000159013
0.000159013
0.000157696
0.000155429
0.000152648
0.000149778
0.000147353
0.000145796
0.00014583
0.000147775
0.000152907
0.000161014
0.000175063
0.000192544
0.000221739
0.000252281
0.000308251
0.000359184
0.00046972
3.48358e-05
3.07739e-05
2.80255e-05
2.60604e-05
2.45941e-05
2.34612e-05
2.25605e-05
2.18275e-05
2.12196e-05
2.07084e-05
2.02747e-05
1.99061e-05
1.9595e-05
1.93374e-05
1.91322e-05
1.89808e-05
1.88862e-05
1.88528e-05
1.88861e-05
1.89915e-05
1.9174e-05
1.94369e-05
1.9781e-05
2.02029e-05
2.06933e-05
2.12338e-05
2.17937e-05
2.23258e-05
2.3102e-05
2.44078e-05
2.66604e-05
3.03452e-05
3.57985e-05
4.29645e-05
5.13441e-05
6.01861e-05
6.87428e-05
7.64284e-05
8.28614e-05
8.78469e-05
9.13389e-05
9.34109e-05
9.42236e-05
9.40134e-05
9.30575e-05
9.16882e-05
9.02333e-05
8.91015e-05
8.86323e-05
8.94019e-05
9.17271e-05
9.67172e-05
0.000104395
0.000117519
0.00013419
0.000162354
0.000192276
0.000247955
0.000298529
0.00041008
3.48358e-05
3.07742e-05
2.80269e-05
2.60635e-05
2.45991e-05
2.34682e-05
2.25695e-05
2.18382e-05
2.12315e-05
2.07203e-05
2.02851e-05
1.99123e-05
1.95931e-05
1.93218e-05
1.90955e-05
1.89127e-05
1.87737e-05
1.86791e-05
1.863e-05
1.86273e-05
1.86706e-05
1.87578e-05
1.8884e-05
1.90407e-05
1.92146e-05
1.93866e-05
1.95311e-05
1.96163e-05
1.97064e-05
1.98391e-05
2.00805e-05
2.054e-05
2.13725e-05
2.27533e-05
2.48158e-05
2.7572e-05
3.08691e-05
3.44183e-05
3.78806e-05
4.0955e-05
4.3434e-05
4.52202e-05
4.63151e-05
4.68022e-05
4.68172e-05
4.65425e-05
4.61697e-05
4.59396e-05
4.60694e-05
4.69239e-05
4.87769e-05
5.24467e-05
5.82514e-05
6.85548e-05
8.25912e-05
0.000107655
0.000135581
0.000189569
0.000239029
0.000350809
3.48358e-05
3.07744e-05
2.80281e-05
2.60662e-05
2.46036e-05
2.34746e-05
2.25778e-05
2.18482e-05
2.12428e-05
2.07324e-05
2.02966e-05
1.99215e-05
1.95974e-05
1.93176e-05
1.90778e-05
1.88751e-05
1.8708e-05
1.85753e-05
1.84762e-05
1.84094e-05
1.83729e-05
1.83636e-05
1.83765e-05
1.84043e-05
1.84376e-05
1.84647e-05
1.84722e-05
1.84464e-05
1.84088e-05
1.83621e-05
1.83125e-05
1.82728e-05
1.82633e-05
1.83128e-05
1.84555e-05
1.87253e-05
1.91437e-05
1.97081e-05
2.03849e-05
2.11131e-05
2.18189e-05
2.24347e-05
2.29142e-05
2.32412e-05
2.34277e-05
2.3513e-05
2.35514e-05
2.36202e-05
2.38003e-05
2.42288e-05
2.50463e-05
2.66313e-05
2.93378e-05
3.46802e-05
4.32709e-05
6.13945e-05
8.45845e-05
0.000134277
0.000181342
0.000292288
3.48357e-05
3.07745e-05
2.8029e-05
2.60685e-05
2.46075e-05
2.34803e-05
2.25853e-05
2.18574e-05
2.12535e-05
2.0744e-05
2.03085e-05
1.99324e-05
1.96056e-05
1.93206e-05
1.90724e-05
1.88573e-05
1.86727e-05
1.85164e-05
1.83867e-05
1.82816e-05
1.81988e-05
1.81353e-05
1.80871e-05
1.80491e-05
1.80152e-05
1.79789e-05
1.79334e-05
1.78728e-05
1.78063e-05
1.77332e-05
1.76538e-05
1.75693e-05
1.74825e-05
1.73974e-05
1.7319e-05
1.72532e-05
1.72053e-05
1.71791e-05
1.71754e-05
1.71917e-05
1.72219e-05
1.72578e-05
1.72914e-05
1.73171e-05
1.73332e-05
1.73431e-05
1.73549e-05
1.73831e-05
1.74464e-05
1.75762e-05
1.78115e-05
1.82434e-05
1.89968e-05
2.05378e-05
2.34549e-05
3.13249e-05
4.50641e-05
8.45258e-05
0.000126642
0.000235107
3.48357e-05
3.07745e-05
2.80297e-05
2.60704e-05
2.46109e-05
2.34853e-05
2.2592e-05
2.18658e-05
2.12634e-05
2.07551e-05
2.03202e-05
1.9944e-05
1.96159e-05
1.93281e-05
1.90749e-05
1.88522e-05
1.86567e-05
1.84859e-05
1.83376e-05
1.82096e-05
1.80997e-05
1.80051e-05
1.7923e-05
1.78497e-05
1.77815e-05
1.77145e-05
1.7645e-05
1.75703e-05
1.74944e-05
1.74168e-05
1.73369e-05
1.7255e-05
1.71714e-05
1.70872e-05
1.70033e-05
1.69212e-05
1.68421e-05
1.67673e-05
1.66978e-05
1.6634e-05
1.6576e-05
1.65235e-05
1.6476e-05
1.64337e-05
1.63975e-05
1.63696e-05
1.63543e-05
1.63579e-05
1.63893e-05
1.64601e-05
1.65859e-05
1.67906e-05
1.71134e-05
1.76489e-05
1.85747e-05
2.07771e-05
2.55605e-05
4.66159e-05
7.81561e-05
0.000180321
3.48357e-05
3.07743e-05
2.80301e-05
2.6072e-05
2.46139e-05
2.34898e-05
2.2598e-05
2.18734e-05
2.12724e-05
2.07654e-05
2.03315e-05
1.99557e-05
1.96272e-05
1.93379e-05
1.9082e-05
1.88548e-05
1.86529e-05
1.84733e-05
1.83138e-05
1.81721e-05
1.80461e-05
1.79336e-05
1.78321e-05
1.77393e-05
1.76526e-05
1.75695e-05
1.74878e-05
1.7406e-05
1.73259e-05
1.7247e-05
1.71687e-05
1.7091e-05
1.70139e-05
1.69376e-05
1.68624e-05
1.67888e-05
1.67173e-05
1.66482e-05
1.6582e-05
1.65191e-05
1.64596e-05
1.64039e-05
1.63528e-05
1.63073e-05
1.62699e-05
1.62439e-05
1.62349e-05
1.62498e-05
1.62976e-05
1.6389e-05
1.65379e-05
1.67624e-05
1.70948e-05
1.75747e-05
1.82966e-05
1.94009e-05
2.13902e-05
2.84815e-05
4.45511e-05
0.000130119
3.48356e-05
3.07741e-05
2.80303e-05
2.60731e-05
2.46162e-05
2.34935e-05
2.26033e-05
2.18801e-05
2.12806e-05
2.07749e-05
2.0342e-05
1.9967e-05
1.96387e-05
1.9349e-05
1.90917e-05
1.8862e-05
1.86564e-05
1.84717e-05
1.83056e-05
1.81558e-05
1.80203e-05
1.78972e-05
1.77846e-05
1.76807e-05
1.75835e-05
1.74915e-05
1.74032e-05
1.73174e-05
1.72349e-05
1.71552e-05
1.70779e-05
1.70026e-05
1.69294e-05
1.6858e-05
1.67887e-05
1.67214e-05
1.66564e-05
1.65938e-05
1.65337e-05
1.64763e-05
1.64221e-05
1.63715e-05
1.63257e-05
1.62869e-05
1.62586e-05
1.6246e-05
1.62561e-05
1.62978e-05
1.63816e-05
1.65201e-05
1.67319e-05
1.70424e-05
1.74973e-05
1.81411e-05
1.90778e-05
2.031e-05
2.21855e-05
2.51285e-05
3.19482e-05
8.87026e-05
3.48356e-05
3.07737e-05
2.80302e-05
2.60739e-05
2.46181e-05
2.34967e-05
2.26078e-05
2.1886e-05
2.12878e-05
2.07834e-05
2.03517e-05
1.99776e-05
1.96499e-05
1.93603e-05
1.91025e-05
1.88717e-05
1.86641e-05
1.84766e-05
1.83066e-05
1.81521e-05
1.80111e-05
1.78819e-05
1.77629e-05
1.76525e-05
1.75494e-05
1.74523e-05
1.736e-05
1.72718e-05
1.71878e-05
1.71075e-05
1.70305e-05
1.69564e-05
1.68851e-05
1.68164e-05
1.67502e-05
1.66865e-05
1.66253e-05
1.65666e-05
1.65104e-05
1.64571e-05
1.64071e-05
1.63615e-05
1.63223e-05
1.6293e-05
1.62787e-05
1.62865e-05
1.63254e-05
1.64061e-05
1.65417e-05
1.67497e-05
1.70593e-05
1.75121e-05
1.81769e-05
1.91122e-05
2.04453e-05
2.21278e-05
2.45284e-05
2.70949e-05
3.17123e-05
6.11801e-05
3.48356e-05
3.07732e-05
2.80299e-05
2.60743e-05
2.46196e-05
2.34993e-05
2.26116e-05
2.18911e-05
2.12942e-05
2.07911e-05
2.03605e-05
1.99874e-05
1.96604e-05
1.93713e-05
1.91136e-05
1.88825e-05
1.8674e-05
1.8485e-05
1.8313e-05
1.81558e-05
1.80117e-05
1.7879e-05
1.77563e-05
1.76422e-05
1.75357e-05
1.74355e-05
1.73409e-05
1.72512e-05
1.71662e-05
1.70853e-05
1.70082e-05
1.69347e-05
1.68643e-05
1.67969e-05
1.67323e-05
1.66705e-05
1.66114e-05
1.65549e-05
1.65012e-05
1.64508e-05
1.64047e-05
1.63649e-05
1.63346e-05
1.63191e-05
1.63256e-05
1.63634e-05
1.64435e-05
1.6579e-05
1.67885e-05
1.7101e-05
1.75661e-05
1.8251e-05
1.92511e-05
2.06325e-05
2.25369e-05
2.4857e-05
2.79907e-05
3.10325e-05
3.56971e-05
4.90058e-05
3.48356e-05
3.07726e-05
2.80293e-05
2.60743e-05
2.46205e-05
2.35013e-05
2.26147e-05
2.18954e-05
2.12997e-05
2.07977e-05
2.03683e-05
1.99962e-05
1.96701e-05
1.93817e-05
1.91244e-05
1.88934e-05
1.86847e-05
1.84951e-05
1.83221e-05
1.81636e-05
1.80178e-05
1.78832e-05
1.77584e-05
1.76422e-05
1.75337e-05
1.74318e-05
1.73358e-05
1.72451e-05
1.71594e-05
1.7078e-05
1.70008e-05
1.69273e-05
1.68573e-05
1.67905e-05
1.67267e-05
1.66659e-05
1.6608e-05
1.6553e-05
1.65014e-05
1.64541e-05
1.64132e-05
1.63819e-05
1.63657e-05
1.63719e-05
1.64103e-05
1.6492e-05
1.66309e-05
1.68456e-05
1.71678e-05
1.76503e-05
1.83746e-05
1.94359e-05
2.09482e-05
2.29643e-05
2.56176e-05
2.87155e-05
3.26481e-05
3.62982e-05
4.13645e-05
4.76305e-05
3.48356e-05
3.07719e-05
2.80284e-05
2.6074e-05
2.46209e-05
2.35026e-05
2.26171e-05
2.18989e-05
2.13043e-05
2.08034e-05
2.03751e-05
2.0004e-05
1.96789e-05
1.93912e-05
1.91346e-05
1.8904e-05
1.86954e-05
1.85057e-05
1.83324e-05
1.81734e-05
1.80268e-05
1.78912e-05
1.77653e-05
1.7648e-05
1.75383e-05
1.74355e-05
1.73387e-05
1.72474e-05
1.71611e-05
1.70794e-05
1.7002e-05
1.69284e-05
1.68585e-05
1.67919e-05
1.67286e-05
1.66684e-05
1.66113e-05
1.65579e-05
1.65091e-05
1.6467e-05
1.6435e-05
1.64186e-05
1.64259e-05
1.64668e-05
1.65532e-05
1.66992e-05
1.69245e-05
1.72628e-05
1.77741e-05
1.85486e-05
1.97024e-05
2.13439e-05
2.35806e-05
2.64199e-05
2.995e-05
3.38697e-05
3.85225e-05
4.26713e-05
4.7991e-05
5.15343e-05
3.48356e-05
3.0771e-05
2.80273e-05
2.60732e-05
2.46208e-05
2.35034e-05
2.26188e-05
2.19016e-05
2.13081e-05
2.08082e-05
2.03809e-05
2.00108e-05
1.96865e-05
1.93997e-05
1.91438e-05
1.89137e-05
1.87056e-05
1.85162e-05
1.83429e-05
1.81838e-05
1.80369e-05
1.79009e-05
1.77746e-05
1.76567e-05
1.75465e-05
1.74431e-05
1.73459e-05
1.72542e-05
1.71676e-05
1.70857e-05
1.70081e-05
1.69344e-05
1.68645e-05
1.67981e-05
1.67351e-05
1.66755e-05
1.662e-05
1.65694e-05
1.65261e-05
1.64938e-05
1.64786e-05
1.64887e-05
1.6535e-05
1.66299e-05
1.67882e-05
1.70306e-05
1.73948e-05
1.79482e-05
1.87951e-05
2.00633e-05
2.18824e-05
2.43392e-05
2.74949e-05
3.12726e-05
3.56789e-05
4.03092e-05
4.54519e-05
4.98606e-05
5.51572e-05
5.75468e-05
3.48357e-05
3.07699e-05
2.80259e-05
2.60721e-05
2.46203e-05
2.35036e-05
2.26199e-05
2.19036e-05
2.1311e-05
2.08121e-05
2.03857e-05
2.00165e-05
1.96931e-05
1.94071e-05
1.9152e-05
1.89226e-05
1.8715e-05
1.8526e-05
1.8353e-05
1.8194e-05
1.80473e-05
1.79112e-05
1.77847e-05
1.76667e-05
1.75563e-05
1.74527e-05
1.73552e-05
1.72634e-05
1.71766e-05
1.70946e-05
1.70169e-05
1.69432e-05
1.68733e-05
1.68072e-05
1.67449e-05
1.6687e-05
1.66348e-05
1.65909e-05
1.65594e-05
1.6547e-05
1.6563e-05
1.66189e-05
1.67278e-05
1.69052e-05
1.71742e-05
1.75774e-05
1.81934e-05
1.9141e-05
2.05644e-05
2.25969e-05
2.53361e-05
2.87995e-05
3.29575e-05
3.76251e-05
4.2722e-05
4.77931e-05
5.30956e-05
5.74782e-05
6.24728e-05
6.41969e-05
3.48357e-05
3.07687e-05
2.80243e-05
2.60706e-05
2.46192e-05
2.35032e-05
2.26202e-05
2.19047e-05
2.1313e-05
2.0815e-05
2.03895e-05
2.00212e-05
1.96987e-05
1.94135e-05
1.9159e-05
1.89303e-05
1.87233e-05
1.85349e-05
1.83624e-05
1.82037e-05
1.80572e-05
1.79213e-05
1.77949e-05
1.76769e-05
1.75665e-05
1.74629e-05
1.73654e-05
1.72736e-05
1.71868e-05
1.71048e-05
1.70271e-05
1.69536e-05
1.68842e-05
1.68191e-05
1.6759e-05
1.67057e-05
1.66621e-05
1.66333e-05
1.6627e-05
1.66535e-05
1.67251e-05
1.6856e-05
1.70627e-05
1.73715e-05
1.78339e-05
1.85426e-05
1.96341e-05
2.12638e-05
2.35691e-05
2.66312e-05
3.046e-05
3.49615e-05
3.99968e-05
4.52973e-05
5.07392e-05
5.58941e-05
6.10123e-05
6.5104e-05
6.95648e-05
7.07501e-05
3.48357e-05
3.07673e-05
2.80223e-05
2.60687e-05
2.46177e-05
2.35022e-05
2.26199e-05
2.19052e-05
2.13142e-05
2.0817e-05
2.03923e-05
2.00248e-05
1.97031e-05
1.94186e-05
1.9165e-05
1.89369e-05
1.87306e-05
1.85427e-05
1.83707e-05
1.82125e-05
1.80663e-05
1.79307e-05
1.78046e-05
1.76868e-05
1.75766e-05
1.74731e-05
1.73758e-05
1.7284e-05
1.71974e-05
1.71156e-05
1.70383e-05
1.69657e-05
1.6898e-05
1.68364e-05
1.67831e-05
1.67421e-05
1.67197e-05
1.67248e-05
1.67692e-05
1.68663e-05
1.7031e-05
1.72817e-05
1.76511e-05
1.82037e-05
1.90521e-05
2.03494e-05
2.2257e-05
2.49018e-05
2.83443e-05
3.25548e-05
3.74206e-05
4.27387e-05
4.83015e-05
5.38289e-05
5.92121e-05
6.41037e-05
6.87451e-05
7.23389e-05
7.60916e-05
7.67624e-05
3.48358e-05
3.07658e-05
2.80201e-05
2.60663e-05
2.46156e-05
2.35006e-05
2.26189e-05
2.19048e-05
2.13145e-05
2.08181e-05
2.03941e-05
2.00274e-05
1.97064e-05
1.94227e-05
1.91697e-05
1.89424e-05
1.87367e-05
1.85494e-05
1.83779e-05
1.82202e-05
1.80745e-05
1.79394e-05
1.78136e-05
1.76962e-05
1.75862e-05
1.74831e-05
1.7386e-05
1.72946e-05
1.72086e-05
1.71277e-05
1.70521e-05
1.69827e-05
1.69211e-05
1.68706e-05
1.68366e-05
1.68272e-05
1.68532e-05
1.69278e-05
1.70656e-05
1.72822e-05
1.76002e-05
1.80634e-05
1.87575e-05
1.98179e-05
2.14095e-05
2.36855e-05
2.67467e-05
3.06136e-05
3.52171e-05
4.04015e-05
4.59604e-05
5.16513e-05
5.72746e-05
6.26034e-05
6.75699e-05
7.19223e-05
7.58717e-05
7.88247e-05
8.17447e-05
8.19085e-05
3.48359e-05
3.0764e-05
2.80175e-05
2.60635e-05
2.4613e-05
2.34983e-05
2.26171e-05
2.19036e-05
2.1314e-05
2.08182e-05
2.0395e-05
2.00289e-05
1.97087e-05
1.94257e-05
1.91734e-05
1.89467e-05
1.87417e-05
1.8555e-05
1.83842e-05
1.82271e-05
1.80819e-05
1.79474e-05
1.78221e-05
1.77053e-05
1.7596e-05
1.74935e-05
1.73972e-05
1.73071e-05
1.72231e-05
1.71459e-05
1.70769e-05
1.70191e-05
1.69774e-05
1.69595e-05
1.69758e-05
1.70395e-05
1.7165e-05
1.73675e-05
1.76647e-05
1.80883e-05
1.87036e-05
1.96246e-05
2.10063e-05
2.30093e-05
2.57565e-05
2.93012e-05
3.36113e-05
3.85705e-05
4.39986e-05
4.96785e-05
5.53982e-05
6.09551e-05
6.62043e-05
7.09904e-05
7.52777e-05
7.89021e-05
8.20166e-05
8.42416e-05
8.62399e-05
8.59126e-05
3.48359e-05
3.07621e-05
2.80145e-05
2.60602e-05
2.46097e-05
2.34953e-05
2.26145e-05
2.19015e-05
2.13125e-05
2.08174e-05
2.03948e-05
2.00295e-05
1.971e-05
1.94277e-05
1.91762e-05
1.89503e-05
1.87461e-05
1.85602e-05
1.83902e-05
1.8234e-05
1.80899e-05
1.79564e-05
1.78324e-05
1.7717e-05
1.76094e-05
1.75091e-05
1.7416e-05
1.73309e-05
1.72555e-05
1.71928e-05
1.71478e-05
1.71283e-05
1.71453e-05
1.72119e-05
1.7343e-05
1.75533e-05
1.78586e-05
1.82846e-05
1.88847e-05
1.97571e-05
2.10427e-05
2.28956e-05
2.54419e-05
2.87468e-05
3.27983e-05
3.7507e-05
4.27207e-05
4.82501e-05
5.38992e-05
5.94828e-05
6.48461e-05
6.98531e-05
7.44115e-05
7.84237e-05
8.18654e-05
8.46484e-05
8.68418e-05
8.82945e-05
8.93029e-05
8.85148e-05
3.4836e-05
3.07597e-05
2.8011e-05
2.60562e-05
2.46055e-05
2.34913e-05
2.26109e-05
2.18984e-05
2.131e-05
2.08156e-05
2.03939e-05
2.00295e-05
1.9711e-05
1.94299e-05
1.91796e-05
1.89551e-05
1.87524e-05
1.85683e-05
1.84004e-05
1.82465e-05
1.81052e-05
1.79751e-05
1.78554e-05
1.77453e-05
1.76447e-05
1.75535e-05
1.74738e-05
1.74103e-05
1.7369e-05
1.73589e-05
1.73916e-05
1.74815e-05
1.76434e-05
1.78914e-05
1.82402e-05
1.87135e-05
1.93614e-05
2.0275e-05
2.1583e-05
2.34237e-05
2.59084e-05
2.90928e-05
3.29651e-05
3.74471e-05
4.24082e-05
4.76871e-05
5.31153e-05
5.85341e-05
6.38044e-05
6.88065e-05
7.34434e-05
7.76303e-05
8.13058e-05
8.44123e-05
8.69173e-05
8.88029e-05
9.00285e-05
9.06948e-05
9.06549e-05
8.94493e-05
3.48359e-05
3.07567e-05
2.80063e-05
2.60505e-05
2.45995e-05
2.34854e-05
2.26055e-05
2.18939e-05
2.13068e-05
2.0814e-05
2.03942e-05
2.0032e-05
1.97162e-05
1.94383e-05
1.91917e-05
1.89715e-05
1.87739e-05
1.85959e-05
1.84353e-05
1.82904e-05
1.81601e-05
1.80439e-05
1.79416e-05
1.7854e-05
1.77823e-05
1.77293e-05
1.77055e-05
1.77245e-05
1.77997e-05
1.79462e-05
1.8178e-05
1.85076e-05
1.8949e-05
1.95292e-05
2.03035e-05
2.13635e-05
2.28252e-05
2.48003e-05
2.73675e-05
3.05542e-05
3.43314e-05
3.86202e-05
4.33053e-05
4.82534e-05
5.33298e-05
5.8409e-05
6.33807e-05
6.81488e-05
7.26304e-05
7.67529e-05
8.04535e-05
8.36771e-05
8.63748e-05
8.85163e-05
9.00474e-05
9.10195e-05
9.12572e-05
9.11426e-05
8.99973e-05
8.84278e-05
3.48351e-05
3.07517e-05
2.79983e-05
2.60406e-05
2.45889e-05
2.34755e-05
2.25975e-05
2.18892e-05
2.13065e-05
2.08194e-05
2.04067e-05
2.00531e-05
1.97474e-05
1.94815e-05
1.92491e-05
1.90459e-05
1.88685e-05
1.87148e-05
1.85836e-05
1.84745e-05
1.83881e-05
1.83263e-05
1.82918e-05
1.82895e-05
1.8326e-05
1.84116e-05
1.85761e-05
1.88328e-05
1.91928e-05
1.96668e-05
2.02734e-05
2.10516e-05
2.20684e-05
2.34121e-05
2.51724e-05
2.74168e-05
3.01758e-05
3.34369e-05
3.71485e-05
4.12295e-05
4.5582e-05
5.01037e-05
5.4697e-05
5.92739e-05
6.37568e-05
6.80771e-05
7.21732e-05
7.5989e-05
7.94724e-05
8.25747e-05
8.52489e-05
8.74558e-05
8.91477e-05
9.03148e-05
9.08708e-05
9.09425e-05
9.01889e-05
8.93078e-05
8.70026e-05
8.51278e-05
3.48317e-05
3.07394e-05
2.79791e-05
2.60175e-05
2.45659e-05
2.34571e-05
2.25883e-05
2.18937e-05
2.13293e-05
2.08651e-05
2.04802e-05
2.01596e-05
1.98928e-05
1.96723e-05
1.9493e-05
1.93518e-05
1.9247e-05
1.91787e-05
1.91482e-05
1.91583e-05
1.92137e-05
1.93209e-05
1.94889e-05
1.97298e-05
2.00599e-05
2.05042e-05
2.10807e-05
2.18028e-05
2.27041e-05
2.38363e-05
2.52615e-05
2.7037e-05
2.92012e-05
3.17646e-05
3.47085e-05
3.7989e-05
4.15448e-05
4.53057e-05
4.92003e-05
5.31617e-05
5.71295e-05
6.10506e-05
6.48773e-05
6.85663e-05
7.20773e-05
7.53716e-05
7.84111e-05
8.1158e-05
8.35736e-05
8.56205e-05
8.72574e-05
8.84538e-05
8.91566e-05
8.93748e-05
8.89803e-05
8.81866e-05
8.64528e-05
8.48148e-05
8.13182e-05
7.91931e-05
3.48166e-05
3.06995e-05
2.79204e-05
2.59515e-05
2.45072e-05
2.3421e-05
2.25899e-05
2.19473e-05
2.14487e-05
2.10636e-05
2.07709e-05
2.05559e-05
2.04085e-05
2.03221e-05
2.02929e-05
2.03195e-05
2.04028e-05
2.0546e-05
2.07551e-05
2.10391e-05
2.14111e-05
2.18888e-05
2.24957e-05
2.32616e-05
2.42227e-05
2.5414e-05
2.6833e-05
2.85087e-05
3.04609e-05
3.26937e-05
3.51937e-05
3.79314e-05
4.08662e-05
4.39519e-05
4.71416e-05
5.03913e-05
5.36616e-05
5.69181e-05
6.01304e-05
6.32711e-05
6.6315e-05
6.92383e-05
7.20175e-05
7.4629e-05
7.7048e-05
7.92484e-05
8.12018e-05
8.28782e-05
8.42445e-05
8.52683e-05
8.59093e-05
8.61429e-05
8.59063e-05
8.52288e-05
8.3932e-05
8.23325e-05
7.9653e-05
7.72902e-05
7.26152e-05
7.02676e-05
3.47492e-05
3.05491e-05
2.77154e-05
2.57355e-05
2.43267e-05
2.33189e-05
2.26033e-05
2.2107e-05
2.17799e-05
2.1587e-05
2.15045e-05
2.15171e-05
2.16167e-05
2.18011e-05
2.20735e-05
2.24418e-05
2.29181e-05
2.35176e-05
2.42581e-05
2.51588e-05
2.62396e-05
2.75197e-05
2.90164e-05
3.07435e-05
3.27101e-05
3.48852e-05
3.72114e-05
3.96616e-05
4.22039e-05
4.48059e-05
4.74372e-05
5.00713e-05
5.26864e-05
5.52647e-05
5.77912e-05
6.02531e-05
6.26388e-05
6.49376e-05
6.7139e-05
6.92326e-05
7.12072e-05
7.30506e-05
7.47487e-05
7.62855e-05
7.76423e-05
7.87979e-05
7.97277e-05
8.04051e-05
8.07987e-05
8.08796e-05
8.06064e-05
7.99601e-05
7.88671e-05
7.73807e-05
7.52673e-05
7.29631e-05
6.94311e-05
6.64554e-05
6.07226e-05
5.81314e-05
3.44275e-05
2.99309e-05
2.69369e-05
2.49368e-05
2.36218e-05
2.27926e-05
2.23175e-05
2.21102e-05
2.2117e-05
2.23067e-05
2.2663e-05
2.31785e-05
2.38505e-05
2.46781e-05
2.56609e-05
2.67982e-05
2.80881e-05
2.95277e-05
3.11129e-05
3.28378e-05
3.46951e-05
3.66756e-05
3.87691e-05
4.09638e-05
4.32463e-05
4.55495e-05
4.78133e-05
5.00153e-05
5.21387e-05
5.41739e-05
5.61165e-05
5.79655e-05
5.97212e-05
6.13842e-05
6.29548e-05
6.44329e-05
6.58175e-05
6.71065e-05
6.82965e-05
6.93826e-05
7.0358e-05
7.12136e-05
7.19379e-05
7.25169e-05
7.29338e-05
7.3169e-05
7.31999e-05
7.30025e-05
7.25477e-05
7.18102e-05
7.07494e-05
6.93547e-05
6.75441e-05
6.54009e-05
6.26425e-05
5.98258e-05
5.56887e-05
5.23133e-05
4.59907e-05
4.31424e-05
3.27741e-05
2.73556e-05
2.40654e-05
2.21791e-05
2.12428e-05
2.09751e-05
2.11961e-05
2.17856e-05
2.2659e-05
2.37535e-05
2.50212e-05
2.6424e-05
2.79323e-05
2.95222e-05
3.11749e-05
3.28755e-05
3.46118e-05
3.63737e-05
3.8153e-05
3.99426e-05
4.17361e-05
4.35277e-05
4.53119e-05
4.70833e-05
4.88371e-05
5.05213e-05
5.20653e-05
5.34648e-05
5.47311e-05
5.58794e-05
5.69237e-05
5.78748e-05
5.87399e-05
5.95238e-05
6.02289e-05
6.08554e-05
6.14023e-05
6.18666e-05
6.22438e-05
6.25275e-05
6.27097e-05
6.27806e-05
6.27284e-05
6.25401e-05
6.22005e-05
6.16936e-05
6.1001e-05
6.01046e-05
5.89819e-05
5.76165e-05
5.59756e-05
5.40623e-05
5.18013e-05
4.93028e-05
4.628e-05
4.33465e-05
3.92119e-05
3.59146e-05
3.01712e-05
2.74186e-05
2.52443e-05
1.99308e-05
1.79336e-05
1.75188e-05
1.79931e-05
1.90045e-05
2.03374e-05
2.18481e-05
2.34412e-05
2.50554e-05
2.66532e-05
2.8213e-05
2.97242e-05
3.11823e-05
3.25864e-05
3.39371e-05
3.52355e-05
3.64828e-05
3.76795e-05
3.88262e-05
3.99228e-05
4.09688e-05
4.19635e-05
4.29057e-05
4.37938e-05
4.4602e-05
4.52985e-05
4.59178e-05
4.64816e-05
4.69982e-05
4.74678e-05
4.78866e-05
4.82487e-05
4.85476e-05
4.87766e-05
4.89286e-05
4.89967e-05
4.89735e-05
4.88514e-05
4.86227e-05
4.82797e-05
4.78145e-05
4.72199e-05
4.64888e-05
4.56146e-05
4.45916e-05
4.34143e-05
4.20785e-05
4.05798e-05
3.89174e-05
3.70863e-05
3.50974e-05
3.29362e-05
3.06568e-05
2.81883e-05
2.57416e-05
2.29556e-05
2.04527e-05
1.75101e-05
1.56702e-05
1.50997e-05
1.55856e-05
1.57871e-05
1.59569e-05
1.61673e-05
1.64347e-05
1.67591e-05
1.71317e-05
1.7539e-05
1.7967e-05
1.84035e-05
1.88387e-05
1.92649e-05
1.96761e-05
2.00677e-05
2.04364e-05
2.07797e-05
2.10956e-05
2.13826e-05
2.16394e-05
2.18649e-05
2.20582e-05
2.22185e-05
2.2345e-05
2.24372e-05
2.24931e-05
2.25072e-05
2.24786e-05
2.24084e-05
2.22986e-05
2.21511e-05
2.19674e-05
2.1749e-05
2.1497e-05
2.12125e-05
2.08968e-05
2.05514e-05
2.01777e-05
1.97779e-05
1.9354e-05
1.89087e-05
1.84447e-05
1.79653e-05
1.74742e-05
1.69751e-05
1.64723e-05
1.59702e-05
1.54736e-05
1.49869e-05
1.45154e-05
1.40625e-05
1.36356e-05
1.3232e-05
1.28712e-05
1.25216e-05
1.2265e-05
1.19335e-05
1.18549e-05
1.14985e-05
1.17691e-05
)
;

boundaryField
{
    inlet
    {
        type            calculated;
        value           uniform 4.12857e-05;
    }
    outlet
    {
        type            calculated;
        value           nonuniform List<scalar> 
100
(
1.42803e-05
7.92228e-05
0.000201264
0.000342317
0.000485404
0.000624151
0.000755984
0.000879885
0.000995554
0.00110305
0.0012026
0.00129453
0.00137921
0.00145699
0.00152824
0.00159332
0.00165255
0.00170625
0.00175471
0.00179821
0.00183698
0.00187128
0.00190131
0.00192728
0.00194938
0.00196779
0.00198266
0.00199415
0.00200241
0.00200755
0.00200972
0.00200902
0.00200557
0.00199946
0.00199079
0.00197967
0.00196616
0.00195036
0.00193235
0.00191219
0.00188996
0.00186572
0.00183954
0.00181148
0.0017816
0.00174996
0.00171661
0.0016816
0.00164499
0.00160682
0.00156715
0.00152601
0.00148347
0.00143956
0.00139432
0.0013478
0.00130006
0.00125112
0.00120103
0.00114985
0.00109761
0.00104437
0.000990166
0.000935061
0.000879107
0.000822365
0.000764901
0.000706787
0.000648108
0.000588959
0.000529452
0.00046972
0.00041008
0.000350809
0.000292288
0.000235107
0.000180321
0.000130119
8.87026e-05
6.11801e-05
4.90058e-05
4.76305e-05
5.15343e-05
5.75468e-05
6.41969e-05
7.07501e-05
7.67624e-05
8.19085e-05
8.59126e-05
8.85148e-05
8.94493e-05
8.84278e-05
8.51278e-05
7.91931e-05
7.02676e-05
5.81314e-05
4.31424e-05
2.74186e-05
1.56702e-05
1.17691e-05
)
;
    }
    fixedWalls
    {
        type            nutkWallFunction;
        Cmu             0.09;
        kappa           0.41;
        E               9.8;
        value           nonuniform List<scalar> 
120
(
5.36725e-07
6.14605e-07
6.4679e-07
6.73878e-07
7.07366e-07
7.49834e-07
8.01218e-07
8.60066e-07
9.24172e-07
9.91292e-07
1.05951e-06
1.12729e-06
1.19345e-06
1.25706e-06
1.31747e-06
1.37419e-06
1.42687e-06
1.47523e-06
1.51908e-06
1.55823e-06
1.59257e-06
1.62196e-06
1.6463e-06
1.66549e-06
1.67948e-06
1.68793e-06
1.69007e-06
1.68573e-06
1.6751e-06
1.65844e-06
1.63605e-06
1.60814e-06
1.5749e-06
1.53649e-06
1.49306e-06
1.44477e-06
1.3918e-06
1.33437e-06
1.27273e-06
1.20719e-06
1.13811e-06
1.06588e-06
9.90976e-07
9.1392e-07
8.35293e-07
7.55736e-07
6.7593e-07
5.96621e-07
5.18525e-07
4.42511e-07
3.69134e-07
2.99647e-07
2.33647e-07
1.7439e-07
1.16736e-07
7.4252e-08
1.91673e-08
6.07369e-09
0
0
9.7541e-08
0
0
0
0
0
0
0
0
0
0
0
0
0
0
0
0
0
0
0
0
5.47691e-08
1.62269e-07
2.65177e-07
3.63294e-07
4.56388e-07
5.44192e-07
6.2648e-07
7.03021e-07
7.73603e-07
8.38259e-07
8.96561e-07
9.48063e-07
9.92613e-07
1.02996e-06
1.05987e-06
1.08213e-06
1.09656e-06
1.10293e-06
1.1012e-06
1.09103e-06
1.0727e-06
1.04555e-06
1.0104e-06
9.66317e-07
9.1365e-07
8.89063e-07
8.71123e-07
8.40667e-07
8.13614e-07
7.67372e-07
7.34811e-07
6.69998e-07
6.38964e-07
5.50359e-07
5.33412e-07
4.11758e-07
4.32096e-07
2.67048e-07
4.04567e-07
)
;
    }
    frontAndBack
    {
        type            empty;
    }
}


// ************************************************************************* //
