/*--------------------------------*- C++ -*----------------------------------*\
| =========                 |                                                 |
| \\      /  F ield         | OpenFOAM: The Open Source CFD Toolbox           |
|  \\    /   O peration     | Version:  2.4.0                                 |
|   \\  /    A nd           | Web:      www.OpenFOAM.org                      |
|    \\/     M anipulation  |                                                 |
\*---------------------------------------------------------------------------*/
FoamFile
{
    version     2.0;
    format      ascii;
    class       volScalarField;
    location    "1.7";
    object      p;
}
// * * * * * * * * * * * * * * * * * * * * * * * * * * * * * * * * * * * * * //

dimensions      [0 2 -2 0 0 0 0];

internalField   nonuniform List<scalar> 
5625
(
0.0750688
0.255782
0.276598
0.30124
0.310023
0.318231
0.32262
0.326509
0.329075
0.331217
0.33273
0.33413
0.335603
0.337415
0.33942
0.341004
0.341226
0.339352
0.335016
0.327924
0.317583
0.303614
0.286612
0.269384
0.256486
0.25217
0.259076
0.277962
0.307763
0.345062
0.385486
0.42412
0.457328
0.483054
0.501213
0.512541
0.518689
0.520911
0.520593
0.518626
0.515923
0.512848
0.50997
0.507258
0.505119
0.503234
0.501988
0.500839
0.500246
0.499495
0.499184
0.498412
0.497948
0.496661
0.4955
0.493068
0.490566
0.486309
0.48189
0.475265
0.468566
0.459188
0.449973
0.437436
0.425304
0.408855
0.392962
0.371134
0.349878
0.319969
0.290492
0.247369
0.20454
0.136729
0.0709531
0.103035
0.256718
0.276776
0.301022
0.309858
0.318086
0.322507
0.326415
0.328999
0.331157
0.332685
0.334084
0.335527
0.33729
0.339257
0.340842
0.341112
0.339311
0.335104
0.328179
0.318165
0.304447
0.28761
0.270377
0.257232
0.252495
0.259007
0.27754
0.307017
0.343961
0.384393
0.423152
0.456543
0.482459
0.50079
0.512246
0.518493
0.520787
0.520515
0.518577
0.515888
0.512821
0.509944
0.507233
0.505085
0.503199
0.501936
0.500782
0.500184
0.499425
0.499103
0.49832
0.497838
0.496534
0.495349
0.492892
0.490357
0.486063
0.481602
0.47493
0.46818
0.458777
0.449486
0.436942
0.424708
0.408232
0.392227
0.370347
0.34896
0.318955
0.289296
0.246025
0.202904
0.134846
0.0682301
0.124121
0.257259
0.277055
0.300977
0.309785
0.317999
0.322434
0.326346
0.328946
0.33112
0.332658
0.334049
0.335464
0.337194
0.339134
0.340726
0.341046
0.339341
0.335257
0.328562
0.318644
0.305071
0.288239
0.270784
0.257239
0.252077
0.258214
0.276483
0.305715
0.342808
0.38341
0.42241
0.45604
0.482144
0.500614
0.512136
0.518436
0.520757
0.520495
0.518557
0.515865
0.512788
0.509907
0.507189
0.505043
0.503149
0.501885
0.500725
0.500125
0.499359
0.499033
0.498239
0.497752
0.496435
0.495242
0.492767
0.490218
0.485901
0.481419
0.474719
0.467943
0.458483
0.449171
0.436538
0.424287
0.407733
0.391666
0.369694
0.348196
0.318085
0.28827
0.244829
0.201455
0.133128
0.0658901
0.137703
0.257711
0.277378
0.300983
0.309762
0.317947
0.322384
0.326299
0.328907
0.331092
0.332633
0.334011
0.335395
0.33709
0.339014
0.340634
0.341025
0.339427
0.335475
0.328952
0.319204
0.305683
0.288635
0.270679
0.256513
0.25084
0.256658
0.27477
0.303945
0.341202
0.382155
0.421559
0.455544
0.481907
0.50055
0.512123
0.518467
0.520788
0.52051
0.518551
0.515838
0.512741
0.50985
0.507124
0.504975
0.503066
0.501815
0.500653
0.500056
0.499283
0.498958
0.498154
0.497664
0.496332
0.495132
0.492637
0.490074
0.485728
0.481222
0.474482
0.467675
0.45817
0.448819
0.436137
0.423839
0.407198
0.391099
0.369023
0.34747
0.317221
0.287287
0.243668
0.200066
0.131537
0.0639183
0.148004
0.258283
0.277736
0.301018
0.30978
0.317918
0.32235
0.326263
0.328877
0.33107
0.332612
0.333971
0.335318
0.336974
0.338885
0.340547
0.341033
0.339565
0.335755
0.329436
0.319828
0.306221
0.288716
0.269997
0.255051
0.248849
0.254442
0.272528
0.301677
0.339195
0.380603
0.420523
0.454958
0.481648
0.500472
0.512173
0.518531
0.520843
0.520535
0.518541
0.515797
0.512676
0.509776
0.507038
0.504879
0.502973
0.501727
0.500564
0.499972
0.499194
0.49887
0.498056
0.497564
0.496218
0.495011
0.492495
0.489917
0.48554
0.48101
0.474231
0.467393
0.457842
0.448455
0.43572
0.42338
0.40668
0.39052
0.368353
0.346728
0.316346
0.286314
0.242518
0.198739
0.130118
0.0620774
0.156899
0.258926
0.278116
0.30108
0.309828
0.31791
0.322334
0.326238
0.328857
0.331056
0.332594
0.33393
0.335233
0.336844
0.338744
0.340462
0.341067
0.339763
0.336115
0.330024
0.320504
0.306633
0.288411
0.26871
0.252907
0.246226
0.251692
0.269779
0.298996
0.336846
0.378785
0.419303
0.454262
0.481333
0.500376
0.512216
0.5186
0.520899
0.520555
0.518519
0.515738
0.512587
0.50967
0.506933
0.504766
0.502862
0.501624
0.500461
0.499875
0.499092
0.49877
0.497945
0.497452
0.49609
0.494878
0.492339
0.489747
0.485339
0.480786
0.473966
0.467098
0.4575
0.448079
0.435289
0.422911
0.406144
0.389935
0.367684
0.345986
0.315493
0.285347
0.241409
0.197436
0.128773
0.0603707
0.164851
0.259572
0.278506
0.301154
0.309901
0.317923
0.322334
0.326225
0.328847
0.33105
0.332582
0.333888
0.33514
0.3367
0.338589
0.340376
0.341132
0.340038
0.336732
0.330741
0.321226
0.306897
0.287716
0.266877
0.250205
0.243121
0.248534
0.266602
0.295997
0.334204
0.376726
0.417908
0.453447
0.480947
0.500237
0.51223
0.518652
0.520942
0.520558
0.518475
0.515653
0.512472
0.509539
0.506806
0.504633
0.502733
0.501504
0.500344
0.499765
0.498978
0.498657
0.49782
0.497326
0.495947
0.49473
0.492169
0.489564
0.485123
0.480547
0.473684
0.466788
0.457141
0.44769
0.434844
0.422432
0.405597
0.389344
0.367005
0.345244
0.314635
0.28439
0.240313
0.196162
0.12751
0.058799
0.172069
0.260209
0.278897
0.30123
0.309993
0.317951
0.322351
0.326224
0.328846
0.331051
0.332575
0.333847
0.335041
0.33654
0.338417
0.340289
0.341235
0.340403
0.337369
0.331605
0.322002
0.307018
0.286677
0.264613
0.247101
0.239688
0.245094
0.263199
0.292762
0.331323
0.374461
0.416352
0.452514
0.480472
0.500043
0.512199
0.518671
0.520954
0.520532
0.518402
0.515539
0.512329
0.50938
0.506618
0.50448
0.502587
0.501371
0.500214
0.499643
0.498851
0.498532
0.497683
0.497186
0.495791
0.494568
0.491983
0.489366
0.48489
0.480293
0.473387
0.466464
0.456768
0.44729
0.434387
0.421945
0.405041
0.38875
0.366323
0.344505
0.313781
0.283443
0.239236
0.19492
0.126329
0.0573509
0.178766
0.260858
0.279285
0.3013
0.310095
0.317992
0.322381
0.326233
0.328855
0.33106
0.332573
0.333807
0.334941
0.336366
0.338228
0.340202
0.34138
0.340872
0.338175
0.332632
0.322836
0.307016
0.285373
0.262052
0.243745
0.236063
0.241495
0.259654
0.28936
0.328261
0.372026
0.414654
0.451465
0.479905
0.499776
0.512105
0.51864
0.520924
0.520468
0.518292
0.515391
0.512155
0.509195
0.506434
0.504308
0.502426
0.501224
0.500073
0.49951
0.498713
0.498395
0.497533
0.497034
0.49562
0.494393
0.491782
0.489153
0.484642
0.480025
0.473074
0.466128
0.456382
0.44688
0.433921
0.421453
0.404481
0.388156
0.365641
0.343771
0.312934
0.28251
0.238184
0.19371
0.125226
0.0560158
0.185107
0.261543
0.279673
0.301359
0.310203
0.318042
0.322422
0.326252
0.328871
0.331076
0.332577
0.33377
0.334807
0.336179
0.338023
0.340113
0.341571
0.341455
0.339158
0.333827
0.323735
0.306926
0.283893
0.259323
0.240272
0.232363
0.237845
0.256053
0.285867
0.325081
0.369463
0.412835
0.45031
0.479241
0.499423
0.511934
0.518544
0.520838
0.520355
0.51814
0.515206
0.511949
0.508983
0.50623
0.504118
0.50225
0.501066
0.499921
0.499367
0.498565
0.498248
0.497371
0.496869
0.495436
0.494204
0.491568
0.488927
0.48438
0.479744
0.472749
0.465782
0.455984
0.446463
0.433447
0.420957
0.403917
0.387563
0.364961
0.343045
0.312098
0.281593
0.237162
0.192535
0.124197
0.0547848
0.191193
0.262288
0.280068
0.301407
0.310309
0.318096
0.322473
0.32628
0.328895
0.331098
0.332587
0.333738
0.334705
0.335982
0.337802
0.340023
0.341807
0.342154
0.340313
0.335186
0.3247
0.306787
0.282329
0.256546
0.236796
0.228691
0.234244
0.25248
0.282362
0.321846
0.366814
0.41092
0.449058
0.478472
0.49897
0.511669
0.518365
0.520682
0.520183
0.517938
0.51498
0.511709
0.508744
0.506004
0.503912
0.502061
0.500897
0.49976
0.499216
0.498408
0.498091
0.497199
0.496693
0.49524
0.494003
0.49134
0.48869
0.484106
0.479453
0.472412
0.465426
0.455579
0.44604
0.432969
0.420462
0.403354
0.386976
0.364288
0.342329
0.311277
0.280694
0.23617
0.191396
0.123237
0.05365
0.197069
0.263112
0.28048
0.301446
0.310411
0.318151
0.32253
0.326314
0.328926
0.331126
0.332603
0.333711
0.334602
0.335779
0.337568
0.339931
0.342085
0.342962
0.341631
0.336694
0.325731
0.30664
0.280764
0.253821
0.233415
0.225137
0.230783
0.249015
0.278921
0.318617
0.364124
0.408942
0.447709
0.477592
0.498399
0.511291
0.518088
0.520441
0.519942
0.51768
0.514709
0.511433
0.508476
0.505723
0.503691
0.501861
0.500718
0.499591
0.499057
0.498244
0.497926
0.497017
0.496507
0.495032
0.493791
0.491101
0.488441
0.48382
0.479152
0.472065
0.465063
0.455166
0.445614
0.432488
0.419968
0.402795
0.386395
0.363625
0.341626
0.310475
0.279816
0.235213
0.190293
0.122342
0.0526037
0.202758
0.264031
0.280923
0.30148
0.310506
0.318203
0.322592
0.326354
0.328962
0.331158
0.332624
0.333691
0.334502
0.335576
0.337324
0.339836
0.342397
0.343865
0.343087
0.338327
0.326822
0.306521
0.279272
0.251235
0.230213
0.221779
0.227507
0.245736
0.275616
0.315447
0.361462
0.406924
0.446265
0.476589
0.497694
0.51078
0.517691
0.520099
0.519618
0.517356
0.514387
0.51112
0.508186
0.505467
0.503456
0.50165
0.500532
0.499416
0.498893
0.498074
0.497754
0.496827
0.496312
0.494815
0.493569
0.490851
0.488183
0.483524
0.478842
0.47171
0.464695
0.454749
0.445187
0.432008
0.419477
0.402241
0.385823
0.362974
0.340938
0.309695
0.27896
0.234292
0.18923
0.121506
0.051639
0.208271
0.265054
0.281409
0.301518
0.310593
0.318251
0.322656
0.326398
0.329002
0.331192
0.332649
0.333678
0.334409
0.335378
0.337073
0.339736
0.342733
0.344841
0.344651
0.340054
0.327965
0.306461
0.277912
0.24886
0.227262
0.218685
0.224443
0.242712
0.272508
0.312402
0.358903
0.40487
0.444731
0.475452
0.496835
0.510115
0.517153
0.519637
0.519198
0.516958
0.51401
0.510767
0.50787
0.50519
0.503208
0.50143
0.500339
0.499236
0.498724
0.497899
0.497576
0.496629
0.496108
0.494588
0.493337
0.490592
0.487916
0.48322
0.478526
0.471349
0.464322
0.454329
0.44476
0.43153
0.418992
0.401695
0.385261
0.362338
0.340265
0.308937
0.278129
0.233408
0.188206
0.120728
0.0507498
0.213615
0.266184
0.281948
0.301569
0.310676
0.318293
0.32272
0.326445
0.329046
0.33123
0.332679
0.333673
0.334327
0.335183
0.336821
0.33963
0.343079
0.345866
0.346285
0.341837
0.329148
0.306484
0.276734
0.246753
0.224626
0.215919
0.221737
0.239996
0.269656
0.309604
0.356402
0.402817
0.44311
0.47417
0.495802
0.509271
0.516452
0.519036
0.518665
0.516474
0.513571
0.510371
0.507525
0.50489
0.502945
0.501203
0.500142
0.499053
0.498552
0.497721
0.497393
0.496426
0.495896
0.494352
0.493096
0.490324
0.487641
0.482908
0.478203
0.470983
0.463946
0.453908
0.444334
0.431055
0.418513
0.401159
0.384711
0.361718
0.339611
0.308205
0.277323
0.232562
0.187223
0.120002
0.0499302
0.218794
0.267417
0.282551
0.301642
0.310756
0.31833
0.322784
0.326494
0.329092
0.331268
0.33271
0.333675
0.334259
0.335008
0.336574
0.339519
0.343423
0.34691
0.347947
0.34364
0.330356
0.306606
0.275773
0.244963
0.222356
0.213537
0.219417
0.237637
0.267124
0.307041
0.354029
0.400786
0.441407
0.472732
0.494576
0.508227
0.515565
0.518273
0.518004
0.515892
0.513063
0.509929
0.507148
0.50457
0.502676
0.500971
0.499943
0.498869
0.498379
0.497541
0.497207
0.496219
0.495678
0.494109
0.492848
0.490048
0.487358
0.48259
0.477875
0.470612
0.463568
0.453486
0.44391
0.430585
0.418041
0.400633
0.384174
0.361116
0.338976
0.3075
0.276544
0.231755
0.186283
0.119326
0.049175
0.223811
0.268748
0.28322
0.301747
0.310839
0.318363
0.322846
0.326543
0.32914
0.331308
0.332744
0.333684
0.334204
0.33485
0.336342
0.339405
0.343753
0.347941
0.349595
0.345421
0.331572
0.306836
0.275057
0.243525
0.220496
0.211585
0.217525
0.235682
0.264933
0.304748
0.351821
0.398795
0.439623
0.471128
0.493139
0.50696
0.514468
0.51733
0.517196
0.5152
0.512477
0.509436
0.506739
0.504232
0.502399
0.500736
0.499743
0.498687
0.498208
0.497363
0.49702
0.496008
0.495455
0.493861
0.492591
0.489765
0.487069
0.482265
0.477541
0.470238
0.463188
0.453066
0.443489
0.430122
0.417578
0.400121
0.383652
0.360533
0.338361
0.306822
0.275794
0.230985
0.185384
0.118696
0.0484794
0.228673
0.270167
0.28396
0.301892
0.31093
0.318395
0.322907
0.326595
0.32919
0.331348
0.332779
0.333699
0.334165
0.334714
0.336133
0.33929
0.344057
0.348933
0.351186
0.347145
0.33278
0.307177
0.274601
0.242467
0.21908
0.210099
0.216079
0.234144
0.263126
0.30276
0.349809
0.39686
0.437761
0.46935
0.491476
0.505451
0.51314
0.516184
0.516223
0.514385
0.511804
0.508887
0.506297
0.503875
0.502113
0.5005
0.499546
0.498509
0.498041
0.497188
0.496835
0.495797
0.495228
0.493607
0.492329
0.489476
0.486773
0.481936
0.477204
0.469862
0.462808
0.452647
0.443071
0.429666
0.417123
0.399621
0.383144
0.359971
0.337768
0.306173
0.275073
0.230254
0.184529
0.118109
0.0478392
0.233385
0.271661
0.28477
0.302083
0.311036
0.318431
0.32297
0.326648
0.329244
0.33139
0.332815
0.33372
0.334142
0.334606
0.335948
0.33918
0.344326
0.349858
0.352683
0.348775
0.333959
0.307625
0.274413
0.241804
0.21814
0.209098
0.215098
0.233043
0.261724
0.301104
0.348015
0.394994
0.435824
0.46739
0.489572
0.50368
0.511561
0.514815
0.51507
0.513434
0.511039
0.508279
0.505821
0.503502
0.501822
0.500265
0.499354
0.498337
0.497881
0.497018
0.496652
0.495588
0.494999
0.49335
0.492061
0.489181
0.486471
0.481602
0.476863
0.469484
0.462427
0.45223
0.442658
0.429218
0.416679
0.399136
0.382653
0.359429
0.337197
0.305552
0.274383
0.229562
0.183716
0.117564
0.0472504
0.237953
0.273221
0.285645
0.302325
0.311163
0.318475
0.323036
0.326705
0.329302
0.331435
0.332853
0.333747
0.334137
0.334531
0.335807
0.339086
0.344553
0.350695
0.354051
0.35028
0.335087
0.308168
0.274499
0.241559
0.217689
0.208599
0.214594
0.232391
0.260742
0.299802
0.346458
0.393205
0.433811
0.465244
0.487417
0.501634
0.509711
0.513205
0.513718
0.512334
0.510171
0.507606
0.50531
0.503114
0.501528
0.500036
0.499171
0.498176
0.49773
0.496858
0.496476
0.495382
0.494771
0.493092
0.491789
0.488883
0.486165
0.481264
0.476518
0.469104
0.462046
0.451817
0.44225
0.428779
0.416246
0.398666
0.382178
0.35891
0.336649
0.30496
0.273724
0.228907
0.182947
0.117059
0.0467095
0.242385
0.274834
0.286583
0.30262
0.311315
0.318532
0.32311
0.326769
0.329366
0.331486
0.332896
0.333781
0.334149
0.334492
0.335708
0.339015
0.344765
0.351406
0.355262
0.351625
0.336149
0.308817
0.274848
0.24172
0.217733
0.208612
0.214572
0.232191
0.260189
0.298866
0.345149
0.391501
0.431725
0.462907
0.485004
0.499299
0.507574
0.511336
0.512151
0.511072
0.509193
0.506867
0.504764
0.502712
0.501234
0.499815
0.498999
0.498029
0.497592
0.496709
0.496309
0.495182
0.494545
0.492834
0.491515
0.488581
0.485854
0.480923
0.47617
0.468724
0.461665
0.451408
0.441848
0.428349
0.415823
0.398211
0.38172
0.358412
0.336125
0.304399
0.273097
0.22829
0.182221
0.116589
0.0462131
0.246688
0.276492
0.287576
0.302967
0.311495
0.318607
0.323193
0.326843
0.329441
0.331545
0.332947
0.333824
0.33418
0.334489
0.335657
0.338961
0.344943
0.352008
0.356288
0.352794
0.337128
0.30955
0.275447
0.242282
0.218277
0.209138
0.215031
0.232445
0.260071
0.298307
0.344096
0.389885
0.429566
0.460379
0.482326
0.496666
0.505138
0.509192
0.510354
0.509636
0.508097
0.506057
0.504183
0.502299
0.500943
0.499605
0.498843
0.497899
0.497471
0.496576
0.496153
0.494992
0.494325
0.492579
0.49124
0.488279
0.48554
0.48058
0.47582
0.468345
0.461286
0.451003
0.441452
0.42793
0.415412
0.397773
0.381279
0.357937
0.335625
0.303866
0.272502
0.22771
0.181539
0.116156
0.0457585
0.25087
0.278185
0.28862
0.303366
0.311708
0.318703
0.323292
0.32693
0.329528
0.331617
0.333009
0.33388
0.334232
0.334527
0.335664
0.338966
0.345096
0.352492
0.357112
0.353766
0.338005
0.310342
0.276285
0.243234
0.219312
0.210175
0.215967
0.23315
0.260393
0.298131
0.343301
0.38836
0.427336
0.45766
0.479382
0.493727
0.502388
0.506757
0.508313
0.508016
0.506877
0.505174
0.503566
0.501877
0.500659
0.49941
0.498705
0.497789
0.49737
0.496461
0.496013
0.494813
0.494112
0.492329
0.490967
0.487976
0.485224
0.480236
0.475469
0.467966
0.460909
0.450603
0.441062
0.427521
0.415013
0.397351
0.380857
0.357484
0.33515
0.303364
0.27194
0.227167
0.180899
0.115755
0.0453428
0.254938
0.279907
0.289707
0.303814
0.311953
0.318823
0.323408
0.327033
0.329633
0.331706
0.333088
0.333955
0.334311
0.334608
0.335733
0.339024
0.345231
0.352711
0.357721
0.354524
0.338761
0.311171
0.277339
0.244557
0.220825
0.211709
0.217369
0.234304
0.261153
0.298338
0.342765
0.386923
0.425038
0.454754
0.47617
0.490476
0.499314
0.504018
0.506015
0.506201
0.505526
0.504216
0.502916
0.501448
0.500385
0.499234
0.498591
0.497704
0.497293
0.496367
0.495891
0.49465
0.493909
0.492086
0.490696
0.487675
0.484907
0.479892
0.475116
0.467588
0.460533
0.450209
0.440679
0.427123
0.414627
0.396946
0.380454
0.357055
0.3347
0.302892
0.271412
0.22666
0.180302
0.115386
0.0449639
0.258901
0.281651
0.290832
0.304307
0.312231
0.318971
0.323544
0.327157
0.329758
0.331818
0.333191
0.334054
0.33442
0.334734
0.335865
0.339139
0.345356
0.352958
0.358117
0.355056
0.339381
0.312016
0.278582
0.246223
0.222788
0.213722
0.219226
0.235899
0.262352
0.298927
0.342481
0.385574
0.422675
0.451666
0.472694
0.486909
0.495905
0.50096
0.503445
0.504181
0.504039
0.503181
0.502234
0.501016
0.500126
0.499082
0.498506
0.497648
0.497241
0.496298
0.495789
0.494504
0.493719
0.491852
0.490431
0.487378
0.484591
0.479548
0.474764
0.467213
0.460161
0.449822
0.440304
0.426736
0.414254
0.396559
0.38007
0.35665
0.334276
0.302449
0.270918
0.22619
0.179748
0.115048
0.0446195
0.262768
0.283412
0.29199
0.30484
0.31254
0.319146
0.323703
0.327304
0.329909
0.331958
0.333323
0.334185
0.334567
0.33491
0.336065
0.339318
0.345507
0.35311
0.358311
0.355359
0.339853
0.312855
0.27998
0.248198
0.225169
0.216186
0.221521
0.23793
0.263986
0.299891
0.342442
0.384308
0.420251
0.448403
0.468956
0.483021
0.492151
0.497571
0.500593
0.501947
0.502412
0.502069
0.501521
0.500585
0.499886
0.498959
0.498452
0.497622
0.49722
0.496256
0.495711
0.494378
0.493545
0.491631
0.490173
0.487085
0.484277
0.479206
0.474412
0.466841
0.459792
0.449441
0.439937
0.426362
0.413895
0.396189
0.379705
0.356268
0.333879
0.302037
0.270457
0.225755
0.179236
0.11474
0.0443076
0.266546
0.285186
0.293177
0.305411
0.31288
0.319349
0.323887
0.327476
0.330087
0.332129
0.333491
0.334356
0.334759
0.335142
0.336332
0.339564
0.345677
0.353181
0.35832
0.355437
0.340169
0.313666
0.281502
0.250441
0.227924
0.219067
0.224235
0.240389
0.26605
0.301222
0.342637
0.383124
0.417773
0.444975
0.464958
0.478806
0.488038
0.493834
0.497443
0.49949
0.50064
0.50088
0.50078
0.500158
0.499669
0.498868
0.498433
0.497633
0.497232
0.496244
0.49566
0.494275
0.493388
0.491424
0.489925
0.486799
0.483965
0.478868
0.474062
0.466472
0.459428
0.449068
0.43958
0.426001
0.413551
0.395838
0.379361
0.355911
0.333508
0.301655
0.270032
0.225355
0.178766
0.114459
0.0440266
0.270245
0.28697
0.294388
0.306014
0.313248
0.319579
0.324094
0.327674
0.330296
0.332335
0.333699
0.334573
0.335005
0.335436
0.33667
0.339878
0.345875
0.353192
0.358171
0.355306
0.340329
0.314434
0.283113
0.25291
0.231007
0.22233
0.227351
0.24327
0.268536
0.302907
0.343052
0.382016
0.415249
0.44139
0.460704
0.474257
0.483552
0.489732
0.493981
0.496803
0.49872
0.499614
0.500016
0.499741
0.49948
0.498813
0.498453
0.497681
0.497279
0.496265
0.495637
0.494197
0.493252
0.491233
0.489687
0.486521
0.483659
0.478533
0.473715
0.466109
0.459069
0.448704
0.439232
0.425654
0.413221
0.395506
0.379037
0.355578
0.333164
0.301303
0.26964
0.224991
0.178338
0.114206
0.0437748
0.273874
0.288761
0.295619
0.306647
0.313641
0.319834
0.324325
0.327899
0.330535
0.33258
0.333953
0.334843
0.33531
0.335797
0.337082
0.340261
0.346107
0.353163
0.357895
0.354995
0.340343
0.315151
0.284787
0.255565
0.234372
0.22594
0.230857
0.246567
0.271433
0.304928
0.343674
0.380984
0.412689
0.437659
0.456194
0.469363
0.478674
0.485244
0.490192
0.493874
0.49665
0.498273
0.49923
0.499338
0.499324
0.498801
0.498517
0.497771
0.497365
0.49632
0.495644
0.494145
0.493137
0.491059
0.489462
0.486254
0.483358
0.478203
0.473372
0.465751
0.458716
0.448349
0.438895
0.42532
0.412907
0.395193
0.378734
0.355269
0.332848
0.300982
0.269284
0.224661
0.177951
0.113979
0.043551
0.27744
0.290556
0.296868
0.307305
0.314058
0.320114
0.324579
0.32815
0.330805
0.332863
0.334256
0.33517
0.335681
0.336232
0.33757
0.340714
0.346379
0.353114
0.357524
0.354542
0.340235
0.315821
0.286509
0.258373
0.237989
0.229876
0.234744
0.250276
0.274727
0.307264
0.344486
0.380026
0.410101
0.43379
0.451425
0.464109
0.473381
0.480347
0.486056
0.490695
0.494426
0.496859
0.498428
0.498954
0.499207
0.498835
0.498627
0.497906
0.497492
0.496413
0.495683
0.494121
0.493046
0.490906
0.489252
0.485997
0.483065
0.47788
0.473033
0.465399
0.45837
0.448004
0.438569
0.425001
0.412609
0.3949
0.378453
0.354986
0.33256
0.300691
0.268963
0.224365
0.177606
0.113778
0.0433539
0.280951
0.292352
0.298132
0.307987
0.314495
0.320415
0.324854
0.328425
0.331106
0.333185
0.334606
0.335556
0.336121
0.336743
0.338136
0.341236
0.346694
0.353062
0.357094
0.353992
0.340044
0.316466
0.288282
0.261317
0.241835
0.234127
0.239011
0.254391
0.278399
0.30989
0.345471
0.379143
0.407499
0.42979
0.446391
0.458477
0.467647
0.475013
0.481553
0.487255
0.492047
0.495374
0.497614
0.498595
0.499133
0.498919
0.498789
0.498089
0.497661
0.496543
0.495756
0.494127
0.492979
0.490773
0.489058
0.485753
0.48278
0.477565
0.472701
0.465056
0.458033
0.44767
0.438256
0.424698
0.412329
0.394627
0.378194
0.354729
0.3323
0.300431
0.268678
0.224104
0.177301
0.113602
0.0431825
0.284415
0.294148
0.299407
0.308688
0.314952
0.320737
0.325149
0.328724
0.331436
0.333545
0.335005
0.336003
0.336632
0.337331
0.338781
0.34183
0.347058
0.353025
0.356642
0.353397
0.33982
0.317124
0.290128
0.264405
0.245903
0.238696
0.243663
0.258902
0.28242
0.312776
0.346615
0.378337
0.404892
0.425664
0.441083
0.452444
0.461442
0.469211
0.476659
0.483543
0.489512
0.493822
0.496795
0.498267
0.499108
0.499058
0.499005
0.498322
0.497876
0.496713
0.495864
0.494163
0.492939
0.490662
0.488881
0.485522
0.482505
0.477258
0.472376
0.464721
0.457705
0.447348
0.437955
0.424411
0.412065
0.394375
0.377957
0.354497
0.332068
0.300202
0.268428
0.223877
0.177038
0.113451
0.0430359
0.28784
0.295941
0.300691
0.309407
0.315425
0.321077
0.325462
0.329043
0.331791
0.33394
0.33545
0.336506
0.337212
0.337996
0.339504
0.342494
0.347475
0.353019
0.356202
0.352808
0.339622
0.317847
0.29209
0.267667
0.250217
0.243594
0.248703
0.263794
0.286758
0.31589
0.347902
0.377613
0.402294
0.421415
0.435489
0.445986
0.454734
0.462908
0.471351
0.479547
0.486817
0.492206
0.495975
0.497975
0.499137
0.499257
0.499279
0.498608
0.498137
0.496924
0.496007
0.494231
0.492925
0.490574
0.488721
0.485306
0.482241
0.476961
0.47206
0.464396
0.457387
0.44704
0.437669
0.424141
0.411821
0.394144
0.377744
0.354291
0.331865
0.300003
0.268214
0.223684
0.176814
0.113324
0.0429133
0.291232
0.297729
0.301981
0.31014
0.315914
0.321433
0.325792
0.329382
0.33217
0.334366
0.335937
0.337064
0.337857
0.338733
0.3403
0.343227
0.34795
0.353062
0.355808
0.352273
0.339508
0.318693
0.294219
0.271145
0.254807
0.248836
0.254125
0.269038
0.29137
0.319198
0.349321
0.376979
0.399715
0.417043
0.429594
0.439079
0.447494
0.456076
0.465605
0.475255
0.483964
0.490533
0.495163
0.497726
0.499225
0.499521
0.499614
0.498949
0.498446
0.497177
0.496186
0.49433
0.492938
0.490509
0.488581
0.485106
0.481988
0.476674
0.471753
0.464081
0.457081
0.446745
0.437399
0.423889
0.411595
0.393935
0.377554
0.354111
0.331692
0.299836
0.268036
0.223526
0.176632
0.11322
0.0428139
0.294598
0.299509
0.303275
0.310886
0.316415
0.321805
0.326137
0.329739
0.332571
0.334821
0.336461
0.337669
0.33856
0.339536
0.341163
0.344027
0.348485
0.353168
0.355488
0.351835
0.339529
0.319713
0.296565
0.274882
0.259698
0.254428
0.259909
0.274592
0.296209
0.322665
0.350863
0.376444
0.397166
0.412546
0.423387
0.431705
0.439698
0.448686
0.459399
0.470657
0.480951
0.488808
0.494364
0.497527
0.49938
0.499853
0.500013
0.499348
0.498805
0.497473
0.496402
0.494461
0.492978
0.490467
0.488459
0.48492
0.481748
0.476398
0.471456
0.463779
0.456787
0.446466
0.437144
0.423656
0.411389
0.393749
0.377389
0.353958
0.331548
0.2997
0.267895
0.223403
0.176491
0.113141
0.0427376
0.297945
0.301278
0.304569
0.311642
0.316928
0.322191
0.326496
0.330112
0.332991
0.335301
0.337018
0.338317
0.339315
0.340395
0.342085
0.344886
0.349084
0.35335
0.355267
0.35153
0.339725
0.320948
0.299164
0.27891
0.264903
0.260352
0.266014
0.280402
0.301225
0.326262
0.352523
0.376019
0.394659
0.407927
0.416863
0.423859
0.431335
0.440724
0.452719
0.465747
0.477781
0.487037
0.493588
0.497385
0.499605
0.500257
0.50048
0.499806
0.499214
0.497812
0.496655
0.494624
0.493046
0.490449
0.488356
0.484751
0.481521
0.476135
0.471172
0.46349
0.456507
0.446203
0.436906
0.423442
0.411204
0.393585
0.377248
0.353833
0.331434
0.299595
0.267791
0.223304
0.176393
0.113089
0.0426849
0.301279
0.303035
0.305862
0.312406
0.317451
0.32259
0.326869
0.330499
0.333428
0.335802
0.337603
0.339001
0.340113
0.341303
0.343058
0.3458
0.349746
0.353618
0.355166
0.351385
0.340122
0.32242
0.30203
0.28322
0.270408
0.266571
0.27238
0.286407
0.306369
0.329963
0.354301
0.375718
0.392205
0.403192
0.410028
0.41555
0.422416
0.43219
0.445558
0.460521
0.474457
0.48523
0.492843
0.497309
0.499908
0.500739
0.501017
0.500326
0.499676
0.498194
0.496944
0.494819
0.493141
0.490454
0.488273
0.484598
0.481308
0.475885
0.470899
0.463215
0.456243
0.445957
0.436687
0.423249
0.41104
0.393446
0.377132
0.353735
0.331351
0.299521
0.267711
0.223243
0.176315
0.113038
0.0426549
0.304607
0.304777
0.307149
0.313174
0.317981
0.323
0.327254
0.330901
0.333881
0.336323
0.338213
0.339714
0.340946
0.342249
0.344072
0.346762
0.350471
0.353978
0.355197
0.351416
0.340732
0.324133
0.305157
0.287795
0.276171
0.273022
0.278936
0.292543
0.311597
0.333748
0.356201
0.375557
0.38982
0.398355
0.402906
0.406815
0.412975
0.423103
0.437924
0.454984
0.470988
0.483395
0.492138
0.497304
0.500293
0.501302
0.501628
0.50091
0.50019
0.498621
0.49727
0.495045
0.493263
0.490483
0.488208
0.484461
0.481108
0.475648
0.470641
0.462956
0.455994
0.445729
0.436487
0.423077
0.410898
0.39333
0.377041
0.353664
0.331299
0.299479
0.267688
0.223227
0.176303
0.113038
0.0426401
0.307935
0.3065
0.308428
0.313945
0.318518
0.32342
0.327651
0.331316
0.334348
0.336862
0.338843
0.340452
0.341807
0.343226
0.345118
0.347764
0.351256
0.354434
0.35537
0.351634
0.341558
0.326079
0.308517
0.292593
0.282131
0.279633
0.285608
0.29875
0.316874
0.337604
0.358232
0.375554
0.387523
0.393445
0.395542
0.397718
0.403079
0.413514
0.429844
0.449152
0.467386
0.481546
0.491485
0.497381
0.500766
0.50195
0.502314
0.501558
0.500758
0.499093
0.497633
0.495302
0.49341
0.490533
0.488163
0.48434
0.480923
0.475425
0.470397
0.462712
0.455763
0.445521
0.436306
0.422927
0.410778
0.393237
0.376976
0.35362
0.331276
0.299478
0.267693
0.223237
0.176323
0.113051
0.0426529
0.31127
0.308201
0.309697
0.314715
0.319059
0.32385
0.328059
0.331743
0.33483
0.337417
0.339492
0.341211
0.342691
0.344226
0.34619
0.348799
0.352098
0.354986
0.355688
0.352039
0.342591
0.328237
0.312073
0.297557
0.288221
0.286328
0.292326
0.304978
0.322173
0.341527
0.360408
0.375728
0.385339
0.388506
0.388009
0.388352
0.392825
0.4035
0.421367
0.443049
0.463667
0.479694
0.490893
0.497546
0.501334
0.502686
0.503078
0.502272
0.501381
0.499608
0.498032
0.49559
0.493583
0.490605
0.488135
0.484235
0.480752
0.475217
0.470168
0.462486
0.455551
0.445333
0.436147
0.422799
0.410681
0.39317
0.376936
0.353603
0.331282
0.299503
0.267733
0.223279
0.176381
0.113084
0.042687
0.314619
0.309878
0.310951
0.315483
0.319602
0.324288
0.328478
0.332183
0.335325
0.337986
0.340157
0.341987
0.343592
0.345243
0.34728
0.349863
0.352992
0.355632
0.356149
0.352628
0.34382
0.33058
0.315781
0.302632
0.294373
0.293038
0.299033
0.311189
0.327475
0.345518
0.362745
0.3761
0.383302
0.3836
0.380403
0.378841
0.382344
0.393172
0.412565
0.436718
0.459855
0.477857
0.490375
0.497808
0.502
0.503514
0.503921
0.503053
0.502058
0.500169
0.498467
0.495907
0.493781
0.490698
0.488125
0.484145
0.480595
0.475024
0.469956
0.462278
0.455358
0.445167
0.43601
0.422695
0.410608
0.393129
0.376923
0.353616
0.331315
0.299558
0.267812
0.223357
0.17648
0.113141
0.0427429
0.317988
0.311528
0.312189
0.316244
0.320146
0.324733
0.328906
0.332635
0.335834
0.338571
0.340837
0.342779
0.344509
0.346274
0.348385
0.35095
0.353935
0.356366
0.356747
0.35339
0.345226
0.333081
0.319602
0.307766
0.300527
0.29971
0.305684
0.317355
0.33277
0.349585
0.365261
0.376694
0.381451
0.378804
0.372844
0.369327
0.371783
0.382664
0.403533
0.430214
0.455981
0.476054
0.489944
0.498174
0.50277
0.504436
0.504846
0.503902
0.502789
0.500773
0.498936
0.496253
0.494002
0.49081
0.488131
0.48407
0.480454
0.474847
0.469761
0.46209
0.455185
0.445023
0.435895
0.422615
0.41056
0.393113
0.376939
0.353654
0.331374
0.299644
0.267927
0.223469
0.17662
0.113222
0.0428215
0.321384
0.313146
0.313408
0.316998
0.32069
0.325183
0.329343
0.333099
0.336355
0.339169
0.341532
0.343585
0.345437
0.347316
0.349501
0.352057
0.354923
0.357184
0.357475
0.354314
0.346791
0.335714
0.3235
0.312915
0.306636
0.306301
0.31225
0.323458
0.338055
0.353738
0.367974
0.377536
0.379834
0.374209
0.365459
0.359964
0.361305
0.372125
0.394385
0.423604
0.452083
0.474305
0.48961
0.498653
0.503648
0.505455
0.505852
0.504818
0.503574
0.50142
0.49944
0.496627
0.494246
0.490941
0.488153
0.48401
0.480327
0.474686
0.469583
0.461922
0.455034
0.444903
0.435805
0.42256
0.410537
0.393124
0.376984
0.353716
0.331487
0.29976
0.268079
0.223615
0.176802
0.113327
0.0429231
0.324813
0.31473
0.314604
0.317741
0.32123
0.325639
0.329789
0.333574
0.336889
0.339781
0.342241
0.344405
0.346378
0.348367
0.350626
0.353183
0.355953
0.358081
0.358324
0.355385
0.348497
0.33845
0.327445
0.318046
0.312667
0.312785
0.318712
0.329489
0.343332
0.35799
0.370899
0.378652
0.378501
0.369908
0.358381
0.3509
0.351069
0.361712
0.385248
0.416972
0.448204
0.472633
0.489388
0.499251
0.504637
0.506572
0.506941
0.505802
0.504413
0.502109
0.499977
0.497027
0.49451
0.49109
0.488191
0.483964
0.480215
0.474541
0.469425
0.461775
0.454906
0.444806
0.435738
0.42253
0.410539
0.393162
0.377058
0.353847
0.33162
0.29991
0.268269
0.223797
0.177024
0.113456
0.0430482
0.328283
0.316275
0.315774
0.31847
0.321766
0.326098
0.330243
0.33406
0.337436
0.340407
0.342964
0.345237
0.347329
0.349428
0.351761
0.354327
0.357023
0.359051
0.359286
0.35659
0.350327
0.341252
0.331413
0.323135
0.3186
0.319149
0.325061
0.335445
0.348606
0.362352
0.374048
0.380064
0.3775
0.365989
0.351726
0.342263
0.341218
0.351579
0.376257
0.410407
0.444395
0.471065
0.48929
0.499974
0.50574
0.507787
0.508111
0.506852
0.505304
0.50284
0.500545
0.497452
0.494794
0.491254
0.488242
0.483932
0.480118
0.474414
0.469286
0.46165
0.454801
0.444735
0.435696
0.422527
0.410567
0.393228
0.377158
0.35398
0.331782
0.300093
0.268496
0.224013
0.177287
0.11361
0.0431975
0.3318
0.317777
0.316915
0.319183
0.322296
0.326559
0.330704
0.334556
0.337995
0.341047
0.3437
0.346083
0.348291
0.350497
0.352905
0.355488
0.358131
0.360091
0.360351
0.357916
0.352271
0.344139
0.33539
0.328167
0.324426
0.325387
0.331295
0.341327
0.353882
0.366827
0.377426
0.38179
0.376873
0.362526
0.345589
0.334155
0.331869
0.341862
0.367544
0.404005
0.440711
0.469626
0.489327
0.500826
0.506957
0.5091
0.50936
0.507967
0.506245
0.503609
0.501144
0.4979
0.495096
0.491433
0.488306
0.483912
0.480036
0.474304
0.469168
0.461548
0.45472
0.444689
0.43568
0.42255
0.410622
0.39332
0.377282
0.354143
0.331978
0.300309
0.268759
0.224264
0.177592
0.113788
0.0433718
0.335372
0.31923
0.318024
0.319878
0.322818
0.327022
0.331172
0.335062
0.338566
0.341699
0.34445
0.346941
0.349264
0.351576
0.354059
0.356668
0.359276
0.361196
0.361512
0.359351
0.354317
0.347083
0.339366
0.333137
0.330142
0.3315
0.337414
0.347138
0.359165
0.371414
0.381027
0.383837
0.37665
0.35957
0.340035
0.326644
0.323106
0.332675
0.35923
0.397862
0.437207
0.468344
0.489509
0.501811
0.508288
0.510507
0.510687
0.509143
0.507234
0.504416
0.50177
0.49837
0.495415
0.491625
0.488383
0.483906
0.479969
0.474213
0.469071
0.46147
0.454664
0.444669
0.43569
0.4226
0.410704
0.393434
0.377427
0.354333
0.332205
0.300559
0.26906
0.224551
0.177939
0.113992
0.043572
0.339006
0.320631
0.319097
0.320552
0.323331
0.327486
0.331646
0.335578
0.339149
0.342365
0.345214
0.347813
0.350248
0.352665
0.355223
0.357866
0.360456
0.362363
0.362762
0.360886
0.356448
0.350076
0.343336
0.338041
0.335753
0.337494
0.343424
0.35288
0.364452
0.376095
0.384835
0.386196
0.376842
0.357147
0.335097
0.319768
0.314985
0.324106
0.351424
0.39207
0.433941
0.467245
0.489846
0.502928
0.50973
0.512007
0.512087
0.510378
0.508268
0.505257
0.502421
0.498858
0.495747
0.491828
0.48847
0.483912
0.479919
0.474141
0.468996
0.461417
0.454633
0.444676
0.435727
0.422678
0.410817
0.393568
0.377586
0.354548
0.332462
0.300842
0.269397
0.224874
0.178327
0.114222
0.0437991
0.342709
0.321972
0.320131
0.321203
0.323833
0.32795
0.332125
0.336103
0.339744
0.343044
0.345991
0.348697
0.351245
0.353765
0.3564
0.359083
0.361672
0.36359
0.364094
0.362518
0.35866
0.353108
0.347298
0.342883
0.341265
0.343374
0.349328
0.358553
0.36973
0.380844
0.388816
0.388843
0.37744
0.355256
0.330781
0.31354
0.307539
0.31622
0.344216
0.386714
0.430968
0.466353
0.490345
0.504178
0.511278
0.513592
0.513555
0.511665
0.509342
0.506129
0.503094
0.499362
0.496091
0.492041
0.488568
0.483932
0.479884
0.474089
0.468943
0.461388
0.454628
0.444709
0.435789
0.422783
0.410957
0.393799
0.377816
0.354789
0.33275
0.301158
0.269771
0.225233
0.178758
0.11448
0.0440545
0.346489
0.323248
0.321123
0.321827
0.324324
0.328413
0.33261
0.336638
0.340351
0.343736
0.346782
0.349595
0.352253
0.354876
0.357589
0.36032
0.362923
0.364873
0.365502
0.36424
0.360948
0.356175
0.351253
0.347666
0.346686
0.349147
0.355128
0.364149
0.374974
0.385615
0.392919
0.391733
0.378416
0.353872
0.327071
0.30796
0.300784
0.309065
0.337681
0.38187
0.428336
0.465691
0.491009
0.505554
0.512925
0.515255
0.515083
0.513
0.510452
0.507027
0.503787
0.499879
0.496444
0.492263
0.488676
0.483963
0.479867
0.474057
0.468913
0.461385
0.454649
0.44477
0.435878
0.422913
0.411119
0.394001
0.378049
0.355061
0.33307
0.301507
0.270182
0.225628
0.179232
0.114765
0.0443394
0.350353
0.324452
0.322068
0.322424
0.324801
0.328874
0.3331
0.337182
0.340969
0.344441
0.347587
0.350506
0.353274
0.355999
0.358793
0.361578
0.364209
0.366211
0.366981
0.366041
0.363302
0.359279
0.3552
0.352397
0.352024
0.354815
0.360821
0.369652
0.380142
0.390349
0.397075
0.394808
0.379723
0.352956
0.323943
0.30302
0.294732
0.302676
0.331881
0.377601
0.426091
0.465277
0.49184
0.507051
0.514661
0.516988
0.516664
0.514376
0.51159
0.507947
0.504494
0.500406
0.496805
0.492491
0.488794
0.484008
0.479866
0.474046
0.468906
0.461408
0.454696
0.444858
0.435995
0.423063
0.411291
0.394232
0.378311
0.355365
0.333419
0.30189
0.270629
0.226059
0.179748
0.115079
0.0446555
0.354308
0.325576
0.322962
0.32299
0.325265
0.329333
0.333594
0.337735
0.341598
0.345159
0.348405
0.35143
0.354308
0.357135
0.360011
0.362858
0.365529
0.3676
0.368529
0.367919
0.365718
0.362416
0.359141
0.35708
0.357283
0.36038
0.366397
0.375032
0.385175
0.394974
0.401204
0.397996
0.381298
0.35246
0.321371
0.298719
0.289398
0.297084
0.326863
0.373963
0.424271
0.465126
0.492834
0.508658
0.516475
0.518777
0.518286
0.515783
0.51275
0.508882
0.505211
0.50094
0.497171
0.492725
0.48892
0.484066
0.479883
0.474056
0.468924
0.461457
0.454768
0.444973
0.436141
0.423254
0.41149
0.394486
0.378601
0.355699
0.333799
0.302306
0.271112
0.226528
0.180307
0.115422
0.0450045
0.358364
0.326612
0.323801
0.323523
0.325713
0.32979
0.334093
0.338296
0.342239
0.345889
0.349237
0.352368
0.355355
0.358284
0.361245
0.364158
0.366883
0.369039
0.370143
0.369866
0.368191
0.365585
0.363076
0.361717
0.362463
0.365834
0.371838
0.380244
0.39
0.399403
0.405216
0.401215
0.383068
0.352331
0.319331
0.295062
0.284802
0.29232
0.322669
0.370995
0.422902
0.465245
0.493986
0.510361
0.518351
0.520611
0.519939
0.517212
0.513923
0.509827
0.505934
0.501476
0.49754
0.492963
0.489054
0.484137
0.479918
0.474089
0.468965
0.461532
0.454867
0.445111
0.436307
0.423507
0.411761
0.394764
0.378917
0.356063
0.334208
0.302754
0.271631
0.227034
0.18091
0.115797
0.0453883
0.362527
0.327549
0.324581
0.324021
0.326145
0.330244
0.334596
0.338867
0.342891
0.346633
0.350082
0.353319
0.356416
0.359446
0.362495
0.365481
0.368271
0.370524
0.371817
0.371878
0.370718
0.368783
0.367004
0.366309
0.36756
0.371162
0.37711
0.385227
0.394534
0.403548
0.409021
0.404381
0.384957
0.352523
0.317807
0.292062
0.280973
0.288412
0.319328
0.368729
0.422005
0.465638
0.495284
0.512146
0.520273
0.522471
0.521609
0.518653
0.515101
0.510774
0.506656
0.502012
0.497909
0.493205
0.489198
0.484223
0.479973
0.474144
0.46903
0.461632
0.454993
0.445271
0.436473
0.423739
0.412012
0.395072
0.379258
0.356455
0.334646
0.303236
0.272184
0.227578
0.181556
0.116204
0.0458091
0.366805
0.328379
0.325298
0.324481
0.326561
0.330694
0.335103
0.339446
0.343555
0.34739
0.350942
0.354285
0.357491
0.360623
0.363763
0.366826
0.369692
0.372055
0.373547
0.373949
0.373294
0.372006
0.370919
0.370848
0.372559
0.376338
0.382168
0.389907
0.398692
0.407323
0.412533
0.407408
0.386891
0.352996
0.316791
0.289739
0.277941
0.285387
0.316864
0.367184
0.421589
0.4663
0.496715
0.513991
0.52222
0.524342
0.523281
0.520092
0.516275
0.511717
0.507374
0.502542
0.498276
0.493449
0.48935
0.484324
0.480046
0.474222
0.469118
0.461759
0.455143
0.445481
0.436732
0.423991
0.412293
0.395407
0.379624
0.356877
0.335113
0.30375
0.272773
0.22816
0.182245
0.116645
0.0462691
0.371206
0.32909
0.325945
0.324903
0.326959
0.331142
0.335615
0.340035
0.344231
0.34816
0.351816
0.355265
0.35858
0.361815
0.365047
0.368194
0.371144
0.373629
0.375327
0.376072
0.375911
0.375244
0.374811
0.37532
0.377435
0.381323
0.38695
0.394204
0.402393
0.410653
0.415681
0.410212
0.388801
0.353716
0.316279
0.288113
0.275736
0.28327
0.315289
0.366362
0.421652
0.46722
0.498259
0.515876
0.524171
0.526203
0.524939
0.521518
0.517434
0.512647
0.508081
0.503065
0.49864
0.493696
0.489512
0.48444
0.480139
0.474323
0.46923
0.461908
0.455302
0.445706
0.436948
0.424271
0.4126
0.395767
0.380015
0.357325
0.335607
0.304297
0.273395
0.22878
0.182978
0.117122
0.0467712
0.375737
0.32967
0.326519
0.325282
0.32734
0.331586
0.336131
0.340632
0.344918
0.348943
0.352703
0.35626
0.359683
0.363022
0.366348
0.369583
0.372624
0.375239
0.377153
0.37824
0.37856
0.378486
0.378663
0.3797
0.38215
0.386064
0.391388
0.398039
0.405575
0.413488
0.418408
0.412719
0.390631
0.354658
0.316269
0.287203
0.274383
0.282071
0.314602
0.366258
0.42218
0.46838
0.499894
0.517776
0.526103
0.528034
0.526567
0.522917
0.518569
0.513558
0.508772
0.503576
0.498999
0.493946
0.489683
0.484572
0.480251
0.474445
0.469366
0.462071
0.4555
0.445936
0.437201
0.424578
0.412927
0.396152
0.380428
0.357801
0.336127
0.304875
0.27405
0.229438
0.183755
0.117636
0.047318
0.380407
0.330104
0.327015
0.325619
0.327703
0.332027
0.336652
0.34124
0.345618
0.34974
0.353605
0.357269
0.3608
0.364243
0.367665
0.370991
0.374131
0.376879
0.379015
0.380441
0.381224
0.381709
0.382448
0.38395
0.386653
0.390496
0.395407
0.40135
0.408201
0.4158
0.420673
0.414865
0.392338
0.355801
0.316755
0.287014
0.273893
0.281792
0.314787
0.366846
0.42315
0.469754
0.501595
0.519665
0.527992
0.529815
0.528146
0.524276
0.519694
0.51444
0.509442
0.504072
0.499353
0.494198
0.489864
0.48472
0.480383
0.474589
0.469519
0.462276
0.455703
0.44619
0.437477
0.424906
0.413275
0.396559
0.380864
0.358303
0.336674
0.305484
0.274738
0.230136
0.184575
0.118188
0.0479129
0.385223
0.330376
0.327425
0.325911
0.328048
0.332465
0.337178
0.341856
0.346329
0.35055
0.35452
0.358291
0.36193
0.365475
0.368996
0.372413
0.375659
0.378542
0.380902
0.382657
0.383881
0.384885
0.386126
0.388018
0.39088
0.39455
0.398942
0.404096
0.410267
0.417591
0.422455
0.4166
0.39389
0.357125
0.317724
0.28754
0.27426
0.282414
0.315811
0.368089
0.424526
0.471312
0.503331
0.521517
0.529814
0.531524
0.52966
0.525579
0.520789
0.515287
0.510086
0.504552
0.499699
0.494452
0.490055
0.484884
0.480534
0.474756
0.469675
0.46248
0.45593
0.446467
0.43777
0.425255
0.413643
0.396989
0.38132
0.35883
0.337245
0.306125
0.275456
0.230871
0.185438
0.118783
0.0485593
0.390203
0.330478
0.327745
0.326156
0.328376
0.332901
0.337709
0.342482
0.347051
0.351372
0.355447
0.359323
0.363069
0.366715
0.370333
0.373844
0.377187
0.380215
0.382795
0.384864
0.3865
0.387971
0.389645
0.391841
0.39476
0.398158
0.401944
0.406271
0.411802
0.418888
0.423744
0.417898
0.395266
0.358611
0.319156
0.288759
0.275457
0.2839
0.317623
0.369932
0.426262
0.473015
0.505073
0.523302
0.531545
0.533141
0.531091
0.526812
0.521804
0.516093
0.5107
0.505014
0.500039
0.49471
0.490256
0.485063
0.480704
0.474936
0.469927
0.462708
0.456176
0.446763
0.438081
0.425621
0.414027
0.397438
0.381797
0.359381
0.33784
0.306795
0.276205
0.231646
0.186345
0.11942
0.0492612
0.395349
0.330419
0.327973
0.326352
0.328687
0.333333
0.338243
0.343115
0.347782
0.352202
0.356381
0.360361
0.36421
0.367956
0.371665
0.375273
0.378708
0.38188
0.384668
0.38703
0.389039
0.390918
0.392945
0.395349
0.398225
0.401267
0.404391
0.407902
0.412863
0.419739
0.424549
0.418752
0.396455
0.360239
0.321019
0.290631
0.27744
0.286187
0.320151
0.372304
0.428302
0.474821
0.506787
0.524994
0.533161
0.534645
0.532425
0.527962
0.52275
0.51685
0.511281
0.505456
0.500372
0.49497
0.490466
0.485257
0.480892
0.475118
0.470118
0.462956
0.456439
0.447073
0.438406
0.426004
0.414428
0.397907
0.382291
0.359954
0.338457
0.307493
0.276982
0.232459
0.187293
0.120104
0.0500226
0.400572
0.330173
0.328113
0.3265
0.32898
0.333762
0.338781
0.343754
0.348518
0.353035
0.357316
0.361396
0.365344
0.369183
0.372991
0.376667
0.380203
0.383509
0.386489
0.389114
0.391449
0.393666
0.395958
0.398473
0.401216
0.403846
0.406294
0.409051
0.41353
0.420204
0.424895
0.419172
0.397451
0.361982
0.323274
0.293096
0.280138
0.289193
0.323302
0.37512
0.430581
0.476683
0.50844
0.526567
0.534642
0.536021
0.533646
0.529019
0.523622
0.517552
0.511827
0.505878
0.500696
0.495233
0.490686
0.485465
0.481089
0.475411
0.470334
0.463219
0.456713
0.447397
0.438745
0.426401
0.414843
0.398392
0.382802
0.360548
0.339094
0.308219
0.277787
0.23331
0.188282
0.120838
0.0508484
0.405987
0.329459
0.328154
0.326598
0.329251
0.334185
0.339318
0.344394
0.349253
0.353865
0.358242
0.362417
0.36646
0.370371
0.374266
0.378017
0.381646
0.38507
0.388219
0.391072
0.393675
0.396153
0.398622
0.401157
0.403699
0.405892
0.407698
0.409802
0.413894
0.420351
0.424821
0.419192
0.398252
0.363815
0.325875
0.296068
0.283457
0.292809
0.326971
0.378283
0.433027
0.478554
0.510001
0.527997
0.53597
0.537252
0.534744
0.529973
0.524415
0.518198
0.512335
0.506279
0.501014
0.495498
0.490914
0.485687
0.481283
0.475626
0.470567
0.463493
0.456999
0.447732
0.439094
0.426811
0.41527
0.398891
0.383328
0.361161
0.33975
0.30897
0.278617
0.234198
0.189312
0.121623
0.0517437
0.411623
0.32872
0.328073
0.326648
0.329498
0.334594
0.339847
0.345026
0.349978
0.354678
0.359145
0.363407
0.367535
0.371588
0.375471
0.379297
0.383004
0.386527
0.389817
0.392853
0.395665
0.398325
0.400885
0.403365
0.405667
0.407436
0.408673
0.410251
0.414043
0.420248
0.424387
0.418855
0.398861
0.365702
0.328754
0.299449
0.287288
0.296905
0.331028
0.381684
0.435565
0.480384
0.511439
0.529263
0.537129
0.538327
0.535709
0.530819
0.525125
0.518784
0.512805
0.50666
0.501323
0.495765
0.491148
0.485918
0.481515
0.475856
0.470811
0.463776
0.457292
0.448075
0.439452
0.427229
0.415708
0.399403
0.383867
0.36179
0.340424
0.309745
0.279471
0.235123
0.190381
0.122465
0.0527142
0.417441
0.327668
0.327859
0.326646
0.329774
0.334989
0.340357
0.345635
0.350676
0.355458
0.360005
0.364343
0.368557
0.372635
0.376589
0.380475
0.38424
0.387841
0.39124
0.394413
0.397371
0.400141
0.402719
0.405092
0.407145
0.408534
0.409304
0.410495
0.41406
0.419964
0.423664
0.418217
0.399281
0.367583
0.331736
0.303213
0.291508
0.301477
0.335229
0.3852
0.438117
0.482125
0.512725
0.530347
0.538108
0.539237
0.536536
0.531552
0.525751
0.519311
0.513237
0.507019
0.501623
0.496031
0.491386
0.48615
0.481739
0.476098
0.47106
0.464064
0.457591
0.448424
0.439816
0.427654
0.416154
0.399923
0.384417
0.362432
0.341112
0.310541
0.280346
0.236083
0.191487
0.123366
0.0537661
0.423437
0.326281
0.327516
0.326589
0.329986
0.335398
0.340854
0.346205
0.351327
0.356183
0.360797
0.365211
0.369469
0.373587
0.377594
0.381518
0.385325
0.38898
0.392454
0.39572
0.398766
0.401582
0.404125
0.406365
0.408187
0.409264
0.409682
0.410617
0.414009
0.419561
0.422736
0.417343
0.399515
0.369337
0.334856
0.307177
0.295971
0.306239
0.33971
0.388608
0.440607
0.483731
0.513838
0.531239
0.538902
0.539981
0.537224
0.532173
0.526293
0.519779
0.513632
0.507358
0.501914
0.496295
0.491627
0.486374
0.481972
0.476346
0.471314
0.464354
0.457893
0.448774
0.440184
0.428083
0.416605
0.400451
0.384975
0.363086
0.341813
0.311355
0.281242
0.237076
0.19263
0.124331
0.0549063
0.429619
0.32456
0.327046
0.326478
0.330174
0.33575
0.341332
0.346768
0.351922
0.356836
0.361523
0.365972
0.370259
0.374417
0.378456
0.382402
0.386233
0.389921
0.39344
0.396757
0.399844
0.402658
0.405134
0.407239
0.408866
0.409707
0.40989
0.410685
0.413942
0.4191
0.421692
0.416302
0.399562
0.370949
0.337975
0.31122
0.300533
0.311039
0.344166
0.391967
0.442958
0.485164
0.514758
0.531931
0.539509
0.540559
0.537776
0.532685
0.526754
0.520189
0.513989
0.507674
0.502193
0.496555
0.491867
0.486587
0.482203
0.476595
0.471567
0.464642
0.458194
0.449124
0.440553
0.428513
0.417059
0.400981
0.38554
0.363746
0.342525
0.312183
0.282155
0.2381
0.193808
0.125364
0.0561421
0.435996
0.322492
0.326455
0.326317
0.330333
0.336062
0.341736
0.347239
0.352471
0.35743
0.362121
0.366599
0.370919
0.375102
0.379157
0.383113
0.386953
0.390654
0.394193
0.397529
0.400619
0.403402
0.405799
0.407785
0.409263
0.409945
0.409997
0.410742
0.413909
0.418635
0.420618
0.415168
0.39938
0.372406
0.340978
0.315212
0.305048
0.315731
0.348454
0.395275
0.444999
0.486392
0.515476
0.532424
0.539937
0.540981
0.538198
0.533093
0.527139
0.520545
0.51431
0.507968
0.502458
0.496808
0.492103
0.486856
0.482431
0.47684
0.471818
0.464927
0.458493
0.44947
0.440919
0.428939
0.417514
0.401511
0.386108
0.36441
0.343244
0.313022
0.283083
0.239151
0.195018
0.126471
0.0574818
0.442598
0.320069
0.325758
0.326112
0.330453
0.33632
0.34207
0.347625
0.352889
0.357873
0.362596
0.367099
0.371438
0.375631
0.379692
0.383648
0.387487
0.391187
0.394726
0.398058
0.401131
0.403869
0.406191
0.408083
0.409457
0.410046
0.410052
0.410812
0.413895
0.418209
0.419592
0.414011
0.39901
0.373603
0.343737
0.319014
0.309374
0.320181
0.35245
0.398291
0.446814
0.487395
0.515989
0.532729
0.540199
0.541259
0.538502
0.533409
0.527453
0.52085
0.514595
0.508238
0.502708
0.49705
0.492325
0.487098
0.482654
0.477081
0.472063
0.465205
0.458787
0.449809
0.441282
0.42936
0.417966
0.402037
0.386676
0.365073
0.343968
0.313868
0.284024
0.240225
0.196261
0.127654
0.0589341
0.449494
0.317306
0.32498
0.325869
0.330522
0.33651
0.342323
0.347919
0.353207
0.358211
0.362952
0.367468
0.371815
0.37601
0.380071
0.384021
0.387851
0.391542
0.39507
0.398385
0.401429
0.404121
0.406382
0.408207
0.409516
0.410063
0.410086
0.410904
0.413925
0.417854
0.418669
0.412899
0.398477
0.374457
0.34611
0.322469
0.313365
0.324259
0.356052
0.400941
0.448361
0.488164
0.516308
0.532864
0.540318
0.541415
0.538706
0.533642
0.527703
0.521107
0.514844
0.508483
0.502939
0.497278
0.492526
0.487326
0.48287
0.477312
0.4723
0.465474
0.459072
0.450138
0.441637
0.429773
0.418412
0.402556
0.387242
0.365733
0.344695
0.314716
0.284975
0.24132
0.197534
0.128919
0.0605098
0.456801
0.314256
0.324163
0.325592
0.330533
0.336622
0.342488
0.348116
0.353424
0.358441
0.363193
0.367714
0.372064
0.376257
0.380313
0.384255
0.388074
0.391752
0.395263
0.398557
0.401571
0.404223
0.406441
0.408223
0.409493
0.410033
0.410114
0.411022
0.413997
0.41759
0.417919
0.411888
0.397812
0.37491
0.347952
0.325402
0.316863
0.327844
0.359177
0.403177
0.449616
0.4887
0.516457
0.532863
0.540324
0.541476
0.538829
0.533809
0.5279
0.52132
0.515059
0.508701
0.503149
0.497489
0.492727
0.48754
0.483075
0.477532
0.472527
0.465731
0.459347
0.450456
0.441983
0.430174
0.418852
0.403066
0.387804
0.366386
0.345423
0.315562
0.285935
0.242427
0.198837
0.130265
0.0622202
0.464707
0.311028
0.323348
0.325286
0.330478
0.336654
0.342567
0.348223
0.353547
0.358575
0.363333
0.367857
0.372207
0.376397
0.380447
0.38438
0.388188
0.391853
0.395348
0.398621
0.401609
0.404232
0.406422
0.408179
0.409429
0.409982
0.410139
0.411157
0.414103
0.417422
0.417349
0.411021
0.397066
0.374945
0.349148
0.327631
0.319692
0.330806
0.361743
0.40497
0.450567
0.489036
0.516478
0.53277
0.540259
0.541474
0.538894
0.533924
0.528051
0.521493
0.51524
0.50889
0.503335
0.497679
0.492923
0.487736
0.483267
0.477741
0.472744
0.465976
0.459613
0.450763
0.44232
0.430565
0.419284
0.403566
0.388361
0.367027
0.346149
0.316402
0.286902
0.243556
0.200163
0.131686
0.0640648
0.473511
0.307762
0.322538
0.324937
0.330356
0.336616
0.342574
0.348256
0.353596
0.358634
0.363396
0.367923
0.372272
0.376458
0.380505
0.38443
0.388229
0.391883
0.395364
0.398619
0.401589
0.404191
0.406366
0.40811
0.409349
0.409919
0.410156
0.411288
0.414231
0.417349
0.416954
0.410325
0.396284
0.374642
0.349645
0.328997
0.321663
0.332987
0.363672
0.406309
0.451247
0.489237
0.516444
0.532654
0.54018
0.541452
0.538929
0.534007
0.528171
0.521631
0.515388
0.509049
0.503496
0.497847
0.493104
0.487923
0.483446
0.477937
0.472948
0.466211
0.459867
0.451058
0.442648
0.430941
0.419707
0.404055
0.388909
0.367682
0.346865
0.317279
0.287868
0.244728
0.201542
0.13327
0.0660403
0.483377
0.304359
0.321619
0.324498
0.330154
0.336515
0.342526
0.348238
0.353595
0.358642
0.363409
0.367938
0.372287
0.37647
0.380513
0.384434
0.388226
0.391871
0.395342
0.398585
0.40154
0.40413
0.406296
0.408034
0.409264
0.409847
0.410154
0.411398
0.414383
0.41739
0.416746
0.409794
0.395577
0.374039
0.349443
0.329383
0.322597
0.334253
0.364913
0.407252
0.451785
0.489461
0.516513
0.532644
0.540181
0.541473
0.538971
0.534068
0.528255
0.521734
0.515498
0.509173
0.503618
0.497981
0.493245
0.488067
0.483593
0.47811
0.473125
0.466423
0.46009
0.451336
0.442941
0.431318
0.420102
0.404555
0.389445
0.368329
0.347608
0.318139
0.2889
0.24592
0.202998
0.134995
0.0683827
0.492552
0.300343
0.320589
0.323987
0.329861
0.33634
0.342417
0.34817
0.353552
0.358615
0.36339
0.367922
0.372272
0.376454
0.380494
0.38441
0.388197
0.391836
0.395298
0.39853
0.401475
0.404057
0.40622
0.407958
0.409185
0.409769
0.410125
0.411511
0.414595
0.417566
0.416743
0.409527
0.394881
0.373098
0.348548
0.328772
0.322466
0.334575
0.365512
0.40792
0.452358
0.489894
0.516839
0.532849
0.54034
0.541602
0.53909
0.534188
0.528381
0.521854
0.515629
0.509303
0.503771
0.498135
0.49342
0.488254
0.483823
0.478349
0.473407
0.466726
0.460453
0.451718
0.443403
0.431793
0.420681
0.405154
0.390172
0.369101
0.348526
0.319145
0.290089
0.24726
0.204634
0.13688
0.0711134
)
;

boundaryField
{
    inlet
    {
        type            zeroGradient;
    }
    outlet
    {
        type            fixedValue;
        value           uniform 0;
    }
    fixedWalls
    {
        type            zeroGradient;
    }
    frontAndBack
    {
        type            empty;
    }
}


// ************************************************************************* //
