/*--------------------------------*- C++ -*----------------------------------*\
| =========                 |                                                 |
| \\      /  F ield         | OpenFOAM: The Open Source CFD Toolbox           |
|  \\    /   O peration     | Version:  2.4.0                                 |
|   \\  /    A nd           | Web:      www.OpenFOAM.org                      |
|    \\/     M anipulation  |                                                 |
\*---------------------------------------------------------------------------*/
FoamFile
{
    version     2.0;
    format      ascii;
    class       volVectorField;
    location    "1.19";
    object      U;
}
// * * * * * * * * * * * * * * * * * * * * * * * * * * * * * * * * * * * * * //

dimensions      [0 1 -1 0 0 0 0];

internalField   nonuniform List<vector> 
2320
(
(0.358636 0.0135083 0)
(1.62313 -0.0415886 0)
(0.521561 0.0335048 0)
(1.47457 -0.031104 0)
(0.531517 -0.0186843 0)
(1.54151 0.0554867 0)
(0.42776 -0.0215733 0)
(1.62706 0.0394412 0)
(0.286518 0.00392246 0)
(1.59048 -0.058117 0)
(0.499231 0.0697331 0)
(1.29975 -0.0789108 0)
(0.777254 -0.00342305 0)
(1.252 0.0282156 0)
(0.531093 -0.0355558 0)
(1.63199 -0.000320086 0)
(0.269925 -0.0476911 0)
(1.7733 0.132377 0)
(-0.00969364 -0.0746947 0)
(1.88892 0.0427537 0)
(0.784052 -0.00521774 0)
(1.1378 -0.0321047 0)
(0.977062 0.036588 0)
(1.05725 0.0345493 0)
(0.817244 -0.0267641 0)
(1.07389 0.000406691 0)
(0.920209 -0.0198779 0)
(1.145 0.0151875 0)
(0.982468 0.0340469 0)
(1.12057 -0.0544296 0)
(0.931678 0.0709782 0)
(1.05879 -0.0454396 0)
(0.981592 0.00203682 0)
(0.929987 0.107911 0)
(1.05866 -0.18453 0)
(1.14591 0.131847 0)
(0.991774 -0.0251441 0)
(1.2016 -0.0127975 0)
(1.11604 0.0380072 0)
(1.14322 0.0626185 0)
(0.842117 0.0498677 0)
(1.02293 -0.143503 0)
(1.04724 0.0564869 0)
(1.02949 0.0574911 0)
(1.00883 -0.0235547 0)
(1.05323 0.00835965 0)
(0.900997 -0.0516382 0)
(1.17928 0.00289415 0)
(0.853693 0.0226268 0)
(1.17867 -0.0459753 0)
(0.830288 0.0943957 0)
(1.17715 -0.0844256 0)
(0.831673 0.0515858 0)
(1.11908 0.0135448 0)
(0.960836 -0.1279 0)
(0.91483 0.0644454 0)
(1.07374 -0.0707064 0)
(0.987042 0.0696583 0)
(0.998589 -0.0214041 0)
(0.953607 -0.0497103 0)
(0.929758 0.0644076 0)
(1.03238 -0.124987 0)
(0.892495 0.0260638 0)
(1.10574 0.0646047 0)
(0.905528 -0.0473094 0)
(1.11293 0.0438507 0)
(0.888677 -0.0768051 0)
(1.14544 0.0213529 0)
(0.891898 0.0475249 0)
(1.10441 -0.0450451 0)
(0.853407 0.0714151 0)
(1.15687 -0.0302228 0)
(0.764532 0.012825 0)
(1.21518 0.0380323 0)
(0.705102 -0.0924727 0)
(1.11324 0.0598657 0)
(0.809715 -0.0581295 0)
(1.02034 0.0020606 0)
(0.929215 0.0654644 0)
(1.00245 -0.0720769 0)
(1.10793 0.0593362 0)
(0.901411 -0.108164 0)
(0.977077 0.0204055 0)
(1.00042 0.0537848 0)
(1.03928 -0.0243074 0)
(0.932109 0.0181185 0)
(1.08209 -0.0547616 0)
(0.869127 -6.25338e-05 0)
(1.12671 0.0504797 0)
(0.894948 -0.025359 0)
(1.02146 0.0533505 0)
(1.02446 -0.0217461 0)
(0.934989 0.00884431 0)
(1.08711 0.0494835 0)
(0.906539 -0.0762517 0)
(1.09991 0.00713569 0)
(0.94517 -0.0107473 0)
(1.01617 0.00150639 0)
(0.951583 0.0131252 0)
(1.14112 -0.129897 0)
(1.04662 0.0562182 0)
(0.972025 -0.0564962 0)
(1.00845 -0.0372997 0)
(0.962807 0.0398381 0)
(1.09115 -0.0130946 0)
(0.928151 0.0131691 0)
(1.07657 -0.0372595 0)
(0.916306 -0.0165493 0)
(1.07888 0.0411632 0)
(0.935392 -9.19699e-06 0)
(1.09216 0.00365537 0)
(0.93966 0.0225558 0)
(1.13482 -0.0344038 0)
(0.892426 0.0713896 0)
(1.19166 -0.0981871 0)
(0.868178 0.0222442 0)
(1.19356 0.000402464 0)
(0.805579 -0.0234703 0)
(1.21343 0.0117953 0)
(0.882922 -0.071931 0)
(0.995486 0.0498898 0)
(1.04948 -0.0767136 0)
(0.951949 0.0121932 0)
(1.00982 0.0193841 0)
(0.992258 -0.00994736 0)
(1.00534 0.0228366 0)
(0.997706 -0.0445126 0)
(1.01643 -0.00779045 0)
(0.93711 0.0493628 0)
(1.07158 -0.0296621 0)
(0.904321 0.0418974 0)
(1.14275 -0.0290567 0)
(0.887798 0.0194481 0)
(1.09066 0.0245964 0)
(0.976987 -0.054774 0)
(0.978761 0.000695087 0)
(1.04158 0.0328382 0)
(0.948038 -0.0174591 0)
(1.02465 -0.0125833 0)
(0.981683 -0.0781557 0)
(1.03079 0.0287302 0)
(0.986251 -0.0258858 0)
(0.995374 -0.0257877 0)
(0.989142 0.024074 0)
(0.997006 -0.00954196 0)
(0.992567 0.00471821 0)
(1.03854 -0.0314777 0)
(0.953991 0.00366106 0)
(1.01611 0.0229279 0)
(0.953867 0.0110267 0)
(1.04954 -0.0330689 0)
(0.989644 0.0372104 0)
(1.00778 -0.0165627 0)
(0.99544 0.0307404 0)
(1.02084 -0.0468898 0)
(1.02937 -0.0196924 0)
(0.973421 0.0294673 0)
(1.03957 -0.0274152 0)
(0.977061 -0.00147202 0)
(1.0259 -0.0781467 0)
(0.968436 0.0381758 0)
(1.04374 -0.0527493 0)
(1.00593 -0.00153961 0)
(0.978875 0.0259237 0)
(1.01138 -0.0136943 0)
(0.983794 -0.000281842 0)
(1.03763 -0.0212304 0)
(0.976063 -0.00280716 0)
(0.97356 0.0505705 0)
(1.02613 -0.0438311 0)
(1.00075 0.0145238 0)
(1.02133 0.00431514 0)
(0.999656 0.00538223 0)
(0.961964 0.0263624 0)
(1.08944 -0.0691756 0)
(0.923662 0.0186833 0)
(1.08005 0.031129 0)
(0.917666 -0.0216781 0)
(1.07257 -0.00994318 0)
(0.938574 -0.0675959 0)
(0.980025 0.0207675 0)
(1.04086 -0.0348669 0)
(0.980324 -0.000644377 0)
(1.00529 0.0250796 0)
(0.981466 -0.0101819 0)
(1.01008 -0.0137232 0)
(1.0054 -0.0186665 0)
(0.973261 0.0264606 0)
(0.98763 0.00653021 0)
(1.02228 -0.00517783 0)
(0.978918 -0.0311389 0)
(1.03771 0.0409668 0)
(0.938109 0.00842487 0)
(1.0405 -0.0113508 0)
(0.97917 -0.0262812 0)
(1.01848 -0.01874 0)
(0.983054 0.0400604 0)
(1.01057 -0.0266715 0)
(1.01448 -0.0151293 0)
(0.998783 -0.0601658 0)
(0.981775 0.0235906 0)
(1.03071 -0.045244 0)
(0.996102 0.00685339 0)
(0.984202 0.030517 0)
(1.02939 -0.0175293 0)
(0.981023 -0.0141777 0)
(1.01148 7.66412e-05 0)
(0.956965 0.00370231 0)
(1.01947 0.0259364 0)
(0.998753 -0.0358813 0)
(1.01278 -0.000987987 0)
(0.970486 0.0343123 0)
(1.02958 -0.00444619 0)
(0.963288 0.00993492 0)
(1.06481 -0.0608402 0)
(0.949121 0.0146991 0)
(1.03721 0.0341313 0)
(0.97894 -0.0330541 0)
(1.04059 -0.0142293 0)
(0.976642 -0.0435814 0)
(0.985714 0.0123014 0)
(1.05187 -0.0349028 0)
(0.94575 0.0170025 0)
(1.02965 0.0106324 0)
(0.999243 -0.00633176 0)
(0.996377 -0.00962591 0)
(0.995208 0.00041849 0)
(0.969549 0.0145572 0)
(1.01241 -0.00812239 0)
(1.01383 -0.00532104 0)
(0.984805 -0.0169006 0)
(0.999228 0.036486 0)
(0.995512 0.00825035 0)
(1.01366 -0.0248214 0)
(1.01758 -0.0193522 0)
(0.951253 -0.00343388 0)
(1.02576 0.0242441 0)
(0.989476 -0.0223329 0)
(1.02393 -0.0229358 0)
(0.971302 -0.0164482 0)
(1.01624 0.00100842 0)
(1.01297 -0.0173865 0)
(0.963702 0.012464 0)
(1.01047 0.00658227 0)
(0.994679 -0.000888375 0)
(1.01293 -0.0141461 0)
(0.972331 0.0168189 0)
(1.0126 -0.00814542 0)
(0.987708 0.0049922 0)
(1.01569 -0.0207657 0)
(0.997635 0.00258462 0)
(0.970967 0.0329512 0)
(1.03846 -0.0157901 0)
(0.984072 7.87507e-05 0)
(1.02501 -0.0307503 0)
(0.959629 0.00981571 0)
(0.995966 0.0130656 0)
(1.03376 -0.0278321 0)
(0.953388 -0.0121741 0)
(1.02549 -0.00341014 0)
(1.02515 -0.00518825 0)
(0.999142 -0.00295601 0)
(0.972999 0.0131918 0)
(0.995218 -0.00435102 0)
(1.00206 -0.00600322 0)
(1.00666 -0.00308034 0)
(0.986951 0.00720461 0)
(1.01623 0.000503614 0)
(0.984879 -0.00431139 0)
(1.02627 -0.0139839 0)
(0.974403 0.00658455 0)
(1.00961 0.0177342 0)
(1.00915 -0.000842296 0)
(0.994377 -0.0139835 0)
(1.02411 -0.0107968 0)
(0.938756 0.0153096 0)
(1.0434 -0.017536 0)
(0.959849 0.00506305 0)
(1.01403 -0.0281736 0)
(0.961129 -0.00129888 0)
(1.02837 -0.0140075 0)
(0.974206 0.0145764 0)
(1.00099 0.010042 0)
(0.987486 -0.00764605 0)
(1.0037 -0.00487982 0)
(1.01445 -0.00944076 0)
(0.974001 0.0162947 0)
(1.03309 -0.0110644 0)
(0.968556 0.00333355 0)
(1.03264 -0.0174803 0)
(0.9654 0.0121679 0)
(1.01461 0.0139794 0)
(1.00453 -0.00747858 0)
(1.00048 -0.00780337 0)
(0.994187 -0.00332388 0)
(0.987428 0.00278372 0)
(0.994274 -0.00363288 0)
(1.0141 -0.00361113 0)
(0.955693 -0.0243871 0)
(1.04421 -0.00366135 0)
(1.00791 -0.00932721 0)
(0.96984 0.0171866 0)
(1.0204 0.0030229 0)
(0.986484 -0.00538655 0)
(1.03088 -0.0184306 0)
(0.977965 0.00924021 0)
(1.01201 0.00212058 0)
(0.996864 -0.00217455 0)
(0.993844 0.00101251 0)
(1.0172 -0.0170659 0)
(0.957996 0.0193183 0)
(1.02976 -0.00406107 0)
(0.991823 0.00732219 0)
(0.99883 -0.00930559 0)
(0.997154 -0.00380103 0)
(0.969421 0.0155593 0)
(1.0188 -0.0332523 0)
(0.975067 0.0298503 0)
(1.01916 -0.0511863 0)
(0.991275 -0.000666171 0)
(0.987892 -0.00536638 0)
(0.989236 0.0130728 0)
(1.01458 -0.000730873 0)
(1.01506 -0.0131646 0)
(1.01375 0.000402203 0)
(0.975755 -0.00136703 0)
(1.01212 0.00949541 0)
(0.986235 -0.00526694 0)
(1.00523 -0.00334335 0)
(1.0054 -0.00282009 0)
(0.965338 0.00970405 0)
(1.02704 -0.00638582 0)
(0.982757 0.011396 0)
(1.00914 -0.0131706 0)
(0.975517 0.0130391 0)
(1.00293 -0.0064761 0)
(0.981716 -0.0125476 0)
(1.01296 0.00810588 0)
(0.989613 -0.0478419 0)
(1.02732 0.0124224 0)
(0.98015 -0.000405471 0)
(1.00522 0.0086221 0)
(1.01121 -0.0128873 0)
(1.01741 -0.00417153 0)
(1.00187 -0.000154235 0)
(0.976122 0.0113143 0)
(1.01727 -0.00310171 0)
(0.96989 -0.000149638 0)
(1.0242 -0.00643231 0)
(0.986081 -0.00022995 0)
(0.989867 0.0122018 0)
(1.01396 -0.0176354 0)
(0.985252 0.0214364 0)
(1.00202 -0.0124728 0)
(0.984225 0.0069663 0)
(1.0012 0.00410444 0)
(0.987695 -0.0300406 0)
(1.01017 0.0212738 0)
(0.99114 -0.0600356 0)
(1.0001 0.0284838 0)
(0.995066 0.000205417 0)
(1.00985 0.00088903 0)
(1.00131 -0.00874056 0)
(1.00377 -0.00819102 0)
(0.978137 0.0198242 0)
(1.00467 -0.00706538 0)
(0.999604 0.0110342 0)
(0.992551 -0.00827748 0)
(1.01213 -0.0113469 0)
(0.972888 0.0131348 0)
(1.01856 -0.00120479 0)
(0.98237 -0.00928159 0)
(0.997781 0.0239985 0)
(1.01325 -0.0206894 0)
(0.975257 0.0228695 0)
(1.03891 -0.0195763 0)
(0.964353 -0.00593995 0)
(1.02762 -0.00199028 0)
(0.953002 -0.0381191 0)
(0.993838 0.0324701 0)
(1.0089 -0.00444593 0)
(0.980345 0.00856349 0)
(1.03174 -0.0112216 0)
(0.939 0.00788111 0)
(1.02971 -0.0019199 0)
(0.972837 0.00383059 0)
(1.02916 0.000339162 0)
(0.989007 -0.00431896 0)
(1.00859 0.00193384 0)
(0.96603 -0.00247456 0)
(1.03181 0.00872814 0)
(0.983283 -0.0106073 0)
(0.983988 0.0120271 0)
(1.06828 -0.00893217 0)
(0.901985 0.00759684 0)
(1.15841 -0.00493278 0)
(0.81301 -0.00705099 0)
(1.17893 0.00935535 0)
(0.771295 -0.028979 0)
(1.11846 0.0340119 0)
(-0.282272 0.0331022 0)
(1.87428 -0.152218 0)
(0.210455 0.0542008 0)
(1.43717 -0.0709578 0)
(0.602215 -0.00595961 0)
(1.23758 -0.19673 0)
(0.950588 0.0562817 0)
(1.3377 0.114401 0)
(1.25073 0.0128404 0)
(1.006 -0.101385 0)
(1.05947 0.142152 0)
(1.10619 -0.0967515 0)
(0.998099 0.0561459 0)
(1.09799 0.0565774 0)
(0.69708 -0.142995 0)
(1.27172 0.163473 0)
(1.21987 0.116521 0)
(0.818494 -0.0919277 0)
(1.04994 -0.00525917 0)
(1.14821 0.0210883 0)
(0.904156 -0.0219248 0)
(1.19133 -0.0164938 0)
(0.91016 -0.0372767 0)
(0.851304 -0.0995034 0)
(1.0691 0.0931382 0)
(0.950823 -0.011193 0)
(1.09747 -0.0296508 0)
(0.887856 -0.00986271 0)
(1.30299 -0.003038 0)
(0.740974 0.0708116 0)
(1.39964 0.00359097 0)
(0.534934 -0.176859 0)
(0.923328 0.172726 0)
(1.13863 -0.10615 0)
(0.898161 -0.00650219 0)
(1.14269 -0.047241 0)
(0.994556 0.0324251 0)
(1.0635 -0.0360489 0)
(1.08386 0.0487925 0)
(1.01431 -0.185637 0)
(1.09979 0.0832874 0)
(1.02637 0.0191127 0)
(0.956086 -0.04826 0)
(1.1 -0.0362419 0)
(0.923964 0.0134712 0)
(1.19348 0.0365418 0)
(0.912713 0.0162623 0)
(1.13215 -0.175858 0)
(1.0346 0.10208 0)
(1.02692 -0.017712 0)
(1.04462 -0.066194 0)
(0.956849 -0.00745122 0)
(1.14295 -0.0343404 0)
(0.939893 -0.00483645 0)
(1.2112 0.0495945 0)
(0.904416 -0.166157 0)
(0.984156 0.0537401 0)
(1.07063 0.0225788 0)
(0.977517 -0.0323444 0)
(1.02734 -0.0705945 0)
(1.05525 0.00214741 0)
(0.972079 0.0189472 0)
(1.09928 0.00559854 0)
(1.00799 -0.131326 0)
(1.05453 0.0626024 0)
(0.961355 0.00431801 0)
(1.06653 -0.0561135 0)
(0.990355 -0.0258589 0)
(1.03038 -0.0207672 0)
(0.971074 -0.00822626 0)
(1.06912 0.0155072 0)
(1.03167 -0.142889 0)
(0.989018 0.0323918 0)
(1.02254 0.026052 0)
(1.01698 -0.0612128 0)
(1.0091 -0.0444577 0)
(1.04893 -0.000172305 0)
(0.908503 0.0113152 0)
(1.1336 -0.045967 0)
(0.932087 -0.0867288 0)
(0.97927 0.0396269 0)
(1.01339 -0.000231262 0)
(1.0058 -0.0577208 0)
(1.04834 -0.0306397 0)
(0.939029 0.0192015 0)
(1.03392 -0.0370325 0)
(0.980496 -0.0107708 0)
(1.0821 -0.112503 0)
(0.956327 0.00174457 0)
(1.06952 0.0216564 0)
(0.97466 -0.0847419 0)
(1.04089 -0.0065458 0)
(0.956458 0.00836116 0)
(1.02831 -0.0155868 0)
(0.99645 -0.0649337 0)
(1.01137 -0.0561267 0)
(0.945145 -0.0155443 0)
(1.07484 -0.00809094 0)
(1.0054 -0.0410043 0)
(0.987408 -0.0195716 0)
(0.997192 0.0193488 0)
(1.02228 -0.0436802 0)
(1.02568 -0.0194518 0)
(0.910881 -0.0689652 0)
(1.0351 -0.034527 0)
(1.00533 -0.00205313 0)
(1.03893 -0.0437597 0)
(0.945075 0.00249804 0)
(1.03722 -0.0166281 0)
(0.992853 -0.0225815 0)
(0.990788 -0.0161867 0)
(0.953898 -0.0512626 0)
(0.975916 -0.0448846 0)
(1.04178 -0.0120979 0)
(1.01017 -0.00292461 0)
(0.974477 -0.0196003 0)
(1.01672 -0.0111748 0)
(0.987484 -0.0119715 0)
(0.982503 -0.0065503 0)
(0.924558 -0.0474071 0)
(1.02219 -0.0454115 0)
(0.982206 -0.0124996 0)
(1.05025 -0.00508697 0)
(0.970526 -0.00625368 0)
(1.02568 -0.0251751 0)
(0.948218 0.00448046 0)
(0.991791 0.00548393 0)
(0.939159 -0.0561797 0)
(0.955757 -0.063238 0)
(1.0308 -0.0163733 0)
(1.01745 0.00713283 0)
(0.998845 -0.0127453 0)
(1.01354 -0.00385231 0)
(0.942767 0.0132186 0)
(0.979134 -0.00571758 0)
(0.942893 -0.0335936 0)
(0.971779 -0.0647582 0)
(1.01831 -0.0173992 0)
(1.05667 0.00222011 0)
(0.996233 -0.01052 0)
(1.00487 0.00882712 0)
(0.933511 0.0247238 0)
(0.970201 -0.00264505 0)
(0.944747 -0.0350153 0)
(0.959148 -0.11742 0)
(1.03697 -0.034024 0)
(1.01684 0.0138853 0)
(1.01007 0.00553755 0)
(0.964012 0.0360772 0)
(0.93261 0.0373438 0)
(0.950584 -0.0156282 0)
(0.906666 -0.01588 0)
(0.840089 -0.0936348 0)
(0.973841 -0.0119148 0)
(0.976743 -0.0152592 0)
(0.923416 0.0311725 0)
(0.936713 0.045415 0)
(0.940175 0.0260706 0)
(0.90318 0.00312609 0)
(0.84804 -0.0120494 0)
(0.371877 -0.114695 0)
(1.26026 -0.18895 0)
(1.43304 0.0348197 0)
(0.596187 0.0110689 0)
(1.05458 -0.12652 0)
(1.66047 -0.0827226 0)
(1.0013 -0.0309033 0)
(1.92919 -0.0439431 0)
(1.19413 0.00760219 0)
(2.13335 -0.0524002 0)
(1.5408 -0.0503531 0)
(2.37055 -0.044334 0)
(1.9732 -0.0526027 0)
(2.74093 -0.0507031 0)
(2.32013 -0.0277931 0)
(3.18654 -0.103509 0)
(2.68054 -0.0117379 0)
(3.53016 -0.0818576 0)
(2.9104 0.0053264 0)
(3.76906 -0.0575942 0)
(2.98765 0.017006 0)
(3.80136 -0.00355635 0)
(2.76684 0.0470904 0)
(3.52576 0.0197823 0)
(2.36161 0.101327 0)
(3.0653 -0.00837633 0)
(2.07867 0.0861356 0)
(2.56955 0.00214838 0)
(1.25491 0.154839 0)
(0.667966 -0.348263 0)
(1.52481 0.225826 0)
(0.653905 0.203475 0)
(1.34784 -0.448451 0)
(1.3357 0.0490061 0)
(1.23315 -0.0271179 0)
(1.5614 -0.130416 0)
(1.52383 -0.0325878 0)
(1.77964 -0.194329 0)
(1.76326 -0.0128236 0)
(2.09919 -0.207136 0)
(2.12149 -0.148844 0)
(2.48811 -0.109808 0)
(2.44947 -0.179662 0)
(3.01972 -0.122235 0)
(2.70129 -0.118776 0)
(3.4019 -0.0576088 0)
(2.94698 -0.0985932 0)
(3.64898 0.00171025 0)
(3.07513 0.00437433 0)
(3.66139 0.0911271 0)
(2.92378 0.126247 0)
(3.34187 0.145233 0)
(2.59877 0.163148 0)
(2.83988 0.114835 0)
(2.36012 0.209523 0)
(2.20732 0.146026 0)
(1.53929 0.174433 0)
(0.71959 -0.330446 0)
(1.26495 0.103197 0)
(1.05574 0.148748 0)
(1.59109 -0.36695 0)
(0.665212 -0.0701606 0)
(1.75762 -0.101178 0)
(1.28722 -0.248759 0)
(1.78533 -0.0440821 0)
(1.57855 -0.234298 0)
(1.98802 -0.171809 0)
(2.11056 -0.247231 0)
(2.19072 -0.249047 0)
(2.54818 -0.212889 0)
(2.5795 -0.294872 0)
(2.99328 -0.262731 0)
(2.79442 -0.189741 0)
(3.36184 -0.21168 0)
(3.0603 -0.118847 0)
(3.62216 -0.108794 0)
(3.23636 0.0158134 0)
(3.56452 0.0882218 0)
(3.20177 0.188041 0)
(3.23721 0.201796 0)
(2.97172 0.318127 0)
(2.74312 0.139832 0)
(2.62925 0.369134 0)
(2.0978 0.214791 0)
(1.62257 0.178354 0)
(0.923733 -0.146454 0)
(1.28168 0.0261715 0)
(1.25956 0.0308862 0)
(1.49571 -0.250572 0)
(0.951471 -0.0714843 0)
(1.81039 -0.261896 0)
(1.12576 -0.213726 0)
(1.85444 -0.11311 0)
(1.70282 -0.333708 0)
(2.04239 -0.221526 0)
(2.0967 -0.331703 0)
(2.29531 -0.344808 0)
(2.58739 -0.312806 0)
(2.61781 -0.376437 0)
(2.91008 -0.260614 0)
(2.90325 -0.254209 0)
(3.35064 -0.236346 0)
(3.23746 -0.178357 0)
(3.62415 -0.111566 0)
(3.3639 0.0553178 0)
(3.52933 0.118624 0)
(3.25483 0.305021 0)
(3.16851 0.246603 0)
(2.95986 0.423164 0)
(2.62088 0.289868 0)
(2.59536 0.506426 0)
(2.14472 0.423718 0)
(1.13236 0.0202465 0)
(1.26981 -0.150805 0)
(1.12844 -0.120558 0)
(1.29714 0.0523722 0)
(1.36676 -0.212642 0)
(1.30394 -0.303537 0)
(1.50607 -0.14737 0)
(1.2865 -0.293087 0)
(1.82905 -0.322012 0)
(1.60303 -0.334976 0)
(1.94728 -0.360437 0)
(2.08682 -0.409106 0)
(2.28548 -0.463395 0)
(2.40117 -0.396777 0)
(2.62428 -0.458337 0)
(2.83394 -0.408182 0)
(3.01483 -0.39055 0)
(3.37529 -0.405247 0)
(3.31404 -0.210109 0)
(3.6221 -0.189094 0)
(3.43431 0.0992345 0)
(3.49523 0.127948 0)
(3.36109 0.388312 0)
(3.02593 0.367857 0)
(3.06838 0.549667 0)
(2.54956 0.354902 0)
(2.62729 0.54359 0)
(2.2328 0.422408 0)
(0.920143 0.0085062 0)
(1.25231 -0.151282 0)
(0.902158 0.00249805 0)
(1.2109 -0.115009 0)
(1.20617 -0.192862 0)
(1.14984 -0.163063 0)
(1.30708 -0.233241 0)
(1.44296 -0.373805 0)
(1.51536 -0.299178 0)
(1.55718 -0.369211 0)
(1.99019 -0.495835 0)
(1.95621 -0.503072 0)
(2.24512 -0.494674 0)
(2.38832 -0.500817 0)
(2.72006 -0.589584 0)
(2.80333 -0.494631 0)
(3.19644 -0.493455 0)
(3.22654 -0.443635 0)
(3.47535 -0.238808 0)
(3.4525 -0.209957 0)
(3.59021 0.14721 0)
(3.4017 0.183081 0)
(3.49506 0.495573 0)
(3.08718 0.412184 0)
(3.11226 0.649839 0)
(2.59377 0.553084 0)
(2.631 0.656623 0)
(2.19808 0.661402 0)
(1.17587 -0.0620227 0)
(0.978496 -0.103365 0)
(1.15586 -0.100336 0)
(1.12128 -0.0911755 0)
(1.15204 -0.180067 0)
(1.30403 -0.375684 0)
(1.26014 -0.265965 0)
(1.41551 -0.394446 0)
(1.51069 -0.420346 0)
(1.71173 -0.523954 0)
(1.93043 -0.590188 0)
(1.90328 -0.532409 0)
(2.34769 -0.65728 0)
(2.37332 -0.658852 0)
(2.77476 -0.685351 0)
(2.7812 -0.651262 0)
(3.20057 -0.620111 0)
(3.07308 -0.571487 0)
(3.39442 -0.311858 0)
(3.25645 -0.28949 0)
(3.46979 0.14673 0)
(3.31655 0.143374 0)
(3.40394 0.589102 0)
(3.04723 0.541612 0)
(3.11736 0.733658 0)
(2.6305 0.589679 0)
(2.67871 0.70256 0)
(2.35689 0.739715 0)
(1.10324 -0.0628059 0)
(1.02678 -0.111333 0)
(1.0716 -0.0956506 0)
(1.10026 -0.118362 0)
(1.25549 -0.254939 0)
(1.13125 -0.237254 0)
(1.27643 -0.309087 0)
(1.38973 -0.467332 0)
(1.48437 -0.468429 0)
(1.62536 -0.561103 0)
(1.81203 -0.613241 0)
(1.93729 -0.673743 0)
(2.33093 -0.75634 0)
(2.33464 -0.747378 0)
(2.80511 -0.787267 0)
(2.58922 -0.7426 0)
(3.09755 -0.641029 0)
(2.62565 -0.547502 0)
(3.22361 -0.303394 0)
(2.70764 -0.265496 0)
(3.25941 0.187526 0)
(2.80597 0.15689 0)
(3.23971 0.626257 0)
(2.78193 0.581534 0)
(2.96331 0.898146 0)
(2.5947 0.738681 0)
(2.59097 0.714882 0)
(2.50256 0.936597 0)
(1.02555 -0.0814943 0)
(1.03705 -0.0832204 0)
(0.991254 -0.139427 0)
(1.15476 -0.179111 0)
(1.073 -0.199321 0)
(1.16067 -0.376709 0)
(1.2582 -0.389853 0)
(1.22113 -0.467117 0)
(1.54705 -0.59365 0)
(1.57626 -0.659676 0)
(1.75765 -0.736841 0)
(2.0336 -0.834303 0)
(2.28604 -0.875391 0)
(2.33834 -0.880012 0)
(2.62403 -0.84842 0)
(2.32109 -0.773767 0)
(2.75727 -0.653368 0)
(2.25147 -0.595877 0)
(2.91138 -0.361947 0)
(2.1742 -0.259946 0)
(2.91385 0.147153 0)
(2.25829 0.143146 0)
(2.83648 0.685931 0)
(2.44988 0.551614 0)
(2.61767 0.869976 0)
(2.40774 0.796894 0)
(2.19406 0.777285 0)
(2.51319 0.924022 0)
(1.10679 -0.0997956 0)
(0.913743 -0.0620676 0)
(1.14306 -0.178405 0)
(0.924262 -0.151784 0)
(1.20885 -0.267443 0)
(1.08239 -0.320511 0)
(1.13098 -0.373007 0)
(1.31399 -0.617796 0)
(1.42621 -0.628157 0)
(1.45172 -0.6613 0)
(1.82803 -0.87211 0)
(2.03659 -0.94001 0)
(2.10915 -0.925477 0)
(2.18343 -0.884227 0)
(2.19633 -0.805989 0)
(2.04364 -0.743158 0)
(2.36334 -0.632412 0)
(1.91194 -0.564038 0)
(2.49556 -0.312371 0)
(1.7551 -0.203301 0)
(2.51499 0.0997824 0)
(1.7705 0.129058 0)
(2.46235 0.68416 0)
(1.95133 0.679437 0)
(2.17687 0.964522 0)
(2.11365 0.757695 0)
(1.89437 0.791716 0)
(2.06949 1.04107 0)
(0.917035 -0.0795616 0)
(1.02161 -0.0877417 0)
(1.0518 -0.155629 0)
(0.928707 -0.185127 0)
(1.10785 -0.295923 0)
(0.964512 -0.31233 0)
(1.21236 -0.507925 0)
(1.15676 -0.59105 0)
(1.22938 -0.667482 0)
(1.60938 -0.893265 0)
(1.73704 -1.0069 0)
(1.80772 -0.971077 0)
(1.88953 -0.953922 0)
(1.83048 -0.889905 0)
(1.85799 -0.819061 0)
(1.73145 -0.800987 0)
(1.91755 -0.696412 0)
(1.53847 -0.591543 0)
(2.01561 -0.340946 0)
(1.30423 -0.172754 0)
(2.0108 0.0880058 0)
(1.17447 0.180744 0)
(2.01688 0.577106 0)
(1.5129 0.590549 0)
(1.74159 1.00059 0)
(1.59314 0.795354 0)
(1.73072 0.800832 0)
(1.72119 0.911596 0)
(0.94506 -0.0721492 0)
(0.972233 -0.136485 0)
(1.01712 -0.119084 0)
(0.941709 -0.197353 0)
(1.00253 -0.285914 0)
(1.02276 -0.358119 0)
(1.10186 -0.509852 0)
(1.03744 -0.621707 0)
(1.34517 -0.834826 0)
(1.43388 -0.936298 0)
(1.50054 -1.00726 0)
(1.60887 -1.00353 0)
(1.5307 -0.945769 0)
(1.41299 -0.847852 0)
(1.38021 -0.773682 0)
(1.17297 -0.701914 0)
(1.27044 -0.605966 0)
(1.05804 -0.559814 0)
(1.31362 -0.273473 0)
(0.847109 -0.140002 0)
(1.37511 0.0780945 0)
(0.595251 0.232518 0)
(1.39933 0.597835 0)
(0.894059 0.703535 0)
(1.35831 0.949193 0)
(0.949709 0.694326 0)
(1.27793 0.873722 0)
(1.3492 0.936692 0)
(1.03272 -0.0772426 0)
(0.915075 -0.103996 0)
(1.0173 -0.152068 0)
(0.917118 -0.166886 0)
(0.94418 -0.329455 0)
(1.0065 -0.364352 0)
(0.99677 -0.506686 0)
(1.06804 -0.696466 0)
(1.16669 -0.905525 0)
(1.34891 -1.00623 0)
(1.30263 -1.05033 0)
(1.16799 -0.982705 0)
(0.959196 -0.860253 0)
(0.815072 -0.777124 0)
(0.729643 -0.750199 0)
(0.569313 -0.7495 0)
(0.661151 -0.636458 0)
(0.341214 -0.552026 0)
(0.579317 -0.281305 0)
(0.287597 -0.124789 0)
(0.604039 0.12031 0)
(0.180248 0.177181 0)
(0.758713 0.379792 0)
(0.327655 0.741825 0)
(0.824958 0.991824 0)
(0.438823 0.605935 0)
(0.858835 0.773422 0)
(0.770467 0.868023 0)
(0.948873 -0.0804786 0)
(0.99426 -0.132255 0)
(0.888222 -0.0999934 0)
(0.997617 -0.19215 0)
(0.829834 -0.301056 0)
(0.936567 -0.410146 0)
(0.933183 -0.509745 0)
(0.96931 -0.740419 0)
(1.14573 -0.963092 0)
(1.07178 -0.99465 0)
(0.843232 -0.909591 0)
(0.588375 -0.831072 0)
(0.459652 -0.787597 0)
(0.254566 -0.6757 0)
(0.246931 -0.659179 0)
(-0.0388371 -0.669755 0)
(-0.0466031 -0.517361 0)
(-0.362699 -0.458588 0)
(-0.187714 -0.266188 0)
(-0.426005 -0.105227 0)
(-0.134129 0.114928 0)
(-0.453145 0.241953 0)
(0.00517345 0.424825 0)
(-0.303565 0.659889 0)
(0.350534 0.945561 0)
(-0.0213137 0.664911 0)
(0.416827 0.722089 0)
(0.469018 0.694212 0)
(1.0099 -0.0916936 0)
(0.890754 -0.0808777 0)
(0.928262 -0.139824 0)
(0.898651 -0.145727 0)
(0.894286 -0.285697 0)
(0.781503 -0.41079 0)
(0.849893 -0.519674 0)
(0.901801 -0.808521 0)
(0.845986 -0.962066 0)
(0.65478 -0.85197 0)
(0.313735 -0.805584 0)
(0.0308934 -0.73226 0)
(-0.106291 -0.711023 0)
(-0.193963 -0.709963 0)
(-0.298262 -0.601212 0)
(-0.641519 -0.576644 0)
(-0.670776 -0.518457 0)
(-0.90912 -0.451254 0)
(-0.982427 -0.248633 0)
(-1.03755 -0.136033 0)
(-0.949873 0.0756506 0)
(-1.05595 0.119292 0)
(-0.68503 0.344955 0)
(-1.14349 0.656272 0)
(-0.206293 0.809102 0)
(-0.613441 0.503875 0)
(-0.145513 0.676563 0)
(-0.369909 0.729236 0)
(0.948152 -0.0756905 0)
(0.934641 -0.0854584 0)
(0.854157 -0.100354 0)
(0.889837 -0.179696 0)
(0.818256 -0.237174 0)
(0.756122 -0.38621 0)
(0.713632 -0.563629 0)
(0.780354 -0.775407 0)
(0.463076 -0.836025 0)
(0.145727 -0.696871 0)
(-0.1938 -0.596187 0)
(-0.303614 -0.678131 0)
(-0.551491 -0.633949 0)
(-0.784463 -0.550542 0)
(-0.815512 -0.507473 0)
(-1.16329 -0.447866 0)
(-1.33993 -0.369652 0)
(-1.50212 -0.319961 0)
(-1.59131 -0.202969 0)
(-1.6498 -0.0559923 0)
(-1.63934 0.0813995 0)
(-1.62891 0.157192 0)
(-1.47459 0.395846 0)
(-1.67795 0.484342 0)
(-0.586106 0.676616 0)
(-1.44131 0.595717 0)
(-0.438699 0.572833 0)
(-0.766845 0.484654 0)
(0.931571 -0.0737332 0)
(0.870133 -0.0451506 0)
(0.885114 -0.101239 0)
(0.818964 -0.134271 0)
(0.775481 -0.214225 0)
(0.675005 -0.346603 0)
(0.614937 -0.525086 0)
(0.539602 -0.70061 0)
(0.0190383 -0.601575 0)
(-0.317638 -0.550418 0)
(-0.48604 -0.571715 0)
(-0.883136 -0.530185 0)
(-1.107 -0.534822 0)
(-1.32056 -0.513378 0)
(-1.50898 -0.413221 0)
(-1.70362 -0.393079 0)
(-1.8703 -0.360625 0)
(-2.04537 -0.284914 0)
(-2.16718 -0.198312 0)
(-2.21557 -0.113217 0)
(-2.23394 0.0104862 0)
(-2.21267 0.111737 0)
(-2.10026 0.278584 0)
(-2.09512 0.340043 0)
(-1.33459 0.598161 0)
(-1.98317 0.415036 0)
(-0.376657 0.433911 0)
(-1.58979 0.593484 0)
(0.917321 -0.0452346 0)
(0.866699 -0.0533871 0)
(0.851967 -0.0759216 0)
(0.787339 -0.120744 0)
(0.72541 -0.163798 0)
(0.589894 -0.305445 0)
(0.482204 -0.492662 0)
(0.14931 -0.489966 0)
(-0.344616 -0.411984 0)
(-0.612812 -0.380313 0)
(-0.99604 -0.339908 0)
(-1.33184 -0.353855 0)
(-1.48751 -0.404937 0)
(-1.71412 -0.37375 0)
(-1.99661 -0.27375 0)
(-2.23733 -0.249426 0)
(-2.48258 -0.210458 0)
(-2.61477 -0.133031 0)
(-2.77188 -0.0971525 0)
(-2.80959 -0.00883221 0)
(-2.80976 0.0476663 0)
(-2.74915 0.147878 0)
(-2.6519 0.224401 0)
(-2.43614 0.221436 0)
(-1.97869 0.494792 0)
(-2.12131 0.178602 0)
(-1.12457 0.398636 0)
(-2.06706 0.393326 0)
(0.894862 -0.021222 0)
(0.846219 -0.0174607 0)
(0.840511 -0.0521566 0)
(0.733868 -0.0717374 0)
(0.64844 -0.108399 0)
(0.510148 -0.210601 0)
(0.237634 -0.329645 0)
(-0.190965 -0.320927 0)
(-0.625692 -0.26377 0)
(-0.90892 -0.259549 0)
(-1.30257 -0.225224 0)
(-1.38037 -0.337741 0)
(-1.8206 -0.314754 0)
(-2.15731 -0.208326 0)
(-2.39918 -0.243512 0)
(-2.68529 -0.165989 0)
(-2.91969 -0.171146 0)
(-3.04356 -0.153228 0)
(-3.21475 -0.0889678 0)
(-3.19877 -0.098122 0)
(-3.24711 0.0123314 0)
(-3.17663 0.0152575 0)
(-3.0729 0.074981 0)
(-2.84456 0.151391 0)
(-2.5179 0.245585 0)
(-2.46835 0.0891983 0)
(-1.90521 0.301193 0)
(-2.1873 0.147507 0)
(0.863832 -0.0125881 0)
(0.812515 -0.0220382 0)
(0.774967 -0.0243394 0)
(0.653658 -0.0207541 0)
(0.591202 -0.0462655 0)
(0.360253 -0.104595 0)
(-0.0614239 -0.135906 0)
(-0.621845 -0.0489826 0)
(-0.862414 -0.0155398 0)
(-1.18512 -0.0124658 0)
(-1.39228 -0.0888099 0)
(-1.82058 -0.101538 0)
(-2.33425 -0.00893426 0)
(-2.45771 -0.0960581 0)
(-2.92264 0.00729023 0)
(-3.03567 0.00479972 0)
(-3.2296 -0.0432512 0)
(-3.49416 0.0470692 0)
(-3.43512 -0.0402207 0)
(-3.70237 0.0493394 0)
(-3.50163 0.00641001 0)
(-3.68998 0.0429241 0)
(-3.43434 0.0562869 0)
(-3.31704 0.0344098 0)
(-3.01636 0.15894 0)
(-2.79483 0.0384097 0)
(-2.44741 0.120642 0)
(-2.29287 0.049236 0)
(1.78132 0.241926 0)
(1.57338 0.284618 0)
(1.54371 0.0474288 0)
(0.711377 0.0623348 0)
(0.886499 0.12556 0)
(0.750572 -0.592117 0)
(0.763726 -0.713813 0)
(-1.26409 -0.805835 0)
(2.0994 0.503434 0)
(1.81488 0.449942 0)
(1.83091 0.348698 0)
(1.3195 0.555141 0)
(1.17467 0.239068 0)
(1.37221 -0.224886 0)
(0.738544 -0.253136 0)
(-0.571807 -0.651724 0)
(2.1918 0.413122 0)
(1.77273 0.502137 0)
(1.84369 0.421925 0)
(1.52923 0.419955 0)
(1.60415 0.24596 0)
(1.40116 -0.423543 0)
(1.53049 0.211258 0)
(0.212946 -0.622632 0)
(2.2527 0.515754 0)
(1.95828 0.60075 0)
(1.84842 0.511629 0)
(1.87086 0.454187 0)
(1.59242 0.335907 0)
(2.015 -0.096473 0)
(0.7871 0.220613 0)
(1.68495 -0.300996 0)
(2.18166 0.495826 0)
(2.0227 0.697736 0)
(1.83038 0.584694 0)
(1.76919 0.483384 0)
(1.67125 0.307942 0)
(1.5538 -0.000934828 0)
(1.29104 0.299564 0)
(0.873139 -0.398713 0)
(2.1279 0.594302 0)
(2.00702 0.710608 0)
(1.91833 0.692567 0)
(1.68817 0.481852 0)
(1.68014 0.402978 0)
(1.51376 0.156858 0)
(1.44607 0.352947 0)
(1.10109 0.157772 0)
(2.16859 0.582847 0)
(1.95121 0.798721 0)
(1.85654 0.801896 0)
(1.6147 0.509622 0)
(1.62003 0.394694 0)
(1.52916 0.16908 0)
(1.46519 0.484016 0)
(1.17856 0.0361477 0)
(2.14314 0.77668 0)
(1.97218 0.7794 0)
(1.94389 0.954812 0)
(1.6406 0.607691 0)
(1.43054 0.472466 0)
(1.46569 0.287264 0)
(1.36726 0.46653 0)
(1.36156 0.262404 0)
(2.16142 0.866861 0)
(1.80525 0.881227 0)
(1.85641 0.976211 0)
(1.7878 0.661661 0)
(1.52344 0.463096 0)
(1.60324 0.270526 0)
(1.44541 0.4579 0)
(1.48771 0.293627 0)
(2.0466 0.979479 0)
(1.76716 0.944232 0)
(1.7971 1.08913 0)
(1.57659 0.793329 0)
(1.35697 0.571766 0)
(1.39822 0.385766 0)
(1.37628 0.491414 0)
(1.40189 0.405459 0)
(1.73161 1.04105 0)
(1.48653 0.952851 0)
(1.79747 1.05355 0)
(1.50429 0.776273 0)
(1.23517 0.509953 0)
(1.18424 0.285187 0)
(1.25329 0.409544 0)
(1.18373 0.432962 0)
(1.43743 1.01735 0)
(1.18967 1.02754 0)
(1.47993 1.15242 0)
(1.39238 0.964788 0)
(1.20574 0.747759 0)
(1.23352 0.419336 0)
(1.26788 0.485548 0)
(1.15773 0.489193 0)
(1.13411 1.06446 0)
(1.03552 0.826498 0)
(1.29543 1.06023 0)
(1.08935 0.921995 0)
(1.10203 0.642256 0)
(1.13896 0.28426 0)
(1.24249 0.446816 0)
(1.2897 0.491955 0)
(0.56141 1.03925 0)
(0.660711 0.956233 0)
(0.937367 1.12725 0)
(1.07606 0.912498 0)
(1.10088 0.773933 0)
(1.05332 0.288889 0)
(1.21993 0.408939 0)
(1.25322 0.441873 0)
(0.307137 0.902195 0)
(0.275664 0.580307 0)
(0.57343 1.03719 0)
(0.532437 0.783235 0)
(0.955756 0.691623 0)
(0.994333 0.198529 0)
(1.19525 0.40572 0)
(1.23386 0.452147 0)
(-0.188169 0.840872 0)
(-0.336808 0.734075 0)
(0.303742 0.973725 0)
(0.486427 0.638899 0)
(0.606442 0.675768 0)
(0.601983 0.060684 0)
(0.910952 0.36524 0)
(1.07976 0.370126 0)
(-0.372655 0.633132 0)
(-0.674863 0.322242 0)
(-0.0765547 0.762471 0)
(-0.212291 0.543338 0)
(0.818753 0.601067 0)
(0.486795 -0.0256399 0)
(0.742869 0.269767 0)
(0.834498 0.269486 0)
(-0.00810092 0.354783 0)
(-1.3474 0.670183 0)
(-0.34465 0.702808 0)
(-0.289263 0.115712 0)
(0.325769 0.501866 0)
(-0.315197 0.0574644 0)
(0.648246 0.251472 0)
(0.600848 0.263016 0)
(-1.04187 0.331047 0)
(-1.94795 0.432723 0)
(0.510908 0.136995 0)
(-0.870384 0.272085 0)
(0.0911572 0.473278 0)
(-0.499783 -0.268404 0)
(0.338983 -0.101165 0)
(0.383436 0.128461 0)
(-1.7132 0.0921939 0)
(-1.73555 0.0836619 0)
(-0.543913 0.185639 0)
(-1.29352 0.301122 0)
(0.586681 0.480301 0)
(0.60714 0.00463001 0)
(-0.136862 -0.17988 0)
(0.105624 0.122628 0)
(-0.649461 -0.735842 0)
(0.154589 0.21161 0)
(0.480588 0.491438 0)
(0.54732 0.451848 3.72872e-18)
(0.95294 0.591841 2.99261e-19)
(1.07727 0.501524 0)
(1.46659 0.477123 2.64677e-18)
(1.21357 0.350059 1.49347e-19)
(1.43096 0.339814 1.93612e-18)
(1.27478 0.269574 1.86055e-18)
(1.60507 0.304246 0)
(1.46519 0.292664 1.57467e-18)
(1.59837 0.307913 -6.54374e-20)
(1.41757 0.249661 1.24053e-18)
(1.63573 0.250396 1.59358e-20)
(1.68238 0.223454 -1.75767e-20)
(1.97178 0.271762 -4.14711e-19)
(1.86394 0.220964 2.85238e-19)
(2.13769 0.293282 4.19436e-21)
(1.78127 0.0912313 3.92359e-22)
(0.431013 -0.46574 0)
(0.473206 -0.247416 0)
(0.716567 0.203045 -1.66526e-19)
(0.758004 0.321763 -7.68268e-18)
(1.029 0.444125 -1.10691e-19)
(1.2042 0.358167 3.98235e-18)
(1.50641 0.304904 -2.60327e-18)
(1.31928 0.170728 1.07091e-18)
(1.46106 0.158802 2.09304e-18)
(1.39918 0.135973 -1.86659e-18)
(1.63857 0.165212 0)
(1.60571 0.164174 1.53674e-18)
(1.68872 0.179047 1.99129e-20)
(1.5919 0.161666 -1.2505e-18)
(1.73231 0.17057 2.35485e-21)
(1.8091 0.167572 0)
(2.00255 0.251946 -2.27651e-21)
(1.91865 0.215329 0)
(2.08336 0.310303 0)
(1.78331 0.0724009 0)
(0.701681 -0.165142 0)
(0.567924 0.269457 -2.02828e-19)
(0.847141 0.676976 3.46196e-19)
(0.971351 0.669291 -1.93195e-19)
(1.19775 0.573914 -6.37995e-18)
(1.3572 0.506048 -3.9806e-18)
(1.60009 0.468541 0)
(1.50471 0.38545 1.69603e-19)
(1.53761 0.323075 -2.34849e-18)
(1.48731 0.255093 1.194e-19)
(1.65675 0.264312 0)
(1.70673 0.310917 -1.55139e-18)
(1.77436 0.340887 0)
(1.68867 0.275215 1.23828e-18)
(1.77081 0.233384 2.3856e-21)
(1.86361 0.182425 0)
(2.06324 0.273893 4.18244e-19)
(2.01474 0.210421 0)
(2.14363 0.295807 -9.76277e-23)
(1.86993 0.145219 4.08797e-21)
(1.07192 -0.0277736 -9.44605e-20)
(0.823855 0.135531 6.58323e-18)
(0.958415 0.286666 4.90696e-18)
(1.08263 0.301552 3.53024e-18)
(1.26286 0.291729 0)
(1.41028 0.290546 0)
(1.55944 0.274149 0)
(1.60346 0.228781 -1.21302e-18)
(1.56896 0.178189 0)
(1.46129 0.118965 -1.89232e-18)
(1.61748 0.118601 1.61034e-18)
(1.78885 0.163052 1.02242e-19)
(1.88205 0.208097 0)
(1.75693 0.173312 0)
(1.7377 0.141888 -1.13019e-18)
(1.81988 0.0932904 5.27637e-19)
(2.07153 0.237726 -1.56103e-20)
(2.07901 0.195252 -3.0742e-19)
(2.18577 0.333866 8.87536e-20)
(1.94018 0.190499 -4.02499e-21)
(0.347566 -0.184886 0)
(0.682935 0.317123 -6.15034e-18)
(0.878023 0.570501 -5.17636e-18)
(1.077 0.542429 2.0983e-19)
(1.26639 0.472065 -2.98466e-18)
(1.43307 0.467808 0)
(1.52797 0.399686 3.07502e-18)
(1.57544 0.37528 -1.49847e-19)
(1.52311 0.348049 1.34925e-19)
(1.47359 0.229295 2.01352e-18)
(1.6588 0.185606 -1.20234e-19)
(1.90344 0.275239 0)
(1.92386 0.368857 1.39372e-18)
(1.68964 0.303848 1.90387e-20)
(1.62898 0.206995 1.15941e-18)
(1.68688 0.0844556 -3.76842e-20)
(1.96625 0.21625 4.51154e-19)
(2.03141 0.181985 -1.0678e-20)
(2.17394 0.335334 -1.72449e-19)
(2.02485 0.220815 0)
(0.998748 0.15275 0)
(1.05931 0.154974 5.56494e-18)
(1.16008 0.340941 0)
(1.31453 0.277019 -3.11405e-18)
(1.37614 0.184656 2.90356e-18)
(1.51899 0.251228 -4.17918e-18)
(1.58035 0.243453 -3.1256e-18)
(1.64491 0.236688 -1.50244e-19)
(1.67175 0.22976 2.66714e-19)
(1.75348 0.118775 -1.23058e-19)
(1.82189 0.0475383 -1.72957e-18)
(1.83925 0.116419 1.56672e-18)
(1.72173 0.238161 -1.4297e-18)
(1.57445 0.205722 0)
(1.6131 0.125988 -5.61692e-19)
(1.70048 0.00769886 -1.96281e-20)
(1.92481 0.145441 -4.20439e-19)
(2.00463 0.137342 3.07769e-19)
(2.13709 0.304708 9.07195e-20)
(2.07937 0.234738 3.439e-22)
(1.12452 0.112298 0)
(1.09851 0.345684 -5.2935e-18)
(1.14385 0.540519 -2.84526e-19)
(1.11671 0.391381 3.19396e-18)
(1.12359 0.278712 -2.81804e-18)
(1.40114 0.377236 -4.14911e-20)
(1.49968 0.352228 3.27084e-18)
(1.55487 0.32879 0)
(1.57932 0.308892 0)
(1.68394 0.20415 0)
(1.82796 0.189161 -1.03209e-19)
(1.86587 0.290549 -6.91031e-19)
(1.72744 0.394256 2.06246e-20)
(1.62991 0.315531 -1.91786e-20)
(1.64851 0.179627 5.80764e-19)
(1.71309 0.0222896 -3.62279e-20)
(1.90124 0.138669 1.57091e-20)
(2.00259 0.132602 -1.71418e-19)
(2.12395 0.306572 9.07229e-21)
(2.14101 0.2546 1.11264e-21)
(1.18009 0.35197 0)
(1.16107 0.359906 0)
(1.14904 0.450957 1.40608e-19)
(1.32276 0.321664 -1.8871e-19)
(1.36324 0.129109 2.74531e-18)
(1.45008 0.155232 4.21993e-18)
(1.49949 0.1988 -3.32644e-18)
(1.6006 0.217064 1.37075e-18)
(1.5931 0.188682 -1.38449e-19)
(1.62954 0.0303735 1.16466e-19)
(1.71552 -0.00294837 -1.14183e-19)
(1.819 0.147293 -7.96073e-19)
(1.74979 0.311687 -2.09254e-20)
(1.71916 0.248817 2.17525e-20)
(1.73682 0.115927 0)
(1.76455 -0.0353687 -5.25139e-19)
(1.87831 0.0716831 1.57155e-20)
(1.98435 0.084687 1.62707e-19)
(2.08715 0.259183 0)
(2.17939 0.242252 -1.11459e-21)
(1.16731 0.24153 -4.42264e-18)
(1.07227 0.268117 0)
(1.10301 0.409828 4.31349e-18)
(1.23968 0.285686 1.7802e-19)
(1.29392 0.222363 0)
(1.42433 0.295542 -2.13522e-18)
(1.39436 0.276342 1.72559e-18)
(1.45464 0.274304 7.84787e-21)
(1.48858 0.265766 0)
(1.68214 0.160423 -9.73447e-19)
(1.83136 0.148804 0)
(1.87744 0.269099 0)
(1.7729 0.397693 0)
(1.79701 0.327107 0)
(1.84889 0.182723 -1.61618e-20)
(1.85775 0.0139212 3.08714e-21)
(1.9081 0.0845958 1.57732e-20)
(2.01537 0.0880562 -8.24943e-21)
(2.08449 0.254154 9.56826e-21)
(2.21478 0.245771 0)
(1.13127 0.44934 9.0764e-20)
(1.08183 0.360948 1.40794e-19)
(1.13018 0.39996 -9.11537e-18)
(1.28019 0.251394 -2.55592e-18)
(1.23084 0.0775732 0)
(1.37569 0.148468 4.29074e-18)
(1.44447 0.198299 1.24811e-19)
(1.49618 0.195152 -1.50313e-18)
(1.4987 0.121776 -9.44113e-19)
(1.59814 -0.0678453 2.9292e-21)
(1.69768 -0.0421094 0)
(1.78916 0.176207 -7.97836e-19)
(1.7762 0.356599 -2.13892e-20)
(1.8693 0.268846 -6.35603e-19)
(1.91494 0.117248 -5.64429e-19)
(1.90365 -0.0326416 0)
(1.90174 0.0282232 0)
(2.00164 0.0450288 0)
(2.03971 0.206185 6.35924e-22)
(2.22216 0.221602 1.45076e-21)
(1.14366 0.442627 2.08685e-18)
(1.24903 0.378885 2.24576e-18)
(1.15929 0.344214 4.52592e-18)
(1.32782 0.227403 2.1534e-18)
(1.34663 0.156187 3.29349e-19)
(1.34163 0.170642 8.52549e-21)
(1.34465 0.220422 1.17527e-20)
(1.46754 0.242951 -7.44273e-19)
(1.57701 0.211525 1.35855e-19)
(1.70351 0.0988649 1.16966e-19)
(1.68135 0.0948134 -1.15387e-19)
(1.71252 0.231452 8.06081e-19)
(1.75872 0.356323 -2.17054e-20)
(1.91295 0.296582 6.8795e-19)
(1.9702 0.174488 5.70059e-19)
(1.99136 0.0367861 -2.65387e-19)
(1.95252 0.0664212 1.18834e-20)
(2.01946 0.0618999 1.61644e-19)
(2.01036 0.20036 0)
(2.22185 0.213224 -1.97564e-21)
(1.19905 0.421888 4.04919e-18)
(1.26695 0.373032 -2.20251e-18)
(1.26126 0.387791 2.06739e-18)
(1.43378 0.219545 1.64396e-19)
(1.44781 0.150023 0)
(1.42598 0.192728 -2.16357e-18)
(1.33309 0.164777 -1.85018e-18)
(1.44749 0.144566 1.1872e-18)
(1.55776 0.0593789 5.42084e-19)
(1.69446 -0.0742761 9.80024e-19)
(1.69246 -0.02187 0)
(1.73385 0.17231 0)
(1.77494 0.323232 -7.87953e-19)
(1.92136 0.247947 2.56458e-20)
(1.96863 0.107323 -2.01722e-20)
(2.00274 -0.0183114 2.71003e-19)
(1.97319 0.0181615 2.44781e-19)
(2.03486 0.0318745 -3.58956e-19)
(1.99928 0.157235 7.02169e-20)
(2.23161 0.180887 -5.6467e-22)
(1.3206 0.45439 3.12223e-20)
(1.33143 0.37909 -2.06011e-18)
(1.31457 0.324999 -2.45226e-18)
(1.39379 0.183111 1.63976e-19)
(1.28997 0.151386 1.26482e-18)
(1.35833 0.195503 0)
(1.34586 0.19906 -1.14353e-19)
(1.45899 0.163666 -5.79259e-19)
(1.52733 0.105907 6.74582e-19)
(1.6148 0.0319391 0)
(1.59893 0.0728334 -4.42727e-19)
(1.67716 0.207256 4.0926e-19)
(1.75438 0.300183 7.52042e-19)
(1.91516 0.247681 3.7646e-19)
(1.96303 0.144891 2.62975e-21)
(2.02384 0.0392258 0)
(2.00152 0.063086 -2.16805e-19)
(2.06168 0.0605679 -2.43633e-20)
(2.03332 0.158058 -5.02129e-20)
(2.2612 0.167944 1.12833e-21)
(1.24682 0.411165 -1.97906e-18)
(1.31132 0.367838 -2.80767e-20)
(1.30931 0.347628 0)
(1.40009 0.199653 0)
(1.29785 0.137991 1.08638e-20)
(1.37011 0.170008 0)
(1.40147 0.147439 -1.09338e-18)
(1.52555 0.107608 5.93052e-19)
(1.53814 0.0190702 1.38389e-19)
(1.57392 -0.0775486 1.17162e-19)
(1.536 -0.019705 7.74376e-19)
(1.63733 0.150097 -4.13623e-19)
(1.72297 0.270745 3.74773e-19)
(1.88834 0.214773 -7.00215e-19)
(1.93526 0.0846662 1.82081e-20)
(2.00056 -0.0208713 2.44206e-19)
(1.99548 0.0101184 4.22089e-21)
(2.06371 0.0258207 1.98675e-19)
(2.05935 0.11585 -9.72814e-21)
(2.28633 0.135685 0)
(1.27958 0.398786 0)
(1.29484 0.32934 2.14336e-18)
(1.2299 0.276051 -1.36102e-19)
(1.29325 0.18284 1.59271e-19)
(1.20989 0.169324 9.8832e-21)
(1.33201 0.167013 0)
(1.40329 0.15024 9.94829e-19)
(1.58355 0.124281 -5.77508e-19)
(1.59407 0.0638336 0)
(1.5841 0.00885184 0)
(1.4592 0.0419431 -8.99663e-19)
(1.52946 0.152409 -4.21911e-19)
(1.62601 0.227906 3.35797e-21)
(1.84114 0.193886 7.42799e-19)
(1.94069 0.110202 0)
(2.01613 0.0223736 -2.96441e-19)
(1.99786 0.0465578 1.66148e-20)
(2.06569 0.0468648 -8.87809e-21)
(2.05208 0.110694 6.92831e-20)
(2.26531 0.121236 -5.78913e-22)
(1.09911 0.371837 0)
(1.12353 0.349302 1.0867e-18)
(1.13809 0.290319 -9.83304e-19)
(1.26676 0.172539 -1.56013e-19)
(1.25026 0.123309 -1.20432e-18)
(1.41675 0.10858 0)
(1.43221 0.0771955 0)
(1.58458 0.0658349 1.38945e-19)
(1.55543 0.0241723 1.27919e-19)
(1.55163 -0.0208774 -4.92984e-19)
(1.42474 0.0128598 4.5377e-19)
(1.46899 0.117844 8.56917e-19)
(1.56169 0.192407 -4.1125e-19)
(1.79348 0.148255 -3.78132e-19)
(1.94338 0.0501014 0)
(2.03683 -0.0253982 -1.594e-19)
(2.00128 0.000867981 1.68101e-20)
(2.0773 0.0166897 -8.87861e-21)
(2.05084 0.0751749 -4.85216e-20)
(2.24125 0.0923022 0)
(0.884829 0.306546 0)
(1.01111 0.259584 -2.15151e-18)
(1.07878 0.198232 9.71584e-19)
(1.21481 0.129152 1.54376e-19)
(1.20257 0.1201 0)
(1.35898 0.116268 2.70357e-19)
(1.32043 0.0837214 -3.9473e-19)
(1.45303 0.0788577 -1.3677e-19)
(1.42774 0.0474977 -2.65345e-19)
(1.44776 0.0250534 6.12666e-19)
(1.35649 0.0557193 -1.20133e-19)
(1.41302 0.112836 -4.35151e-19)
(1.55162 0.144735 2.11011e-19)
(1.81096 0.108625 0)
(1.95704 0.0505831 0)
(2.03865 0.00557498 1.60555e-19)
(1.9771 0.0318169 -1.6868e-20)
(2.04915 0.0346889 0)
(2.013 0.0737594 2.9189e-20)
(2.194 0.0799851 -5.77587e-22)
(0.738585 0.277359 -4.99659e-19)
(0.935006 0.219013 1.19754e-18)
(1.00487 0.160774 -2.76711e-19)
(1.16703 0.10098 1.51068e-19)
(1.16396 0.0674715 0)
(1.31114 0.0525603 0)
(1.27874 0.0357795 0)
(1.39221 0.0356397 4.16036e-19)
(1.37827 0.0194536 -1.36939e-19)
(1.40373 0.00410871 1.23773e-19)
(1.35555 0.0312477 0)
(1.44801 0.0769562 0)
(1.59449 0.098025 -2.1367e-19)
(1.82185 0.0605509 0)
(1.91443 0.00375068 8.72926e-20)
(1.97082 -0.0263464 0)
(1.91142 -0.00206777 -5.94962e-20)
(1.99828 0.0105491 -8.85969e-21)
(1.9684 0.0462385 -3.2905e-20)
(2.15032 0.0550971 0)
(0.576602 0.153369 4.90806e-19)
(0.795839 0.111172 1.31494e-19)
(0.851004 0.0840993 -6.09716e-21)
(1.02588 0.0651036 -1.48563e-19)
(1.02278 0.0656672 0)
(1.17193 0.0687884 0)
(1.14341 0.0536715 0)
(1.28175 0.0465602 -6.9158e-20)
(1.29038 0.0343727 1.26244e-19)
(1.35443 0.0290973 -2.5346e-19)
(1.34456 0.0391199 -1.1725e-19)
(1.48289 0.0552627 0)
(1.62257 0.0548793 0)
(1.81055 0.0379853 0)
(1.85343 0.0137623 -8.82359e-20)
(1.85342 -0.00115721 -1.63795e-20)
(1.78729 0.0176341 7.66723e-20)
(1.88015 0.019356 8.83035e-21)
(1.85942 0.0380939 5.28382e-21)
(2.07621 0.0390754 -7.35396e-22)
(0.333033 0.076837 0)
(0.597957 0.0509608 0)
(0.659802 0.0338761 -1.33578e-19)
(0.876465 0.0189527 1.44603e-19)
(0.891554 0.0045781 0)
(1.07778 -0.00396946 0)
(1.08381 -0.00777665 0)
(1.22892 -0.00670328 6.84431e-20)
(1.23774 -0.00700658 0)
(1.31842 -0.00898456 1.19214e-19)
(1.32365 0.000633565 -4.90031e-21)
(1.4752 0.0102314 0)
(1.59952 0.0160647 2.59187e-20)
(1.76485 0.00778307 -2.98342e-20)
(1.80549 -0.00526302 3.03742e-21)
(1.79932 -0.0123245 -1.6655e-20)
(1.71931 -0.0100107 1.72743e-20)
(1.81014 -0.00414287 0)
(1.78728 0.00619188 0)
(2.01553 0.00964654 1.55796e-22)
(0.627816 -0.445593 0)
(0.179697 0.272926 0)
(0.572237 0.204162 0)
(-0.669443 0.355859 0)
(-0.222396 0.408403 0)
(-0.361034 0.053824 0)
(-0.0551623 -0.750976 0)
(-0.00862522 -1.55217 0)
(-0.309287 -0.00330606 0)
(0.285271 0.377138 0)
(0.0361142 0.209752 0)
(0.0115488 0.0723762 0)
(0.349931 0.208805 0)
(-0.156629 -0.193826 0)
(-0.231839 -0.908019 0)
(0.0494496 -1.60046 0)
(0.342945 -0.416281 0)
(0.156712 0.147097 0)
(0.370777 0.26532 0)
(0.00917174 0.180169 0)
(0.045569 0.627224 0)
(0.129947 0.37273 0)
(-0.159577 -0.774303 0)
(0.206963 -1.72769 0)
(-0.0369951 -0.269192 0)
(0.0731599 0.30339 0)
(0.699536 0.328532 0)
(-0.186654 0.235708 0)
(-0.265172 0.0668037 0)
(-0.0324308 -0.171688 0)
(0.0714575 -1.0837 0)
(0.309641 -1.52515 0)
(0.0515523 -0.447478 0)
(0.231606 -0.131673 0)
(0.65849 0.298365 0)
(0.0680833 0.627659 0)
(0.423677 0.558601 0)
(0.420095 0.252269 0)
(0.148001 -0.706208 0)
(0.128508 -1.42655 0)
(-0.0568001 -0.403116 0)
(0.159162 0.0169115 0)
(-0.24732 0.390894 0)
(0.379072 0.41834 0)
(0.358311 0.0144396 0)
(0.165023 -0.0712744 0)
(-0.194128 -1.12628 0)
(0.0603005 -1.58904 0)
(-0.185716 -0.542537 0)
(0.488588 0.00853111 0)
(-0.140371 0.198324 0)
(0.00510381 0.323926 0)
(-0.0200528 0.588317 0)
(-0.0675829 0.450331 0)
(0.0903918 -0.610471 0)
(0.212296 -1.31534 0)
(-0.125653 -0.587561 0)
(0.368421 0.00441591 0)
(-0.147397 0.562299 0)
(-0.232119 0.341063 0)
(-0.351848 0.149609 0)
(0.0515964 -0.0547333 0)
(-0.0800534 -1.17193 0)
(0.186286 -1.60321 0)
(-0.201201 -0.617983 0)
(0.250483 0.0389204 0)
(-0.106513 0.487664 0)
(0.201616 0.380898 0)
(0.0610089 0.383543 0)
(-0.0201096 0.237787 0)
(0.18141 -0.784573 0)
(0.207354 -1.17409 0)
(-0.208915 -0.648818 0)
(0.1886 -0.0168537 0)
(-0.247272 0.641818 0)
(0.467286 0.308112 0)
(0.147598 0.359645 0)
(0.214962 -0.076722 0)
(0.146419 -1.12361 0)
(0.0909082 -1.40597 0)
(-0.209758 -0.588733 0)
(0.175904 0.0437764 0)
(-0.0905255 0.330749 0)
(0.125463 0.113484 0)
(0.195843 0.447639 0)
(0.168417 0.182496 0)
(0.237987 -0.817557 0)
(0.200186 -1.14571 0)
(-0.215426 -0.662441 0)
(0.173342 -0.0567551 0)
(-0.144994 0.624262 0)
(0.0837624 0.194359 0)
(-0.138668 0.4307 0)
(0.366839 -0.115955 0)
(0.201575 -1.01416 0)
(0.506871 -1.10089 0)
(-0.205621 -0.555189 0)
(0.0552141 -0.00883504 0)
(-0.175062 0.415688 0)
(-0.0101548 0.0679918 0)
(-0.151058 0.300036 0)
(0.259454 -0.0299475 0)
(0.181006 -0.86248 0)
(0.505701 -0.879694 0)
(-0.277311 -0.565309 0)
(0.0628948 -0.0480873 0)
(-0.358575 0.670756 0)
(0.16397 0.195924 0)
(-0.29342 0.317832 0)
(0.376421 -0.329445 0)
(0.0773856 -1.13042 0)
(0.395181 -0.766902 0)
(-0.184102 -0.476203 0)
(0.0134295 0.00251094 0)
(-0.221821 0.388542 0)
(-0.0376605 -0.0156157 0)
(-0.189507 0.215696 0)
(0.217671 -0.207468 0)
(-0.0683033 -0.835923 0)
(0.412727 -0.614696 0)
(-0.155245 -0.438154 0)
(0.0837105 -0.0376858 0)
(-0.197885 0.679578 0)
(0.0929948 0.198118 0)
(-0.271121 0.185865 0)
(0.269862 -0.426485 0)
(-0.590714 -1.19654 0)
(0.583287 -0.656815 0)
(0.0429895 -0.47454 0)
(0.0230137 0.00528968 0)
(-0.162906 0.405018 0)
(-0.0359517 -0.0244945 0)
(-0.219385 0.169109 0)
(0.0016527 -0.033637 0)
(-0.891851 -0.986506 0)
(0.732944 -0.540513 0)
(0.127742 -0.434007 0)
(0.0356282 0.0646358 0)
(-0.0991604 0.72733 0)
(0.0932636 0.254101 0)
(-0.229916 0.127961 0)
(-0.125752 -0.163628 0)
(-0.63526 -1.57617 0)
(0.760848 -0.749292 0)
(0.18153 -0.57763 0)
(-0.0131066 0.0874612 0)
(-0.131196 0.387324 0)
(-0.105558 0.0178641 0)
(-0.0868665 0.288008 0)
(-0.103833 0.190325 0)
(0.344402 -1.51305 0)
(0.328252 -0.457639 0)
(-0.174647 -0.517978 0)
(-0.0045073 0.235655 0)
(-0.084068 0.727167 0)
(0.0511061 0.265127 0)
(-0.287815 0.0914273 0)
(-0.065083 -0.31849 0)
(0.395426 -1.74496 0)
(-0.0798925 -0.527168 0)
(-0.231383 -0.467877 0)
(-0.033034 0.0445842 0)
(-0.0578518 0.407277 0)
(0.0478128 0.138687 0)
(0.0421744 0.342963 0)
(-0.0296606 -0.208187 0)
(-0.12701 -1.2955 0)
(-0.482822 -0.332963 0)
(-0.187726 -0.387614 0)
(0.0011704 0.178873 0)
(-0.0923453 0.659701 0)
(-0.00845164 0.173383 0)
(-0.331788 0.190914 0)
(-0.0280127 -0.305228 0)
(-0.328884 -1.46795 0)
(-0.446596 -0.727217 0)
(0.0428928 -0.384691 0)
(-0.0905622 -0.0517498 0)
(-0.0371013 0.408912 0)
(0.0558538 0.263008 0)
(-0.153999 0.331869 0)
(-0.195295 -0.267224 0)
(-0.183511 -1.20165 0)
(-0.0898979 -0.800648 0)
(-0.0770673 -0.352906 0)
(-0.145095 0.242355 0)
(-0.20677 0.629639 0)
(0.157047 0.198553 0)
(-0.165208 0.386143 0)
(0.123716 -0.249691 0)
(-0.723534 -1.46475 0)
(0.0370312 -0.940169 0)
(0.0756887 -0.270288 0)
(-0.201099 -0.00588382 0)
(-0.133974 0.260082 0)
(-0.125411 0.245545 0)
(-0.134136 0.369301 0)
(0.0425682 -0.093823 0)
(-0.982143 -1.00516 0)
(-0.328599 -1.11246 0)
(0.189023 -0.301246 0)
(-0.225748 0.317996 0)
(-0.258193 0.600355 0)
(0.161177 0.165647 0)
(-0.269565 0.320549 0)
(0.23823 0.120063 0)
(-0.558999 -1.22751 0)
(0.12227 -1.6707 0)
(0.438241 -0.206626 0)
(-0.25557 0.22697 0)
(0.328189 0.103885 0)
(-0.235919 0.258221 0)
(-0.136857 0.313822 0)
(0.29164 0.040896 0)
(0.0167067 -0.932725 0)
(0.467454 -1.4542 0)
(0.136704 -0.463986 0)
(-0.11489 0.317469 0)
(-0.262667 0.576123 0)
(-0.144223 0.388759 0)
(-0.178201 0.0963159 0)
(0.426702 0.0496589 0)
(-0.0408483 -1.10556 0)
(-0.0971969 -1.31216 0)
(-0.017139 -0.115209 0)
(-0.263326 0.482722 0)
(-0.336568 0.129421 0)
(-0.464728 0.19861 0)
(-0.0539867 0.00420857 0)
(0.00676689 -0.0747192 0)
(-0.508422 -0.747399 0)
(-0.676286 -1.51073 0)
(-0.251313 -0.45153 0)
(-0.142748 0.455688 0)
(-0.144748 0.609504 0)
(-0.0469434 0.254882 0)
(-0.113446 -0.106784 0)
(0.234251 0.208825 0)
(-0.802577 -0.753802 0)
(0.124989 -2.05678 0)
(0.0738282 0.18703 0)
(-0.543821 0.528409 0)
(0.270289 0.114071 0)
(-0.155777 0.219205 0)
(0.0808343 -0.138197 0)
(0.0969744 0.238405 0)
(-0.505294 -0.64158 0)
(0.819434 -1.98398 0)
(-0.0222471 -0.300835 0)
(0.203679 0.26224 0)
(0.208163 0.394831 0)
(0.184907 0.284874 0)
(0.0738387 -0.185318 0)
(0.377785 0.435028 0)
(-0.0590563 -0.912581 0)
(0.90808 -1.84686 0)
(0.480951 0.140373 0)
(-0.40174 0.52101 0)
(0.220413 0.126777 0)
(-0.0966841 0.377161 0)
(0.300897 -0.276276 0)
(0.395377 0.362664 0)
(0.287204 -0.915034 0)
(1.0097 -1.50282 0)
(0.606571 -0.398617 0)
(0.0573671 0.317409 0)
(0.421612 0.211805 0)
(0.0701022 0.174586 0)
(0.269757 -0.427718 0)
(0.336611 0.414907 0)
(0.309455 -1.11498 0)
(1.06767 -1.16868 0)
(-0.114091 -0.141233 0)
(-0.185228 0.626525 0)
(0.609065 0.135101 0)
(0.026077 0.43327 0)
(0.53838 -0.35076 0)
(0.0521296 0.314832 0)
(0.195738 -1.35276 0)
(0.631051 -0.87589 0)
(-0.250414 -0.293636 0)
(0.609034 0.118245 0)
(-0.274377 0.0877691 0)
(0.331803 0.241336 0)
(0.211789 -0.358484 0)
(-0.0093884 0.492565 0)
(0.402053 -1.50316 0)
(0.105294 -0.809905 0)
(0.0956068 -0.392563 0)
(0.315646 0.515766 0)
(0.313874 0.248015 0)
(-0.0870537 0.142288 0)
(-0.0811877 -0.219822 0)
(-0.571742 0.259984 0)
(0.817682 -1.47636 0)
(-0.630366 -0.60436 0)
(-0.265775 -0.473411 0)
(0.120992 0.147543 0)
(-0.578052 0.357741 0)
(0.616375 0.345682 0)
(-0.728835 0.00371481 0)
(-0.470754 0.108887 0)
(0.302274 -1.30726 0)
(-1.07875 -0.682525 0)
(-0.258595 -0.303034 0)
(-0.989343 0.599726 0)
(0.0110327 -0.0719452 0)
(-0.209258 0.276149 0)
(-0.61137 0.295965 0)
(-0.429284 -0.399739 0)
(0.0505414 -1.35029 0)
(-0.999053 -0.927389 0)
(-1.54181 0.133804 0)
(0.174269 0.18512 0)
(-0.968021 -0.0490932 0)
(0.0582581 0.507064 0)
(-0.426615 0.210765 0)
(0.56085 -0.293002 0)
(0.395121 -0.975246 0)
(-0.684174 -1.27454 0)
(-0.209664 -0.0765763 0)
(0.462279 -0.0560309 0)
(0.144078 0.0185522 0)
(0.272731 0.0191826 0)
(0.37791 0.0501912 0)
(0.386775 0.0662316 0)
(0.0935222 0.0159395 0)
(0.0949812 0.00249199 0)
(0.0977045 -0.206736 0)
(0.406802 -0.177276 0)
(0.222481 0.0347596 0)
(0.363557 -0.0667222 0)
(0.336085 -0.0406513 0)
(0.42641 0.162191 0)
(0.113309 0.142991 0)
(0.0779272 0.0834886 0)
(0.105669 -0.258592 0)
(0.294037 -0.173104 0)
(0.14812 0.0195506 0)
(0.42501 -0.0261654 0)
(0.218645 -0.0320259 0)
(0.30736 0.180726 0)
(0.0894165 0.208583 0)
(0.0360403 0.152684 0)
(0.127336 -0.319267 0)
(0.166869 -0.233132 0)
(0.210952 -0.0763137 0)
(0.448596 -0.0761592 0)
(0.211855 -0.0302152 0)
(0.241581 0.189239 0)
(0.0989799 0.267209 0)
(0.0113853 0.218568 0)
(0.105532 -0.304057 0)
(0.0923693 -0.264993 0)
(0.0747318 -0.157488 0)
(0.294503 -0.0419793 0)
(0.105617 0.012608 0)
(0.194183 0.174128 0)
(0.105699 0.307671 0)
(-0.0338404 0.297337 0)
(0.0379498 -0.290954 0)
(0.0493164 -0.237762 0)
(0.018005 -0.233482 0)
(0.159206 -0.119312 0)
(0.0195531 -0.0203061 0)
(0.0832754 0.14546 0)
(-0.00802015 0.350235 0)
(-0.110084 0.362368 0)
(0.0722193 -0.255617 0)
(0.0244744 -0.258115 0)
(-0.0370159 -0.219345 0)
(-0.0149218 -0.0926612 0)
(-0.118862 -0.00366381 0)
(-0.0776001 0.128436 0)
(-0.109002 0.378726 0)
(-0.144149 0.384364 0)
(0.0453111 -0.232504 0)
(0.0362237 -0.207996 0)
(-0.0530711 -0.248144 0)
(-0.0855932 -0.115573 0)
(-0.123139 -0.0254333 0)
(-0.146091 0.0589852 0)
(-0.0799569 0.342481 0)
(-0.140463 0.391124 0)
(0.0607535 -0.208183 0)
(0.033174 -0.190297 0)
(-0.0412385 -0.180049 0)
(-0.0849724 -0.116739 0)
(-0.117981 -0.0117769 0)
(-0.214912 0.0291062 0)
(-0.103995 0.304165 0)
(-0.110731 0.409542 0)
(0.0539976 -0.205944 0)
(0.0895198 -0.178506 0)
(-0.0266569 -0.196848 0)
(-0.0821395 -0.102421 0)
(-0.159632 0.00588444 0)
(-0.258379 0.00288118 0)
(-0.164086 0.214352 0)
(-0.0559132 0.428852 0)
(0.0164305 -0.197824 0)
(0.113416 -0.140435 0)
(-0.0149858 -0.121876 0)
(-0.0372958 -0.0865747 0)
(-0.17757 0.0461594 0)
(-0.186287 0.00372719 0)
(-0.221882 0.102465 0)
(-0.0476683 0.437997 0)
(0.0326178 -0.205068 0)
(0.126472 -0.180757 0)
(-0.0234007 -0.124918 0)
(0.0702142 -0.0535753 0)
(-0.185147 0.0556471 0)
(-0.0304083 0.0238077 0)
(-0.234717 0.044956 0)
(-0.0375703 0.411287 0)
(0.0259619 -0.203729 0)
(0.112119 -0.129719 0)
(-0.0295981 -0.130472 0)
(0.117389 -0.0418004 0)
(-0.112372 0.0722763 0)
(0.0545538 0.0421215 0)
(-0.19854 0.0199535 0)
(-0.00975005 0.38152 0)
(0.0428811 -0.202089 0)
(0.0826716 -0.163134 0)
(-0.0181291 -0.134377 0)
(0.0507785 -0.0555405 0)
(-0.036515 0.0697169 0)
(0.0504348 0.0798034 0)
(-0.188594 0.00964444 0)
(-0.0541854 0.383065 0)
(0.0261882 -0.198149 0)
(0.0589275 -0.120574 0)
(-0.044482 -0.13448 0)
(0.0266114 -0.0745928 0)
(-0.0315651 0.0511342 0)
(0.0304683 0.121038 0)
(-0.156381 0.0223903 0)
(-0.138656 0.349699 0)
(0.0338538 -0.174224 0)
(0.0483484 -0.13556 0)
(-0.0320125 -0.125665 0)
(0.0429341 -0.096002 0)
(-0.0732436 0.0257748 0)
(0.0699317 0.152149 0)
(-0.0517114 0.0524625 0)
(-0.0916261 0.308915 0)
(0.0703771 -0.182361 1.64581e-18)
(0.0455631 -0.104521 -1.45526e-21)
(-0.0227112 -0.139683 -2.59409e-22)
(0.0462627 -0.0882692 -4.69378e-22)
(-0.0591412 -0.0156941 -2.85684e-21)
(0.143476 0.111415 -4.27294e-21)
(0.0611767 0.06562 4.93155e-21)
(-0.0420252 0.330075 7.99132e-21)
(0.0542138 -0.172616 0)
(0.0458204 -0.0991634 0)
(-0.00981976 -0.125165 0)
(0.0306909 -0.105315 0)
(-0.00897113 -0.0635595 0)
(0.111536 0.0598032 0)
(-0.00471441 0.114562 0)
(-0.169664 0.386118 0)
(0.0610008 -0.174817 0)
(0.088938 -0.0800299 0)
(0.0183012 -0.125689 0)
(0.0357855 -0.103118 0)
(-0.00318545 -0.0784669 0)
(-0.0333845 0.0708012 0)
(-0.210695 0.153149 0)
(-0.209313 0.36674 0)
(0.074482 -0.20085 0)
(0.12586 -0.0917278 0)
(0.0473892 -0.0928074 0)
(0.0553824 -0.106478 0)
(-0.00416707 -0.0608471 0)
(-0.113225 0.11803 0)
(-0.263169 0.152562 0)
(-0.16413 0.2804 0)
(0.0634201 -0.212912 0)
(0.139338 -0.0890656 0)
(0.0744134 -0.0833949 0)
(0.0770543 -0.0870532 0)
(0.00874127 -0.0375358 0)
(-0.123713 0.142167 0)
(-0.10149 0.148473 0)
(-0.10715 0.225401 0)
(0.0992149 -0.246037 0)
(0.129119 -0.124828 0)
(0.102687 -0.0623943 0)
(0.0743267 -0.0841383 0)
(0.0467958 -0.00408741 0)
(-0.110325 0.135786 0)
(0.0100007 0.126563 0)
(-0.0262802 0.240503 0)
(0.0984399 -0.249698 0)
(0.0779525 -0.135984 0)
(0.0889112 -0.0590641 0)
(0.0666957 -0.0788198 0)
(0.0545136 0.0113631 0)
(-0.0624097 0.130264 0)
(-0.00901324 0.0875226 0)
(-0.0454365 0.287331 0)
(0.0880858 -0.250586 0)
(0.0669532 -0.154286 0)
(0.0641055 -0.0649902 0)
(0.0653079 -0.0782532 0)
(-0.00794406 0.0206296 0)
(-0.0225964 0.149873 0)
(-0.0725847 0.0979263 0)
(-0.125602 0.296065 0)
(0.0828619 -0.248925 0)
(0.0868435 -0.159746 0)
(0.0478683 -0.0715337 0)
(0.0675641 -0.0598467 0)
(-0.0528056 0.010642 0)
(-0.0118804 0.150847 0)
(-0.135901 0.110945 0)
(-0.120603 0.268613 0)
(0.0873227 -0.257514 0)
(0.0966119 -0.173149 0)
(0.0597759 -0.0770615 0)
(0.0625953 -0.0452758 0)
(-0.0460912 0.0196288 0)
(-0.0593785 0.169906 0)
(-0.176753 0.126894 0)
(-0.102703 0.241251 0)
(0.0753168 -0.256502 0)
(0.0616208 -0.18681 0)
(0.0502809 -0.0816181 0)
(0.040052 -0.0310305 0)
(-0.0260703 0.0311691 0)
(-0.0973036 0.1881 0)
(-0.126791 0.124296 0)
(-0.127429 0.196024 0)
(0.0611616 -0.230589 0)
(0.0310051 -0.188989 0)
(0.00860368 -0.093761 0)
(0.0245417 -0.0299798 0)
(-0.0197195 0.0456822 0)
(-0.0677797 0.203144 0)
(-0.0325291 0.14438 0)
(-0.126092 0.174314 0)
(0.0673992 -0.22327 1.64875e-18)
(0.040496 -0.183713 -3.07017e-21)
(-0.00855595 -0.109249 -1.15819e-21)
(0.0189583 -0.0438629 -9.67268e-23)
(-0.00480433 0.0278092 1.5347e-21)
(-0.00716797 0.171558 -8.20505e-19)
(0.0289274 0.160964 8.22345e-19)
(-0.111303 0.180115 1.6572e-21)
(0.0557536 -0.207277 0)
(0.0447665 -0.176775 0)
(-0.000457362 -0.113013 0)
(-0.00108238 -0.0590995 0)
(-0.0160445 0.0169591 0)
(-0.0217415 0.152808 0)
(0.030344 0.195542 0)
(-0.105166 0.20315 0)
(0.0366153 -0.196857 0)
(0.00935844 -0.174082 0)
(-0.00898743 -0.112306 0)
(-0.0389082 -0.0663216 0)
(-0.0454684 -0.000270744 0)
(-0.0722616 0.109696 0)
(0.0477956 0.19665 0)
(-0.0672402 0.223798 0)
(0.0125891 -0.153428 0)
(-0.029272 -0.164212 0)
(-0.0495802 -0.105203 0)
(-0.0860251 -0.0623943 0)
(-0.0844592 0.000892364 0)
(-0.106214 0.0638771 0)
(0.00699523 0.170702 0)
(-0.0513631 0.264198 0)
(0.00903478 -0.129952 0)
(-0.0368744 -0.149838 0)
(-0.0672534 -0.105614 0)
(-0.0948097 -0.0709367 0)
(-0.11093 -0.0138424 0)
(-0.103078 0.0333922 0)
(-0.0868806 0.138065 0)
(-0.0991218 0.2939 0)
(-0.00461932 -0.0855712 0)
(-0.0570855 -0.129802 0)
(-0.086086 -0.0938509 0)
(-0.0919716 -0.0575124 0)
(-0.139995 -0.01887 0)
(-0.0704118 0.0233999 0)
(-0.119595 0.119814 0)
(-0.0916029 0.266292 0)
(-0.013976 -0.0562829 0)
(-0.082735 -0.104396 0)
(-0.10566 -0.104501 0)
(-0.0829946 -0.0604266 0)
(-0.142984 -0.0421179 0)
(-0.0327622 -0.00591962 0)
(-0.106464 0.0863438 0)
(-0.0367274 0.253578 0)
(-0.0397736 -0.00906802 0)
(-0.0970563 -0.0761942 0)
(-0.125584 -0.0974659 0)
(-0.104057 -0.0531167 0)
(-0.13301 -0.0527981 0)
(-0.0903272 -0.0229947 0)
(-0.154388 0.0734556 0)
(-0.131488 0.260084 0)
(-0.0317773 0.0281864 0)
(-0.0529355 -0.044061 0)
(-0.114367 -0.104298 0)
(-0.0940829 -0.0671453 0)
(-0.111174 -0.0505353 0)
(-0.185531 -0.0217266 0)
(-0.191158 0.0650949 0)
(-0.167721 0.188972 0)
(-0.0346814 0.0372125 0)
(-0.0249465 -0.0108879 0)
(-0.116013 -0.0671348 0)
(-0.126268 -0.071367 0)
(-0.142089 -0.0175402 0)
(-0.197345 -0.009178 0)
(-0.156816 0.0202424 0)
(-0.091606 0.120326 0)
(-0.0350189 0.0504283 0)
(0.0666708 0.0183304 0)
(-0.0382797 -0.0411423 0)
(-0.0885237 -0.0672086 0)
(-0.150099 -0.0255108 0)
(-0.0967797 -0.0210078 0)
(-0.169393 -0.0118193 0)
(-0.0532002 0.0903317 0)
(0.0153182 0.00976318 0)
(0.0903002 0.0113895 0)
(0.0650146 0.0300957 0)
(0.0835774 -0.015351 0)
(-0.0825386 -0.0281762 0)
(-0.0302346 -0.000447906 0)
(-0.131902 -0.0192136 0)
(-0.0902804 0.0228321 0)
)
;

boundaryField
{
    wall
    {
        type            slip;
    }
    inlet1
    {
        type            uniformFixedValue;
        uniformValue    table
        
11
(
(0 (1 0 0))
(0.3 (1 0 0))
(0.325 (0.9375 0 0))
(0.35 (0.875 0 0))
(0.375 (0.8125 0 0))
(0.4 (0.75 0 0))
(0.425 (0.6875 0 0))
(0.45 (0.625 0 0))
(0.475 (0.5625 0 0))
(0.499 (0.5 0 0))
(0.5 (1 0 0))
)
;
    }
    inlet2
    {
        type            uniformFixedValue;
        uniformValue    table
        
3
(
(0 (0 0 0))
(0.2 (0 -2.5 0))
(0.6 (0 0 0))
)
;
    }
    outlet1
    {
        type            zeroGradient;
    }
    outlet2
    {
        type            inletOutlet;
        inletValue      uniform (0 0 0);
        value           nonuniform List<vector> 8((0.627816 -0.445593 0) (0 0 0) (0.572237 0.204162 0) (-0.669443 0.355859 0) (0 0 0) (-0.361034 0.053824 0) (-0.0551623 -0.750976 0) (-0.00862522 -1.55217 0));
    }
    defaultFaces
    {
        type            empty;
    }
}


// ************************************************************************* //
