/*--------------------------------*- C++ -*----------------------------------*\
| =========                 |                                                 |
| \\      /  F ield         | OpenFOAM: The Open Source CFD Toolbox           |
|  \\    /   O peration     | Version:  2.4.0                                 |
|   \\  /    A nd           | Web:      www.OpenFOAM.org                      |
|    \\/     M anipulation  |                                                 |
\*---------------------------------------------------------------------------*/
FoamFile
{
    version     2.0;
    format      ascii;
    class       volScalarField;
    location    "0.82";
    object      k;
}
// * * * * * * * * * * * * * * * * * * * * * * * * * * * * * * * * * * * * * //

dimensions      [0 2 -2 0 0 0 0];

internalField   nonuniform List<scalar> 
6000
(
0.00510096
0.00645279
0.00771268
0.00881052
0.00970874
0.0103981
0.0108901
0.0112091
0.0113855
0.0114508
0.0114338
0.0113592
0.011247
0.0111127
0.0109678
0.0108206
0.0106769
0.0105404
0.0104134
0.010297
0.0101915
0.0100967
0.0100119
0.0099362
0.0098686
0.00980792
0.00975303
0.0097028
0.0096562
0.00961231
0.0095703
0.00952952
0.00948943
0.00944963
0.00940982
0.00936981
0.00932944
0.00928858
0.00924707
0.00920472
0.00916124
0.00911621
0.0090691
0.00901915
0.0089654
0.00890657
0.00884102
0.00876662
0.00868063
0.00857956
0.0084589
0.00831289
0.00813422
0.00791342
0.00763938
0.00729647
0.00687596
0.00634594
0.00578416
0.00501698
0.0035494
0.00344488
0.00340553
0.00341541
0.00345868
0.00352242
0.00359887
0.00368417
0.00377674
0.00387636
0.00398356
0.0040991
0.00422365
0.00435754
0.00450068
0.00465252
0.00481201
0.00497772
0.00514784
0.00532029
0.00549283
0.00566319
0.00582911
0.00598852
0.00613959
0.00628084
0.00641115
0.00652982
0.00663653
0.00673139
0.00681481
0.00688748
0.0069503
0.00700428
0.00705048
0.00708996
0.00712374
0.00715274
0.00717781
0.00719974
0.00721925
0.00723701
0.0072537
0.00727004
0.00728679
0.00730487
0.00732537
0.0073497
0.00737969
0.00741781
0.00746749
0.00753362
0.0076233
0.00774731
0.00792199
0.008174
0.008544
0.00910162
0.00990572
0.0118112
0.00348321
0.00325648
0.00306425
0.00290018
0.00275854
0.00263419
0.00252332
0.00242364
0.00233403
0.00225413
0.00218405
0.00212418
0.00207497
0.00203685
0.00201019
0.00199526
0.00199224
0.0020012
0.00202211
0.00205485
0.00209918
0.00215476
0.00222113
0.0022977
0.00238377
0.00247851
0.00258097
0.00269011
0.00280479
0.00292383
0.00304601
0.00317011
0.00329496
0.00341944
0.00354255
0.00366339
0.00378119
0.00389531
0.00400526
0.00411067
0.00421131
0.00430706
0.00439793
0.00448406
0.00456571
0.0046433
0.0047174
0.00478881
0.00485862
0.00492837
0.00500027
0.0050776
0.00516542
0.00527193
0.00541067
0.00560569
0.00589814
0.00637202
0.00714683
0.00890717
0.00347969
0.00324256
0.00303442
0.00285067
0.00268758
0.00254191
0.00241089
0.0022922
0.00218399
0.0020848
0.00199351
0.00190929
0.00183155
0.00175986
0.00169393
0.0016336
0.00157875
0.00152935
0.0014854
0.00144695
0.00141404
0.00138677
0.00136522
0.0013495
0.00133969
0.00133589
0.00133816
0.00134656
0.00136113
0.00138185
0.0014087
0.00144157
0.00148034
0.00152483
0.0015748
0.00162997
0.00169
0.00175454
0.00182317
0.00189547
0.001971
0.00204934
0.00213009
0.00221292
0.00229759
0.00238399
0.00247222
0.00256262
0.00265587
0.00275311
0.0028561
0.00296748
0.00309115
0.00323305
0.00340244
0.00361471
0.00389638
0.00430134
0.00492887
0.0061765
0.00347951
0.00324163
0.00303199
0.00284603
0.00268015
0.00253139
0.00239731
0.00227586
0.00216532
0.00206426
0.00197147
0.00188596
0.00180687
0.00173352
0.00166531
0.00160177
0.0015425
0.00148717
0.00143549
0.00138726
0.00134229
0.00130043
0.00126157
0.00122561
0.00119251
0.0011622
0.00113468
0.00110993
0.00108797
0.00106881
0.00105248
0.00103903
0.0010285
0.00102094
0.00101641
0.00101495
0.00101662
0.00102147
0.00102953
0.00104086
0.0010555
0.00107352
0.00109501
0.00112008
0.00114893
0.00118183
0.00121921
0.00126172
0.00131028
0.00136626
0.0014316
0.00150911
0.00160282
0.00171862
0.00186526
0.00205594
0.00231229
0.00266973
0.00320269
0.00410931
0.0034795
0.00324152
0.00303169
0.00284546
0.00267923
0.00253007
0.00239557
0.00227374
0.00216291
0.00206168
0.00196888
0.0018835
0.00180468
0.0017317
0.00166393
0.00160083
0.00154194
0.00148685
0.00143523
0.00138676
0.00134119
0.00129829
0.00125787
0.00121976
0.00118381
0.0011499
0.00111791
0.00108775
0.00105934
0.00103263
0.00100754
0.000984043
0.000962095
0.000941671
0.000922752
0.000905325
0.000889386
0.000874938
0.000861992
0.000850569
0.000840705
0.000832448
0.000825873
0.000821085
0.000818237
0.000817546
0.000819329
0.000824037
0.000832327
0.000845153
0.000863911
0.000890661
0.000928494
0.000982096
0.00105879
0.00116995
0.00133477
0.00158257
0.0019761
0.00262182
0.00347949
0.00324148
0.00303159
0.00284531
0.00267901
0.00252977
0.0023952
0.0022733
0.00216243
0.00206119
0.00196842
0.00188313
0.00180446
0.00173168
0.00166418
0.00160139
0.00154286
0.00148816
0.00143693
0.00138886
0.00134366
0.0013011
0.00126095
0.00122302
0.00118713
0.00115315
0.00112092
0.00109033
0.00106128
0.00103366
0.0010074
0.000982416
0.000958643
0.000936021
0.000914497
0.000894026
0.000874567
0.000856085
0.000838551
0.000821942
0.000806242
0.000791442
0.000777547
0.000764573
0.000752559
0.000741571
0.000731718
0.000723171
0.000716195
0.000711199
0.000708816
0.000710041
0.000716461
0.000730661
0.000756985
0.000802791
0.000881446
0.00101536
0.0012532
0.00166769
0.00347949
0.00324145
0.00303152
0.0028452
0.00267887
0.0025296
0.00239499
0.00227306
0.00216217
0.00206092
0.00196815
0.00188288
0.00180424
0.00173152
0.0016641
0.00160142
0.00154301
0.00148846
0.00143741
0.00138954
0.00134456
0.00130222
0.0012623
0.0012246
0.00118895
0.00115518
0.00112315
0.00109274
0.00106382
0.0010363
0.00101007
0.000985065
0.000961192
0.000938385
0.000916582
0.000895725
0.000875762
0.000856645
0.000838331
0.000820784
0.000803968
0.000787856
0.000772425
0.000757658
0.000743549
0.000730103
0.000717341
0.000705309
0.000694094
0.00068384
0.000674789
0.000667343
0.000662186
0.000660493
0.000664364
0.000677614
0.000707636
0.000768459
0.000891402
0.00113022
0.00347949
0.00324143
0.00303147
0.00284512
0.00267876
0.00252946
0.00239482
0.00227288
0.00216196
0.0020607
0.00196792
0.00188264
0.00180401
0.0017313
0.00166389
0.00160123
0.00154285
0.00148835
0.00143735
0.00138954
0.00134463
0.00130238
0.00126256
0.00122496
0.00118942
0.00115577
0.00112386
0.00109357
0.00106478
0.00103738
0.00101127
0.000986371
0.000962599
0.000939879
0.000918146
0.000897338
0.000877398
0.000858277
0.000839927
0.000822304
0.000805371
0.000789093
0.000773439
0.000758382
0.000743903
0.000729987
0.000716628
0.000703833
0.000691627
0.00068006
0.000669229
0.000659304
0.000650586
0.000643608
0.000639351
0.000639664
0.000648194
0.000672641
0.000729889
0.000857103
0.00347949
0.00324142
0.00303143
0.00284505
0.00267866
0.00252934
0.00239469
0.00227272
0.00216179
0.00206051
0.00196772
0.00188243
0.00180379
0.00173108
0.00166366
0.00160101
0.00154264
0.00148814
0.00143716
0.00138936
0.00134448
0.00130225
0.00126245
0.00122489
0.00118938
0.00115577
0.00112391
0.00109367
0.00106494
0.00103759
0.00101155
0.000986713
0.000963004
0.000940349
0.000918681
0.000897936
0.000878057
0.000858993
0.000840696
0.00082312
0.000806227
0.000789979
0.000774344
0.000759295
0.000744806
0.000730858
0.000717441
0.000704548
0.000692187
0.000680383
0.000669184
0.000658682
0.00064904
0.000640543
0.000633701
0.000629475
0.000629659
0.000638359
0.000663562
0.000728511
0.00347949
0.00324141
0.0030314
0.002845
0.00267859
0.00252924
0.00239457
0.00227258
0.00216164
0.00206035
0.00196755
0.00188225
0.0018036
0.00173088
0.00166346
0.00160081
0.00154244
0.00148794
0.00143696
0.00138916
0.00134428
0.00130206
0.00126227
0.00122472
0.00118922
0.00115562
0.00112378
0.00109356
0.00106484
0.00103752
0.00101149
0.000986683
0.000963001
0.000940374
0.000918736
0.000898022
0.000878176
0.000859146
0.000840882
0.000823342
0.000806484
0.000790272
0.000774673
0.000759658
0.000745204
0.00073129
0.000717903
0.000705037
0.000692696
0.000680897
0.000669678
0.000659107
0.000649305
0.00064047
0.000632935
0.000627292
0.00062453
0.000626954
0.000638123
0.000671486
0.00347949
0.0032414
0.00303137
0.00284495
0.00267852
0.00252916
0.00239447
0.00227247
0.00216151
0.00206021
0.0019674
0.00188209
0.00180344
0.00173071
0.00166329
0.00160063
0.00154226
0.00148776
0.00143677
0.00138898
0.0013441
0.00130188
0.00126209
0.00122454
0.00118905
0.00115545
0.00112361
0.0010934
0.00106468
0.00103737
0.00101135
0.00098655
0.000962878
0.000940262
0.000918634
0.000897933
0.000878101
0.000859085
0.000840837
0.000823313
0.000806473
0.00079028
0.000774701
0.000759709
0.000745278
0.00073139
0.000718031
0.000705197
0.000692889
0.000681126
0.000669944
0.000659407
0.000649623
0.000640763
0.0006331
0.000627083
0.000623371
0.00062341
0.000628847
0.000647244
0.00347949
0.00324139
0.00303135
0.00284491
0.00267847
0.00252909
0.00239438
0.00227237
0.0021614
0.00206009
0.00196727
0.00188195
0.00180329
0.00173056
0.00166314
0.00160047
0.0015421
0.0014876
0.00143661
0.00138882
0.00134394
0.00130171
0.00126193
0.00122438
0.00118889
0.00115529
0.00112346
0.00109324
0.00106453
0.00103722
0.00101121
0.000986405
0.000962736
0.000940124
0.000918501
0.000897804
0.000877977
0.000858967
0.000840726
0.000823209
0.000806376
0.000790192
0.000774623
0.000759642
0.000745224
0.000731351
0.00071801
0.000705195
0.000692911
0.000681176
0.000670026
0.000659526
0.000649781
0.000640955
0.0006333
0.000627208
0.000623209
0.00062234
0.00062548
0.000637007
0.00347948
0.00324138
0.00303134
0.00284488
0.00267842
0.00252903
0.00239431
0.00227228
0.0021613
0.00205998
0.00196715
0.00188183
0.00180317
0.00173043
0.001663
0.00160034
0.00154196
0.00148746
0.00143647
0.00138868
0.00134379
0.00130157
0.00126178
0.00122424
0.00118875
0.00115515
0.00112332
0.0010931
0.00106439
0.00103708
0.00101107
0.000986271
0.000962603
0.000939993
0.000918372
0.000897678
0.000877853
0.000858846
0.000840607
0.000823094
0.000806266
0.000790086
0.000774523
0.000759548
0.000745137
0.000731273
0.000717942
0.00070514
0.000692871
0.000681155
0.000670028
0.000659554
0.000649839
0.000641045
0.000633415
0.000627315
0.000623223
0.000621965
0.000624124
0.000632411
0.00347948
0.00324138
0.00303132
0.00284486
0.00267838
0.00252897
0.00239424
0.00227221
0.00216122
0.00205989
0.00196706
0.00188173
0.00180306
0.00173032
0.00166289
0.00160022
0.00154184
0.00148734
0.00143635
0.00138855
0.00134367
0.00130145
0.00126166
0.00122411
0.00118862
0.00115503
0.00112319
0.00109298
0.00106427
0.00103696
0.00101095
0.000986152
0.000962486
0.000939877
0.000918257
0.000897564
0.000877741
0.000858735
0.000840499
0.000822988
0.000806163
0.000789986
0.000774426
0.000759456
0.000745051
0.000731193
0.00071787
0.000705077
0.00069282
0.000681118
0.000670007
0.000659554
0.000649861
0.00064109
0.000633478
0.000627377
0.000623235
0.00062176
0.000623414
0.000630007
0.00347948
0.00324138
0.00303131
0.00284483
0.00267835
0.00252893
0.00239419
0.00227214
0.00216115
0.00205981
0.00196697
0.00188164
0.00180296
0.00173022
0.00166278
0.00160011
0.00154173
0.00148723
0.00143624
0.00138844
0.00134356
0.00130134
0.00126155
0.001224
0.00118851
0.00115492
0.00112308
0.00109287
0.00106416
0.00103685
0.00101084
0.000986048
0.000962383
0.000939775
0.000918156
0.000897464
0.000877643
0.000858639
0.000840404
0.000822895
0.000806072
0.000789898
0.000774342
0.000759375
0.000744975
0.000731122
0.000717806
0.000705022
0.000692775
0.000681085
0.000669989
0.000659552
0.000649877
0.000641124
0.000633525
0.000627418
0.000623234
0.000621599
0.000622919
0.000628471
0.00347948
0.00324137
0.0030313
0.00284481
0.00267832
0.00252889
0.00239414
0.00227209
0.00216108
0.00205974
0.0019669
0.00188156
0.00180288
0.00173013
0.0016627
0.00160002
0.00154164
0.00148714
0.00143614
0.00138835
0.00134346
0.00130124
0.00126145
0.00122391
0.00118842
0.00115483
0.00112299
0.00109278
0.00106407
0.00103676
0.00101075
0.000985958
0.000962293
0.000939686
0.000918069
0.000897378
0.000877558
0.000858555
0.000840322
0.000822815
0.000805994
0.000789823
0.00077427
0.000759307
0.000744911
0.000731064
0.000717755
0.000704979
0.000692742
0.000681063
0.000669981
0.000659559
0.000649901
0.000641163
0.000633574
0.00062746
0.000623235
0.000621465
0.000622517
0.000627325
0.00347948
0.00324137
0.00303129
0.0028448
0.0026783
0.00252886
0.0023941
0.00227204
0.00216103
0.00205968
0.00196683
0.00188149
0.00180281
0.00173006
0.00166262
0.00159995
0.00154156
0.00148705
0.00143606
0.00138827
0.00134338
0.00130116
0.00126137
0.00122382
0.00118834
0.00115475
0.00112291
0.0010927
0.00106399
0.00103668
0.00101068
0.00098588
0.000962217
0.000939611
0.000917994
0.000897305
0.000877485
0.000858484
0.000840253
0.000822748
0.000805929
0.00078976
0.00077421
0.000759251
0.000744859
0.000731018
0.000717715
0.000704947
0.00069272
0.000681053
0.000669984
0.000659578
0.000649936
0.000641213
0.000633634
0.000627515
0.000623253
0.000621364
0.000622185
0.000626407
0.00347948
0.00324137
0.00303129
0.00284479
0.00267828
0.00252883
0.00239407
0.002272
0.00216099
0.00205963
0.00196678
0.00188143
0.00180275
0.00173
0.00166256
0.00159988
0.00154149
0.00148699
0.00143599
0.0013882
0.00134331
0.00130109
0.0012613
0.00122376
0.00118827
0.00115468
0.00112284
0.00109263
0.00106392
0.00103662
0.00101061
0.000985814
0.000962152
0.000939546
0.000917931
0.000897242
0.000877424
0.000858424
0.000840195
0.000822691
0.000805874
0.000789708
0.000774161
0.000759206
0.000744819
0.000730983
0.000717687
0.000704927
0.00069271
0.000681054
0.000669999
0.000659608
0.000649982
0.000641275
0.000633708
0.000627587
0.000623294
0.000621305
0.000621924
0.000625664
0.00347948
0.00324137
0.00303128
0.00284478
0.00267826
0.00252881
0.00239404
0.00227197
0.00216095
0.00205959
0.00196673
0.00188138
0.0018027
0.00172995
0.0016625
0.00159982
0.00154144
0.00148693
0.00143594
0.00138814
0.00134325
0.00130103
0.00126124
0.0012237
0.00118821
0.00115462
0.00112278
0.00109257
0.00106387
0.00103656
0.00101055
0.000985759
0.000962097
0.000939493
0.000917878
0.000897191
0.000877374
0.000858375
0.000840147
0.000822645
0.000805831
0.000789667
0.000774123
0.000759171
0.000744789
0.000730959
0.000717669
0.000704918
0.00069271
0.000681066
0.000670024
0.000659648
0.00065004
0.00064135
0.000633795
0.000627676
0.000623362
0.00062129
0.000621738
0.00062508
0.00347948
0.00324137
0.00303128
0.00284477
0.00267825
0.00252879
0.00239402
0.00227194
0.00216092
0.00205956
0.0019667
0.00188135
0.00180266
0.0017299
0.00166246
0.00159978
0.00154139
0.00148688
0.00143589
0.00138809
0.00134321
0.00130098
0.0012612
0.00122365
0.00118816
0.00115457
0.00112274
0.00109253
0.00106382
0.00103651
0.00101051
0.000985715
0.000962053
0.000939449
0.000917835
0.000897149
0.000877333
0.000858336
0.000840109
0.000822609
0.000805797
0.000789636
0.000774095
0.000759147
0.000744769
0.000730944
0.000717662
0.000704918
0.00069272
0.000681087
0.000670059
0.000659699
0.000650108
0.000641436
0.000633897
0.000627784
0.000623456
0.000621322
0.000621631
0.000624647
0.00347948
0.00324137
0.00303128
0.00284476
0.00267824
0.00252878
0.002394
0.00227192
0.00216089
0.00205953
0.00196667
0.00188131
0.00180262
0.00172987
0.00166242
0.00159974
0.00154135
0.00148685
0.00143585
0.00138805
0.00134317
0.00130095
0.00126116
0.00122361
0.00118812
0.00115453
0.0011227
0.00109249
0.00106378
0.00103648
0.00101047
0.00098568
0.000962019
0.000939416
0.000917802
0.000897117
0.000877302
0.000858306
0.000840081
0.000822583
0.000805772
0.000789614
0.000774076
0.000759131
0.000744758
0.000730939
0.000717663
0.000704927
0.000692739
0.000681118
0.000670104
0.00065976
0.000650186
0.000641533
0.000634011
0.00062791
0.000623578
0.000621401
0.000621603
0.00062436
0.00347948
0.00324137
0.00303127
0.00284476
0.00267823
0.00252877
0.00239399
0.00227191
0.00216088
0.00205951
0.00196665
0.00188129
0.0018026
0.00172984
0.0016624
0.00159972
0.00154133
0.00148682
0.00143582
0.00138803
0.00134314
0.00130092
0.00126113
0.00122358
0.0011881
0.00115451
0.00112267
0.00109246
0.00106376
0.00103645
0.00101045
0.000985654
0.000961994
0.000939391
0.000917779
0.000897094
0.00087728
0.000858285
0.000840061
0.000822565
0.000805756
0.0007896
0.000774065
0.000759125
0.000744756
0.000730942
0.000717673
0.000704945
0.000692767
0.000681158
0.000670157
0.000659829
0.000650274
0.00064164
0.000634138
0.000628054
0.000623727
0.000621527
0.000621655
0.000624216
0.00347948
0.00324137
0.00303127
0.00284475
0.00267822
0.00252876
0.00239398
0.0022719
0.00216086
0.0020595
0.00196663
0.00188128
0.00180258
0.00172983
0.00166238
0.0015997
0.00154131
0.0014868
0.00143581
0.00138801
0.00134312
0.0013009
0.00126111
0.00122357
0.00118808
0.00115449
0.00112265
0.00109244
0.00106374
0.00103643
0.00101043
0.000985638
0.000961978
0.000939376
0.000917764
0.00089708
0.000877267
0.000858273
0.000840051
0.000822556
0.000805749
0.000789596
0.000774064
0.000759127
0.000744762
0.000730954
0.000717691
0.000704972
0.000692803
0.000681205
0.000670219
0.000659907
0.00065037
0.000641757
0.000634277
0.000628214
0.000623903
0.0006217
0.000621786
0.000624213
0.00347948
0.00324137
0.00303127
0.00284475
0.00267822
0.00252876
0.00239398
0.00227189
0.00216086
0.00205949
0.00196663
0.00188127
0.00180258
0.00172982
0.00166237
0.00159969
0.0015413
0.00148679
0.0014358
0.001388
0.00134311
0.00130089
0.0012611
0.00122356
0.00118807
0.00115448
0.00112265
0.00109244
0.00106373
0.00103643
0.00101042
0.00098563
0.000961971
0.000939369
0.000917758
0.000897075
0.000877263
0.00085827
0.000840049
0.000822555
0.000805751
0.000789599
0.00077407
0.000759137
0.000744777
0.000730974
0.000717718
0.000705006
0.000692847
0.000681261
0.000670288
0.000659992
0.000650474
0.000641883
0.000634428
0.000628391
0.000624106
0.000621919
0.000621998
0.000624349
0.00347948
0.00324137
0.00303127
0.00284475
0.00267822
0.00252876
0.00239398
0.00227189
0.00216086
0.00205949
0.00196663
0.00188127
0.00180258
0.00172982
0.00166237
0.00159969
0.0015413
0.00148679
0.0014358
0.001388
0.00134311
0.00130089
0.0012611
0.00122356
0.00118807
0.00115448
0.00112265
0.00109244
0.00106373
0.00103643
0.00101042
0.000985632
0.000961973
0.000939372
0.000917761
0.000897078
0.000877267
0.000858275
0.000840055
0.000822563
0.000805761
0.000789612
0.000774085
0.000759155
0.0007448
0.000731002
0.000717752
0.000705048
0.000692899
0.000681324
0.000670365
0.000660086
0.000650587
0.000642018
0.00063459
0.000628584
0.000624335
0.000622186
0.000622292
0.000624625
0.00347948
0.00324137
0.00303127
0.00284475
0.00267822
0.00252876
0.00239398
0.0022719
0.00216086
0.0020595
0.00196663
0.00188128
0.00180258
0.00172983
0.00166238
0.0015997
0.00154131
0.0014868
0.00143581
0.00138801
0.00134312
0.0013009
0.00126111
0.00122357
0.00118808
0.00115449
0.00112266
0.00109245
0.00106374
0.00103644
0.00101043
0.000985642
0.000961984
0.000939383
0.000917772
0.00089709
0.00087728
0.000858289
0.00084007
0.00082258
0.000805779
0.000789632
0.000774109
0.000759182
0.00074483
0.000731038
0.000717794
0.000705098
0.000692958
0.000681395
0.000670449
0.000660186
0.000650707
0.000642161
0.000634762
0.000628793
0.000624591
0.0006225
0.000622668
0.000625044
0.00347948
0.00324137
0.00303127
0.00284476
0.00267823
0.00252877
0.00239399
0.00227191
0.00216088
0.00205951
0.00196665
0.00188129
0.0018026
0.00172984
0.0016624
0.00159972
0.00154133
0.00148682
0.00143582
0.00138803
0.00134314
0.00130092
0.00126113
0.00122359
0.0011881
0.00115451
0.00112268
0.00109247
0.00106376
0.00103646
0.00101045
0.000985662
0.000962003
0.000939403
0.000917793
0.000897111
0.000877301
0.000858311
0.000840093
0.000822605
0.000805805
0.000789661
0.00077414
0.000759217
0.000744869
0.000731082
0.000717844
0.000705156
0.000693025
0.000681473
0.00067054
0.000660293
0.000650833
0.000642312
0.000634944
0.000629017
0.000624874
0.000622863
0.000623131
0.000625611
0.00347948
0.00324137
0.00303128
0.00284476
0.00267824
0.00252878
0.002394
0.00227192
0.00216089
0.00205953
0.00196667
0.00188131
0.00180262
0.00172987
0.00166242
0.00159974
0.00154135
0.00148685
0.00143585
0.00138806
0.00134317
0.00130095
0.00126116
0.00122361
0.00118813
0.00115454
0.0011227
0.00109249
0.00106379
0.00103648
0.00101048
0.00098569
0.000962032
0.000939432
0.000917822
0.000897141
0.000877332
0.000858342
0.000840126
0.000822638
0.00080584
0.000789698
0.00077418
0.00075926
0.000744916
0.000731134
0.000717902
0.000705221
0.000693099
0.000681558
0.000670639
0.000660408
0.000650967
0.000642471
0.000635136
0.000629257
0.000625183
0.000623275
0.000623681
0.000626333
0.00347948
0.00324137
0.00303128
0.00284477
0.00267825
0.00252879
0.00239402
0.00227194
0.00216092
0.00205956
0.0019667
0.00188135
0.00180266
0.0017299
0.00166246
0.00159978
0.00154139
0.00148688
0.00143589
0.00138809
0.00134321
0.00130098
0.0012612
0.00122365
0.00118816
0.00115458
0.00112274
0.00109253
0.00106383
0.00103652
0.00101052
0.000985728
0.00096207
0.00093947
0.00091786
0.00089718
0.000877371
0.000858383
0.000840167
0.00082268
0.000805884
0.000789744
0.000774228
0.000759311
0.000744971
0.000731194
0.000717968
0.000705294
0.000693181
0.00068165
0.000670744
0.000660529
0.000651108
0.000642638
0.000635338
0.000629511
0.000625518
0.00062374
0.000624325
0.000627221
0.00347948
0.00324137
0.00303128
0.00284478
0.00267826
0.00252881
0.00239404
0.00227197
0.00216095
0.00205959
0.00196673
0.00188138
0.0018027
0.00172995
0.0016625
0.00159982
0.00154144
0.00148693
0.00143594
0.00138814
0.00134326
0.00130103
0.00126125
0.0012237
0.00118821
0.00115462
0.00112279
0.00109258
0.00106388
0.00103657
0.00101057
0.000985776
0.000962117
0.000939518
0.000917908
0.000897228
0.00087742
0.000858432
0.000840217
0.000822732
0.000805937
0.000789798
0.000774285
0.000759371
0.000745035
0.000731262
0.000718042
0.000705375
0.00069327
0.00068175
0.000670856
0.000660656
0.000651256
0.000642811
0.000635549
0.000629781
0.000625881
0.000624257
0.000625066
0.000628289
0.00347948
0.00324137
0.00303129
0.00284479
0.00267828
0.00252883
0.00239407
0.002272
0.00216099
0.00205963
0.00196678
0.00188143
0.00180275
0.00173
0.00166256
0.00159988
0.00154149
0.00148699
0.001436
0.0013882
0.00134331
0.00130109
0.00126131
0.00122376
0.00118827
0.00115468
0.00112285
0.00109264
0.00106393
0.00103663
0.00101062
0.000985834
0.000962175
0.000939575
0.000917966
0.000897286
0.000877478
0.000858491
0.000840277
0.000822793
0.000805999
0.000789863
0.000774352
0.00075944
0.000745108
0.000731339
0.000718125
0.000705464
0.000693368
0.000681857
0.000670976
0.000660791
0.00065141
0.000642992
0.00063577
0.000630065
0.000626271
0.000624831
0.000625912
0.000629557
0.00347948
0.00324137
0.00303129
0.0028448
0.0026783
0.00252886
0.0023941
0.00227204
0.00216103
0.00205968
0.00196683
0.00188149
0.00180281
0.00173006
0.00166262
0.00159995
0.00154156
0.00148706
0.00143606
0.00138827
0.00134338
0.00130116
0.00126138
0.00122383
0.00118834
0.00115475
0.00112292
0.00109271
0.001064
0.0010367
0.00101069
0.000985902
0.000962244
0.000939644
0.000918035
0.000897355
0.000877547
0.000858561
0.000840347
0.000822864
0.000806072
0.000789937
0.000774428
0.000759519
0.00074519
0.000731425
0.000718216
0.000705562
0.000693473
0.000681973
0.000671103
0.000660933
0.000651571
0.00064318
0.000635999
0.000630363
0.000626689
0.000625464
0.000626869
0.000631049
0.00347948
0.00324137
0.0030313
0.00284481
0.00267832
0.00252889
0.00239414
0.00227209
0.00216108
0.00205974
0.0019669
0.00188156
0.00180288
0.00173013
0.0016627
0.00160002
0.00154164
0.00148714
0.00143615
0.00138835
0.00134347
0.00130124
0.00126146
0.00122391
0.00118842
0.00115483
0.001123
0.00109279
0.00106408
0.00103678
0.00101077
0.000985982
0.000962324
0.000939724
0.000918115
0.000897435
0.000877628
0.000858641
0.000840428
0.000822946
0.000806155
0.000790021
0.000774514
0.000759608
0.000745282
0.000731522
0.000718318
0.00070567
0.000693588
0.000682096
0.000671238
0.000661082
0.000651739
0.000643376
0.000636237
0.000630676
0.000627135
0.00062616
0.000627947
0.000632796
0.00347948
0.00324138
0.00303131
0.00284483
0.00267835
0.00252893
0.00239419
0.00227214
0.00216115
0.00205981
0.00196697
0.00188164
0.00180296
0.00173022
0.00166279
0.00160011
0.00154173
0.00148723
0.00143624
0.00138845
0.00134356
0.00130134
0.00126155
0.00122401
0.00118852
0.00115493
0.00112309
0.00109288
0.00106418
0.00103687
0.00101087
0.000986075
0.000962416
0.000939816
0.000918207
0.000897527
0.00087772
0.000858734
0.000840521
0.000823039
0.00080625
0.000790117
0.000774612
0.000759709
0.000745386
0.000731629
0.000718429
0.000705787
0.000693712
0.000682229
0.000671381
0.00066124
0.000651915
0.000643579
0.000636484
0.000631003
0.000627608
0.000626922
0.000629156
0.000634841
0.00347948
0.00324138
0.00303132
0.00284486
0.00267838
0.00252897
0.00239424
0.00227221
0.00216122
0.00205989
0.00196706
0.00188173
0.00180306
0.00173032
0.00166289
0.00160022
0.00154184
0.00148734
0.00143635
0.00138855
0.00134367
0.00130145
0.00126166
0.00122412
0.00118863
0.00115504
0.0011232
0.00109299
0.00106429
0.00103698
0.00101097
0.000986182
0.000962522
0.000939922
0.000918312
0.000897632
0.000877825
0.000858839
0.000840627
0.000823146
0.000806357
0.000790226
0.000774722
0.000759821
0.0007455
0.000731747
0.000718551
0.000705914
0.000693846
0.000682371
0.000671533
0.000661405
0.000652098
0.000643789
0.000636739
0.000631344
0.00062811
0.000627754
0.000630507
0.000637237
0.00347948
0.00324138
0.00303134
0.00284488
0.00267842
0.00252903
0.00239431
0.00227228
0.0021613
0.00205998
0.00196716
0.00188183
0.00180317
0.00173043
0.001663
0.00160034
0.00154196
0.00148746
0.00143647
0.00138868
0.0013438
0.00130157
0.00126179
0.00122424
0.00118875
0.00115516
0.00112333
0.00109311
0.00106441
0.0010371
0.0010111
0.000986303
0.000962643
0.000940042
0.000918432
0.000897752
0.000877944
0.000858958
0.000840746
0.000823265
0.000806477
0.000790346
0.000774844
0.000759944
0.000745626
0.000731875
0.000718683
0.00070605
0.000693988
0.00068252
0.000671692
0.000661575
0.000652286
0.000644003
0.000637
0.000631695
0.000628638
0.000628661
0.000632013
0.000640053
0.00347949
0.00324139
0.00303135
0.00284491
0.00267847
0.00252909
0.00239438
0.00227237
0.0021614
0.00206009
0.00196727
0.00188195
0.00180329
0.00173056
0.00166314
0.00160047
0.0015421
0.0014876
0.00143661
0.00138882
0.00134394
0.00130172
0.00126193
0.00122438
0.0011889
0.0011553
0.00112347
0.00109326
0.00106455
0.00103724
0.00101123
0.00098644
0.000962779
0.000940176
0.000918565
0.000897884
0.000878075
0.000859088
0.000840875
0.000823393
0.000806604
0.000790474
0.000774971
0.000760071
0.000745754
0.000732005
0.000718815
0.000706186
0.000694128
0.000682667
0.000671846
0.000661741
0.000652468
0.000644212
0.000637256
0.000632047
0.000629183
0.000629641
0.000633683
0.000643383
0.00347949
0.0032414
0.00303137
0.00284495
0.00267852
0.00252916
0.00239447
0.00227247
0.00216151
0.00206021
0.0019674
0.00188209
0.00180344
0.00173071
0.00166329
0.00160063
0.00154226
0.00148776
0.00143678
0.00138898
0.0013441
0.00130188
0.00126209
0.00122455
0.00118906
0.00115546
0.00112363
0.00109341
0.0010647
0.00103739
0.00101138
0.000986587
0.000962924
0.000940318
0.000918704
0.000898019
0.000878206
0.000859216
0.000840999
0.000823513
0.000806721
0.000790586
0.000775081
0.000760178
0.000745859
0.000732108
0.000718918
0.00070629
0.000694234
0.000682777
0.000671963
0.000661868
0.000652612
0.000644382
0.000637476
0.000632369
0.000629717
0.000630675
0.000635515
0.000647339
0.00347949
0.00324141
0.0030314
0.002845
0.00267859
0.00252924
0.00239457
0.00227258
0.00216164
0.00206035
0.00196755
0.00188225
0.0018036
0.00173088
0.00166347
0.00160081
0.00154244
0.00148794
0.00143696
0.00138917
0.00134429
0.00130206
0.00126228
0.00122472
0.00118923
0.00115564
0.00112379
0.00109357
0.00106486
0.00103754
0.00101153
0.000986723
0.00096305
0.000940435
0.000918811
0.000898115
0.000878292
0.000859289
0.000841061
0.000823564
0.000806759
0.000790614
0.000775098
0.000760187
0.000745859
0.0007321
0.000718904
0.000706272
0.000694214
0.000682758
0.00067195
0.000661864
0.000652624
0.000644424
0.000637572
0.000632578
0.000630162
0.000631697
0.000637466
0.000652051
0.00347949
0.00324142
0.00303143
0.00284505
0.00267866
0.00252934
0.00239469
0.00227272
0.00216179
0.00206051
0.00196772
0.00188243
0.00180379
0.00173108
0.00166367
0.00160101
0.00154264
0.00148815
0.00143716
0.00138937
0.00134448
0.00130225
0.00126246
0.0012249
0.00118939
0.00115579
0.00112393
0.00109369
0.00106496
0.00103762
0.00101158
0.000986757
0.000963059
0.000940417
0.000918765
0.000898041
0.000878188
0.000859157
0.000840899
0.000823374
0.000806543
0.000790372
0.000774834
0.000759901
0.000745556
0.000731782
0.000718574
0.000705933
0.000693872
0.000682416
0.000671614
0.000661541
0.000652323
0.000644158
0.000637368
0.0006325
0.000630348
0.000632548
0.000639407
0.000657633
0.00347949
0.00324143
0.00303147
0.00284512
0.00267876
0.00252946
0.00239482
0.00227288
0.00216196
0.0020607
0.00196792
0.00188264
0.00180401
0.0017313
0.00166389
0.00160123
0.00154286
0.00148835
0.00143736
0.00138955
0.00134464
0.00130239
0.00126256
0.00122497
0.00118943
0.00115578
0.00112388
0.00109359
0.0010648
0.00103741
0.00101131
0.000986422
0.000962661
0.000939958
0.000918244
0.00089746
0.000877551
0.000858466
0.000840161
0.000822593
0.000805726
0.000789526
0.000773965
0.000759017
0.000744664
0.000730889
0.000717688
0.00070506
0.000693019
0.000681589
0.000670818
0.000660782
0.000651604
0.000643487
0.000636762
0.000632011
0.000630119
0.000633028
0.000641123
0.000664169
0.00347949
0.00324145
0.00303152
0.0028452
0.00267887
0.0025296
0.00239499
0.00227306
0.00216217
0.00206092
0.00196815
0.00188288
0.00180424
0.00173152
0.0016641
0.00160142
0.00154301
0.00148847
0.00143742
0.00138954
0.00134456
0.00130223
0.00126231
0.00122461
0.00118896
0.0011552
0.00112317
0.00109276
0.00106385
0.00103634
0.00101012
0.000985123
0.000961264
0.000938474
0.00091669
0.000895855
0.000875917
0.000856827
0.000838541
0.00082102
0.000804225
0.000788121
0.000772677
0.000757862
0.000743654
0.000730043
0.000717021
0.000704584
0.000692739
0.000681504
0.000670914
0.000661033
0.000651969
0.000643913
0.000637192
0.000632402
0.000630528
0.000633842
0.00064297
0.000672063
0.00347949
0.00324148
0.00303159
0.00284531
0.00267901
0.00252977
0.0023952
0.0022733
0.00216243
0.00206119
0.00196842
0.00188313
0.00180446
0.00173168
0.00166418
0.00160139
0.00154286
0.00148816
0.00143693
0.00138886
0.00134367
0.00130111
0.00126096
0.00122303
0.00118715
0.00115316
0.00112094
0.00109036
0.00106131
0.0010337
0.00100744
0.000982466
0.000958697
0.000936075
0.000914547
0.00089406
0.000874568
0.000856027
0.000838393
0.000821625
0.000805678
0.000790506
0.000776058
0.000762277
0.000749096
0.000736539
0.000724613
0.00071329
0.000702539
0.00069233
0.000682636
0.000673444
0.000664783
0.000656753
0.000649605
0.000643869
0.000640595
0.000642292
0.000650231
0.000684663
0.0034795
0.00324152
0.00303169
0.00284546
0.00267923
0.00253007
0.00239557
0.00227374
0.00216291
0.00206168
0.00196888
0.0018835
0.00180468
0.0017317
0.00166394
0.00160084
0.00154194
0.00148686
0.00143523
0.00138676
0.00134119
0.0012983
0.00125788
0.00121977
0.00118382
0.00114991
0.00111792
0.00108776
0.00105935
0.00103262
0.00100751
0.000983973
0.000961967
0.000941453
0.000922396
0.000904763
0.00088852
0.000873626
0.000860037
0.000847694
0.000836523
0.000826427
0.000817286
0.000808942
0.000801197
0.000793893
0.000787381
0.000781475
0.000775932
0.000770458
0.000764717
0.000758347
0.000751
0.000742393
0.000732417
0.000721251
0.000709774
0.000700282
0.000695346
0.000722317
0.00347951
0.00324163
0.00303199
0.00284603
0.00268015
0.00253139
0.00239731
0.00227586
0.00216532
0.00206426
0.00197148
0.00188596
0.00180687
0.00173352
0.00166531
0.00160177
0.0015425
0.00148717
0.0014355
0.00138726
0.00134229
0.00130042
0.00126156
0.0012256
0.00119248
0.00116216
0.0011346
0.00110981
0.00108778
0.00106851
0.00105203
0.00103837
0.00102753
0.00101953
0.00101437
0.00101204
0.00101249
0.00101565
0.00102139
0.00102956
0.00103993
0.00105219
0.00106596
0.00108076
0.001096
0.00111081
0.00112614
0.00114115
0.00115471
0.00116551
0.00117217
0.00117321
0.00116715
0.00115261
0.0011284
0.00109365
0.00104813
0.000992606
0.000929406
0.000890631
0.00347969
0.00324256
0.00303442
0.00285067
0.00268758
0.00254191
0.00241089
0.0022922
0.00218399
0.0020848
0.00199351
0.00190929
0.00183155
0.00175985
0.00169393
0.00163359
0.00157874
0.00152934
0.00148538
0.00144692
0.00141399
0.0013867
0.00136512
0.00134935
0.00133947
0.00133557
0.0013377
0.00134592
0.00136022
0.00138058
0.00140693
0.00143913
0.00147701
0.0015203
0.00156868
0.00162176
0.00167905
0.00174001
0.001804
0.00187031
0.00193816
0.00200667
0.00207492
0.00214188
0.00220638
0.0022676
0.00232439
0.0023744
0.00241538
0.00244498
0.00246073
0.00246008
0.00244034
0.00239871
0.00233218
0.00223753
0.00211064
0.00194622
0.00173432
0.00150519
0.00348321
0.00325648
0.00306425
0.00290018
0.00275854
0.00263419
0.00252332
0.00242364
0.00233403
0.00225412
0.00218405
0.00212418
0.00207496
0.00203683
0.00201016
0.00199522
0.00199219
0.00200112
0.002022
0.0020547
0.00209898
0.00215448
0.00222074
0.00229718
0.00238308
0.00247759
0.00257976
0.00268852
0.00280273
0.00292116
0.00304258
0.00316573
0.00328939
0.00341242
0.00353372
0.00365233
0.0037674
0.00387818
0.00398403
0.00408444
0.00417895
0.00426722
0.00434897
0.00442378
0.00449086
0.00455033
0.00459806
0.00463286
0.00465349
0.00465854
0.00464628
0.0046145
0.00456036
0.00448019
0.00436912
0.00422037
0.00402358
0.00375893
0.00338614
0.0028819
0.0035494
0.00344488
0.00340553
0.00341541
0.00345867
0.00352241
0.00359886
0.00368416
0.00377673
0.00387634
0.00398354
0.00409907
0.0042236
0.00435747
0.00450059
0.00465239
0.00481185
0.0049775
0.00514755
0.00531991
0.00549235
0.00566256
0.00582829
0.00598748
0.00613827
0.00627916
0.00640903
0.00652714
0.00663317
0.00672718
0.00680953
0.00688087
0.00694202
0.00699392
0.00703751
0.00707374
0.00710343
0.0071273
0.00714596
0.00715984
0.00716927
0.00717444
0.00717543
0.0071725
0.00716624
0.007155
0.00713842
0.00711656
0.0070891
0.00705527
0.00701387
0.00696315
0.00690067
0.00682301
0.0067257
0.00660017
0.00643966
0.00619559
0.00587776
0.00510522
0.00510096
0.00645279
0.00771268
0.00881052
0.00970874
0.0103982
0.0108902
0.0112091
0.0113855
0.0114508
0.0114338
0.0113593
0.0112471
0.0111128
0.0109679
0.0108208
0.0106772
0.0105407
0.0104138
0.0102975
0.0101921
0.0100975
0.0100129
0.00993756
0.00987033
0.00981012
0.00975582
0.00970635
0.00966072
0.00961805
0.00957761
0.00953882
0.00950126
0.00946468
0.00942897
0.00939418
0.00936043
0.009328
0.0092972
0.00926844
0.0092422
0.00921906
0.00919967
0.00918437
0.00917294
0.00916586
0.0091639
0.00916825
0.00918055
0.00920291
0.00923796
0.00928902
0.00936016
0.00945662
0.00958406
0.00975329
0.00996128
0.0102725
0.0104386
0.0112109
0.0066341
0.00713606
0.00762247
0.00807993
0.00851288
0.00893165
0.00932088
0.00965632
0.00992481
0.0101168
0.0102273
0.0102653
0.0102415
0.0101651
0.0100386
0.00985828
0.00956646
0.00928999
0.00919352
0.00938171
0.00965542
0.00991829
0.0101494
0.0103567
0.0105525
0.0107501
0.0109689
0.011237
0.0115862
0.012096
0.0125326
0.0131577
0.0159777
0.0131443
0.0148699
0.00988035
0.0140248
0.0146147
0.0157519
0.0156411
0.0151151
0.0150665
0.0148869
0.0145453
0.0141059
0.013622
0.0131331
0.0126659
0.012236
0.0118514
0.0115154
0.0112287
0.0109901
0.0107965
0.0106428
0.0105216
0.0104246
0.010342
0.0102748
0.0101518
0.0118328
0.0101032
0.00873728
0.00784665
0.00727172
0.00688724
0.00662516
0.0064505
0.00634044
0.00628426
0.00627344
0.00630041
0.00636349
0.00646327
0.00660473
0.00680021
0.00715142
0.00756584
0.00763862
0.00758502
0.00748701
0.0074188
0.00737792
0.00734736
0.0073152
0.00727151
0.0072036
0.0070917
0.00690864
0.00656591
0.00595262
0.00452211
0.00634154
0.0117954
0.0421533
0.0239304
0.0338899
0.0346106
0.0372534
0.0374628
0.0367682
0.0353671
0.0335054
0.0313746
0.029145
0.0269394
0.024832
0.0228578
0.0210261
0.019334
0.0177766
0.0163522
0.015063
0.0139129
0.0129044
0.0120368
0.0113031
0.0107025
0.0101834
0.00992022
0.00843099
0.00745404
0.00657188
0.00592041
0.00544342
0.00508147
0.0048005
0.00458196
0.0044139
0.00428564
0.00418951
0.00411447
0.0040611
0.00403252
0.00403505
0.00408207
0.00422058
0.00436482
0.00434706
0.00434746
0.00434118
0.00434884
0.00436478
0.0043757
0.00437051
0.00433808
0.00426385
0.0041287
0.00390288
0.00354809
0.00296695
0.00226733
0.00327121
0.00768631
0.0384522
0.0355735
0.0460471
0.0467241
0.0496586
0.0497457
0.0485896
0.046428
0.0436432
0.0405301
0.0373197
0.0341724
0.0311823
0.0283913
0.0258075
0.0234233
0.0212288
0.0192185
0.0173923
0.0157528
0.0143011
0.013035
0.011946
0.0110283
0.0102478
0.00964639
0.00539571
0.00470858
0.00413883
0.00372376
0.00341986
0.00318656
0.00300151
0.00285262
0.002732
0.00263363
0.00255332
0.00248907
0.00243739
0.00239948
0.0023799
0.00239134
0.00246412
0.00248946
0.00239399
0.00233076
0.00227866
0.00224408
0.00222264
0.00220524
0.00218338
0.00214826
0.00208957
0.00199555
0.00185321
0.00165216
0.00139777
0.00122488
0.00188004
0.00511735
0.024673
0.0368427
0.0525276
0.0558135
0.0587997
0.0588179
0.0571982
0.0543695
0.0508163
0.0469119
0.0429314
0.0390584
0.0353967
0.0319901
0.0288442
0.0259483
0.0232893
0.0208601
0.0186587
0.0166861
0.0149408
0.013417
0.0121025
0.0109836
0.0100385
0.00926768
0.00336571
0.00283741
0.0024384
0.00215725
0.00195618
0.00180515
0.00168749
0.00159387
0.0015182
0.0014561
0.00140463
0.00136471
0.00133439
0.00131358
0.00130467
0.00131586
0.00136574
0.0013644
0.00129303
0.00123771
0.00118921
0.00114995
0.00111842
0.00109119
0.00106515
0.00103725
0.00100423
0.000963104
0.00091264
0.000858785
0.000830404
0.000935834
0.0013229
0.00357726
0.0146638
0.027648
0.0484809
0.059068
0.063742
0.064196
0.0623695
0.0590857
0.0549789
0.0505077
0.0459875
0.0416164
0.0374996
0.0336773
0.0301514
0.0269095
0.023939
0.0212339
0.0187934
0.0166178
0.0147033
0.0130395
0.0116098
0.0103928
0.00936879
0.00852809
0.00209431
0.00174773
0.00149922
0.00132719
0.00120514
0.00111393
0.00104307
0.000986693
0.000941024
0.000903475
0.000872256
0.000847772
0.00082969
0.000817682
0.00081271
0.00081865
0.000844509
0.000841142
0.000809717
0.000783835
0.000760805
0.000741367
0.000724962
0.000710587
0.000697529
0.000685286
0.000673615
0.000663081
0.00065659
0.000665139
0.000718203
0.000886922
0.0011774
0.00265938
0.00890411
0.0178527
0.0356273
0.0520962
0.061677
0.0640695
0.0627933
0.0595378
0.055267
0.0505834
0.0458598
0.0413092
0.037033
0.0330631
0.0293969
0.0260224
0.0229321
0.020126
0.0176083
0.0153807
0.0134379
0.0117652
0.0103404
0.0091357
0.00812734
0.00730773
0.0013587
0.00116655
0.00103391
0.0009435
0.000879689
0.000831909
0.000794519
0.00076442
0.000739676
0.000718984
0.000701463
0.000687041
0.00067564
0.000667067
0.000661653
0.000660846
0.000668258
0.0006654
0.000654577
0.00064497
0.000636203
0.000628626
0.00062209
0.000616385
0.000611483
0.000607556
0.000605159
0.000605858
0.000613703
0.000640613
0.000712016
0.000873587
0.00115104
0.00210441
0.00571205
0.011105
0.0221963
0.0370329
0.0504042
0.0564272
0.0569657
0.0545724
0.0507573
0.0463793
0.0419158
0.0376099
0.0335609
0.0297913
0.0262942
0.0230619
0.0200967
0.0174103
0.0150157
0.0129188
0.0111132
0.00958039
0.00829294
0.00721835
0.00632655
0.00561414
0.000974817
0.000882034
0.000819086
0.0007763
0.000745855
0.000722614
0.000703971
0.000688548
0.000675502
0.000664266
0.000654457
0.000645946
0.00063866
0.000632493
0.000627528
0.00062421
0.000623783
0.000621241
0.000617532
0.000613713
0.000609939
0.000606503
0.000603448
0.000600808
0.000598737
0.000597571
0.000598072
0.000602079
0.000613908
0.000644971
0.000717082
0.000859294
0.00112988
0.00175632
0.0039018
0.0070786
0.0129678
0.0218439
0.032455
0.0410453
0.0441687
0.0435422
0.0409471
0.0375193
0.0338803
0.0303242
0.026957
0.0237959
0.0208337
0.0180712
0.0155261
0.0132252
0.0111924
0.00943793
0.00795484
0.00672118
0.00570596
0.00487516
0.00419528
0.00366262
0.000790713
0.000752121
0.000724981
0.000705839
0.000691568
0.000680008
0.000670207
0.000661712
0.000654235
0.000647568
0.000641558
0.000636124
0.000631203
0.000626737
0.000622735
0.00061932
0.000616883
0.000614729
0.000613037
0.000610949
0.000608644
0.000606401
0.000604332
0.00060254
0.000601217
0.000600739
0.000601924
0.000606683
0.000619338
0.000650413
0.000718999
0.000842867
0.00109612
0.00152786
0.00283601
0.00474223
0.00773946
0.0118694
0.0169289
0.0228378
0.0266713
0.0276979
0.0267463
0.0247962
0.0224917
0.0201506
0.0178862
0.0157181
0.0136457
0.0116831
0.00986313
0.00822513
0.00679885
0.00559497
0.00460451
0.00380444
0.00316511
0.00265691
0.00225123
0.00194079
0.000707499
0.000695357
0.000684772
0.000676201
0.000669014
0.000662502
0.000656518
0.000651047
0.000646052
0.000641475
0.000637258
0.000633353
0.000629714
0.000626313
0.000623152
0.000620279
0.000617835
0.000616085
0.000614838
0.000613202
0.000611282
0.000609331
0.000607483
0.000605852
0.000604633
0.000604208
0.000605416
0.000610187
0.000622784
0.000652849
0.000717342
0.000826472
0.00105578
0.00137125
0.00218637
0.00335904
0.00492852
0.00668417
0.00829665
0.00982605
0.0114504
0.0123221
0.012295
0.0116516
0.0107144
0.00968184
0.00863412
0.00759057
0.00655962
0.0055626
0.00463351
0.0038062
0.00310221
0.00252618
0.00206879
0.00171288
0.00143901
0.00122934
0.00106794
0.000947991
0.000671067
0.0006706
0.000667051
0.00066285
0.000658555
0.000654099
0.000649686
0.000645493
0.000641582
0.000637953
0.00063458
0.000631432
0.000628478
0.000625706
0.000623131
0.000620797
0.000618793
0.000617357
0.000616119
0.000614564
0.000612725
0.000610827
0.000609
0.000607358
0.000606094
0.000605595
0.000606714
0.000611393
0.000623824
0.000652855
0.000713646
0.000811507
0.0010152
0.00125981
0.00177895
0.00251386
0.00338072
0.00414828
0.0045489
0.00442464
0.00434895
0.00424781
0.00406079
0.00379442
0.00348809
0.00317235
0.00285791
0.00254458
0.0022334
0.00193239
0.00165436
0.00141103
0.00120862
0.00104703
0.000921695
0.000826068
0.000753527
0.000698428
0.000656175
0.000624359
0.000654845
0.000658944
0.000658177
0.000655674
0.0006525
0.000648851
0.000645075
0.000641422
0.000637992
0.000634802
0.000631838
0.000629075
0.000626493
0.000624089
0.000621887
0.000619945
0.000618346
0.000617107
0.00061579
0.000614227
0.000612405
0.000610514
0.000608681
0.000607017
0.000605717
0.000605174
0.000606262
0.000610934
0.000623307
0.000651532
0.000709174
0.000798473
0.000977886
0.00117811
0.00151731
0.00198335
0.00248531
0.00285025
0.00292817
0.00269146
0.00238802
0.00209643
0.00183833
0.0016197
0.00143885
0.0012902
0.00116668
0.00106177
0.000970882
0.000891761
0.000823731
0.000766577
0.00071974
0.000682115
0.000652229
0.000628552
0.000609712
0.000594603
0.000582449
0.00057252
0.000646899
0.000652445
0.000652711
0.000650844
0.000648089
0.000644757
0.000641245
0.000637831
0.000634625
0.000631651
0.000628896
0.000626339
0.000623966
0.000621777
0.000619803
0.000618109
0.000616778
0.000615641
0.000614258
0.000612684
0.000610879
0.000609005
0.000607182
0.000605523
0.000604228
0.000603703
0.000604846
0.000609619
0.00062206
0.000649711
0.0007047
0.000787399
0.000945357
0.00111693
0.00134585
0.00164395
0.00194341
0.00213112
0.00213181
0.00196411
0.00174845
0.00153794
0.00135176
0.00119618
0.00107015
0.000969463
0.000889257
0.000825163
0.000773737
0.000732429
0.000699357
0.000673038
0.000652207
0.000635741
0.000622657
0.000612139
0.000603565
0.000596468
0.000590641
0.00058552
0.000642303
0.000648056
0.000648685
0.000647061
0.000644464
0.000641262
0.000637869
0.00063457
0.000631479
0.000628619
0.000625979
0.00062354
0.000621288
0.000619227
0.000617387
0.000615833
0.000614646
0.000613548
0.000612133
0.000610563
0.000608788
0.000606947
0.000605152
0.000603524
0.00060227
0.000601814
0.000603076
0.00060803
0.000620629
0.00064788
0.00070062
0.000778122
0.000917866
0.00107039
0.0012315
0.00142403
0.00160506
0.00170518
0.00168715
0.00157248
0.00142552
0.0012805
0.00115048
0.00104042
0.000950338
0.000877861
0.000819978
0.000773882
0.000737279
0.000708372
0.000685727
0.000668133
0.000654527
0.000643972
0.000635679
0.000629019
0.000623542
0.000618924
0.000615079
0.00061148
0.000639156
0.000644692
0.000645449
0.000643931
0.000641397
0.000638254
0.000634922
0.000631686
0.00062866
0.000625867
0.000623295
0.000620926
0.000618748
0.000616762
0.000614998
0.000613515
0.000612385
0.000611291
0.00060987
0.000608319
0.000606583
0.000604783
0.000603028
0.000601446
0.000600256
0.000599898
0.000601319
0.000606502
0.000619309
0.000646281
0.000697108
0.000770424
0.000895117
0.00103454
0.00115417
0.00128036
0.00138992
0.00144224
0.00141898
0.00133641
0.00123123
0.00112724
0.00103344
0.000953491
0.000887641
0.000834403
0.000791754
0.000757772
0.000730863
0.000709748
0.000693365
0.000680783
0.000671157
0.000663736
0.000657891
0.000653128
0.000649106
0.000645585
0.000642545
0.000639498
0.000636754
0.000641974
0.00064279
0.000641335
0.00063883
0.000635718
0.000632421
0.000629224
0.000626238
0.000623486
0.000620958
0.000618633
0.0006165
0.00061456
0.000612835
0.000611381
0.000610257
0.000609148
0.000607739
0.000606213
0.000604518
0.000602762
0.000601052
0.000599522
0.000598406
0.000598162
0.000599761
0.000605195
0.000618237
0.000645018
0.000694218
0.000764126
0.000876343
0.0010065
0.00110129
0.00118618
0.00125204
0.00127674
0.00125185
0.00118904
0.00110963
0.00103275
0.000963337
0.000904043
0.000855063
0.000815342
0.000783431
0.000757956
0.000737774
0.000721959
0.000709719
0.000700334
0.000693135
0.000687523
0.000682995
0.000679164
0.000675771
0.000672636
0.000669779
0.000666757
0.000634833
0.000639762
0.000640625
0.000639223
0.000636735
0.00063364
0.000630366
0.000627193
0.000624232
0.000621506
0.000619005
0.000616709
0.000614604
0.000612689
0.000610984
0.000609534
0.000608389
0.000607256
0.000605866
0.000604369
0.000602713
0.000600997
0.00059933
0.000597854
0.000596813
0.000596689
0.000598476
0.00060417
0.000617463
0.000644122
0.000691949
0.000759017
0.000861275
0.000984237
0.0010648
0.00112458
0.00116385
0.00117235
0.0011473
0.00109739
0.00103607
0.000977157
0.000924396
0.000879456
0.000842319
0.00081212
0.000787751
0.000768193
0.000752608
0.000740316
0.000730722
0.000723268
0.000717426
0.000712715
0.000708736
0.000705183
0.000701859
0.000698631
0.000695538
0.00069219
0.00063329
0.000637992
0.000638911
0.000637561
0.000635083
0.000631999
0.000628739
0.000625581
0.000622634
0.000619923
0.000617438
0.000615158
0.000613069
0.000611166
0.000609466
0.000608007
0.000606826
0.000605668
0.0006043
0.000602829
0.000601207
0.000599527
0.000597899
0.000596473
0.000595509
0.000595505
0.000597481
0.000603442
0.000616996
0.000643598
0.00069028
0.00075491
0.000848963
0.000966208
0.00103936
0.00108465
0.0011082
0.00110747
0.00108316
0.00104221
0.000994031
0.00094772
0.000906576
0.000871656
0.000842792
0.000819226
0.00080007
0.000784535
0.000771991
0.000761931
0.000753902
0.000747475
0.000742229
0.000737783
0.000733816
0.000730088
0.00072645
0.000722801
0.000719193
0.000715287
0.000632075
0.000636625
0.000637616
0.000636319
0.000633849
0.000630769
0.000627516
0.000624364
0.000621423
0.000618718
0.000616238
0.000613965
0.000611882
0.000609982
0.000608277
0.000606798
0.000605575
0.00060439
0.000603045
0.000601597
0.000600003
0.000598353
0.000596759
0.00059538
0.000594489
0.000594606
0.000596773
0.000603004
0.000616832
0.000643439
0.000689183
0.000751687
0.00083899
0.000951324
0.00102135
0.00105918
0.00107411
0.00106861
0.0010457
0.00101135
0.000972528
0.000935309
0.000902478
0.000874677
0.000851633
0.000832672
0.000817062
0.000804183
0.000793554
0.000784793
0.000777559
0.000771517
0.000766338
0.000761716
0.000757398
0.000753193
0.000748989
0.000744709
0.000740411
0.000735805
0.00063116
0.000635632
0.000636714
0.000635472
0.000633007
0.000629925
0.000626674
0.000623521
0.000620576
0.000617868
0.000615386
0.000613111
0.000611025
0.000609118
0.0006074
0.000605896
0.000604627
0.000603414
0.000602089
0.000600661
0.000599089
0.000597463
0.000595898
0.000594563
0.000593743
0.000593979
0.00059634
0.000602847
0.000616965
0.000643639
0.000688631
0.000749225
0.000830886
0.000938793
0.00100826
0.00104328
0.00105432
0.00104702
0.00102601
0.000996785
0.000964785
0.000934208
0.000907348
0.000884579
0.000865575
0.000849733
0.000836445
0.000825216
0.000815675
0.000807537
0.000800543
0.000794437
0.000788959
0.000783867
0.000778959
0.000774088
0.000769164
0.000764132
0.000759049
0.000753671
0.000630524
0.000634994
0.000636185
0.000635
0.000632536
0.000629449
0.000626192
0.00062303
0.000620074
0.000617354
0.000614862
0.000612577
0.000610479
0.000608558
0.00060682
0.000605285
0.000603967
0.000602725
0.000601418
0.000600005
0.000598449
0.000596841
0.000595302
0.000594007
0.000593256
0.000593612
0.000596169
0.00060296
0.000617389
0.000644193
0.000688593
0.000747404
0.000824275
0.000928049
0.000998373
0.00103361
0.0010439
0.0010368
0.00101808
0.000993007
0.000966111
0.000940433
0.000917852
0.000898589
0.000882313
0.000868492
0.00085662
0.000846299
0.000837246
0.000829244
0.000822102
0.000815623
0.000809604
0.000803855
0.000798217
0.00079257
0.000786849
0.000781009
0.000775105
0.000768936
0.000630154
0.000634693
0.000636015
0.000634888
0.000632422
0.000629324
0.000626056
0.000622877
0.000619902
0.000617163
0.000614651
0.000612348
0.000610231
0.000608288
0.000606522
0.00060495
0.00060358
0.000602308
0.000601017
0.000599616
0.000598071
0.000596475
0.000594957
0.000593701
0.000593018
0.000593495
0.000596253
0.000603339
0.000618103
0.000645101
0.00068904
0.000746113
0.000818822
0.000918687
0.000990506
0.00102781
0.00103943
0.0010339
0.00101773
0.000996145
0.000973141
0.00095117
0.000931604
0.000914712
0.000900185
0.00088757
0.000876447
0.000866498
0.000857504
0.000849304
0.000841755
0.000834707
0.000828005
0.000821497
0.000815057
0.000808593
0.000802051
0.000795396
0.00078868
0.000781738
0.000630041
0.000634721
0.000636194
0.000635126
0.000632656
0.000629543
0.000626256
0.000623053
0.00062005
0.000617283
0.000614745
0.000612414
0.00061027
0.000608297
0.000606497
0.000604883
0.000603457
0.000602153
0.000600876
0.000599482
0.000597942
0.000596355
0.000594855
0.000593634
0.00059302
0.000593621
0.000596586
0.000603982
0.000619106
0.000646362
0.000689934
0.000745244
0.000814223
0.0009104
0.000983863
0.00102426
0.00103854
0.00103544
0.00102198
0.00100341
0.000983424
0.000964296
0.000946846
0.000931481
0.000917978
0.000905971
0.000895119
0.000885167
0.000875944
0.000867331
0.00085922
0.0008515
0.000844048
0.000836746
0.000829494
0.000822217
0.000814874
0.000807436
0.000799948
0.000792279
0.00063018
0.000635075
0.000636722
0.000635713
0.000633235
0.000630101
0.000626789
0.000623554
0.000620515
0.000617712
0.000615138
0.000612773
0.000610593
0.000608582
0.00060674
0.000605077
0.000603593
0.000602254
0.000600987
0.000599597
0.000598058
0.000596475
0.00059499
0.000593805
0.000593259
0.000593988
0.000597168
0.000604888
0.000620402
0.000647973
0.000691224
0.000744715
0.000810199
0.000902931
0.000977911
0.00102186
0.00103954
0.00103941
0.00102873
0.0010128
0.00099518
0.000978024
0.000962037
0.000947646
0.000934704
0.000922928
0.000912048
0.000901865
0.000892247
0.000883107
0.000874366
0.000865939
0.000857733
0.000849655
0.000841623
0.000833579
0.000825488
0.000817326
0.000809131
0.000800799
0.000630572
0.000635758
0.000637601
0.000636651
0.000634162
0.000631002
0.000627657
0.000624381
0.000621298
0.00061845
0.000615831
0.000613423
0.000611198
0.000609142
0.000607251
0.000605533
0.000603984
0.000602607
0.000601349
0.000599959
0.000598416
0.000596833
0.000595361
0.00059421
0.000593734
0.000594595
0.000597999
0.000606062
0.000621993
0.000649925
0.000692845
0.000744492
0.000806523
0.000896053
0.000972286
0.00101985
0.0010413
0.0010444
0.00103646
0.00102287
0.00100714
0.000991401
0.000976382
0.000962537
0.000949812
0.000938004
0.000926905
0.000916358
0.000906263
0.000896556
0.000887177
0.000878065
0.000869146
0.000860346
0.000851602
0.000842862
0.000834101
0.000825293
0.000816473
0.000807559
0.000631223
0.000636781
0.000638844
0.00063795
0.000635444
0.000632253
0.000628867
0.00062554
0.000622403
0.000619502
0.00061683
0.000614368
0.000612091
0.00060998
0.000608032
0.000606252
0.000604633
0.000603215
0.000601963
0.000600569
0.000599017
0.000597431
0.000595969
0.000594851
0.000594447
0.000595445
0.000599083
0.000607505
0.000623878
0.000652195
0.000694707
0.000744649
0.000803062
0.000889563
0.000966725
0.00101775
0.00104303
0.00104942
0.00104415
0.00103264
0.00101845
0.00100372
0.000989328
0.000975743
0.000963011
0.000951005
0.000939573
0.000928595
0.000917995
0.000907724
0.000897739
0.000887994
0.000878431
0.00086899
0.00085962
0.000850278
0.000840939
0.000831579
0.000822228
0.000812822
0.000632144
0.00063816
0.000640464
0.000639625
0.000637096
0.000633866
0.00063043
0.000627042
0.000623841
0.000620875
0.000618141
0.000615618
0.000613278
0.000611104
0.00060909
0.00060724
0.000605545
0.000604081
0.000602832
0.000601429
0.000599864
0.00059827
0.000596817
0.000595731
0.000595399
0.00059654
0.000600421
0.000609217
0.000626045
0.000654742
0.000696707
0.000745464
0.000799879
0.000883314
0.000961028
0.0010152
0.0010442
0.00105382
0.00105108
0.00104143
0.0010285
0.00101453
0.00100052
0.000987017
0.000974144
0.000961853
0.000950038
0.000938613
0.00092752
0.000916723
0.00090619
0.000895886
0.000885765
0.000875779
0.000865884
0.000856041
0.000846229
0.000836421
0.00082664
0.000816837
0.000633354
0.000639918
0.000642486
0.000641693
0.000639135
0.000635858
0.000632359
0.000628899
0.000625622
0.000622582
0.000619776
0.00061718
0.000614768
0.000612521
0.000610432
0.000608504
0.000606726
0.000605212
0.000603961
0.000602544
0.00060096
0.000599355
0.000597907
0.000596852
0.000596592
0.000597878
0.000602008
0.000611189
0.000628468
0.000657494
0.000698735
0.000747579
0.000797386
0.000877281
0.000955055
0.00101197
0.00104445
0.00105715
0.00105678
0.0010488
0.00103694
0.00102353
0.00100976
0.000996226
0.000983147
0.000970537
0.000958338
0.000946487
0.000934944
0.000923681
0.000912677
0.000901903
0.000891323
0.000880898
0.000870587
0.000860355
0.00085018
0.000840033
0.00082993
0.00081983
0.000634877
0.000642087
0.000644936
0.00064418
0.000641581
0.000638244
0.00063467
0.000631123
0.000627759
0.000624632
0.000621742
0.000619063
0.000616568
0.000614238
0.000612065
0.00061005
0.000608181
0.000606611
0.000605354
0.000603916
0.000602306
0.000600684
0.000599238
0.000598209
0.000598021
0.000599453
0.000603832
0.000613393
0.000631089
0.000660343
0.000700716
0.000752251
0.000796614
0.000871683
0.00094876
0.00100789
0.00104353
0.00105909
0.00106092
0.00105446
0.0010435
0.00103053
0.00101694
0.00100332
0.000990004
0.00097708
0.000964523
0.000952294
0.000940363
0.000928713
0.000917327
0.000906183
0.000895251
0.000884498
0.000873887
0.000863384
0.000852963
0.000842591
0.000832279
0.000821989
0.000636745
0.000644704
0.000647847
0.00064711
0.000644455
0.000641043
0.000637376
0.000633726
0.000630258
0.000627031
0.000624044
0.00062127
0.000618682
0.000616258
0.000613991
0.00061188
0.000609913
0.000608282
0.000607009
0.00060554
0.000603895
0.00060225
0.000600798
0.00059979
0.000599669
0.000601241
0.000605859
0.000615778
0.000633812
0.000663142
0.000702696
0.000761728
0.000799615
0.000867201
0.000942287
0.0010029
0.00104126
0.00105941
0.00106326
0.00105817
0.00104801
0.00103542
0.00102193
0.00100822
0.000994694
0.000981489
0.000968622
0.000956078
0.000943837
0.000931886
0.000920216
0.000908808
0.000897639
0.000886677
0.000875888
0.000865236
0.000854691
0.000844216
0.000833814
0.000823446
0.000638999
0.000647814
0.000651252
0.000650509
0.000647774
0.000644265
0.00064048
0.000636706
0.000633118
0.000629776
0.000626678
0.000623797
0.000621102
0.000618574
0.000616202
0.000613987
0.000611915
0.000610215
0.000608913
0.000607398
0.000605707
0.000604027
0.00060256
0.000601563
0.000601497
0.000603193
0.000608022
0.000618247
0.000636482
0.000665718
0.000705019
0.000779807
0.000810059
0.000865309
0.000936148
0.000997107
0.00103756
0.00105796
0.00106361
0.00105976
0.00105033
0.00103806
0.00102464
0.00101085
0.000997151
0.00098372
0.000970611
0.000957826
0.000945358
0.000933202
0.000921349
0.000909788
0.000898498
0.00088745
0.000876611
0.00086594
0.000855403
0.000844955
0.00083459
0.000824267
0.000641689
0.000651468
0.000655185
0.000654393
0.000651545
0.000647906
0.000643973
0.000640049
0.000636318
0.000632842
0.000629618
0.000626613
0.0006238
0.000621156
0.000618671
0.000616343
0.000614159
0.000612383
0.00061103
0.00060945
0.000607693
0.000605964
0.000604466
0.000603463
0.000603429
0.000605219
0.000610206
0.000620638
0.000638878
0.000667915
0.000708668
0.000812611
0.000834033
0.000868771
0.000931514
0.000990947
0.00103255
0.00105467
0.00106185
0.00105908
0.00105031
0.00103834
0.00102498
0.00101114
0.000997307
0.000983702
0.000970412
0.00095746
0.000944848
0.000932577
0.000920644
0.000909041
0.000897749
0.000886743
0.000875985
0.000865433
0.000855042
0.000844762
0.000834572
0.00082443
0.000644874
0.000655715
0.000659668
0.000658765
0.000655753
0.000651936
0.000647814
0.000643705
0.000639804
0.000636171
0.000632801
0.000629658
0.000626712
0.00062394
0.000621331
0.000618885
0.000616586
0.000614725
0.000613286
0.000611609
0.000609762
0.000607961
0.000606408
0.00060537
0.000605334
0.000607163
0.000612217
0.000622706
0.000640724
0.000669708
0.000715873
0.000869654
0.000881053
0.000882326
0.000930672
0.000985478
0.00102665
0.00104969
0.00105797
0.00105607
0.00104783
0.00103613
0.00102283
0.00100897
0.000995032
0.000981299
0.000967883
0.000954825
0.000942142
0.00092984
0.000917922
0.000906384
0.000895209
0.000884371
0.000873831
0.00086354
0.000853445
0.000843483
0.000833622
0.000823812
0.000648622
0.000660603
0.000664707
0.000663602
0.00066035
0.000656288
0.000651917
0.000647578
0.000643471
0.000639651
0.00063611
0.000632808
0.000629713
0.000626802
0.000624062
0.000621492
0.000619079
0.000617123
0.000615544
0.000613723
0.00061175
0.000609844
0.000608202
0.000607086
0.00060699
0.000608774
0.000613761
0.000624104
0.000641735
0.000671493
0.000731114
0.000965259
0.00096534
0.000913574
0.000937659
0.000982804
0.00102094
0.00104354
0.00105221
0.0010508
0.00104291
0.00103137
0.00101809
0.0010042
0.000990171
0.000976333
0.000962824
0.000949704
0.000937003
0.000924739
0.000912918
0.00090154
0.000890591
0.000880045
0.000869858
0.000859974
0.000850329
0.000840847
0.000831481
0.000822172
0.000653011
0.000666166
0.000670279
0.000668837
0.000665236
0.000660831
0.000656131
0.0006515
0.000647135
0.000643089
0.000639343
0.000635856
0.000632593
0.000629528
0.00062665
0.000623956
0.000621436
0.000619371
0.000617569
0.00061554
0.000613389
0.000611333
0.00060955
0.000608295
0.000608058
0.000609674
0.000614419
0.000624401
0.00064178
0.000674739
0.000762567
0.00112036
0.00110764
0.000974127
0.000959118
0.000986715
0.00101758
0.00103746
0.00104529
0.00104368
0.00103575
0.00102416
0.00101078
0.000996769
0.00098261
0.000968643
0.000955032
0.000941856
0.00092916
0.00091697
0.000905302
0.000894159
0.00088353
0.000873385
0.000863677
0.000854341
0.000845302
0.000836465
0.000827767
0.000819142
0.00065812
0.000672413
0.000676318
0.000674354
0.000670247
0.000665363
0.000660223
0.000655209
0.000650514
0.000646182
0.000642184
0.000638474
0.000635015
0.000631779
0.000628754
0.000625939
0.000623326
0.000621131
0.000618987
0.000616658
0.000614262
0.000611994
0.000610001
0.000608526
0.000608037
0.000609333
0.000613649
0.000623193
0.000641287
0.000683308
0.000824029
0.00136463
0.00133822
0.00108126
0.00100543
0.00100357
0.00102051
0.00103394
0.00103881
0.00103578
0.00102708
0.00101499
0.0010012
0.000986852
0.00097241
0.000958207
0.000944413
0.000931123
0.000918396
0.000906269
0.000894766
0.000883893
0.000873641
0.000863977
0.000854849
0.000846182
0.000837887
0.000829854
0.000821996
0.00081424
0.000664036
0.000679327
0.00068272
0.000679988
0.000675164
0.000669609
0.000663868
0.000658339
0.000653203
0.000648494
0.000644168
0.000640176
0.000636477
0.000633041
0.000629857
0.000626924
0.00062424
0.000621883
0.000619229
0.000616483
0.000613756
0.000611198
0.000608912
0.000607117
0.000606252
0.000607082
0.000610894
0.000620444
0.000642257
0.000705772
0.000937311
0.0017388
0.00170221
0.00126062
0.00109233
0.00104355
0.00103645
0.00103752
0.00103591
0.00102933
0.00101854
0.00100507
0.000990268
0.000975111
0.000960056
0.000945362
0.000931183
0.000917617
0.00090473
0.00089257
0.000881164
0.000870525
0.000860641
0.000851479
0.000842978
0.000835054
0.000827603
0.000820495
0.000813623
0.000806906
0.000670857
0.00068689
0.000689387
0.000685583
0.000679753
0.000673257
0.000666679
0.000660431
0.000654678
0.000649443
0.000644663
0.00064029
0.000636276
0.00063259
0.000629219
0.000626167
0.00062344
0.000620873
0.000617488
0.000614183
0.00061103
0.000608095
0.00060543
0.000603226
0.000601903
0.000602259
0.000605956
0.000617442
0.000650506
0.00075882
0.00113514
0.00229632
0.00226943
0.00155123
0.00124367
0.00112248
0.0010764
0.00105603
0.00104232
0.00102863
0.00101342
0.000996996
0.000980063
0.000963203
0.000946896
0.000931218
0.000916254
0.000902075
0.000888742
0.000876305
0.000864796
0.000854226
0.000844585
0.000835833
0.000827903
0.000820699
0.000814102
0.000807966
0.00080216
0.000796594
0.000678751
0.00069519
0.000696377
0.000691144
0.000683922
0.000676086
0.000668305
0.000661008
0.000654348
0.000648332
0.00064289
0.000637965
0.000633504
0.000629472
0.000625856
0.000622664
0.000619916
0.000617061
0.000612686
0.000608684
0.000605025
0.000601658
0.000598582
0.00059599
0.000594355
0.000594783
0.000600172
0.000619229
0.000679957
0.000871532
0.00146428
0.00310262
0.00315102
0.00201452
0.0014965
0.00126506
0.00115799
0.00110255
0.00106801
0.00104148
0.00101797
0.000995898
0.000974856
0.000954816
0.000936065
0.000918475
0.000901969
0.000886534
0.000872196
0.000858987
0.000846933
0.000836043
0.000826302
0.000817662
0.000810051
0.000803359
0.000797457
0.000792182
0.00078738
0.000782952
0.000688126
0.000704731
0.000704286
0.00069725
0.000688089
0.000678294
0.000668707
0.000659805
0.000651742
0.000644509
0.000638039
0.000632261
0.000627111
0.000622549
0.000618562
0.000615162
0.00061239
0.000609112
0.000603541
0.00059881
0.000594691
0.000591006
0.00058775
0.000585222
0.000584244
0.000587012
0.000599703
0.000640097
0.000759484
0.00109026
0.00198745
0.00422773
0.0045205
0.00274825
0.00190997
0.00151078
0.00130967
0.00119867
0.00112997
0.00108161
0.00104359
0.00101139
0.000982917
0.000957132
0.000933918
0.000912825
0.000893453
0.000875613
0.000859236
0.00084431
0.00083084
0.000818824
0.000808236
0.000799024
0.000791107
0.000784371
0.000778675
0.000773845
0.000769711
0.000766157
0.000700152
0.000717262
0.000715212
0.00070602
0.000694088
0.000681286
0.000668844
0.000657354
0.000646999
0.000637775
0.000629619
0.000622436
0.000616147
0.000610702
0.000606081
0.000602306
0.000599439
0.000595552
0.000589047
0.000584058
0.00058005
0.000576823
0.000574554
0.000574014
0.000577232
0.000589385
0.000623846
0.000714258
0.000941994
0.00148261
0.00278036
0.00572731
0.0066145
0.00389808
0.00257734
0.00192358
0.00157816
0.00138043
0.00125715
0.00117304
0.00111067
0.00106117
0.00101984
0.000984066
0.000952997
0.00092571
0.000901208
0.000878953
0.000858685
0.000840296
0.000823746
0.000809015
0.000796071
0.000784861
0.000775303
0.000767287
0.000760676
0.000755291
0.000750958
0.000747533
0.000718237
0.000737795
0.000734992
0.000723372
0.000707253
0.000689543
0.000672315
0.000656422
0.000642122
0.000629477
0.000618412
0.000608804
0.000600544
0.000593564
0.000587826
0.000583356
0.000580223
0.00057562
0.00057087
0.000568119
0.000566754
0.000567131
0.000570131
0.00057803
0.0005961
0.00063601
0.000723526
0.000912763
0.00131259
0.00213439
0.00391775
0.00760986
0.00964494
0.00563781
0.0036313
0.00260339
0.00204003
0.0017086
0.00149959
0.00135823
0.00125612
0.00117795
0.00111508
0.0010624
0.00101789
0.000979908
0.000946404
0.000916197
0.000888669
0.000863542
0.000840713
0.000820152
0.00080184
0.000785747
0.000771822
0.000759985
0.000750123
0.000742075
0.000735672
0.000730731
0.000751799
0.000779115
0.000778067
0.00076387
0.000740944
0.00071475
0.000689125
0.000665438
0.000644139
0.000625511
0.000609427
0.000595731
0.000584276
0.00057495
0.000567654
0.000562343
0.000558948
0.000554682
0.000565592
0.000575134
0.000585838
0.000600684
0.000622424
0.000657037
0.000716277
0.000821656
0.00101272
0.00135869
0.00198173
0.00312848
0.00544621
0.00979436
0.0135681
0.00807823
0.00522261
0.00369166
0.00281619
0.00228551
0.00194513
0.00171408
0.00154853
0.00142387
0.00132559
0.00124479
0.0011775
0.00112104
0.00107151
0.00102667
0.000985334
0.000947007
0.000911541
0.000878953
0.000849301
0.000822643
0.000799011
0.000778401
0.00076076
0.00074597
0.000733876
0.000724215
0.000825022
0.000870979
0.000877317
0.000860707
0.000826193
0.000785138
0.000744994
0.000708058
0.000675539
0.000648128
0.000625779
0.000608325
0.000595507
0.000586936
0.000582013
0.00057987
0.000579028
0.000584679
0.000666599
0.000721334
0.000772786
0.000831297
0.000902568
0.00099848
0.00113823
0.0013506
0.00168081
0.00219987
0.00303546
0.00450618
0.00735341
0.0120659
0.0178326
0.0111163
0.00745633
0.00535677
0.00408199
0.00327635
0.00274533
0.00237917
0.00211517
0.00191643
0.00176036
0.00163262
0.00152594
0.00143577
0.00135572
0.00128218
0.0012134
0.00114873
0.00108811
0.00103171
0.000979748
0.000932421
0.000889869
0.00085217
0.00081932
0.00079122
0.00076766
0.000748145
0.000995943
0.00107803
0.00110469
0.00108946
0.00103809
0.000975747
0.000918201
0.000869928
0.000836661
0.000819739
0.000818935
0.000832717
0.000858121
0.000890747
0.000924878
0.000953031
0.00096487
0.00101799
0.00126852
0.00141586
0.00154283
0.00166815
0.00180051
0.00195833
0.00216568
0.00245347
0.00286694
0.00348064
0.00445721
0.00625117
0.00953842
0.0140401
0.0213633
0.0143277
0.0102841
0.00771814
0.00602397
0.00488835
0.00410742
0.00355183
0.00314179
0.00282759
0.00257741
0.00237038
0.00219414
0.00204045
0.00190127
0.00177228
0.00165159
0.00153864
0.00143355
0.00133665
0.00124819
0.00116833
0.00109713
0.0010345
0.00098027
0.000934137
0.000895389
0.000862772
0.00139358
0.00153407
0.00162584
0.0016494
0.00160831
0.00156869
0.00157414
0.00164183
0.00177054
0.00194295
0.00213889
0.00233655
0.0025157
0.00265943
0.00275434
0.00278624
0.00273314
0.00279647
0.00307568
0.00320813
0.0033107
0.00339936
0.00348914
0.00360549
0.0037753
0.00403056
0.00442105
0.00504669
0.0061558
0.008326
0.0117539
0.0151697
0.0228874
0.0170376
0.0133685
0.0106341
0.00861683
0.00715824
0.00609573
0.00530372
0.00469624
0.00421588
0.00382403
0.0034945
0.0032094
0.0029549
0.00272348
0.00251134
0.00231698
0.00214014
0.00198104
0.00183985
0.00171655
0.00161083
0.00152215
0.00144978
0.0013927
0.00134988
0.00131826
0.00129433
0.00224681
0.00251381
0.00290524
0.00322379
0.00348974
0.00388126
0.00445035
0.0050577
0.00559477
0.00601084
0.00628952
0.0064361
0.00646746
0.00640345
0.00626011
0.00604138
0.00572146
0.00557378
0.00555144
0.00546465
0.00540045
0.00535981
0.00535301
0.00539722
0.00550972
0.00571911
0.00609035
0.00678168
0.00813739
0.0106586
0.0134856
0.0148527
0.0215674
0.0185923
0.0160046
0.0134421
0.0112829
0.00958852
0.00827722
0.00725247
0.00643754
0.00577656
0.00523052
0.0047687
0.00436795
0.00401099
0.00369237
0.00341037
0.00316522
0.00295779
0.00278881
0.00265845
0.002566
0.0025098
0.00248715
0.00249448
0.0025272
0.00258047
0.00264428
0.0027033
0.0038154
0.00474689
0.00660417
0.00831842
0.00985308
0.0111125
0.0117903
0.0119523
0.0117705
0.0114038
0.0109562
0.0104846
0.0100159
0.0095603
0.00911649
0.00867215
0.00817698
0.00779476
0.00747603
0.00725559
0.00715389
0.00711858
0.00713065
0.00719005
0.00731134
0.00754148
0.00799081
0.00887873
0.010501
0.0128688
0.0138261
0.012685
0.0174989
0.0185312
0.0172137
0.015051
0.0129951
0.0112724
0.00987671
0.00875035
0.00783683
0.00709007
0.00647832
0.0059655
0.00552818
0.00515279
0.00484285
0.00460381
0.00443951
0.00435122
0.00433699
0.00439097
0.00450318
0.00465999
0.00484554
0.00504373
0.00524056
0.00542263
0.00558561
0.00566562
0.00667305
0.0108144
0.0173827
0.0210522
0.0211865
0.019778
0.0180504
0.016443
0.0150828
0.0139649
0.013045
0.0122781
0.0116281
0.0110683
0.0105762
0.0101306
0.00965949
0.00922746
0.00908859
0.00917522
0.00930548
0.0093894
0.00945069
0.00953573
0.00969544
0.00999901
0.0105495
0.0114617
0.0126546
0.0134362
0.0114722
0.00875329
0.0119252
0.0161009
0.0158805
0.0142906
0.0126902
0.0113399
0.0102557
0.00939906
0.00872716
0.0082056
0.00780096
0.00752212
0.00735631
0.00729609
0.00733535
0.00746884
0.00768711
0.00797254
0.00829763
0.00862765
0.00892756
0.00916994
0.00934047
0.0094386
0.0094752
0.00945666
0.00943863
0.00921851
0.0118154
0.00993482
0.00861659
0.00923916
0.010173
0.0105126
0.010515
0.0104047
0.0102736
0.0101546
0.0100599
0.00999469
0.00996081
0.00995925
0.00999363
0.0100663
0.0102048
0.0104084
0.0103498
0.0100674
0.00974555
0.00946441
0.00919975
0.00889546
0.0085008
0.00797282
0.00728304
0.00644147
0.00556403
0.00472602
0.00374507
0.00405357
0.00604895
0.00814245
0.00865052
0.00898941
0.00938816
0.00990366
0.0105262
0.0112231
0.0119452
0.0126338
0.013242
0.0136786
0.013891
0.0138858
0.0137011
0.0133932
0.013023
0.0126442
0.0122964
0.0120021
0.0117682
0.0115901
0.0114571
0.011357
0.0112795
0.0112182
0.0111543
0.0111479
)
;

boundaryField
{
    inlet
    {
        type            fixedValue;
        value           uniform 0.00375;
    }
    outlet
    {
        type            zeroGradient;
    }
    fixedWalls
    {
        type            kqRWallFunction;
        value           nonuniform List<scalar> 
240
(
0.00510096
0.00645279
0.00771268
0.00881052
0.00970874
0.0103981
0.0108901
0.0112091
0.0113855
0.0114508
0.0114338
0.0113592
0.011247
0.0111127
0.0109678
0.0108206
0.0106769
0.0105404
0.0104134
0.010297
0.0101915
0.0100967
0.0100119
0.0099362
0.0098686
0.00980792
0.00975303
0.0097028
0.0096562
0.00961231
0.0095703
0.00952952
0.00948943
0.00944963
0.00940982
0.00936981
0.00932944
0.00928858
0.00924707
0.00920472
0.00916124
0.00911621
0.0090691
0.00901915
0.0089654
0.00890657
0.00884102
0.00876662
0.00868063
0.00857956
0.0084589
0.00831289
0.00813422
0.00791342
0.00763938
0.00729647
0.00687596
0.00634594
0.00578416
0.00501698
0.0066341
0.00713606
0.00762247
0.00807993
0.00851288
0.00893165
0.00932088
0.00965632
0.00992481
0.0101168
0.0102273
0.0102653
0.0102415
0.0101651
0.0100386
0.00985828
0.00956646
0.00928999
0.00919352
0.00938171
0.00965542
0.00991829
0.0101494
0.0103567
0.0105525
0.0107501
0.0109689
0.011237
0.0115862
0.012096
0.0125326
0.0131577
0.0159777
0.0131443
0.0148699
0.00988035
0.0140248
0.0146147
0.0157519
0.0156411
0.0151151
0.0150665
0.0148869
0.0145453
0.0141059
0.013622
0.0131331
0.0126659
0.012236
0.0118514
0.0115154
0.0112287
0.0109901
0.0107965
0.0106428
0.0105216
0.0104246
0.010342
0.0102748
0.0101518
0.00510096
0.00645279
0.00771268
0.00881052
0.00970874
0.0103982
0.0108902
0.0112091
0.0113855
0.0114508
0.0114338
0.0113593
0.0112471
0.0111128
0.0109679
0.0108208
0.0106772
0.0105407
0.0104138
0.0102975
0.0101921
0.0100975
0.0100129
0.00993756
0.00987033
0.00981012
0.00975582
0.00970635
0.00966072
0.00961805
0.00957761
0.00953882
0.00950126
0.00946468
0.00942897
0.00939418
0.00936043
0.009328
0.0092972
0.00926844
0.0092422
0.00921906
0.00919967
0.00918437
0.00917294
0.00916586
0.0091639
0.00916825
0.00918055
0.00920291
0.00923796
0.00928902
0.00936016
0.00945662
0.00958406
0.00975329
0.00996128
0.0102725
0.0104386
0.0112109
0.0118154
0.00993482
0.00861659
0.00923916
0.010173
0.0105126
0.010515
0.0104047
0.0102736
0.0101546
0.0100599
0.00999469
0.00996081
0.00995925
0.00999363
0.0100663
0.0102048
0.0104084
0.0103498
0.0100674
0.00974555
0.00946441
0.00919975
0.00889546
0.0085008
0.00797282
0.00728304
0.00644147
0.00556403
0.00472602
0.00374507
0.00405357
0.00604895
0.00814245
0.00865052
0.00898941
0.00938816
0.00990366
0.0105262
0.0112231
0.0119452
0.0126338
0.013242
0.0136786
0.013891
0.0138858
0.0137011
0.0133932
0.013023
0.0126442
0.0122964
0.0120021
0.0117682
0.0115901
0.0114571
0.011357
0.0112795
0.0112182
0.0111543
0.0111479
)
;
    }
    defaultFaces
    {
        type            empty;
    }
}


// ************************************************************************* //
