/*--------------------------------*- C++ -*----------------------------------*\
| =========                 |                                                 |
| \\      /  F ield         | OpenFOAM: The Open Source CFD Toolbox           |
|  \\    /   O peration     | Version:  2.4.0                                 |
|   \\  /    A nd           | Web:      www.OpenFOAM.org                      |
|    \\/     M anipulation  |                                                 |
\*---------------------------------------------------------------------------*/
FoamFile
{
    version     2.0;
    format      ascii;
    class       volScalarField;
    location    "5.2";
    object      nut;
}
// * * * * * * * * * * * * * * * * * * * * * * * * * * * * * * * * * * * * * //

dimensions      [0 2 -1 0 0 0 0];

internalField   nonuniform List<scalar> 
6000
(
4.7015e-05
1.44416e-05
4.24767e-06
8.77704e-06
7.7886e-06
8.92574e-06
8.56615e-06
8.93859e-06
8.81247e-06
9.01942e-06
9.05765e-06
9.28774e-06
9.50083e-06
9.85287e-06
1.0254e-05
1.07627e-05
1.13365e-05
1.19927e-05
1.27091e-05
1.34865e-05
1.43105e-05
1.51736e-05
1.60614e-05
1.69615e-05
1.78581e-05
1.87369e-05
1.9583e-05
2.03815e-05
2.11163e-05
2.17708e-05
2.23276e-05
2.27687e-05
2.30757e-05
2.32291e-05
2.32097e-05
2.29988e-05
2.258e-05
2.19368e-05
2.10596e-05
1.99418e-05
1.85989e-05
1.70596e-05
1.54008e-05
1.47241e-05
1.64692e-05
1.82813e-05
2.00431e-05
2.18734e-05
2.35005e-05
2.52509e-05
2.65357e-05
2.82033e-05
2.8911e-05
3.06971e-05
3.0464e-05
3.29139e-05
3.10542e-05
3.53093e-05
3.08165e-05
3.82477e-05
2.94897e-05
9.50743e-06
3.16532e-06
7.01519e-06
6.32252e-06
7.01641e-06
6.7739e-06
7.00697e-06
6.93397e-06
7.08036e-06
7.13613e-06
7.3268e-06
7.52816e-06
7.83477e-06
8.19461e-06
8.64029e-06
9.14687e-06
9.72148e-06
1.03503e-05
1.10309e-05
1.17533e-05
1.25106e-05
1.32931e-05
1.4092e-05
1.48979e-05
1.5703e-05
1.65002e-05
1.72834e-05
1.80474e-05
1.87884e-05
1.95041e-05
2.01947e-05
2.08639e-05
2.1518e-05
2.21694e-05
2.28424e-05
2.35765e-05
2.44366e-05
2.55286e-05
2.70279e-05
2.92169e-05
3.25468e-05
3.74696e-05
3.99053e-05
3.46226e-05
3.05293e-05
2.7692e-05
2.57149e-05
2.44253e-05
2.35976e-05
2.30424e-05
2.28142e-05
2.24947e-05
2.2661e-05
2.22072e-05
2.28606e-05
2.18438e-05
2.34407e-05
2.12886e-05
2.43955e-05
2.14309e-05
8.16035e-06
2.81369e-06
5.88991e-06
5.32644e-06
5.68178e-06
5.49689e-06
5.63086e-06
5.59242e-06
5.707e-06
5.79072e-06
5.98342e-06
6.21821e-06
6.55203e-06
6.96015e-06
7.4607e-06
8.04309e-06
8.71028e-06
9.45631e-06
1.02786e-05
1.11718e-05
1.21306e-05
1.31494e-05
1.42229e-05
1.53474e-05
1.65207e-05
1.77435e-05
1.90193e-05
2.03551e-05
2.17631e-05
2.32615e-05
2.48774e-05
2.66503e-05
2.86268e-05
3.08733e-05
3.34973e-05
3.66522e-05
4.05704e-05
4.55995e-05
5.22817e-05
6.14012e-05
7.40673e-05
9.07952e-05
9.80012e-05
8.06735e-05
6.55459e-05
5.38744e-05
4.46986e-05
3.79748e-05
3.26519e-05
2.88576e-05
2.57183e-05
2.35343e-05
2.1628e-05
2.02892e-05
1.91751e-05
1.81742e-05
1.77918e-05
1.66576e-05
1.71537e-05
1.78746e-05
7.96951e-06
2.98765e-06
5.26065e-06
4.70363e-06
4.76735e-06
4.59324e-06
4.64937e-06
4.63292e-06
4.73678e-06
4.86227e-06
5.09639e-06
5.41419e-06
5.85225e-06
6.40953e-06
7.10002e-06
7.92938e-06
8.90388e-06
1.00295e-05
1.13094e-05
1.27469e-05
1.43433e-05
1.61004e-05
1.80207e-05
2.01095e-05
2.23753e-05
2.48316e-05
2.74985e-05
3.04041e-05
3.35871e-05
3.71003e-05
4.10156e-05
4.5433e-05
5.04226e-05
5.61474e-05
6.2824e-05
7.07437e-05
8.03205e-05
9.21259e-05
0.000106973
0.000125876
0.000150001
0.000178577
0.000189337
0.000160922
0.000132918
0.000109133
8.88784e-05
7.28908e-05
5.94946e-05
4.94354e-05
4.07756e-05
3.46585e-05
2.89901e-05
2.5394e-05
2.15678e-05
1.95564e-05
1.69339e-05
1.57974e-05
1.42953e-05
1.67546e-05
8.4452e-06
3.53512e-06
5.0389e-06
4.40563e-06
4.18458e-06
3.97899e-06
3.96479e-06
3.96133e-06
4.07189e-06
4.25844e-06
4.57854e-06
5.04316e-06
5.68381e-06
6.52674e-06
7.59453e-06
8.91771e-06
1.05178e-05
1.2423e-05
1.46525e-05
1.72281e-05
2.01657e-05
2.34829e-05
2.71962e-05
3.1326e-05
3.58963e-05
4.09388e-05
4.64938e-05
5.26135e-05
5.93639e-05
6.68294e-05
7.51189e-05
8.43484e-05
9.45405e-05
0.000105936
0.000118786
0.000133407
0.000150232
0.000169822
0.00019292
0.000220336
0.0002528
0.000287784
0.000299659
0.000265903
0.000228823
0.000194455
0.00016287
0.000135858
0.000111757
9.2278e-05
7.48296e-05
6.16492e-05
4.93461e-05
4.10258e-05
3.23911e-05
2.76432e-05
2.1515e-05
1.9155e-05
1.54369e-05
1.71085e-05
9.39797e-06
4.39174e-06
5.14711e-06
4.4103e-06
3.88879e-06
3.60846e-06
3.52036e-06
3.52266e-06
3.65638e-06
3.93109e-06
4.39404e-06
5.0946e-06
6.07645e-06
7.40455e-06
9.12746e-06
1.13155e-05
1.40215e-05
1.73084e-05
2.12232e-05
2.58138e-05
3.11158e-05
3.71637e-05
4.3986e-05
5.16118e-05
6.00694e-05
6.93932e-05
7.9623e-05
9.08063e-05
0.000102999
0.000116269
0.000130709
0.000146263
0.000162909
0.000180869
0.000200319
0.000221483
0.00024468
0.000270321
0.000298952
0.000331121
0.000367142
0.000403211
0.000414699
0.000380864
0.000340089
0.000299537
0.000259935
0.00022368
0.000189486
0.000159787
0.000132026
0.000109349
8.7844e-05
7.18679e-05
5.58018e-05
4.57252e-05
3.40106e-05
2.8553e-05
2.17257e-05
1.83893e-05
1.07093e-05
5.51657e-06
5.50514e-06
4.69488e-06
3.86461e-06
3.46324e-06
3.28802e-06
3.28928e-06
3.46366e-06
3.86439e-06
4.5471e-06
5.61071e-06
7.13218e-06
9.23282e-06
1.20065e-05
1.55781e-05
2.00427e-05
2.55028e-05
3.20317e-05
3.96956e-05
4.85371e-05
5.85883e-05
6.98656e-05
8.23753e-05
9.6115e-05
0.000111081
0.000127269
0.000144671
0.000163281
0.000183093
0.000204112
0.000225976
0.00024873
0.000272501
0.000297364
0.000323435
0.000350914
0.00038008
0.000411323
0.000445028
0.000481155
0.00051536
0.000525976
0.000495124
0.000454702
0.000412097
0.000368474
0.000326341
0.000284846
0.00024661
0.000209545
0.000177093
0.00014571
0.000120212
9.49835e-05
7.69353e-05
5.76377e-05
4.65949e-05
3.55384e-05
2.02058e-05
1.22753e-05
6.86643e-06
6.06055e-06
5.2052e-06
4.10988e-06
3.54383e-06
3.2611e-06
3.2542e-06
3.4896e-06
4.06808e-06
5.07488e-06
6.67681e-06
9.00726e-06
1.22603e-05
1.65871e-05
2.21683e-05
2.91353e-05
3.76122e-05
4.76756e-05
5.938e-05
7.27429e-05
8.77586e-05
0.000104394
0.000122594
0.000142287
0.000163399
0.000185847
0.000209543
0.000234395
0.000260313
0.000287116
0.000314309
0.000341975
0.000370158
0.000398857
0.00042811
0.000458033
0.000488815
0.000520741
0.000554113
0.000588514
0.000619751
0.000629525
0.000602967
0.000565252
0.000523416
0.000478877
0.000433989
0.000388266
0.000344147
0.00030012
0.000259392
0.000219265
0.000184192
0.000149681
0.000122132
9.42866e-05
7.53419e-05
5.93438e-05
2.2247e-05
1.39955e-05
8.38934e-06
6.80597e-06
5.85908e-06
4.61075e-06
3.85802e-06
3.44754e-06
3.42577e-06
3.74692e-06
4.57062e-06
6.03615e-06
8.39904e-06
1.18671e-05
1.67105e-05
2.31311e-05
3.13436e-05
4.14864e-05
5.36676e-05
6.79301e-05
8.42805e-05
0.000102679
0.000123053
0.000145294
0.000169267
0.000194817
0.000221789
0.000250026
0.000279361
0.00030963
0.000340679
0.000372075
0.000403414
0.000434758
0.000466088
0.000497351
0.000528533
0.000559694
0.000590959
0.000622542
0.000654669
0.00068664
0.000714748
0.000723872
0.000701888
0.000667994
0.000628564
0.000585125
0.000539779
0.000492305
0.000444819
0.000396309
0.00034951
0.000302615
0.000259286
0.000216592
0.00017954
0.000143361
0.00011525
9.42679e-05
2.42783e-05
1.57758e-05
1.00263e-05
7.7442e-06
6.59875e-06
5.31711e-06
4.40141e-06
3.85856e-06
3.81946e-06
4.25651e-06
5.40624e-06
7.48796e-06
1.08611e-05
1.58116e-05
2.26679e-05
3.16542e-05
4.29778e-05
5.67449e-05
7.30081e-05
9.17473e-05
0.000112899
0.000136353
0.00016196
0.000189535
0.000218863
0.000249712
0.000281862
0.000315092
0.000349179
0.000383902
0.000419056
0.000453982
0.000488472
0.000522523
0.000556071
0.000589026
0.000621341
0.00065303
0.000684178
0.000714946
0.000745446
0.000774893
0.000800107
0.000808774
0.000791107
0.00076138
0.000725167
0.000683989
0.000639688
0.000592213
0.000543349
0.000492441
0.000441743
0.000390145
0.000340491
0.000291253
0.000245869
0.000202327
0.000165109
0.000139567
2.61484e-05
1.75358e-05
1.17163e-05
8.86149e-06
7.41793e-06
6.14884e-06
5.13767e-06
4.48991e-06
4.44266e-06
5.03124e-06
6.59211e-06
9.44891e-06
1.40676e-05
2.07981e-05
2.99902e-05
4.18505e-05
5.65358e-05
7.40886e-05
9.44831e-05
0.000117627
0.000143386
0.00017158
0.000201992
0.000234371
0.00026843
0.000303879
0.000340446
0.000377864
0.000415867
0.000454199
0.000492557
0.000530234
0.000567129
0.00060319
0.000638316
0.000672394
0.000705348
0.000737165
0.000767895
0.000797663
0.000826427
0.000853523
0.000876203
0.000884553
0.000870705
0.000845053
0.000812336
0.000773999
0.000731642
0.000685308
0.000636502
0.000584781
0.000532012
0.000477524
0.000423524
0.000369459
0.000317499
0.000267889
0.000222652
0.000193116
2.77811e-05
1.92131e-05
1.34023e-05
1.01246e-05
8.33927e-06
7.0422e-06
6.00138e-06
5.30502e-06
5.27535e-06
6.05394e-06
8.10006e-06
1.18616e-05
1.79004e-05
2.66046e-05
3.8302e-05
5.31456e-05
7.1212e-05
9.24669e-05
0.000116803
0.000144061
0.000174046
0.000206519
0.000241209
0.000277803
0.000315964
0.000355349
0.000395649
0.000436563
0.000477795
0.000519062
0.000559935
0.000599786
0.000638544
0.00067612
0.000712386
0.000747208
0.000780493
0.000812207
0.000842375
0.000871069
0.000898162
0.000923148
0.000943657
0.000951768
0.000941157
0.000919251
0.000889994
0.000854702
0.000814768
0.00077027
0.000722492
0.000671097
0.000617675
0.000561762
0.000505167
0.000447844
0.000391184
0.000336851
0.00028523
0.000252209
2.91563e-05
2.07653e-05
1.50354e-05
1.14879e-05
9.37771e-06
7.98131e-06
6.93144e-06
6.24013e-06
6.26175e-06
7.26306e-06
9.84008e-06
1.45784e-05
2.21196e-05
3.28619e-05
4.70773e-05
6.48418e-05
8.61397e-05
0.000110862
0.000138826
0.00016982
0.000203596
0.000239872
0.000278325
0.000318598
0.000360304
0.000403062
0.000446531
0.000490385
0.000534302
0.000577988
0.000620859
0.000662455
0.00070268
0.000741413
0.000778506
0.000813812
0.000847226
0.000878696
0.000908235
0.000935825
0.000961384
0.000984497
0.00100315
0.00101104
0.00100309
0.000984497
0.000958482
0.000926207
0.000888891
0.00084661
0.000800483
0.000750197
0.000697165
0.000640958
0.000583201
0.000523954
0.000464321
0.000406527
0.000350293
0.00031419
3.02873e-05
2.21682e-05
1.65774e-05
1.29013e-05
1.05291e-05
8.98303e-06
7.90117e-06
7.23515e-06
7.32818e-06
8.56391e-06
1.16743e-05
1.7389e-05
2.64149e-05
3.91418e-05
5.57651e-05
7.62746e-05
0.000100562
0.000128451
0.000159697
0.000194042
0.000231197
0.000270839
0.000312607
0.0003561
0.000400891
0.000446562
0.000492747
0.0005391
0.000585278
0.000630956
0.000675466
0.000718482
0.000759874
0.000799498
0.000837189
0.00087279
0.000906187
0.000937322
0.000966178
0.000992686
0.00101685
0.0010383
0.00105535
0.00106301
0.00105718
0.00104142
0.00101833
0.000988914
0.000954229
0.000914334
0.000870222
0.000821561
0.000769657
0.000714004
0.000656198
0.000596124
0.00053498
0.00047485
0.000415649
0.000376793
3.12037e-05
2.34128e-05
1.80022e-05
1.43158e-05
1.17723e-05
1.00664e-05
8.91701e-06
8.26136e-06
8.41677e-06
9.86449e-06
1.34604e-05
2.00781e-05
3.04842e-05
4.50528e-05
6.38958e-05
8.69165e-05
0.000113918
0.000144666
0.000178858
0.000216201
0.000256369
0.000299005
0.000343708
0.000390042
0.000437542
0.000485754
0.000534293
0.000582793
0.000630896
0.000678223
0.000724106
0.000768288
0.000810615
0.00085092
0.00088903
0.00092478
0.000958051
0.000988784
0.0010169
0.00104238
0.00106525
0.00108521
0.00110086
0.00110823
0.00110404
0.00109066
0.00107015
0.00104335
0.0010112
0.000973719
0.00093181
0.000885094
0.000834819
0.00078034
0.00072332
0.000663298
0.00060182
0.000540327
0.000479568
0.00043825
3.19396e-05
2.45008e-05
1.92944e-05
1.56884e-05
1.30745e-05
1.12371e-05
9.99743e-06
9.32296e-06
9.50594e-06
1.11096e-05
1.50964e-05
2.24822e-05
3.40975e-05
5.03053e-05
7.11369e-05
9.64124e-05
0.00012585
0.000159164
0.000195999
0.000236028
0.000278895
0.000324206
0.000371527
0.000420387
0.000470286
0.000520736
0.000571333
0.000621698
0.000671455
0.000720158
0.000767199
0.000812344
0.000855416
0.000896236
0.000934619
0.000970399
0.00100346
0.00103371
0.00106106
0.00108555
0.00110722
0.00112582
0.00114021
0.00114725
0.00114428
0.00113284
0.00111455
0.0010901
0.00106031
0.00102519
0.000985543
0.000940952
0.00089263
0.000839768
0.000784145
0.000724864
0.000663969
0.00060194
0.000540764
0.000497276
3.25279e-05
2.54416e-05
2.04483e-05
1.69841e-05
1.43973e-05
1.2485e-05
1.11573e-05
1.04401e-05
1.06061e-05
1.22901e-05
1.65421e-05
2.45176e-05
3.71252e-05
5.47322e-05
7.72989e-05
0.000104568
0.000136173
0.000171782
0.000210986
0.000253429
0.00029872
0.000346434
0.000396105
0.000447226
0.000499265
0.0005517
0.00060411
0.000656102
0.00070729
0.000757149
0.00080517
0.000851106
0.000894766
0.000935959
0.000974494
0.0010102
0.00104296
0.00107266
0.00109924
0.00112278
0.00114331
0.00116066
0.00117388
0.00118052
0.00117841
0.00116852
0.00115211
0.00112972
0.00110211
0.00106922
0.00103182
0.000989439
0.000943264
0.000892322
0.000838531
0.000780526
0.000720912
0.000659039
0.000598341
0.000552988
3.29974e-05
2.62483e-05
2.14654e-05
1.81779e-05
1.57011e-05
1.37877e-05
1.23994e-05
1.16309e-05
1.17461e-05
1.34302e-05
1.7811e-05
2.61761e-05
3.95322e-05
5.82759e-05
8.23123e-05
0.000111313
0.000144829
0.000182482
0.000223807
0.000268417
0.00031589
0.00036577
0.000417557
0.000470712
0.000524669
0.000578871
0.000632883
0.000686301
0.000738719
0.000789562
0.000838408
0.00088499
0.000929103
0.000970547
0.00100913
0.00104468
0.00107704
0.00110613
0.00113194
0.00115454
0.00117398
0.00119015
0.00120228
0.00120844
0.0012069
0.00119821
0.00118335
0.00116276
0.00113711
0.00110631
0.0010711
0.00103093
0.000987003
0.000938185
0.000886524
0.000830204
0.000772388
0.000711247
0.000651712
0.000604816
3.33723e-05
2.69364e-05
2.23527e-05
1.92539e-05
1.69493e-05
1.51138e-05
1.37137e-05
1.29047e-05
1.29576e-05
1.4569e-05
1.89496e-05
2.75031e-05
4.13538e-05
6.09607e-05
8.61948e-05
0.000116668
0.000151844
0.000191304
0.000234519
0.000281072
0.000330509
0.00038234
0.000436033
0.00049102
0.000546701
0.000602478
0.000657908
0.000712573
0.000766038
0.000817727
0.000867264
0.000914362
0.000958809
0.0010004
0.00103893
0.00107421
0.00110611
0.00113456
0.00115958
0.00118125
0.00119964
0.00121467
0.00122577
0.00123139
0.00123016
0.00122236
0.00120877
0.00118972
0.00116581
0.00113695
0.00110381
0.00106584
0.00102419
0.000977621
0.000928286
0.000873958
0.000818319
0.000758385
0.000700527
0.00065243
3.36719e-05
2.7521e-05
2.31207e-05
2.02054e-05
1.81113e-05
1.64275e-05
1.50792e-05
1.42593e-05
1.42572e-05
1.57581e-05
2.0018e-05
2.85731e-05
4.26693e-05
6.28638e-05
8.9021e-05
0.000120709
0.0001573
0.000198337
0.000243223
0.000291508
0.000342704
0.000396288
0.000451698
0.000508331
0.000565558
0.000622738
0.000679418
0.000735172
0.000789525
0.000841933
0.00089204
0.000939539
0.000984212
0.00102585
0.00106423
0.00109915
0.00113053
0.00115831
0.00118253
0.00120326
0.00122062
0.00123456
0.00124464
0.00124966
0.00124853
0.00124137
0.00122878
0.00121104
0.00118868
0.00116159
0.00113042
0.00109457
0.00105519
0.00101094
0.000964051
0.000911944
0.000858748
0.000800411
0.000744614
0.000695664
3.3912e-05
2.80167e-05
2.37817e-05
2.10325e-05
1.91639e-05
1.7692e-05
1.6466e-05
1.56819e-05
1.5648e-05
1.70406e-05
2.10799e-05
2.9471e-05
4.35795e-05
6.40924e-05
9.08992e-05
0.000123544
0.000161307
0.000203698
0.000250041
0.000299855
0.000352615
0.000407765
0.00046471
0.000522819
0.000581427
0.000639849
0.000697624
0.00075432
0.000809422
0.000862433
0.000912997
0.000960791
0.00100559
0.00104717
0.00108529
0.00111979
0.0011506
0.00117769
0.00120108
0.00122087
0.00123721
0.00125008
0.00125916
0.00126352
0.00126232
0.00125558
0.00124378
0.00122713
0.00120613
0.00118066
0.00115132
0.00111752
0.00108038
0.00103847
0.000994093
0.00094437
0.000893804
0.000837379
0.000783924
0.000734475
3.41047e-05
2.84367e-05
2.43486e-05
2.17412e-05
2.00927e-05
1.88734e-05
1.78388e-05
1.71494e-05
1.71223e-05
1.84253e-05
2.22233e-05
3.02796e-05
4.41918e-05
6.47671e-05
9.19544e-05
0.000125301
0.000163993
0.000207517
0.000255107
0.000306251
0.000360385
0.000416919
0.000475227
0.000534645
0.000594478
0.000653991
0.000712714
0.000770212
0.000825939
0.000879443
0.00093036
0.000978348
0.00102317
0.00106457
0.00110237
0.0011364
0.0011666
0.00119295
0.00121549
0.00123434
0.00124965
0.00126147
0.00126956
0.00127322
0.0012718
0.00126529
0.00125409
0.00123835
0.00121854
0.00119453
0.00116691
0.00113507
0.00110011
0.00106054
0.0010187
0.000971477
0.000923662
0.000869409
0.000818499
0.000768901
3.42598e-05
2.87926e-05
2.48341e-05
2.23413e-05
2.08914e-05
1.99435e-05
1.91595e-05
1.86304e-05
1.86618e-05
1.9909e-05
2.34812e-05
3.11232e-05
4.46111e-05
6.50112e-05
9.23184e-05
0.000126115
0.000165494
0.000209931
0.000258558
0.000310835
0.000366156
0.000423895
0.000483396
0.000543962
0.000604868
0.000665322
0.000724854
0.000783018
0.000839259
0.000893151
0.00094432
0.000992384
0.00103711
0.00107827
0.00111568
0.00114919
0.00117873
0.00120431
0.00122598
0.00124387
0.00125816
0.00126893
0.00127604
0.00127896
0.00127721
0.00127078
0.00126
0.00124501
0.00122624
0.00120356
0.00117755
0.00114758
0.00111472
0.00107747
0.00103817
0.000993521
0.000948531
0.000896656
0.000848436
0.000799035
3.43849e-05
2.90943e-05
2.52502e-05
2.28449e-05
2.1561e-05
2.08815e-05
2.0391e-05
2.00876e-05
2.02387e-05
2.14774e-05
2.48573e-05
3.20806e-05
4.49903e-05
6.49447e-05
9.21233e-05
0.000126122
0.000165947
0.000211076
0.000260532
0.000313743
0.000370064
0.000428832
0.000489355
0.000550909
0.000612741
0.00067399
0.000734191
0.000792897
0.000849543
0.000903719
0.000955
0.00100304
0.0010476
0.00108845
0.00112541
0.00115834
0.00118719
0.00121196
0.00123273
0.00124965
0.00126292
0.00127265
0.00127877
0.00128091
0.00127874
0.00127226
0.00126177
0.00124739
0.00122952
0.00120806
0.00118354
0.00115535
0.00112454
0.00108958
0.00105278
0.00101076
0.000968635
0.000919305
0.000873877
0.000825004
3.4486e-05
2.93504e-05
2.56073e-05
2.32651e-05
2.21085e-05
2.16752e-05
2.15005e-05
2.14801e-05
2.18169e-05
2.31053e-05
2.63415e-05
3.3167e-05
4.54552e-05
6.47539e-05
9.14973e-05
0.000125459
0.000165489
0.000211092
0.000261164
0.000315112
0.000372245
0.000431861
0.000493239
0.00055562
0.000618227
0.000680127
0.000740858
0.00079999
0.00085691
0.000911233
0.000962536
0.00101047
0.00105479
0.00109526
0.00113171
0.00116402
0.00119213
0.00121606
0.00123591
0.00125185
0.00126408
0.00127276
0.0012779
0.00127924
0.00127658
0.00126995
0.00125962
0.00124574
0.00122866
0.00120831
0.00118518
0.0011587
0.00112985
0.00109714
0.00106282
0.00102345
0.000984202
0.00093755
0.000894982
0.000846958
3.45679e-05
2.9568e-05
2.59149e-05
2.36148e-05
2.25453e-05
2.2321e-05
2.24618e-05
2.27673e-05
2.33542e-05
2.4758e-05
2.79113e-05
3.43808e-05
4.60379e-05
6.45806e-05
9.06823e-05
0.000124255
0.000164256
0.000210112
0.000260589
0.000315075
0.000372829
0.000433114
0.000495173
0.000558219
0.000621452
0.000683854
0.000744962
0.000804362
0.000861451
0.000915824
0.000967061
0.00101481
0.00105881
0.00109885
0.00113473
0.00116636
0.00119369
0.00121675
0.00123566
0.00125059
0.00126178
0.00126942
0.00127358
0.00127409
0.00127088
0.00126402
0.00125377
0.00124027
0.00122389
0.00120455
0.00118273
0.00115788
0.00113094
0.00110042
0.00106855
0.00103183
0.000995459
0.00095159
0.000911929
0.000865059
3.46343e-05
2.97531e-05
2.61808e-05
2.39064e-05
2.28855e-05
2.28229e-05
2.32575e-05
2.39118e-05
2.48053e-05
2.63924e-05
2.95327e-05
3.5705e-05
4.67507e-05
6.44752e-05
8.97808e-05
0.000122749
0.000162465
0.000208267
0.000258938
0.000313759
0.000371944
0.000432715
0.000495282
0.000558824
0.000622476
0.000685226
0.00074658
0.000806133
0.000863284
0.00091761
0.000968692
0.00101617
0.00105979
0.00109932
0.00113458
0.00116548
0.00119199
0.00121415
0.00123209
0.001246
0.00125614
0.00126274
0.0012659
0.00126559
0.00126179
0.00125462
0.00124437
0.00123119
0.00121543
0.00119702
0.00117644
0.00115315
0.00112804
0.00109969
0.0010702
0.00103615
0.00100263
0.000961627
0.000924899
0.000879473
3.46882e-05
2.99107e-05
2.64116e-05
2.4151e-05
2.31444e-05
2.31914e-05
2.38797e-05
2.48832e-05
2.61246e-05
2.79598e-05
3.11615e-05
3.71083e-05
4.75868e-05
6.44672e-05
8.88588e-05
0.000121033
0.000160232
0.000205744
0.00025637
0.000311303
0.000369703
0.000430757
0.000493641
0.000557501
0.000621409
0.000684351
0.000745824
0.000805412
0.000862517
0.000916699
0.000967537
0.00101467
0.00105783
0.00109678
0.00113138
0.0011615
0.00118715
0.00120838
0.00122532
0.00123819
0.00124728
0.00125282
0.001255
0.00125384
0.00124942
0.0012419
0.00123159
0.00121866
0.00120345
0.00118592
0.0011665
0.00114472
0.00112139
0.00109516
0.00106802
0.00103661
0.00100593
0.000967856
0.000934077
0.000890366
3.4732e-05
3.0045e-05
2.66128e-05
2.43579e-05
2.33375e-05
2.34418e-05
2.43299e-05
2.56598e-05
2.72704e-05
2.94087e-05
3.27455e-05
3.85468e-05
4.8522e-05
6.45649e-05
8.79616e-05
0.000119183
0.000157651
0.000202644
0.000252994
0.000307813
0.000366216
0.000427349
0.000490358
0.000554355
0.000618353
0.000681327
0.000742795
0.0008023
0.00085925
0.000913189
0.000963693
0.0010104
0.00105302
0.00109135
0.00112521
0.00115452
0.00117926
0.00119952
0.00121544
0.00122726
0.00123528
0.00123977
0.00124096
0.00123895
0.00123389
0.00122599
0.00121558
0.00120284
0.00118812
0.00117141
0.00115312
0.0011328
0.0011112
0.00108704
0.00106221
0.00103344
0.00100555
0.000970467
0.000939644
0.000897904
3.47677e-05
3.01597e-05
2.6789e-05
2.45353e-05
2.34794e-05
2.35923e-05
2.4618e-05
2.62308e-05
2.82084e-05
3.06884e-05
3.42276e-05
3.99661e-05
4.95158e-05
6.47561e-05
8.71132e-05
0.000117255
0.0001548
0.000199061
0.000248908
0.000303392
0.000361584
0.000422593
0.000485534
0.000549487
0.000613406
0.000676258
0.000737593
0.000796894
0.000853577
0.000907173
0.000957251
0.00100344
0.00104546
0.00108309
0.00111616
0.00114461
0.00116841
0.00118767
0.00120255
0.0012133
0.00122023
0.00122368
0.00122388
0.00122102
0.0012153
0.001207
0.00119645
0.00118387
0.00116962
0.00115369
0.00113647
0.00111757
0.00109767
0.00107555
0.00105298
0.00102683
0.00100171
0.000969645
0.000941777
0.000902247
3.47966e-05
3.02575e-05
2.69437e-05
2.46893e-05
2.35829e-05
2.36621e-05
2.47607e-05
2.65962e-05
2.89142e-05
3.17533e-05
3.55491e-05
4.13046e-05
5.05147e-05
6.50098e-05
8.63161e-05
0.000115284
0.000151741
0.000195073
0.000244199
0.000298133
0.000355904
0.000416586
0.000479266
0.000542993
0.00060666
0.000669248
0.00073031
0.000789284
0.000845588
0.000898738
0.000948298
0.000993894
0.00103524
0.0010721
0.00110433
0.00113186
0.00115468
0.00117291
0.00118672
0.00119638
0.00120224
0.00120462
0.00120385
0.00120013
0.00119376
0.00118504
0.00117433
0.00116189
0.00114806
0.00113288
0.00111672
0.0010992
0.00108096
0.00106085
0.00104051
0.00101697
0.000994575
0.000965564
0.000940649
0.00090355
3.48202e-05
3.03411e-05
2.70799e-05
2.48251e-05
2.36592e-05
2.36704e-05
2.47794e-05
2.67666e-05
2.93756e-05
3.25664e-05
3.66545e-05
4.24968e-05
5.14547e-05
6.52785e-05
8.55522e-05
0.000113285
0.00014852
0.000190741
0.000238943
0.000292118
0.000349261
0.000409417
0.000471643
0.000534962
0.000598203
0.000660386
0.000721036
0.000779557
0.000835367
0.000887967
0.000936913
0.000981829
0.00102242
0.00105845
0.00108979
0.00111635
0.00113815
0.00115532
0.00116803
0.0011766
0.00118136
0.00118269
0.00118094
0.00117638
0.00116935
0.0011602
0.00114933
0.00113701
0.00112359
0.00110914
0.00109401
0.00107785
0.00106125
0.00104313
0.00102499
0.00100403
0.000984328
0.000958393
0.000936424
0.000901964
3.48393e-05
3.04126e-05
2.72001e-05
2.49465e-05
2.37174e-05
2.36351e-05
2.46981e-05
2.67611e-05
2.95935e-05
3.31027e-05
3.7495e-05
4.34782e-05
5.22662e-05
6.55016e-05
8.47848e-05
0.000111255
0.00014516
0.000186115
0.000233203
0.000285418
0.000341733
0.000401166
0.000462749
0.000525478
0.000588116
0.000649756
0.000709854
0.000767796
0.000822994
0.000874937
0.000923175
0.000967323
0.00100708
0.00104222
0.0010726
0.00109815
0.0011189
0.00113496
0.00114657
0.00115401
0.00115768
0.00115796
0.00115524
0.00114985
0.00114217
0.00113259
0.00112155
0.00110934
0.00109633
0.0010826
0.00106848
0.00105367
0.00103868
0.00102254
0.00100656
0.00098817
0.000971134
0.000948292
0.000929263
0.000897632
3.48548e-05
3.04737e-05
2.73064e-05
2.50563e-05
2.37645e-05
2.35717e-05
2.45415e-05
2.66053e-05
2.95807e-05
3.33516e-05
3.80334e-05
4.41899e-05
5.2878e-05
6.56094e-05
8.39617e-05
0.000109168
0.000141667
0.000181223
0.000227026
0.000278092
0.000333388
0.000391907
0.000452659
0.000514619
0.000576488
0.000637437
0.000696843
0.000754078
0.000808546
0.000859724
0.000907156
0.00095045
0.000989301
0.00102348
0.00105284
0.00107733
0.00109698
0.00111192
0.00112239
0.00112871
0.00113127
0.0011305
0.00112682
0.00112061
0.0011123
0.00110231
0.00109109
0.001079
0.00106639
0.00105338
0.00104027
0.0010268
0.00101341
0.000999222
0.000985396
0.000969557
0.000955153
0.000935417
0.000919319
0.000890692
3.48674e-05
3.05261e-05
2.74005e-05
2.51564e-05
2.38058e-05
2.34936e-05
2.43331e-05
2.63292e-05
2.93611e-05
3.33173e-05
3.82474e-05
4.45836e-05
5.3223e-05
6.5529e-05
8.30197e-05
0.000106985
0.000138031
0.000176078
0.000220443
0.000270187
0.000324279
0.000381699
0.00044144
0.000502455
0.000563403
0.000623506
0.000682078
0.000738475
0.000792094
0.0008424
0.000888926
0.000931278
0.000969143
0.00100229
0.00103058
0.00105396
0.00107248
0.00108626
0.00109558
0.00110075
0.00110221
0.00110039
0.00109577
0.00108876
0.00107982
0.00106943
0.00105806
0.00104609
0.00103389
0.0010216
0.0010095
0.000997375
0.000985579
0.000973334
0.000961638
0.000948338
0.000936538
0.000919916
0.00090674
0.000881278
3.48776e-05
3.0571e-05
2.74838e-05
2.52485e-05
2.38449e-05
2.34111e-05
2.40945e-05
2.59639e-05
2.89665e-05
3.30185e-05
3.81313e-05
4.46256e-05
5.32438e-05
6.51893e-05
8.18897e-05
0.000104654
0.000134224
0.000170679
0.000213473
0.000261735
0.000314451
0.000370596
0.000429149
0.000489047
0.000548925
0.000608028
0.000665626
0.000721057
0.000773707
0.00082303
0.000868553
0.000909874
0.000946676
0.000978727
0.00100589
0.00102811
0.00104545
0.00105806
0.00106619
0.00107022
0.00107056
0.00106772
0.00106216
0.00105437
0.00104483
0.00103406
0.00102256
0.00101072
0.000998947
0.000987389
0.000976301
0.000965518
0.000955316
0.00094501
0.00093543
0.000924657
0.000915434
0.000901932
0.00089167
0.000869518
3.48859e-05
3.06095e-05
2.75577e-05
2.53333e-05
2.3884e-05
2.33319e-05
2.38437e-05
2.55397e-05
2.84342e-05
3.24864e-05
3.76969e-05
4.43005e-05
5.28974e-05
6.45275e-05
8.0503e-05
0.000102114
0.000130206
0.000165009
0.00020612
0.000252755
0.000303934
0.000358636
0.000415834
0.000474448
0.00053311
0.000591064
0.00064755
0.000701886
0.000753448
0.00080168
0.0008461
0.000886301
0.000921961
0.000952848
0.000978822
0.000999842
0.00101597
0.00102737
0.00103431
0.00103718
0.00103642
0.00103255
0.00102609
0.00101753
0.00100741
0.000996287
0.000984676
0.000973006
0.000961669
0.000950857
0.000940797
0.000931362
0.000922755
0.000914386
0.000906911
0.000898654
0.000891985
0.000881605
0.000874249
0.000855537
3.48925e-05
3.06426e-05
2.76232e-05
2.54118e-05
2.39244e-05
2.32615e-05
2.35957e-05
2.50848e-05
2.78031e-05
3.17616e-05
3.69724e-05
4.36124e-05
5.21597e-05
6.34948e-05
7.87975e-05
9.93067e-05
0.000125934
0.000159042
0.000198379
0.000243257
0.000292751
0.000345852
0.000401533
0.000458701
0.000516005
0.000572667
0.000627905
0.000681019
0.000731375
0.000778409
0.000821628
0.000860621
0.000895062
0.000924718
0.00094945
0.000969221
0.000984101
0.000994267
0.00100001
0.00100171
0.000999858
0.000994979
0.000987624
0.000978333
0.000967676
0.000956226
0.000944534
0.000933052
0.000922179
0.000912131
0.000903113
0.000895037
0.00088803
0.000881598
0.00087622
0.000870468
0.00086633
0.000859071
0.000854611
0.000839456
3.48978e-05
3.06711e-05
2.76813e-05
2.54844e-05
2.39667e-05
2.32031e-05
2.33616e-05
2.46231e-05
2.71115e-05
3.08906e-05
3.60001e-05
4.25857e-05
5.10282e-05
6.20616e-05
7.67242e-05
9.61765e-05
0.00012136
0.00015275
0.000190235
0.000233245
0.000280916
0.000332267
0.000386276
0.000441842
0.000497653
0.000552884
0.000606741
0.00065851
0.000707545
0.000753273
0.000795195
0.000832894
0.000866041
0.0008944
0.000917836
0.000936316
0.000949918
0.000958831
0.000963357
0.0009639
0.000960961
0.000955093
0.000946876
0.000936886
0.000925721
0.000913985
0.000902246
0.000890984
0.000880602
0.000871341
0.000863384
0.000856678
0.000851278
0.000846782
0.000843494
0.000840237
0.000838609
0.000834465
0.000832892
0.000821396
3.49021e-05
3.06958e-05
2.7733e-05
2.55516e-05
2.40108e-05
2.31584e-05
2.31491e-05
2.41743e-05
2.63946e-05
2.99218e-05
3.4832e-05
4.12624e-05
4.95234e-05
6.02211e-05
7.42533e-05
9.26816e-05
0.000116445
0.000146101
0.000181676
0.000222715
0.000268437
0.000317898
0.000370091
0.000423911
0.00047809
0.000531756
0.000584104
0.000634406
0.000682008
0.000726327
0.000766859
0.00080318
0.000834959
0.00086196
0.000884049
0.000901199
0.000913495
0.000921138
0.000924443
0.000923832
0.000919822
0.000912991
0.000903946
0.000893296
0.000881666
0.000869685
0.000857941
0.000846935
0.000837076
0.000828627
0.000821749
0.000816426
0.000812639
0.000810078
0.000808874
0.000808099
0.000808961
0.000807922
0.000809226
0.000801473
3.49056e-05
3.07171e-05
2.77789e-05
2.56137e-05
2.40564e-05
2.31275e-05
2.29629e-05
2.37531e-05
2.56824e-05
2.89018e-05
3.35258e-05
3.96991e-05
4.76871e-05
5.79916e-05
7.13782e-05
8.87989e-05
0.00011116
0.000139076
0.00017269
0.00021167
0.000255325
0.000302764
0.000352999
0.000404945
0.000457352
0.000509321
0.000560035
0.000608754
0.000654814
0.000697624
0.000736674
0.000771537
0.000801879
0.000827463
0.000848158
0.000863942
0.00087491
0.000881272
0.000883357
0.000881604
0.000876546
0.000868785
0.000858954
0.000847689
0.000835643
0.000823466
0.000811761
0.000801053
0.000791751
0.00078414
0.000778362
0.000774432
0.000772264
0.000771636
0.000772506
0.000774197
0.000777526
0.000779579
0.000783745
0.000779806
3.49083e-05
3.07356e-05
2.78198e-05
2.5671e-05
2.41029e-05
2.31098e-05
2.28052e-05
2.337e-05
2.49995e-05
2.78731e-05
3.21401e-05
3.79619e-05
4.55795e-05
5.54156e-05
6.81192e-05
8.45288e-05
0.000105496
0.000131666
0.000163276
0.000200117
0.000241596
0.000286885
0.000335029
0.000384971
0.000435471
0.000485617
0.000534577
0.0005816
0.000626013
0.000667219
0.000704701
0.000738029
0.000766868
0.000790981
0.000810239
0.000824629
0.000834251
0.000839327
0.000840201
0.000837325
0.000831252
0.000822602
0.000812032
0.000800208
0.000787802
0.000775484
0.000763871
0.000753504
0.000744796
0.000738051
0.00073339
0.000730861
0.000730313
0.000731611
0.000734543
0.00073868
0.000744452
0.000749574
0.000756586
0.000756514
3.49104e-05
3.07518e-05
2.78563e-05
2.57238e-05
2.41498e-05
2.31042e-05
2.26763e-05
2.3031e-05
2.4364e-05
2.68716e-05
3.07302e-05
3.61206e-05
4.32745e-05
5.2558e-05
6.45228e-05
7.98993e-05
9.94704e-05
0.000123883
0.000153453
0.000188081
0.00022728
0.000270295
0.000316215
0.000364023
0.000412487
0.000460685
0.000507773
0.000552992
0.000595658
0.000635168
0.000671
0.000702722
0.000729997
0.000752591
0.000770378
0.000783349
0.000791615
0.00079541
0.000795089
0.00079112
0.000784073
0.000774586
0.000763338
0.000751018
0.000738317
0.000725921
0.000714458
0.000704481
0.000696405
0.000690551
0.000687022
0.000685898
0.000686967
0.000690174
0.000695151
0.000701706
0.000709891
0.000718052
0.000727889
0.000731718
3.49122e-05
3.0766e-05
2.7889e-05
2.57724e-05
2.41965e-05
2.31091e-05
2.25749e-05
2.27388e-05
2.37882e-05
2.59254e-05
2.93448e-05
3.42437e-05
4.08528e-05
4.95002e-05
6.06606e-05
7.49666e-05
9.31255e-05
0.000115767
0.00014326
0.000175606
0.000212425
0.000253044
0.000296608
0.00034215
0.000388448
0.000434575
0.000479679
0.000522987
0.000563809
0.000601536
0.000635642
0.000665692
0.00069135
0.000712383
0.000728669
0.000740208
0.000747118
0.000749644
0.000748156
0.000743136
0.000735167
0.000724908
0.000713053
0.000700312
0.000687391
0.00067499
0.000663739
0.000654205
0.0006468
0.00064186
0.000639473
0.000639751
0.000642422
0.000647516
0.000654509
0.000663445
0.000674007
0.000685165
0.000697797
0.000705542
3.49135e-05
3.07786e-05
2.79183e-05
2.58172e-05
2.42425e-05
2.31226e-05
2.24988e-05
2.24933e-05
2.32791e-05
2.50551e-05
2.80236e-05
3.23931e-05
3.83956e-05
4.63338e-05
5.66232e-05
6.9813e-05
8.65345e-05
0.000107385
0.000132767
0.000162765
0.000197107
0.000235211
0.000276284
0.000319421
0.000363423
0.000407357
0.000450362
0.000491656
0.000530541
0.000566402
0.00059871
0.000627029
0.000651023
0.000670461
0.000685227
0.000695328
0.000700892
0.000702176
0.000699561
0.000693544
0.000684723
0.000673769
0.000661393
0.00064832
0.000635268
0.000622941
0.000611973
0.000602937
0.000596241
0.000592235
0.000590993
0.000592656
0.000596905
0.000603847
0.000612817
0.000624082
0.000636973
0.000651074
0.000666465
0.000678117
3.49145e-05
3.07897e-05
2.79447e-05
2.58584e-05
2.42874e-05
2.31431e-05
2.24451e-05
2.22925e-05
2.28392e-05
2.42734e-05
2.67969e-05
3.06214e-05
3.59785e-05
4.31525e-05
5.25137e-05
6.45419e-05
7.97971e-05
9.88349e-05
0.000122072
0.000149664
0.000181436
0.000216905
0.000255352
0.000295939
0.00033751
0.000379125
0.000419915
0.000459092
0.000495949
0.000529865
0.000560309
0.000586844
0.000609133
0.000626952
0.000640189
0.000648859
0.0006531
0.000653181
0.000649496
0.000642554
0.000632965
0.000621412
0.000608618
0.000595318
0.000582234
0.000570074
0.000559467
0.000550986
0.000545037
0.000541977
0.000541871
0.00054489
0.000550676
0.000559408
0.000570299
0.000583822
0.000598983
0.000615954
0.000634054
0.000649579
3.49154e-05
3.07997e-05
2.79686e-05
2.58964e-05
2.43309e-05
2.3169e-05
2.24108e-05
2.21326e-05
2.24673e-05
2.35869e-05
2.56847e-05
2.8969e-05
3.36663e-05
4.00447e-05
4.84384e-05
5.92699e-05
7.30345e-05
9.02421e-05
0.000111309
0.000136442
0.00016556
0.000198277
0.000233962
0.000271842
0.000310843
0.000350008
0.000388465
0.000425418
0.000460156
0.000492052
0.00052057
0.000545274
0.000565829
0.000582014
0.000593724
0.000600983
0.00060394
0.000602875
0.000598194
0.000590418
0.000580166
0.000568131
0.000555041
0.000541637
0.000528638
0.000516747
0.000506585
0.00049872
0.000493549
0.000491438
0.000492447
0.000496773
0.000504033
0.000514476
0.000527207
0.000542897
0.000560249
0.000579995
0.000600738
0.000620074
3.4916e-05
3.08087e-05
2.79904e-05
2.59314e-05
2.43726e-05
2.31989e-05
2.23928e-05
2.20095e-05
2.21598e-05
2.29964e-05
2.46984e-05
2.74641e-05
3.15102e-05
3.70872e-05
4.44982e-05
5.41166e-05
6.63805e-05
8.17521e-05
0.000100635
0.000123274
0.000149666
0.000179525
0.000212314
0.000247318
0.000283611
0.000320185
0.000356183
0.000390804
0.000423331
0.000453131
0.000479667
0.000502499
0.000521298
0.000535845
0.000546045
0.000551929
0.000553658
0.000551524
0.000545943
0.000537447
0.000526662
0.000514285
0.000501044
0.000487677
0.000474896
0.00046339
0.000453765
0.000446576
0.00044221
0.000441039
0.00044312
0.000448681
0.000457326
0.000469369
0.000483835
0.000501568
0.000521008
0.000543407
0.000566706
0.000589756
3.49165e-05
3.08168e-05
2.80102e-05
2.59638e-05
2.44125e-05
2.32315e-05
2.23881e-05
2.19182e-05
2.19112e-05
2.24985e-05
2.38414e-05
2.61231e-05
2.95459e-05
3.43405e-05
4.07801e-05
4.91946e-05
5.99698e-05
7.35206e-05
9.02292e-05
0.000110361
0.000133977
0.00016089
0.000190658
0.000222645
0.000256063
0.000289898
0.000323302
0.000355475
0.000385695
0.000413325
0.000437823
0.000458752
0.000475781
0.000488701
0.000497422
0.000501985
0.000502564
0.00049946
0.000493101
0.000484025
0.000472863
0.000460309
0.000447087
0.000433922
0.00042151
0.000410517
0.000401525
0.000395072
0.00039153
0.000391272
0.000394361
0.000401055
0.000410961
0.000424457
0.000440514
0.000460132
0.000481526
0.000506422
0.000532167
0.000558793
3.49169e-05
3.08244e-05
2.80286e-05
2.59938e-05
2.44506e-05
2.32658e-05
2.23942e-05
2.18542e-05
2.17151e-05
2.2087e-05
2.31111e-05
2.49521e-05
2.77944e-05
3.18468e-05
3.73522e-05
4.45999e-05
5.39267e-05
6.57001e-05
8.02732e-05
9.79175e-05
0.000118746
0.000142653
0.000169299
0.000198138
0.000228517
0.000259457
0.000290125
0.00031973
0.000347543
0.000372927
0.000395336
0.000414333
0.000429592
0.000440906
0.000448197
0.000451515
0.000451044
0.000447097
0.000440109
0.000430623
0.00041927
0.000406735
0.000393727
0.000380952
0.000369077
0.000358736
0.000350479
0.000344815
0.000342103
0.000342711
0.000346716
0.000354405
0.000365409
0.000380167
0.00039763
0.000418928
0.000442105
0.000469299
0.000497346
0.000527366
3.49172e-05
3.08314e-05
2.80455e-05
2.60217e-05
2.44868e-05
2.33011e-05
2.24085e-05
2.18127e-05
2.15646e-05
2.17537e-05
2.25003e-05
2.39489e-05
2.62637e-05
2.963e-05
3.42604e-05
4.04051e-05
4.83538e-05
5.84263e-05
7.09405e-05
8.61608e-05
0.000104232
0.000125122
0.000148583
0.00017417
0.000201362
0.000229254
0.000257044
0.000283952
0.000309256
0.000332317
0.000352588
0.000369633
0.000383129
0.000392878
0.000398806
0.000400977
0.000399584
0.000394948
0.000387513
0.00037782
0.000366492
0.000354201
0.000341629
0.000329451
0.000318295
0.000308752
0.00030133
0.000296503
0.00029461
0.000296014
0.00030081
0.000309316
0.000321212
0.00033699
0.000355621
0.000378342
0.000403083
0.00043233
0.000462493
0.000495671
3.49174e-05
3.08379e-05
2.80614e-05
2.60477e-05
2.45211e-05
2.33365e-05
2.24291e-05
2.17897e-05
2.14529e-05
2.14893e-05
2.19987e-05
2.3105e-05
2.49509e-05
2.76977e-05
3.15287e-05
3.66559e-05
4.33243e-05
5.18055e-05
6.23774e-05
7.5285e-05
9.06881e-05
0.000108606
0.000128879
0.000151156
0.00017505
0.00019976
0.000224535
0.000248624
0.000271317
0.000291979
0.000310068
0.000325149
0.000336904
0.000345141
0.000349797
0.000350944
0.000348784
0.000343648
0.000335977
0.000326311
0.000315255
0.000303456
0.000291563
0.000280203
0.000269956
0.000261357
0.000254864
0.000250908
0.000249805
0.000251908
0.000257337
0.000266443
0.000278973
0.000295474
0.000314982
0.000338808
0.000364841
0.000395835
0.000427884
0.000463922
3.49176e-05
3.08442e-05
2.80763e-05
2.60722e-05
2.45537e-05
2.33718e-05
2.24543e-05
2.17814e-05
2.13737e-05
2.12845e-05
2.15946e-05
2.24075e-05
2.38448e-05
2.60443e-05
2.91611e-05
3.3372e-05
3.8879e-05
4.59071e-05
5.46903e-05
6.5445e-05
7.83285e-05
9.33938e-05
0.000110547
0.000129531
0.000150072
0.00017151
0.000193163
0.000214325
0.000234315
0.000252513
0.000268384
0.0002815
0.000291551
0.00029835
0.000301846
0.000302118
0.000299376
0.000293954
0.00028629
0.00027691
0.000266395
0.000255354
0.000244389
0.00023407
0.000224915
0.000217394
0.000211908
0.000208839
0.000208473
0.000211154
0.00021703
0.000226482
0.000239347
0.000256224
0.000276256
0.000300809
0.0003278
0.00036017
0.000393817
0.000432347
3.49177e-05
3.08501e-05
2.80905e-05
2.60952e-05
2.45847e-05
2.34065e-05
2.24827e-05
2.17848e-05
2.13211e-05
2.113e-05
2.12751e-05
2.18409e-05
2.29287e-05
2.4654e-05
2.7146e-05
3.05494e-05
3.50271e-05
4.07598e-05
4.79373e-05
5.67405e-05
6.7311e-05
7.97149e-05
9.39054e-05
0.0001097
0.000126925
0.000145072
0.000163549
0.000181717
0.00019894
0.000214627
0.000228263
0.000239431
0.000247831
0.000253289
0.000255759
0.00025533
0.000252216
0.000246747
0.00023935
0.000230529
0.000220827
0.000210807
0.000201007
0.000191931
0.000184025
0.000177689
0.00017326
0.000171067
0.000171368
0.000174487
0.000180605
0.000190129
0.000203
0.000219866
0.000240022
0.00026486
0.000292413
0.000325722
0.000360619
0.000401193
3.49179e-05
3.08559e-05
2.81041e-05
2.61172e-05
2.46142e-05
2.34404e-05
2.25133e-05
2.1797e-05
2.12899e-05
2.10174e-05
2.1028e-05
2.13889e-05
2.21826e-05
2.35044e-05
2.54599e-05
2.81658e-05
3.17507e-05
3.63553e-05
4.21273e-05
4.92095e-05
5.77186e-05
6.7718e-05
7.91869e-05
9.19988e-05
0.000106052
0.000120988
0.00013632
0.000151494
0.000165939
0.000179111
0.000190526
0.00019979
0.00020662
0.000210853
0.000212455
0.000211517
0.000208253
0.000202984
0.000196114
0.000188113
0.000179477
0.000170704
0.000162265
0.000154586
0.000148036
0.000142943
0.000139583
0.000138227
0.000139106
0.000142522
0.000148681
0.000158007
0.000170555
0.000187009
0.000206858
0.000231497
0.00025916
0.000292904
0.000328637
0.000370797
3.4918e-05
3.08616e-05
2.81172e-05
2.61381e-05
2.46425e-05
2.34735e-05
2.25453e-05
2.1816e-05
2.12757e-05
2.09391e-05
2.08415e-05
2.10348e-05
2.15851e-05
2.2569e-05
2.40718e-05
2.61861e-05
2.90116e-05
3.26546e-05
3.72254e-05
4.28301e-05
4.95566e-05
5.74545e-05
6.65126e-05
7.66392e-05
8.77781e-05
9.97032e-05
0.000112032
0.00012431
0.000136048
0.000146764
0.000156024
0.000163469
0.00016884
0.00017199
0.000172894
0.000171646
0.000168452
0.000163612
0.0001575
0.000150537
0.000143159
0.000135793
0.000128833
0.000122626
0.000117468
0.000113615
0.000111286
0.000110703
0.000112066
0.00011565
0.000121679
0.00013058
0.000142511
0.000158182
0.000177299
0.000201243
0.000228525
0.000262146
0.000298242
0.000341457
3.49181e-05
3.08672e-05
2.813e-05
2.61584e-05
2.46696e-05
2.35057e-05
2.25779e-05
2.18399e-05
2.12748e-05
2.08884e-05
2.07048e-05
2.07632e-05
2.11147e-05
2.18202e-05
2.29471e-05
2.45678e-05
2.67584e-05
2.95975e-05
3.31638e-05
3.75313e-05
4.27596e-05
4.88803e-05
5.58802e-05
6.36869e-05
7.22667e-05
8.14938e-05
9.10825e-05
0.000100677
0.000109879
0.000118288
0.000125529
0.000131292
0.00013535
0.000137578
0.000137961
0.00013659
0.000133656
0.000129429
0.000124241
0.000118452
0.000112432
0.000106532
0.000101068
9.63135e-05
9.24961e-05
8.98139e-05
8.84367e-05
8.8542e-05
9.03023e-05
9.39609e-05
9.97465e-05
0.000108071
0.000119176
0.000133773
0.00015179
0.00017457
0.000200979
0.00023389
0.000269824
0.000313488
3.49183e-05
3.08729e-05
2.81425e-05
2.6178e-05
2.46958e-05
2.3537e-05
2.26108e-05
2.18672e-05
2.1284e-05
2.08595e-05
2.06086e-05
2.05596e-05
2.07512e-05
2.12304e-05
2.20497e-05
2.32649e-05
2.49332e-05
2.71114e-05
2.98536e-05
3.32078e-05
3.72094e-05
4.18721e-05
4.71763e-05
5.30585e-05
5.94929e-05
6.64193e-05
7.36318e-05
8.08644e-05
8.7811e-05
9.41531e-05
9.95892e-05
0.000103864
0.000106793
0.000108275
0.000108304
0.000106965
0.000104426
0.000100921
9.67281e-05
9.21457e-05
8.74714e-05
8.29833e-05
7.89268e-05
7.55115e-05
7.29111e-05
7.12763e-05
7.074e-05
7.14446e-05
7.35375e-05
7.72282e-05
8.27357e-05
9.04379e-05
0.000100625
0.000113983
0.000130637
0.000151874
0.000176955
0.000208573
0.000243788
0.000287232
3.49184e-05
3.08785e-05
2.8155e-05
2.61972e-05
2.47212e-05
2.35675e-05
2.26438e-05
2.18971e-05
2.13009e-05
2.08477e-05
2.05449e-05
2.04114e-05
2.04759e-05
2.07737e-05
2.13448e-05
2.22316e-05
2.34763e-05
2.51192e-05
2.71962e-05
2.9736e-05
3.27555e-05
3.62539e-05
4.0205e-05
4.45502e-05
4.92642e-05
5.43238e-05
5.9583e-05
6.48502e-05
6.99006e-05
7.44956e-05
7.84061e-05
8.14363e-05
8.34444e-05
8.43569e-05
8.41756e-05
8.2976e-05
8.08993e-05
7.8137e-05
7.49125e-05
7.14621e-05
6.80172e-05
6.47916e-05
6.19721e-05
5.97183e-05
5.81637e-05
5.74262e-05
5.76135e-05
5.88429e-05
6.12398e-05
6.49791e-05
7.0257e-05
7.73991e-05
8.67093e-05
9.88123e-05
0.00011399
0.000133437
0.000156827
0.000186619
0.000220555
0.000263056
3.49186e-05
3.08843e-05
2.81674e-05
2.62161e-05
2.4746e-05
2.35974e-05
2.26765e-05
2.19286e-05
2.13235e-05
2.08491e-05
2.05066e-05
2.03078e-05
2.02725e-05
2.04267e-05
2.08002e-05
2.14244e-05
2.23301e-05
2.35453e-05
2.5093e-05
2.69884e-05
2.92359e-05
3.1825e-05
3.47253e-05
3.78824e-05
4.12705e-05
4.48831e-05
4.8617e-05
5.23374e-05
5.58852e-05
5.90905e-05
6.1789e-05
6.38404e-05
6.51441e-05
6.56511e-05
6.53699e-05
6.43649e-05
6.27495e-05
6.06741e-05
5.83117e-05
5.58428e-05
5.34435e-05
5.12757e-05
4.94822e-05
4.81872e-05
4.74981e-05
4.75138e-05
4.83276e-05
5.00398e-05
5.27568e-05
5.66179e-05
6.17854e-05
6.85205e-05
7.71074e-05
8.80818e-05
0.000101824
0.0001194
0.000140867
0.000168401
0.000200532
0.000241342
3.49188e-05
3.08902e-05
2.81799e-05
2.62348e-05
2.47705e-05
2.36266e-05
2.27091e-05
2.19612e-05
2.13504e-05
2.08606e-05
2.04883e-05
2.02393e-05
2.01266e-05
2.01685e-05
2.03866e-05
2.08035e-05
2.14413e-05
2.23191e-05
2.34507e-05
2.48429e-05
2.64925e-05
2.83837e-05
3.04853e-05
3.27479e-05
3.51468e-05
3.76807e-05
4.02762e-05
4.28392e-05
4.52606e-05
4.74239e-05
4.92174e-05
5.05466e-05
5.13456e-05
5.15858e-05
5.12801e-05
5.0482e-05
4.92802e-05
4.77894e-05
4.61404e-05
4.44696e-05
4.291e-05
4.15861e-05
4.06109e-05
4.00873e-05
4.01099e-05
4.07697e-05
4.21543e-05
4.4351e-05
4.74465e-05
5.1543e-05
5.67618e-05
6.32943e-05
7.13824e-05
8.14547e-05
9.39328e-05
0.00010972
0.00012919
0.000154188
0.000184068
0.000222458
3.49191e-05
3.08963e-05
2.81926e-05
2.62536e-05
2.47947e-05
2.36555e-05
2.27414e-05
2.19945e-05
2.13802e-05
2.08797e-05
2.04854e-05
2.01985e-05
2.00265e-05
1.99815e-05
2.00787e-05
2.03339e-05
2.07624e-05
2.13769e-05
2.21852e-05
2.31889e-05
2.43808e-05
2.57435e-05
2.72474e-05
2.88496e-05
3.05282e-05
3.2282e-05
3.40579e-05
3.57909e-05
3.74069e-05
3.88287e-05
3.99835e-05
4.0811e-05
4.12716e-05
4.13518e-05
4.10672e-05
4.04618e-05
3.96042e-05
3.85819e-05
3.74937e-05
3.64436e-05
3.5535e-05
3.48683e-05
3.454e-05
3.46449e-05
3.52759e-05
3.65238e-05
3.84719e-05
4.11942e-05
4.47539e-05
4.92153e-05
5.46558e-05
6.11984e-05
6.90311e-05
7.84716e-05
8.99357e-05
0.000104144
0.000121694
0.000144062
0.000171378
0.000206711
3.49193e-05
3.09026e-05
2.82055e-05
2.62725e-05
2.48188e-05
2.36842e-05
2.27735e-05
2.20282e-05
2.14122e-05
2.09044e-05
2.04941e-05
2.0179e-05
1.99621e-05
1.98507e-05
1.98549e-05
1.99853e-05
2.02522e-05
2.06635e-05
2.12231e-05
2.19297e-05
2.27746e-05
2.3741e-05
2.48027e-05
2.59238e-05
2.70862e-05
2.82873e-05
2.94884e-05
3.06444e-05
3.17055e-05
3.26214e-05
3.33461e-05
3.38433e-05
3.40915e-05
3.40872e-05
3.38476e-05
3.34093e-05
3.28266e-05
3.21674e-05
3.15086e-05
3.09332e-05
3.05269e-05
3.03786e-05
3.05811e-05
3.12312e-05
3.24266e-05
3.42585e-05
3.68026e-05
4.01149e-05
4.42326e-05
4.91821e-05
5.49981e-05
6.17403e-05
6.95395e-05
7.86089e-05
8.93279e-05
0.000102234
0.000118051
0.000137897
0.000162475
0.000194275
3.49197e-05
3.09093e-05
2.82188e-05
2.62917e-05
2.4843e-05
2.37127e-05
2.28055e-05
2.20623e-05
2.14458e-05
2.09332e-05
2.05117e-05
2.01758e-05
1.99253e-05
1.97638e-05
1.96972e-05
1.97324e-05
1.98756e-05
2.01316e-05
2.05019e-05
2.09833e-05
2.15674e-05
2.2239e-05
2.2976e-05
2.37492e-05
2.45451e-05
2.53593e-05
2.61637e-05
2.69266e-05
2.76147e-05
2.81957e-05
2.86412e-05
2.89308e-05
2.90544e-05
2.90154e-05
2.88315e-05
2.85344e-05
2.81687e-05
2.779e-05
2.74622e-05
2.72569e-05
2.72536e-05
2.75411e-05
2.82181e-05
2.93893e-05
3.11563e-05
3.36058e-05
3.68008e-05
4.07757e-05
4.55399e-05
5.10836e-05
5.73997e-05
6.44916e-05
7.2434e-05
8.13479e-05
9.15614e-05
0.000103443
0.000117767
0.0001353
0.00015715
0.000185147
3.492e-05
3.09162e-05
2.82326e-05
2.63112e-05
2.48675e-05
2.37414e-05
2.28376e-05
2.20967e-05
2.14806e-05
2.09652e-05
2.05359e-05
2.0185e-05
1.99097e-05
1.97107e-05
1.95909e-05
1.9554e-05
1.96036e-05
1.97421e-05
1.99693e-05
2.02816e-05
2.0671e-05
2.11247e-05
2.16246e-05
2.21475e-05
2.2684e-05
2.32288e-05
2.37611e-05
2.4259e-05
2.46999e-05
2.50633e-05
2.53325e-05
2.54967e-05
2.55538e-05
2.55111e-05
2.53868e-05
2.52099e-05
2.50197e-05
2.48651e-05
2.48046e-05
2.4908e-05
2.52582e-05
2.5953e-05
2.71017e-05
2.88158e-05
3.11956e-05
3.4318e-05
3.82285e-05
4.29378e-05
4.84264e-05
5.46485e-05
6.15564e-05
6.91026e-05
7.731e-05
8.62224e-05
9.61131e-05
0.000107207
0.00012027
0.000135735
0.000155001
0.000179134
3.49205e-05
3.09235e-05
2.82468e-05
2.63313e-05
2.48924e-05
2.37703e-05
2.28699e-05
2.21314e-05
2.15162e-05
2.09994e-05
2.05649e-05
2.02034e-05
1.991e-05
1.96834e-05
1.95238e-05
1.9433e-05
1.94124e-05
1.94627e-05
1.95828e-05
1.97688e-05
2.00139e-05
2.03074e-05
2.06348e-05
2.09779e-05
2.1331e-05
2.16881e-05
2.20342e-05
2.23536e-05
2.26316e-05
2.28553e-05
2.30154e-05
2.31079e-05
2.31354e-05
2.31083e-05
2.30458e-05
2.29759e-05
2.29361e-05
2.29742e-05
2.31505e-05
2.3541e-05
2.42401e-05
2.53588e-05
2.70159e-05
2.93245e-05
3.2378e-05
3.62387e-05
4.0932e-05
4.64423e-05
5.27188e-05
5.9679e-05
6.7235e-05
7.52941e-05
8.38331e-05
9.28337e-05
0.000102518
0.000112996
0.000124991
0.000138618
0.00015549
0.000175881
3.4921e-05
3.09313e-05
2.82616e-05
2.63519e-05
2.49177e-05
2.37995e-05
2.29023e-05
2.21663e-05
2.15525e-05
2.10351e-05
2.05974e-05
2.02285e-05
1.99222e-05
1.96753e-05
1.94865e-05
1.93556e-05
1.92828e-05
1.92674e-05
1.93078e-05
1.94004e-05
1.9539e-05
1.97151e-05
1.99173e-05
2.01311e-05
2.03545e-05
2.05807e-05
2.07987e-05
2.09979e-05
2.11687e-05
2.13036e-05
2.13985e-05
2.1454e-05
2.14763e-05
2.14785e-05
2.14813e-05
2.15138e-05
2.16154e-05
2.18381e-05
2.22506e-05
2.29422e-05
2.40223e-05
2.56143e-05
2.78415e-05
3.08133e-05
3.46114e-05
3.92801e-05
4.48208e-05
5.11884e-05
5.82973e-05
6.60272e-05
7.42512e-05
8.28368e-05
9.17221e-05
0.000100842
0.000110376
0.000120345
0.000131403
0.000143376
0.000158053
0.000174935
3.49215e-05
3.09395e-05
2.82771e-05
2.63732e-05
2.49437e-05
2.38292e-05
2.2935e-05
2.22014e-05
2.15891e-05
2.10719e-05
2.06322e-05
2.02584e-05
1.99429e-05
1.96814e-05
1.94711e-05
1.93108e-05
1.91993e-05
1.91354e-05
1.91169e-05
1.91405e-05
1.9201e-05
1.92915e-05
1.9403e-05
1.9524e-05
1.96554e-05
1.97897e-05
1.99196e-05
2.00378e-05
2.01387e-05
2.02188e-05
2.02779e-05
2.03202e-05
2.03552e-05
2.03987e-05
2.04742e-05
2.06143e-05
2.08641e-05
2.12853e-05
2.19609e-05
2.29969e-05
2.45176e-05
2.66537e-05
2.9528e-05
3.32407e-05
3.78581e-05
4.34023e-05
4.98462e-05
5.71103e-05
6.50712e-05
7.35703e-05
8.24445e-05
9.1528e-05
0.000100729
0.000109949
0.000119335
0.000128838
0.000139014
0.000149489
0.000162148
0.000175806
3.49222e-05
3.09482e-05
2.82933e-05
2.63953e-05
2.49702e-05
2.38592e-05
2.29679e-05
2.22366e-05
2.16258e-05
2.11091e-05
2.06684e-05
2.02912e-05
1.99693e-05
1.96972e-05
1.94714e-05
1.92895e-05
1.91496e-05
1.905e-05
1.89882e-05
1.89611e-05
1.89645e-05
1.89925e-05
1.90385e-05
1.90938e-05
1.91592e-05
1.92291e-05
1.92984e-05
1.93628e-05
1.94197e-05
1.9469e-05
1.95138e-05
1.95616e-05
1.96251e-05
1.97237e-05
1.98852e-05
2.01489e-05
2.05701e-05
2.12254e-05
2.22155e-05
2.36629e-05
2.57022e-05
2.84665e-05
3.20722e-05
3.66065e-05
4.21152e-05
4.85931e-05
5.59786e-05
6.41537e-05
7.29553e-05
8.21882e-05
9.16577e-05
0.000101173
0.000110622
0.000119884
0.000129086
0.000138087
0.000147409
0.000156494
0.000167282
0.000178004
3.49229e-05
3.09574e-05
2.83101e-05
2.64179e-05
2.49971e-05
2.38894e-05
2.30007e-05
2.22714e-05
2.16621e-05
2.1146e-05
2.07047e-05
2.03253e-05
1.99989e-05
1.97193e-05
1.94822e-05
1.92845e-05
1.91239e-05
1.8998e-05
1.89045e-05
1.88403e-05
1.88019e-05
1.87847e-05
1.87833e-05
1.87919e-05
1.88107e-05
1.88359e-05
1.88647e-05
1.88953e-05
1.89279e-05
1.89653e-05
1.90137e-05
1.90841e-05
1.91931e-05
1.93649e-05
1.96341e-05
2.00504e-05
2.06842e-05
2.163e-05
2.30066e-05
2.49491e-05
2.7597e-05
3.10797e-05
3.55029e-05
4.09353e-05
4.73965e-05
5.48474e-05
6.31869e-05
7.22556e-05
8.18516e-05
9.17472e-05
0.000101724
0.000111573
0.000121173
0.000130392
0.000139345
0.000147771
0.000156228
0.00016399
0.000173017
0.000181075
3.49238e-05
3.09672e-05
2.83276e-05
2.64411e-05
2.50243e-05
2.39195e-05
2.30329e-05
2.23052e-05
2.16969e-05
2.11814e-05
2.07398e-05
2.03588e-05
2.00292e-05
1.97441e-05
1.94988e-05
1.92896e-05
1.91138e-05
1.89688e-05
1.8852e-05
1.87609e-05
1.86922e-05
1.86422e-05
1.8607e-05
1.85828e-05
1.85696e-05
1.85656e-05
1.85698e-05
1.85829e-05
1.86077e-05
1.86501e-05
1.87198e-05
1.88315e-05
1.90067e-05
1.92767e-05
1.96863e-05
2.03e-05
2.12062e-05
2.25182e-05
2.4369e-05
2.6901e-05
3.02523e-05
3.45438e-05
3.98647e-05
4.62591e-05
5.37134e-05
6.21486e-05
7.14205e-05
8.13286e-05
9.16362e-05
0.00010209
0.000112457
0.000122519
0.000132153
0.000141227
0.000149825
0.000157598
0.000165156
0.000171626
0.000178969
0.000184603
3.49246e-05
3.09774e-05
2.83456e-05
2.64643e-05
2.5051e-05
2.39484e-05
2.30634e-05
2.23367e-05
2.17291e-05
2.12138e-05
2.07718e-05
2.03896e-05
2.00576e-05
1.97685e-05
1.95172e-05
1.92996e-05
1.91127e-05
1.89538e-05
1.88203e-05
1.87097e-05
1.86194e-05
1.85464e-05
1.84879e-05
1.84418e-05
1.84087e-05
1.83883e-05
1.83819e-05
1.83926e-05
1.8426e-05
1.84911e-05
1.86016e-05
1.8777e-05
1.90457e-05
1.94491e-05
2.00464e-05
2.09197e-05
2.21763e-05
2.39449e-05
2.63674e-05
2.95869e-05
3.37351e-05
3.89181e-05
4.52023e-05
5.25997e-05
6.1057e-05
7.04513e-05
8.05948e-05
9.12501e-05
0.000102153
0.000113034
0.000123652
0.000133791
0.000143332
0.000152148
0.000160253
0.0001673
0.000173909
0.000179092
0.000184797
0.000188218
3.49256e-05
3.0988e-05
2.83636e-05
2.6487e-05
2.50762e-05
2.3975e-05
2.30906e-05
2.23641e-05
2.17565e-05
2.12409e-05
2.07983e-05
2.0415e-05
2.00811e-05
1.9789e-05
1.95334e-05
1.93098e-05
1.91151e-05
1.89464e-05
1.88012e-05
1.86773e-05
1.85724e-05
1.84844e-05
1.84114e-05
1.83534e-05
1.83114e-05
1.82872e-05
1.82843e-05
1.83084e-05
1.83681e-05
1.84762e-05
1.86512e-05
1.89193e-05
1.93189e-05
1.99049e-05
2.07538e-05
2.19663e-05
2.36656e-05
2.59902e-05
2.90844e-05
3.30865e-05
3.81152e-05
4.42556e-05
5.15434e-05
5.99517e-05
6.93829e-05
7.96691e-05
9.05835e-05
0.000101859
0.000113213
0.000124369
0.000135088
0.00014516
0.000154476
0.000162899
0.000170389
0.000176629
0.000182229
0.000186111
0.0001902
0.000191587
3.49265e-05
3.09986e-05
2.83809e-05
2.65078e-05
2.50983e-05
2.3997e-05
2.31118e-05
2.23845e-05
2.17761e-05
2.12596e-05
2.08162e-05
2.04318e-05
2.00964e-05
1.98023e-05
1.95437e-05
1.93163e-05
1.91166e-05
1.89417e-05
1.87894e-05
1.86576e-05
1.85447e-05
1.84491e-05
1.83705e-05
1.83106e-05
1.82715e-05
1.82573e-05
1.82736e-05
1.83292e-05
1.84362e-05
1.86123e-05
1.88824e-05
1.92824e-05
1.98637e-05
2.06979e-05
2.18793e-05
2.35243e-05
2.57664e-05
2.87477e-05
3.26088e-05
3.74765e-05
4.34503e-05
5.05861e-05
5.88821e-05
6.82673e-05
7.85988e-05
8.96678e-05
0.000101216
0.000112955
0.000124597
0.000135865
0.000146529
0.000156389
0.00016535
0.000173227
0.000180003
0.000185351
0.000189875
0.000192429
0.000194903
0.000194413
3.49272e-05
3.10086e-05
2.83963e-05
2.65248e-05
2.51143e-05
2.40109e-05
2.31234e-05
2.23939e-05
2.17836e-05
2.12658e-05
2.08213e-05
2.04362e-05
2.01e-05
1.9805e-05
1.95453e-05
1.93164e-05
1.91147e-05
1.89376e-05
1.87829e-05
1.86491e-05
1.8535e-05
1.84402e-05
1.8366e-05
1.83157e-05
1.82934e-05
1.83052e-05
1.83595e-05
1.84685e-05
1.86493e-05
1.89257e-05
1.9332e-05
1.99167e-05
2.0747e-05
2.19111e-05
2.35186e-05
2.5696e-05
2.85809e-05
3.23124e-05
3.70212e-05
4.28159e-05
4.97687e-05
5.78996e-05
6.71638e-05
7.74453e-05
8.85593e-05
0.000100264
0.000112279
0.000124308
0.000136064
0.000147278
0.000157734
0.000167241
0.000175725
0.00018291
0.000188873
0.000193244
0.00019662
0.000197808
0.000198653
0.000196425
3.49274e-05
3.10171e-05
2.84077e-05
2.65346e-05
2.51201e-05
2.40118e-05
2.31198e-05
2.23866e-05
2.17738e-05
2.12544e-05
2.08092e-05
2.04241e-05
2.00886e-05
1.97946e-05
1.95363e-05
1.93091e-05
1.91095e-05
1.89351e-05
1.8784e-05
1.86553e-05
1.85486e-05
1.84647e-05
1.84072e-05
1.83811e-05
1.83925e-05
1.845e-05
1.85657e-05
1.87562e-05
1.90449e-05
1.94649e-05
2.00625e-05
2.09008e-05
2.20626e-05
2.365e-05
2.57821e-05
2.85896e-05
3.22075e-05
3.67657e-05
4.2378e-05
4.91276e-05
5.70523e-05
6.6131e-05
7.62748e-05
8.7326e-05
9.90657e-05
0.000111229
0.000123527
0.000135663
0.000147358
0.000158357
0.000168457
0.000177478
0.000185332
0.000191727
0.000196781
0.000200092
0.000202247
0.000202027
0.000201215
0.000197375
3.49267e-05
3.10222e-05
2.84116e-05
2.65322e-05
2.51092e-05
2.39927e-05
2.30938e-05
2.23557e-05
2.17399e-05
2.12195e-05
2.07751e-05
2.03921e-05
2.006e-05
1.97705e-05
1.95177e-05
1.92971e-05
1.91055e-05
1.89406e-05
1.88012e-05
1.8687e-05
1.85988e-05
1.85388e-05
1.85139e-05
1.85303e-05
1.85966e-05
1.8725e-05
1.8932e-05
1.92408e-05
1.96834e-05
2.03045e-05
2.11637e-05
2.23385e-05
2.39238e-05
2.60305e-05
2.87809e-05
3.23034e-05
3.67242e-05
4.21575e-05
4.8693e-05
5.63816e-05
6.5222e-05
7.51509e-05
8.60387e-05
9.76936e-05
0.000109873
0.000122302
0.00013469
0.00014675
0.000158217
0.000168848
0.000178453
0.000186867
0.000193952
0.000199459
0.000203515
0.000205686
0.000206541
0.00020487
0.000202367
0.000197033
3.49241e-05
3.1021e-05
2.84026e-05
2.651e-05
2.50729e-05
2.39439e-05
2.30359e-05
2.22923e-05
2.16747e-05
2.11556e-05
2.07151e-05
2.03385e-05
2.00146e-05
1.97354e-05
1.94946e-05
1.92881e-05
1.91128e-05
1.89671e-05
1.88505e-05
1.87636e-05
1.87085e-05
1.86899e-05
1.87178e-05
1.87999e-05
1.89485e-05
1.91803e-05
1.95183e-05
1.99941e-05
2.06506e-05
2.15445e-05
2.2748e-05
2.4349e-05
2.64495e-05
2.9163e-05
3.26091e-05
3.69077e-05
4.21699e-05
4.84873e-05
5.59191e-05
6.44799e-05
7.41285e-05
8.47626e-05
9.62195e-05
0.000108284
0.000120702
0.000133196
0.000145485
0.000157295
0.000168376
0.000178497
0.000187482
0.000195158
0.000201366
0.000205895
0.000208866
0.000209816
0.000209295
0.000206128
0.000201898
0.000195187
3.49181e-05
3.10088e-05
2.83724e-05
2.64571e-05
2.49986e-05
2.38532e-05
2.29349e-05
2.21872e-05
2.15711e-05
2.10583e-05
2.0628e-05
2.02648e-05
1.99574e-05
1.96973e-05
1.94785e-05
1.92968e-05
1.91499e-05
1.90368e-05
1.89578e-05
1.89151e-05
1.89123e-05
1.89584e-05
1.90645e-05
1.92424e-05
1.95089e-05
1.9887e-05
2.04078e-05
2.11129e-05
2.20558e-05
2.33036e-05
2.49372e-05
2.70497e-05
2.97447e-05
3.31324e-05
3.73239e-05
4.24245e-05
4.85239e-05
5.56856e-05
6.39349e-05
7.32494e-05
8.35515e-05
9.47076e-05
0.000106532
0.000118797
0.000131247
0.000143612
0.000155625
0.000167024
0.000177576
0.000187058
0.000195304
0.000202113
0.000207357
0.000210819
0.000212622
0.000212273
0.000210301
0.0002056
0.00019961
0.000191639
3.49061e-05
3.09777e-05
2.83085e-05
2.63581e-05
2.48703e-05
2.37055e-05
2.27782e-05
2.20312e-05
2.14238e-05
2.09263e-05
2.05166e-05
2.01784e-05
1.98996e-05
1.96717e-05
1.94888e-05
1.9347e-05
1.92446e-05
1.91817e-05
1.916e-05
1.91833e-05
1.92579e-05
1.9398e-05
1.9616e-05
1.99288e-05
2.03596e-05
2.09387e-05
2.17062e-05
2.27125e-05
2.40195e-05
2.57009e-05
2.78411e-05
3.05335e-05
3.38778e-05
3.79752e-05
4.29229e-05
4.8806e-05
5.56881e-05
6.36017e-05
7.25384e-05
8.24425e-05
9.32076e-05
0.000104678
0.000116656
0.000128912
0.000141196
0.000153251
0.000164823
0.000175667
0.000185559
0.000194283
0.000201681
0.000207512
0.000211706
0.000214019
0.000214569
0.000212849
0.000209355
0.000203091
0.000195321
0.000186217
3.48834e-05
3.09156e-05
2.81926e-05
2.61921e-05
2.46679e-05
2.34837e-05
2.25534e-05
2.18171e-05
2.12314e-05
2.07638e-05
2.03904e-05
2.00936e-05
1.98606e-05
1.96827e-05
1.95541e-05
1.94718e-05
1.94349e-05
1.9445e-05
1.95058e-05
1.96235e-05
1.98081e-05
2.00796e-05
2.04525e-05
2.09499e-05
2.16016e-05
2.24457e-05
2.3529e-05
2.49085e-05
2.66505e-05
2.88306e-05
3.15321e-05
3.48437e-05
3.8856e-05
4.36566e-05
4.93237e-05
5.59185e-05
6.34766e-05
7.20002e-05
8.14514e-05
9.17483e-05
0.000102764
0.000114333
0.000126253
0.0001383
0.000150235
0.000161815
0.000172802
0.00018296
0.000192075
0.00019993
0.000206363
0.000211133
0.000214193
0.000215275
0.000214494
0.000211335
0.000206261
0.000198422
0.000188875
0.000178776
3.48426e-05
3.08035e-05
2.7999e-05
2.59321e-05
2.43678e-05
2.31703e-05
2.22502e-05
2.15423e-05
2.09982e-05
2.05817e-05
2.02664e-05
2.0033e-05
1.9868e-05
1.97628e-05
1.97121e-05
1.97139e-05
1.9769e-05
1.9881e-05
2.00563e-05
2.03045e-05
2.06406e-05
2.10895e-05
2.16689e-05
2.24077e-05
2.33418e-05
2.45143e-05
2.59768e-05
2.77885e-05
3.00162e-05
3.27331e-05
3.60171e-05
3.99476e-05
4.46021e-05
5.00505e-05
5.63492e-05
6.35346e-05
7.16158e-05
8.05689e-05
9.03332e-05
0.000100809
0.00011186
0.000123315
0.000134978
0.000146634
0.000158057
0.000169017
0.000179289
0.000188646
0.000196875
0.000203757
0.000209121
0.00021275
0.000214593
0.000214367
0.00021218
0.000207527
0.000200832
0.000191434
0.000180153
0.000169213
3.47708e-05
3.06127e-05
2.76925e-05
2.55455e-05
2.39446e-05
2.275e-05
2.18632e-05
2.12103e-05
2.07357e-05
2.03985e-05
2.01688e-05
2.00261e-05
1.99565e-05
1.99516e-05
2.00074e-05
2.01235e-05
2.03031e-05
2.05524e-05
2.08814e-05
2.13036e-05
2.18407e-05
2.25176e-05
2.33573e-05
2.43931e-05
2.56641e-05
2.72164e-05
2.91021e-05
3.13795e-05
3.4112e-05
3.73668e-05
4.12124e-05
4.57158e-05
5.0938e-05
5.69297e-05
6.37256e-05
7.13391e-05
7.9757e-05
8.89361e-05
9.88005e-05
0.000109241
0.000120118
0.000131265
0.000142492
0.000153596
0.000164364
0.000174579
0.000184022
0.000192471
0.00019971
0.000205514
0.000209724
0.00021213
0.00021268
0.000211071
0.000207416
0.000201234
0.00019291
0.000182007
0.000169095
0.000157491
3.46479e-05
3.03075e-05
2.72275e-05
2.49951e-05
2.33746e-05
2.22123e-05
2.13939e-05
2.08323e-05
2.04627e-05
2.02385e-05
2.0127e-05
2.01067e-05
2.0164e-05
2.02915e-05
2.04871e-05
2.07528e-05
2.10945e-05
2.15216e-05
2.20478e-05
2.26905e-05
2.34778e-05
2.44298e-05
2.55759e-05
2.69508e-05
2.85948e-05
3.05532e-05
3.28761e-05
3.56176e-05
3.88347e-05
4.25855e-05
4.69265e-05
5.19102e-05
5.75807e-05
6.39699e-05
7.10933e-05
7.89457e-05
8.74978e-05
9.66938e-05
0.00010645
0.000116654
0.000127169
0.000137833
0.000148469
0.000158883
0.000168873
0.00017823
0.000186741
0.000194181
0.00020033
0.000204959
0.000207937
0.000209041
0.000208223
0.000205171
0.000200005
0.00019229
0.000182379
0.000170081
0.000155729
0.000143668
3.44446e-05
2.98366e-05
2.65596e-05
2.42442e-05
2.26404e-05
2.15559e-05
2.08526e-05
2.04264e-05
2.02023e-05
2.01284e-05
2.01704e-05
2.03065e-05
2.05245e-05
2.08189e-05
2.119e-05
2.16423e-05
2.21847e-05
2.28296e-05
2.35938e-05
2.44976e-05
2.55714e-05
2.68324e-05
2.83117e-05
3.00438e-05
3.20676e-05
3.44254e-05
3.71627e-05
4.03269e-05
4.39665e-05
4.81284e-05
5.28568e-05
5.81891e-05
6.4154e-05
7.07676e-05
7.80301e-05
8.59233e-05
9.44078e-05
0.000103421
0.000112877
0.000122665
0.000132652
0.000142687
0.000152598
0.000162202
0.000171307
0.000179706
0.000187189
0.000193521
0.000198476
0.000201851
0.000203518
0.000203248
0.000201
0.000196466
0.000189785
0.000180581
0.0001692
0.000155692
0.000140206
0.000127931
3.41139e-05
2.91328e-05
2.5637e-05
2.3268e-05
2.17374e-05
2.07914e-05
2.02583e-05
2.00148e-05
1.9977e-05
2.00899e-05
2.03189e-05
2.06439e-05
2.10545e-05
2.15478e-05
2.21263e-05
2.27973e-05
2.35718e-05
2.44648e-05
2.54948e-05
2.66839e-05
2.80599e-05
2.96385e-05
3.14493e-05
3.35252e-05
3.59013e-05
3.86152e-05
4.17059e-05
4.5213e-05
4.9175e-05
5.36282e-05
5.86041e-05
6.41277e-05
7.02147e-05
7.68691e-05
8.4081e-05
9.1824e-05
0.000100053
0.000108705
0.000117692
0.00012691
0.000136232
0.00014551
0.000154584
0.000163277
0.000171399
0.000178747
0.000185106
0.000190233
0.000193904
0.000195946
0.000196233
0.00019453
0.000190816
0.000184798
0.000176654
0.000166079
0.00015345
0.000139016
0.000122849
0.000110644
3.35846e-05
2.81161e-05
2.44143e-05
2.20646e-05
2.06797e-05
1.99432e-05
1.96356e-05
1.96175e-05
1.97998e-05
2.01278e-05
2.05692e-05
2.11064e-05
2.17319e-05
2.24452e-05
2.32511e-05
2.41586e-05
2.51802e-05
2.63321e-05
2.76336e-05
2.9107e-05
3.07731e-05
3.2647e-05
3.47558e-05
3.71284e-05
3.97952e-05
4.27879e-05
4.61381e-05
4.98772e-05
5.40345e-05
5.86361e-05
6.37034e-05
6.92513e-05
7.5286e-05
8.18036e-05
8.87878e-05
9.62081e-05
0.000104018
0.000112154
0.000120533
0.000129052
0.000137591
0.000146009
0.000154149
0.000161836
0.000168887
0.000175093
0.000180235
0.000184055
0.00018637
0.000187013
0.000185866
0.000182698
0.000177528
0.000170087
0.000160622
0.000148895
0.000135377
0.000120424
0.000104192
9.23897e-05
3.27537e-05
2.67046e-05
2.28715e-05
2.06554e-05
1.95092e-05
1.90476e-05
1.90077e-05
1.92411e-05
1.966e-05
2.02139e-05
2.08753e-05
2.16305e-05
2.24748e-05
2.341e-05
2.44422e-05
2.55814e-05
2.68409e-05
2.82367e-05
2.97876e-05
3.15143e-05
3.34284e-05
3.5545e-05
3.78874e-05
4.04799e-05
4.33475e-05
4.65155e-05
5.00086e-05
5.38503e-05
5.8062e-05
6.26617e-05
6.7663e-05
7.30734e-05
7.88932e-05
8.51134e-05
9.17147e-05
9.8665e-05
0.000105918
0.000113412
0.000121065
0.000128781
0.000136441
0.000143907
0.000151025
0.000157623
0.000163515
0.000168491
0.000172323
0.000174747
0.000175654
0.000174852
0.000172253
0.000167644
0.000161103
0.000152396
0.000141878
0.000129354
0.000115473
0.000100543
8.50125e-05
7.39835e-05
3.14837e-05
2.48425e-05
2.10392e-05
1.91032e-05
1.82891e-05
1.81424e-05
1.83834e-05
1.88651e-05
1.95087e-05
2.02728e-05
2.11362e-05
2.20897e-05
2.31314e-05
2.42645e-05
2.54958e-05
2.68354e-05
2.82959e-05
2.98923e-05
3.16416e-05
3.35615e-05
3.56538e-05
3.79344e-05
4.0422e-05
4.31358e-05
4.60956e-05
4.93205e-05
5.28291e-05
5.66385e-05
6.07638e-05
6.52168e-05
7.00055e-05
7.51328e-05
8.0595e-05
8.63809e-05
9.24695e-05
9.88286e-05
0.000105413
0.000112161
0.000118996
0.000125819
0.000132516
0.000138949
0.000144966
0.000150393
0.000155045
0.000158706
0.000161143
0.000162128
0.000161593
0.000159347
0.000155345
0.000149407
0.000141698
0.00013202
0.000120882
0.000108078
9.45336e-05
8.02947e-05
6.6314e-05
5.64404e-05
2.962e-05
2.2549e-05
1.90221e-05
1.75117e-05
1.70859e-05
1.72512e-05
1.7744e-05
1.84319e-05
1.9254e-05
2.01811e-05
2.11993e-05
2.23035e-05
2.34935e-05
2.47732e-05
2.61494e-05
2.76309e-05
2.9229e-05
3.09564e-05
3.28275e-05
3.48552e-05
3.70359e-05
3.93834e-05
4.19121e-05
4.46366e-05
4.75715e-05
5.07311e-05
5.41286e-05
5.77762e-05
6.16839e-05
6.58595e-05
7.03071e-05
7.50266e-05
8.00123e-05
8.52513e-05
9.07222e-05
9.63927e-05
0.000102218
0.000108137
0.000114074
0.00011993
0.00012559
0.000130918
0.000135759
0.000139942
0.000143281
0.00014556
0.000146542
0.000146101
0.000144156
0.000140552
0.00013531
0.000128292
0.000119784
0.000109608
9.84727e-05
8.60754e-05
7.36883e-05
6.08768e-05
4.92276e-05
4.08466e-05
2.7056e-05
1.99743e-05
1.70007e-05
1.60068e-05
1.59569e-05
1.63749e-05
1.70405e-05
1.78538e-05
1.87761e-05
1.97907e-05
2.08901e-05
2.20718e-05
2.33366e-05
2.46879e-05
2.6131e-05
2.76733e-05
2.93234e-05
3.10916e-05
3.29889e-05
3.5023e-05
3.71882e-05
3.9495e-05
4.19537e-05
4.45746e-05
4.73682e-05
5.03442e-05
5.35121e-05
5.68798e-05
6.04541e-05
6.42395e-05
6.82377e-05
7.24464e-05
7.68584e-05
8.146e-05
8.6229e-05
9.11329e-05
9.61261e-05
0.000101148
0.00010612
0.000110944
0.000115504
0.000119662
0.000123268
0.000126152
0.000128135
0.000129007
0.000128574
0.000126784
0.000123575
0.000118839
0.000112689
0.000105033
9.62983e-05
8.62954e-05
7.59479e-05
6.47554e-05
5.43349e-05
4.3626e-05
3.4811e-05
2.81305e-05
2.38639e-05
1.74175e-05
1.51954e-05
1.4704e-05
1.49351e-05
1.54895e-05
1.62121e-05
1.70441e-05
1.79682e-05
1.89773e-05
2.00673e-05
2.12368e-05
2.24859e-05
2.38168e-05
2.52329e-05
2.67391e-05
2.83414e-05
3.0047e-05
3.18637e-05
3.37946e-05
3.58343e-05
3.79894e-05
4.02665e-05
4.26724e-05
4.52137e-05
4.78969e-05
5.0728e-05
5.3712e-05
5.68529e-05
6.01529e-05
6.36117e-05
6.72255e-05
7.09857e-05
7.48773e-05
7.88773e-05
8.29519e-05
8.70543e-05
9.11225e-05
9.50769e-05
9.88192e-05
0.000102233
0.000105185
0.000107529
0.000109109
0.000109762
0.000109294
0.00010762
0.000104706
0.000100557
9.51193e-05
8.86132e-05
8.09794e-05
7.27786e-05
6.37635e-05
5.50204e-05
4.57891e-05
3.79021e-05
2.97182e-05
2.37732e-05
1.87947e-05
2.04314e-05
1.52609e-05
1.38051e-05
1.3684e-05
1.40339e-05
1.45765e-05
1.52299e-05
1.59723e-05
1.68003e-05
1.77102e-05
1.86984e-05
1.97625e-05
2.09012e-05
2.21146e-05
2.34043e-05
2.47725e-05
2.62227e-05
2.77591e-05
2.93863e-05
3.11047e-05
3.29102e-05
3.48058e-05
3.6795e-05
3.88814e-05
4.10689e-05
4.33608e-05
4.57607e-05
4.82712e-05
5.08941e-05
5.36296e-05
5.64756e-05
5.94268e-05
6.24732e-05
6.55986e-05
6.87784e-05
7.19777e-05
7.51486e-05
7.82284e-05
8.1138e-05
8.37815e-05
8.60477e-05
8.78133e-05
8.89497e-05
8.93241e-05
8.88055e-05
8.72469e-05
8.46863e-05
8.10937e-05
7.65572e-05
7.10802e-05
6.49683e-05
5.81688e-05
5.13111e-05
4.4053e-05
3.75094e-05
3.07016e-05
2.54398e-05
1.97825e-05
1.62558e-05
1.27647e-05
1.74321e-05
1.38496e-05
1.29642e-05
1.29953e-05
1.32784e-05
1.36749e-05
1.41607e-05
1.47339e-05
1.53928e-05
1.61309e-05
1.69424e-05
1.78229e-05
1.87694e-05
1.97803e-05
2.08551e-05
2.1994e-05
2.31983e-05
2.44696e-05
2.58102e-05
2.7219e-05
2.86937e-05
3.02346e-05
3.18428e-05
3.35195e-05
3.52662e-05
3.70842e-05
3.8975e-05
4.09393e-05
4.29771e-05
4.50871e-05
4.72658e-05
4.95064e-05
5.17979e-05
5.41232e-05
5.6457e-05
5.87646e-05
6.0999e-05
6.31003e-05
6.49946e-05
6.65952e-05
6.78055e-05
6.85235e-05
6.86507e-05
6.80929e-05
6.67652e-05
6.46155e-05
6.17321e-05
5.81225e-05
5.39351e-05
4.92021e-05
4.42535e-05
3.90089e-05
3.4052e-05
2.89654e-05
2.47205e-05
2.02924e-05
1.72275e-05
1.36848e-05
1.1848e-05
9.50585e-06
1.55758e-05
1.34237e-05
1.27495e-05
1.26915e-05
1.27635e-05
1.2945e-05
1.32278e-05
1.3606e-05
1.40689e-05
1.46043e-05
1.52032e-05
1.58592e-05
1.6568e-05
1.73265e-05
1.81325e-05
1.89851e-05
1.98837e-05
2.08282e-05
2.18192e-05
2.28552e-05
2.39355e-05
2.50589e-05
2.62247e-05
2.74327e-05
2.86829e-05
2.99755e-05
3.13104e-05
3.26874e-05
3.41053e-05
3.55618e-05
3.7053e-05
3.85718e-05
4.01072e-05
4.16432e-05
4.31567e-05
4.46162e-05
4.5981e-05
4.72001e-05
4.8213e-05
4.89515e-05
4.93446e-05
4.93228e-05
4.88274e-05
4.78099e-05
4.62351e-05
4.41464e-05
4.16164e-05
3.86854e-05
3.55086e-05
3.21099e-05
2.87604e-05
2.53486e-05
2.23122e-05
1.92491e-05
1.6872e-05
1.4329e-05
1.27534e-05
1.07309e-05
9.87463e-06
8.37041e-06
1.54241e-05
1.41642e-05
1.32371e-05
1.29025e-05
1.2724e-05
1.27118e-05
1.28249e-05
1.30387e-05
1.33307e-05
1.36835e-05
1.40861e-05
1.45306e-05
1.50115e-05
1.55246e-05
1.60669e-05
1.6636e-05
1.72305e-05
1.78491e-05
1.84911e-05
1.91553e-05
1.98415e-05
2.05477e-05
2.1273e-05
2.20164e-05
2.27776e-05
2.35561e-05
2.43515e-05
2.51632e-05
2.59903e-05
2.68308e-05
2.76816e-05
2.85372e-05
2.93895e-05
3.02264e-05
3.10309e-05
3.17802e-05
3.24451e-05
3.29906e-05
3.33765e-05
3.35601e-05
3.35001e-05
3.31609e-05
3.25192e-05
3.15613e-05
3.02968e-05
2.87743e-05
2.70531e-05
2.51682e-05
2.32302e-05
2.1241e-05
1.93698e-05
1.75138e-05
1.59363e-05
1.43535e-05
1.31886e-05
1.19126e-05
1.11706e-05
1.01752e-05
9.76155e-06
8.93719e-06
1.75624e-05
1.63309e-05
1.4605e-05
1.39376e-05
1.35848e-05
1.34531e-05
1.34659e-05
1.35772e-05
1.3757e-05
1.39859e-05
1.42514e-05
1.45445e-05
1.48583e-05
1.51878e-05
1.55292e-05
1.58794e-05
1.62359e-05
1.65969e-05
1.69608e-05
1.73265e-05
1.7693e-05
1.80591e-05
1.84237e-05
1.87861e-05
1.91459e-05
1.95028e-05
1.98569e-05
2.02083e-05
2.05569e-05
2.09023e-05
2.12436e-05
2.15788e-05
2.19043e-05
2.22144e-05
2.25006e-05
2.27514e-05
2.29519e-05
2.30841e-05
2.31284e-05
2.30644e-05
2.28744e-05
2.25451e-05
2.20717e-05
2.14542e-05
2.0714e-05
1.98736e-05
1.89695e-05
1.80206e-05
1.70823e-05
1.61518e-05
1.53041e-05
1.44909e-05
1.38123e-05
1.31684e-05
1.26731e-05
1.22226e-05
1.18505e-05
1.16377e-05
1.12552e-05
1.11799e-05
2.31235e-05
2.04909e-05
1.7302e-05
1.64107e-05
1.59921e-05
1.57976e-05
1.57726e-05
1.58441e-05
1.59781e-05
1.61551e-05
1.63601e-05
1.65818e-05
1.6812e-05
1.70444e-05
1.7274e-05
1.74969e-05
1.771e-05
1.79107e-05
1.80971e-05
1.82674e-05
1.84204e-05
1.85552e-05
1.86713e-05
1.87684e-05
1.88464e-05
1.89057e-05
1.89473e-05
1.89723e-05
1.89821e-05
1.89786e-05
1.89636e-05
1.89386e-05
1.8905e-05
1.88632e-05
1.88128e-05
1.87518e-05
1.8677e-05
1.85836e-05
1.84661e-05
1.83187e-05
1.81366e-05
1.79168e-05
1.766e-05
1.73696e-05
1.7055e-05
1.67272e-05
1.63992e-05
1.6083e-05
1.57897e-05
1.55344e-05
1.53094e-05
1.51542e-05
1.49935e-05
1.49762e-05
1.48137e-05
1.50109e-05
1.46782e-05
1.52823e-05
1.45046e-05
1.55568e-05
3.47959e-05
2.7966e-05
2.23346e-05
2.14131e-05
2.09518e-05
2.06904e-05
2.06673e-05
2.075e-05
2.09024e-05
2.11021e-05
2.13276e-05
2.15633e-05
2.17979e-05
2.20223e-05
2.22296e-05
2.24142e-05
2.25718e-05
2.26989e-05
2.2793e-05
2.28512e-05
2.28725e-05
2.28563e-05
2.28022e-05
2.27104e-05
2.25817e-05
2.24174e-05
2.22196e-05
2.19912e-05
2.17358e-05
2.14576e-05
2.11618e-05
2.08539e-05
2.05398e-05
2.02258e-05
1.99178e-05
1.96216e-05
1.93423e-05
1.90842e-05
1.88508e-05
1.86452e-05
1.84694e-05
1.8326e-05
1.8217e-05
1.81453e-05
1.81124e-05
1.81256e-05
1.81795e-05
1.82907e-05
1.843e-05
1.86503e-05
1.88478e-05
1.91964e-05
1.93726e-05
1.99129e-05
1.98858e-05
2.08108e-05
2.02047e-05
2.19865e-05
2.0216e-05
2.32391e-05
5.92289e-05
4.18102e-05
3.17763e-05
3.09089e-05
3.02772e-05
2.98714e-05
2.98708e-05
3.00148e-05
3.02603e-05
3.05754e-05
3.09233e-05
3.12793e-05
3.16248e-05
3.19452e-05
3.22286e-05
3.24662e-05
3.26507e-05
3.27767e-05
3.28398e-05
3.28362e-05
3.27645e-05
3.26238e-05
3.24139e-05
3.21356e-05
3.17909e-05
3.13827e-05
3.09156e-05
3.03952e-05
2.98287e-05
2.92247e-05
2.85932e-05
2.79452e-05
2.72931e-05
2.66501e-05
2.60295e-05
2.54451e-05
2.49101e-05
2.4437e-05
2.4037e-05
2.37202e-05
2.34943e-05
2.33663e-05
2.33392e-05
2.34177e-05
2.35974e-05
2.38876e-05
2.42639e-05
2.47594e-05
2.52928e-05
2.59861e-05
2.65881e-05
2.75022e-05
2.79876e-05
2.92567e-05
2.92404e-05
3.12844e-05
2.99904e-05
3.38148e-05
3.00638e-05
3.67182e-05
)
;

boundaryField
{
    inlet
    {
        type            calculated;
        value           uniform 4.12857e-05;
    }
    outlet
    {
        type            calculated;
        value           nonuniform List<scalar> 
100
(
3.82477e-05
2.43955e-05
1.71537e-05
1.42953e-05
1.54369e-05
2.17257e-05
3.55384e-05
5.93438e-05
9.42679e-05
0.000139567
0.000193116
0.000252209
0.00031419
0.000376793
0.00043825
0.000497276
0.000552988
0.000604816
0.00065243
0.000695664
0.000734475
0.000768901
0.000799035
0.000825004
0.000846958
0.000865059
0.000879473
0.000890366
0.000897904
0.000902247
0.00090355
0.000901964
0.000897632
0.000890692
0.000881278
0.000869518
0.000855537
0.000839456
0.000821396
0.000801473
0.000779806
0.000756514
0.000731718
0.000705542
0.000678117
0.000649579
0.000620074
0.000589756
0.000558793
0.000527366
0.000495671
0.000463922
0.000432347
0.000401193
0.000370797
0.000341457
0.000313488
0.000287232
0.000263056
0.000241342
0.000222458
0.000206711
0.000194275
0.000185147
0.000179134
0.000175881
0.000174935
0.000175806
0.000178004
0.000181075
0.000184603
0.000188218
0.000191587
0.000194413
0.000196425
0.000197375
0.000197033
0.000195187
0.000191639
0.000186217
0.000178776
0.000169213
0.000157491
0.000143668
0.000127931
0.000110644
9.23897e-05
7.39835e-05
5.64404e-05
4.08466e-05
2.81305e-05
1.87947e-05
1.27647e-05
9.50585e-06
8.37041e-06
8.93719e-06
1.11799e-05
1.55568e-05
2.32391e-05
3.67182e-05
)
;
    }
    fixedWalls
    {
        type            nutkWallFunction;
        Cmu             0.09;
        kappa           0.41;
        E               9.8;
        value           uniform 0;
    }
    frontAndBack
    {
        type            empty;
    }
}


// ************************************************************************* //
